367.62	-87.00
367.82	-71.00
368.02	-57.00
368.23	-83.00
368.43	-59.00
368.63	-36.00
368.83	-53.00
369.04	-66.00
369.24	-65.00
369.44	-51.00
369.65	-46.00
369.85	-56.00
370.05	-61.00
370.25	-45.00
370.46	-48.00
370.66	-81.00
370.86	-42.00
371.07	-88.00
371.27	-42.00
371.47	4.00
371.67	12.00
371.88	-37.00
372.08	-50.00
372.28	-23.00
372.49	-22.00
372.69	-90.00
372.89	-88.00
373.09	-93.00
373.30	-54.00
373.50	-17.00
373.70	-49.00
373.91	-52.00
374.11	0.00
374.31	13.00
374.51	-32.00
374.72	9.00
374.92	-44.00
375.12	-24.00
375.33	-51.00
375.53	-96.00
375.73	-175.00
375.93	-78.00
376.14	-76.00
376.34	-103.00
376.54	-126.00
376.74	-117.00
376.95	-93.00
377.15	-124.00
377.35	-99.00
377.55	-53.00
377.76	-92.00
377.96	-85.00
378.16	-86.00
378.37	-106.00
378.57	-97.00
378.77	-8.00
378.97	-44.00
379.18	-131.00
379.38	-127.00
379.58	-32.00
379.78	-40.00
379.99	-96.00
380.19	-23.00
380.39	-27.00
380.59	-44.00
380.80	-56.00
381.00	-20.00
381.20	-59.00
381.40	-24.00
381.61	10.00
381.81	-20.00
382.01	-52.00
382.21	-76.00
382.42	-72.00
382.62	7.00
382.82	-70.00
383.02	-80.00
383.23	-74.00
383.43	-90.00
383.63	-18.00
383.83	-17.00
384.04	-56.00
384.24	-75.00
384.44	-29.00
384.64	-77.00
384.85	-67.00
385.05	-128.00
385.25	-75.00
385.45	-37.00
385.66	-39.00
385.86	-68.00
386.06	-58.00
386.26	-37.00
386.47	-4.00
386.67	-22.00
386.87	-24.00
387.07	-65.00
387.27	-42.00
387.48	-100.00
387.68	-23.00
387.88	8.00
388.08	-6.00
388.29	9.00
388.49	-54.00
388.69	-9.00
388.89	0.00
389.10	-7.00
389.30	-34.00
389.50	-39.00
389.70	-108.00
389.90	-92.00
390.11	-57.00
390.31	-61.00
390.51	-85.00
390.71	-80.00
390.92	-108.00
391.12	-116.00
391.32	-113.00
391.52	-59.00
391.72	-16.00
391.93	-60.00
392.13	-74.00
392.33	-54.00
392.53	-6.00
392.74	-50.00
392.94	-66.00
393.14	-75.00
393.34	-95.00
393.54	-65.00
393.75	-49.00
393.95	-115.00
394.15	-61.00
394.35	-26.00
394.56	-18.00
394.76	-11.00
394.96	21.00
395.16	-43.00
395.36	-81.00
395.57	-33.00
395.77	-11.00
395.97	-43.00
396.17	-60.00
396.37	-55.00
396.58	-73.00
396.78	-90.00
396.98	-18.00
397.18	-64.00
397.38	-108.00
397.59	-95.00
397.79	-7.00
397.99	-17.00
398.19	12.00
398.39	-26.00
398.60	-46.00
398.80	-51.00
399.00	-93.00
399.20	-44.00
399.40	-37.00
399.61	-65.00
399.81	-52.00
400.01	-64.00
400.21	-64.00
400.41	-46.00
400.62	-45.00
400.82	-12.00
401.02	-2.00
401.22	-110.00
401.42	-85.00
401.63	-59.00
401.83	-90.00
402.03	-89.00
402.23	-65.00
402.43	-71.00
402.64	-125.00
402.84	-39.00
403.04	-77.00
403.24	-69.00
403.44	-109.00
403.64	-30.00
403.85	-76.00
404.05	-58.00
404.25	-60.00
404.45	-79.00
404.65	-5.00
404.86	42.00
405.06	17.00
405.26	-20.00
405.46	-52.00
405.66	-67.00
405.86	-21.00
406.07	11.00
406.27	-8.00
406.47	56.00
406.67	-76.00
406.87	-67.00
407.07	-66.00
407.28	-18.00
407.48	-42.00
407.68	4.00
407.88	-22.00
408.08	21.00
408.28	-19.00
408.49	-29.00
408.69	-6.00
408.89	31.00
409.09	-9.00
409.29	-46.00
409.49	-110.00
409.70	-9.00
409.90	-46.00
410.10	-50.00
410.30	-85.00
410.50	-65.00
410.70	-57.00
410.91	-81.00
411.11	-11.00
411.31	-65.00
411.51	-82.00
411.71	-14.00
411.91	-77.00
412.12	-62.00
412.32	0.00
412.52	27.00
412.72	-35.00
412.92	-39.00
413.12	11.00
413.32	-4.00
413.53	-40.00
413.73	-64.00
413.93	-45.00
414.13	-30.00
414.33	-68.00
414.53	-56.00
414.74	-80.00
414.94	-89.00
415.14	-109.00
415.34	-96.00
415.54	-40.00
415.74	-76.00
415.94	-37.00
416.15	-15.00
416.35	-38.00
416.55	-76.00
416.75	-130.00
416.95	-62.00
417.15	-15.00
417.35	-55.00
417.56	-36.00
417.76	-49.00
417.96	-79.00
418.16	-3.00
418.36	-39.00
418.56	-94.00
418.76	-32.00
418.97	-21.00
419.17	-62.00
419.37	-73.00
419.57	-77.00
419.77	-96.00
419.97	-71.00
420.17	-1.00
420.37	-57.00
420.58	-41.00
420.78	-22.00
420.98	-21.00
421.18	-27.00
421.38	20.00
421.58	33.00
421.78	49.00
421.98	-6.00
422.19	-42.00
422.39	-52.00
422.59	-51.00
422.79	-46.00
422.99	-67.00
423.19	-69.00
423.39	-108.00
423.59	-108.00
423.80	-83.00
424.00	-120.00
424.20	-18.00
424.40	-28.00
424.60	24.00
424.80	-9.00
425.00	-16.00
425.20	3.00
425.40	-40.00
425.61	-86.00
425.81	-102.00
426.01	-82.00
426.21	-20.00
426.41	30.00
426.61	35.00
426.81	21.00
427.01	9.00
427.21	-48.00
427.42	-71.00
427.62	-64.00
427.82	26.00
428.02	-11.00
428.22	-46.00
428.42	-72.00
428.62	-6.00
428.82	-1.00
429.02	-28.00
429.23	-5.00
429.43	-4.00
429.63	3.00
429.83	-25.00
430.03	-58.00
430.23	-137.00
430.43	-98.00
430.63	-110.00
430.83	-68.00
431.03	-43.00
431.24	-47.00
431.44	-47.00
431.64	-69.00
431.84	-100.00
432.04	-37.00
432.24	42.00
432.44	4.00
432.64	-26.00
432.84	-22.00
433.04	-55.00
433.24	-63.00
433.45	-56.00
433.65	-1.00
433.85	-33.00
434.05	-61.00
434.25	-78.00
434.45	-94.00
434.65	-94.00
434.85	-83.00
435.05	-76.00
435.25	-93.00
435.45	-25.00
435.65	-129.00
435.86	-199.00
436.06	-106.00
436.26	-3.00
436.46	-6.00
436.66	-37.00
436.86	4.00
437.06	-41.00
437.26	-100.00
437.46	-75.00
437.66	-23.00
437.86	6.00
438.06	-58.00
438.26	-30.00
438.47	-63.00
438.67	-109.00
438.87	-37.00
439.07	-57.00
439.27	-55.00
439.47	-6.00
439.67	-97.00
439.87	-26.00
440.07	17.00
440.27	-54.00
440.47	-51.00
440.67	-66.00
440.87	-25.00
441.07	-107.00
441.27	-7.00
441.48	5.00
441.68	-111.00
441.88	-115.00
442.08	-34.00
442.28	-22.00
442.48	-113.00
442.68	-105.00
442.88	-75.00
443.08	-35.00
443.28	21.00
443.48	-26.00
443.68	-70.00
443.88	-39.00
444.08	-126.00
444.28	-33.00
444.48	15.00
444.68	5.00
444.88	-17.00
445.09	-29.00
445.29	-27.00
445.49	-58.00
445.69	-21.00
445.89	8.00
446.09	-50.00
446.29	-6.00
446.49	-41.00
446.69	-5.00
446.89	34.00
447.09	29.00
447.29	-45.00
447.49	-24.00
447.69	-38.00
447.89	-65.00
448.09	-73.00
448.29	-48.00
448.49	44.00
448.69	-27.00
448.89	14.00
449.09	-7.00
449.29	-30.00
449.49	-80.00
449.70	-58.00
449.90	-41.00
450.10	-2.00
450.30	-17.00
450.50	-8.00
450.70	-17.00
450.90	-51.00
451.10	7.00
451.30	12.00
451.50	-62.00
451.70	-120.00
451.90	-50.00
452.10	-41.00
452.30	-32.00
452.50	-27.00
452.70	-6.00
452.90	-99.00
453.10	-46.00
453.30	30.00
453.50	23.00
453.70	33.00
453.90	-54.00
454.10	-31.00
454.30	-37.00
454.50	-30.00
454.70	-17.00
454.90	-13.00
455.10	-57.00
455.30	-48.00
455.50	-21.00
455.70	-51.00
455.90	-21.00
456.10	-21.00
456.30	-54.00
456.50	-39.00
456.70	-60.00
456.90	-23.00
457.10	-3.00
457.30	5.00
457.50	23.00
457.70	0.00
457.90	-24.00
458.10	-33.00
458.30	-32.00
458.50	-34.00
458.70	-34.00
458.90	-44.00
459.10	-20.00
459.30	-34.00
459.50	-33.00
459.70	53.00
459.90	48.00
460.10	14.00
460.30	-27.00
460.50	-32.00
460.70	11.00
460.90	-20.00
461.10	35.00
461.30	7.00
461.50	16.00
461.70	117.00
461.90	60.00
462.10	57.00
462.30	-5.00
462.50	8.00
462.70	44.00
462.90	42.00
463.10	17.00
463.30	8.00
463.50	-10.00
463.70	-36.00
463.90	53.00
464.10	-21.00
464.30	-14.00
464.50	45.00
464.70	16.00
464.90	60.00
465.10	-19.00
465.30	7.00
465.50	-33.00
465.70	-36.00
465.90	24.00
466.10	58.00
466.30	5.00
466.50	-27.00
466.70	-4.00
466.90	-20.00
467.10	-3.00
467.30	-13.00
467.50	49.00
467.70	4.00
467.90	32.00
468.10	11.00
468.30	31.00
468.50	11.00
468.70	10.00
468.90	-14.00
469.10	-81.00
469.30	-98.00
469.50	18.00
469.70	11.00
469.90	51.00
470.10	9.00
470.30	-23.00
470.50	33.00
470.70	13.00
470.90	15.00
471.10	10.00
471.29	3.00
471.49	-76.00
471.69	-55.00
471.89	-45.00
472.09	-37.00
472.29	-5.00
472.49	24.00
472.69	-43.00
472.89	31.00
473.09	5.00
473.29	7.00
473.49	-50.00
473.69	-52.00
473.89	-76.00
474.09	-8.00
474.29	-41.00
474.49	-35.00
474.69	-36.00
474.89	2.00
475.09	-34.00
475.29	8.00
475.49	41.00
475.69	4.00
475.88	-5.00
476.08	21.00
476.28	-40.00
476.48	43.00
476.68	44.00
476.88	9.00
477.08	-50.00
477.28	6.00
477.48	7.00
477.68	-30.00
477.88	7.00
478.08	7.00
478.28	11.00
478.48	50.00
478.68	-3.00
478.88	25.00
479.08	8.00
479.28	1.00
479.47	13.00
479.67	-4.00
479.87	-53.00
480.07	14.00
480.27	-15.00
480.47	34.00
480.67	-24.00
480.87	20.00
481.07	-25.00
481.27	33.00
481.47	17.00
481.67	14.00
481.87	6.00
482.07	32.00
482.27	15.00
482.46	-16.00
482.66	21.00
482.86	31.00
483.06	-8.00
483.26	-8.00
483.46	30.00
483.66	58.00
483.86	58.00
484.06	44.00
484.26	70.00
484.46	-13.00
484.66	41.00
484.86	-29.00
485.05	26.00
485.25	53.00
485.45	31.00
485.65	-13.00
485.85	-7.00
486.05	-15.00
486.25	-13.00
486.45	-47.00
486.65	13.00
486.85	86.00
487.05	105.00
487.25	76.00
487.44	-20.00
487.64	-21.00
487.84	-11.00
488.04	26.00
488.24	26.00
488.44	46.00
488.64	76.00
488.84	51.00
489.04	11.00
489.24	49.00
489.43	-49.00
489.63	20.00
489.83	60.00
490.03	63.00
490.23	54.00
490.43	96.00
490.63	-6.00
490.83	0.00
491.03	16.00
491.23	65.00
491.42	96.00
491.62	57.00
491.82	-18.00
492.02	68.00
492.22	57.00
492.42	90.00
492.62	77.00
492.82	109.00
493.02	22.00
493.22	57.00
493.41	59.00
493.61	55.00
493.81	88.00
494.01	79.00
494.21	57.00
494.41	36.00
494.61	162.00
494.81	112.00
495.01	3.00
495.20	42.00
495.40	64.00
495.60	69.00
495.80	108.00
496.00	101.00
496.20	41.00
496.40	8.00
496.60	72.00
496.79	120.00
496.99	83.00
497.19	86.00
497.39	88.00
497.59	96.00
497.79	92.00
497.99	155.00
498.19	73.00
498.38	42.00
498.58	44.00
498.78	80.00
498.98	103.00
499.18	103.00
499.38	95.00
499.58	100.00
499.78	108.00
499.97	54.00
500.17	82.00
500.37	39.00
500.57	92.00
500.77	72.00
500.97	93.00
501.17	33.00
501.37	61.00
501.56	122.00
501.76	156.00
501.96	95.00
502.16	70.00
502.36	95.00
502.56	49.00
502.76	-26.00
502.95	121.00
503.15	93.00
503.35	87.00
503.55	105.00
503.75	99.00
503.95	119.00
504.15	95.00
504.34	93.00
504.54	42.00
504.74	83.00
504.94	86.00
505.14	54.00
505.34	116.00
505.54	165.00
505.73	59.00
505.93	97.00
506.13	157.00
506.33	52.00
506.53	68.00
506.73	83.00
506.92	76.00
507.12	120.00
507.32	84.00
507.52	124.00
507.72	105.00
507.92	98.00
508.12	128.00
508.31	122.00
508.51	100.00
508.71	146.00
508.91	103.00
509.11	118.00
509.31	35.00
509.50	32.00
509.70	89.00
509.90	79.00
510.10	77.00
510.30	83.00
510.50	76.00
510.69	105.00
510.89	95.00
511.09	94.00
511.29	52.00
511.49	100.00
511.69	41.00
511.88	104.00
512.08	125.00
512.28	66.00
512.48	44.00
512.68	77.00
512.88	26.00
513.07	74.00
513.27	143.00
513.47	62.00
513.67	85.00
513.87	109.00
514.06	85.00
514.26	64.00
514.46	35.00
514.66	30.00
514.86	131.00
515.06	42.00
515.25	104.00
515.45	94.00
515.65	49.00
515.85	77.00
516.05	99.00
516.24	52.00
516.44	75.00
516.64	63.00
516.84	64.00
517.04	126.00
517.23	56.00
517.43	94.00
517.63	14.00
517.83	40.00
518.03	89.00
518.23	82.00
518.42	15.00
518.62	81.00
518.82	82.00
519.02	147.00
519.22	27.00
519.41	83.00
519.61	50.00
519.81	49.00
520.01	101.00
520.21	97.00
520.40	125.00
520.60	123.00
520.80	96.00
521.00	152.00
521.20	92.00
521.39	71.00
521.59	123.00
521.79	114.00
521.99	104.00
522.19	116.00
522.38	99.00
522.58	172.00
522.78	175.00
522.98	150.00
523.17	172.00
523.37	176.00
523.57	182.00
523.77	93.00
523.97	89.00
524.16	154.00
524.36	102.00
524.56	147.00
524.76	158.00
524.96	78.00
525.15	67.00
525.35	137.00
525.55	133.00
525.75	113.00
525.94	199.00
526.14	150.00
526.34	169.00
526.54	139.00
526.74	137.00
526.93	172.00
527.13	83.00
527.33	83.00
527.53	88.00
527.72	95.00
527.92	168.00
528.12	189.00
528.32	145.00
528.52	132.00
528.71	131.00
528.91	146.00
529.11	152.00
529.31	176.00
529.50	134.00
529.70	197.00
529.90	163.00
530.10	146.00
530.29	162.00
530.49	161.00
530.69	212.00
530.89	220.00
531.09	153.00
531.28	175.00
531.48	190.00
531.68	204.00
531.88	212.00
532.07	184.00
532.27	205.00
532.47	217.00
532.67	194.00
532.86	196.00
533.06	190.00
533.26	207.00
533.46	192.00
533.65	215.00
533.85	200.00
534.05	223.00
534.25	195.00
534.44	184.00
534.64	207.00
534.84	224.00
535.04	234.00
535.23	242.00
535.43	256.00
535.63	231.00
535.83	270.00
536.02	219.00
536.22	257.00
536.42	274.00
536.62	295.00
536.81	207.00
537.01	214.00
537.21	247.00
537.41	299.00
537.60	269.00
537.80	304.00
538.00	293.00
538.20	277.00
538.39	261.00
538.59	278.00
538.79	272.00
538.99	266.00
539.18	293.00
539.38	254.00
539.58	265.00
539.77	296.00
539.97	273.00
540.17	288.00
540.37	259.00
540.56	208.00
540.76	228.00
540.96	250.00
541.16	198.00
541.35	252.00
541.55	252.00
541.75	258.00
541.94	235.00
542.14	215.00
542.34	206.00
542.54	278.00
542.73	257.00
542.93	281.00
543.13	361.00
543.33	317.00
543.52	349.00
543.72	226.00
543.92	241.00
544.11	263.00
544.31	325.00
544.51	323.00
544.71	321.00
544.90	303.00
545.10	304.00
545.30	251.00
545.49	290.00
545.69	296.00
545.89	266.00
546.09	260.00
546.28	285.00
546.48	291.00
546.68	300.00
546.87	259.00
547.07	226.00
547.27	295.00
547.47	337.00
547.66	346.00
547.86	320.00
548.06	317.00
548.25	324.00
548.45	282.00
548.65	337.00
548.84	362.00
549.04	316.00
549.24	350.00
549.44	381.00
549.63	326.00
549.83	299.00
550.03	300.00
550.22	307.00
550.42	338.00
550.62	279.00
550.81	251.00
551.01	308.00
551.21	322.00
551.41	233.00
551.60	261.00
551.80	320.00
552.00	328.00
552.19	351.00
552.39	344.00
552.59	326.00
552.78	306.00
552.98	372.00
553.18	414.00
553.37	362.00
553.57	331.00
553.77	387.00
553.96	398.00
554.16	345.00
554.36	369.00
554.56	353.00
554.75	353.00
554.95	311.00
555.15	336.00
555.34	418.00
555.54	397.00
555.74	348.00
555.93	317.00
556.13	322.00
556.33	295.00
556.52	276.00
556.72	288.00
556.92	282.00
557.11	301.00
557.31	340.00
557.51	288.00
557.70	332.00
557.90	319.00
558.10	361.00
558.29	260.00
558.49	250.00
558.69	262.00
558.88	241.00
559.08	300.00
559.28	350.00
559.47	313.00
559.67	319.00
559.87	286.00
560.06	264.00
560.26	275.00
560.46	277.00
560.65	229.00
560.85	259.00
561.05	322.00
561.24	293.00
561.44	331.00
561.64	352.00
561.83	274.00
562.03	291.00
562.23	283.00
562.42	271.00
562.62	336.00
562.82	285.00
563.01	327.00
563.21	337.00
563.40	406.00
563.60	328.00
563.80	230.00
563.99	303.00
564.19	272.00
564.39	299.00
564.58	308.00
564.78	383.00
564.98	315.00
565.17	414.00
565.37	347.00
565.57	314.00
565.76	334.00
565.96	350.00
566.16	309.00
566.35	304.00
566.55	293.00
566.74	367.00
566.94	341.00
567.14	298.00
567.33	402.00
567.53	411.00
567.73	399.00
567.92	311.00
568.12	377.00
568.32	421.00
568.51	372.00
568.71	307.00
568.90	319.00
569.10	411.00
569.30	362.00
569.49	358.00
569.69	408.00
569.89	387.00
570.08	396.00
570.28	447.00
570.47	357.00
570.67	386.00
570.87	397.00
571.06	362.00
571.26	369.00
571.46	351.00
571.65	387.00
571.85	414.00
572.04	397.00
572.24	411.00
572.44	422.00
572.63	502.00
572.83	447.00
573.03	450.00
573.22	486.00
573.42	447.00
573.61	507.00
573.81	499.00
574.01	515.00
574.20	519.00
574.40	466.00
574.59	423.00
574.79	480.00
574.99	466.00
575.18	510.00
575.38	547.00
575.58	517.00
575.77	548.00
575.97	501.00
576.16	515.00
576.36	508.00
576.56	540.00
576.75	536.00
576.95	547.00
577.14	598.00
577.34	632.00
577.54	620.00
577.73	586.00
577.93	533.00
578.12	593.00
578.32	700.00
578.52	694.00
578.71	663.00
578.91	638.00
579.10	681.00
579.30	720.00
579.50	701.00
579.69	729.00
579.89	721.00
580.08	654.00
580.28	710.00
580.48	748.00
580.67	728.00
580.87	757.00
581.06	715.00
581.26	777.00
581.45	778.00
581.65	812.00
581.85	759.00
582.04	748.00
582.24	789.00
582.43	857.00
582.63	838.00
582.83	797.00
583.02	820.00
583.22	862.00
583.41	865.00
583.61	891.00
583.80	905.00
584.00	892.00
584.20	877.00
584.39	945.00
584.59	887.00
584.78	847.00
584.98	950.00
585.17	1035.00
585.37	977.00
585.57	993.00
585.76	1021.00
585.96	1079.00
586.15	1092.00
586.35	1090.00
586.54	1085.00
586.74	1132.00
586.94	1258.00
587.13	1186.00
587.33	1191.00
587.52	1120.00
587.72	1124.00
587.91	1185.00
588.11	1281.00
588.31	1221.00
588.50	1156.00
588.70	1172.00
588.89	1231.00
589.09	1280.00
589.28	1249.00
589.48	1302.00
589.68	1330.00
589.87	1341.00
590.07	1320.00
590.26	1456.00
590.46	1403.00
590.65	1393.00
590.85	1420.00
591.04	1348.00
591.24	1328.00
591.44	1349.00
591.63	1425.00
591.83	1410.00
592.02	1490.00
592.22	1484.00
592.41	1521.00
592.61	1501.00
592.80	1491.00
593.00	1633.00
593.19	1620.00
593.39	1704.00
593.59	1633.00
593.78	1619.00
593.98	1694.00
594.17	1676.00
594.37	1542.00
594.56	1566.00
594.76	1598.00
594.95	1631.00
595.15	1652.00
595.34	1663.00
595.54	1593.00
595.73	1727.00
595.93	1737.00
596.13	1646.00
596.32	1613.00
596.52	1735.00
596.71	1729.00
596.91	1729.00
597.10	1721.00
597.30	1764.00
597.49	1807.00
597.69	1727.00
597.88	1688.00
598.08	1741.00
598.27	1794.00
598.47	1813.00
598.66	1789.00
598.86	1816.00
599.06	1766.00
599.25	1785.00
599.45	1862.00
599.64	1869.00
599.84	1820.00
600.03	1879.00
600.23	1864.00
600.42	1865.00
600.62	1890.00
600.81	1896.00
601.01	1849.00
601.20	1904.00
601.40	1876.00
601.59	1897.00
601.79	1834.00
601.98	1912.00
602.18	1884.00
602.37	1878.00
602.57	1819.00
602.76	1805.00
602.96	1858.00
603.15	1926.00
603.35	1887.00
603.54	1898.00
603.74	1918.00
603.93	1903.00
604.13	1803.00
604.32	1875.00
604.52	1843.00
604.71	1843.00
604.91	1885.00
605.10	1864.00
605.30	1888.00
605.49	1910.00
605.69	1916.00
605.88	1906.00
606.08	1878.00
606.27	1880.00
606.47	1969.00
606.66	2036.00
606.86	1913.00
607.05	1833.00
607.25	1928.00
607.44	1895.00
607.64	1866.00
607.83	1972.00
608.03	1976.00
608.22	1988.00
608.42	1931.00
608.61	1943.00
608.81	1942.00
609.00	1936.00
609.20	2032.00
609.39	2007.00
609.59	2107.00
609.78	2159.00
609.98	2292.00
610.17	2326.00
610.37	2500.00
610.56	2588.00
610.76	2665.00
610.95	2726.00
611.15	2885.00
611.34	2938.00
611.54	2916.00
611.73	3026.00
611.93	2903.00
612.12	2692.00
612.32	2499.00
612.51	2334.00
612.71	2135.00
612.90	2079.00
613.09	2150.00
613.29	2155.00
613.48	2105.00
613.68	2139.00
613.87	2131.00
614.07	2137.00
614.26	2055.00
614.46	2095.00
614.65	2059.00
614.85	2032.00
615.04	2061.00
615.24	2034.00
615.43	1949.00
615.63	1925.00
615.82	1842.00
616.02	1891.00
616.21	1983.00
616.40	2036.00
616.60	1949.00
616.79	1937.00
616.99	1853.00
617.18	1928.00
617.38	1984.00
617.57	1964.00
617.77	2008.00
617.96	1943.00
618.16	1842.00
618.35	1856.00
618.54	1886.00
618.74	1862.00
618.93	1908.00
619.13	1867.00
619.32	1964.00
619.52	1993.00
619.71	1929.00
619.91	1996.00
620.10	2052.00
620.30	2082.00
620.49	2094.00
620.68	1974.00
620.88	2014.00
621.07	2016.00
621.27	1977.00
621.46	2077.00
621.66	1995.00
621.85	1993.00
622.05	2044.00
622.24	2009.00
622.43	2030.00
622.63	2056.00
622.82	2023.00
623.02	2112.00
623.21	2180.00
623.41	2111.00
623.60	2090.00
623.80	2103.00
623.99	2092.00
624.18	2176.00
624.38	2135.00
624.57	2131.00
624.77	2146.00
624.96	2154.00
625.16	2148.00
625.35	2102.00
625.54	2113.00
625.74	2239.00
625.93	2209.00
626.13	2128.00
626.32	2159.00
626.52	2248.00
626.71	2265.00
626.90	2148.00
627.10	2206.00
627.29	2270.00
627.49	2208.00
627.68	2268.00
627.88	2242.00
628.07	2249.00
628.26	2321.00
628.46	2294.00
628.65	2228.00
628.85	2309.00
629.04	2290.00
629.23	2317.00
629.43	2375.00
629.62	2388.00
629.82	2411.00
630.01	2471.00
630.21	2465.00
630.40	2457.00
630.59	2418.00
630.79	2415.00
630.98	2469.00
631.18	2511.00
631.37	2578.00
631.56	2613.00
631.76	2592.00
631.95	2534.00
632.15	2604.00
632.34	2597.00
632.53	2597.00
632.73	2524.00
632.92	2609.00
633.12	2540.00
633.31	2540.00
633.50	2577.00
633.70	2480.00
633.89	2426.00
634.09	2504.00
634.28	2520.00
634.47	2547.00
634.67	2626.00
634.86	2575.00
635.06	2670.00
635.25	2720.00
635.44	2707.00
635.64	2639.00
635.83	2630.00
636.03	2611.00
636.22	2648.00
636.41	2703.00
636.61	2801.00
636.80	2739.00
637.00	2696.00
637.19	2676.00
637.38	2697.00
637.58	2676.00
637.77	2762.00
637.96	2736.00
638.16	2802.00
638.35	2835.00
638.55	2852.00
638.74	2833.00
638.93	2910.00
639.13	2895.00
639.32	2881.00
639.51	2954.00
639.71	3038.00
639.90	2945.00
640.10	2994.00
640.29	2954.00
640.48	2985.00
640.68	3027.00
640.87	3076.00
641.07	3077.00
641.26	3115.00
641.45	3065.00
641.65	3110.00
641.84	3084.00
642.03	3090.00
642.23	3143.00
642.42	3186.00
642.61	3219.00
642.81	3216.00
643.00	3243.00
643.20	3271.00
643.39	3185.00
643.58	3188.00
643.78	3248.00
643.97	3271.00
644.16	3272.00
644.36	3324.00
644.55	3288.00
644.74	3326.00
644.94	3315.00
645.13	3446.00
645.33	3462.00
645.52	3430.00
645.71	3403.00
645.91	3399.00
646.10	3425.00
646.29	3457.00
646.49	3377.00
646.68	3350.00
646.87	3371.00
647.07	3379.00
647.26	3323.00
647.45	3416.00
647.65	3541.00
647.84	3487.00
648.03	3461.00
648.23	3462.00
648.42	3596.00
648.62	3560.00
648.81	3579.00
649.00	3558.00
649.20	3545.00
649.39	3550.00
649.58	3460.00
649.78	3523.00
649.97	3573.00
650.16	3439.00
650.36	3465.00
650.55	3570.00
650.74	3622.00
650.94	3503.00
651.13	3696.00
651.32	3698.00
651.52	3665.00
651.71	3659.00
651.90	3642.00
652.10	3722.00
652.29	3637.00
652.48	3579.00
652.68	3599.00
652.87	3625.00
653.06	3597.00
653.26	3694.00
653.45	3577.00
653.64	3621.00
653.84	3614.00
654.03	3646.00
654.22	3655.00
654.42	3747.00
654.61	3760.00
654.80	3707.00
654.99	3753.00
655.19	3772.00
655.38	3834.00
655.57	3740.00
655.77	3670.00
655.96	3629.00
656.15	3716.00
656.35	3809.00
656.54	3766.00
656.73	3633.00
656.93	3607.00
657.12	3644.00
657.31	3670.00
657.51	3667.00
657.70	3646.00
657.89	3688.00
658.09	3672.00
658.28	3583.00
658.47	3636.00
658.66	3623.00
658.86	3606.00
659.05	3700.00
659.24	3730.00
659.44	3704.00
659.63	3715.00
659.82	3789.00
660.02	3766.00
660.21	3769.00
660.40	3724.00
660.60	3751.00
660.79	3659.00
660.98	3617.00
661.17	3560.00
661.37	3622.00
661.56	3683.00
661.75	3668.00
661.95	3654.00
662.14	3670.00
662.33	3679.00
662.52	3675.00
662.72	3600.00
662.91	3675.00
663.10	3687.00
663.30	3668.00
663.49	3781.00
663.68	3694.00
663.88	3623.00
664.07	3659.00
664.26	3622.00
664.45	3602.00
664.65	3493.00
664.84	3503.00
665.03	3572.00
665.23	3553.00
665.42	3561.00
665.61	3437.00
665.80	3522.00
666.00	3532.00
666.19	3488.00
666.38	3489.00
666.57	3499.00
666.77	3531.00
666.96	3598.00
667.15	3450.00
667.35	3524.00
667.54	3544.00
667.73	3506.00
667.92	3535.00
668.12	3405.00
668.31	3472.00
668.50	3548.00
668.70	3361.00
668.89	3386.00
669.08	3391.00
669.27	3438.00
669.47	3422.00
669.66	3358.00
669.85	3339.00
670.04	3375.00
670.24	3379.00
670.43	3395.00
670.62	3383.00
670.81	3401.00
671.01	3409.00
671.20	3325.00
671.39	3355.00
671.58	3443.00
671.78	3306.00
671.97	3352.00
672.16	3355.00
672.36	3369.00
672.55	3266.00
672.74	3271.00
672.93	3306.00
673.13	3282.00
673.32	3255.00
673.51	3241.00
673.70	3312.00
673.90	3333.00
674.09	3343.00
674.28	3371.00
674.47	3321.00
674.67	3376.00
674.86	3396.00
675.05	3346.00
675.24	3330.00
675.44	3236.00
675.63	3282.00
675.82	3184.00
676.01	3217.00
676.21	3285.00
676.40	3192.00
676.59	3169.00
676.78	3190.00
676.97	3236.00
677.17	3297.00
677.36	3176.00
677.55	3178.00
677.74	3209.00
677.94	3162.00
678.13	3178.00
678.32	3174.00
678.51	3149.00
678.71	3144.00
678.90	3259.00
679.09	3299.00
679.28	3235.00
679.48	3194.00
679.67	3212.00
679.86	3216.00
680.05	3230.00
680.24	3239.00
680.44	3131.00
680.63	3124.00
680.82	3128.00
681.01	3171.00
681.21	3096.00
681.40	3060.00
681.59	3086.00
681.78	3090.00
681.97	3064.00
682.17	3054.00
682.36	3120.00
682.55	3099.00
682.74	3047.00
682.94	3026.00
683.13	3169.00
683.32	3184.00
683.51	3079.00
683.70	3065.00
683.90	3069.00
684.09	3075.00
684.28	3148.00
684.47	3157.00
684.66	3199.00
684.86	3070.00
685.05	3099.00
685.24	3176.00
685.43	3160.00
685.63	3020.00
685.82	2997.00
686.01	3046.00
686.20	3148.00
686.39	3092.00
686.59	3146.00
686.78	3107.00
686.97	3153.00
687.16	3154.00
687.35	3108.00
687.55	3181.00
687.74	3189.00
687.93	3100.00
688.12	3043.00
688.31	3104.00
688.51	3107.00
688.70	3016.00
688.89	3034.00
689.08	3070.00
689.27	3184.00
689.47	3151.00
689.66	3026.00
689.85	3095.00
690.04	3085.00
690.23	3078.00
690.42	3108.00
690.62	3061.00
690.81	3076.00
691.00	3003.00
691.19	3009.00
691.38	3060.00
691.58	3145.00
691.77	3158.00
691.96	3077.00
692.15	3172.00
692.34	3162.00
692.54	3161.00
692.73	3043.00
692.92	3131.00
693.11	3174.00
693.30	3215.00
693.49	3184.00
693.69	3195.00
693.88	3136.00
694.07	3133.00
694.26	3022.00
694.45	3064.00
694.64	3035.00
694.84	3004.00
695.03	3022.00
695.22	3047.00
695.41	3054.00
695.60	3064.00
695.80	3112.00
695.99	3105.00
696.18	3163.00
696.37	3191.00
696.56	3184.00
696.75	3182.00
696.95	3181.00
697.14	3225.00
697.33	3177.00
697.52	3214.00
697.71	3165.00
697.90	3183.00
698.09	3247.00
698.29	3263.00
698.48	3301.00
698.67	3320.00
698.86	3316.00
699.05	3254.00
699.24	3250.00
699.44	3222.00
699.63	3178.00
699.82	3250.00
700.01	3261.00
700.20	3217.00
700.39	3219.00
700.58	3281.00
700.78	3279.00
700.97	3303.00
701.16	3176.00
701.35	3207.00
701.54	3201.00
701.73	3309.00
701.93	3346.00
702.12	3366.00
702.31	3315.00
702.50	3352.00
702.69	3360.00
702.88	3397.00
703.07	3417.00
703.27	3419.00
703.46	3450.00
703.65	3378.00
703.84	3440.00
704.03	3448.00
704.22	3425.00
704.41	3457.00
704.60	3435.00
704.80	3400.00
704.99	3374.00
705.18	3450.00
705.37	3463.00
705.56	3552.00
705.75	3572.00
705.94	3491.00
706.14	3571.00
706.33	3527.00
706.52	3586.00
706.71	3662.00
706.90	3610.00
707.09	3706.00
707.28	3703.00
707.47	3673.00
707.67	3665.00
707.86	3559.00
708.05	3753.00
708.24	3734.00
708.43	3739.00
708.62	3755.00
708.81	3845.00
709.00	3893.00
709.20	3843.00
709.39	3867.00
709.58	3787.00
709.77	3858.00
709.96	3918.00
710.15	3794.00
710.34	3835.00
710.53	3825.00
710.72	3833.00
710.92	3821.00
711.11	3739.00
711.30	3796.00
711.49	3829.00
711.68	3813.00
711.87	3859.00
712.06	3878.00
712.25	3868.00
712.44	3931.00
712.64	3892.00
712.83	3896.00
713.02	3899.00
713.21	4022.00
713.40	3974.00
713.59	3930.00
713.78	3918.00
713.97	3841.00
714.16	3909.00
714.35	3975.00
714.55	3941.00
714.74	4059.00
714.93	4081.00
715.12	4070.00
715.31	4022.00
715.50	4065.00
715.69	4056.00
715.88	4008.00
716.07	3979.00
716.26	4009.00
716.45	4021.00
716.65	3972.00
716.84	4030.00
717.03	4016.00
717.22	4046.00
717.41	4066.00
717.60	4066.00
717.79	4113.00
717.98	4036.00
718.17	4109.00
718.36	4099.00
718.55	4217.00
718.75	4188.00
718.94	4180.00
719.13	4240.00
719.32	4151.00
719.51	4145.00
719.70	4230.00
719.89	4210.00
720.08	4182.00
720.27	4198.00
720.46	4189.00
720.65	4199.00
720.84	4215.00
721.03	4297.00
721.22	4367.00
721.42	4290.00
721.61	4192.00
721.80	4234.00
721.99	4177.00
722.18	4166.00
722.37	4235.00
722.56	4290.00
722.75	4205.00
722.94	4145.00
723.13	4197.00
723.32	4179.00
723.51	4247.00
723.70	4211.00
723.89	4130.00
724.08	4185.00
724.28	4233.00
724.47	4276.00
724.66	4219.00
724.85	4283.00
725.04	4285.00
725.23	4322.00
725.42	4316.00
725.61	4275.00
725.80	4295.00
725.99	4231.00
726.18	4185.00
726.37	4242.00
726.56	4347.00
726.75	4319.00
726.94	4351.00
727.13	4334.00
727.32	4343.00
727.51	4276.00
727.71	4256.00
727.90	4292.00
728.09	4265.00
728.28	4246.00
728.47	4242.00
728.66	4266.00
728.85	4312.00
729.04	4250.00
729.23	4143.00
729.42	4151.00
729.61	4231.00
729.80	4252.00
729.99	4231.00
730.18	4207.00
730.37	4222.00
730.56	4295.00
730.75	4250.00
730.94	4268.00
731.13	4283.00
731.32	4241.00
731.51	4164.00
731.70	4229.00
731.89	4234.00
732.08	4221.00
732.27	4307.00
732.46	4366.00
732.65	4314.00
732.84	4165.00
733.04	4154.00
733.23	4220.00
733.42	4275.00
733.61	4297.00
733.80	4285.00
733.99	4265.00
734.18	4320.00
734.37	4216.00
734.56	4210.00
734.75	4220.00
734.94	4263.00
735.13	4134.00
735.32	4126.00
735.51	4097.00
735.70	4148.00
735.89	4106.00
736.08	4041.00
736.27	4145.00
736.46	4092.00
736.65	4132.00
736.84	4133.00
737.03	4106.00
737.22	4084.00
737.41	4138.00
737.60	4026.00
737.79	4113.00
737.98	4081.00
738.17	4006.00
738.36	3945.00
738.55	4041.00
738.74	4081.00
738.93	4124.00
739.12	4039.00
739.31	4076.00
739.50	4054.00
739.69	4124.00
739.88	4102.00
740.07	4060.00
740.26	4072.00
740.45	4011.00
740.64	3910.00
740.83	4001.00
741.02	4154.00
741.21	4006.00
741.40	3916.00
741.59	3965.00
741.78	3904.00
741.97	3873.00
742.16	3837.00
742.35	3844.00
742.54	3870.00
742.73	3852.00
742.92	3859.00
743.11	3769.00
743.30	3768.00
743.49	3813.00
743.68	3798.00
743.87	3625.00
744.06	3650.00
744.25	3686.00
744.44	3784.00
744.63	3845.00
744.82	3746.00
745.01	3661.00
745.20	3779.00
745.39	3820.00
745.58	3789.00
745.77	3697.00
745.96	3710.00
746.15	3729.00
746.34	3650.00
746.52	3708.00
746.71	3693.00
746.90	3609.00
747.09	3703.00
747.28	3801.00
747.47	3692.00
747.66	3630.00
747.85	3649.00
748.04	3627.00
748.23	3603.00
748.42	3648.00
748.61	3595.00
748.80	3475.00
748.99	3548.00
749.18	3655.00
749.37	3592.00
749.56	3526.00
749.75	3552.00
749.94	3532.00
750.13	3514.00
750.32	3370.00
750.51	3377.00
750.70	3458.00
750.89	3334.00
751.08	3393.00
751.27	3367.00
751.46	3386.00
751.64	3463.00
751.83	3417.00
752.02	3296.00
752.21	3277.00
752.40	3429.00
752.59	3491.00
752.78	3392.00
752.97	3478.00
753.16	3464.00
753.35	3312.00
753.54	3381.00
753.73	3398.00
753.92	3367.00
754.11	3296.00
754.30	3260.00
754.49	3338.00
754.68	3431.00
754.87	3340.00
755.06	3304.00
755.24	3472.00
755.43	3391.00
755.62	3308.00
755.81	3298.00
756.00	3342.00
756.19	3274.00
756.38	3294.00
756.57	3332.00
756.76	3207.00
756.95	3161.00
757.14	3229.00
757.33	3241.00
757.52	3176.00
757.71	3221.00
757.90	3270.00
758.08	3099.00
758.27	3197.00
758.46	3194.00
758.65	3219.00
758.84	3207.00
759.03	3124.00
759.22	3082.00
759.41	3043.00
759.60	3139.00
759.79	3248.00
759.98	3118.00
760.17	3221.00
760.36	3142.00
760.54	3112.00
760.73	3102.00
760.92	3119.00
761.11	3111.00
761.30	3101.00
761.49	3000.00
761.68	2905.00
761.87	2952.00
762.06	2905.00
762.25	2907.00
762.44	2842.00
762.63	2824.00
762.81	2798.00
763.00	2720.00
763.19	2658.00
763.38	2671.00
763.57	2604.00
763.76	2637.00
763.95	2650.00
764.14	2645.00
764.33	2630.00
764.52	2698.00
764.71	2630.00
764.89	2663.00
765.08	2675.00
765.27	2683.00
765.46	2615.00
765.65	2669.00
765.84	2698.00
766.03	2717.00
766.22	2807.00
766.41	2784.00
766.59	2694.00
766.78	2709.00
766.97	2819.00
767.16	2886.00
767.35	2790.00
767.54	2831.00
767.73	2876.00
767.92	2891.00
768.11	2911.00
768.30	2917.00
768.48	2919.00
768.67	2984.00
768.86	3027.00
769.05	3129.00
769.24	3083.00
769.43	3037.00
769.62	3060.00
769.81	3026.00
769.99	2921.00
770.18	2894.00
770.37	3008.00
770.56	3006.00
770.75	2965.00
770.94	2924.00
771.13	2965.00
771.32	3056.00
771.50	3051.00
771.69	3128.00
771.88	3006.00
772.07	2893.00
772.26	2932.00
772.45	2995.00
772.64	2944.00
772.83	2919.00
773.01	2958.00
773.20	2948.00
773.39	3019.00
773.58	2908.00
773.77	2913.00
773.96	2985.00
774.15	2948.00
774.34	3010.00
774.52	2914.00
774.71	2889.00
774.90	3003.00
775.09	2960.00
775.28	2933.00
775.47	2831.00
775.66	2813.00
775.84	2953.00
776.03	2858.00
776.22	2762.00
776.41	2812.00
776.60	2899.00
776.79	2949.00
776.98	2963.00
777.16	2901.00
777.35	2876.00
777.54	2858.00
777.73	2850.00
777.92	2803.00
778.11	2778.00
778.29	2760.00
778.48	2799.00
778.67	2905.00
778.86	2869.00
779.05	2893.00
779.24	2886.00
779.43	2826.00
779.61	2810.00
779.80	2745.00
779.99	2854.00
780.18	3001.00
780.37	3003.00
780.56	2921.00
780.74	2925.00
780.93	2891.00
781.12	3015.00
781.31	2980.00
781.50	2943.00
781.69	2903.00
781.87	2941.00
782.06	3001.00
782.25	2996.00
782.44	2958.00
782.63	2982.00
782.82	3039.00
783.00	3091.00
783.19	2948.00
783.38	2953.00
783.57	2993.00
783.76	3025.00
783.95	3001.00
784.13	3008.00
784.32	3009.00
784.51	3066.00
784.70	3117.00
784.89	3140.00
785.08	3034.00
785.26	3032.00
785.45	3007.00
785.64	3106.00
785.83	3038.00
786.02	2995.00
786.20	3082.00
786.39	3057.00
786.58	3019.00
786.77	2901.00
786.96	3009.00
787.15	2989.00
787.33	2986.00
787.52	3016.00
787.71	3038.00
787.90	3071.00
788.09	2958.00
788.27	2941.00
788.46	3086.00
788.65	3067.00
788.84	2989.00
789.03	2997.00
789.21	3120.00
789.40	3099.00
789.59	3039.00
789.78	3052.00
789.97	3050.00
790.15	3048.00
790.34	3204.00
790.53	3185.00
790.72	3202.00
790.91	3203.00
791.09	3194.00
791.28	3164.00
791.47	3103.00
791.66	3127.00
791.85	3259.00
792.03	3281.00
792.22	3234.00
792.41	3235.00
792.60	3251.00
792.79	3147.00
792.97	3188.00
793.16	3241.00
793.35	3229.00
793.54	3252.00
793.72	3222.00
793.91	3320.00
794.10	3361.00
794.29	3315.00
794.48	3288.00
794.66	3251.00
794.85	3274.00
795.04	3373.00
795.23	3281.00
795.42	3150.00
795.60	3240.00
795.79	3183.00
795.98	3209.00
796.17	3266.00
796.35	3229.00
796.54	3240.00
796.73	3328.00
796.92	3309.00
797.11	3231.00
797.29	3178.00
797.48	3170.00
797.67	3268.00
797.86	3255.00
798.04	3255.00
798.23	3271.00
798.42	3301.00
798.61	3244.00
798.79	3102.00
798.98	3179.00
799.17	3259.00
799.36	3272.00
799.54	3184.00
799.73	3189.00
799.92	3248.00
800.11	3179.00
800.30	3226.00
800.48	3304.00
800.67	3301.00
800.86	3226.00
801.05	3274.00
801.23	3311.00
801.42	3254.00
801.61	3311.00
801.80	3281.00
801.98	3193.00
802.17	3329.00
802.36	3317.00
802.55	3284.00
802.73	3199.00
802.92	3277.00
803.11	3300.00
803.30	3327.00
803.48	3266.00
803.67	3257.00
803.86	3344.00
804.05	3376.00
804.23	3361.00
804.42	3335.00
804.61	3400.00
804.80	3430.00
804.98	3396.00
805.17	3338.00
805.36	3364.00
805.54	3312.00
805.73	3307.00
805.92	3328.00
806.11	3329.00
806.29	3360.00
806.48	3404.00
806.67	3363.00
806.86	3378.00
807.04	3342.00
807.23	3328.00
807.42	3316.00
807.61	3361.00
807.79	3363.00
807.98	3265.00
808.17	3262.00
808.35	3288.00
808.54	3317.00
808.73	3360.00
808.92	3387.00
809.10	3297.00
809.29	3322.00
809.48	3290.00
809.67	3296.00
809.85	3385.00
810.04	3380.00
810.23	3377.00
810.41	3289.00
810.60	3336.00
810.79	3410.00
810.98	3386.00
811.16	3314.00
811.35	3263.00
811.54	3322.00
811.72	3401.00
811.91	3239.00
812.10	3241.00
812.29	3313.00
812.47	3275.00
812.66	3294.00
812.85	3270.00
813.03	3267.00
813.22	3316.00
813.41	3254.00
813.60	3163.00
813.78	3263.00
813.97	3367.00
814.16	3234.00
814.34	3199.00
814.53	3230.00
814.72	3172.00
814.90	3303.00
815.09	3373.00
815.28	3414.00
815.47	3441.00
815.65	3464.00
815.84	3289.00
816.03	3310.00
816.21	3319.00
816.40	3372.00
816.59	3408.00
816.77	3365.00
816.96	3265.00
817.15	3262.00
817.33	3326.00
817.52	3376.00
817.71	3366.00
817.90	3315.00
818.08	3357.00
818.27	3447.00
818.46	3288.00
818.64	3215.00
818.83	3358.00
819.02	3358.00
819.20	3353.00
819.39	3350.00
819.58	3398.00
819.76	3355.00
819.95	3411.00
820.14	3357.00
820.32	3381.00
820.51	3469.00
820.70	3406.00
820.88	3424.00
821.07	3429.00
821.26	3426.00
821.44	3425.00
821.63	3359.00
821.82	3336.00
822.01	3299.00
822.19	3443.00
822.38	3399.00
822.57	3299.00
822.75	3272.00
822.94	3305.00
823.13	3286.00
823.31	3294.00
823.50	3360.00
823.69	3332.00
823.87	3290.00
824.06	3279.00
824.25	3267.00
824.43	3336.00
824.62	3266.00
824.80	3293.00
824.99	3327.00
825.18	3276.00
825.36	3280.00
825.55	3223.00
825.74	3260.00
825.92	3218.00
826.11	3256.00
826.30	3306.00
826.48	3279.00
826.67	3302.00
826.86	3141.00
827.04	3168.00
827.23	3239.00
827.42	3130.00
827.60	3155.00
827.79	3170.00
827.98	3256.00
828.16	3301.00
828.35	3289.00
828.54	3106.00
828.72	3141.00
828.91	3192.00
829.09	3125.00
829.28	3186.00
829.47	3189.00
829.65	3174.00
829.84	3040.00
830.03	3086.00
830.21	3085.00
830.40	3006.00
830.59	3067.00
830.77	3110.00
830.96	3105.00
831.14	3053.00
831.33	3023.00
831.52	3065.00
831.70	3065.00
831.89	3061.00
832.08	3134.00
832.26	3194.00
832.45	3087.00
832.64	3038.00
832.82	3146.00
833.01	3071.00
833.19	3041.00
833.38	3023.00
833.57	2999.00
833.75	3049.00
833.94	3150.00
834.13	3073.00
834.31	2993.00
834.50	3118.00
834.68	3175.00
834.87	3071.00
835.06	3039.00
835.24	3010.00
835.43	3093.00
835.61	3032.00
835.80	2936.00
835.99	2924.00
836.17	2945.00
836.36	2915.00
836.55	3022.00
836.73	2988.00
836.92	2956.00
837.10	3030.00
837.29	3029.00
837.48	2939.00
837.66	2888.00
837.85	3036.00
838.03	3079.00
838.22	3066.00
838.41	3006.00
838.59	2916.00
838.78	2914.00
838.96	2896.00
839.15	2879.00
839.34	2941.00
839.52	3054.00
839.71	2975.00
839.89	3002.00
840.08	2919.00
840.27	3005.00
840.45	3007.00
840.64	2998.00
840.82	2949.00
841.01	2821.00
841.20	2844.00
841.38	2797.00
841.57	2781.00
841.75	2786.00
841.94	2873.00
842.13	2896.00
842.31	2914.00
842.50	2970.00
842.68	2807.00
842.87	2768.00
843.05	2734.00
843.24	2783.00
843.43	2923.00
843.61	2830.00
843.80	2750.00
843.98	2839.00
844.17	2953.00
844.36	2880.00
844.54	2785.00
844.73	2815.00
844.91	2804.00
845.10	2752.00
845.28	2666.00
845.47	2716.00
845.66	2754.00
845.84	2758.00
846.03	2728.00
846.21	2661.00
846.40	2732.00
846.58	2849.00
846.77	2763.00
846.96	2678.00
847.14	2612.00
847.33	2602.00
847.51	2679.00
847.70	2608.00
847.88	2599.00
848.07	2672.00
848.25	2593.00
848.44	2566.00
848.63	2676.00
848.81	2584.00
849.00	2544.00
849.18	2515.00
849.37	2553.00
849.55	2592.00
849.74	2606.00
849.93	2548.00
850.11	2544.00
850.30	2525.00
850.48	2562.00
850.67	2585.00
850.85	2524.00
851.04	2578.00
851.22	2567.00
851.41	2503.00
851.59	2613.00
851.78	2664.00
851.97	2495.00
852.15	2483.00
852.34	2535.00
852.52	2497.00
852.71	2512.00
852.89	2511.00
853.08	2478.00
853.26	2437.00
853.45	2479.00
853.63	2564.00
853.82	2457.00
854.01	2437.00
854.19	2540.00
854.38	2515.00
854.56	2434.00
854.75	2409.00
854.93	2371.00
855.12	2420.00
855.30	2412.00
855.49	2433.00
855.67	2465.00
855.86	2415.00
856.04	2476.00
856.23	2506.00
856.41	2451.00
856.60	2428.00
856.79	2361.00
856.97	2364.00
857.16	2449.00
857.34	2343.00
857.53	2308.00
857.71	2290.00
857.90	2290.00
858.08	2276.00
858.27	2376.00
858.45	2450.00
858.64	2449.00
858.82	2453.00
859.01	2374.00
859.19	2318.00
859.38	2315.00
859.56	2252.00
859.75	2305.00
859.93	2313.00
860.12	2309.00
860.30	2223.00
860.49	2332.00
860.67	2372.00
860.86	2395.00
861.04	2375.00
861.23	2347.00
861.41	2420.00
861.60	2408.00
861.78	2327.00
861.97	2307.00
862.15	2292.00
862.34	2302.00
862.53	2284.00
862.71	2187.00
862.90	2207.00
863.08	2248.00
863.27	2285.00
863.45	2252.00
863.64	2238.00
863.82	2209.00
864.01	2204.00
864.19	2271.00
864.37	2198.00
864.56	2113.00
864.74	2151.00
864.93	2104.00
865.11	2255.00
865.30	2217.00
865.48	2205.00
865.67	2163.00
865.85	2118.00
866.04	2021.00
866.22	2044.00
866.41	2075.00
866.59	2161.00
866.78	2101.00
866.96	2023.00
867.15	2092.00
867.33	2114.00
867.52	2017.00
867.70	2074.00
867.89	2112.00
868.07	2288.00
868.26	2177.00
868.44	2147.00
868.63	2163.00
868.81	2168.00
869.00	2134.00
869.18	2092.00
869.37	2062.00
869.55	1973.00
869.74	2052.00
869.92	2065.00
870.10	2024.00
870.29	2017.00
870.47	2003.00
870.66	1988.00
870.84	1991.00
871.03	2044.00
871.21	2009.00
871.40	2035.00
871.58	2046.00
871.77	1962.00
871.95	1946.00
872.14	1961.00
872.32	1921.00
872.51	1919.00
872.69	1963.00
872.87	1921.00
873.06	1945.00
873.24	2017.00
873.43	1990.00
873.61	2035.00
873.80	2000.00
873.98	2035.00
874.17	2001.00
874.35	1981.00
874.54	2012.00
874.72	2004.00
874.90	1942.00
875.09	1991.00
875.27	1965.00
875.46	1914.00
875.64	1870.00
875.83	1929.00
876.01	1953.00
876.20	1851.00
876.38	1861.00
876.56	1917.00
876.75	1912.00
876.93	1926.00
877.12	1954.00
877.30	1916.00
877.49	1979.00
877.67	1938.00
877.86	1859.00
878.04	1881.00
878.22	1930.00
878.41	1883.00
878.59	1933.00
878.78	1921.00
878.96	1935.00
879.15	1921.00
879.33	1857.00
879.51	1896.00
879.70	1897.00
879.88	1850.00
880.07	1833.00
880.25	1781.00
880.44	1888.00
880.62	1898.00
880.80	1805.00
880.99	1869.00
881.17	1883.00
881.36	1848.00
881.54	1835.00
881.73	1796.00
881.91	1773.00
882.09	1876.00
882.28	1908.00
882.46	1908.00
882.65	1850.00
882.83	1803.00
883.02	1854.00
883.20	1842.00
883.38	1896.00
883.57	1853.00
883.75	1798.00
883.94	1797.00
884.12	1835.00
884.30	1850.00
884.49	1810.00
884.67	1897.00
884.86	1922.00
885.04	1849.00
885.22	1859.00
885.41	1781.00
885.59	1806.00
885.78	1767.00
885.96	1801.00
886.14	1841.00
886.33	1872.00
886.51	1833.00
886.70	1766.00
886.88	1835.00
887.06	1806.00
887.25	1756.00
887.43	1831.00
887.62	1749.00
887.80	1768.00
887.98	1793.00
888.17	1802.00
888.35	1756.00
888.54	1709.00
888.72	1790.00
888.90	1852.00
889.09	1785.00
889.27	1786.00
889.46	1769.00
889.64	1751.00
889.82	1698.00
890.01	1710.00
890.19	1751.00
890.38	1739.00
890.56	1764.00
890.74	1759.00
890.93	1735.00
891.11	1733.00
891.29	1742.00
891.48	1656.00
891.66	1733.00
891.85	1868.00
892.03	1804.00
892.21	1819.00
892.40	1812.00
892.58	1746.00
892.76	1732.00
892.95	1756.00
893.13	1746.00
893.32	1732.00
893.50	1841.00
893.68	1796.00
893.87	1784.00
894.05	1817.00
894.23	1734.00
894.42	1731.00
894.60	1786.00
894.79	1812.00
894.97	1784.00
895.15	1729.00
895.34	1829.00
895.52	1839.00
895.70	1776.00
895.89	1706.00
896.07	1740.00
896.25	1820.00
896.44	1868.00
896.62	1866.00
896.81	1843.00
896.99	1860.00
897.17	1808.00
897.36	1876.00
897.54	1889.00
897.72	1874.00
897.91	1896.00
898.09	1874.00
898.27	1778.00
898.46	1805.00
898.64	1917.00
898.82	1894.00
899.01	1919.00
899.19	1873.00
899.37	1857.00
899.56	1767.00
899.74	1881.00
899.92	1843.00
900.11	1813.00
900.29	1924.00
900.47	1982.00
900.66	1914.00
900.84	1877.00
901.03	1892.00
901.21	1894.00
901.39	1923.00
901.58	1981.00
901.76	1898.00
901.94	1916.00
902.13	1977.00
902.31	1988.00
902.49	1939.00
902.68	1909.00
902.86	1964.00
903.04	1964.00
903.23	1904.00
903.41	1869.00
903.59	1958.00
903.78	2014.00
903.96	2038.00
904.14	2008.00
904.32	1991.00
904.51	1977.00
904.69	1937.00
904.87	2007.00
905.06	2026.00
905.24	1948.00
905.42	1916.00
905.61	1929.00
905.79	1924.00
905.97	1961.00
906.16	1954.00
906.34	2010.00
906.52	2045.00
906.71	1960.00
906.89	1920.00
907.07	1925.00
907.26	1993.00
907.44	2007.00
907.62	1986.00
907.81	1966.00
907.99	1895.00
908.17	2030.00
908.35	2047.00
908.54	2027.00
908.72	1971.00
908.90	2012.00
909.09	2031.00
909.27	1943.00
909.45	2009.00
909.64	2031.00
909.82	2012.00
910.00	2027.00
910.18	2033.00
910.37	1970.00
910.55	2014.00
910.73	2054.00
910.92	1962.00
911.10	2004.00
911.28	2013.00
911.47	1993.00
911.65	1891.00
911.83	1913.00
912.01	1942.00
912.20	1976.00
912.38	1927.00
912.56	1962.00
912.75	1893.00
912.93	1851.00
913.11	1968.00
913.29	1984.00
913.48	1965.00
913.66	1950.00
913.84	1945.00
914.03	1968.00
914.21	1924.00
914.39	1926.00
914.57	1987.00
914.76	1933.00
914.94	1932.00
915.12	1918.00
915.31	1945.00
915.49	1873.00
915.67	1875.00
915.85	1926.00
916.04	1933.00
916.22	1907.00
916.40	1838.00
916.58	1884.00
916.77	1889.00
916.95	1942.00
917.13	1898.00
917.32	1881.00
917.50	1842.00
917.68	1930.00
917.86	1937.00
918.05	1835.00
918.23	1890.00
918.41	1857.00
918.59	1913.00
918.78	1967.00
918.96	1910.00
919.14	1867.00
919.32	1768.00
919.51	1831.00
919.69	1895.00
919.87	1889.00
920.05	1856.00
920.24	1784.00
920.42	1760.00
920.60	1825.00
920.78	1796.00
920.97	1884.00
921.15	1822.00
921.33	1792.00
921.52	1768.00
921.70	1768.00
921.88	1754.00
922.06	1801.00
922.24	1828.00
922.43	1822.00
922.61	1746.00
922.79	1717.00
922.97	1795.00
923.16	1778.00
923.34	1783.00
923.52	1769.00
923.70	1754.00
923.89	1749.00
924.07	1739.00
924.25	1783.00
924.43	1787.00
924.62	1681.00
924.80	1672.00
924.98	1724.00
925.16	1721.00
925.35	1732.00
925.53	1744.00
925.71	1738.00
925.89	1722.00
926.08	1643.00
926.26	1656.00
926.44	1620.00
926.62	1699.00
926.80	1715.00
926.99	1667.00
927.17	1668.00
927.35	1718.00
927.53	1724.00
927.72	1716.00
927.90	1638.00
928.08	1694.00
928.26	1675.00
928.44	1656.00
928.63	1636.00
928.81	1625.00
928.99	1651.00
929.17	1598.00
929.36	1620.00
929.54	1600.00
929.72	1597.00
929.90	1634.00
930.08	1539.00
930.27	1570.00
930.45	1574.00
930.63	1566.00
930.81	1685.00
930.99	1607.00
931.18	1571.00
931.36	1533.00
931.54	1457.00
931.72	1508.00
931.90	1528.00
932.09	1450.00
932.27	1545.00
932.45	1562.00
932.63	1426.00
932.81	1426.00
933.00	1477.00
933.18	1522.00
933.36	1453.00
933.54	1427.00
933.72	1409.00
933.91	1398.00
934.09	1363.00
934.27	1375.00
934.45	1412.00
934.63	1435.00
934.82	1395.00
935.00	1351.00
935.18	1323.00
935.36	1298.00
935.54	1260.00
935.73	1341.00
935.91	1253.00
936.09	1245.00
936.27	1211.00
936.45	1242.00
936.64	1212.00
936.82	1259.00
937.00	1277.00
937.18	1208.00
937.36	1151.00
937.54	1128.00
937.73	1095.00
937.91	1055.00
938.09	1126.00
938.27	1076.00
938.45	990.00
938.63	970.00
938.82	988.00
939.00	973.00
939.18	974.00
939.36	1035.00
939.54	1045.00
939.73	962.00
939.91	901.00
940.09	867.00
940.27	860.00
940.45	901.00
940.63	893.00
940.82	918.00
941.00	849.00
941.18	828.00
941.36	830.00
941.54	815.00
941.72	797.00
941.91	804.00
942.09	758.00
942.27	769.00
942.45	727.00
942.63	796.00
942.81	852.00
942.99	773.00
943.18	736.00
943.36	719.00
943.54	756.00
943.72	800.00
943.90	776.00
944.08	768.00
944.27	766.00
944.45	720.00
944.63	744.00
944.81	722.00
944.99	736.00
945.17	783.00
945.35	756.00
945.54	802.00
945.72	691.00
945.90	762.00
946.08	757.00
946.26	712.00
946.44	815.00
946.62	726.00
946.81	695.00
946.99	742.00
947.17	716.00
947.35	733.00
947.53	749.00
947.71	776.00
947.89	777.00
948.07	768.00
948.26	790.00
948.44	780.00
948.62	792.00
948.80	808.00
948.98	724.00
949.16	673.00
949.34	690.00
949.53	786.00
949.71	746.00
949.89	814.00
950.07	723.00
950.25	703.00
950.43	775.00
950.61	863.00
950.79	747.00
950.98	773.00
951.16	794.00
951.34	792.00
951.52	763.00
951.70	776.00
951.88	704.00
952.06	763.00
952.24	682.00
952.42	683.00
952.61	740.00
952.79	714.00
952.97	724.00
953.15	757.00
953.33	682.00
953.51	690.00
953.69	697.00
953.87	740.00
954.05	677.00
954.24	755.00
954.42	755.00
954.60	660.00
954.78	696.00
954.96	704.00
955.14	689.00
955.32	709.00
955.50	730.00
955.68	678.00
955.86	740.00
956.05	754.00
956.23	662.00
956.41	691.00
956.59	725.00
956.77	688.00
956.95	729.00
957.13	715.00
957.31	756.00
957.49	782.00
957.67	758.00
957.86	742.00
958.04	679.00
958.22	646.00
958.40	737.00
958.58	705.00
958.76	687.00
958.94	765.00
959.12	689.00
959.30	665.00
959.48	686.00
959.66	673.00
959.84	647.00
960.03	600.00
960.21	680.00
960.39	705.00
960.57	729.00
960.75	702.00
960.93	712.00
961.11	714.00
961.29	620.00
961.47	677.00
961.65	635.00
961.83	710.00
962.01	703.00
962.19	624.00
962.37	627.00
962.56	646.00
962.74	601.00
962.92	644.00
963.10	656.00
963.28	574.00
963.46	621.00
963.64	638.00
963.82	712.00
964.00	714.00
964.18	655.00
964.36	644.00
964.54	743.00
964.72	670.00
964.90	571.00
965.08	619.00
965.27	638.00
965.45	623.00
965.63	629.00
965.81	606.00
965.99	690.00
966.17	629.00
966.35	701.00
966.53	669.00
966.71	611.00
966.89	651.00
967.07	682.00
967.25	579.00
967.43	573.00
967.61	650.00
967.79	606.00
967.97	607.00
968.15	587.00
968.33	604.00
968.51	617.00
968.69	587.00
968.87	593.00
969.06	602.00
969.24	664.00
969.42	606.00
969.60	610.00
969.78	624.00
969.96	521.00
970.14	586.00
970.32	575.00
970.50	563.00
970.68	616.00
970.86	646.00
971.04	639.00
971.22	610.00
971.40	628.00
971.58	624.00
971.76	579.00
971.94	514.00
972.12	527.00
972.30	562.00
972.48	570.00
972.66	620.00
972.84	525.00
973.02	549.00
973.20	637.00
973.38	553.00
973.56	576.00
973.74	548.00
973.92	513.00
974.10	524.00
974.28	479.00
974.46	492.00
974.64	482.00
974.82	501.00
975.00	520.00
975.18	598.00
975.36	590.00
975.54	577.00
975.72	511.00
975.90	502.00
976.08	521.00
976.26	555.00
976.44	544.00
976.62	427.00
976.80	505.00
976.98	519.00
977.16	449.00
977.34	502.00
977.52	507.00
977.70	471.00
977.88	544.00
978.06	532.00
978.24	561.00
978.42	551.00
978.60	530.00
978.78	482.00
978.96	428.00
979.14	440.00
979.32	501.00
979.50	445.00
979.68	441.00
979.86	496.00
980.04	442.00
980.22	484.00
980.40	502.00
980.58	496.00
980.76	484.00
980.94	443.00
981.12	486.00
981.30	521.00
981.48	506.00
981.66	460.00
981.84	402.00
982.02	439.00
982.20	408.00
982.38	359.00
982.56	454.00
982.74	459.00
982.92	433.00
983.10	510.00
983.28	555.00
983.46	451.00
983.64	461.00
983.82	477.00
984.00	497.00
984.18	473.00
984.36	410.00
984.54	442.00
984.72	476.00
984.90	479.00
985.08	406.00
985.26	435.00
985.44	447.00
985.62	426.00
985.80	445.00
985.98	499.00
986.16	420.00
986.34	451.00
986.51	447.00
986.69	393.00
986.87	436.00
987.05	424.00
987.23	492.00
987.41	506.00
987.59	421.00
987.77	426.00
987.95	386.00
988.13	472.00
988.31	421.00
988.49	423.00
988.67	419.00
988.85	487.00
989.03	404.00
989.21	397.00
989.39	408.00
989.57	412.00
989.75	394.00
989.93	358.00
990.11	430.00
990.28	386.00
990.46	436.00
990.64	441.00
990.82	445.00
991.00	471.00
991.18	441.00
991.36	394.00
991.54	409.00
991.72	370.00
991.90	352.00
992.08	393.00
992.26	411.00
992.44	377.00
992.62	367.00
992.80	418.00
992.98	425.00
993.15	416.00
993.33	367.00
993.51	400.00
993.69	387.00
993.87	270.00
994.05	330.00
994.23	356.00
994.41	338.00
994.59	429.00
994.77	431.00
994.95	351.00
995.13	340.00
995.31	429.00
995.48	402.00
995.66	395.00
995.84	406.00
996.02	380.00
996.20	317.00
996.38	313.00
996.56	362.00
996.74	409.00
996.92	402.00
997.10	353.00
997.28	341.00
997.46	283.00
997.63	357.00
997.81	423.00
997.99	378.00
998.17	335.00
998.35	352.00
998.53	337.00
998.71	355.00
998.89	375.00
999.07	297.00
999.25	268.00
999.43	277.00
999.60	399.00
999.78	413.00
999.96	374.00
1000.14	374.00
1000.32	317.00
1000.50	302.00
1000.68	284.00
1000.86	357.00
1001.04	355.00
1001.21	356.00
1001.39	251.00
1001.57	198.00
1001.75	308.00
1001.93	369.00
1002.11	392.00
1002.29	379.00
1002.47	375.00
1002.65	396.00
1002.82	275.00
1003.00	282.00
1003.18	265.00
1003.36	280.00
1003.54	348.00
1003.72	303.00
1003.90	339.00
1004.08	261.00
1004.26	268.00
1004.43	328.00
1004.61	386.00
1004.79	380.00
1004.97	313.00
1005.15	296.00
1005.33	338.00
1005.51	263.00
1005.69	292.00
1005.86	308.00
1006.04	282.00
1006.22	213.00
1006.40	218.00
1006.58	284.00
1006.76	400.00
1006.94	359.00
1007.12	349.00
1007.29	265.00
1007.47	238.00
1007.65	318.00
1007.83	261.00
1008.01	239.00
1008.19	259.00
1008.37	263.00
1008.54	259.00
1008.72	320.00
1008.90	301.00
1009.08	278.00
1009.26	262.00
1009.44	312.00
1009.62	260.00
1009.79	322.00
1009.97	277.00
1010.15	223.00
1010.33	286.00
1010.51	258.00
1010.69	197.00
1010.87	241.00
1011.04	239.00
1011.22	277.00
1011.40	301.00
1011.58	255.00
1011.76	278.00
1011.94	305.00
1012.11	317.00
1012.29	292.00
1012.47	306.00
1012.65	307.00
1012.83	212.00
1013.01	261.00
1013.18	290.00
1013.36	271.00
1013.54	290.00
1013.72	316.00
1013.90	271.00
1014.08	205.00
1014.25	240.00
1014.43	245.00
1014.61	268.00
1014.79	309.00
1014.97	291.00
1015.15	240.00
1015.32	212.00
1015.50	262.00
1015.68	249.00
1015.86	280.00
1016.04	230.00
1016.22	262.00
1016.39	221.00
1016.57	314.00
1016.75	296.00
1016.93	217.00
1017.11	245.00
1017.29	281.00
1017.46	229.00
1017.64	234.00
1017.82	258.00
1018.00	249.00
1018.18	256.00
1018.35	234.00
1018.53	239.00
1018.71	185.00
1018.89	224.00
1019.07	228.00
1019.24	265.00
1019.42	263.00
1019.60	213.00
1019.78	216.00
1019.96	224.00
1020.14	227.00
1020.31	233.00
1020.49	252.00
1020.67	226.00
1020.85	222.00
1021.03	199.00
1021.20	209.00
1021.38	168.00
1021.56	209.00
1021.74	205.00
1021.92	228.00
1022.09	218.00
1022.27	208.00
1022.45	234.00
1022.63	231.00
1022.81	214.00
1022.98	253.00
1023.16	252.00
1023.34	257.00
1023.52	259.00
1023.69	217.00
1023.87	229.00
1024.05	226.00
1024.23	157.00
1024.41	236.00
1024.58	153.00
1024.76	233.00
1024.94	167.00
1025.12	203.00
1025.30	186.00
1025.47	196.00
1025.65	234.00
1025.83	208.00
1026.01	219.00
1026.18	231.00
1026.36	238.00
1026.54	173.00
1026.72	218.00
1026.90	219.00
1027.07	183.00
1027.25	169.00
1027.43	210.00
1027.61	185.00
1027.78	204.00
1027.96	197.00
1028.14	200.00
1028.32	175.00
1028.49	183.00
1028.67	166.00
1028.85	233.00
1029.03	206.00
1029.21	157.00
1029.38	197.00
1029.56	227.00
1029.74	146.00
1029.92	161.00
1030.09	239.00
1030.27	202.00
1030.45	150.00
1030.63	105.00
1030.80	161.00
1030.98	130.00
1031.16	187.00
1031.34	193.00
1031.51	132.00
1031.69	173.00
1031.87	155.00
1032.05	169.00
1032.22	103.00
1032.40	100.00
1032.58	178.00
1032.76	174.00
1032.93	177.00
1033.11	141.00
1033.29	136.00
1033.47	129.00
1033.64	169.00
1033.82	162.00
1034.00	172.00
1034.18	168.00
1034.35	227.00
1034.53	196.00
1034.71	187.00
1034.89	216.00
1035.06	150.00
1035.24	168.00
1035.42	178.00
1035.59	182.00
1035.77	98.00
1035.95	115.00
1036.13	166.00
1036.30	101.00
1036.48	173.00
1036.66	157.00
1036.84	95.00
1037.01	137.00
1037.19	194.00
1037.37	186.00
1037.54	176.00
1037.72	182.00
1037.90	169.00
1038.08	159.00
1038.25	123.00
1038.43	160.00
1038.61	105.00
1038.79	123.00
1038.96	126.00
1039.14	171.00
1039.32	122.00
1039.49	136.00
1039.67	102.00
1039.85	163.00
1040.03	144.00
1040.20	171.00
1040.38	138.00
1040.56	119.00
1040.73	96.00
1040.91	134.00
1041.09	195.00
1041.27	159.00
1041.44	105.00
1041.62	76.00
1041.80	57.00
1041.97	67.00
1042.15	127.00
1042.33	135.00
1042.50	176.00
1042.68	118.00
1042.86	134.00
1043.04	108.00
1043.21	159.00
1043.39	114.00
1043.57	133.00
1043.74	195.00
1043.92	112.00
1044.10	89.00
1044.27	153.00
1044.45	187.00
1044.63	141.00
1044.80	100.00
1044.98	108.00
1045.16	113.00
1045.34	129.00
1045.51	105.00
1045.69	170.00
1045.87	138.00
1046.04	133.00
1046.22	74.00
1046.40	165.00
1046.57	115.00
1046.75	153.00
1046.93	156.00
1047.10	111.00
1047.28	152.00
1047.46	155.00
1047.63	168.00
1047.81	102.00
1047.99	170.00
1048.16	176.00
1048.34	151.00
1048.52	138.00
1048.69	151.00
1048.87	63.00
1049.05	124.00
1049.22	127.00
1049.40	73.00
1049.58	139.00
1049.75	143.00
1049.93	194.00
1050.11	152.00
1050.28	43.00
1050.46	146.00
1050.64	75.00
1050.81	105.00
1050.99	98.00
1051.17	143.00
1051.34	123.00
1051.52	95.00
1051.70	150.00
1051.87	27.00
1052.05	72.00
1052.23	35.00
1052.40	48.00
1052.58	65.00
1052.76	80.00
1052.93	90.00
1053.11	98.00
1053.29	116.00
1053.46	163.00
1053.64	82.00
1053.82	37.00
1053.99	163.00
1054.17	188.00
1054.35	132.00
1054.52	119.00
1054.70	114.00
1054.87	120.00
1055.05	118.00
1055.23	102.00
1055.40	135.00
1055.58	129.00
1055.76	142.00
1055.93	85.00
1056.11	49.00
1056.29	87.00
1056.46	35.00
1056.64	91.00
1056.81	150.00
1056.99	109.00
1057.17	168.00
1057.34	71.00
1057.52	88.00
1057.70	155.00
1057.87	76.00
1058.05	102.00
1058.22	51.00
1058.40	78.00
1058.58	146.00
1058.75	100.00
1058.93	79.00
1059.11	68.00
1059.28	105.00
1059.46	113.00
1059.63	112.00
1059.81	58.00
1059.99	60.00
1060.16	95.00
1060.34	126.00
1060.52	122.00
1060.69	71.00
1060.87	106.00
1061.04	113.00
1061.22	39.00
