367.62	-81.00
367.82	-71.00
368.02	-63.00
368.23	-155.00
368.43	-77.00
368.63	-9.00
368.83	-65.00
369.04	-58.00
369.24	-48.00
369.44	-36.00
369.65	-70.00
369.85	-101.00
370.05	-141.00
370.25	-62.00
370.46	-44.00
370.66	5.00
370.86	-63.00
371.07	-37.00
371.27	-37.00
371.47	-66.00
371.67	-64.00
371.88	-101.00
372.08	-68.00
372.28	-128.00
372.49	-33.00
372.69	-74.00
372.89	-42.00
373.09	-84.00
373.30	-90.00
373.50	-31.00
373.70	-81.00
373.91	-47.00
374.11	-56.00
374.31	-77.00
374.51	-23.00
374.72	-40.00
374.92	-99.00
375.12	-74.00
375.33	-105.00
375.53	-67.00
375.73	-116.00
375.93	-43.00
376.14	-91.00
376.34	-112.00
376.54	-98.00
376.74	-116.00
376.95	-130.00
377.15	-70.00
377.35	-14.00
377.55	1.00
377.76	-16.00
377.96	-69.00
378.16	-91.00
378.37	-41.00
378.57	-95.00
378.77	-74.00
378.97	-20.00
379.18	-64.00
379.38	-88.00
379.58	-13.00
379.78	-57.00
379.99	-62.00
380.19	-22.00
380.39	-128.00
380.59	-104.00
380.80	-52.00
381.00	-13.00
381.20	-89.00
381.40	-66.00
381.61	-28.00
381.81	-78.00
382.01	-87.00
382.21	-54.00
382.42	-43.00
382.62	26.00
382.82	-53.00
383.02	-66.00
383.23	37.00
383.43	-29.00
383.63	-63.00
383.83	-74.00
384.04	-49.00
384.24	-61.00
384.44	-50.00
384.64	-89.00
384.85	-67.00
385.05	-62.00
385.25	-18.00
385.45	-139.00
385.66	-45.00
385.86	-46.00
386.06	29.00
386.26	-29.00
386.47	-79.00
386.67	-98.00
386.87	-3.00
387.07	-91.00
387.27	-81.00
387.48	-25.00
387.68	-23.00
387.88	-68.00
388.08	-69.00
388.29	-57.00
388.49	-40.00
388.69	-14.00
388.89	-60.00
389.10	-42.00
389.30	-48.00
389.50	-4.00
389.70	-23.00
389.90	14.00
390.11	-53.00
390.31	-108.00
390.51	-104.00
390.71	-98.00
390.92	-117.00
391.12	-69.00
391.32	-90.00
391.52	-72.00
391.72	-31.00
391.93	-48.00
392.13	-2.00
392.33	-9.00
392.53	-108.00
392.74	-76.00
392.94	-40.00
393.14	-47.00
393.34	-37.00
393.54	-62.00
393.75	-78.00
393.95	-104.00
394.15	-103.00
394.35	-14.00
394.56	-23.00
394.76	-83.00
394.96	-26.00
395.16	-1.00
395.36	-57.00
395.57	-45.00
395.77	-56.00
395.97	-37.00
396.17	-104.00
396.37	-70.00
396.58	-58.00
396.78	-78.00
396.98	-144.00
397.18	-118.00
397.38	-85.00
397.59	-67.00
397.79	-23.00
397.99	-118.00
398.19	-115.00
398.39	-91.00
398.60	-71.00
398.80	-44.00
399.00	-81.00
399.20	-14.00
399.40	-48.00
399.61	-82.00
399.81	-140.00
400.01	-97.00
400.21	-43.00
400.41	-60.00
400.62	-47.00
400.82	-110.00
401.02	-45.00
401.22	-30.00
401.42	-74.00
401.63	-80.00
401.83	-83.00
402.03	-65.00
402.23	-133.00
402.43	-81.00
402.64	-42.00
402.84	-48.00
403.04	-115.00
403.24	-97.00
403.44	-38.00
403.64	-31.00
403.85	4.00
404.05	-43.00
404.25	-70.00
404.45	-63.00
404.65	-117.00
404.86	-88.00
405.06	-10.00
405.26	-25.00
405.46	-89.00
405.66	-47.00
405.86	-28.00
406.07	29.00
406.27	-79.00
406.47	9.00
406.67	-59.00
406.87	32.00
407.07	-17.00
407.28	-73.00
407.48	-86.00
407.68	-25.00
407.88	-86.00
408.08	-72.00
408.28	19.00
408.49	-9.00
408.69	-53.00
408.89	-51.00
409.09	2.00
409.29	-30.00
409.49	-109.00
409.70	-76.00
409.90	-27.00
410.10	35.00
410.30	-81.00
410.50	-52.00
410.70	-44.00
410.91	-51.00
411.11	-36.00
411.31	-21.00
411.51	-28.00
411.71	-92.00
411.91	-102.00
412.12	-30.00
412.32	-3.00
412.52	-14.00
412.72	-30.00
412.92	-39.00
413.12	-45.00
413.32	-30.00
413.53	-55.00
413.73	-25.00
413.93	-18.00
414.13	-86.00
414.33	-131.00
414.53	-68.00
414.74	-73.00
414.94	-65.00
415.14	-113.00
415.34	-90.00
415.54	-96.00
415.74	-9.00
415.94	-13.00
416.15	-144.00
416.35	-45.00
416.55	-10.00
416.75	-37.00
416.95	-72.00
417.15	8.00
417.35	-60.00
417.56	-3.00
417.76	64.00
417.96	-4.00
418.16	6.00
418.36	-56.00
418.56	-65.00
418.76	-46.00
418.97	-78.00
419.17	-79.00
419.37	-2.00
419.57	3.00
419.77	-71.00
419.97	-55.00
420.17	-58.00
420.37	-67.00
420.58	-96.00
420.78	-62.00
420.98	-7.00
421.18	-59.00
421.38	-23.00
421.58	-38.00
421.78	-49.00
421.98	-49.00
422.19	-32.00
422.39	-44.00
422.59	-31.00
422.79	-44.00
422.99	-33.00
423.19	-24.00
423.39	-30.00
423.59	-98.00
423.80	-56.00
424.00	-51.00
424.20	28.00
424.40	-109.00
424.60	-53.00
424.80	-50.00
425.00	-27.00
425.20	0.00
425.40	-52.00
425.61	-79.00
425.81	-27.00
426.01	-29.00
426.21	-8.00
426.41	-70.00
426.61	-46.00
426.81	-17.00
427.01	-22.00
427.21	12.00
427.42	-13.00
427.62	-61.00
427.82	-42.00
428.02	-27.00
428.22	48.00
428.42	-65.00
428.62	-134.00
428.82	-21.00
429.02	16.00
429.23	-38.00
429.43	-6.00
429.63	-89.00
429.83	-38.00
430.03	-2.00
430.23	-15.00
430.43	-13.00
430.63	19.00
430.83	-49.00
431.03	-73.00
431.24	-135.00
431.44	-28.00
431.64	-54.00
431.84	-70.00
432.04	-19.00
432.24	22.00
432.44	-34.00
432.64	-23.00
432.84	-53.00
433.04	-37.00
433.24	-99.00
433.45	-127.00
433.65	-92.00
433.85	-39.00
434.05	-83.00
434.25	-28.00
434.45	-28.00
434.65	-136.00
434.85	-97.00
435.05	-121.00
435.25	-74.00
435.45	-86.00
435.65	-48.00
435.86	-65.00
436.06	-57.00
436.26	-95.00
436.46	-75.00
436.66	-36.00
436.86	-80.00
437.06	-46.00
437.26	-49.00
437.46	-15.00
437.66	-36.00
437.86	-46.00
438.06	-87.00
438.26	-102.00
438.47	-70.00
438.67	-16.00
438.87	-41.00
439.07	-21.00
439.27	15.00
439.47	-11.00
439.67	-118.00
439.87	-49.00
440.07	21.00
440.27	-39.00
440.47	-1.00
440.67	7.00
440.87	42.00
441.07	-45.00
441.27	-1.00
441.48	9.00
441.68	-97.00
441.88	-101.00
442.08	-42.00
442.28	-35.00
442.48	-46.00
442.68	-118.00
442.88	-100.00
443.08	-53.00
443.28	-41.00
443.48	-41.00
443.68	-39.00
443.88	12.00
444.08	-77.00
444.28	-118.00
444.48	-68.00
444.68	-35.00
444.88	-34.00
445.09	-108.00
445.29	-1.00
445.49	-22.00
445.69	-40.00
445.89	-53.00
446.09	4.00
446.29	50.00
446.49	-27.00
446.69	-10.00
446.89	-37.00
447.09	12.00
447.29	-33.00
447.49	-21.00
447.69	-69.00
447.89	-35.00
448.09	-8.00
448.29	-43.00
448.49	-12.00
448.69	-15.00
448.89	-36.00
449.09	-16.00
449.29	-20.00
449.49	36.00
449.70	-48.00
449.90	-120.00
450.10	-116.00
450.30	-74.00
450.50	-58.00
450.70	-18.00
450.90	-32.00
451.10	30.00
451.30	-1.00
451.50	-19.00
451.70	13.00
451.90	38.00
452.10	-41.00
452.30	-50.00
452.50	-23.00
452.70	-50.00
452.90	-11.00
453.10	-1.00
453.30	-5.00
453.50	40.00
453.70	-15.00
453.90	-76.00
454.10	-100.00
454.30	-52.00
454.50	-8.00
454.70	-26.00
454.90	-54.00
455.10	-14.00
455.30	-22.00
455.50	-4.00
455.70	-41.00
455.90	-57.00
456.10	-9.00
456.30	15.00
456.50	-76.00
456.70	-41.00
456.90	-83.00
457.10	-99.00
457.30	-41.00
457.50	-32.00
457.70	-23.00
457.90	19.00
458.10	-4.00
458.30	31.00
458.50	84.00
458.70	41.00
458.90	-36.00
459.10	-34.00
459.30	62.00
459.50	10.00
459.70	20.00
459.90	18.00
460.10	9.00
460.30	-19.00
460.50	-59.00
460.70	-12.00
460.90	-91.00
461.10	32.00
461.30	40.00
461.50	27.00
461.70	-28.00
461.90	-29.00
462.10	14.00
462.30	-26.00
462.50	36.00
462.70	70.00
462.90	97.00
463.10	47.00
463.30	-29.00
463.50	-38.00
463.70	-59.00
463.90	26.00
464.10	-22.00
464.30	-32.00
464.50	31.00
464.70	37.00
464.90	83.00
465.10	25.00
465.30	46.00
465.50	65.00
465.70	36.00
465.90	10.00
466.10	4.00
466.30	41.00
466.50	67.00
466.70	6.00
466.90	-37.00
467.10	-8.00
467.30	-43.00
467.50	55.00
467.70	-27.00
467.90	69.00
468.10	50.00
468.30	9.00
468.50	-24.00
468.70	31.00
468.90	-19.00
469.10	-69.00
469.30	-83.00
469.50	54.00
469.70	41.00
469.90	-2.00
470.10	-29.00
470.30	-28.00
470.50	25.00
470.70	3.00
470.90	13.00
471.10	26.00
471.29	-28.00
471.49	-51.00
471.69	-39.00
471.89	-58.00
472.09	-13.00
472.29	32.00
472.49	49.00
472.69	-20.00
472.89	47.00
473.09	-23.00
473.29	-50.00
473.49	-23.00
473.69	10.00
473.89	39.00
474.09	4.00
474.29	-17.00
474.49	9.00
474.69	19.00
474.89	-5.00
475.09	-26.00
475.29	-45.00
475.49	-15.00
475.69	-63.00
475.88	30.00
476.08	65.00
476.28	-46.00
476.48	8.00
476.68	-27.00
476.88	5.00
477.08	19.00
477.28	-13.00
477.48	-2.00
477.68	-46.00
477.88	0.00
478.08	-17.00
478.28	-37.00
478.48	39.00
478.68	29.00
478.88	-4.00
479.08	-71.00
479.28	14.00
479.47	73.00
479.67	62.00
479.87	-36.00
480.07	41.00
480.27	7.00
480.47	66.00
480.67	-9.00
480.87	-62.00
481.07	-62.00
481.27	-1.00
481.47	-11.00
481.67	34.00
481.87	-39.00
482.07	3.00
482.27	-15.00
482.46	-69.00
482.66	-45.00
482.86	-27.00
483.06	18.00
483.26	-7.00
483.46	-12.00
483.66	25.00
483.86	11.00
484.06	29.00
484.26	62.00
484.46	32.00
484.66	31.00
484.86	-78.00
485.05	-44.00
485.25	17.00
485.45	4.00
485.65	6.00
485.85	-5.00
486.05	-44.00
486.25	-4.00
486.45	-6.00
486.65	-49.00
486.85	-102.00
487.05	-22.00
487.25	-28.00
487.44	-51.00
487.64	22.00
487.84	35.00
488.04	11.00
488.24	-8.00
488.44	3.00
488.64	31.00
488.84	11.00
489.04	0.00
489.24	12.00
489.43	56.00
489.63	16.00
489.83	-14.00
490.03	-2.00
490.23	-8.00
490.43	76.00
490.63	38.00
490.83	-23.00
491.03	61.00
491.23	34.00
491.42	-36.00
491.62	11.00
491.82	43.00
492.02	72.00
492.22	19.00
492.42	78.00
492.62	90.00
492.82	106.00
493.02	68.00
493.22	45.00
493.41	9.00
493.61	51.00
493.81	61.00
494.01	116.00
494.21	50.00
494.41	46.00
494.61	28.00
494.81	50.00
495.01	56.00
495.20	59.00
495.40	91.00
495.60	88.00
495.80	127.00
496.00	112.00
496.20	-1.00
496.40	52.00
496.60	90.00
496.79	49.00
496.99	46.00
497.19	79.00
497.39	38.00
497.59	49.00
497.79	65.00
497.99	39.00
498.19	92.00
498.38	9.00
498.58	-7.00
498.78	53.00
498.98	0.00
499.18	28.00
499.38	58.00
499.58	55.00
499.78	55.00
499.97	80.00
500.17	112.00
500.37	53.00
500.57	61.00
500.77	91.00
500.97	70.00
501.17	36.00
501.37	62.00
501.56	31.00
501.76	75.00
501.96	83.00
502.16	14.00
502.36	29.00
502.56	57.00
502.76	78.00
502.95	114.00
503.15	57.00
503.35	105.00
503.55	103.00
503.75	117.00
503.95	59.00
504.15	33.00
504.34	94.00
504.54	75.00
504.74	98.00
504.94	115.00
505.14	83.00
505.34	47.00
505.54	79.00
505.73	89.00
505.93	129.00
506.13	109.00
506.33	113.00
506.53	125.00
506.73	102.00
506.92	34.00
507.12	72.00
507.32	147.00
507.52	80.00
507.72	37.00
507.92	65.00
508.12	46.00
508.31	78.00
508.51	68.00
508.71	19.00
508.91	60.00
509.11	75.00
509.31	101.00
509.50	120.00
509.70	21.00
509.90	88.00
510.10	90.00
510.30	46.00
510.50	54.00
510.69	86.00
510.89	40.00
511.09	79.00
511.29	99.00
511.49	91.00
511.69	25.00
511.88	-34.00
512.08	79.00
512.28	60.00
512.48	10.00
512.68	55.00
512.88	47.00
513.07	35.00
513.27	2.00
513.47	29.00
513.67	86.00
513.87	60.00
514.06	-4.00
514.26	109.00
514.46	54.00
514.66	35.00
514.86	50.00
515.06	52.00
515.25	94.00
515.45	77.00
515.65	31.00
515.85	123.00
516.05	128.00
516.24	113.00
516.44	90.00
516.64	163.00
516.84	164.00
517.04	82.00
517.23	109.00
517.43	171.00
517.63	93.00
517.83	108.00
518.03	33.00
518.23	110.00
518.42	71.00
518.62	35.00
518.82	30.00
519.02	141.00
519.22	99.00
519.41	154.00
519.61	157.00
519.81	139.00
520.01	117.00
520.21	25.00
520.40	91.00
520.60	112.00
520.80	91.00
521.00	145.00
521.20	131.00
521.39	156.00
521.59	130.00
521.79	117.00
521.99	105.00
522.19	99.00
522.38	96.00
522.58	123.00
522.78	113.00
522.98	136.00
523.17	184.00
523.37	62.00
523.57	88.00
523.77	120.00
523.97	54.00
524.16	92.00
524.36	133.00
524.56	94.00
524.76	110.00
524.96	119.00
525.15	88.00
525.35	114.00
525.55	41.00
525.75	135.00
525.94	291.00
526.14	168.00
526.34	197.00
526.54	105.00
526.74	67.00
526.93	96.00
527.13	96.00
527.33	220.00
527.53	231.00
527.72	211.00
527.92	148.00
528.12	148.00
528.32	156.00
528.52	184.00
528.71	171.00
528.91	164.00
529.11	146.00
529.31	146.00
529.50	166.00
529.70	156.00
529.90	124.00
530.10	209.00
530.29	153.00
530.49	171.00
530.69	158.00
530.89	214.00
531.09	205.00
531.28	175.00
531.48	211.00
531.68	227.00
531.88	201.00
532.07	177.00
532.27	224.00
532.47	229.00
532.67	193.00
532.86	168.00
533.06	177.00
533.26	176.00
533.46	154.00
533.65	177.00
533.85	158.00
534.05	214.00
534.25	246.00
534.44	187.00
534.64	187.00
534.84	217.00
535.04	219.00
535.23	167.00
535.43	204.00
535.63	269.00
535.83	209.00
536.02	120.00
536.22	176.00
536.42	208.00
536.62	185.00
536.81	220.00
537.01	280.00
537.21	260.00
537.41	268.00
537.60	251.00
537.80	246.00
538.00	266.00
538.20	318.00
538.39	220.00
538.59	253.00
538.79	265.00
538.99	321.00
539.18	349.00
539.38	280.00
539.58	246.00
539.77	311.00
539.97	230.00
540.17	188.00
540.37	200.00
540.56	263.00
540.76	251.00
540.96	291.00
541.16	296.00
541.35	240.00
541.55	229.00
541.75	304.00
541.94	267.00
542.14	350.00
542.34	394.00
542.54	339.00
542.73	294.00
542.93	305.00
543.13	305.00
543.33	279.00
543.52	340.00
543.72	221.00
543.92	221.00
544.11	262.00
544.31	362.00
544.51	350.00
544.71	223.00
544.90	273.00
545.10	233.00
545.30	275.00
545.49	353.00
545.69	449.00
545.89	400.00
546.09	324.00
546.28	349.00
546.48	379.00
546.68	374.00
546.87	330.00
547.07	284.00
547.27	325.00
547.47	288.00
547.66	311.00
547.86	361.00
548.06	386.00
548.25	370.00
548.45	326.00
548.65	371.00
548.84	423.00
549.04	369.00
549.24	239.00
549.44	279.00
549.63	356.00
549.83	366.00
550.03	344.00
550.22	337.00
550.42	395.00
550.62	386.00
550.81	361.00
551.01	350.00
551.21	357.00
551.41	329.00
551.60	317.00
551.80	334.00
552.00	385.00
552.19	394.00
552.39	374.00
552.59	401.00
552.78	371.00
552.98	327.00
553.18	317.00
553.37	411.00
553.57	358.00
553.77	250.00
553.96	301.00
554.16	367.00
554.36	347.00
554.56	353.00
554.75	319.00
554.95	310.00
555.15	282.00
555.34	317.00
555.54	333.00
555.74	344.00
555.93	327.00
556.13	259.00
556.33	234.00
556.52	273.00
556.72	220.00
556.92	250.00
557.11	291.00
557.31	245.00
557.51	270.00
557.70	366.00
557.90	283.00
558.10	249.00
558.29	338.00
558.49	343.00
558.69	323.00
558.88	338.00
559.08	324.00
559.28	279.00
559.47	257.00
559.67	220.00
559.87	261.00
560.06	254.00
560.26	324.00
560.46	288.00
560.65	246.00
560.85	308.00
561.05	367.00
561.24	304.00
561.44	274.00
561.64	285.00
561.83	268.00
562.03	271.00
562.23	324.00
562.42	369.00
562.62	352.00
562.82	242.00
563.01	284.00
563.21	288.00
563.40	323.00
563.60	344.00
563.80	257.00
563.99	256.00
564.19	248.00
564.39	365.00
564.58	244.00
564.78	315.00
564.98	240.00
565.17	332.00
565.37	373.00
565.57	358.00
565.76	286.00
565.96	262.00
566.16	336.00
566.35	341.00
566.55	223.00
566.74	249.00
566.94	285.00
567.14	394.00
567.33	419.00
567.53	380.00
567.73	335.00
567.92	380.00
568.12	367.00
568.32	413.00
568.51	448.00
568.71	384.00
568.90	348.00
569.10	305.00
569.30	333.00
569.49	352.00
569.69	414.00
569.89	402.00
570.08	310.00
570.28	387.00
570.47	386.00
570.67	313.00
570.87	341.00
571.06	337.00
571.26	394.00
571.46	365.00
571.65	376.00
571.85	341.00
572.04	377.00
572.24	349.00
572.44	363.00
572.63	406.00
572.83	440.00
573.03	463.00
573.22	439.00
573.42	379.00
573.61	397.00
573.81	452.00
574.01	475.00
574.20	481.00
574.40	434.00
574.59	509.00
574.79	452.00
574.99	473.00
575.18	502.00
575.38	505.00
575.58	457.00
575.77	444.00
575.97	451.00
576.16	461.00
576.36	488.00
576.56	559.00
576.75	530.00
576.95	539.00
577.14	573.00
577.34	532.00
577.54	529.00
577.73	491.00
577.93	544.00
578.12	549.00
578.32	558.00
578.52	658.00
578.71	634.00
578.91	660.00
579.10	749.00
579.30	685.00
579.50	635.00
579.69	665.00
579.89	684.00
580.08	718.00
580.28	714.00
580.48	712.00
580.67	752.00
580.87	800.00
581.06	727.00
581.26	727.00
581.45	704.00
581.65	734.00
581.85	740.00
582.04	802.00
582.24	708.00
582.43	750.00
582.63	847.00
582.83	822.00
583.02	799.00
583.22	846.00
583.41	917.00
583.61	931.00
583.80	929.00
584.00	920.00
584.20	893.00
584.39	933.00
584.59	971.00
584.78	936.00
584.98	990.00
585.17	1070.00
585.37	967.00
585.57	927.00
585.76	944.00
585.96	961.00
586.15	977.00
586.35	1030.00
586.54	1058.00
586.74	1066.00
586.94	949.00
587.13	1050.00
587.33	1155.00
587.52	1113.00
587.72	1099.00
587.91	1106.00
588.11	1203.00
588.31	1193.00
588.50	1090.00
588.70	1146.00
588.89	1147.00
589.09	1221.00
589.28	1295.00
589.48	1241.00
589.68	1247.00
589.87	1249.00
590.07	1246.00
590.26	1270.00
590.46	1212.00
590.65	1298.00
590.85	1337.00
591.04	1319.00
591.24	1349.00
591.44	1404.00
591.63	1433.00
591.83	1372.00
592.02	1383.00
592.22	1347.00
592.41	1442.00
592.61	1454.00
592.80	1444.00
593.00	1463.00
593.19	1564.00
593.39	1547.00
593.59	1563.00
593.78	1590.00
593.98	1576.00
594.17	1582.00
594.37	1545.00
594.56	1521.00
594.76	1511.00
594.95	1596.00
595.15	1543.00
595.34	1549.00
595.54	1631.00
595.73	1669.00
595.93	1630.00
596.13	1649.00
596.32	1611.00
596.52	1680.00
596.71	1738.00
596.91	1745.00
597.10	1729.00
597.30	1713.00
597.49	1698.00
597.69	1737.00
597.88	1794.00
598.08	1746.00
598.27	1677.00
598.47	1809.00
598.66	1799.00
598.86	1775.00
599.06	1793.00
599.25	1755.00
599.45	1792.00
599.64	1788.00
599.84	1801.00
600.03	1838.00
600.23	1803.00
600.42	1822.00
600.62	1778.00
600.81	1766.00
601.01	1787.00
601.20	1954.00
601.40	1911.00
601.59	1867.00
601.79	1813.00
601.98	1734.00
602.18	1689.00
602.37	1704.00
602.57	1760.00
602.76	1813.00
602.96	1867.00
603.15	1868.00
603.35	1860.00
603.54	1862.00
603.74	1881.00
603.93	1855.00
604.13	1782.00
604.32	1818.00
604.52	1845.00
604.71	1871.00
604.91	1808.00
605.10	1803.00
605.30	1757.00
605.49	1760.00
605.69	1863.00
605.88	1872.00
606.08	1879.00
606.27	1823.00
606.47	1832.00
606.66	1853.00
606.86	1898.00
607.05	1814.00
607.25	1827.00
607.44	1840.00
607.64	1893.00
607.83	1871.00
608.03	1803.00
608.22	1871.00
608.42	1908.00
608.61	1953.00
608.81	1892.00
609.00	1953.00
609.20	1962.00
609.39	2034.00
609.59	2080.00
609.78	1956.00
609.98	2064.00
610.17	2305.00
610.37	2375.00
610.56	2540.00
610.76	2736.00
610.95	2894.00
611.15	3011.00
611.34	3070.00
611.54	3116.00
611.73	3178.00
611.93	3037.00
612.12	2798.00
612.32	2509.00
612.51	2374.00
612.71	2253.00
612.90	2190.00
613.09	2169.00
613.29	2207.00
613.48	2149.00
613.68	2102.00
613.87	2039.00
614.07	2202.00
614.26	2158.00
614.46	2063.00
614.65	2067.00
614.85	2060.00
615.04	2035.00
615.24	2073.00
615.43	2003.00
615.63	2018.00
615.82	1986.00
616.02	1933.00
616.21	1935.00
616.40	1910.00
616.60	1819.00
616.79	1723.00
616.99	1825.00
617.18	1947.00
617.38	1911.00
617.57	1876.00
617.77	1903.00
617.96	1829.00
618.16	1828.00
618.35	1897.00
618.54	1884.00
618.74	1870.00
618.93	1891.00
619.13	1850.00
619.32	1860.00
619.52	1882.00
619.71	1899.00
619.91	1931.00
620.10	1921.00
620.30	1854.00
620.49	1883.00
620.68	1908.00
620.88	2010.00
621.07	1972.00
621.27	1915.00
621.46	2044.00
621.66	1976.00
621.85	1999.00
622.05	1952.00
622.24	1940.00
622.43	1988.00
622.63	2080.00
622.82	2163.00
623.02	2090.00
623.21	2058.00
623.41	2062.00
623.60	2046.00
623.80	2085.00
623.99	2145.00
624.18	2095.00
624.38	2019.00
624.57	2029.00
624.77	2076.00
624.96	2051.00
625.16	2084.00
625.35	2151.00
625.54	2141.00
625.74	2230.00
625.93	2188.00
626.13	2166.00
626.32	2192.00
626.52	2128.00
626.71	2125.00
626.90	2212.00
627.10	2189.00
627.29	2202.00
627.49	2186.00
627.68	2199.00
627.88	2220.00
628.07	2203.00
628.26	2225.00
628.46	2327.00
628.65	2294.00
628.85	2268.00
629.04	2299.00
629.23	2302.00
629.43	2341.00
629.62	2391.00
629.82	2372.00
630.01	2370.00
630.21	2459.00
630.40	2441.00
630.59	2434.00
630.79	2444.00
630.98	2405.00
631.18	2556.00
631.37	2599.00
631.56	2571.00
631.76	2610.00
631.95	2554.00
632.15	2490.00
632.34	2419.00
632.53	2436.00
632.73	2503.00
632.92	2409.00
633.12	2489.00
633.31	2382.00
633.50	2436.00
633.70	2421.00
633.89	2444.00
634.09	2438.00
634.28	2407.00
634.47	2452.00
634.67	2451.00
634.86	2504.00
635.06	2477.00
635.25	2498.00
635.44	2634.00
635.64	2561.00
635.83	2600.00
636.03	2578.00
636.22	2605.00
636.41	2585.00
636.61	2649.00
636.80	2674.00
637.00	2609.00
637.19	2628.00
637.38	2703.00
637.58	2635.00
637.77	2771.00
637.96	2762.00
638.16	2758.00
638.35	2790.00
638.55	2842.00
638.74	2780.00
638.93	2745.00
639.13	2767.00
639.32	2841.00
639.51	2923.00
639.71	2874.00
639.90	2802.00
640.10	2850.00
640.29	2820.00
640.48	2846.00
640.68	2811.00
640.87	2917.00
641.07	2949.00
641.26	2974.00
641.45	2963.00
641.65	2995.00
641.84	2976.00
642.03	2893.00
642.23	3083.00
642.42	3111.00
642.61	3159.00
642.81	3200.00
643.00	3154.00
643.20	3153.00
643.39	3121.00
643.58	3109.00
643.78	3108.00
643.97	3175.00
644.16	3217.00
644.36	3153.00
644.55	3146.00
644.74	3184.00
644.94	3221.00
645.13	3257.00
645.33	3321.00
645.52	3203.00
645.71	3226.00
645.91	3260.00
646.10	3258.00
646.29	3186.00
646.49	3192.00
646.68	3165.00
646.87	3166.00
647.07	3213.00
647.26	3231.00
647.45	3260.00
647.65	3335.00
647.84	3393.00
648.03	3399.00
648.23	3396.00
648.42	3486.00
648.62	3499.00
648.81	3367.00
649.00	3409.00
649.20	3374.00
649.39	3457.00
649.58	3433.00
649.78	3452.00
649.97	3443.00
650.16	3511.00
650.36	3557.00
650.55	3592.00
650.74	3632.00
650.94	3567.00
651.13	3508.00
651.32	3569.00
651.52	3490.00
651.71	3498.00
651.90	3524.00
652.10	3582.00
652.29	3545.00
652.48	3569.00
652.68	3561.00
652.87	3580.00
653.06	3541.00
653.26	3545.00
653.45	3619.00
653.64	3606.00
653.84	3514.00
654.03	3562.00
654.22	3556.00
654.42	3476.00
654.61	3511.00
654.80	3619.00
654.99	3585.00
655.19	3522.00
655.38	3540.00
655.57	3575.00
655.77	3621.00
655.96	3598.00
656.15	3583.00
656.35	3600.00
656.54	3569.00
656.73	3495.00
656.93	3551.00
657.12	3629.00
657.31	3490.00
657.51	3528.00
657.70	3483.00
657.89	3559.00
658.09	3557.00
658.28	3493.00
658.47	3554.00
658.66	3594.00
658.86	3597.00
659.05	3477.00
659.24	3615.00
659.44	3629.00
659.63	3599.00
659.82	3566.00
660.02	3555.00
660.21	3574.00
660.40	3504.00
660.60	3501.00
660.79	3545.00
660.98	3644.00
661.17	3571.00
661.37	3486.00
661.56	3507.00
661.75	3543.00
661.95	3650.00
662.14	3575.00
662.33	3605.00
662.52	3606.00
662.72	3571.00
662.91	3527.00
663.10	3518.00
663.30	3513.00
663.49	3557.00
663.68	3516.00
663.88	3520.00
664.07	3565.00
664.26	3444.00
664.45	3519.00
664.65	3490.00
664.84	3542.00
665.03	3401.00
665.23	3380.00
665.42	3384.00
665.61	3385.00
665.80	3367.00
666.00	3376.00
666.19	3324.00
666.38	3396.00
666.57	3424.00
666.77	3416.00
666.96	3380.00
667.15	3438.00
667.35	3408.00
667.54	3436.00
667.73	3446.00
667.92	3390.00
668.12	3291.00
668.31	3328.00
668.50	3352.00
668.70	3325.00
668.89	3235.00
669.08	3270.00
669.27	3204.00
669.47	3194.00
669.66	3250.00
669.85	3248.00
670.04	3271.00
670.24	3308.00
670.43	3399.00
670.62	3363.00
670.81	3264.00
671.01	3180.00
671.20	3180.00
671.39	3182.00
671.58	3184.00
671.78	3280.00
671.97	3240.00
672.16	3222.00
672.36	3293.00
672.55	3182.00
672.74	3166.00
672.93	3172.00
673.13	3167.00
673.32	3198.00
673.51	3107.00
673.70	3109.00
673.90	3180.00
674.09	3176.00
674.28	3077.00
674.47	3126.00
674.67	3203.00
674.86	3204.00
675.05	3156.00
675.24	3313.00
675.44	3291.00
675.63	3138.00
675.82	3088.00
676.01	3124.00
676.21	3058.00
676.40	3074.00
676.59	3183.00
676.78	3130.00
676.97	3132.00
677.17	3155.00
677.36	3049.00
677.55	3180.00
677.74	3129.00
677.94	3126.00
678.13	3146.00
678.32	3077.00
678.51	3036.00
678.71	3062.00
678.90	3009.00
679.09	3025.00
679.28	3122.00
679.48	3096.00
679.67	3107.00
679.86	3098.00
680.05	3117.00
680.24	3065.00
680.44	3040.00
680.63	3062.00
680.82	2997.00
681.01	2976.00
681.21	2986.00
681.40	3048.00
681.59	3003.00
681.78	2912.00
681.97	2964.00
682.17	2843.00
682.36	2962.00
682.55	2956.00
682.74	3006.00
682.94	3044.00
683.13	3092.00
683.32	3125.00
683.51	3060.00
683.70	3043.00
683.90	3110.00
684.09	3044.00
684.28	2975.00
684.47	3072.00
684.66	3058.00
684.86	3021.00
685.05	3060.00
685.24	3028.00
685.43	2924.00
685.63	2917.00
685.82	2861.00
686.01	2850.00
686.20	2920.00
686.39	2936.00
686.59	2922.00
686.78	2988.00
686.97	2969.00
687.16	3034.00
687.35	2964.00
687.55	3007.00
687.74	3012.00
687.93	3083.00
688.12	2963.00
688.31	3044.00
688.51	3108.00
688.70	2990.00
688.89	3034.00
689.08	3026.00
689.27	3028.00
689.47	3010.00
689.66	2913.00
689.85	2913.00
690.04	2913.00
690.23	2994.00
690.42	2983.00
690.62	2969.00
690.81	2952.00
691.00	2848.00
691.19	2825.00
691.38	2868.00
691.58	2948.00
691.77	2974.00
691.96	2990.00
692.15	3019.00
692.34	2972.00
692.54	2892.00
692.73	2995.00
692.92	3079.00
693.11	3022.00
693.30	3062.00
693.49	3054.00
693.69	3016.00
693.88	3031.00
694.07	3075.00
694.26	3057.00
694.45	2993.00
694.64	2900.00
694.84	2988.00
695.03	2970.00
695.22	2931.00
695.41	2994.00
695.60	2952.00
695.80	2904.00
695.99	2943.00
696.18	2994.00
696.37	2965.00
696.56	2970.00
696.75	2974.00
696.95	3024.00
697.14	3067.00
697.33	3078.00
697.52	3041.00
697.71	2977.00
697.90	3118.00
698.09	3085.00
698.29	3065.00
698.48	3101.00
698.67	3032.00
698.86	3041.00
699.05	3125.00
699.24	3119.00
699.44	3073.00
699.63	3082.00
699.82	3002.00
700.01	3065.00
700.20	3167.00
700.39	3238.00
700.58	3235.00
700.78	3169.00
700.97	3104.00
701.16	3117.00
701.35	3197.00
701.54	3136.00
701.73	3233.00
701.93	3258.00
702.12	3284.00
702.31	3264.00
702.50	3270.00
702.69	3269.00
702.88	3243.00
703.07	3218.00
703.27	3300.00
703.46	3229.00
703.65	3248.00
703.84	3285.00
704.03	3327.00
704.22	3320.00
704.41	3339.00
704.60	3332.00
704.80	3336.00
704.99	3424.00
705.18	3362.00
705.37	3312.00
705.56	3274.00
705.75	3328.00
705.94	3406.00
706.14	3539.00
706.33	3484.00
706.52	3461.00
706.71	3456.00
706.90	3441.00
707.09	3435.00
707.28	3500.00
707.47	3509.00
707.67	3528.00
707.86	3594.00
708.05	3641.00
708.24	3482.00
708.43	3560.00
708.62	3684.00
708.81	3679.00
709.00	3716.00
709.20	3629.00
709.39	3658.00
709.58	3664.00
709.77	3618.00
709.96	3666.00
710.15	3706.00
710.34	3727.00
710.53	3684.00
710.72	3593.00
710.92	3589.00
711.11	3663.00
711.30	3644.00
711.49	3668.00
711.68	3796.00
711.87	3833.00
712.06	3786.00
712.25	3756.00
712.44	3846.00
712.64	3842.00
712.83	3907.00
713.02	3833.00
713.21	3784.00
713.40	3827.00
713.59	3863.00
713.78	3868.00
713.97	3795.00
714.16	3900.00
714.35	3870.00
714.55	3881.00
714.74	3962.00
714.93	3851.00
715.12	3786.00
715.31	3815.00
715.50	3903.00
715.69	3959.00
715.88	3979.00
716.07	3847.00
716.26	3942.00
716.45	3904.00
716.65	3945.00
716.84	3928.00
717.03	3851.00
717.22	3873.00
717.41	3994.00
717.60	4000.00
717.79	4000.00
717.98	3992.00
718.17	3950.00
718.36	3869.00
718.55	3994.00
718.75	3992.00
718.94	4126.00
719.13	4077.00
719.32	4003.00
719.51	4049.00
719.70	4046.00
719.89	4037.00
720.08	4108.00
720.27	4150.00
720.46	4173.00
720.65	4115.00
720.84	4134.00
721.03	4026.00
721.22	4007.00
721.42	4024.00
721.61	4014.00
721.80	4051.00
721.99	4027.00
722.18	4062.00
722.37	4026.00
722.56	4055.00
722.75	4062.00
722.94	3950.00
723.13	4013.00
723.32	4101.00
723.51	4125.00
723.70	4033.00
723.89	4053.00
724.08	4008.00
724.28	4041.00
724.47	4152.00
724.66	4128.00
724.85	4107.00
725.04	4140.00
725.23	4115.00
725.42	4008.00
725.61	4122.00
725.80	4064.00
725.99	4044.00
726.18	4079.00
726.37	4096.00
726.56	4043.00
726.75	4150.00
726.94	4040.00
727.13	4060.00
727.32	4062.00
727.51	4061.00
727.71	4087.00
727.90	4148.00
728.09	4056.00
728.28	4091.00
728.47	4086.00
728.66	4049.00
728.85	3972.00
729.04	4018.00
729.23	4048.00
729.42	4063.00
729.61	4063.00
729.80	4150.00
729.99	4079.00
730.18	4048.00
730.37	4093.00
730.56	4108.00
730.75	4047.00
730.94	4079.00
731.13	4056.00
731.32	4085.00
731.51	4132.00
731.70	4091.00
731.89	4201.00
732.08	4194.00
732.27	4217.00
732.46	4146.00
732.65	4118.00
732.84	4109.00
733.04	4137.00
733.23	4148.00
733.42	4119.00
733.61	4117.00
733.80	4037.00
733.99	4002.00
734.18	4080.00
734.37	3987.00
734.56	3925.00
734.75	3907.00
734.94	3963.00
735.13	3964.00
735.32	3972.00
735.51	3920.00
735.70	3937.00
735.89	3921.00
736.08	3996.00
736.27	3954.00
736.46	3872.00
736.65	3861.00
736.84	3984.00
737.03	3926.00
737.22	3865.00
737.41	3930.00
737.60	3968.00
737.79	4010.00
737.98	3975.00
738.17	3861.00
738.36	3833.00
738.55	3842.00
738.74	4039.00
738.93	4039.00
739.12	3978.00
739.31	3891.00
739.50	3921.00
739.69	3869.00
739.88	3915.00
740.07	3971.00
740.26	3912.00
740.45	3773.00
740.64	3819.00
740.83	3877.00
741.02	3822.00
741.21	3738.00
741.40	3690.00
741.59	3722.00
741.78	3818.00
741.97	3837.00
742.16	3813.00
742.35	3727.00
742.54	3761.00
742.73	3713.00
742.92	3598.00
743.11	3680.00
743.30	3688.00
743.49	3630.00
743.68	3648.00
743.87	3657.00
744.06	3570.00
744.25	3566.00
744.44	3555.00
744.63	3682.00
744.82	3660.00
745.01	3635.00
745.20	3719.00
745.39	3673.00
745.58	3533.00
745.77	3584.00
745.96	3692.00
746.15	3625.00
746.34	3509.00
746.52	3481.00
746.71	3720.00
746.90	3640.00
747.09	3529.00
747.28	3471.00
747.47	3571.00
747.66	3456.00
747.85	3452.00
748.04	3459.00
748.23	3480.00
748.42	3442.00
748.61	3378.00
748.80	3440.00
748.99	3450.00
749.18	3442.00
749.37	3409.00
749.56	3421.00
749.75	3414.00
749.94	3393.00
750.13	3349.00
750.32	3348.00
750.51	3343.00
750.70	3293.00
750.89	3225.00
751.08	3237.00
751.27	3360.00
751.46	3355.00
751.64	3351.00
751.83	3295.00
752.02	3283.00
752.21	3344.00
752.40	3408.00
752.59	3386.00
752.78	3285.00
752.97	3236.00
753.16	3300.00
753.35	3276.00
753.54	3243.00
753.73	3267.00
753.92	3284.00
754.11	3242.00
754.30	3172.00
754.49	3158.00
754.68	3136.00
754.87	3208.00
755.06	3133.00
755.24	3216.00
755.43	3201.00
755.62	3138.00
755.81	3078.00
756.00	3139.00
756.19	3188.00
756.38	3131.00
756.57	3161.00
756.76	3131.00
756.95	3125.00
757.14	3080.00
757.33	3102.00
757.52	3051.00
757.71	3105.00
757.90	3073.00
758.08	3088.00
758.27	3079.00
758.46	3019.00
758.65	3050.00
758.84	2990.00
759.03	3116.00
759.22	3115.00
759.41	2980.00
759.60	3021.00
759.79	2907.00
759.98	2842.00
760.17	3104.00
760.36	2966.00
760.54	3017.00
760.73	2888.00
760.92	2947.00
761.11	3030.00
761.30	2981.00
761.49	2849.00
761.68	2744.00
761.87	2801.00
762.06	2751.00
762.25	2699.00
762.44	2706.00
762.63	2664.00
762.81	2602.00
763.00	2569.00
763.19	2511.00
763.38	2539.00
763.57	2474.00
763.76	2469.00
763.95	2540.00
764.14	2470.00
764.33	2531.00
764.52	2593.00
764.71	2617.00
764.89	2532.00
765.08	2533.00
765.27	2623.00
765.46	2635.00
765.65	2570.00
765.84	2586.00
766.03	2610.00
766.22	2678.00
766.41	2657.00
766.59	2687.00
766.78	2681.00
766.97	2619.00
767.16	2683.00
767.35	2781.00
767.54	2759.00
767.73	2819.00
767.92	2886.00
768.11	2815.00
768.30	2820.00
768.48	2816.00
768.67	2821.00
768.86	2805.00
769.05	2827.00
769.24	2902.00
769.43	2904.00
769.62	2823.00
769.81	2807.00
769.99	2863.00
770.18	2843.00
770.37	2868.00
770.56	2933.00
770.75	2815.00
770.94	2855.00
771.13	2830.00
771.32	2896.00
771.50	2866.00
771.69	2784.00
771.88	2860.00
772.07	2943.00
772.26	2986.00
772.45	2885.00
772.64	2926.00
772.83	2872.00
773.01	2895.00
773.20	2885.00
773.39	2861.00
773.58	2847.00
773.77	2840.00
773.96	2799.00
774.15	2829.00
774.34	2866.00
774.52	2803.00
774.71	2770.00
774.90	2852.00
775.09	2863.00
775.28	2883.00
775.47	2879.00
775.66	2783.00
775.84	2786.00
776.03	2824.00
776.22	2867.00
776.41	2778.00
776.60	2809.00
776.79	2839.00
776.98	2790.00
777.16	2736.00
777.35	2801.00
777.54	2775.00
777.73	2836.00
777.92	2813.00
778.11	2804.00
778.29	2776.00
778.48	2730.00
778.67	2738.00
778.86	2727.00
779.05	2698.00
779.24	2730.00
779.43	2793.00
779.61	2767.00
779.80	2730.00
779.99	2773.00
780.18	2831.00
780.37	2854.00
780.56	2832.00
780.74	2853.00
780.93	2800.00
781.12	2724.00
781.31	2699.00
781.50	2816.00
781.69	2769.00
781.87	2732.00
782.06	2746.00
782.25	2741.00
782.44	2876.00
782.63	2809.00
782.82	2834.00
783.00	2869.00
783.19	2856.00
783.38	2884.00
783.57	2952.00
783.76	2931.00
783.95	2836.00
784.13	2812.00
784.32	2808.00
784.51	2912.00
784.70	2767.00
784.89	2798.00
785.08	2774.00
785.26	2840.00
785.45	2832.00
785.64	2836.00
785.83	2839.00
786.02	2897.00
786.20	2950.00
786.39	2898.00
786.58	2920.00
786.77	2857.00
786.96	2923.00
787.15	2839.00
787.33	2809.00
787.52	2822.00
787.71	2779.00
787.90	2855.00
788.09	2896.00
788.27	2920.00
788.46	2919.00
788.65	2888.00
788.84	2923.00
789.03	2986.00
789.21	2986.00
789.40	3031.00
789.59	3026.00
789.78	2978.00
789.97	3015.00
790.15	2963.00
790.34	2982.00
790.53	3039.00
790.72	2961.00
790.91	2895.00
791.09	3043.00
791.28	3055.00
791.47	2994.00
791.66	2937.00
791.85	3088.00
792.03	3174.00
792.22	3014.00
792.41	3053.00
792.60	3048.00
792.79	2968.00
792.97	3093.00
793.16	3109.00
793.35	3058.00
793.54	3104.00
793.72	3112.00
793.91	3144.00
794.10	3166.00
794.29	3035.00
794.48	3096.00
794.66	3162.00
794.85	3168.00
795.04	3251.00
795.23	3228.00
795.42	3102.00
795.60	3095.00
795.79	3152.00
795.98	3131.00
796.17	3188.00
796.35	3155.00
796.54	3181.00
796.73	3246.00
796.92	3138.00
797.11	3068.00
797.29	3065.00
797.48	3106.00
797.67	3157.00
797.86	3179.00
798.04	3138.00
798.23	3126.00
798.42	3121.00
798.61	3200.00
798.79	3196.00
798.98	3121.00
799.17	3093.00
799.36	3086.00
799.54	3046.00
799.73	3056.00
799.92	3112.00
800.11	3057.00
800.30	3125.00
800.48	3117.00
800.67	3068.00
800.86	3114.00
801.05	3033.00
801.23	3113.00
801.42	3111.00
801.61	3180.00
801.80	3197.00
801.98	3140.00
802.17	3216.00
802.36	3085.00
802.55	3200.00
802.73	3122.00
802.92	3130.00
803.11	3144.00
803.30	3181.00
803.48	3142.00
803.67	3209.00
803.86	3189.00
804.05	3170.00
804.23	3161.00
804.42	3169.00
804.61	3179.00
804.80	3139.00
804.98	3129.00
805.17	3234.00
805.36	3235.00
805.54	3119.00
805.73	3171.00
805.92	3184.00
806.11	3189.00
806.29	3224.00
806.48	3262.00
806.67	3188.00
806.86	3118.00
807.04	3181.00
807.23	3272.00
807.42	3183.00
807.61	3168.00
807.79	3197.00
807.98	3252.00
808.17	3352.00
808.35	3350.00
808.54	3268.00
808.73	3221.00
808.92	3170.00
809.10	3110.00
809.29	3179.00
809.48	3278.00
809.67	3232.00
809.85	3263.00
810.04	3247.00
810.23	3138.00
810.41	3163.00
810.60	3194.00
810.79	3189.00
810.98	3154.00
811.16	3233.00
811.35	3224.00
811.54	3195.00
811.72	3181.00
811.91	3123.00
812.10	3147.00
812.29	3184.00
812.47	3173.00
812.66	3224.00
812.85	3199.00
813.03	3104.00
813.22	3150.00
813.41	3084.00
813.60	3096.00
813.78	3202.00
813.97	3190.00
814.16	3283.00
814.34	3242.00
814.53	3150.00
814.72	3163.00
814.90	3291.00
815.09	3131.00
815.28	3145.00
815.47	3115.00
815.65	3143.00
815.84	3190.00
816.03	3201.00
816.21	3214.00
816.40	3219.00
816.59	3170.00
816.77	3239.00
816.96	3189.00
817.15	3211.00
817.33	3206.00
817.52	3133.00
817.71	3188.00
817.90	3180.00
818.08	3206.00
818.27	3169.00
818.46	3220.00
818.64	3312.00
818.83	3212.00
819.02	3131.00
819.20	3227.00
819.39	3226.00
819.58	3222.00
819.76	3286.00
819.95	3233.00
820.14	3216.00
820.32	3183.00
820.51	3175.00
820.70	3207.00
820.88	3215.00
821.07	3184.00
821.26	3257.00
821.44	3207.00
821.63	3120.00
821.82	3271.00
822.01	3210.00
822.19	3239.00
822.38	3281.00
822.57	3184.00
822.75	3130.00
822.94	3245.00
823.13	3253.00
823.31	3223.00
823.50	3190.00
823.69	3143.00
823.87	3155.00
824.06	3211.00
824.25	3174.00
824.43	3111.00
824.62	3140.00
824.80	3153.00
824.99	3272.00
825.18	3205.00
825.36	3162.00
825.55	3060.00
825.74	3068.00
825.92	3118.00
826.11	3173.00
826.30	3195.00
826.48	2994.00
826.67	3034.00
826.86	3093.00
827.04	3136.00
827.23	3081.00
827.42	3009.00
827.60	3083.00
827.79	3066.00
827.98	3010.00
828.16	2965.00
828.35	3009.00
828.54	3066.00
828.72	2993.00
828.91	3079.00
829.09	3095.00
829.28	3079.00
829.47	3143.00
829.65	3092.00
829.84	3039.00
830.03	3000.00
830.21	3021.00
830.40	3013.00
830.59	2960.00
830.77	3055.00
830.96	3046.00
831.14	3018.00
831.33	2951.00
831.52	3030.00
831.70	3047.00
831.89	2987.00
832.08	2973.00
832.26	2946.00
832.45	2831.00
832.64	2880.00
832.82	2906.00
833.01	2944.00
833.19	2991.00
833.38	2962.00
833.57	3000.00
833.75	2951.00
833.94	2900.00
834.13	2923.00
834.31	2969.00
834.50	2928.00
834.68	3020.00
834.87	3026.00
835.06	2863.00
835.24	2866.00
835.43	2882.00
835.61	2924.00
835.80	2897.00
835.99	2936.00
836.17	2929.00
836.36	2901.00
836.55	2896.00
836.73	2925.00
836.92	2952.00
837.10	2997.00
837.29	2983.00
837.48	2900.00
837.66	2900.00
837.85	2922.00
838.03	2862.00
838.22	2859.00
838.41	2828.00
838.59	2892.00
838.78	2883.00
838.96	2907.00
839.15	2957.00
839.34	2898.00
839.52	2852.00
839.71	2817.00
839.89	2807.00
840.08	2822.00
840.27	2923.00
840.45	2936.00
840.64	2824.00
840.82	2794.00
841.01	2783.00
841.20	2909.00
841.38	2838.00
841.57	2740.00
841.75	2739.00
841.94	2735.00
842.13	2774.00
842.31	2753.00
842.50	2782.00
842.68	2718.00
842.87	2716.00
843.05	2709.00
843.24	2659.00
843.43	2657.00
843.61	2613.00
843.80	2660.00
843.98	2709.00
844.17	2678.00
844.36	2734.00
844.54	2723.00
844.73	2746.00
844.91	2699.00
845.10	2667.00
845.28	2597.00
845.47	2688.00
845.66	2611.00
845.84	2624.00
846.03	2609.00
846.21	2526.00
846.40	2618.00
846.58	2613.00
846.77	2628.00
846.96	2565.00
847.14	2519.00
847.33	2603.00
847.51	2565.00
847.70	2596.00
847.88	2571.00
848.07	2574.00
848.25	2523.00
848.44	2534.00
848.63	2474.00
848.81	2496.00
849.00	2521.00
849.18	2482.00
849.37	2553.00
849.55	2585.00
849.74	2428.00
849.93	2451.00
850.11	2531.00
850.30	2467.00
850.48	2410.00
850.67	2376.00
850.85	2338.00
851.04	2347.00
851.22	2390.00
851.41	2379.00
851.59	2342.00
851.78	2467.00
851.97	2454.00
852.15	2417.00
852.34	2359.00
852.52	2309.00
852.71	2492.00
852.89	2497.00
853.08	2435.00
853.26	2392.00
853.45	2403.00
853.63	2402.00
853.82	2406.00
854.01	2390.00
854.19	2570.00
854.38	2459.00
854.56	2355.00
854.75	2391.00
854.93	2419.00
855.12	2271.00
855.30	2378.00
855.49	2387.00
855.67	2383.00
855.86	2373.00
856.04	2367.00
856.23	2357.00
856.41	2372.00
856.60	2433.00
856.79	2319.00
856.97	2284.00
857.16	2302.00
857.34	2292.00
857.53	2278.00
857.71	2375.00
857.90	2362.00
858.08	2197.00
858.27	2224.00
858.45	2287.00
858.64	2301.00
858.82	2285.00
859.01	2242.00
859.19	2220.00
859.38	2153.00
859.56	2158.00
859.75	2320.00
859.93	2351.00
860.12	2240.00
860.30	2190.00
860.49	2229.00
860.67	2160.00
860.86	2178.00
861.04	2316.00
861.23	2211.00
861.41	2207.00
861.60	2166.00
861.78	2089.00
861.97	2182.00
862.15	2203.00
862.34	2225.00
862.53	2265.00
862.71	2236.00
862.90	2183.00
863.08	2171.00
863.27	2161.00
863.45	2056.00
863.64	2112.00
863.82	2096.00
864.01	2136.00
864.19	2074.00
864.37	2110.00
864.56	2026.00
864.74	2096.00
864.93	2088.00
865.11	2091.00
865.30	2029.00
865.48	2085.00
865.67	2134.00
865.85	2130.00
866.04	2069.00
866.22	2159.00
866.41	2066.00
866.59	2063.00
866.78	2039.00
866.96	2046.00
867.15	1992.00
867.33	2005.00
867.52	1927.00
867.70	2011.00
867.89	1965.00
868.07	2004.00
868.26	1998.00
868.44	1966.00
868.63	1938.00
868.81	1914.00
869.00	1958.00
869.18	2057.00
869.37	1963.00
869.55	1925.00
869.74	2005.00
869.92	1963.00
870.10	1896.00
870.29	1821.00
870.47	1900.00
870.66	1882.00
870.84	1910.00
871.03	1968.00
871.21	1917.00
871.40	1982.00
871.58	1993.00
871.77	1917.00
871.95	1932.00
872.14	1853.00
872.32	1891.00
872.51	1903.00
872.69	1886.00
872.87	1828.00
873.06	1896.00
873.24	1957.00
873.43	1905.00
873.61	1887.00
873.80	1948.00
873.98	1874.00
874.17	1845.00
874.35	1858.00
874.54	1893.00
874.72	1834.00
874.90	1789.00
875.09	1808.00
875.27	1743.00
875.46	1820.00
875.64	1795.00
875.83	1782.00
876.01	1850.00
876.20	1850.00
876.38	1862.00
876.56	1863.00
876.75	1851.00
876.93	1853.00
877.12	1711.00
877.30	1831.00
877.49	1883.00
877.67	1875.00
877.86	1757.00
878.04	1817.00
878.22	1866.00
878.41	1838.00
878.59	1793.00
878.78	1827.00
878.96	1849.00
879.15	1857.00
879.33	1841.00
879.51	1743.00
879.70	1791.00
879.88	1799.00
880.07	1814.00
880.25	1815.00
880.44	1796.00
880.62	1777.00
880.80	1715.00
880.99	1819.00
881.17	1824.00
881.36	1778.00
881.54	1734.00
881.73	1788.00
881.91	1826.00
882.09	1762.00
882.28	1757.00
882.46	1793.00
882.65	1732.00
882.83	1733.00
883.02	1717.00
883.20	1802.00
883.38	1696.00
883.57	1738.00
883.75	1810.00
883.94	1860.00
884.12	1795.00
884.30	1798.00
884.49	1757.00
884.67	1813.00
884.86	1796.00
885.04	1669.00
885.22	1701.00
885.41	1727.00
885.59	1797.00
885.78	1716.00
885.96	1732.00
886.14	1764.00
886.33	1681.00
886.51	1711.00
886.70	1734.00
886.88	1724.00
887.06	1788.00
887.25	1690.00
887.43	1751.00
887.62	1783.00
887.80	1780.00
887.98	1728.00
888.17	1725.00
888.35	1816.00
888.54	1715.00
888.72	1700.00
888.90	1654.00
889.09	1630.00
889.27	1666.00
889.46	1775.00
889.64	1774.00
889.82	1797.00
890.01	1685.00
890.19	1601.00
890.38	1657.00
890.56	1681.00
890.74	1678.00
890.93	1729.00
891.11	1727.00
891.29	1736.00
891.48	1727.00
891.66	1647.00
891.85	1754.00
892.03	1703.00
892.21	1610.00
892.40	1660.00
892.58	1763.00
892.76	1691.00
892.95	1706.00
893.13	1723.00
893.32	1758.00
893.50	1763.00
893.68	1716.00
893.87	1665.00
894.05	1720.00
894.23	1745.00
894.42	1672.00
894.60	1688.00
894.79	1667.00
894.97	1672.00
895.15	1712.00
895.34	1722.00
895.52	1700.00
895.70	1688.00
895.89	1834.00
896.07	1824.00
896.25	1729.00
896.44	1710.00
896.62	1690.00
896.81	1765.00
896.99	1718.00
897.17	1690.00
897.36	1737.00
897.54	1805.00
897.72	1779.00
897.91	1751.00
898.09	1749.00
898.27	1801.00
898.46	1785.00
898.64	1748.00
898.82	1752.00
899.01	1760.00
899.19	1792.00
899.37	1715.00
899.56	1752.00
899.74	1732.00
899.92	1740.00
900.11	1824.00
900.29	1769.00
900.47	1684.00
900.66	1778.00
900.84	1838.00
901.03	1824.00
901.21	1792.00
901.39	1760.00
901.58	1827.00
901.76	1863.00
901.94	1910.00
902.13	1906.00
902.31	1856.00
902.49	1898.00
902.68	1883.00
902.86	1811.00
903.04	1817.00
903.23	1844.00
903.41	1793.00
903.59	1872.00
903.78	1884.00
903.96	1907.00
904.14	1860.00
904.32	1791.00
904.51	1780.00
904.69	1878.00
904.87	1893.00
905.06	1848.00
905.24	1930.00
905.42	1882.00
905.61	1939.00
905.79	1931.00
905.97	1878.00
906.16	1935.00
906.34	1881.00
906.52	1964.00
906.71	1935.00
906.89	1893.00
907.07	1919.00
907.26	1863.00
907.44	1846.00
907.62	1959.00
907.81	1856.00
907.99	1848.00
908.17	1824.00
908.35	1819.00
908.54	1789.00
908.72	1906.00
908.90	1878.00
909.09	1824.00
909.27	1872.00
909.45	1937.00
909.64	1929.00
909.82	1975.00
910.00	1988.00
910.18	1914.00
910.37	1852.00
910.55	1850.00
910.73	1844.00
910.92	1862.00
911.10	1927.00
911.28	1946.00
911.47	1879.00
911.65	1906.00
911.83	1871.00
912.01	1802.00
912.20	1789.00
912.38	1847.00
912.56	1903.00
912.75	1850.00
912.93	1841.00
913.11	1893.00
913.29	1850.00
913.48	1847.00
913.66	1901.00
913.84	1853.00
914.03	1819.00
914.21	1869.00
914.39	1861.00
914.57	1822.00
914.76	1818.00
914.94	1838.00
915.12	1949.00
915.31	1846.00
915.49	1851.00
915.67	1843.00
915.85	1839.00
916.04	1839.00
916.22	1809.00
916.40	1740.00
916.58	1751.00
916.77	1821.00
916.95	1846.00
917.13	1780.00
917.32	1812.00
917.50	1816.00
917.68	1814.00
917.86	1705.00
918.05	1794.00
918.23	1810.00
918.41	1808.00
918.59	1771.00
918.78	1717.00
918.96	1759.00
919.14	1793.00
919.32	1732.00
919.51	1781.00
919.69	1808.00
919.87	1671.00
920.05	1696.00
920.24	1730.00
920.42	1775.00
920.60	1832.00
920.78	1748.00
920.97	1710.00
921.15	1669.00
921.33	1693.00
921.52	1782.00
921.70	1746.00
921.88	1773.00
922.06	1706.00
922.24	1676.00
922.43	1705.00
922.61	1715.00
922.79	1665.00
922.97	1651.00
923.16	1666.00
923.34	1625.00
923.52	1644.00
923.70	1655.00
923.89	1663.00
924.07	1657.00
924.25	1666.00
924.43	1602.00
924.62	1664.00
924.80	1738.00
924.98	1677.00
925.16	1681.00
925.35	1645.00
925.53	1676.00
925.71	1683.00
925.89	1706.00
926.08	1708.00
926.26	1666.00
926.44	1648.00
926.62	1665.00
926.80	1621.00
926.99	1628.00
927.17	1633.00
927.35	1690.00
927.53	1613.00
927.72	1653.00
927.90	1648.00
928.08	1563.00
928.26	1567.00
928.44	1635.00
928.63	1621.00
928.81	1616.00
928.99	1585.00
929.17	1501.00
929.36	1543.00
929.54	1555.00
929.72	1502.00
929.90	1641.00
930.08	1596.00
930.27	1469.00
930.45	1470.00
930.63	1479.00
930.81	1547.00
930.99	1504.00
931.18	1504.00
931.36	1545.00
931.54	1527.00
931.72	1500.00
931.90	1514.00
932.09	1384.00
932.27	1424.00
932.45	1561.00
932.63	1440.00
932.81	1433.00
933.00	1480.00
933.18	1482.00
933.36	1405.00
933.54	1418.00
933.72	1271.00
933.91	1336.00
934.09	1383.00
934.27	1367.00
934.45	1349.00
934.63	1371.00
934.82	1336.00
935.00	1366.00
935.18	1247.00
935.36	1236.00
935.54	1205.00
935.73	1224.00
935.91	1219.00
936.09	1221.00
936.27	1192.00
936.45	1247.00
936.64	1136.00
936.82	1127.00
937.00	1159.00
937.18	1070.00
937.36	1016.00
937.54	978.00
937.73	1011.00
937.91	955.00
938.09	1009.00
938.27	1040.00
938.45	1023.00
938.63	1002.00
938.82	929.00
939.00	951.00
939.18	956.00
939.36	960.00
939.54	955.00
939.73	935.00
939.91	921.00
940.09	900.00
940.27	924.00
940.45	854.00
940.63	809.00
940.82	817.00
941.00	858.00
941.18	830.00
941.36	827.00
941.54	847.00
941.72	853.00
941.91	803.00
942.09	817.00
942.27	839.00
942.45	758.00
942.63	697.00
942.81	761.00
942.99	786.00
943.18	754.00
943.36	701.00
943.54	718.00
943.72	723.00
943.90	737.00
944.08	715.00
944.27	685.00
944.45	701.00
944.63	709.00
944.81	739.00
944.99	744.00
945.17	771.00
945.35	648.00
945.54	687.00
945.72	691.00
945.90	680.00
946.08	728.00
946.26	626.00
946.44	679.00
946.62	608.00
946.81	682.00
946.99	732.00
947.17	737.00
947.35	760.00
947.53	684.00
947.71	639.00
947.89	708.00
948.07	663.00
948.26	676.00
948.44	714.00
948.62	698.00
948.80	704.00
948.98	741.00
949.16	742.00
949.34	697.00
949.53	683.00
949.71	756.00
949.89	748.00
950.07	685.00
950.25	761.00
950.43	763.00
950.61	796.00
950.79	740.00
950.98	779.00
951.16	737.00
951.34	762.00
951.52	724.00
951.70	734.00
951.88	684.00
952.06	687.00
952.24	669.00
952.42	670.00
952.61	661.00
952.79	696.00
952.97	673.00
953.15	672.00
953.33	639.00
953.51	770.00
953.69	682.00
953.87	671.00
954.05	704.00
954.24	689.00
954.42	741.00
954.60	699.00
954.78	637.00
954.96	628.00
955.14	687.00
955.32	690.00
955.50	695.00
955.68	687.00
955.86	690.00
956.05	611.00
956.23	663.00
956.41	670.00
956.59	714.00
956.77	661.00
956.95	653.00
957.13	633.00
957.31	655.00
957.49	691.00
957.67	658.00
957.86	632.00
958.04	654.00
958.22	687.00
958.40	726.00
958.58	649.00
958.76	676.00
958.94	689.00
959.12	660.00
959.30	679.00
959.48	687.00
959.66	722.00
959.84	636.00
960.03	634.00
960.21	662.00
960.39	672.00
960.57	653.00
960.75	606.00
960.93	645.00
961.11	623.00
961.29	658.00
961.47	704.00
961.65	703.00
961.83	635.00
962.01	691.00
962.19	721.00
962.37	702.00
962.56	613.00
962.74	635.00
962.92	667.00
963.10	709.00
963.28	695.00
963.46	648.00
963.64	622.00
963.82	651.00
964.00	587.00
964.18	548.00
964.36	592.00
964.54	677.00
964.72	684.00
964.90	607.00
965.08	638.00
965.27	716.00
965.45	639.00
965.63	600.00
965.81	581.00
965.99	605.00
966.17	556.00
966.35	597.00
966.53	622.00
966.71	614.00
966.89	661.00
967.07	610.00
967.25	580.00
967.43	629.00
967.61	593.00
967.79	592.00
967.97	689.00
968.15	634.00
968.33	609.00
968.51	644.00
968.69	572.00
968.87	593.00
969.06	663.00
969.24	620.00
969.42	600.00
969.60	602.00
969.78	589.00
969.96	588.00
970.14	648.00
970.32	556.00
970.50	531.00
970.68	566.00
970.86	576.00
971.04	548.00
971.22	574.00
971.40	562.00
971.58	489.00
971.76	556.00
971.94	560.00
972.12	541.00
972.30	565.00
972.48	595.00
972.66	530.00
972.84	542.00
973.02	565.00
973.20	556.00
973.38	549.00
973.56	617.00
973.74	499.00
973.92	544.00
974.10	534.00
974.28	505.00
974.46	549.00
974.64	486.00
974.82	556.00
975.00	529.00
975.18	476.00
975.36	450.00
975.54	535.00
975.72	558.00
975.90	538.00
976.08	552.00
976.26	457.00
976.44	503.00
976.62	423.00
976.80	537.00
976.98	586.00
977.16	562.00
977.34	557.00
977.52	506.00
977.70	479.00
977.88	527.00
978.06	493.00
978.24	524.00
978.42	503.00
978.60	508.00
978.78	437.00
978.96	436.00
979.14	434.00
979.32	502.00
979.50	514.00
979.68	418.00
979.86	476.00
980.04	431.00
980.22	411.00
980.40	447.00
980.58	411.00
980.76	450.00
980.94	469.00
981.12	429.00
981.30	470.00
981.48	488.00
981.66	437.00
981.84	490.00
982.02	457.00
982.20	421.00
982.38	402.00
982.56	459.00
982.74	403.00
982.92	459.00
983.10	470.00
983.28	409.00
983.46	482.00
983.64	396.00
983.82	462.00
984.00	421.00
984.18	507.00
984.36	471.00
984.54	462.00
984.72	435.00
984.90	460.00
985.08	474.00
985.26	416.00
985.44	451.00
985.62	508.00
985.80	420.00
985.98	447.00
986.16	426.00
986.34	380.00
986.51	390.00
986.69	440.00
986.87	475.00
987.05	437.00
987.23	382.00
987.41	321.00
987.59	334.00
987.77	389.00
987.95	431.00
988.13	387.00
988.31	427.00
988.49	421.00
988.67	392.00
988.85	425.00
989.03	404.00
989.21	395.00
989.39	437.00
989.57	426.00
989.75	404.00
989.93	326.00
990.11	362.00
990.28	300.00
990.46	301.00
990.64	338.00
990.82	377.00
991.00	331.00
991.18	314.00
991.36	284.00
991.54	343.00
991.72	299.00
991.90	348.00
992.08	413.00
992.26	354.00
992.44	312.00
992.62	391.00
992.80	382.00
992.98	339.00
993.15	347.00
993.33	368.00
993.51	414.00
993.69	373.00
993.87	381.00
994.05	380.00
994.23	388.00
994.41	309.00
994.59	268.00
994.77	349.00
994.95	324.00
995.13	276.00
995.31	363.00
995.48	420.00
995.66	343.00
995.84	364.00
996.02	430.00
996.20	349.00
996.38	368.00
996.56	326.00
996.74	356.00
996.92	337.00
997.10	360.00
997.28	306.00
997.46	323.00
997.63	396.00
997.81	321.00
997.99	254.00
998.17	299.00
998.35	300.00
998.53	292.00
998.71	367.00
998.89	335.00
999.07	300.00
999.25	292.00
999.43	332.00
999.60	365.00
999.78	319.00
999.96	314.00
1000.14	304.00
1000.32	264.00
1000.50	252.00
1000.68	301.00
1000.86	373.00
1001.04	278.00
1001.21	242.00
1001.39	258.00
1001.57	312.00
1001.75	343.00
1001.93	289.00
1002.11	281.00
1002.29	257.00
1002.47	266.00
1002.65	306.00
1002.82	227.00
1003.00	288.00
1003.18	325.00
1003.36	261.00
1003.54	281.00
1003.72	357.00
1003.90	322.00
1004.08	275.00
1004.26	291.00
1004.43	334.00
1004.61	339.00
1004.79	289.00
1004.97	282.00
1005.15	311.00
1005.33	343.00
1005.51	270.00
1005.69	281.00
1005.86	303.00
1006.04	283.00
1006.22	326.00
1006.40	263.00
1006.58	237.00
1006.76	284.00
1006.94	230.00
1007.12	313.00
1007.29	212.00
1007.47	229.00
1007.65	256.00
1007.83	301.00
1008.01	320.00
1008.19	300.00
1008.37	296.00
1008.54	232.00
1008.72	268.00
1008.90	264.00
1009.08	266.00
1009.26	194.00
1009.44	296.00
1009.62	284.00
1009.79	320.00
1009.97	291.00
1010.15	211.00
1010.33	208.00
1010.51	246.00
1010.69	230.00
1010.87	249.00
1011.04	262.00
1011.22	216.00
1011.40	279.00
1011.58	277.00
1011.76	231.00
1011.94	215.00
1012.11	248.00
1012.29	295.00
1012.47	280.00
1012.65	272.00
1012.83	260.00
1013.01	262.00
1013.18	266.00
1013.36	256.00
1013.54	238.00
1013.72	186.00
1013.90	261.00
1014.08	237.00
1014.25	268.00
1014.43	261.00
1014.61	263.00
1014.79	249.00
1014.97	268.00
1015.15	254.00
1015.32	188.00
1015.50	165.00
1015.68	223.00
1015.86	238.00
1016.04	215.00
1016.22	184.00
1016.39	201.00
1016.57	176.00
1016.75	221.00
1016.93	222.00
1017.11	258.00
1017.29	260.00
1017.46	256.00
1017.64	240.00
1017.82	203.00
1018.00	183.00
1018.18	246.00
1018.35	210.00
1018.53	242.00
1018.71	193.00
1018.89	203.00
1019.07	207.00
1019.24	231.00
1019.42	191.00
1019.60	171.00
1019.78	154.00
1019.96	202.00
1020.14	239.00
1020.31	245.00
1020.49	229.00
1020.67	229.00
1020.85	251.00
1021.03	218.00
1021.20	213.00
1021.38	186.00
1021.56	174.00
1021.74	131.00
1021.92	145.00
1022.09	194.00
1022.27	223.00
1022.45	225.00
1022.63	251.00
1022.81	203.00
1022.98	149.00
1023.16	244.00
1023.34	266.00
1023.52	242.00
1023.69	233.00
1023.87	261.00
1024.05	234.00
1024.23	179.00
1024.41	219.00
1024.58	164.00
1024.76	152.00
1024.94	195.00
1025.12	192.00
1025.30	143.00
1025.47	188.00
1025.65	254.00
1025.83	141.00
1026.01	144.00
1026.18	206.00
1026.36	222.00
1026.54	159.00
1026.72	186.00
1026.90	186.00
1027.07	201.00
1027.25	211.00
1027.43	173.00
1027.61	191.00
1027.78	221.00
1027.96	200.00
1028.14	208.00
1028.32	238.00
1028.49	202.00
1028.67	193.00
1028.85	228.00
1029.03	220.00
1029.21	145.00
1029.38	71.00
1029.56	154.00
1029.74	164.00
1029.92	168.00
1030.09	164.00
1030.27	169.00
1030.45	201.00
1030.63	152.00
1030.80	192.00
1030.98	182.00
1031.16	187.00
1031.34	161.00
1031.51	80.00
1031.69	58.00
1031.87	185.00
1032.05	205.00
1032.22	195.00
1032.40	98.00
1032.58	123.00
1032.76	110.00
1032.93	154.00
1033.11	168.00
1033.29	159.00
1033.47	138.00
1033.64	175.00
1033.82	157.00
1034.00	174.00
1034.18	147.00
1034.35	87.00
1034.53	112.00
1034.71	133.00
1034.89	135.00
1035.06	151.00
1035.24	197.00
1035.42	106.00
1035.59	97.00
1035.77	82.00
1035.95	135.00
1036.13	201.00
1036.30	199.00
1036.48	164.00
1036.66	97.00
1036.84	80.00
1037.01	147.00
1037.19	161.00
1037.37	192.00
1037.54	167.00
1037.72	176.00
1037.90	144.00
1038.08	134.00
1038.25	84.00
1038.43	74.00
1038.61	148.00
1038.79	138.00
1038.96	149.00
1039.14	144.00
1039.32	123.00
1039.49	110.00
1039.67	73.00
1039.85	139.00
1040.03	174.00
1040.20	131.00
1040.38	89.00
1040.56	108.00
1040.73	81.00
1040.91	69.00
1041.09	78.00
1041.27	132.00
1041.44	180.00
1041.62	171.00
1041.80	188.00
1041.97	171.00
1042.15	120.00
1042.33	190.00
1042.50	182.00
1042.68	150.00
1042.86	199.00
1043.04	88.00
1043.21	123.00
1043.39	135.00
1043.57	117.00
1043.74	172.00
1043.92	128.00
1044.10	108.00
1044.27	138.00
1044.45	194.00
1044.63	138.00
1044.80	12.00
1044.98	58.00
1045.16	143.00
1045.34	189.00
1045.51	119.00
1045.69	144.00
1045.87	119.00
1046.04	19.00
1046.22	34.00
1046.40	49.00
1046.57	82.00
1046.75	69.00
1046.93	102.00
1047.10	89.00
1047.28	116.00
1047.46	91.00
1047.63	55.00
1047.81	77.00
1047.99	83.00
1048.16	94.00
1048.34	118.00
1048.52	130.00
1048.69	166.00
1048.87	112.00
1049.05	77.00
1049.22	153.00
1049.40	111.00
1049.58	145.00
1049.75	106.00
1049.93	94.00
1050.11	46.00
1050.28	90.00
1050.46	101.00
1050.64	75.00
1050.81	81.00
1050.99	31.00
1051.17	21.00
1051.34	71.00
1051.52	106.00
1051.70	89.00
1051.87	80.00
1052.05	65.00
1052.23	3.00
1052.40	59.00
1052.58	140.00
1052.76	94.00
1052.93	117.00
1053.11	123.00
1053.29	147.00
1053.46	134.00
1053.64	55.00
1053.82	87.00
1053.99	101.00
1054.17	16.00
1054.35	-27.00
1054.52	79.00
1054.70	107.00
1054.87	94.00
1055.05	66.00
1055.23	92.00
1055.40	89.00
1055.58	50.00
1055.76	43.00
1055.93	135.00
1056.11	86.00
1056.29	71.00
1056.46	141.00
1056.64	81.00
1056.81	92.00
1056.99	75.00
1057.17	165.00
1057.34	125.00
1057.52	28.00
1057.70	62.00
1057.87	97.00
1058.05	71.00
1058.22	58.00
1058.40	106.00
1058.58	127.00
1058.75	103.00
1058.93	53.00
1059.11	5.00
1059.28	27.00
1059.46	80.00
1059.63	37.00
1059.81	10.00
1059.99	-8.00
1060.16	-24.00
1060.34	106.00
1060.52	55.00
1060.69	17.00
1060.87	28.00
1061.04	-2.00
1061.22	-1.00
