367.62	-80.00
367.82	-92.00
368.02	-51.00
368.23	-97.00
368.43	-64.00
368.63	-48.00
368.83	-112.00
369.04	-144.00
369.24	-129.00
369.44	-62.00
369.65	-98.00
369.85	-64.00
370.05	-124.00
370.25	-70.00
370.46	-25.00
370.66	-21.00
370.86	-98.00
371.07	-84.00
371.27	-47.00
371.47	-87.00
371.67	-21.00
371.88	-33.00
372.08	-30.00
372.28	-107.00
372.49	-12.00
372.69	-47.00
372.89	-48.00
373.09	-111.00
373.30	-95.00
373.50	-68.00
373.70	-149.00
373.91	-110.00
374.11	-38.00
374.31	-3.00
374.51	-18.00
374.72	-20.00
374.92	-63.00
375.12	-55.00
375.33	-40.00
375.53	-17.00
375.73	-132.00
375.93	-85.00
376.14	-113.00
376.34	-126.00
376.54	-79.00
376.74	-72.00
376.95	-103.00
377.15	-83.00
377.35	-75.00
377.55	-21.00
377.76	4.00
377.96	-72.00
378.16	-92.00
378.37	-77.00
378.57	-90.00
378.77	-64.00
378.97	24.00
379.18	-2.00
379.38	-126.00
379.58	-97.00
379.78	-116.00
379.99	-48.00
380.19	-81.00
380.39	-157.00
380.59	-92.00
380.80	-42.00
381.00	-24.00
381.20	-79.00
381.40	-65.00
381.61	-42.00
381.81	-113.00
382.01	-88.00
382.21	-59.00
382.42	-63.00
382.62	33.00
382.82	-41.00
383.02	-34.00
383.23	-64.00
383.43	-101.00
383.63	-84.00
383.83	-70.00
384.04	-25.00
384.24	-58.00
384.44	-62.00
384.64	-130.00
384.85	-41.00
385.05	-80.00
385.25	-53.00
385.45	-123.00
385.66	-63.00
385.86	-17.00
386.06	-6.00
386.26	-68.00
386.47	-91.00
386.67	-143.00
386.87	-52.00
387.07	-77.00
387.27	-128.00
387.48	-61.00
387.68	-31.00
387.88	-84.00
388.08	-86.00
388.29	-62.00
388.49	-44.00
388.69	-46.00
388.89	-108.00
389.10	-37.00
389.30	-95.00
389.50	-70.00
389.70	-33.00
389.90	32.00
390.11	-13.00
390.31	-116.00
390.51	-65.00
390.71	-53.00
390.92	-98.00
391.12	-45.00
391.32	-84.00
391.52	-18.00
391.72	-21.00
391.93	-31.00
392.13	-36.00
392.33	-72.00
392.53	-127.00
392.74	-137.00
392.94	-68.00
393.14	-60.00
393.34	-54.00
393.54	-37.00
393.75	-125.00
393.95	-98.00
394.15	-108.00
394.35	-45.00
394.56	-97.00
394.76	-25.00
394.96	-59.00
395.16	-124.00
395.36	-130.00
395.57	-72.00
395.77	-113.00
395.97	-40.00
396.17	-50.00
396.37	-31.00
396.58	-46.00
396.78	-23.00
396.98	-74.00
397.18	-75.00
397.38	-76.00
397.59	-67.00
397.79	-31.00
397.99	-117.00
398.19	-133.00
398.39	-96.00
398.60	-109.00
398.80	-122.00
399.00	-145.00
399.20	-93.00
399.40	-76.00
399.61	-53.00
399.81	-107.00
400.01	-103.00
400.21	-57.00
400.41	-62.00
400.62	-46.00
400.82	-94.00
401.02	-62.00
401.22	9.00
401.42	-59.00
401.63	-47.00
401.83	-9.00
402.03	9.00
402.23	-110.00
402.43	-135.00
402.64	-116.00
402.84	-81.00
403.04	-112.00
403.24	-85.00
403.44	-63.00
403.64	-32.00
403.85	6.00
404.05	-54.00
404.25	-70.00
404.45	-1.00
404.65	-74.00
404.86	-65.00
405.06	-27.00
405.26	-67.00
405.46	-64.00
405.66	-39.00
405.86	-65.00
406.07	-3.00
406.27	-74.00
406.47	10.00
406.67	-71.00
406.87	-60.00
407.07	-93.00
407.28	-77.00
407.48	-67.00
407.68	-15.00
407.88	-70.00
408.08	-48.00
408.28	41.00
408.49	-55.00
408.69	-86.00
408.89	-75.00
409.09	-32.00
409.29	-47.00
409.49	-58.00
409.70	-11.00
409.90	-15.00
410.10	16.00
410.30	-28.00
410.50	11.00
410.70	-65.00
410.91	-105.00
411.11	-20.00
411.31	-50.00
411.51	-85.00
411.71	-92.00
411.91	-73.00
412.12	-24.00
412.32	-59.00
412.52	-23.00
412.72	-58.00
412.92	-49.00
413.12	18.00
413.32	-20.00
413.53	-19.00
413.73	-25.00
413.93	-25.00
414.13	-95.00
414.33	-126.00
414.53	-122.00
414.74	-117.00
414.94	4.00
415.14	-65.00
415.34	-83.00
415.54	-73.00
415.74	-17.00
415.94	-40.00
416.15	-96.00
416.35	27.00
416.55	-7.00
416.75	-29.00
416.95	-20.00
417.15	-46.00
417.35	-42.00
417.56	-17.00
417.76	-14.00
417.96	-58.00
418.16	41.00
418.36	-61.00
418.56	-82.00
418.76	-105.00
418.97	-71.00
419.17	-104.00
419.37	-10.00
419.57	17.00
419.77	-36.00
419.97	-55.00
420.17	-98.00
420.37	-87.00
420.58	-63.00
420.78	22.00
420.98	-11.00
421.18	-43.00
421.38	-87.00
421.58	-81.00
421.78	-63.00
421.98	-47.00
422.19	-32.00
422.39	-76.00
422.59	-48.00
422.79	-17.00
422.99	-44.00
423.19	-24.00
423.39	-30.00
423.59	-74.00
423.80	-91.00
424.00	-88.00
424.20	0.00
424.40	-73.00
424.60	-63.00
424.80	-101.00
425.00	-104.00
425.20	-68.00
425.40	-44.00
425.61	-54.00
425.81	13.00
426.01	10.00
426.21	18.00
426.41	0.00
426.61	-31.00
426.81	-23.00
427.01	-85.00
427.21	-3.00
427.42	0.00
427.62	-24.00
427.82	-35.00
428.02	-74.00
428.22	-13.00
428.42	-66.00
428.62	-106.00
428.82	-26.00
429.02	-39.00
429.23	-73.00
429.43	15.00
429.63	-27.00
429.83	-37.00
430.03	-22.00
430.23	-19.00
430.43	-14.00
430.63	4.00
430.83	-55.00
431.03	-41.00
431.24	-99.00
431.44	-53.00
431.64	-90.00
431.84	-105.00
432.04	3.00
432.24	30.00
432.44	-58.00
432.64	-73.00
432.84	-61.00
433.04	-12.00
433.24	-31.00
433.45	-97.00
433.65	-95.00
433.85	-31.00
434.05	-108.00
434.25	-84.00
434.45	-77.00
434.65	-170.00
434.85	-119.00
435.05	-142.00
435.25	-152.00
435.45	-135.00
435.65	-63.00
435.86	-82.00
436.06	-81.00
436.26	-114.00
436.46	-56.00
436.66	16.00
436.86	-51.00
437.06	-94.00
437.26	-65.00
437.46	-30.00
437.66	-70.00
437.86	-24.00
438.06	-61.00
438.26	-62.00
438.47	-53.00
438.67	-15.00
438.87	-48.00
439.07	2.00
439.27	41.00
439.47	11.00
439.67	-98.00
439.87	-156.00
440.07	-83.00
440.27	-46.00
440.47	-48.00
440.67	-65.00
440.87	30.00
441.07	-9.00
441.27	-17.00
441.48	-22.00
441.68	-81.00
441.88	-91.00
442.08	-76.00
442.28	-109.00
442.48	-73.00
442.68	-60.00
442.88	-49.00
443.08	-44.00
443.28	-2.00
443.48	-1.00
443.68	-48.00
443.88	-31.00
444.08	-64.00
444.28	-55.00
444.48	-46.00
444.68	-64.00
444.88	-56.00
445.09	-52.00
445.29	-8.00
445.49	-55.00
445.69	-56.00
445.89	-52.00
446.09	-44.00
446.29	48.00
446.49	-14.00
446.69	4.00
446.89	12.00
447.09	8.00
447.29	-46.00
447.49	-67.00
447.69	-58.00
447.89	-50.00
448.09	-16.00
448.29	-33.00
448.49	23.00
448.69	13.00
448.89	-21.00
449.09	-36.00
449.29	-5.00
449.49	10.00
449.70	-44.00
449.90	-81.00
450.10	-72.00
450.30	-36.00
450.50	-27.00
450.70	16.00
450.90	18.00
451.10	-12.00
451.30	-48.00
451.50	-50.00
451.70	-50.00
451.90	7.00
452.10	-26.00
452.30	-64.00
452.50	-17.00
452.70	-1.00
452.90	-33.00
453.10	-53.00
453.30	-20.00
453.50	-11.00
453.70	-28.00
453.90	-81.00
454.10	-96.00
454.30	-68.00
454.50	-26.00
454.70	-48.00
454.90	-44.00
455.10	-16.00
455.30	-14.00
455.50	-27.00
455.70	-4.00
455.90	-48.00
456.10	-42.00
456.30	-21.00
456.50	-52.00
456.70	-14.00
456.90	-76.00
457.10	-117.00
457.30	-29.00
457.50	-38.00
457.70	-53.00
457.90	14.00
458.10	17.00
458.30	3.00
458.50	57.00
458.70	-36.00
458.90	-47.00
459.10	-76.00
459.30	28.00
459.50	22.00
459.70	-26.00
459.90	7.00
460.10	-36.00
460.30	-34.00
460.50	-51.00
460.70	17.00
460.90	-40.00
461.10	36.00
461.30	71.00
461.50	-23.00
461.70	-57.00
461.90	-46.00
462.10	2.00
462.30	-39.00
462.50	33.00
462.70	8.00
462.90	23.00
463.10	-9.00
463.30	-30.00
463.50	-35.00
463.70	-60.00
463.90	39.00
464.10	-26.00
464.30	-55.00
464.50	-14.00
464.70	-8.00
464.90	-6.00
465.10	11.00
465.30	30.00
465.50	45.00
465.70	4.00
465.90	5.00
466.10	11.00
466.30	75.00
466.50	37.00
466.70	-52.00
466.90	-31.00
467.10	22.00
467.30	-74.00
467.50	-22.00
467.70	-58.00
467.90	-2.00
468.10	51.00
468.30	65.00
468.50	-29.00
468.70	-59.00
468.90	-25.00
469.10	-50.00
469.30	-105.00
469.50	59.00
469.70	22.00
469.90	-37.00
470.10	-75.00
470.30	-11.00
470.50	10.00
470.70	-27.00
470.90	30.00
471.10	37.00
471.29	-32.00
471.49	-67.00
471.69	-46.00
471.89	-93.00
472.09	8.00
472.29	24.00
472.49	69.00
472.69	-5.00
472.89	9.00
473.09	-60.00
473.29	-40.00
473.49	-9.00
473.69	50.00
473.89	10.00
474.09	-20.00
474.29	-30.00
474.49	6.00
474.69	-33.00
474.89	-39.00
475.09	2.00
475.29	-75.00
475.49	-1.00
475.69	-33.00
475.88	-19.00
476.08	13.00
476.28	-147.00
476.48	-69.00
476.68	-22.00
476.88	-20.00
477.08	-31.00
477.28	-7.00
477.48	-5.00
477.68	-43.00
477.88	0.00
478.08	2.00
478.28	-6.00
478.48	41.00
478.68	-20.00
478.88	-8.00
479.08	-19.00
479.28	13.00
479.47	44.00
479.67	76.00
479.87	-12.00
480.07	15.00
480.27	-22.00
480.47	8.00
480.67	-82.00
480.87	-38.00
481.07	-7.00
481.27	3.00
481.47	-30.00
481.67	5.00
481.87	-59.00
482.07	16.00
482.27	51.00
482.46	-9.00
482.66	-25.00
482.86	15.00
483.06	18.00
483.26	-34.00
483.46	-2.00
483.66	-1.00
483.86	-4.00
484.06	15.00
484.26	-1.00
484.46	-63.00
484.66	14.00
484.86	-84.00
485.05	-7.00
485.25	12.00
485.45	3.00
485.65	5.00
485.85	-36.00
486.05	-42.00
486.25	-8.00
486.45	-22.00
486.65	22.00
486.85	-78.00
487.05	11.00
487.25	40.00
487.44	-7.00
487.64	23.00
487.84	43.00
488.04	49.00
488.24	30.00
488.44	-25.00
488.64	-12.00
488.84	45.00
489.04	13.00
489.24	-1.00
489.43	-22.00
489.63	-34.00
489.83	-29.00
490.03	-40.00
490.23	-32.00
490.43	47.00
490.63	7.00
490.83	-66.00
491.03	16.00
491.23	22.00
491.42	9.00
491.62	-10.00
491.82	-33.00
492.02	-50.00
492.22	27.00
492.42	88.00
492.62	39.00
492.82	62.00
493.02	53.00
493.22	85.00
493.41	24.00
493.61	-25.00
493.81	41.00
494.01	113.00
494.21	4.00
494.41	18.00
494.61	46.00
494.81	62.00
495.01	-9.00
495.20	38.00
495.40	9.00
495.60	15.00
495.80	83.00
496.00	66.00
496.20	35.00
496.40	-27.00
496.60	13.00
496.79	71.00
496.99	39.00
497.19	27.00
497.39	29.00
497.59	62.00
497.79	54.00
497.99	34.00
498.19	96.00
498.38	-13.00
498.58	-41.00
498.78	25.00
498.98	-5.00
499.18	38.00
499.38	83.00
499.58	56.00
499.78	53.00
499.97	102.00
500.17	139.00
500.37	69.00
500.57	92.00
500.77	156.00
500.97	105.00
501.17	46.00
501.37	58.00
501.56	60.00
501.76	46.00
501.96	93.00
502.16	29.00
502.36	3.00
502.56	82.00
502.76	93.00
502.95	53.00
503.15	9.00
503.35	58.00
503.55	39.00
503.75	80.00
503.95	49.00
504.15	5.00
504.34	47.00
504.54	61.00
504.74	68.00
504.94	46.00
505.14	69.00
505.34	82.00
505.54	86.00
505.73	106.00
505.93	87.00
506.13	80.00
506.33	107.00
506.53	87.00
506.73	77.00
506.92	39.00
507.12	34.00
507.32	46.00
507.52	51.00
507.72	113.00
507.92	144.00
508.12	91.00
508.31	141.00
508.51	136.00
508.71	73.00
508.91	48.00
509.11	9.00
509.31	99.00
509.50	100.00
509.70	6.00
509.90	28.00
510.10	81.00
510.30	71.00
510.50	50.00
510.69	63.00
510.89	60.00
511.09	103.00
511.29	96.00
511.49	67.00
511.69	23.00
511.88	40.00
512.08	65.00
512.28	58.00
512.48	50.00
512.68	60.00
512.88	64.00
513.07	102.00
513.27	37.00
513.47	83.00
513.67	38.00
513.87	44.00
514.06	-15.00
514.26	103.00
514.46	77.00
514.66	55.00
514.86	74.00
515.06	36.00
515.25	67.00
515.45	53.00
515.65	35.00
515.85	83.00
516.05	146.00
516.24	148.00
516.44	56.00
516.64	123.00
516.84	138.00
517.04	5.00
517.23	54.00
517.43	116.00
517.63	45.00
517.83	63.00
518.03	56.00
518.23	93.00
518.42	106.00
518.62	81.00
518.82	61.00
519.02	86.00
519.22	85.00
519.41	127.00
519.61	142.00
519.81	103.00
520.01	77.00
520.21	84.00
520.40	89.00
520.60	83.00
520.80	69.00
521.00	67.00
521.20	74.00
521.39	143.00
521.59	71.00
521.79	86.00
521.99	90.00
522.19	95.00
522.38	104.00
522.58	144.00
522.78	105.00
522.98	129.00
523.17	128.00
523.37	56.00
523.57	28.00
523.77	64.00
523.97	60.00
524.16	74.00
524.36	80.00
524.56	78.00
524.76	108.00
524.96	92.00
525.15	61.00
525.35	130.00
525.55	71.00
525.75	108.00
525.94	216.00
526.14	100.00
526.34	119.00
526.54	112.00
526.74	98.00
526.93	154.00
527.13	148.00
527.33	195.00
527.53	164.00
527.72	145.00
527.92	97.00
528.12	192.00
528.32	148.00
528.52	194.00
528.71	172.00
528.91	170.00
529.11	186.00
529.31	172.00
529.50	121.00
529.70	94.00
529.90	69.00
530.10	167.00
530.29	138.00
530.49	149.00
530.69	157.00
530.89	156.00
531.09	178.00
531.28	159.00
531.48	192.00
531.68	183.00
531.88	190.00
532.07	135.00
532.27	172.00
532.47	188.00
532.67	115.00
532.86	131.00
533.06	180.00
533.26	202.00
533.46	212.00
533.65	192.00
533.85	107.00
534.05	188.00
534.25	193.00
534.44	174.00
534.64	192.00
534.84	228.00
535.04	194.00
535.23	190.00
535.43	203.00
535.63	234.00
535.83	208.00
536.02	141.00
536.22	163.00
536.42	253.00
536.62	233.00
536.81	234.00
537.01	284.00
537.21	241.00
537.41	212.00
537.60	227.00
537.80	253.00
538.00	196.00
538.20	235.00
538.39	256.00
538.59	277.00
538.79	205.00
538.99	268.00
539.18	293.00
539.38	284.00
539.58	206.00
539.77	267.00
539.97	240.00
540.17	238.00
540.37	234.00
540.56	237.00
540.76	243.00
540.96	298.00
541.16	309.00
541.35	237.00
541.55	188.00
541.75	302.00
541.94	227.00
542.14	212.00
542.34	268.00
542.54	216.00
542.73	275.00
542.93	323.00
543.13	372.00
543.33	312.00
543.52	360.00
543.72	229.00
543.92	266.00
544.11	234.00
544.31	348.00
544.51	340.00
544.71	237.00
544.90	217.00
545.10	199.00
545.30	360.00
545.49	428.00
545.69	460.00
545.89	382.00
546.09	307.00
546.28	362.00
546.48	448.00
546.68	438.00
546.87	407.00
547.07	343.00
547.27	373.00
547.47	296.00
547.66	299.00
547.86	375.00
548.06	335.00
548.25	338.00
548.45	298.00
548.65	325.00
548.84	390.00
549.04	367.00
549.24	269.00
549.44	275.00
549.63	363.00
549.83	373.00
550.03	333.00
550.22	286.00
550.42	375.00
550.62	330.00
550.81	274.00
551.01	319.00
551.21	345.00
551.41	339.00
551.60	365.00
551.80	305.00
552.00	288.00
552.19	356.00
552.39	365.00
552.59	389.00
552.78	377.00
552.98	296.00
553.18	264.00
553.37	321.00
553.57	306.00
553.77	221.00
553.96	234.00
554.16	324.00
554.36	308.00
554.56	325.00
554.75	314.00
554.95	317.00
555.15	292.00
555.34	382.00
555.54	361.00
555.74	319.00
555.93	302.00
556.13	326.00
556.33	319.00
556.52	295.00
556.72	252.00
556.92	285.00
557.11	331.00
557.31	283.00
557.51	281.00
557.70	338.00
557.90	286.00
558.10	265.00
558.29	301.00
558.49	294.00
558.69	311.00
558.88	261.00
559.08	318.00
559.28	291.00
559.47	255.00
559.67	240.00
559.87	274.00
560.06	257.00
560.26	288.00
560.46	257.00
560.65	302.00
560.85	325.00
561.05	362.00
561.24	318.00
561.44	216.00
561.64	235.00
561.83	272.00
562.03	235.00
562.23	273.00
562.42	336.00
562.62	301.00
562.82	240.00
563.01	244.00
563.21	234.00
563.40	276.00
563.60	276.00
563.80	190.00
563.99	290.00
564.19	275.00
564.39	306.00
564.58	268.00
564.78	305.00
564.98	269.00
565.17	359.00
565.37	345.00
565.57	316.00
565.76	221.00
565.96	251.00
566.16	322.00
566.35	335.00
566.55	222.00
566.74	256.00
566.94	324.00
567.14	279.00
567.33	308.00
567.53	317.00
567.73	328.00
567.92	284.00
568.12	248.00
568.32	322.00
568.51	443.00
568.71	376.00
568.90	290.00
569.10	320.00
569.30	351.00
569.49	295.00
569.69	332.00
569.89	359.00
570.08	304.00
570.28	362.00
570.47	322.00
570.67	288.00
570.87	345.00
571.06	330.00
571.26	349.00
571.46	309.00
571.65	340.00
571.85	363.00
572.04	451.00
572.24	368.00
572.44	375.00
572.63	342.00
572.83	325.00
573.03	368.00
573.22	400.00
573.42	353.00
573.61	407.00
573.81	427.00
574.01	372.00
574.20	426.00
574.40	393.00
574.59	442.00
574.79	443.00
574.99	464.00
575.18	427.00
575.38	460.00
575.58	443.00
575.77	400.00
575.97	454.00
576.16	438.00
576.36	446.00
576.56	500.00
576.75	488.00
576.95	501.00
577.14	569.00
577.34	577.00
577.54	526.00
577.73	564.00
577.93	545.00
578.12	441.00
578.32	479.00
578.52	555.00
578.71	542.00
578.91	638.00
579.10	723.00
579.30	685.00
579.50	657.00
579.69	669.00
579.89	667.00
580.08	663.00
580.28	662.00
580.48	689.00
580.67	638.00
580.87	710.00
581.06	686.00
581.26	703.00
581.45	687.00
581.65	685.00
581.85	717.00
582.04	777.00
582.24	710.00
582.43	745.00
582.63	779.00
582.83	754.00
583.02	863.00
583.22	827.00
583.41	808.00
583.61	883.00
583.80	841.00
584.00	870.00
584.20	872.00
584.39	914.00
584.59	943.00
584.78	1002.00
584.98	941.00
585.17	1004.00
585.37	899.00
585.57	957.00
585.76	977.00
585.96	995.00
586.15	1004.00
586.35	1020.00
586.54	1029.00
586.74	1068.00
586.94	1036.00
587.13	1076.00
587.33	1100.00
587.52	1118.00
587.72	1086.00
587.91	1050.00
588.11	1052.00
588.31	1134.00
588.50	1109.00
588.70	1207.00
588.89	1229.00
589.09	1198.00
589.28	1175.00
589.48	1139.00
589.68	1149.00
589.87	1204.00
590.07	1237.00
590.26	1320.00
590.46	1283.00
590.65	1275.00
590.85	1264.00
591.04	1240.00
591.24	1252.00
591.44	1307.00
591.63	1276.00
591.83	1322.00
592.02	1422.00
592.22	1386.00
592.41	1486.00
592.61	1464.00
592.80	1405.00
593.00	1525.00
593.19	1623.00
593.39	1537.00
593.59	1566.00
593.78	1546.00
593.98	1509.00
594.17	1515.00
594.37	1550.00
594.56	1529.00
594.76	1459.00
594.95	1516.00
595.15	1592.00
595.34	1565.00
595.54	1591.00
595.73	1665.00
595.93	1608.00
596.13	1574.00
596.32	1563.00
596.52	1642.00
596.71	1712.00
596.91	1650.00
597.10	1647.00
597.30	1631.00
597.49	1651.00
597.69	1660.00
597.88	1665.00
598.08	1733.00
598.27	1752.00
598.47	1807.00
598.66	1792.00
598.86	1782.00
599.06	1794.00
599.25	1806.00
599.45	1703.00
599.64	1712.00
599.84	1849.00
600.03	1831.00
600.23	1825.00
600.42	1797.00
600.62	1762.00
600.81	1806.00
601.01	1814.00
601.20	1931.00
601.40	1863.00
601.59	1815.00
601.79	1743.00
601.98	1679.00
602.18	1728.00
602.37	1750.00
602.57	1736.00
602.76	1798.00
602.96	1869.00
603.15	1874.00
603.35	1819.00
603.54	1838.00
603.74	1823.00
603.93	1786.00
604.13	1757.00
604.32	1834.00
604.52	1819.00
604.71	1858.00
604.91	1789.00
605.10	1809.00
605.30	1775.00
605.49	1817.00
605.69	1911.00
605.88	1881.00
606.08	1872.00
606.27	1826.00
606.47	1853.00
606.66	1853.00
606.86	1875.00
607.05	1746.00
607.25	1815.00
607.44	1842.00
607.64	1841.00
607.83	1913.00
608.03	1859.00
608.22	1861.00
608.42	1893.00
608.61	1943.00
608.81	1837.00
609.00	1885.00
609.20	1977.00
609.39	2014.00
609.59	1979.00
609.78	1996.00
609.98	2138.00
610.17	2286.00
610.37	2377.00
610.56	2579.00
610.76	2722.00
610.95	2757.00
611.15	2979.00
611.34	3137.00
611.54	3044.00
611.73	3103.00
611.93	2989.00
612.12	2828.00
612.32	2563.00
612.51	2412.00
612.71	2302.00
612.90	2240.00
613.09	2186.00
613.29	2120.00
613.48	2206.00
613.68	2187.00
613.87	2094.00
614.07	2089.00
614.26	2072.00
614.46	2133.00
614.65	2133.00
614.85	2105.00
615.04	2100.00
615.24	2076.00
615.43	2080.00
615.63	2093.00
615.82	1987.00
616.02	1884.00
616.21	1974.00
616.40	1996.00
616.60	1968.00
616.79	1913.00
616.99	1834.00
617.18	1919.00
617.38	1882.00
617.57	1838.00
617.77	1842.00
617.96	1851.00
618.16	1918.00
618.35	1927.00
618.54	1867.00
618.74	1831.00
618.93	1878.00
619.13	1885.00
619.32	1887.00
619.52	1917.00
619.71	1973.00
619.91	1899.00
620.10	1939.00
620.30	1960.00
620.49	1973.00
620.68	1951.00
620.88	1976.00
621.07	1941.00
621.27	1946.00
621.46	1999.00
621.66	1929.00
621.85	2008.00
622.05	2017.00
622.24	1983.00
622.43	1920.00
622.63	1973.00
622.82	2070.00
623.02	2061.00
623.21	2071.00
623.41	2092.00
623.60	2070.00
623.80	2005.00
623.99	2052.00
624.18	2092.00
624.38	2100.00
624.57	2089.00
624.77	2146.00
624.96	2160.00
625.16	2056.00
625.35	2128.00
625.54	2177.00
625.74	2207.00
625.93	2240.00
626.13	2242.00
626.32	2250.00
626.52	2216.00
626.71	2260.00
626.90	2210.00
627.10	2167.00
627.29	2191.00
627.49	2188.00
627.68	2202.00
627.88	2205.00
628.07	2200.00
628.26	2192.00
628.46	2302.00
628.65	2263.00
628.85	2213.00
629.04	2278.00
629.23	2276.00
629.43	2373.00
629.62	2382.00
629.82	2257.00
630.01	2303.00
630.21	2436.00
630.40	2421.00
630.59	2429.00
630.79	2524.00
630.98	2494.00
631.18	2584.00
631.37	2565.00
631.56	2591.00
631.76	2566.00
631.95	2537.00
632.15	2554.00
632.34	2472.00
632.53	2390.00
632.73	2469.00
632.92	2461.00
633.12	2487.00
633.31	2372.00
633.50	2485.00
633.70	2428.00
633.89	2476.00
634.09	2519.00
634.28	2518.00
634.47	2530.00
634.67	2558.00
634.86	2554.00
635.06	2596.00
635.25	2565.00
635.44	2671.00
635.64	2591.00
635.83	2607.00
636.03	2674.00
636.22	2602.00
636.41	2581.00
636.61	2678.00
636.80	2705.00
637.00	2711.00
637.19	2693.00
637.38	2715.00
637.58	2647.00
637.77	2784.00
637.96	2823.00
638.16	2816.00
638.35	2732.00
638.55	2754.00
638.74	2846.00
638.93	2835.00
639.13	2808.00
639.32	2854.00
639.51	2865.00
639.71	2917.00
639.90	2853.00
640.10	2878.00
640.29	2883.00
640.48	2903.00
640.68	2876.00
640.87	2908.00
641.07	2937.00
641.26	3036.00
641.45	3031.00
641.65	3004.00
641.84	2946.00
642.03	2985.00
642.23	3142.00
642.42	3141.00
642.61	3112.00
642.81	3057.00
643.00	3070.00
643.20	3109.00
643.39	3094.00
643.58	3008.00
643.78	3028.00
643.97	3125.00
644.16	3153.00
644.36	3163.00
644.55	3240.00
644.74	3254.00
644.94	3366.00
645.13	3345.00
645.33	3244.00
645.52	3236.00
645.71	3345.00
645.91	3327.00
646.10	3322.00
646.29	3242.00
646.49	3278.00
646.68	3293.00
646.87	3351.00
647.07	3433.00
647.26	3405.00
647.45	3363.00
647.65	3359.00
647.84	3446.00
648.03	3523.00
648.23	3523.00
648.42	3459.00
648.62	3469.00
648.81	3455.00
649.00	3435.00
649.20	3423.00
649.39	3547.00
649.58	3550.00
649.78	3498.00
649.97	3502.00
650.16	3517.00
650.36	3534.00
650.55	3563.00
650.74	3601.00
650.94	3551.00
651.13	3581.00
651.32	3539.00
651.52	3540.00
651.71	3710.00
651.90	3696.00
652.10	3683.00
652.29	3608.00
652.48	3600.00
652.68	3573.00
652.87	3602.00
653.06	3614.00
653.26	3530.00
653.45	3558.00
653.64	3716.00
653.84	3639.00
654.03	3615.00
654.22	3651.00
654.42	3621.00
654.61	3604.00
654.80	3715.00
654.99	3778.00
655.19	3769.00
655.38	3702.00
655.57	3656.00
655.77	3719.00
655.96	3621.00
656.15	3489.00
656.35	3563.00
656.54	3594.00
656.73	3568.00
656.93	3540.00
657.12	3578.00
657.31	3590.00
657.51	3585.00
657.70	3528.00
657.89	3574.00
658.09	3547.00
658.28	3593.00
658.47	3707.00
658.66	3698.00
658.86	3629.00
659.05	3568.00
659.24	3625.00
659.44	3667.00
659.63	3689.00
659.82	3590.00
660.02	3646.00
660.21	3551.00
660.40	3543.00
660.60	3612.00
660.79	3597.00
660.98	3563.00
661.17	3553.00
661.37	3552.00
661.56	3590.00
661.75	3567.00
661.95	3614.00
662.14	3608.00
662.33	3670.00
662.52	3637.00
662.72	3543.00
662.91	3481.00
663.10	3522.00
663.30	3523.00
663.49	3551.00
663.68	3550.00
663.88	3617.00
664.07	3635.00
664.26	3473.00
664.45	3530.00
664.65	3469.00
664.84	3434.00
665.03	3340.00
665.23	3412.00
665.42	3385.00
665.61	3467.00
665.80	3513.00
666.00	3466.00
666.19	3418.00
666.38	3390.00
666.57	3449.00
666.77	3387.00
666.96	3335.00
667.15	3447.00
667.35	3509.00
667.54	3450.00
667.73	3382.00
667.92	3380.00
668.12	3398.00
668.31	3420.00
668.50	3327.00
668.70	3223.00
668.89	3166.00
669.08	3335.00
669.27	3246.00
669.47	3197.00
669.66	3299.00
669.85	3381.00
670.04	3365.00
670.24	3363.00
670.43	3367.00
670.62	3375.00
670.81	3323.00
671.01	3195.00
671.20	3181.00
671.39	3300.00
671.58	3332.00
671.78	3303.00
671.97	3277.00
672.16	3291.00
672.36	3252.00
672.55	3262.00
672.74	3269.00
672.93	3229.00
673.13	3234.00
673.32	3264.00
673.51	3243.00
673.70	3223.00
673.90	3184.00
674.09	3161.00
674.28	3136.00
674.47	3292.00
674.67	3310.00
674.86	3254.00
675.05	3124.00
675.24	3266.00
675.44	3242.00
675.63	3225.00
675.82	3185.00
676.01	3072.00
676.21	3131.00
676.40	3133.00
676.59	3137.00
676.78	3115.00
676.97	3126.00
677.17	3199.00
677.36	3116.00
677.55	3085.00
677.74	3064.00
677.94	3061.00
678.13	3072.00
678.32	3156.00
678.51	3175.00
678.71	3100.00
678.90	3095.00
679.09	3186.00
679.28	3188.00
679.48	3228.00
679.67	3152.00
679.86	3133.00
680.05	3157.00
680.24	3114.00
680.44	3160.00
680.63	3170.00
680.82	3111.00
681.01	2982.00
681.21	2943.00
681.40	3018.00
681.59	3035.00
681.78	2991.00
681.97	3093.00
682.17	2993.00
682.36	3037.00
682.55	3012.00
682.74	3054.00
682.94	3016.00
683.13	3009.00
683.32	3005.00
683.51	3044.00
683.70	3021.00
683.90	3002.00
684.09	2933.00
684.28	2999.00
684.47	3010.00
684.66	3039.00
684.86	3037.00
685.05	3091.00
685.24	3134.00
685.43	2983.00
685.63	3017.00
685.82	3047.00
686.01	2994.00
686.20	2999.00
686.39	3002.00
686.59	2950.00
686.78	2961.00
686.97	2971.00
687.16	3025.00
687.35	3045.00
687.55	3111.00
687.74	3020.00
687.93	3020.00
688.12	3023.00
688.31	3089.00
688.51	3082.00
688.70	3024.00
688.89	3064.00
689.08	3062.00
689.27	3007.00
689.47	2977.00
689.66	2970.00
689.85	3000.00
690.04	3009.00
690.23	3027.00
690.42	2942.00
690.62	2997.00
690.81	2992.00
691.00	2998.00
691.19	2985.00
691.38	2983.00
691.58	2942.00
691.77	3084.00
691.96	3121.00
692.15	3161.00
692.34	3092.00
692.54	3017.00
692.73	3078.00
692.92	3105.00
693.11	3091.00
693.30	3052.00
693.49	3005.00
693.69	3059.00
693.88	3100.00
694.07	3057.00
694.26	3044.00
694.45	3069.00
694.64	3022.00
694.84	3060.00
695.03	3041.00
695.22	2928.00
695.41	2970.00
695.60	2981.00
695.80	2944.00
695.99	3017.00
696.18	3046.00
696.37	2965.00
696.56	3032.00
696.75	3056.00
696.95	3135.00
697.14	3141.00
697.33	3100.00
697.52	3110.00
697.71	3086.00
697.90	3122.00
698.09	3160.00
698.29	3160.00
698.48	3187.00
698.67	3249.00
698.86	3257.00
699.05	3220.00
699.24	3118.00
699.44	3106.00
699.63	3206.00
699.82	3114.00
700.01	3136.00
700.20	3169.00
700.39	3135.00
700.58	3203.00
700.78	3221.00
700.97	3150.00
701.16	3228.00
701.35	3257.00
701.54	3244.00
701.73	3317.00
701.93	3309.00
702.12	3346.00
702.31	3282.00
702.50	3198.00
702.69	3195.00
702.88	3277.00
703.07	3329.00
703.27	3359.00
703.46	3333.00
703.65	3297.00
703.84	3286.00
704.03	3332.00
704.22	3386.00
704.41	3377.00
704.60	3359.00
704.80	3329.00
704.99	3398.00
705.18	3409.00
705.37	3421.00
705.56	3438.00
705.75	3418.00
705.94	3467.00
706.14	3534.00
706.33	3466.00
706.52	3467.00
706.71	3473.00
706.90	3533.00
707.09	3575.00
707.28	3545.00
707.47	3578.00
707.67	3582.00
707.86	3662.00
708.05	3695.00
708.24	3577.00
708.43	3603.00
708.62	3733.00
708.81	3715.00
709.00	3763.00
709.20	3621.00
709.39	3672.00
709.58	3768.00
709.77	3760.00
709.96	3765.00
710.15	3790.00
710.34	3764.00
710.53	3724.00
710.72	3638.00
710.92	3669.00
711.11	3649.00
711.30	3618.00
711.49	3686.00
711.68	3725.00
711.87	3763.00
712.06	3853.00
712.25	3823.00
712.44	3893.00
712.64	3935.00
712.83	3914.00
713.02	3878.00
713.21	3946.00
713.40	3880.00
713.59	3805.00
713.78	3895.00
713.97	3945.00
714.16	3951.00
714.35	3886.00
714.55	3872.00
714.74	3961.00
714.93	3940.00
715.12	3973.00
715.31	3941.00
715.50	3904.00
715.69	3881.00
715.88	3888.00
716.07	3879.00
716.26	3989.00
716.45	3910.00
716.65	3856.00
716.84	3894.00
717.03	3897.00
717.22	3963.00
717.41	3943.00
717.60	3854.00
717.79	3959.00
717.98	3991.00
718.17	4005.00
718.36	3966.00
718.55	4049.00
718.75	3961.00
718.94	3992.00
719.13	4166.00
719.32	4005.00
719.51	4012.00
719.70	3972.00
719.89	4142.00
720.08	4241.00
720.27	4143.00
720.46	4190.00
720.65	4162.00
720.84	4181.00
721.03	4183.00
721.22	4147.00
721.42	4109.00
721.61	4069.00
721.80	4063.00
721.99	4072.00
722.18	4168.00
722.37	4135.00
722.56	4125.00
722.75	4112.00
722.94	4080.00
723.13	4102.00
723.32	4129.00
723.51	4114.00
723.70	4080.00
723.89	4082.00
724.08	4025.00
724.28	4065.00
724.47	4185.00
724.66	4180.00
724.85	4083.00
725.04	4132.00
725.23	4119.00
725.42	4109.00
725.61	4172.00
725.80	4142.00
725.99	4224.00
726.18	4269.00
726.37	4201.00
726.56	4218.00
726.75	4237.00
726.94	4204.00
727.13	4131.00
727.32	4029.00
727.51	4159.00
727.71	4234.00
727.90	4194.00
728.09	4099.00
728.28	4209.00
728.47	4151.00
728.66	4095.00
728.85	4117.00
729.04	4054.00
729.23	4007.00
729.42	4119.00
729.61	4142.00
729.80	4188.00
729.99	4141.00
730.18	4081.00
730.37	4173.00
730.56	4171.00
730.75	4146.00
730.94	4090.00
731.13	4123.00
731.32	4119.00
731.51	4090.00
731.70	4081.00
731.89	4059.00
732.08	4027.00
732.27	4118.00
732.46	4089.00
732.65	4165.00
732.84	4132.00
733.04	4118.00
733.23	4113.00
733.42	4090.00
733.61	4078.00
733.80	4072.00
733.99	4073.00
734.18	4130.00
734.37	4035.00
734.56	3979.00
734.75	3976.00
734.94	4053.00
735.13	4049.00
735.32	4002.00
735.51	4067.00
735.70	4108.00
735.89	3960.00
736.08	4048.00
736.27	4019.00
736.46	3949.00
736.65	3936.00
736.84	3956.00
737.03	3990.00
737.22	4017.00
737.41	3992.00
737.60	3966.00
737.79	4064.00
737.98	3965.00
738.17	3945.00
738.36	4036.00
738.55	4027.00
738.74	4044.00
738.93	3966.00
739.12	3960.00
739.31	3914.00
739.50	3982.00
739.69	3914.00
739.88	3897.00
740.07	3938.00
740.26	4015.00
740.45	3951.00
740.64	3855.00
740.83	3836.00
741.02	3817.00
741.21	3745.00
741.40	3771.00
741.59	3708.00
741.78	3812.00
741.97	3855.00
742.16	3877.00
742.35	3753.00
742.54	3792.00
742.73	3776.00
742.92	3691.00
743.11	3670.00
743.30	3701.00
743.49	3762.00
743.68	3716.00
743.87	3706.00
744.06	3735.00
744.25	3756.00
744.44	3705.00
744.63	3770.00
744.82	3773.00
745.01	3697.00
745.20	3712.00
745.39	3738.00
745.58	3641.00
745.77	3659.00
745.96	3689.00
746.15	3656.00
746.34	3639.00
746.52	3569.00
746.71	3573.00
746.90	3635.00
747.09	3610.00
747.28	3610.00
747.47	3687.00
747.66	3551.00
747.85	3566.00
748.04	3501.00
748.23	3555.00
748.42	3556.00
748.61	3517.00
748.80	3481.00
748.99	3425.00
749.18	3478.00
749.37	3546.00
749.56	3527.00
749.75	3480.00
749.94	3473.00
750.13	3439.00
750.32	3337.00
750.51	3386.00
750.70	3476.00
750.89	3409.00
751.08	3312.00
751.27	3375.00
751.46	3463.00
751.64	3400.00
751.83	3329.00
752.02	3300.00
752.21	3278.00
752.40	3314.00
752.59	3374.00
752.78	3360.00
752.97	3380.00
753.16	3343.00
753.35	3317.00
753.54	3381.00
753.73	3310.00
753.92	3402.00
754.11	3441.00
754.30	3356.00
754.49	3257.00
754.68	3237.00
754.87	3243.00
755.06	3160.00
755.24	3266.00
755.43	3279.00
755.62	3194.00
755.81	3164.00
756.00	3204.00
756.19	3231.00
756.38	3234.00
756.57	3237.00
756.76	3254.00
756.95	3286.00
757.14	3182.00
757.33	3087.00
757.52	3129.00
757.71	3079.00
757.90	3021.00
758.08	3069.00
758.27	3142.00
758.46	3150.00
758.65	3097.00
758.84	3028.00
759.03	3167.00
759.22	3141.00
759.41	3065.00
759.60	3152.00
759.79	3134.00
759.98	2970.00
760.17	3317.00
760.36	3105.00
760.54	3078.00
760.73	2947.00
760.92	2983.00
761.11	3004.00
761.30	2979.00
761.49	2919.00
761.68	2959.00
761.87	2789.00
762.06	2760.00
762.25	2770.00
762.44	2751.00
762.63	2659.00
762.81	2642.00
763.00	2686.00
763.19	2661.00
763.38	2614.00
763.57	2557.00
763.76	2523.00
763.95	2571.00
764.14	2569.00
764.33	2593.00
764.52	2575.00
764.71	2588.00
764.89	2598.00
765.08	2544.00
765.27	2622.00
765.46	2634.00
765.65	2616.00
765.84	2707.00
766.03	2568.00
766.22	2533.00
766.41	2587.00
766.59	2688.00
766.78	2805.00
766.97	2736.00
767.16	2815.00
767.35	2736.00
767.54	2716.00
767.73	2829.00
767.92	2946.00
768.11	2907.00
768.30	2846.00
768.48	2820.00
768.67	2792.00
768.86	2871.00
769.05	2975.00
769.24	3001.00
769.43	2970.00
769.62	2932.00
769.81	2980.00
769.99	2945.00
770.18	2890.00
770.37	2921.00
770.56	3118.00
770.75	2980.00
770.94	2880.00
771.13	2879.00
771.32	2865.00
771.50	2807.00
771.69	2824.00
771.88	2858.00
772.07	2926.00
772.26	3019.00
772.45	2961.00
772.64	2930.00
772.83	2923.00
773.01	2895.00
773.20	2841.00
773.39	2937.00
773.58	2951.00
773.77	2921.00
773.96	2895.00
774.15	2901.00
774.34	2890.00
774.52	2839.00
774.71	2829.00
774.90	2818.00
775.09	2765.00
775.28	2775.00
775.47	2889.00
775.66	2875.00
775.84	2839.00
776.03	2855.00
776.22	2931.00
776.41	2823.00
776.60	2819.00
776.79	2796.00
776.98	2836.00
777.16	2836.00
777.35	2853.00
777.54	2782.00
777.73	2796.00
777.92	2788.00
778.11	2796.00
778.29	2824.00
778.48	2793.00
778.67	2790.00
778.86	2828.00
779.05	2848.00
779.24	2788.00
779.43	2764.00
779.61	2899.00
779.80	2864.00
779.99	2850.00
780.18	2918.00
780.37	2866.00
780.56	2846.00
780.74	2892.00
780.93	2915.00
781.12	2827.00
781.31	2861.00
781.50	2905.00
781.69	2854.00
781.87	2940.00
782.06	2901.00
782.25	2906.00
782.44	2908.00
782.63	2933.00
782.82	2970.00
783.00	2960.00
783.19	2931.00
783.38	2954.00
783.57	2944.00
783.76	2985.00
783.95	2928.00
784.13	2898.00
784.32	2793.00
784.51	2950.00
784.70	2884.00
784.89	2834.00
785.08	2863.00
785.26	2883.00
785.45	2877.00
785.64	2948.00
785.83	2889.00
786.02	2931.00
786.20	2980.00
786.39	2816.00
786.58	2912.00
786.77	2916.00
786.96	2996.00
787.15	2980.00
787.33	2916.00
787.52	2904.00
787.71	2900.00
787.90	2936.00
788.09	2882.00
788.27	2990.00
788.46	2982.00
788.65	3010.00
788.84	3022.00
789.03	3087.00
789.21	3025.00
789.40	3035.00
789.59	3027.00
789.78	3057.00
789.97	3020.00
790.15	2984.00
790.34	3040.00
790.53	2975.00
790.72	2999.00
790.91	3028.00
791.09	3096.00
791.28	3132.00
791.47	3116.00
791.66	3036.00
791.85	3148.00
792.03	3176.00
792.22	3074.00
792.41	3086.00
792.60	3102.00
792.79	3096.00
792.97	3108.00
793.16	3143.00
793.35	3167.00
793.54	3201.00
793.72	3262.00
793.91	3226.00
794.10	3185.00
794.29	3109.00
794.48	3143.00
794.66	3137.00
794.85	3025.00
795.04	3196.00
795.23	3211.00
795.42	3159.00
795.60	3176.00
795.79	3200.00
795.98	3156.00
796.17	3144.00
796.35	3226.00
796.54	3250.00
796.73	3258.00
796.92	3250.00
797.11	3194.00
797.29	3205.00
797.48	3215.00
797.67	3247.00
797.86	3227.00
798.04	3223.00
798.23	3234.00
798.42	3173.00
798.61	3203.00
798.79	3220.00
798.98	3218.00
799.17	3145.00
799.36	3180.00
799.54	3128.00
799.73	3072.00
799.92	3165.00
800.11	3099.00
800.30	3128.00
800.48	3210.00
800.67	3198.00
800.86	3150.00
801.05	3032.00
801.23	3088.00
801.42	3071.00
801.61	3169.00
801.80	3285.00
801.98	3212.00
802.17	3258.00
802.36	3223.00
802.55	3384.00
802.73	3276.00
802.92	3226.00
803.11	3173.00
803.30	3302.00
803.48	3180.00
803.67	3238.00
803.86	3237.00
804.05	3291.00
804.23	3265.00
804.42	3300.00
804.61	3299.00
804.80	3271.00
804.98	3182.00
805.17	3206.00
805.36	3194.00
805.54	3207.00
805.73	3231.00
805.92	3295.00
806.11	3373.00
806.29	3409.00
806.48	3292.00
806.67	3280.00
806.86	3322.00
807.04	3247.00
807.23	3315.00
807.42	3270.00
807.61	3282.00
807.79	3315.00
807.98	3279.00
808.17	3325.00
808.35	3375.00
808.54	3353.00
808.73	3310.00
808.92	3250.00
809.10	3214.00
809.29	3179.00
809.48	3297.00
809.67	3307.00
809.85	3371.00
810.04	3333.00
810.23	3242.00
810.41	3266.00
810.60	3265.00
810.79	3273.00
810.98	3253.00
811.16	3321.00
811.35	3307.00
811.54	3296.00
811.72	3265.00
811.91	3234.00
812.10	3245.00
812.29	3295.00
812.47	3182.00
812.66	3166.00
812.85	3161.00
813.03	3089.00
813.22	3121.00
813.41	3263.00
813.60	3175.00
813.78	3195.00
813.97	3270.00
814.16	3302.00
814.34	3181.00
814.53	3185.00
814.72	3194.00
814.90	3219.00
815.09	3175.00
815.28	3246.00
815.47	3216.00
815.65	3199.00
815.84	3166.00
816.03	3295.00
816.21	3387.00
816.40	3330.00
816.59	3260.00
816.77	3327.00
816.96	3216.00
817.15	3209.00
817.33	3235.00
817.52	3172.00
817.71	3262.00
817.90	3316.00
818.08	3279.00
818.27	3183.00
818.46	3252.00
818.64	3273.00
818.83	3280.00
819.02	3224.00
819.20	3182.00
819.39	3196.00
819.58	3305.00
819.76	3366.00
819.95	3288.00
820.14	3285.00
820.32	3266.00
820.51	3296.00
820.70	3291.00
820.88	3338.00
821.07	3346.00
821.26	3329.00
821.44	3226.00
821.63	3176.00
821.82	3315.00
822.01	3329.00
822.19	3269.00
822.38	3289.00
822.57	3288.00
822.75	3182.00
822.94	3295.00
823.13	3284.00
823.31	3211.00
823.50	3240.00
823.69	3299.00
823.87	3364.00
824.06	3264.00
824.25	3196.00
824.43	3220.00
824.62	3244.00
824.80	3088.00
824.99	3124.00
825.18	3114.00
825.36	3198.00
825.55	3176.00
825.74	3222.00
825.92	3174.00
826.11	3225.00
826.30	3285.00
826.48	3238.00
826.67	3181.00
826.86	3171.00
827.04	3194.00
827.23	3196.00
827.42	3205.00
827.60	3159.00
827.79	3127.00
827.98	3085.00
828.16	3052.00
828.35	3075.00
828.54	3076.00
828.72	3064.00
828.91	3100.00
829.09	3140.00
829.28	3134.00
829.47	3090.00
829.65	3156.00
829.84	3120.00
830.03	3084.00
830.21	3053.00
830.40	3057.00
830.59	3048.00
830.77	3146.00
830.96	3126.00
831.14	3084.00
831.33	2961.00
831.52	2980.00
831.70	3033.00
831.89	3135.00
832.08	3022.00
832.26	3055.00
832.45	3100.00
832.64	3083.00
832.82	3008.00
833.01	2989.00
833.19	3036.00
833.38	3034.00
833.57	3034.00
833.75	3008.00
833.94	3102.00
834.13	2994.00
834.31	2933.00
834.50	2927.00
834.68	2972.00
834.87	2985.00
835.06	2891.00
835.24	2836.00
835.43	2965.00
835.61	2954.00
835.80	3029.00
835.99	3006.00
836.17	2974.00
836.36	2946.00
836.55	2967.00
836.73	2935.00
836.92	2873.00
837.10	2953.00
837.29	2953.00
837.48	2906.00
837.66	2915.00
837.85	2908.00
838.03	2972.00
838.22	2928.00
838.41	2937.00
838.59	2881.00
838.78	2898.00
838.96	2878.00
839.15	2934.00
839.34	2920.00
839.52	2854.00
839.71	2819.00
839.89	2833.00
840.08	2951.00
840.27	3036.00
840.45	2983.00
840.64	2925.00
840.82	2929.00
841.01	2827.00
841.20	2836.00
841.38	2890.00
841.57	2937.00
841.75	2898.00
841.94	2799.00
842.13	2842.00
842.31	2901.00
842.50	2811.00
842.68	2757.00
842.87	2746.00
843.05	2733.00
843.24	2805.00
843.43	2754.00
843.61	2744.00
843.80	2771.00
843.98	2773.00
844.17	2823.00
844.36	2833.00
844.54	2782.00
844.73	2744.00
844.91	2723.00
845.10	2714.00
845.28	2659.00
845.47	2759.00
845.66	2744.00
845.84	2762.00
846.03	2701.00
846.21	2673.00
846.40	2675.00
846.58	2560.00
846.77	2577.00
846.96	2619.00
847.14	2646.00
847.33	2674.00
847.51	2680.00
847.70	2597.00
847.88	2482.00
848.07	2521.00
848.25	2539.00
848.44	2554.00
848.63	2535.00
848.81	2533.00
849.00	2518.00
849.18	2512.00
849.37	2537.00
849.55	2634.00
849.74	2538.00
849.93	2475.00
850.11	2480.00
850.30	2543.00
850.48	2519.00
850.67	2489.00
850.85	2478.00
851.04	2452.00
851.22	2466.00
851.41	2541.00
851.59	2553.00
851.78	2551.00
851.97	2500.00
852.15	2495.00
852.34	2498.00
852.52	2412.00
852.71	2520.00
852.89	2472.00
853.08	2412.00
853.26	2421.00
853.45	2470.00
853.63	2464.00
853.82	2430.00
854.01	2370.00
854.19	2498.00
854.38	2433.00
854.56	2382.00
854.75	2391.00
854.93	2443.00
855.12	2355.00
855.30	2491.00
855.49	2505.00
855.67	2445.00
855.86	2353.00
856.04	2407.00
856.23	2468.00
856.41	2389.00
856.60	2364.00
856.79	2301.00
856.97	2334.00
857.16	2344.00
857.34	2295.00
857.53	2326.00
857.71	2356.00
857.90	2333.00
858.08	2364.00
858.27	2338.00
858.45	2389.00
858.64	2352.00
858.82	2393.00
859.01	2404.00
859.19	2271.00
859.38	2162.00
859.56	2256.00
859.75	2242.00
859.93	2282.00
860.12	2274.00
860.30	2287.00
860.49	2328.00
860.67	2265.00
860.86	2279.00
861.04	2309.00
861.23	2244.00
861.41	2276.00
861.60	2256.00
861.78	2172.00
861.97	2222.00
862.15	2254.00
862.34	2234.00
862.53	2294.00
862.71	2204.00
862.90	2145.00
863.08	2087.00
863.27	2101.00
863.45	2189.00
863.64	2304.00
863.82	2201.00
864.01	2164.00
864.19	2146.00
864.37	2173.00
864.56	2122.00
864.74	2187.00
864.93	2132.00
865.11	2129.00
865.30	2103.00
865.48	2141.00
865.67	2127.00
865.85	2108.00
866.04	2130.00
866.22	2182.00
866.41	2170.00
866.59	2208.00
866.78	2142.00
866.96	2067.00
867.15	2095.00
867.33	2105.00
867.52	2032.00
867.70	2055.00
867.89	2042.00
868.07	2047.00
868.26	2082.00
868.44	2044.00
868.63	2014.00
868.81	1999.00
869.00	2085.00
869.18	2083.00
869.37	2034.00
869.55	2017.00
869.74	2012.00
869.92	1995.00
870.10	1925.00
870.29	1909.00
870.47	1910.00
870.66	1946.00
870.84	2004.00
871.03	1995.00
871.21	1865.00
871.40	1921.00
871.58	1955.00
871.77	2014.00
871.95	2057.00
872.14	1911.00
872.32	1971.00
872.51	1950.00
872.69	1939.00
872.87	1903.00
873.06	1921.00
873.24	1951.00
873.43	1871.00
873.61	1898.00
873.80	1925.00
873.98	1891.00
874.17	1894.00
874.35	1947.00
874.54	2055.00
874.72	2011.00
874.90	1891.00
875.09	1939.00
875.27	1895.00
875.46	1971.00
875.64	1878.00
875.83	1813.00
876.01	1884.00
876.20	1930.00
876.38	1875.00
876.56	1845.00
876.75	1822.00
876.93	1812.00
877.12	1861.00
877.30	1900.00
877.49	1912.00
877.67	1877.00
877.86	1818.00
878.04	1872.00
878.22	1888.00
878.41	1816.00
878.59	1844.00
878.78	1799.00
878.96	1820.00
879.15	1890.00
879.33	1904.00
879.51	1836.00
879.70	1887.00
879.88	1812.00
880.07	1799.00
880.25	1896.00
880.44	1788.00
880.62	1789.00
880.80	1820.00
880.99	1819.00
881.17	1808.00
881.36	1862.00
881.54	1852.00
881.73	1828.00
881.91	1906.00
882.09	1776.00
882.28	1793.00
882.46	1858.00
882.65	1776.00
882.83	1799.00
883.02	1828.00
883.20	1842.00
883.38	1839.00
883.57	1780.00
883.75	1775.00
883.94	1740.00
884.12	1691.00
884.30	1795.00
884.49	1776.00
884.67	1802.00
884.86	1840.00
885.04	1717.00
885.22	1805.00
885.41	1798.00
885.59	1791.00
885.78	1768.00
885.96	1736.00
886.14	1776.00
886.33	1733.00
886.51	1740.00
886.70	1760.00
886.88	1754.00
887.06	1802.00
887.25	1758.00
887.43	1748.00
887.62	1820.00
887.80	1727.00
887.98	1697.00
888.17	1739.00
888.35	1810.00
888.54	1756.00
888.72	1741.00
888.90	1743.00
889.09	1765.00
889.27	1811.00
889.46	1842.00
889.64	1776.00
889.82	1745.00
890.01	1778.00
890.19	1731.00
890.38	1681.00
890.56	1680.00
890.74	1756.00
890.93	1747.00
891.11	1766.00
891.29	1662.00
891.48	1714.00
891.66	1698.00
891.85	1795.00
892.03	1793.00
892.21	1677.00
892.40	1699.00
892.58	1807.00
892.76	1754.00
892.95	1735.00
893.13	1775.00
893.32	1750.00
893.50	1715.00
893.68	1707.00
893.87	1682.00
894.05	1740.00
894.23	1773.00
894.42	1704.00
894.60	1678.00
894.79	1755.00
894.97	1762.00
895.15	1766.00
895.34	1734.00
895.52	1725.00
895.70	1724.00
895.89	1779.00
896.07	1795.00
896.25	1785.00
896.44	1812.00
896.62	1820.00
896.81	1771.00
896.99	1732.00
897.17	1730.00
897.36	1740.00
897.54	1752.00
897.72	1724.00
897.91	1736.00
898.09	1697.00
898.27	1740.00
898.46	1778.00
898.64	1862.00
898.82	1804.00
899.01	1774.00
899.19	1804.00
899.37	1779.00
899.56	1899.00
899.74	1846.00
899.92	1859.00
900.11	1864.00
900.29	1865.00
900.47	1831.00
900.66	1889.00
900.84	1876.00
901.03	1864.00
901.21	1834.00
901.39	1843.00
901.58	1860.00
901.76	1854.00
901.94	1904.00
902.13	1825.00
902.31	1800.00
902.49	1942.00
902.68	1977.00
902.86	1876.00
903.04	1872.00
903.23	1802.00
903.41	1785.00
903.59	1849.00
903.78	1882.00
903.96	1838.00
904.14	1861.00
904.32	1917.00
904.51	1958.00
904.69	1971.00
904.87	1999.00
905.06	1927.00
905.24	1907.00
905.42	1921.00
905.61	1916.00
905.79	1964.00
905.97	2027.00
906.16	1949.00
906.34	1910.00
906.52	1886.00
906.71	1942.00
906.89	2040.00
907.07	2006.00
907.26	1863.00
907.44	1901.00
907.62	1945.00
907.81	1964.00
907.99	2001.00
908.17	1918.00
908.35	1807.00
908.54	1844.00
908.72	1918.00
908.90	1938.00
909.09	2003.00
909.27	1894.00
909.45	1888.00
909.64	1987.00
909.82	1929.00
910.00	1984.00
910.18	1997.00
910.37	1902.00
910.55	1873.00
910.73	1877.00
910.92	1926.00
911.10	1968.00
911.28	2003.00
911.47	1903.00
911.65	1915.00
911.83	1863.00
912.01	1834.00
912.20	1877.00
912.38	1991.00
912.56	1985.00
912.75	1892.00
912.93	1881.00
913.11	1879.00
913.29	1884.00
913.48	1926.00
913.66	1930.00
913.84	1929.00
914.03	1864.00
914.21	1818.00
914.39	1857.00
914.57	1855.00
914.76	1802.00
914.94	1804.00
915.12	1905.00
915.31	1908.00
915.49	1899.00
915.67	1871.00
915.85	1858.00
916.04	1891.00
916.22	1908.00
916.40	1856.00
916.58	1801.00
916.77	1863.00
916.95	1870.00
917.13	1880.00
917.32	1844.00
917.50	1793.00
917.68	1851.00
917.86	1843.00
918.05	1846.00
918.23	1832.00
918.41	1892.00
918.59	1823.00
918.78	1784.00
918.96	1769.00
919.14	1792.00
919.32	1758.00
919.51	1831.00
919.69	1872.00
919.87	1822.00
920.05	1820.00
920.24	1833.00
920.42	1790.00
920.60	1758.00
920.78	1745.00
920.97	1726.00
921.15	1743.00
921.33	1731.00
921.52	1787.00
921.70	1781.00
921.88	1747.00
922.06	1673.00
922.24	1721.00
922.43	1779.00
922.61	1787.00
922.79	1720.00
922.97	1717.00
923.16	1765.00
923.34	1750.00
923.52	1748.00
923.70	1732.00
923.89	1740.00
924.07	1735.00
924.25	1675.00
924.43	1688.00
924.62	1650.00
924.80	1636.00
924.98	1656.00
925.16	1701.00
925.35	1724.00
925.53	1745.00
925.71	1684.00
925.89	1738.00
926.08	1708.00
926.26	1648.00
926.44	1708.00
926.62	1734.00
926.80	1629.00
926.99	1636.00
927.17	1666.00
927.35	1710.00
927.53	1647.00
927.72	1653.00
927.90	1586.00
928.08	1593.00
928.26	1539.00
928.44	1664.00
928.63	1617.00
928.81	1607.00
928.99	1672.00
929.17	1635.00
929.36	1584.00
929.54	1627.00
929.72	1527.00
929.90	1646.00
930.08	1651.00
930.27	1600.00
930.45	1642.00
930.63	1578.00
930.81	1533.00
930.99	1576.00
931.18	1576.00
931.36	1509.00
931.54	1517.00
931.72	1511.00
931.90	1452.00
932.09	1416.00
932.27	1492.00
932.45	1546.00
932.63	1458.00
932.81	1436.00
933.00	1396.00
933.18	1444.00
933.36	1385.00
933.54	1495.00
933.72	1450.00
933.91	1426.00
934.09	1408.00
934.27	1377.00
934.45	1304.00
934.63	1363.00
934.82	1339.00
935.00	1350.00
935.18	1298.00
935.36	1258.00
935.54	1243.00
935.73	1279.00
935.91	1221.00
936.09	1247.00
936.27	1193.00
936.45	1150.00
936.64	1110.00
936.82	1176.00
937.00	1210.00
937.18	1190.00
937.36	1193.00
937.54	1149.00
937.73	1046.00
937.91	969.00
938.09	1019.00
938.27	1085.00
938.45	1042.00
938.63	911.00
938.82	938.00
939.00	1010.00
939.18	1031.00
939.36	963.00
939.54	909.00
939.73	895.00
939.91	913.00
940.09	988.00
940.27	868.00
940.45	803.00
940.63	837.00
940.82	855.00
941.00	872.00
941.18	844.00
941.36	883.00
941.54	833.00
941.72	864.00
941.91	814.00
942.09	816.00
942.27	819.00
942.45	803.00
942.63	838.00
942.81	843.00
942.99	784.00
943.18	682.00
943.36	717.00
943.54	797.00
943.72	714.00
943.90	718.00
944.08	753.00
944.27	789.00
944.45	748.00
944.63	753.00
944.81	681.00
944.99	757.00
945.17	797.00
945.35	642.00
945.54	727.00
945.72	736.00
945.90	703.00
946.08	743.00
946.26	699.00
946.44	763.00
946.62	650.00
946.81	712.00
946.99	745.00
947.17	720.00
947.35	670.00
947.53	687.00
947.71	696.00
947.89	687.00
948.07	718.00
948.26	733.00
948.44	734.00
948.62	712.00
948.80	654.00
948.98	691.00
949.16	760.00
949.34	737.00
949.53	716.00
949.71	705.00
949.89	735.00
950.07	780.00
950.25	775.00
950.43	736.00
950.61	753.00
950.79	687.00
950.98	702.00
951.16	762.00
951.34	842.00
951.52	782.00
951.70	740.00
951.88	717.00
952.06	719.00
952.24	717.00
952.42	739.00
952.61	702.00
952.79	673.00
952.97	707.00
953.15	752.00
953.33	645.00
953.51	745.00
953.69	769.00
953.87	740.00
954.05	672.00
954.24	706.00
954.42	727.00
954.60	741.00
954.78	780.00
954.96	766.00
955.14	763.00
955.32	709.00
955.50	700.00
955.68	662.00
955.86	763.00
956.05	745.00
956.23	757.00
956.41	688.00
956.59	695.00
956.77	698.00
956.95	674.00
957.13	638.00
957.31	690.00
957.49	726.00
957.67	653.00
957.86	643.00
958.04	695.00
958.22	711.00
958.40	721.00
958.58	699.00
958.76	738.00
958.94	673.00
959.12	694.00
959.30	713.00
959.48	714.00
959.66	681.00
959.84	602.00
960.03	633.00
960.21	731.00
960.39	745.00
960.57	684.00
960.75	621.00
960.93	630.00
961.11	651.00
961.29	712.00
961.47	712.00
961.65	713.00
961.83	651.00
962.01	649.00
962.19	666.00
962.37	706.00
962.56	694.00
962.74	593.00
962.92	570.00
963.10	717.00
963.28	659.00
963.46	607.00
963.64	655.00
963.82	747.00
964.00	667.00
964.18	510.00
964.36	635.00
964.54	759.00
964.72	684.00
964.90	623.00
965.08	633.00
965.27	701.00
965.45	650.00
965.63	642.00
965.81	635.00
965.99	631.00
966.17	583.00
966.35	589.00
966.53	669.00
966.71	659.00
966.89	688.00
967.07	685.00
967.25	590.00
967.43	583.00
967.61	548.00
967.79	540.00
967.97	648.00
968.15	633.00
968.33	602.00
968.51	630.00
968.69	594.00
968.87	584.00
969.06	638.00
969.24	579.00
969.42	543.00
969.60	599.00
969.78	652.00
969.96	623.00
970.14	593.00
970.32	534.00
970.50	510.00
970.68	526.00
970.86	571.00
971.04	570.00
971.22	581.00
971.40	509.00
971.58	511.00
971.76	546.00
971.94	559.00
972.12	483.00
972.30	510.00
972.48	570.00
972.66	545.00
972.84	606.00
973.02	576.00
973.20	539.00
973.38	535.00
973.56	549.00
973.74	601.00
973.92	650.00
974.10	536.00
974.28	534.00
974.46	637.00
974.64	509.00
974.82	545.00
975.00	524.00
975.18	465.00
975.36	496.00
975.54	531.00
975.72	551.00
975.90	536.00
976.08	552.00
976.26	496.00
976.44	527.00
976.62	482.00
976.80	600.00
976.98	562.00
977.16	506.00
977.34	523.00
977.52	495.00
977.70	458.00
977.88	539.00
978.06	523.00
978.24	493.00
978.42	533.00
978.60	567.00
978.78	433.00
978.96	467.00
979.14	390.00
979.32	507.00
979.50	545.00
979.68	456.00
979.86	452.00
980.04	395.00
980.22	437.00
980.40	473.00
980.58	406.00
980.76	448.00
980.94	525.00
981.12	436.00
981.30	435.00
981.48	525.00
981.66	484.00
981.84	520.00
982.02	464.00
982.20	459.00
982.38	440.00
982.56	428.00
982.74	404.00
982.92	494.00
983.10	355.00
983.28	354.00
983.46	458.00
983.64	414.00
983.82	475.00
984.00	448.00
984.18	483.00
984.36	433.00
984.54	465.00
984.72	515.00
984.90	546.00
985.08	454.00
985.26	405.00
985.44	432.00
985.62	512.00
985.80	459.00
985.98	437.00
986.16	411.00
986.34	360.00
986.51	424.00
986.69	423.00
986.87	414.00
987.05	367.00
987.23	426.00
987.41	400.00
987.59	409.00
987.77	413.00
987.95	446.00
988.13	397.00
988.31	436.00
988.49	415.00
988.67	376.00
988.85	401.00
989.03	395.00
989.21	410.00
989.39	406.00
989.57	382.00
989.75	400.00
989.93	337.00
990.11	351.00
990.28	313.00
990.46	325.00
990.64	308.00
990.82	402.00
991.00	395.00
991.18	357.00
991.36	382.00
991.54	378.00
991.72	339.00
991.90	286.00
992.08	332.00
992.26	347.00
992.44	335.00
992.62	345.00
992.80	423.00
992.98	414.00
993.15	354.00
993.33	389.00
993.51	405.00
993.69	446.00
993.87	401.00
994.05	369.00
994.23	367.00
994.41	276.00
994.59	315.00
994.77	403.00
994.95	428.00
995.13	401.00
995.31	420.00
995.48	381.00
995.66	306.00
995.84	348.00
996.02	410.00
996.20	386.00
996.38	355.00
996.56	289.00
996.74	340.00
996.92	347.00
997.10	339.00
997.28	322.00
997.46	353.00
997.63	356.00
997.81	304.00
997.99	256.00
998.17	287.00
998.35	273.00
998.53	318.00
998.71	294.00
998.89	280.00
999.07	286.00
999.25	321.00
999.43	399.00
999.60	391.00
999.78	344.00
999.96	347.00
1000.14	352.00
1000.32	263.00
1000.50	323.00
1000.68	322.00
1000.86	356.00
1001.04	358.00
1001.21	318.00
1001.39	238.00
1001.57	317.00
1001.75	342.00
1001.93	289.00
1002.11	285.00
1002.29	301.00
1002.47	206.00
1002.65	259.00
1002.82	311.00
1003.00	372.00
1003.18	329.00
1003.36	321.00
1003.54	305.00
1003.72	311.00
1003.90	274.00
1004.08	229.00
1004.26	261.00
1004.43	304.00
1004.61	350.00
1004.79	331.00
1004.97	273.00
1005.15	288.00
1005.33	338.00
1005.51	303.00
1005.69	308.00
1005.86	355.00
1006.04	272.00
1006.22	279.00
1006.40	259.00
1006.58	262.00
1006.76	344.00
1006.94	218.00
1007.12	240.00
1007.29	192.00
1007.47	265.00
1007.65	290.00
1007.83	289.00
1008.01	318.00
1008.19	296.00
1008.37	278.00
1008.54	267.00
1008.72	292.00
1008.90	285.00
1009.08	286.00
1009.26	217.00
1009.44	276.00
1009.62	304.00
1009.79	373.00
1009.97	287.00
1010.15	239.00
1010.33	280.00
1010.51	222.00
1010.69	229.00
1010.87	285.00
1011.04	262.00
1011.22	208.00
1011.40	287.00
1011.58	302.00
1011.76	255.00
1011.94	245.00
1012.11	266.00
1012.29	249.00
1012.47	283.00
1012.65	296.00
1012.83	273.00
1013.01	263.00
1013.18	323.00
1013.36	263.00
1013.54	218.00
1013.72	192.00
1013.90	317.00
1014.08	245.00
1014.25	233.00
1014.43	225.00
1014.61	252.00
1014.79	281.00
1014.97	248.00
1015.15	261.00
1015.32	212.00
1015.50	184.00
1015.68	243.00
1015.86	268.00
1016.04	268.00
1016.22	186.00
1016.39	188.00
1016.57	178.00
1016.75	222.00
1016.93	192.00
1017.11	239.00
1017.29	258.00
1017.46	317.00
1017.64	307.00
1017.82	240.00
1018.00	239.00
1018.18	229.00
1018.35	230.00
1018.53	203.00
1018.71	180.00
1018.89	199.00
1019.07	227.00
1019.24	315.00
1019.42	280.00
1019.60	164.00
1019.78	204.00
1019.96	228.00
1020.14	237.00
1020.31	176.00
1020.49	238.00
1020.67	256.00
1020.85	212.00
1021.03	191.00
1021.20	200.00
1021.38	165.00
1021.56	172.00
1021.74	162.00
1021.92	110.00
1022.09	160.00
1022.27	198.00
1022.45	214.00
1022.63	213.00
1022.81	191.00
1022.98	184.00
1023.16	259.00
1023.34	273.00
1023.52	213.00
1023.69	179.00
1023.87	260.00
1024.05	247.00
1024.23	196.00
1024.41	222.00
1024.58	199.00
1024.76	188.00
1024.94	223.00
1025.12	164.00
1025.30	171.00
1025.47	215.00
1025.65	250.00
1025.83	175.00
1026.01	196.00
1026.18	248.00
1026.36	228.00
1026.54	139.00
1026.72	145.00
1026.90	178.00
1027.07	156.00
1027.25	198.00
1027.43	237.00
1027.61	180.00
1027.78	255.00
1027.96	218.00
1028.14	151.00
1028.32	186.00
1028.49	200.00
1028.67	200.00
1028.85	231.00
1029.03	227.00
1029.21	133.00
1029.38	98.00
1029.56	190.00
1029.74	150.00
1029.92	101.00
1030.09	162.00
1030.27	113.00
1030.45	125.00
1030.63	139.00
1030.80	198.00
1030.98	193.00
1031.16	195.00
1031.34	157.00
1031.51	136.00
1031.69	105.00
1031.87	239.00
1032.05	231.00
1032.22	173.00
1032.40	114.00
1032.58	129.00
1032.76	49.00
1032.93	119.00
1033.11	175.00
1033.29	139.00
1033.47	149.00
1033.64	169.00
1033.82	225.00
1034.00	168.00
1034.18	125.00
1034.35	94.00
1034.53	99.00
1034.71	59.00
1034.89	88.00
1035.06	118.00
1035.24	163.00
1035.42	95.00
1035.59	120.00
1035.77	108.00
1035.95	129.00
1036.13	180.00
1036.30	201.00
1036.48	148.00
1036.66	84.00
1036.84	133.00
1037.01	146.00
1037.19	116.00
1037.37	106.00
1037.54	138.00
1037.72	144.00
1037.90	127.00
1038.08	178.00
1038.25	133.00
1038.43	129.00
1038.61	160.00
1038.79	130.00
1038.96	175.00
1039.14	160.00
1039.32	179.00
1039.49	122.00
1039.67	73.00
1039.85	160.00
1040.03	156.00
1040.20	127.00
1040.38	103.00
1040.56	132.00
1040.73	96.00
1040.91	114.00
1041.09	96.00
1041.27	127.00
1041.44	160.00
1041.62	156.00
1041.80	169.00
1041.97	144.00
1042.15	139.00
1042.33	230.00
1042.50	194.00
1042.68	97.00
1042.86	142.00
1043.04	64.00
1043.21	79.00
1043.39	105.00
1043.57	133.00
1043.74	201.00
1043.92	122.00
1044.10	104.00
1044.27	81.00
1044.45	140.00
1044.63	119.00
1044.80	99.00
1044.98	88.00
1045.16	123.00
1045.34	114.00
1045.51	72.00
1045.69	152.00
1045.87	132.00
1046.04	59.00
1046.22	115.00
1046.40	38.00
1046.57	78.00
1046.75	100.00
1046.93	102.00
1047.10	82.00
1047.28	147.00
1047.46	63.00
1047.63	70.00
1047.81	109.00
1047.99	107.00
1048.16	116.00
1048.34	102.00
1048.52	113.00
1048.69	138.00
1048.87	112.00
1049.05	62.00
1049.22	111.00
1049.40	76.00
1049.58	121.00
1049.75	118.00
1049.93	133.00
1050.11	109.00
1050.28	134.00
1050.46	161.00
1050.64	135.00
1050.81	120.00
1050.99	56.00
1051.17	71.00
1051.34	123.00
1051.52	160.00
1051.70	88.00
1051.87	32.00
1052.05	22.00
1052.23	23.00
1052.40	76.00
1052.58	110.00
1052.76	94.00
1052.93	101.00
1053.11	101.00
1053.29	72.00
1053.46	113.00
1053.64	141.00
1053.82	121.00
1053.99	98.00
1054.17	64.00
1054.35	34.00
1054.52	116.00
1054.70	102.00
1054.87	81.00
1055.05	84.00
1055.23	67.00
1055.40	116.00
1055.58	73.00
1055.76	51.00
1055.93	86.00
1056.11	5.00
1056.29	-12.00
1056.46	72.00
1056.64	61.00
1056.81	95.00
1056.99	111.00
1057.17	178.00
1057.34	122.00
1057.52	20.00
1057.70	113.00
1057.87	149.00
1058.05	101.00
1058.22	133.00
1058.40	162.00
1058.58	110.00
1058.75	117.00
1058.93	104.00
1059.11	73.00
1059.28	85.00
1059.46	57.00
1059.63	0.00
1059.81	54.00
1059.99	34.00
1060.16	-11.00
1060.34	42.00
1060.52	58.00
1060.69	41.00
1060.87	91.00
1061.04	35.00
1061.22	23.00
