367.62	-76.00
367.82	-96.00
368.02	-63.00
368.23	-90.00
368.43	-38.00
368.63	10.00
368.83	-80.00
369.04	-112.00
369.24	-87.00
369.44	9.00
369.65	-61.00
369.85	-40.00
370.05	-104.00
370.25	-83.00
370.46	-70.00
370.66	-8.00
370.86	-72.00
371.07	-68.00
371.27	-29.00
371.47	-77.00
371.67	-88.00
371.88	-132.00
372.08	-78.00
372.28	-120.00
372.49	-27.00
372.69	-66.00
372.89	-66.00
373.09	-77.00
373.30	-106.00
373.50	-90.00
373.70	-137.00
373.91	-65.00
374.11	-89.00
374.31	-81.00
374.51	-65.00
374.72	-42.00
374.92	-34.00
375.12	-40.00
375.33	-39.00
375.53	-42.00
375.73	-95.00
375.93	-53.00
376.14	-116.00
376.34	-117.00
376.54	-73.00
376.74	-40.00
376.95	-59.00
377.15	-24.00
377.35	-34.00
377.55	-90.00
377.76	-108.00
377.96	-92.00
378.16	-34.00
378.37	-15.00
378.57	-79.00
378.77	-122.00
378.97	-52.00
379.18	-35.00
379.38	-79.00
379.58	-89.00
379.78	-93.00
379.99	-88.00
380.19	-67.00
380.39	-112.00
380.59	-54.00
380.80	-48.00
381.00	-66.00
381.20	-80.00
381.40	-80.00
381.61	-67.00
381.81	-102.00
382.01	-105.00
382.21	-60.00
382.42	-30.00
382.62	-24.00
382.82	-115.00
383.02	-87.00
383.23	-44.00
383.43	-75.00
383.63	-100.00
383.83	-47.00
384.04	-49.00
384.24	-78.00
384.44	-45.00
384.64	-68.00
384.85	-63.00
385.05	-86.00
385.25	-53.00
385.45	-170.00
385.66	-46.00
385.86	-12.00
386.06	9.00
386.26	-42.00
386.47	-103.00
386.67	-101.00
386.87	-12.00
387.07	-99.00
387.27	-177.00
387.48	-129.00
387.68	-92.00
387.88	-104.00
388.08	-71.00
388.29	-59.00
388.49	-42.00
388.69	-38.00
388.89	-86.00
389.10	-7.00
389.30	-77.00
389.50	-37.00
389.70	-15.00
389.90	39.00
390.11	-48.00
390.31	-125.00
390.51	-113.00
390.71	-72.00
390.92	-55.00
391.12	-58.00
391.32	-66.00
391.52	-36.00
391.72	-54.00
391.93	-63.00
392.13	-37.00
392.33	-85.00
392.53	-118.00
392.74	-141.00
392.94	-78.00
393.14	-41.00
393.34	3.00
393.54	-33.00
393.75	-95.00
393.95	-91.00
394.15	-104.00
394.35	4.00
394.56	-95.00
394.76	-72.00
394.96	-14.00
395.16	-28.00
395.36	-118.00
395.57	-83.00
395.77	-130.00
395.97	-39.00
396.17	-80.00
396.37	-89.00
396.58	-53.00
396.78	-69.00
396.98	-101.00
397.18	-76.00
397.38	-139.00
397.59	-91.00
397.79	-74.00
397.99	-131.00
398.19	-104.00
398.39	-92.00
398.60	-41.00
398.80	-19.00
399.00	-58.00
399.20	-16.00
399.40	-98.00
399.61	-127.00
399.81	-106.00
400.01	-71.00
400.21	-62.00
400.41	-65.00
400.62	-21.00
400.82	-77.00
401.02	-104.00
401.22	-59.00
401.42	-52.00
401.63	-41.00
401.83	-48.00
402.03	-72.00
402.23	-142.00
402.43	-84.00
402.64	-45.00
402.84	-2.00
403.04	-114.00
403.24	-117.00
403.44	-102.00
403.64	-71.00
403.85	5.00
404.05	-83.00
404.25	-110.00
404.45	-23.00
404.65	-63.00
404.86	-73.00
405.06	-18.00
405.26	-49.00
405.46	-55.00
405.66	-18.00
405.86	-69.00
406.07	5.00
406.27	-117.00
406.47	-12.00
406.67	-41.00
406.87	12.00
407.07	-39.00
407.28	-84.00
407.48	-94.00
407.68	-42.00
407.88	-60.00
408.08	-105.00
408.28	-42.00
408.49	-137.00
408.69	-97.00
408.89	-40.00
409.09	0.00
409.29	-39.00
409.49	-121.00
409.70	-2.00
409.90	14.00
410.10	-36.00
410.30	-62.00
410.50	34.00
410.70	-35.00
410.91	-75.00
411.11	-18.00
411.31	-31.00
411.51	-89.00
411.71	-91.00
411.91	-122.00
412.12	-55.00
412.32	-72.00
412.52	-79.00
412.72	-84.00
412.92	-77.00
413.12	-72.00
413.32	-90.00
413.53	-73.00
413.73	-48.00
413.93	-65.00
414.13	-62.00
414.33	-77.00
414.53	-49.00
414.74	-120.00
414.94	-44.00
415.14	-63.00
415.34	-103.00
415.54	-92.00
415.74	-2.00
415.94	-30.00
416.15	-93.00
416.35	-23.00
416.55	-10.00
416.75	-37.00
416.95	-67.00
417.15	-37.00
417.35	-31.00
417.56	9.00
417.76	-6.00
417.96	-44.00
418.16	28.00
418.36	-67.00
418.56	-71.00
418.76	-63.00
418.97	-84.00
419.17	-122.00
419.37	-43.00
419.57	-38.00
419.77	-89.00
419.97	-92.00
420.17	-51.00
420.37	-69.00
420.58	-79.00
420.78	-35.00
420.98	-24.00
421.18	-66.00
421.38	18.00
421.58	-23.00
421.78	-66.00
421.98	-66.00
422.19	3.00
422.39	-15.00
422.59	-69.00
422.79	-23.00
422.99	-59.00
423.19	-133.00
423.39	-35.00
423.59	-39.00
423.80	-80.00
424.00	-78.00
424.20	-1.00
424.40	-75.00
424.60	-37.00
424.80	-34.00
425.00	-39.00
425.20	-40.00
425.40	19.00
425.61	-11.00
425.81	25.00
426.01	21.00
426.21	-8.00
426.41	-48.00
426.61	-44.00
426.81	-37.00
427.01	-113.00
427.21	-38.00
427.42	-54.00
427.62	-76.00
427.82	-90.00
428.02	-98.00
428.22	31.00
428.42	-13.00
428.62	-66.00
428.82	-39.00
429.02	-35.00
429.23	-45.00
429.43	-12.00
429.63	-45.00
429.83	-49.00
430.03	-6.00
430.23	-27.00
430.43	-42.00
430.63	7.00
430.83	-55.00
431.03	-53.00
431.24	-127.00
431.44	-25.00
431.64	-70.00
431.84	-69.00
432.04	-37.00
432.24	-40.00
432.44	-96.00
432.64	-37.00
432.84	-57.00
433.04	-44.00
433.24	-68.00
433.45	-76.00
433.65	-115.00
433.85	-63.00
434.05	-146.00
434.25	-76.00
434.45	-6.00
434.65	-116.00
434.85	-35.00
435.05	-81.00
435.25	-104.00
435.45	-87.00
435.65	-72.00
435.86	-114.00
436.06	-57.00
436.26	-66.00
436.46	-72.00
436.66	-6.00
436.86	-5.00
437.06	-22.00
437.26	-51.00
437.46	-44.00
437.66	-91.00
437.86	-59.00
438.06	-53.00
438.26	-49.00
438.47	-58.00
438.67	-15.00
438.87	-63.00
439.07	-30.00
439.27	5.00
439.47	-21.00
439.67	-108.00
439.87	-92.00
440.07	-51.00
440.27	-74.00
440.47	-64.00
440.67	-50.00
440.87	26.00
441.07	5.00
441.27	21.00
441.48	-38.00
441.68	-85.00
441.88	-107.00
442.08	-63.00
442.28	-88.00
442.48	-51.00
442.68	-52.00
442.88	-67.00
443.08	-40.00
443.28	22.00
443.48	12.00
443.68	-44.00
443.88	-28.00
444.08	-86.00
444.28	-79.00
444.48	-26.00
444.68	-26.00
444.88	-44.00
445.09	-35.00
445.29	4.00
445.49	-93.00
445.69	-47.00
445.89	-32.00
446.09	-2.00
446.29	86.00
446.49	17.00
446.69	11.00
446.89	-34.00
447.09	3.00
447.29	5.00
447.49	-37.00
447.69	-82.00
447.89	-79.00
448.09	-92.00
448.29	-94.00
448.49	-2.00
448.69	37.00
448.89	2.00
449.09	-100.00
449.29	-89.00
449.49	-9.00
449.70	-50.00
449.90	-95.00
450.10	-82.00
450.30	-36.00
450.50	-51.00
450.70	1.00
450.90	-9.00
451.10	9.00
451.30	-16.00
451.50	-18.00
451.70	-36.00
451.90	19.00
452.10	3.00
452.30	-44.00
452.50	-35.00
452.70	-24.00
452.90	-1.00
453.10	-33.00
453.30	-36.00
453.50	-10.00
453.70	-52.00
453.90	-81.00
454.10	-102.00
454.30	-50.00
454.50	23.00
454.70	-10.00
454.90	-54.00
455.10	1.00
455.30	-47.00
455.50	-66.00
455.70	-63.00
455.90	-67.00
456.10	43.00
456.30	55.00
456.50	-11.00
456.70	12.00
456.90	-42.00
457.10	-93.00
457.30	-53.00
457.50	-92.00
457.70	-48.00
457.90	63.00
458.10	-31.00
458.30	-41.00
458.50	32.00
458.70	30.00
458.90	-16.00
459.10	-24.00
459.30	88.00
459.50	62.00
459.70	-21.00
459.90	4.00
460.10	14.00
460.30	6.00
460.50	-37.00
460.70	-42.00
460.90	-68.00
461.10	29.00
461.30	41.00
461.50	22.00
461.70	5.00
461.90	-86.00
462.10	-69.00
462.30	-78.00
462.50	31.00
462.70	63.00
462.90	97.00
463.10	17.00
463.30	-49.00
463.50	0.00
463.70	-70.00
463.90	-22.00
464.10	-5.00
464.30	-76.00
464.50	-16.00
464.70	-33.00
464.90	59.00
465.10	36.00
465.30	62.00
465.50	78.00
465.70	19.00
465.90	26.00
466.10	8.00
466.30	33.00
466.50	25.00
466.70	-7.00
466.90	31.00
467.10	66.00
467.30	-47.00
467.50	-18.00
467.70	-52.00
467.90	7.00
468.10	19.00
468.30	61.00
468.50	-15.00
468.70	-2.00
468.90	-14.00
469.10	-2.00
469.30	-23.00
469.50	68.00
469.70	-1.00
469.90	-75.00
470.10	-63.00
470.30	4.00
470.50	6.00
470.70	12.00
470.90	7.00
471.10	61.00
471.29	12.00
471.49	-19.00
471.69	2.00
471.89	-71.00
472.09	-18.00
472.29	22.00
472.49	25.00
472.69	-43.00
472.89	8.00
473.09	-9.00
473.29	-23.00
473.49	-19.00
473.69	-19.00
473.89	-30.00
474.09	-21.00
474.29	-50.00
474.49	-3.00
474.69	-31.00
474.89	-73.00
475.09	-13.00
475.29	-71.00
475.49	-13.00
475.69	-48.00
475.88	-12.00
476.08	-35.00
476.28	-81.00
476.48	37.00
476.68	4.00
476.88	6.00
477.08	5.00
477.28	14.00
477.48	4.00
477.68	-26.00
477.88	19.00
478.08	4.00
478.28	5.00
478.48	32.00
478.68	-3.00
478.88	33.00
479.08	-38.00
479.28	-29.00
479.47	52.00
479.67	46.00
479.87	-14.00
480.07	47.00
480.27	11.00
480.47	28.00
480.67	-53.00
480.87	-81.00
481.07	-37.00
481.27	23.00
481.47	-16.00
481.67	50.00
481.87	22.00
482.07	57.00
482.27	39.00
482.46	-4.00
482.66	-15.00
482.86	21.00
483.06	23.00
483.26	-14.00
483.46	50.00
483.66	50.00
483.86	-17.00
484.06	24.00
484.26	27.00
484.46	-11.00
484.66	-17.00
484.86	-66.00
485.05	-10.00
485.25	46.00
485.45	13.00
485.65	46.00
485.85	-5.00
486.05	-63.00
486.25	-7.00
486.45	1.00
486.65	-31.00
486.85	-58.00
487.05	-38.00
487.25	-34.00
487.44	-81.00
487.64	-19.00
487.84	33.00
488.04	53.00
488.24	63.00
488.44	62.00
488.64	5.00
488.84	-18.00
489.04	5.00
489.24	29.00
489.43	-3.00
489.63	19.00
489.83	-13.00
490.03	32.00
490.23	7.00
490.43	62.00
490.63	45.00
490.83	-30.00
491.03	14.00
491.23	63.00
491.42	5.00
491.62	-5.00
491.82	9.00
492.02	45.00
492.22	63.00
492.42	142.00
492.62	124.00
492.82	131.00
493.02	112.00
493.22	81.00
493.41	35.00
493.61	36.00
493.81	31.00
494.01	86.00
494.21	66.00
494.41	81.00
494.61	-12.00
494.81	19.00
495.01	-3.00
495.20	13.00
495.40	40.00
495.60	92.00
495.80	123.00
496.00	99.00
496.20	44.00
496.40	64.00
496.60	14.00
496.79	35.00
496.99	47.00
497.19	48.00
497.39	26.00
497.59	63.00
497.79	92.00
497.99	52.00
498.19	86.00
498.38	17.00
498.58	30.00
498.78	38.00
498.98	-30.00
499.18	-35.00
499.38	98.00
499.58	61.00
499.78	67.00
499.97	59.00
500.17	90.00
500.37	95.00
500.57	152.00
500.77	139.00
500.97	75.00
501.17	45.00
501.37	79.00
501.56	66.00
501.76	73.00
501.96	172.00
502.16	80.00
502.36	74.00
502.56	65.00
502.76	53.00
502.95	90.00
503.15	64.00
503.35	95.00
503.55	71.00
503.75	88.00
503.95	35.00
504.15	30.00
504.34	59.00
504.54	59.00
504.74	60.00
504.94	71.00
505.14	89.00
505.34	70.00
505.54	41.00
505.73	102.00
505.93	175.00
506.13	170.00
506.33	151.00
506.53	126.00
506.73	111.00
506.92	57.00
507.12	105.00
507.32	128.00
507.52	85.00
507.72	86.00
507.92	165.00
508.12	112.00
508.31	168.00
508.51	145.00
508.71	41.00
508.91	48.00
509.11	54.00
509.31	102.00
509.50	94.00
509.70	26.00
509.90	54.00
510.10	57.00
510.30	91.00
510.50	41.00
510.69	79.00
510.89	75.00
511.09	111.00
511.29	66.00
511.49	69.00
511.69	11.00
511.88	40.00
512.08	107.00
512.28	45.00
512.48	11.00
512.68	46.00
512.88	44.00
513.07	71.00
513.27	40.00
513.47	39.00
513.67	49.00
513.87	46.00
514.06	8.00
514.26	128.00
514.46	103.00
514.66	39.00
514.86	59.00
515.06	52.00
515.25	92.00
515.45	68.00
515.65	69.00
515.85	118.00
516.05	130.00
516.24	106.00
516.44	32.00
516.64	120.00
516.84	163.00
517.04	57.00
517.23	29.00
517.43	78.00
517.63	34.00
517.83	107.00
518.03	18.00
518.23	82.00
518.42	93.00
518.62	75.00
518.82	61.00
519.02	101.00
519.22	53.00
519.41	97.00
519.61	83.00
519.81	81.00
520.01	127.00
520.21	78.00
520.40	126.00
520.60	115.00
520.80	90.00
521.00	126.00
521.20	25.00
521.39	83.00
521.59	75.00
521.79	91.00
521.99	107.00
522.19	66.00
522.38	100.00
522.58	148.00
522.78	72.00
522.98	125.00
523.17	135.00
523.37	120.00
523.57	102.00
523.77	142.00
523.97	88.00
524.16	104.00
524.36	80.00
524.56	65.00
524.76	103.00
524.96	122.00
525.15	100.00
525.35	120.00
525.55	70.00
525.75	167.00
525.94	257.00
526.14	100.00
526.34	118.00
526.54	169.00
526.74	109.00
526.93	163.00
527.13	130.00
527.33	179.00
527.53	143.00
527.72	144.00
527.92	127.00
528.12	147.00
528.32	136.00
528.52	182.00
528.71	178.00
528.91	199.00
529.11	123.00
529.31	122.00
529.50	115.00
529.70	163.00
529.90	156.00
530.10	225.00
530.29	217.00
530.49	182.00
530.69	195.00
530.89	148.00
531.09	179.00
531.28	199.00
531.48	213.00
531.68	216.00
531.88	174.00
532.07	150.00
532.27	182.00
532.47	142.00
532.67	108.00
532.86	209.00
533.06	205.00
533.26	201.00
533.46	173.00
533.65	196.00
533.85	128.00
534.05	160.00
534.25	194.00
534.44	202.00
534.64	240.00
534.84	238.00
535.04	186.00
535.23	173.00
535.43	223.00
535.63	268.00
535.83	257.00
536.02	213.00
536.22	243.00
536.42	219.00
536.62	214.00
536.81	216.00
537.01	210.00
537.21	233.00
537.41	245.00
537.60	285.00
537.80	296.00
538.00	249.00
538.20	333.00
538.39	309.00
538.59	346.00
538.79	278.00
538.99	284.00
539.18	308.00
539.38	244.00
539.58	215.00
539.77	273.00
539.97	266.00
540.17	258.00
540.37	202.00
540.56	207.00
540.76	266.00
540.96	303.00
541.16	307.00
541.35	305.00
541.55	247.00
541.75	357.00
541.94	223.00
542.14	253.00
542.34	310.00
542.54	284.00
542.73	293.00
542.93	325.00
543.13	259.00
543.33	215.00
543.52	322.00
543.72	278.00
543.92	317.00
544.11	239.00
544.31	322.00
544.51	379.00
544.71	275.00
544.90	217.00
545.10	228.00
545.30	273.00
545.49	352.00
545.69	387.00
545.89	406.00
546.09	340.00
546.28	374.00
546.48	506.00
546.68	501.00
546.87	451.00
547.07	390.00
547.27	421.00
547.47	315.00
547.66	316.00
547.86	359.00
548.06	325.00
548.25	358.00
548.45	309.00
548.65	388.00
548.84	418.00
549.04	418.00
549.24	367.00
549.44	333.00
549.63	350.00
549.83	357.00
550.03	337.00
550.22	305.00
550.42	404.00
550.62	357.00
550.81	360.00
551.01	379.00
551.21	357.00
551.41	340.00
551.60	344.00
551.80	308.00
552.00	322.00
552.19	368.00
552.39	310.00
552.59	374.00
552.78	346.00
552.98	345.00
553.18	316.00
553.37	321.00
553.57	311.00
553.77	223.00
553.96	268.00
554.16	374.00
554.36	362.00
554.56	347.00
554.75	367.00
554.95	314.00
555.15	267.00
555.34	305.00
555.54	328.00
555.74	344.00
555.93	307.00
556.13	341.00
556.33	306.00
556.52	312.00
556.72	238.00
556.92	236.00
557.11	294.00
557.31	239.00
557.51	194.00
557.70	271.00
557.90	246.00
558.10	223.00
558.29	299.00
558.49	345.00
558.69	339.00
558.88	381.00
559.08	377.00
559.28	256.00
559.47	282.00
559.67	252.00
559.87	270.00
560.06	235.00
560.26	344.00
560.46	333.00
560.65	310.00
560.85	325.00
561.05	351.00
561.24	362.00
561.44	274.00
561.64	245.00
561.83	246.00
562.03	203.00
562.23	261.00
562.42	339.00
562.62	314.00
562.82	307.00
563.01	242.00
563.21	236.00
563.40	318.00
563.60	367.00
563.80	193.00
563.99	263.00
564.19	314.00
564.39	347.00
564.58	232.00
564.78	301.00
564.98	251.00
565.17	339.00
565.37	322.00
565.57	272.00
565.76	211.00
565.96	250.00
566.16	340.00
566.35	397.00
566.55	264.00
566.74	281.00
566.94	307.00
567.14	322.00
567.33	351.00
567.53	342.00
567.73	319.00
567.92	351.00
568.12	307.00
568.32	367.00
568.51	407.00
568.71	378.00
568.90	391.00
569.10	345.00
569.30	336.00
569.49	335.00
569.69	355.00
569.89	373.00
570.08	382.00
570.28	412.00
570.47	392.00
570.67	396.00
570.87	430.00
571.06	393.00
571.26	392.00
571.46	314.00
571.65	420.00
571.85	409.00
572.04	409.00
572.24	408.00
572.44	425.00
572.63	400.00
572.83	372.00
573.03	401.00
573.22	426.00
573.42	402.00
573.61	438.00
573.81	458.00
574.01	432.00
574.20	441.00
574.40	395.00
574.59	475.00
574.79	511.00
574.99	498.00
575.18	482.00
575.38	483.00
575.58	476.00
575.77	460.00
575.97	475.00
576.16	471.00
576.36	463.00
576.56	532.00
576.75	532.00
576.95	537.00
577.14	552.00
577.34	564.00
577.54	550.00
577.73	570.00
577.93	595.00
578.12	572.00
578.32	518.00
578.52	595.00
578.71	575.00
578.91	617.00
579.10	688.00
579.30	677.00
579.50	709.00
579.69	690.00
579.89	650.00
580.08	666.00
580.28	692.00
580.48	711.00
580.67	735.00
580.87	829.00
581.06	711.00
581.26	690.00
581.45	700.00
581.65	732.00
581.85	785.00
582.04	822.00
582.24	791.00
582.43	846.00
582.63	848.00
582.83	844.00
583.02	859.00
583.22	849.00
583.41	853.00
583.61	860.00
583.80	882.00
584.00	918.00
584.20	863.00
584.39	919.00
584.59	998.00
584.78	981.00
584.98	913.00
585.17	977.00
585.37	944.00
585.57	989.00
585.76	1027.00
585.96	1039.00
586.15	1023.00
586.35	1066.00
586.54	1091.00
586.74	1093.00
586.94	1034.00
587.13	1119.00
587.33	1139.00
587.52	1103.00
587.72	1189.00
587.91	1161.00
588.11	1129.00
588.31	1175.00
588.50	1129.00
588.70	1207.00
588.89	1220.00
589.09	1244.00
589.28	1178.00
589.48	1153.00
589.68	1169.00
589.87	1232.00
590.07	1216.00
590.26	1267.00
590.46	1292.00
590.65	1367.00
590.85	1314.00
591.04	1240.00
591.24	1276.00
591.44	1348.00
591.63	1392.00
591.83	1383.00
592.02	1400.00
592.22	1334.00
592.41	1426.00
592.61	1474.00
592.80	1486.00
593.00	1582.00
593.19	1629.00
593.39	1559.00
593.59	1549.00
593.78	1571.00
593.98	1539.00
594.17	1570.00
594.37	1567.00
594.56	1550.00
594.76	1540.00
594.95	1585.00
595.15	1607.00
595.34	1592.00
595.54	1643.00
595.73	1746.00
595.93	1648.00
596.13	1631.00
596.32	1592.00
596.52	1638.00
596.71	1613.00
596.91	1626.00
597.10	1660.00
597.30	1728.00
597.49	1711.00
597.69	1731.00
597.88	1727.00
598.08	1680.00
598.27	1680.00
598.47	1795.00
598.66	1780.00
598.86	1817.00
599.06	1870.00
599.25	1860.00
599.45	1829.00
599.64	1800.00
599.84	1840.00
600.03	1839.00
600.23	1792.00
600.42	1796.00
600.62	1738.00
600.81	1862.00
601.01	1910.00
601.20	2006.00
601.40	1842.00
601.59	1833.00
601.79	1899.00
601.98	1889.00
602.18	1791.00
602.37	1741.00
602.57	1751.00
602.76	1788.00
602.96	1852.00
603.15	1957.00
603.35	1911.00
603.54	1816.00
603.74	1768.00
603.93	1814.00
604.13	1848.00
604.32	1892.00
604.52	1888.00
604.71	1888.00
604.91	1909.00
605.10	1822.00
605.30	1718.00
605.49	1752.00
605.69	1844.00
605.88	1871.00
606.08	1885.00
606.27	1795.00
606.47	1820.00
606.66	1866.00
606.86	1896.00
607.05	1867.00
607.25	1911.00
607.44	1864.00
607.64	1863.00
607.83	1920.00
608.03	1861.00
608.22	1977.00
608.42	1968.00
608.61	1944.00
608.81	1822.00
609.00	1928.00
609.20	2047.00
609.39	2034.00
609.59	2074.00
609.78	2013.00
609.98	2082.00
610.17	2261.00
610.37	2377.00
610.56	2577.00
610.76	2769.00
610.95	2887.00
611.15	2913.00
611.34	3049.00
611.54	3133.00
611.73	3212.00
611.93	2958.00
612.12	2679.00
612.32	2487.00
612.51	2350.00
612.71	2236.00
612.90	2191.00
613.09	2265.00
613.29	2188.00
613.48	2145.00
613.68	2156.00
613.87	2062.00
614.07	2164.00
614.26	2148.00
614.46	2153.00
614.65	2140.00
614.85	2059.00
615.04	2026.00
615.24	2046.00
615.43	2036.00
615.63	2034.00
615.82	2040.00
616.02	1961.00
616.21	1921.00
616.40	1938.00
616.60	1915.00
616.79	1856.00
616.99	1881.00
617.18	1900.00
617.38	1875.00
617.57	1852.00
617.77	1858.00
617.96	1803.00
618.16	1802.00
618.35	1871.00
618.54	1916.00
618.74	1899.00
618.93	1936.00
619.13	1931.00
619.32	1901.00
619.52	1934.00
619.71	1943.00
619.91	1896.00
620.10	1914.00
620.30	1933.00
620.49	1989.00
620.68	2058.00
620.88	1994.00
621.07	1959.00
621.27	1967.00
621.46	1935.00
621.66	1865.00
621.85	1899.00
622.05	1938.00
622.24	1950.00
622.43	1990.00
622.63	1997.00
622.82	2121.00
623.02	2077.00
623.21	2013.00
623.41	2041.00
623.60	2116.00
623.80	2090.00
623.99	2116.00
624.18	2117.00
624.38	2124.00
624.57	2110.00
624.77	2105.00
624.96	2068.00
625.16	2147.00
625.35	2154.00
625.54	2099.00
625.74	2193.00
625.93	2238.00
626.13	2214.00
626.32	2249.00
626.52	2221.00
626.71	2255.00
626.90	2151.00
627.10	2097.00
627.29	2137.00
627.49	2194.00
627.68	2148.00
627.88	2207.00
628.07	2221.00
628.26	2229.00
628.46	2223.00
628.65	2258.00
628.85	2314.00
629.04	2340.00
629.23	2364.00
629.43	2349.00
629.62	2327.00
629.82	2299.00
630.01	2366.00
630.21	2476.00
630.40	2467.00
630.59	2368.00
630.79	2491.00
630.98	2487.00
631.18	2544.00
631.37	2554.00
631.56	2534.00
631.76	2459.00
631.95	2497.00
632.15	2538.00
632.34	2425.00
632.53	2409.00
632.73	2422.00
632.92	2283.00
633.12	2355.00
633.31	2323.00
633.50	2426.00
633.70	2503.00
633.89	2515.00
634.09	2553.00
634.28	2535.00
634.47	2559.00
634.67	2510.00
634.86	2490.00
635.06	2547.00
635.25	2578.00
635.44	2652.00
635.64	2623.00
635.83	2621.00
636.03	2613.00
636.22	2585.00
636.41	2504.00
636.61	2562.00
636.80	2610.00
637.00	2664.00
637.19	2680.00
637.38	2706.00
637.58	2647.00
637.77	2783.00
637.96	2770.00
638.16	2730.00
638.35	2809.00
638.55	2848.00
638.74	2856.00
638.93	2841.00
639.13	2857.00
639.32	2842.00
639.51	2928.00
639.71	2930.00
639.90	2826.00
640.10	2849.00
640.29	2795.00
640.48	2888.00
640.68	2885.00
640.87	2999.00
641.07	3009.00
641.26	3064.00
641.45	3010.00
641.65	3016.00
641.84	2921.00
642.03	2941.00
642.23	3152.00
642.42	3091.00
642.61	3040.00
642.81	3054.00
643.00	3082.00
643.20	3128.00
643.39	3125.00
643.58	3078.00
643.78	3045.00
643.97	3057.00
644.16	3092.00
644.36	3217.00
644.55	3295.00
644.74	3322.00
644.94	3286.00
645.13	3270.00
645.33	3279.00
645.52	3243.00
645.71	3251.00
645.91	3167.00
646.10	3219.00
646.29	3237.00
646.49	3240.00
646.68	3290.00
646.87	3323.00
647.07	3290.00
647.26	3223.00
647.45	3224.00
647.65	3213.00
647.84	3268.00
648.03	3341.00
648.23	3422.00
648.42	3486.00
648.62	3502.00
648.81	3470.00
649.00	3378.00
649.20	3393.00
649.39	3539.00
649.58	3421.00
649.78	3319.00
649.97	3451.00
650.16	3460.00
650.36	3496.00
650.55	3518.00
650.74	3543.00
650.94	3501.00
651.13	3502.00
651.32	3446.00
651.52	3505.00
651.71	3625.00
651.90	3603.00
652.10	3611.00
652.29	3603.00
652.48	3553.00
652.68	3638.00
652.87	3605.00
653.06	3480.00
653.26	3412.00
653.45	3461.00
653.64	3565.00
653.84	3495.00
654.03	3606.00
654.22	3650.00
654.42	3645.00
654.61	3631.00
654.80	3645.00
654.99	3675.00
655.19	3633.00
655.38	3624.00
655.57	3585.00
655.77	3604.00
655.96	3647.00
656.15	3629.00
656.35	3650.00
656.54	3560.00
656.73	3472.00
656.93	3483.00
657.12	3514.00
657.31	3527.00
657.51	3602.00
657.70	3596.00
657.89	3563.00
658.09	3509.00
658.28	3571.00
658.47	3685.00
658.66	3698.00
658.86	3589.00
659.05	3597.00
659.24	3650.00
659.44	3592.00
659.63	3601.00
659.82	3562.00
660.02	3649.00
660.21	3587.00
660.40	3556.00
660.60	3534.00
660.79	3497.00
660.98	3595.00
661.17	3609.00
661.37	3518.00
661.56	3537.00
661.75	3457.00
661.95	3486.00
662.14	3524.00
662.33	3583.00
662.52	3603.00
662.72	3610.00
662.91	3479.00
663.10	3472.00
663.30	3494.00
663.49	3592.00
663.68	3579.00
663.88	3566.00
664.07	3564.00
664.26	3391.00
664.45	3438.00
664.65	3418.00
664.84	3459.00
665.03	3508.00
665.23	3419.00
665.42	3339.00
665.61	3405.00
665.80	3414.00
666.00	3328.00
666.19	3372.00
666.38	3425.00
666.57	3424.00
666.77	3457.00
666.96	3342.00
667.15	3408.00
667.35	3453.00
667.54	3404.00
667.73	3423.00
667.92	3461.00
668.12	3384.00
668.31	3320.00
668.50	3406.00
668.70	3344.00
668.89	3158.00
669.08	3274.00
669.27	3270.00
669.47	3313.00
669.66	3378.00
669.85	3351.00
670.04	3361.00
670.24	3367.00
670.43	3359.00
670.62	3275.00
670.81	3248.00
671.01	3163.00
671.20	3159.00
671.39	3220.00
671.58	3306.00
671.78	3342.00
671.97	3343.00
672.16	3356.00
672.36	3288.00
672.55	3271.00
672.74	3245.00
672.93	3184.00
673.13	3210.00
673.32	3248.00
673.51	3270.00
673.70	3195.00
673.90	3184.00
674.09	3147.00
674.28	3144.00
674.47	3171.00
674.67	3216.00
674.86	3238.00
675.05	3145.00
675.24	3318.00
675.44	3292.00
675.63	3180.00
675.82	3175.00
676.01	3123.00
676.21	3253.00
676.40	3194.00
676.59	3090.00
676.78	3128.00
676.97	3149.00
677.17	3116.00
677.36	3069.00
677.55	3177.00
677.74	3082.00
677.94	3053.00
678.13	3084.00
678.32	3105.00
678.51	3107.00
678.71	3119.00
678.90	3075.00
679.09	3178.00
679.28	3138.00
679.48	3074.00
679.67	3122.00
679.86	3141.00
680.05	3131.00
680.24	3079.00
680.44	3101.00
680.63	3159.00
680.82	3041.00
681.01	3085.00
681.21	3045.00
681.40	2970.00
681.59	3017.00
681.78	2988.00
681.97	3026.00
682.17	2916.00
682.36	3029.00
682.55	3053.00
682.74	3114.00
682.94	3035.00
683.13	3018.00
683.32	3001.00
683.51	3053.00
683.70	3023.00
683.90	3008.00
684.09	3031.00
684.28	2971.00
684.47	2925.00
684.66	2930.00
684.86	3020.00
685.05	2962.00
685.24	2968.00
685.43	2934.00
685.63	2915.00
685.82	2962.00
686.01	3013.00
686.20	3028.00
686.39	2997.00
686.59	2913.00
686.78	2929.00
686.97	3014.00
687.16	3090.00
687.35	2983.00
687.55	3023.00
687.74	2950.00
687.93	2985.00
688.12	3001.00
688.31	3098.00
688.51	3212.00
688.70	3121.00
688.89	3107.00
689.08	3023.00
689.27	3011.00
689.47	3026.00
689.66	2938.00
689.85	2989.00
690.04	2950.00
690.23	3047.00
690.42	3041.00
690.62	2933.00
690.81	2950.00
691.00	2963.00
691.19	2963.00
691.38	2995.00
691.58	2940.00
691.77	2981.00
691.96	3040.00
692.15	3050.00
692.34	2910.00
692.54	2964.00
692.73	3093.00
692.92	3106.00
693.11	3093.00
693.30	3135.00
693.49	3122.00
693.69	3143.00
693.88	3153.00
694.07	3094.00
694.26	3004.00
694.45	3037.00
694.64	3010.00
694.84	3045.00
695.03	3011.00
695.22	2950.00
695.41	2992.00
695.60	2963.00
695.80	2993.00
695.99	3086.00
696.18	3031.00
696.37	2974.00
696.56	2967.00
696.75	2980.00
696.95	3099.00
697.14	3036.00
697.33	2977.00
697.52	2970.00
697.71	2984.00
697.90	3020.00
698.09	3178.00
698.29	3176.00
698.48	3123.00
698.67	3118.00
698.86	3148.00
699.05	3145.00
699.24	3072.00
699.44	3036.00
699.63	3147.00
699.82	3090.00
700.01	3011.00
700.20	3082.00
700.39	3098.00
700.58	3157.00
700.78	3185.00
700.97	3103.00
701.16	3091.00
701.35	3181.00
701.54	3173.00
701.73	3205.00
701.93	3288.00
702.12	3283.00
702.31	3244.00
702.50	3224.00
702.69	3201.00
702.88	3184.00
703.07	3244.00
703.27	3390.00
703.46	3390.00
703.65	3364.00
703.84	3344.00
704.03	3362.00
704.22	3281.00
704.41	3311.00
704.60	3380.00
704.80	3388.00
704.99	3457.00
705.18	3447.00
705.37	3432.00
705.56	3370.00
705.75	3400.00
705.94	3464.00
706.14	3457.00
706.33	3332.00
706.52	3465.00
706.71	3496.00
706.90	3532.00
707.09	3540.00
707.28	3536.00
707.47	3547.00
707.67	3630.00
707.86	3624.00
708.05	3566.00
708.24	3512.00
708.43	3613.00
708.62	3729.00
708.81	3694.00
709.00	3595.00
709.20	3536.00
709.39	3739.00
709.58	3796.00
709.77	3757.00
709.96	3749.00
710.15	3740.00
710.34	3641.00
710.53	3604.00
710.72	3651.00
710.92	3643.00
711.11	3588.00
711.30	3635.00
711.49	3720.00
711.68	3785.00
711.87	3782.00
712.06	3696.00
712.25	3739.00
712.44	3770.00
712.64	3831.00
712.83	3969.00
713.02	3950.00
713.21	3888.00
713.40	3895.00
713.59	3869.00
713.78	3855.00
713.97	3891.00
714.16	3892.00
714.35	3872.00
714.55	3820.00
714.74	3941.00
714.93	3863.00
715.12	3822.00
715.31	3868.00
715.50	3924.00
715.69	3769.00
715.88	3905.00
716.07	3885.00
716.26	3864.00
716.45	3950.00
716.65	3932.00
716.84	3953.00
717.03	3926.00
717.22	3992.00
717.41	4061.00
717.60	3922.00
717.79	3943.00
717.98	4005.00
718.17	3990.00
718.36	3963.00
718.55	4051.00
718.75	4063.00
718.94	4043.00
719.13	4135.00
719.32	4086.00
719.51	4077.00
719.70	3995.00
719.89	4063.00
720.08	4101.00
720.27	4141.00
720.46	4105.00
720.65	4099.00
720.84	4163.00
721.03	4185.00
721.22	4068.00
721.42	4068.00
721.61	4124.00
721.80	4176.00
721.99	4129.00
722.18	4124.00
722.37	4036.00
722.56	4014.00
722.75	4024.00
722.94	3967.00
723.13	4102.00
723.32	4124.00
723.51	4165.00
723.70	4140.00
723.89	4088.00
724.08	4089.00
724.28	4140.00
724.47	4102.00
724.66	4138.00
724.85	4094.00
725.04	4104.00
725.23	4210.00
725.42	4131.00
725.61	4207.00
725.80	4217.00
725.99	4212.00
726.18	4181.00
726.37	4184.00
726.56	4184.00
726.75	4157.00
726.94	4096.00
727.13	4125.00
727.32	4080.00
727.51	4072.00
727.71	4072.00
727.90	4218.00
728.09	4140.00
728.28	4176.00
728.47	4092.00
728.66	4062.00
728.85	4055.00
729.04	4066.00
729.23	3974.00
729.42	4084.00
729.61	4117.00
729.80	4093.00
729.99	4133.00
730.18	4143.00
730.37	4110.00
730.56	4093.00
730.75	4072.00
730.94	4178.00
731.13	4228.00
731.32	4123.00
731.51	4137.00
731.70	4080.00
731.89	4083.00
732.08	4114.00
732.27	4112.00
732.46	4040.00
732.65	4126.00
732.84	4174.00
733.04	4179.00
733.23	4198.00
733.42	4244.00
733.61	4185.00
733.80	4103.00
733.99	4069.00
734.18	4155.00
734.37	4078.00
734.56	3999.00
734.75	3970.00
734.94	3941.00
735.13	3948.00
735.32	3963.00
735.51	3957.00
735.70	4021.00
735.89	4044.00
736.08	4080.00
736.27	3991.00
736.46	3908.00
736.65	3937.00
736.84	3972.00
737.03	3970.00
737.22	3965.00
737.41	3924.00
737.60	3942.00
737.79	4004.00
737.98	3967.00
738.17	3979.00
738.36	3974.00
738.55	3905.00
738.74	4076.00
738.93	3983.00
739.12	3927.00
739.31	3889.00
739.50	3939.00
739.69	3860.00
739.88	3775.00
740.07	3921.00
740.26	4033.00
740.45	3904.00
740.64	3812.00
740.83	3857.00
741.02	3853.00
741.21	3734.00
741.40	3658.00
741.59	3648.00
741.78	3752.00
741.97	3839.00
742.16	3883.00
742.35	3859.00
742.54	3902.00
742.73	3816.00
742.92	3717.00
743.11	3777.00
743.30	3780.00
743.49	3755.00
743.68	3770.00
743.87	3763.00
744.06	3668.00
744.25	3666.00
744.44	3625.00
744.63	3713.00
744.82	3621.00
745.01	3660.00
745.20	3715.00
745.39	3722.00
745.58	3649.00
745.77	3639.00
745.96	3634.00
746.15	3627.00
746.34	3597.00
746.52	3447.00
746.71	3555.00
746.90	3581.00
747.09	3518.00
747.28	3573.00
747.47	3564.00
747.66	3536.00
747.85	3549.00
748.04	3433.00
748.23	3453.00
748.42	3516.00
748.61	3546.00
748.80	3447.00
748.99	3431.00
749.18	3457.00
749.37	3488.00
749.56	3519.00
749.75	3533.00
749.94	3456.00
750.13	3488.00
750.32	3366.00
750.51	3332.00
750.70	3365.00
750.89	3228.00
751.08	3200.00
751.27	3281.00
751.46	3382.00
751.64	3389.00
751.83	3418.00
752.02	3436.00
752.21	3425.00
752.40	3351.00
752.59	3327.00
752.78	3287.00
752.97	3288.00
753.16	3225.00
753.35	3207.00
753.54	3249.00
753.73	3184.00
753.92	3250.00
754.11	3332.00
754.30	3295.00
754.49	3291.00
754.68	3288.00
754.87	3301.00
755.06	3162.00
755.24	3236.00
755.43	3152.00
755.62	3098.00
755.81	3109.00
756.00	3093.00
756.19	3150.00
756.38	3224.00
756.57	3315.00
756.76	3223.00
756.95	3170.00
757.14	3121.00
757.33	3098.00
757.52	3110.00
757.71	3099.00
757.90	3045.00
758.08	3123.00
758.27	3127.00
758.46	3139.00
758.65	3119.00
758.84	3004.00
759.03	3134.00
759.22	3105.00
759.41	3072.00
759.60	3073.00
759.79	3052.00
759.98	2959.00
760.17	3225.00
760.36	3032.00
760.54	3053.00
760.73	2972.00
760.92	2893.00
761.11	2878.00
761.30	2874.00
761.49	2877.00
761.68	2920.00
761.87	2920.00
762.06	2791.00
762.25	2655.00
762.44	2656.00
762.63	2664.00
762.81	2650.00
763.00	2627.00
763.19	2573.00
763.38	2620.00
763.57	2528.00
763.76	2551.00
763.95	2665.00
764.14	2619.00
764.33	2622.00
764.52	2540.00
764.71	2528.00
764.89	2599.00
765.08	2609.00
765.27	2619.00
765.46	2618.00
765.65	2648.00
765.84	2638.00
766.03	2498.00
766.22	2646.00
766.41	2729.00
766.59	2696.00
766.78	2765.00
766.97	2747.00
767.16	2735.00
767.35	2699.00
767.54	2686.00
767.73	2815.00
767.92	2926.00
768.11	2831.00
768.30	2791.00
768.48	2847.00
768.67	2845.00
768.86	2925.00
769.05	2939.00
769.24	2833.00
769.43	2825.00
769.62	2851.00
769.81	2857.00
769.99	2911.00
770.18	2908.00
770.37	2850.00
770.56	2933.00
770.75	2898.00
770.94	2891.00
771.13	2874.00
771.32	2961.00
771.50	2912.00
771.69	2853.00
771.88	2800.00
772.07	2833.00
772.26	2901.00
772.45	2872.00
772.64	2881.00
772.83	2900.00
773.01	2920.00
773.20	2908.00
773.39	2946.00
773.58	2846.00
773.77	2824.00
773.96	2836.00
774.15	2882.00
774.34	2895.00
774.52	2795.00
774.71	2818.00
774.90	2878.00
775.09	2817.00
775.28	2835.00
775.47	2851.00
775.66	2785.00
775.84	2791.00
776.03	2753.00
776.22	2827.00
776.41	2846.00
776.60	2920.00
776.79	2844.00
776.98	2827.00
777.16	2720.00
777.35	2773.00
777.54	2750.00
777.73	2762.00
777.92	2732.00
778.11	2714.00
778.29	2784.00
778.48	2815.00
778.67	2787.00
778.86	2772.00
779.05	2857.00
779.24	2892.00
779.43	2873.00
779.61	2777.00
779.80	2742.00
779.99	2818.00
780.18	2866.00
780.37	2800.00
780.56	2803.00
780.74	2853.00
780.93	2859.00
781.12	2851.00
781.31	2804.00
781.50	2821.00
781.69	2829.00
781.87	2898.00
782.06	2885.00
782.25	2820.00
782.44	2818.00
782.63	2911.00
782.82	2971.00
783.00	2876.00
783.19	2818.00
783.38	2821.00
783.57	2829.00
783.76	2930.00
783.95	2978.00
784.13	2969.00
784.32	2803.00
784.51	2822.00
784.70	2863.00
784.89	2887.00
785.08	2837.00
785.26	2948.00
785.45	2879.00
785.64	2856.00
785.83	2804.00
786.02	2842.00
786.20	2904.00
786.39	2847.00
786.58	2880.00
786.77	2882.00
786.96	2989.00
787.15	2910.00
787.33	2841.00
787.52	2898.00
787.71	2903.00
787.90	2916.00
788.09	2871.00
788.27	2926.00
788.46	2967.00
788.65	3044.00
788.84	3014.00
789.03	2956.00
789.21	3015.00
789.40	3051.00
789.59	3010.00
789.78	3047.00
789.97	2956.00
790.15	3005.00
790.34	3060.00
790.53	2977.00
790.72	2958.00
790.91	3030.00
791.09	3030.00
791.28	3058.00
791.47	3079.00
791.66	3011.00
791.85	3041.00
792.03	3115.00
792.22	3121.00
792.41	3171.00
792.60	3161.00
792.79	3087.00
792.97	3124.00
793.16	3143.00
793.35	3195.00
793.54	3205.00
793.72	3126.00
793.91	3126.00
794.10	3161.00
794.29	3077.00
794.48	3129.00
794.66	3127.00
794.85	3143.00
795.04	3210.00
795.23	3267.00
795.42	3148.00
795.60	3101.00
795.79	3213.00
795.98	3259.00
796.17	3178.00
796.35	3108.00
796.54	3112.00
796.73	3194.00
796.92	3226.00
797.11	3165.00
797.29	3112.00
797.48	3102.00
797.67	3119.00
797.86	3179.00
798.04	3263.00
798.23	3146.00
798.42	3069.00
798.61	3145.00
798.79	3146.00
798.98	3064.00
799.17	3077.00
799.36	3130.00
799.54	3103.00
799.73	3089.00
799.92	3148.00
800.11	3139.00
800.30	3181.00
800.48	3123.00
800.67	3061.00
800.86	3108.00
801.05	3018.00
801.23	3027.00
801.42	3074.00
801.61	3148.00
801.80	3208.00
801.98	3113.00
802.17	3163.00
802.36	3219.00
802.55	3312.00
802.73	3146.00
802.92	3204.00
803.11	3183.00
803.30	3240.00
803.48	3220.00
803.67	3209.00
803.86	3144.00
804.05	3210.00
804.23	3250.00
804.42	3188.00
804.61	3205.00
804.80	3312.00
804.98	3323.00
805.17	3307.00
805.36	3162.00
805.54	3190.00
805.73	3262.00
805.92	3201.00
806.11	3245.00
806.29	3217.00
806.48	3249.00
806.67	3215.00
806.86	3273.00
807.04	3329.00
807.23	3321.00
807.42	3238.00
807.61	3212.00
807.79	3290.00
807.98	3308.00
808.17	3382.00
808.35	3357.00
808.54	3208.00
808.73	3243.00
808.92	3250.00
809.10	3199.00
809.29	3198.00
809.48	3266.00
809.67	3249.00
809.85	3281.00
810.04	3299.00
810.23	3147.00
810.41	3139.00
810.60	3122.00
810.79	3182.00
810.98	3242.00
811.16	3312.00
811.35	3320.00
811.54	3207.00
811.72	3225.00
811.91	3247.00
812.10	3190.00
812.29	3106.00
812.47	3143.00
812.66	3208.00
812.85	3123.00
813.03	3131.00
813.22	3143.00
813.41	3149.00
813.60	3168.00
813.78	3214.00
813.97	3131.00
814.16	3275.00
814.34	3164.00
814.53	3144.00
814.72	3155.00
814.90	3185.00
815.09	3191.00
815.28	3214.00
815.47	3170.00
815.65	3123.00
815.84	3221.00
816.03	3321.00
816.21	3257.00
816.40	3269.00
816.59	3200.00
816.77	3254.00
816.96	3243.00
817.15	3232.00
817.33	3271.00
817.52	3240.00
817.71	3325.00
817.90	3317.00
818.08	3250.00
818.27	3161.00
818.46	3186.00
818.64	3201.00
818.83	3292.00
819.02	3227.00
819.20	3245.00
819.39	3171.00
819.58	3225.00
819.76	3298.00
819.95	3305.00
820.14	3261.00
820.32	3200.00
820.51	3230.00
820.70	3221.00
820.88	3259.00
821.07	3176.00
821.26	3316.00
821.44	3245.00
821.63	3145.00
821.82	3309.00
822.01	3262.00
822.19	3190.00
822.38	3244.00
822.57	3241.00
822.75	3155.00
822.94	3173.00
823.13	3155.00
823.31	3212.00
823.50	3227.00
823.69	3234.00
823.87	3193.00
824.06	3234.00
824.25	3220.00
824.43	3134.00
824.62	3245.00
824.80	3222.00
824.99	3201.00
825.18	3130.00
825.36	3153.00
825.55	3110.00
825.74	3119.00
825.92	3061.00
826.11	3103.00
826.30	3141.00
826.48	3037.00
826.67	3095.00
826.86	3079.00
827.04	3125.00
827.23	3118.00
827.42	2967.00
827.60	3070.00
827.79	3065.00
827.98	3017.00
828.16	3037.00
828.35	2958.00
828.54	3051.00
828.72	3043.00
828.91	3046.00
829.09	3107.00
829.28	3055.00
829.47	3057.00
829.65	3111.00
829.84	3029.00
830.03	3024.00
830.21	3053.00
830.40	3098.00
830.59	2984.00
830.77	2998.00
830.96	3022.00
831.14	3048.00
831.33	2953.00
831.52	3010.00
831.70	3079.00
831.89	3071.00
832.08	2940.00
832.26	2959.00
832.45	2963.00
832.64	3034.00
832.82	3000.00
833.01	3020.00
833.19	2942.00
833.38	2944.00
833.57	2941.00
833.75	2920.00
833.94	3038.00
834.13	2969.00
834.31	2940.00
834.50	2995.00
834.68	2980.00
834.87	2945.00
835.06	2832.00
835.24	2844.00
835.43	2945.00
835.61	2996.00
835.80	2915.00
835.99	2902.00
836.17	2942.00
836.36	2960.00
836.55	2996.00
836.73	2950.00
836.92	2961.00
837.10	2985.00
837.29	2924.00
837.48	2868.00
837.66	2967.00
837.85	3018.00
838.03	2890.00
838.22	2918.00
838.41	2916.00
838.59	2933.00
838.78	2893.00
838.96	2915.00
839.15	2919.00
839.34	2896.00
839.52	2870.00
839.71	2868.00
839.89	2831.00
840.08	2847.00
840.27	2902.00
840.45	2827.00
840.64	2862.00
840.82	2920.00
841.01	2849.00
841.20	2853.00
841.38	2850.00
841.57	2819.00
841.75	2766.00
841.94	2778.00
842.13	2794.00
842.31	2771.00
842.50	2738.00
842.68	2775.00
842.87	2745.00
843.05	2681.00
843.24	2758.00
843.43	2717.00
843.61	2639.00
843.80	2633.00
843.98	2627.00
844.17	2703.00
844.36	2686.00
844.54	2724.00
844.73	2761.00
844.91	2706.00
845.10	2672.00
845.28	2639.00
845.47	2678.00
845.66	2672.00
845.84	2643.00
846.03	2624.00
846.21	2595.00
846.40	2637.00
846.58	2588.00
846.77	2555.00
846.96	2538.00
847.14	2595.00
847.33	2653.00
847.51	2698.00
847.70	2634.00
847.88	2539.00
848.07	2500.00
848.25	2464.00
848.44	2511.00
848.63	2479.00
848.81	2468.00
849.00	2520.00
849.18	2556.00
849.37	2522.00
849.55	2596.00
849.74	2544.00
849.93	2504.00
850.11	2506.00
850.30	2529.00
850.48	2512.00
850.67	2516.00
850.85	2526.00
851.04	2439.00
851.22	2407.00
851.41	2420.00
851.59	2388.00
851.78	2497.00
851.97	2448.00
852.15	2498.00
852.34	2486.00
852.52	2476.00
852.71	2533.00
852.89	2472.00
853.08	2415.00
853.26	2421.00
853.45	2526.00
853.63	2496.00
853.82	2432.00
854.01	2362.00
854.19	2474.00
854.38	2393.00
854.56	2340.00
854.75	2414.00
854.93	2501.00
855.12	2405.00
855.30	2435.00
855.49	2402.00
855.67	2421.00
855.86	2410.00
856.04	2396.00
856.23	2374.00
856.41	2335.00
856.60	2348.00
856.79	2379.00
856.97	2418.00
857.16	2311.00
857.34	2292.00
857.53	2346.00
857.71	2397.00
857.90	2355.00
858.08	2248.00
858.27	2298.00
858.45	2327.00
858.64	2274.00
858.82	2336.00
859.01	2238.00
859.19	2223.00
859.38	2295.00
859.56	2327.00
859.75	2332.00
859.93	2329.00
860.12	2250.00
860.30	2241.00
860.49	2201.00
860.67	2160.00
860.86	2223.00
861.04	2315.00
861.23	2201.00
861.41	2227.00
861.60	2252.00
861.78	2204.00
861.97	2207.00
862.15	2166.00
862.34	2113.00
862.53	2202.00
862.71	2250.00
862.90	2206.00
863.08	2167.00
863.27	2203.00
863.45	2149.00
863.64	2175.00
863.82	2087.00
864.01	2080.00
864.19	2037.00
864.37	2073.00
864.56	2056.00
864.74	2158.00
864.93	2106.00
865.11	2096.00
865.30	2135.00
865.48	2146.00
865.67	2149.00
865.85	2127.00
866.04	2046.00
866.22	2142.00
866.41	2119.00
866.59	2163.00
866.78	2172.00
866.96	2155.00
867.15	2111.00
867.33	2041.00
867.52	1875.00
867.70	1988.00
867.89	1994.00
868.07	1987.00
868.26	2068.00
868.44	2082.00
868.63	2064.00
868.81	1921.00
869.00	2019.00
869.18	1996.00
869.37	1959.00
869.55	2008.00
869.74	1975.00
869.92	1924.00
870.10	1888.00
870.29	1931.00
870.47	1966.00
870.66	1847.00
870.84	1942.00
871.03	1962.00
871.21	1928.00
871.40	1983.00
871.58	2008.00
871.77	2015.00
871.95	1985.00
872.14	1890.00
872.32	1980.00
872.51	1932.00
872.69	1921.00
872.87	1871.00
873.06	1885.00
873.24	1928.00
873.43	1792.00
873.61	1781.00
873.80	1909.00
873.98	1951.00
874.17	1980.00
874.35	1906.00
874.54	1874.00
874.72	1879.00
874.90	1839.00
875.09	1852.00
875.27	1811.00
875.46	1819.00
875.64	1738.00
875.83	1791.00
876.01	1894.00
876.20	1854.00
876.38	1849.00
876.56	1827.00
876.75	1849.00
876.93	1953.00
877.12	1791.00
877.30	1781.00
877.49	1857.00
877.67	1886.00
877.86	1813.00
878.04	1793.00
878.22	1827.00
878.41	1813.00
878.59	1799.00
878.78	1809.00
878.96	1867.00
879.15	1886.00
879.33	1900.00
879.51	1876.00
879.70	1790.00
879.88	1790.00
880.07	1773.00
880.25	1756.00
880.44	1788.00
880.62	1781.00
880.80	1753.00
880.99	1788.00
881.17	1832.00
881.36	1786.00
881.54	1744.00
881.73	1767.00
881.91	1820.00
882.09	1680.00
882.28	1779.00
882.46	1838.00
882.65	1786.00
882.83	1752.00
883.02	1808.00
883.20	1827.00
883.38	1745.00
883.57	1743.00
883.75	1768.00
883.94	1830.00
884.12	1789.00
884.30	1758.00
884.49	1678.00
884.67	1728.00
884.86	1833.00
885.04	1772.00
885.22	1765.00
885.41	1769.00
885.59	1828.00
885.78	1811.00
885.96	1746.00
886.14	1784.00
886.33	1722.00
886.51	1746.00
886.70	1734.00
886.88	1669.00
887.06	1698.00
887.25	1673.00
887.43	1763.00
887.62	1757.00
887.80	1683.00
887.98	1709.00
888.17	1732.00
888.35	1750.00
888.54	1672.00
888.72	1681.00
888.90	1693.00
889.09	1794.00
889.27	1781.00
889.46	1822.00
889.64	1664.00
889.82	1680.00
890.01	1669.00
890.19	1624.00
890.38	1663.00
890.56	1644.00
890.74	1598.00
890.93	1677.00
891.11	1768.00
891.29	1759.00
891.48	1782.00
891.66	1735.00
891.85	1746.00
892.03	1726.00
892.21	1659.00
892.40	1715.00
892.58	1823.00
892.76	1703.00
892.95	1721.00
893.13	1746.00
893.32	1760.00
893.50	1713.00
893.68	1702.00
893.87	1667.00
894.05	1709.00
894.23	1664.00
894.42	1637.00
894.60	1765.00
894.79	1742.00
894.97	1686.00
895.15	1692.00
895.34	1681.00
895.52	1691.00
895.70	1653.00
895.89	1777.00
896.07	1764.00
896.25	1698.00
896.44	1709.00
896.62	1689.00
896.81	1756.00
896.99	1798.00
897.17	1753.00
897.36	1759.00
897.54	1824.00
897.72	1812.00
897.91	1735.00
898.09	1714.00
898.27	1782.00
898.46	1778.00
898.64	1778.00
898.82	1726.00
899.01	1731.00
899.19	1819.00
899.37	1819.00
899.56	1909.00
899.74	1867.00
899.92	1848.00
900.11	1911.00
900.29	1793.00
900.47	1758.00
900.66	1829.00
900.84	1802.00
901.03	1819.00
901.21	1776.00
901.39	1775.00
901.58	1842.00
901.76	1837.00
901.94	1900.00
902.13	1814.00
902.31	1794.00
902.49	1885.00
902.68	1884.00
902.86	1840.00
903.04	1909.00
903.23	1879.00
903.41	1823.00
903.59	1844.00
903.78	1900.00
903.96	1919.00
904.14	1866.00
904.32	1810.00
904.51	1830.00
904.69	1794.00
904.87	1821.00
905.06	1863.00
905.24	1921.00
905.42	1903.00
905.61	1925.00
905.79	1969.00
905.97	1959.00
906.16	1996.00
906.34	1973.00
906.52	2001.00
906.71	1954.00
906.89	1942.00
907.07	1912.00
907.26	1863.00
907.44	1895.00
907.62	2051.00
907.81	1983.00
907.99	1850.00
908.17	1906.00
908.35	1866.00
908.54	1863.00
908.72	1976.00
908.90	1931.00
909.09	1855.00
909.27	1779.00
909.45	1928.00
909.64	1988.00
909.82	1948.00
910.00	1938.00
910.18	1975.00
910.37	1918.00
910.55	1842.00
910.73	1914.00
910.92	1969.00
911.10	1985.00
911.28	1963.00
911.47	1851.00
911.65	1835.00
911.83	1844.00
912.01	1827.00
912.20	1791.00
912.38	1853.00
912.56	1943.00
912.75	1922.00
912.93	1889.00
913.11	1984.00
913.29	1943.00
913.48	1845.00
913.66	1837.00
913.84	1859.00
914.03	1862.00
914.21	1817.00
914.39	1798.00
914.57	1840.00
914.76	1881.00
914.94	1889.00
915.12	1823.00
915.31	1785.00
915.49	1874.00
915.67	1864.00
915.85	1827.00
916.04	1860.00
916.22	1874.00
916.40	1857.00
916.58	1808.00
916.77	1779.00
916.95	1804.00
917.13	1795.00
917.32	1819.00
917.50	1834.00
917.68	1893.00
917.86	1856.00
918.05	1835.00
918.23	1830.00
918.41	1767.00
918.59	1746.00
918.78	1750.00
918.96	1833.00
919.14	1757.00
919.32	1760.00
919.51	1803.00
919.69	1781.00
919.87	1742.00
920.05	1794.00
920.24	1786.00
920.42	1780.00
920.60	1824.00
920.78	1739.00
920.97	1713.00
921.15	1747.00
921.33	1746.00
921.52	1746.00
921.70	1706.00
921.88	1743.00
922.06	1743.00
922.24	1657.00
922.43	1643.00
922.61	1691.00
922.79	1648.00
922.97	1612.00
923.16	1737.00
923.34	1738.00
923.52	1728.00
923.70	1684.00
923.89	1686.00
924.07	1633.00
924.25	1639.00
924.43	1690.00
924.62	1674.00
924.80	1701.00
924.98	1691.00
925.16	1651.00
925.35	1647.00
925.53	1649.00
925.71	1649.00
925.89	1675.00
926.08	1679.00
926.26	1635.00
926.44	1604.00
926.62	1636.00
926.80	1617.00
926.99	1601.00
927.17	1598.00
927.35	1578.00
927.53	1600.00
927.72	1669.00
927.90	1608.00
928.08	1619.00
928.26	1639.00
928.44	1584.00
928.63	1543.00
928.81	1624.00
928.99	1607.00
929.17	1509.00
929.36	1588.00
929.54	1630.00
929.72	1542.00
929.90	1648.00
930.08	1590.00
930.27	1560.00
930.45	1535.00
930.63	1539.00
930.81	1514.00
930.99	1529.00
931.18	1526.00
931.36	1449.00
931.54	1513.00
931.72	1491.00
931.90	1510.00
932.09	1451.00
932.27	1496.00
932.45	1600.00
932.63	1518.00
932.81	1513.00
933.00	1425.00
933.18	1400.00
933.36	1384.00
933.54	1493.00
933.72	1411.00
933.91	1432.00
934.09	1388.00
934.27	1346.00
934.45	1339.00
934.63	1357.00
934.82	1310.00
935.00	1274.00
935.18	1289.00
935.36	1255.00
935.54	1244.00
935.73	1253.00
935.91	1191.00
936.09	1294.00
936.27	1245.00
936.45	1250.00
936.64	1127.00
936.82	1163.00
937.00	1189.00
937.18	1074.00
937.36	1129.00
937.54	1074.00
937.73	1025.00
937.91	952.00
938.09	1017.00
938.27	1043.00
938.45	957.00
938.63	933.00
938.82	948.00
939.00	969.00
939.18	940.00
939.36	919.00
939.54	930.00
939.73	894.00
939.91	912.00
940.09	954.00
940.27	878.00
940.45	809.00
940.63	861.00
940.82	838.00
941.00	847.00
941.18	857.00
941.36	852.00
941.54	817.00
941.72	811.00
941.91	751.00
942.09	853.00
942.27	822.00
942.45	755.00
942.63	770.00
942.81	815.00
942.99	778.00
943.18	745.00
943.36	739.00
943.54	743.00
943.72	694.00
943.90	775.00
944.08	760.00
944.27	716.00
944.45	745.00
944.63	735.00
944.81	652.00
944.99	698.00
945.17	772.00
945.35	638.00
945.54	704.00
945.72	710.00
945.90	709.00
946.08	734.00
946.26	665.00
946.44	724.00
946.62	629.00
946.81	681.00
946.99	707.00
947.17	693.00
947.35	724.00
947.53	679.00
947.71	657.00
947.89	752.00
948.07	695.00
948.26	774.00
948.44	772.00
948.62	711.00
948.80	676.00
948.98	659.00
949.16	639.00
949.34	682.00
949.53	690.00
949.71	690.00
949.89	705.00
950.07	694.00
950.25	827.00
950.43	781.00
950.61	773.00
950.79	740.00
950.98	747.00
951.16	680.00
951.34	781.00
951.52	728.00
951.70	712.00
951.88	752.00
952.06	754.00
952.24	741.00
952.42	744.00
952.61	646.00
952.79	682.00
952.97	697.00
953.15	732.00
953.33	674.00
953.51	755.00
953.69	629.00
953.87	719.00
954.05	684.00
954.24	657.00
954.42	742.00
954.60	695.00
954.78	755.00
954.96	706.00
955.14	629.00
955.32	693.00
955.50	619.00
955.68	584.00
955.86	721.00
956.05	686.00
956.23	701.00
956.41	660.00
956.59	720.00
956.77	723.00
956.95	675.00
957.13	702.00
957.31	680.00
957.49	646.00
957.67	617.00
957.86	667.00
958.04	705.00
958.22	688.00
958.40	735.00
958.58	717.00
958.76	710.00
958.94	696.00
959.12	642.00
959.30	678.00
959.48	681.00
959.66	681.00
959.84	628.00
960.03	603.00
960.21	653.00
960.39	663.00
960.57	690.00
960.75	622.00
960.93	637.00
961.11	674.00
961.29	673.00
961.47	701.00
961.65	717.00
961.83	629.00
962.01	607.00
962.19	677.00
962.37	708.00
962.56	714.00
962.74	606.00
962.92	633.00
963.10	675.00
963.28	632.00
963.46	631.00
963.64	627.00
963.82	630.00
964.00	560.00
964.18	584.00
964.36	675.00
964.54	707.00
964.72	667.00
964.90	604.00
965.08	668.00
965.27	695.00
965.45	682.00
965.63	713.00
965.81	658.00
965.99	590.00
966.17	554.00
966.35	609.00
966.53	611.00
966.71	599.00
966.89	589.00
967.07	619.00
967.25	614.00
967.43	586.00
967.61	522.00
967.79	498.00
967.97	605.00
968.15	579.00
968.33	553.00
968.51	633.00
968.69	575.00
968.87	601.00
969.06	571.00
969.24	550.00
969.42	514.00
969.60	557.00
969.78	619.00
969.96	660.00
970.14	601.00
970.32	509.00
970.50	557.00
970.68	563.00
970.86	564.00
971.04	546.00
971.22	561.00
971.40	555.00
971.58	507.00
971.76	560.00
971.94	559.00
972.12	527.00
972.30	539.00
972.48	530.00
972.66	432.00
972.84	538.00
973.02	616.00
973.20	595.00
973.38	535.00
973.56	610.00
973.74	615.00
973.92	598.00
974.10	566.00
974.28	536.00
974.46	603.00
974.64	494.00
974.82	533.00
975.00	493.00
975.18	428.00
975.36	499.00
975.54	491.00
975.72	541.00
975.90	506.00
976.08	516.00
976.26	455.00
976.44	515.00
976.62	443.00
976.80	535.00
976.98	550.00
977.16	519.00
977.34	507.00
977.52	530.00
977.70	496.00
977.88	515.00
978.06	460.00
978.24	541.00
978.42	543.00
978.60	520.00
978.78	423.00
978.96	518.00
979.14	450.00
979.32	484.00
979.50	502.00
979.68	459.00
979.86	491.00
980.04	491.00
980.22	444.00
980.40	527.00
980.58	467.00
980.76	426.00
980.94	513.00
981.12	488.00
981.30	486.00
981.48	496.00
981.66	439.00
981.84	464.00
982.02	434.00
982.20	433.00
982.38	410.00
982.56	452.00
982.74	402.00
982.92	469.00
983.10	398.00
983.28	357.00
983.46	424.00
983.64	439.00
983.82	485.00
984.00	405.00
984.18	425.00
984.36	452.00
984.54	486.00
984.72	438.00
984.90	448.00
985.08	483.00
985.26	420.00
985.44	435.00
985.62	467.00
985.80	454.00
985.98	438.00
986.16	424.00
986.34	398.00
986.51	422.00
986.69	451.00
986.87	433.00
987.05	386.00
987.23	395.00
987.41	377.00
987.59	369.00
987.77	402.00
987.95	409.00
988.13	382.00
988.31	353.00
988.49	373.00
988.67	391.00
988.85	356.00
989.03	363.00
989.21	394.00
989.39	433.00
989.57	400.00
989.75	454.00
989.93	435.00
990.11	413.00
990.28	416.00
990.46	384.00
990.64	345.00
990.82	393.00
991.00	364.00
991.18	346.00
991.36	378.00
991.54	399.00
991.72	375.00
991.90	330.00
992.08	347.00
992.26	357.00
992.44	314.00
992.62	361.00
992.80	367.00
992.98	352.00
993.15	321.00
993.33	339.00
993.51	375.00
993.69	400.00
993.87	374.00
994.05	381.00
994.23	358.00
994.41	241.00
994.59	266.00
994.77	377.00
994.95	436.00
995.13	373.00
995.31	381.00
995.48	375.00
995.66	311.00
995.84	312.00
996.02	396.00
996.20	372.00
996.38	336.00
996.56	358.00
996.74	354.00
996.92	310.00
997.10	300.00
997.28	272.00
997.46	277.00
997.63	299.00
997.81	281.00
997.99	274.00
998.17	278.00
998.35	263.00
998.53	333.00
998.71	369.00
998.89	303.00
999.07	253.00
999.25	278.00
999.43	353.00
999.60	324.00
999.78	357.00
999.96	355.00
1000.14	337.00
1000.32	228.00
1000.50	254.00
1000.68	294.00
1000.86	278.00
1001.04	302.00
1001.21	346.00
1001.39	315.00
1001.57	323.00
1001.75	365.00
1001.93	303.00
1002.11	253.00
1002.29	290.00
1002.47	251.00
1002.65	291.00
1002.82	250.00
1003.00	328.00
1003.18	345.00
1003.36	314.00
1003.54	271.00
1003.72	277.00
1003.90	296.00
1004.08	315.00
1004.26	365.00
1004.43	361.00
1004.61	333.00
1004.79	290.00
1004.97	280.00
1005.15	288.00
1005.33	325.00
1005.51	313.00
1005.69	287.00
1005.86	312.00
1006.04	310.00
1006.22	299.00
1006.40	256.00
1006.58	222.00
1006.76	344.00
1006.94	275.00
1007.12	288.00
1007.29	216.00
1007.47	271.00
1007.65	264.00
1007.83	282.00
1008.01	350.00
1008.19	286.00
1008.37	243.00
1008.54	262.00
1008.72	263.00
1008.90	237.00
1009.08	239.00
1009.26	195.00
1009.44	257.00
1009.62	241.00
1009.79	321.00
1009.97	271.00
1010.15	144.00
1010.33	220.00
1010.51	300.00
1010.69	285.00
1010.87	267.00
1011.04	246.00
1011.22	200.00
1011.40	266.00
1011.58	312.00
1011.76	270.00
1011.94	251.00
1012.11	214.00
1012.29	235.00
1012.47	308.00
1012.65	279.00
1012.83	264.00
1013.01	269.00
1013.18	238.00
1013.36	190.00
1013.54	230.00
1013.72	202.00
1013.90	238.00
1014.08	205.00
1014.25	249.00
1014.43	227.00
1014.61	233.00
1014.79	279.00
1014.97	298.00
1015.15	237.00
1015.32	203.00
1015.50	234.00
1015.68	230.00
1015.86	239.00
1016.04	238.00
1016.22	209.00
1016.39	257.00
1016.57	211.00
1016.75	217.00
1016.93	171.00
1017.11	195.00
1017.29	246.00
1017.46	271.00
1017.64	236.00
1017.82	196.00
1018.00	231.00
1018.18	239.00
1018.35	157.00
1018.53	168.00
1018.71	186.00
1018.89	223.00
1019.07	228.00
1019.24	318.00
1019.42	252.00
1019.60	203.00
1019.78	172.00
1019.96	200.00
1020.14	183.00
1020.31	202.00
1020.49	225.00
1020.67	194.00
1020.85	232.00
1021.03	216.00
1021.20	195.00
1021.38	182.00
1021.56	213.00
1021.74	206.00
1021.92	124.00
1022.09	129.00
1022.27	171.00
1022.45	167.00
1022.63	233.00
1022.81	220.00
1022.98	168.00
1023.16	236.00
1023.34	241.00
1023.52	211.00
1023.69	242.00
1023.87	228.00
1024.05	190.00
1024.23	174.00
1024.41	217.00
1024.58	203.00
1024.76	150.00
1024.94	229.00
1025.12	179.00
1025.30	206.00
1025.47	181.00
1025.65	243.00
1025.83	178.00
1026.01	186.00
1026.18	207.00
1026.36	207.00
1026.54	134.00
1026.72	129.00
1026.90	151.00
1027.07	179.00
1027.25	183.00
1027.43	159.00
1027.61	130.00
1027.78	219.00
1027.96	203.00
1028.14	180.00
1028.32	203.00
1028.49	199.00
1028.67	208.00
1028.85	176.00
1029.03	166.00
1029.21	164.00
1029.38	126.00
1029.56	188.00
1029.74	96.00
1029.92	93.00
1030.09	142.00
1030.27	155.00
1030.45	196.00
1030.63	178.00
1030.80	156.00
1030.98	171.00
1031.16	176.00
1031.34	136.00
1031.51	125.00
1031.69	116.00
1031.87	202.00
1032.05	198.00
1032.22	180.00
1032.40	136.00
1032.58	120.00
1032.76	43.00
1032.93	127.00
1033.11	188.00
1033.29	154.00
1033.47	170.00
1033.64	184.00
1033.82	217.00
1034.00	206.00
1034.18	217.00
1034.35	105.00
1034.53	96.00
1034.71	87.00
1034.89	135.00
1035.06	102.00
1035.24	192.00
1035.42	92.00
1035.59	132.00
1035.77	138.00
1035.95	161.00
1036.13	232.00
1036.30	182.00
1036.48	102.00
1036.66	119.00
1036.84	127.00
1037.01	164.00
1037.19	99.00
1037.37	119.00
1037.54	168.00
1037.72	157.00
1037.90	156.00
1038.08	229.00
1038.25	126.00
1038.43	66.00
1038.61	80.00
1038.79	104.00
1038.96	146.00
1039.14	151.00
1039.32	149.00
1039.49	122.00
1039.67	42.00
1039.85	159.00
1040.03	180.00
1040.20	104.00
1040.38	81.00
1040.56	111.00
1040.73	107.00
1040.91	78.00
1041.09	146.00
1041.27	134.00
1041.44	108.00
1041.62	110.00
1041.80	175.00
1041.97	189.00
1042.15	141.00
1042.33	186.00
1042.50	163.00
1042.68	130.00
1042.86	228.00
1043.04	81.00
1043.21	87.00
1043.39	184.00
1043.57	111.00
1043.74	162.00
1043.92	102.00
1044.10	142.00
1044.27	126.00
1044.45	93.00
1044.63	107.00
1044.80	69.00
1044.98	39.00
1045.16	79.00
1045.34	130.00
1045.51	108.00
1045.69	99.00
1045.87	61.00
1046.04	67.00
1046.22	121.00
1046.40	44.00
1046.57	67.00
1046.75	78.00
1046.93	76.00
1047.10	41.00
1047.28	124.00
1047.46	130.00
1047.63	69.00
1047.81	70.00
1047.99	63.00
1048.16	88.00
1048.34	125.00
1048.52	115.00
1048.69	87.00
1048.87	94.00
1049.05	50.00
1049.22	77.00
1049.40	85.00
1049.58	104.00
1049.75	117.00
1049.93	137.00
1050.11	112.00
1050.28	107.00
1050.46	144.00
1050.64	119.00
1050.81	104.00
1050.99	42.00
1051.17	58.00
1051.34	118.00
1051.52	136.00
1051.70	118.00
1051.87	57.00
1052.05	93.00
1052.23	9.00
1052.40	30.00
1052.58	127.00
1052.76	107.00
1052.93	91.00
1053.11	112.00
1053.29	139.00
1053.46	158.00
1053.64	82.00
1053.82	86.00
1053.99	64.00
1054.17	70.00
1054.35	45.00
1054.52	145.00
1054.70	159.00
1054.87	102.00
1055.05	57.00
1055.23	42.00
1055.40	114.00
1055.58	92.00
1055.76	45.00
1055.93	113.00
1056.11	61.00
1056.29	69.00
1056.46	86.00
1056.64	12.00
1056.81	31.00
1056.99	61.00
1057.17	200.00
1057.34	103.00
1057.52	22.00
1057.70	91.00
1057.87	126.00
1058.05	120.00
1058.22	93.00
1058.40	103.00
1058.58	53.00
1058.75	55.00
1058.93	98.00
1059.11	91.00
1059.28	40.00
1059.46	79.00
1059.63	33.00
1059.81	15.00
1059.99	3.00
1060.16	20.00
1060.34	55.00
1060.52	27.00
1060.69	-10.00
1060.87	55.00
1061.04	72.00
1061.22	8.00
