367.62	37.00
367.82	26.00
368.02	54.00
368.23	24.00
368.43	32.00
368.63	-19.00
368.83	-9.00
369.04	-49.00
369.24	-52.00
369.44	-46.00
369.65	33.00
369.85	-6.00
370.05	36.00
370.25	-42.00
370.46	-11.00
370.66	-28.00
370.86	7.00
371.07	-46.00
371.27	-39.00
371.47	-77.00
371.67	2.00
371.88	-13.00
372.08	59.00
372.28	-13.00
372.49	-74.00
372.69	-21.00
372.89	10.00
373.09	17.00
373.30	-23.00
373.50	13.00
373.70	35.00
373.91	23.00
374.11	40.00
374.31	-6.00
374.51	26.00
374.72	39.00
374.92	-7.00
375.12	-12.00
375.33	-27.00
375.53	-15.00
375.73	5.00
375.93	-18.00
376.14	16.00
376.34	2.00
376.54	10.00
376.74	-47.00
376.95	3.00
377.15	-12.00
377.35	-37.00
377.55	-19.00
377.76	-6.00
377.96	-27.00
378.16	-30.00
378.37	10.00
378.57	31.00
378.77	5.00
378.97	33.00
379.18	-15.00
379.38	-41.00
379.58	-38.00
379.78	-34.00
379.99	-44.00
380.19	-5.00
380.39	73.00
380.59	35.00
380.80	15.00
381.00	8.00
381.20	75.00
381.40	17.00
381.61	6.00
381.81	-16.00
382.01	-84.00
382.21	-38.00
382.42	6.00
382.62	15.00
382.82	64.00
383.02	62.00
383.23	23.00
383.43	31.00
383.63	6.00
383.83	10.00
384.04	21.00
384.24	-17.00
384.44	-5.00
384.64	-9.00
384.85	-17.00
385.05	-9.00
385.25	-18.00
385.45	21.00
385.66	24.00
385.86	-8.00
386.06	-10.00
386.26	9.00
386.47	-33.00
386.67	-52.00
386.87	6.00
387.07	5.00
387.27	10.00
387.48	-8.00
387.68	22.00
387.88	7.00
388.08	20.00
388.29	25.00
388.49	-36.00
388.69	-35.00
388.89	1.00
389.10	70.00
389.30	136.00
389.50	42.00
389.70	51.00
389.90	62.00
390.11	11.00
390.31	-14.00
390.51	57.00
390.71	49.00
390.92	-19.00
391.12	18.00
391.32	29.00
391.52	68.00
391.72	18.00
391.93	34.00
392.13	25.00
392.33	-31.00
392.53	-48.00
392.74	-7.00
392.94	-27.00
393.14	-35.00
393.34	-36.00
393.54	38.00
393.75	9.00
393.95	-23.00
394.15	29.00
394.35	46.00
394.56	-5.00
394.76	-55.00
394.96	-49.00
395.16	20.00
395.36	47.00
395.57	39.00
395.77	-10.00
395.97	-5.00
396.17	20.00
396.37	13.00
396.58	-21.00
396.78	5.00
396.98	-34.00
397.18	-40.00
397.38	10.00
397.59	17.00
397.79	29.00
397.99	13.00
398.19	20.00
398.39	25.00
398.60	-11.00
398.80	-21.00
399.00	60.00
399.20	60.00
399.40	17.00
399.61	33.00
399.81	-86.00
400.01	-28.00
400.21	-6.00
400.41	-30.00
400.62	25.00
400.82	21.00
401.02	2.00
401.22	23.00
401.42	-11.00
401.63	63.00
401.83	-19.00
402.03	25.00
402.23	-31.00
402.43	9.00
402.64	-27.00
402.84	24.00
403.04	-26.00
403.24	-9.00
403.44	3.00
403.64	-3.00
403.85	8.00
404.05	-81.00
404.25	-90.00
404.45	45.00
404.65	47.00
404.86	76.00
405.06	13.00
405.26	31.00
405.46	108.00
405.66	20.00
405.86	20.00
406.07	15.00
406.27	-22.00
406.47	-22.00
406.67	4.00
406.87	-2.00
407.07	-42.00
407.28	53.00
407.48	1.00
407.68	-34.00
407.88	3.00
408.08	-23.00
408.28	1.00
408.49	40.00
408.69	79.00
408.89	63.00
409.09	30.00
409.29	34.00
409.49	6.00
409.70	12.00
409.90	-36.00
410.10	15.00
410.30	55.00
410.50	11.00
410.70	-14.00
410.91	10.00
411.11	-11.00
411.31	40.00
411.51	56.00
411.71	59.00
411.91	37.00
412.12	72.00
412.32	20.00
412.52	32.00
412.72	43.00
412.92	-1.00
413.12	48.00
413.32	28.00
413.53	-14.00
413.73	11.00
413.93	67.00
414.13	22.00
414.33	42.00
414.53	63.00
414.74	31.00
414.94	21.00
415.14	47.00
415.34	47.00
415.54	64.00
415.74	74.00
415.94	118.00
416.15	58.00
416.35	15.00
416.55	32.00
416.75	65.00
416.95	-19.00
417.15	29.00
417.35	21.00
417.56	28.00
417.76	25.00
417.96	15.00
418.16	85.00
418.36	41.00
418.56	4.00
418.76	25.00
418.97	14.00
419.17	7.00
419.37	27.00
419.57	24.00
419.77	30.00
419.97	35.00
420.17	29.00
420.37	75.00
420.58	-2.00
420.78	-7.00
420.98	26.00
421.18	19.00
421.38	56.00
421.58	79.00
421.78	60.00
421.98	55.00
422.19	44.00
422.39	6.00
422.59	23.00
422.79	-20.00
422.99	-1.00
423.19	-10.00
423.39	37.00
423.59	47.00
423.80	22.00
424.00	-66.00
424.20	-1.00
424.40	6.00
424.60	-15.00
424.80	35.00
425.00	51.00
425.20	14.00
425.40	21.00
425.61	-9.00
425.81	-17.00
426.01	5.00
426.21	15.00
426.41	13.00
426.61	99.00
426.81	90.00
427.01	32.00
427.21	40.00
427.42	69.00
427.62	87.00
427.82	57.00
428.02	-14.00
428.22	-40.00
428.42	25.00
428.62	10.00
428.82	4.00
429.02	-15.00
429.23	-6.00
429.43	-33.00
429.63	-23.00
429.83	20.00
430.03	104.00
430.23	67.00
430.43	10.00
430.63	6.00
430.83	46.00
431.03	22.00
431.24	53.00
431.44	53.00
431.64	79.00
431.84	83.00
432.04	63.00
432.24	49.00
432.44	5.00
432.64	25.00
432.84	34.00
433.04	16.00
433.24	-56.00
433.45	34.00
433.65	8.00
433.85	25.00
434.05	8.00
434.25	-46.00
434.45	-61.00
434.65	-30.00
434.85	6.00
435.05	6.00
435.25	29.00
435.45	-68.00
435.65	-51.00
435.86	-57.00
436.06	49.00
436.26	14.00
436.46	14.00
436.66	-10.00
436.86	0.00
437.06	-24.00
437.26	65.00
437.46	25.00
437.66	5.00
437.86	40.00
438.06	-20.00
438.26	13.00
438.47	30.00
438.67	74.00
438.87	80.00
439.07	-26.00
439.27	-4.00
439.47	-61.00
439.67	11.00
439.87	66.00
440.07	69.00
440.27	84.00
440.47	-5.00
440.67	15.00
440.87	53.00
441.07	83.00
441.27	26.00
441.48	94.00
441.68	55.00
441.88	51.00
442.08	123.00
442.28	25.00
442.48	1.00
442.68	52.00
442.88	2.00
443.08	10.00
443.28	-41.00
443.48	-68.00
443.68	-50.00
443.88	-27.00
444.08	-3.00
444.28	-38.00
444.48	-44.00
444.68	89.00
444.88	47.00
445.09	52.00
445.29	31.00
445.49	-10.00
445.69	-17.00
445.89	1.00
446.09	6.00
446.29	47.00
446.49	35.00
446.69	10.00
446.89	12.00
447.09	11.00
447.29	73.00
447.49	39.00
447.69	51.00
447.89	50.00
448.09	60.00
448.29	22.00
448.49	23.00
448.69	80.00
448.89	99.00
449.09	58.00
449.29	75.00
449.49	12.00
449.70	-28.00
449.90	63.00
450.10	121.00
450.30	78.00
450.50	60.00
450.70	86.00
450.90	30.00
451.10	28.00
451.30	-7.00
451.50	18.00
451.70	15.00
451.90	73.00
452.10	4.00
452.30	43.00
452.50	3.00
452.70	61.00
452.90	69.00
453.10	132.00
453.30	109.00
453.50	3.00
453.70	17.00
453.90	67.00
454.10	6.00
454.30	40.00
454.50	17.00
454.70	6.00
454.90	-25.00
455.10	-15.00
455.30	4.00
455.50	92.00
455.70	77.00
455.90	-32.00
456.10	-43.00
456.30	0.00
456.50	82.00
456.70	120.00
456.90	-4.00
457.10	1.00
457.30	64.00
457.50	69.00
457.70	82.00
457.90	40.00
458.10	19.00
458.30	-34.00
458.50	85.00
458.70	113.00
458.90	86.00
459.10	64.00
459.30	19.00
459.50	22.00
459.70	26.00
459.90	121.00
460.10	74.00
460.30	-12.00
460.50	-9.00
460.70	-7.00
460.90	18.00
461.10	45.00
461.30	100.00
461.50	101.00
461.70	84.00
461.90	111.00
462.10	109.00
462.30	44.00
462.50	42.00
462.70	48.00
462.90	59.00
463.10	64.00
463.30	36.00
463.50	-21.00
463.70	52.00
463.90	96.00
464.10	78.00
464.30	84.00
464.50	28.00
464.70	70.00
464.90	78.00
465.10	13.00
465.30	86.00
465.50	56.00
465.70	35.00
465.90	75.00
466.10	139.00
466.30	169.00
466.50	104.00
466.70	88.00
466.90	33.00
467.10	31.00
467.30	43.00
467.50	78.00
467.70	60.00
467.90	16.00
468.10	60.00
468.30	104.00
468.50	113.00
468.70	60.00
468.90	76.00
469.10	104.00
469.30	94.00
469.50	85.00
469.70	40.00
469.90	42.00
470.10	62.00
470.30	47.00
470.50	73.00
470.70	98.00
470.90	71.00
471.10	89.00
471.29	118.00
471.49	47.00
471.69	65.00
471.89	85.00
472.09	13.00
472.29	43.00
472.49	-2.00
472.69	20.00
472.89	117.00
473.09	76.00
473.29	56.00
473.49	57.00
473.69	74.00
473.89	147.00
474.09	140.00
474.29	100.00
474.49	-1.00
474.69	13.00
474.89	53.00
475.09	92.00
475.29	34.00
475.49	76.00
475.69	132.00
475.88	122.00
476.08	150.00
476.28	93.00
476.48	64.00
476.68	24.00
476.88	45.00
477.08	61.00
477.28	62.00
477.48	66.00
477.68	20.00
477.88	52.00
478.08	134.00
478.28	135.00
478.48	123.00
478.68	50.00
478.88	46.00
479.08	-5.00
479.28	17.00
479.47	119.00
479.67	29.00
479.87	81.00
480.07	56.00
480.27	20.00
480.47	70.00
480.67	91.00
480.87	54.00
481.07	58.00
481.27	84.00
481.47	151.00
481.67	106.00
481.87	53.00
482.07	77.00
482.27	90.00
482.46	52.00
482.66	99.00
482.86	115.00
483.06	68.00
483.26	75.00
483.46	54.00
483.66	25.00
483.86	107.00
484.06	106.00
484.26	80.00
484.46	65.00
484.66	61.00
484.86	45.00
485.05	45.00
485.25	114.00
485.45	104.00
485.65	71.00
485.85	69.00
486.05	96.00
486.25	17.00
486.45	112.00
486.65	104.00
486.85	153.00
487.05	142.00
487.25	161.00
487.44	88.00
487.64	70.00
487.84	87.00
488.04	97.00
488.24	110.00
488.44	108.00
488.64	117.00
488.84	106.00
489.04	51.00
489.24	77.00
489.43	60.00
489.63	39.00
489.83	103.00
490.03	196.00
490.23	143.00
490.43	148.00
490.63	82.00
490.83	71.00
491.03	128.00
491.23	148.00
491.42	58.00
491.62	83.00
491.82	13.00
492.02	72.00
492.22	64.00
492.42	61.00
492.62	152.00
492.82	109.00
493.02	60.00
493.22	112.00
493.41	117.00
493.61	192.00
493.81	178.00
494.01	140.00
494.21	128.00
494.41	152.00
494.61	60.00
494.81	135.00
495.01	174.00
495.20	170.00
495.40	116.00
495.60	74.00
495.80	75.00
496.00	67.00
496.20	61.00
496.40	114.00
496.60	117.00
496.79	132.00
496.99	136.00
497.19	163.00
497.39	133.00
497.59	136.00
497.79	160.00
497.99	116.00
498.19	102.00
498.38	25.00
498.58	96.00
498.78	154.00
498.98	136.00
499.18	161.00
499.38	170.00
499.58	158.00
499.78	123.00
499.97	176.00
500.17	191.00
500.37	147.00
500.57	183.00
500.77	141.00
500.97	92.00
501.17	173.00
501.37	114.00
501.56	184.00
501.76	165.00
501.96	144.00
502.16	147.00
502.36	149.00
502.56	102.00
502.76	157.00
502.95	172.00
503.15	140.00
503.35	141.00
503.55	219.00
503.75	160.00
503.95	118.00
504.15	204.00
504.34	114.00
504.54	123.00
504.74	138.00
504.94	153.00
505.14	128.00
505.34	49.00
505.54	118.00
505.73	109.00
505.93	200.00
506.13	120.00
506.33	78.00
506.53	177.00
506.73	236.00
506.92	66.00
507.12	160.00
507.32	167.00
507.52	74.00
507.72	168.00
507.92	225.00
508.12	168.00
508.31	177.00
508.51	177.00
508.71	146.00
508.91	123.00
509.11	146.00
509.31	45.00
509.50	117.00
509.70	137.00
509.90	195.00
510.10	191.00
510.30	85.00
510.50	138.00
510.69	149.00
510.89	241.00
511.09	176.00
511.29	108.00
511.49	79.00
511.69	103.00
511.88	56.00
512.08	96.00
512.28	144.00
512.48	134.00
512.68	113.00
512.88	128.00
513.07	134.00
513.27	80.00
513.47	87.00
513.67	127.00
513.87	126.00
514.06	159.00
514.26	124.00
514.46	108.00
514.66	174.00
514.86	189.00
515.06	146.00
515.25	120.00
515.45	78.00
515.65	151.00
515.85	168.00
516.05	183.00
516.24	196.00
516.44	217.00
516.64	157.00
516.84	202.00
517.04	195.00
517.23	196.00
517.43	176.00
517.63	147.00
517.83	111.00
518.03	175.00
518.23	70.00
518.42	40.00
518.62	113.00
518.82	242.00
519.02	203.00
519.22	239.00
519.41	202.00
519.61	158.00
519.81	135.00
520.01	217.00
520.21	228.00
520.40	137.00
520.60	181.00
520.80	175.00
521.00	220.00
521.20	186.00
521.39	142.00
521.59	95.00
521.79	166.00
521.99	188.00
522.19	165.00
522.38	187.00
522.58	207.00
522.78	163.00
522.98	162.00
523.17	184.00
523.37	163.00
523.57	192.00
523.77	212.00
523.97	171.00
524.16	186.00
524.36	117.00
524.56	182.00
524.76	202.00
524.96	222.00
525.15	221.00
525.35	163.00
525.55	211.00
525.75	137.00
525.94	129.00
526.14	280.00
526.34	218.00
526.54	182.00
526.74	147.00
526.93	171.00
527.13	220.00
527.33	249.00
527.53	211.00
527.72	242.00
527.92	214.00
528.12	252.00
528.32	214.00
528.52	226.00
528.71	185.00
528.91	173.00
529.11	224.00
529.31	205.00
529.50	199.00
529.70	197.00
529.90	247.00
530.10	306.00
530.29	282.00
530.49	193.00
530.69	295.00
530.89	307.00
531.09	233.00
531.28	229.00
531.48	266.00
531.68	240.00
531.88	180.00
532.07	154.00
532.27	221.00
532.47	299.00
532.67	340.00
532.86	300.00
533.06	229.00
533.26	277.00
533.46	298.00
533.65	254.00
533.85	316.00
534.05	263.00
534.25	266.00
534.44	339.00
534.64	291.00
534.84	294.00
535.04	287.00
535.23	297.00
535.43	332.00
535.63	350.00
535.83	343.00
536.02	335.00
536.22	337.00
536.42	320.00
536.62	279.00
536.81	227.00
537.01	278.00
537.21	327.00
537.41	318.00
537.60	329.00
537.80	338.00
538.00	277.00
538.20	295.00
538.39	319.00
538.59	376.00
538.79	345.00
538.99	294.00
539.18	332.00
539.38	342.00
539.58	294.00
539.77	318.00
539.97	305.00
540.17	360.00
540.37	363.00
540.56	267.00
540.76	333.00
540.96	438.00
541.16	422.00
541.35	374.00
541.55	336.00
541.75	377.00
541.94	339.00
542.14	369.00
542.34	395.00
542.54	388.00
542.73	361.00
542.93	343.00
543.13	348.00
543.33	299.00
543.52	312.00
543.72	433.00
543.92	452.00
544.11	406.00
544.31	389.00
544.51	442.00
544.71	433.00
544.90	396.00
545.10	399.00
545.30	319.00
545.49	385.00
545.69	385.00
545.89	434.00
546.09	423.00
546.28	443.00
546.48	409.00
546.68	380.00
546.87	397.00
547.07	422.00
547.27	398.00
547.47	392.00
547.66	456.00
547.86	461.00
548.06	407.00
548.25	377.00
548.45	370.00
548.65	416.00
548.84	338.00
549.04	415.00
549.24	403.00
549.44	379.00
549.63	384.00
549.83	435.00
550.03	414.00
550.22	443.00
550.42	406.00
550.62	432.00
550.81	497.00
551.01	425.00
551.21	470.00
551.41	361.00
551.60	354.00
551.80	389.00
552.00	430.00
552.19	441.00
552.39	451.00
552.59	467.00
552.78	389.00
552.98	411.00
553.18	435.00
553.37	371.00
553.57	323.00
553.77	417.00
553.96	373.00
554.16	412.00
554.36	417.00
554.56	377.00
554.75	357.00
554.95	374.00
555.15	354.00
555.34	367.00
555.54	406.00
555.74	408.00
555.93	391.00
556.13	435.00
556.33	371.00
556.52	355.00
556.72	416.00
556.92	413.00
557.11	372.00
557.31	324.00
557.51	414.00
557.70	364.00
557.90	372.00
558.10	370.00
558.29	314.00
558.49	399.00
558.69	320.00
558.88	272.00
559.08	369.00
559.28	381.00
559.47	343.00
559.67	322.00
559.87	368.00
560.06	398.00
560.26	308.00
560.46	279.00
560.65	339.00
560.85	370.00
561.05	377.00
561.24	332.00
561.44	335.00
561.64	364.00
561.83	381.00
562.03	404.00
562.23	424.00
562.42	396.00
562.62	414.00
562.82	375.00
563.01	350.00
563.21	378.00
563.40	326.00
563.60	313.00
563.80	355.00
563.99	399.00
564.19	405.00
564.39	377.00
564.58	302.00
564.78	351.00
564.98	405.00
565.17	426.00
565.37	326.00
565.57	381.00
565.76	411.00
565.96	355.00
566.16	383.00
566.35	417.00
566.55	424.00
566.74	439.00
566.94	470.00
567.14	431.00
567.33	470.00
567.53	420.00
567.73	409.00
567.92	475.00
568.12	369.00
568.32	361.00
568.51	376.00
568.71	462.00
568.90	481.00
569.10	422.00
569.30	414.00
569.49	444.00
569.69	445.00
569.89	466.00
570.08	463.00
570.28	425.00
570.47	394.00
570.67	414.00
570.87	481.00
571.06	448.00
571.26	471.00
571.46	493.00
571.65	455.00
571.85	434.00
572.04	386.00
572.24	443.00
572.44	479.00
572.63	432.00
572.83	499.00
573.03	531.00
573.22	460.00
573.42	470.00
573.61	528.00
573.81	531.00
574.01	455.00
574.20	472.00
574.40	549.00
574.59	606.00
574.79	536.00
574.99	541.00
575.18	550.00
575.38	494.00
575.58	553.00
575.77	630.00
575.97	603.00
576.16	559.00
576.36	507.00
576.56	572.00
576.75	571.00
576.95	594.00
577.14	638.00
577.34	626.00
577.54	608.00
577.73	605.00
577.93	637.00
578.12	667.00
578.32	641.00
578.52	680.00
578.71	660.00
578.91	687.00
579.10	716.00
579.30	738.00
579.50	636.00
579.69	710.00
579.89	750.00
580.08	692.00
580.28	689.00
580.48	712.00
580.67	739.00
580.87	807.00
581.06	774.00
581.26	725.00
581.45	810.00
581.65	823.00
581.85	806.00
582.04	737.00
582.24	853.00
582.43	843.00
582.63	892.00
582.83	879.00
583.02	961.00
583.22	968.00
583.41	916.00
583.61	942.00
583.80	935.00
584.00	946.00
584.20	1032.00
584.39	940.00
584.59	945.00
584.78	950.00
584.98	1011.00
585.17	1066.00
585.37	1042.00
585.57	1028.00
585.76	1067.00
585.96	1023.00
586.15	1019.00
586.35	1105.00
586.54	1128.00
586.74	1149.00
586.94	1101.00
587.13	1134.00
587.33	1132.00
587.52	1148.00
587.72	1203.00
587.91	1207.00
588.11	1305.00
588.31	1242.00
588.50	1238.00
588.70	1295.00
588.89	1283.00
589.09	1306.00
589.28	1247.00
589.48	1251.00
589.68	1200.00
589.87	1233.00
590.07	1253.00
590.26	1321.00
590.46	1389.00
590.65	1394.00
590.85	1281.00
591.04	1366.00
591.24	1342.00
591.44	1362.00
591.63	1395.00
591.83	1515.00
592.02	1577.00
592.22	1473.00
592.41	1479.00
592.61	1445.00
592.80	1541.00
593.00	1552.00
593.19	1541.00
593.39	1668.00
593.59	1558.00
593.78	1512.00
593.98	1458.00
594.17	1540.00
594.37	1586.00
594.56	1505.00
594.76	1574.00
594.95	1603.00
595.15	1618.00
595.34	1611.00
595.54	1672.00
595.73	1665.00
595.93	1685.00
596.13	1579.00
596.32	1557.00
596.52	1636.00
596.71	1618.00
596.91	1592.00
597.10	1714.00
597.30	1689.00
597.49	1736.00
597.69	1769.00
597.88	1802.00
598.08	1749.00
598.27	1774.00
598.47	1758.00
598.66	1778.00
598.86	1847.00
599.06	1798.00
599.25	1765.00
599.45	1753.00
599.64	1847.00
599.84	1909.00
600.03	1833.00
600.23	1774.00
600.42	1797.00
600.62	1774.00
600.81	1771.00
601.01	1791.00
601.20	1805.00
601.40	1818.00
601.59	1789.00
601.79	1788.00
601.98	1789.00
602.18	1787.00
602.37	1793.00
602.57	1731.00
602.76	1764.00
602.96	1795.00
603.15	1861.00
603.35	1876.00
603.54	1843.00
603.74	1792.00
603.93	1833.00
604.13	1810.00
604.32	1836.00
604.52	1881.00
604.71	1850.00
604.91	1881.00
605.10	1857.00
605.30	1814.00
605.49	1817.00
605.69	1841.00
605.88	1804.00
606.08	1837.00
606.27	1831.00
606.47	1804.00
606.66	1873.00
606.86	1772.00
607.05	1775.00
607.25	1810.00
607.44	1902.00
607.64	1920.00
607.83	1900.00
608.03	1835.00
608.22	1897.00
608.42	1951.00
608.61	1956.00
608.81	1944.00
609.00	1956.00
609.20	2013.00
609.39	1980.00
609.59	1996.00
609.78	2084.00
609.98	2132.00
610.17	2250.00
610.37	2510.00
610.56	2706.00
610.76	2812.00
610.95	2934.00
611.15	3097.00
611.34	3325.00
611.54	3231.00
611.73	3126.00
611.93	2935.00
612.12	2570.00
612.32	2425.00
612.51	2369.00
612.71	2215.00
612.90	2185.00
613.09	2185.00
613.29	2099.00
613.48	2099.00
613.68	2132.00
613.87	2116.00
614.07	2117.00
614.26	2152.00
614.46	2158.00
614.65	2086.00
614.85	2094.00
615.04	1986.00
615.24	2060.00
615.43	2079.00
615.63	2013.00
615.82	1963.00
616.02	1933.00
616.21	1888.00
616.40	1925.00
616.60	1953.00
616.79	1904.00
616.99	1877.00
617.18	1942.00
617.38	1872.00
617.57	1876.00
617.77	1884.00
617.96	1801.00
618.16	1893.00
618.35	1832.00
618.54	1900.00
618.74	1934.00
618.93	1917.00
619.13	1814.00
619.32	1852.00
619.52	1914.00
619.71	1917.00
619.91	1913.00
620.10	1943.00
620.30	2012.00
620.49	1987.00
620.68	1940.00
620.88	1914.00
621.07	1896.00
621.27	2002.00
621.46	2077.00
621.66	2036.00
621.85	2013.00
622.05	1878.00
622.24	1917.00
622.43	1945.00
622.63	2016.00
622.82	2053.00
623.02	2065.00
623.21	2003.00
623.41	2062.00
623.60	2050.00
623.80	2209.00
623.99	2179.00
624.18	2111.00
624.38	2131.00
624.57	2143.00
624.77	2110.00
624.96	2101.00
625.16	2162.00
625.35	2131.00
625.54	2162.00
625.74	2165.00
625.93	2160.00
626.13	2201.00
626.32	2211.00
626.52	2127.00
626.71	2062.00
626.90	2146.00
627.10	2168.00
627.29	2182.00
627.49	2183.00
627.68	2139.00
627.88	2151.00
628.07	2222.00
628.26	2217.00
628.46	2161.00
628.65	2246.00
628.85	2278.00
629.04	2265.00
629.23	2302.00
629.43	2317.00
629.62	2285.00
629.82	2331.00
630.01	2459.00
630.21	2317.00
630.40	2335.00
630.59	2332.00
630.79	2357.00
630.98	2445.00
631.18	2413.00
631.37	2483.00
631.56	2556.00
631.76	2469.00
631.95	2443.00
632.15	2399.00
632.34	2469.00
632.53	2452.00
632.73	2390.00
632.92	2412.00
633.12	2381.00
633.31	2376.00
633.50	2368.00
633.70	2393.00
633.89	2442.00
634.09	2529.00
634.28	2484.00
634.47	2390.00
634.67	2420.00
634.86	2305.00
635.06	2416.00
635.25	2584.00
635.44	2583.00
635.64	2620.00
635.83	2533.00
636.03	2634.00
636.22	2614.00
636.41	2523.00
636.61	2404.00
636.80	2613.00
637.00	2709.00
637.19	2573.00
637.38	2683.00
637.58	2686.00
637.77	2692.00
637.96	2686.00
638.16	2706.00
638.35	2785.00
638.55	2803.00
638.74	2884.00
638.93	2825.00
639.13	2783.00
639.32	2734.00
639.51	2708.00
639.71	2820.00
639.90	2808.00
640.10	2719.00
640.29	2887.00
640.48	2862.00
640.68	2876.00
640.87	2922.00
641.07	2893.00
641.26	2886.00
641.45	2941.00
641.65	2910.00
641.84	3059.00
642.03	2981.00
642.23	3007.00
642.42	2960.00
642.61	2925.00
642.81	3107.00
643.00	3026.00
643.20	2880.00
643.39	2942.00
643.58	3082.00
643.78	2967.00
643.97	3145.00
644.16	3134.00
644.36	3097.00
644.55	3221.00
644.74	3198.00
644.94	3193.00
645.13	3239.00
645.33	3131.00
645.52	3126.00
645.71	3193.00
645.91	3231.00
646.10	3181.00
646.29	3188.00
646.49	3165.00
646.68	3201.00
646.87	3256.00
647.07	3242.00
647.26	3234.00
647.45	3225.00
647.65	3335.00
647.84	3344.00
648.03	3351.00
648.23	3325.00
648.42	3316.00
648.62	3278.00
648.81	3318.00
649.00	3304.00
649.20	3472.00
649.39	3486.00
649.58	3351.00
649.78	3465.00
649.97	3456.00
650.16	3436.00
650.36	3341.00
650.55	3457.00
650.74	3486.00
650.94	3542.00
651.13	3568.00
651.32	3549.00
651.52	3491.00
651.71	3521.00
651.90	3587.00
652.10	3426.00
652.29	3524.00
652.48	3528.00
652.68	3316.00
652.87	3357.00
653.06	3449.00
653.26	3424.00
653.45	3454.00
653.64	3436.00
653.84	3445.00
654.03	3433.00
654.22	3354.00
654.42	3459.00
654.61	3522.00
654.80	3483.00
654.99	3462.00
655.19	3565.00
655.38	3533.00
655.57	3367.00
655.77	3471.00
655.96	3457.00
656.15	3354.00
656.35	3493.00
656.54	3551.00
656.73	3485.00
656.93	3402.00
657.12	3491.00
657.31	3459.00
657.51	3424.00
657.70	3387.00
657.89	3435.00
658.09	3461.00
658.28	3527.00
658.47	3490.00
658.66	3524.00
658.86	3465.00
659.05	3379.00
659.24	3469.00
659.44	3621.00
659.63	3552.00
659.82	3481.00
660.02	3502.00
660.21	3518.00
660.40	3377.00
660.60	3396.00
660.79	3408.00
660.98	3371.00
661.17	3421.00
661.37	3378.00
661.56	3384.00
661.75	3430.00
661.95	3462.00
662.14	3512.00
662.33	3487.00
662.52	3390.00
662.72	3333.00
662.91	3483.00
663.10	3444.00
663.30	3385.00
663.49	3403.00
663.68	3488.00
663.88	3341.00
664.07	3284.00
664.26	3339.00
664.45	3358.00
664.65	3308.00
664.84	3150.00
665.03	3274.00
665.23	3240.00
665.42	3363.00
665.61	3342.00
665.80	3333.00
666.00	3319.00
666.19	3292.00
666.38	3216.00
666.57	3205.00
666.77	3380.00
666.96	3289.00
667.15	3332.00
667.35	3330.00
667.54	3270.00
667.73	3306.00
667.92	3288.00
668.12	3394.00
668.31	3271.00
668.50	3203.00
668.70	3307.00
668.89	3204.00
669.08	3095.00
669.27	3208.00
669.47	3180.00
669.66	3231.00
669.85	3212.00
670.04	3171.00
670.24	3154.00
670.43	3082.00
670.62	3071.00
670.81	3214.00
671.01	3220.00
671.20	3063.00
671.39	3117.00
671.58	3174.00
671.78	3185.00
671.97	3134.00
672.16	3130.00
672.36	3164.00
672.55	3119.00
672.74	3201.00
672.93	3067.00
673.13	3027.00
673.32	3070.00
673.51	3091.00
673.70	3064.00
673.90	3124.00
674.09	3104.00
674.28	3145.00
674.47	3103.00
674.67	3034.00
674.86	2992.00
675.05	3020.00
675.24	3102.00
675.44	3120.00
675.63	3171.00
675.82	3122.00
676.01	3002.00
676.21	3005.00
676.40	3056.00
676.59	2981.00
676.78	3019.00
676.97	2937.00
677.17	2951.00
677.36	2930.00
677.55	2913.00
677.74	3022.00
677.94	3085.00
678.13	2938.00
678.32	2951.00
678.51	3075.00
678.71	3099.00
678.90	3090.00
679.09	3081.00
679.28	3049.00
679.48	3048.00
679.67	3020.00
679.86	2961.00
680.05	2948.00
680.24	2946.00
680.44	3036.00
680.63	2894.00
680.82	2767.00
681.01	2934.00
681.21	2955.00
681.40	2858.00
681.59	2871.00
681.78	2868.00
681.97	2867.00
682.17	2933.00
682.36	2941.00
682.55	2971.00
682.74	2896.00
682.94	2903.00
683.13	2929.00
683.32	2988.00
683.51	3024.00
683.70	2978.00
683.90	2929.00
684.09	2914.00
684.28	2820.00
684.47	2906.00
684.66	2895.00
684.86	2882.00
685.05	2825.00
685.24	2910.00
685.43	2847.00
685.63	2873.00
685.82	2889.00
686.01	2899.00
686.20	2941.00
686.39	2920.00
686.59	2949.00
686.78	2934.00
686.97	2971.00
687.16	2882.00
687.35	2960.00
687.55	3044.00
687.74	2925.00
687.93	2991.00
688.12	2903.00
688.31	2870.00
688.51	2814.00
688.70	2899.00
688.89	2935.00
689.08	2890.00
689.27	2835.00
689.47	2931.00
689.66	2927.00
689.85	2868.00
690.04	2897.00
690.23	2842.00
690.42	2822.00
690.62	2915.00
690.81	2818.00
691.00	2817.00
691.19	2881.00
691.38	2891.00
691.58	2902.00
691.77	2819.00
691.96	2867.00
692.15	2901.00
692.34	2871.00
692.54	2991.00
692.73	2989.00
692.92	2966.00
693.11	2897.00
693.30	2984.00
693.49	2918.00
693.69	2996.00
693.88	3035.00
694.07	3015.00
694.26	2962.00
694.45	2955.00
694.64	2942.00
694.84	2870.00
695.03	2860.00
695.22	2897.00
695.41	2886.00
695.60	2841.00
695.80	3019.00
695.99	2996.00
696.18	2970.00
696.37	2967.00
696.56	2926.00
696.75	2920.00
696.95	3062.00
697.14	2967.00
697.33	2966.00
697.52	3011.00
697.71	2948.00
697.90	3001.00
698.09	3045.00
698.29	2995.00
698.48	2994.00
698.67	2992.00
698.86	3127.00
699.05	3100.00
699.24	3157.00
699.44	3013.00
699.63	3028.00
699.82	3063.00
700.01	3024.00
700.20	2982.00
700.39	3065.00
700.58	2952.00
700.78	3070.00
700.97	3114.00
701.16	3023.00
701.35	3019.00
701.54	3078.00
701.73	3043.00
701.93	3055.00
702.12	3099.00
702.31	3176.00
702.50	3111.00
702.69	3195.00
702.88	3145.00
703.07	3184.00
703.27	3210.00
703.46	3241.00
703.65	3212.00
703.84	3268.00
704.03	3232.00
704.22	3351.00
704.41	3302.00
704.60	3166.00
704.80	3172.00
704.99	3216.00
705.18	3313.00
705.37	3307.00
705.56	3229.00
705.75	3228.00
705.94	3232.00
706.14	3282.00
706.33	3441.00
706.52	3341.00
706.71	3416.00
706.90	3408.00
707.09	3371.00
707.28	3439.00
707.47	3369.00
707.67	3372.00
707.86	3452.00
708.05	3614.00
708.24	3503.00
708.43	3421.00
708.62	3538.00
708.81	3566.00
709.00	3481.00
709.20	3498.00
709.39	3575.00
709.58	3569.00
709.77	3567.00
709.96	3519.00
710.15	3475.00
710.34	3545.00
710.53	3495.00
710.72	3497.00
710.92	3562.00
711.11	3589.00
711.30	3542.00
711.49	3595.00
711.68	3689.00
711.87	3607.00
712.06	3589.00
712.25	3615.00
712.44	3683.00
712.64	3743.00
712.83	3724.00
713.02	3703.00
713.21	3692.00
713.40	3736.00
713.59	3695.00
713.78	3660.00
713.97	3641.00
714.16	3674.00
714.35	3684.00
714.55	3754.00
714.74	3670.00
714.93	3736.00
715.12	3781.00
715.31	3668.00
715.50	3763.00
715.69	3727.00
715.88	3612.00
716.07	3681.00
716.26	3712.00
716.45	3754.00
716.65	3812.00
716.84	3756.00
717.03	3833.00
717.22	3838.00
717.41	3787.00
717.60	3676.00
717.79	3678.00
717.98	3804.00
718.17	3815.00
718.36	3855.00
718.55	3872.00
718.75	3847.00
718.94	3844.00
719.13	3944.00
719.32	3975.00
719.51	3882.00
719.70	3933.00
719.89	3938.00
720.08	3872.00
720.27	3894.00
720.46	3881.00
720.65	3922.00
720.84	3869.00
721.03	3924.00
721.22	3943.00
721.42	3902.00
721.61	3925.00
721.80	3909.00
721.99	3828.00
722.18	3735.00
722.37	3723.00
722.56	3835.00
722.75	4004.00
722.94	3934.00
723.13	3907.00
723.32	3928.00
723.51	3834.00
723.70	3798.00
723.89	3857.00
724.08	3925.00
724.28	3910.00
724.47	3919.00
724.66	3931.00
724.85	3918.00
725.04	3863.00
725.23	3897.00
725.42	4013.00
725.61	3969.00
725.80	3957.00
725.99	3954.00
726.18	3962.00
726.37	4028.00
726.56	4060.00
726.75	3955.00
726.94	3985.00
727.13	3967.00
727.32	3966.00
727.51	4004.00
727.71	3960.00
727.90	4045.00
728.09	3939.00
728.28	3961.00
728.47	3952.00
728.66	3958.00
728.85	4040.00
729.04	3940.00
729.23	3894.00
729.42	3962.00
729.61	3853.00
729.80	3908.00
729.99	3930.00
730.18	4007.00
730.37	3993.00
730.56	4011.00
730.75	3986.00
730.94	4043.00
731.13	3915.00
731.32	3913.00
731.51	3947.00
731.70	3997.00
731.89	4031.00
732.08	3961.00
732.27	3971.00
732.46	4009.00
732.65	3967.00
732.84	3945.00
733.04	3991.00
733.23	3964.00
733.42	3964.00
733.61	3926.00
733.80	3889.00
733.99	3982.00
734.18	3920.00
734.37	3868.00
734.56	3883.00
734.75	3907.00
734.94	3867.00
735.13	3828.00
735.32	3884.00
735.51	3921.00
735.70	3856.00
735.89	3800.00
736.08	3808.00
736.27	3760.00
736.46	3786.00
736.65	3674.00
736.84	3766.00
737.03	3826.00
737.22	3760.00
737.41	3845.00
737.60	3815.00
737.79	3747.00
737.98	3739.00
738.17	3762.00
738.36	3814.00
738.55	3871.00
738.74	3845.00
738.93	3849.00
739.12	3789.00
739.31	3793.00
739.50	3851.00
739.69	3848.00
739.88	3740.00
740.07	3756.00
740.26	3739.00
740.45	3708.00
740.64	3662.00
740.83	3530.00
741.02	3558.00
741.21	3632.00
741.40	3678.00
741.59	3655.00
741.78	3601.00
741.97	3645.00
742.16	3634.00
742.35	3623.00
742.54	3613.00
742.73	3592.00
742.92	3569.00
743.11	3547.00
743.30	3530.00
743.49	3602.00
743.68	3600.00
743.87	3587.00
744.06	3515.00
744.25	3461.00
744.44	3437.00
744.63	3444.00
744.82	3442.00
745.01	3583.00
745.20	3518.00
745.39	3474.00
745.58	3532.00
745.77	3499.00
745.96	3449.00
746.15	3373.00
746.34	3321.00
746.52	3516.00
746.71	3518.00
746.90	3506.00
747.09	3422.00
747.28	3410.00
747.47	3402.00
747.66	3433.00
747.85	3413.00
748.04	3337.00
748.23	3327.00
748.42	3355.00
748.61	3380.00
748.80	3387.00
748.99	3371.00
749.18	3350.00
749.37	3170.00
749.56	3244.00
749.75	3323.00
749.94	3265.00
750.13	3173.00
750.32	3177.00
750.51	3176.00
750.70	3155.00
750.89	3253.00
751.08	3235.00
751.27	3218.00
751.46	3192.00
751.64	3184.00
751.83	3195.00
752.02	3303.00
752.21	3199.00
752.40	3192.00
752.59	3258.00
752.78	3191.00
752.97	3130.00
753.16	3182.00
753.35	3170.00
753.54	3161.00
753.73	3213.00
753.92	3169.00
754.11	3027.00
754.30	3111.00
754.49	3058.00
754.68	2999.00
754.87	3030.00
755.06	3054.00
755.24	3069.00
755.43	3155.00
755.62	3143.00
755.81	3107.00
756.00	3035.00
756.19	3037.00
756.38	3047.00
756.57	3069.00
756.76	3045.00
756.95	3090.00
757.14	3018.00
757.33	3036.00
757.52	2979.00
757.71	2921.00
757.90	2993.00
758.08	2901.00
758.27	2936.00
758.46	2972.00
758.65	2919.00
758.84	2898.00
759.03	2941.00
759.22	3008.00
759.41	2940.00
759.60	2861.00
759.79	2951.00
759.98	2860.00
760.17	2910.00
760.36	2910.00
760.54	2914.00
760.73	2890.00
760.92	2930.00
761.11	2911.00
761.30	2835.00
761.49	2755.00
761.68	2787.00
761.87	2727.00
762.06	2627.00
762.25	2514.00
762.44	2551.00
762.63	2647.00
762.81	2696.00
763.00	2634.00
763.19	2607.00
763.38	2577.00
763.57	2514.00
763.76	2444.00
763.95	2405.00
764.14	2548.00
764.33	2449.00
764.52	2521.00
764.71	2530.00
764.89	2552.00
765.08	2580.00
765.27	2559.00
765.46	2581.00
765.65	2591.00
765.84	2540.00
766.03	2488.00
766.22	2638.00
766.41	2601.00
766.59	2574.00
766.78	2604.00
766.97	2670.00
767.16	2697.00
767.35	2696.00
767.54	2595.00
767.73	2800.00
767.92	2779.00
768.11	2722.00
768.30	2670.00
768.48	2701.00
768.67	2774.00
768.86	2786.00
769.05	2743.00
769.24	2839.00
769.43	2853.00
769.62	2791.00
769.81	2749.00
769.99	2775.00
770.18	2809.00
770.37	2839.00
770.56	2833.00
770.75	2802.00
770.94	2766.00
771.13	2841.00
771.32	2805.00
771.50	2812.00
771.69	2715.00
771.88	2777.00
772.07	2699.00
772.26	2735.00
772.45	2846.00
772.64	2842.00
772.83	2768.00
773.01	2740.00
773.20	2708.00
773.39	2763.00
773.58	2807.00
773.77	2712.00
773.96	2698.00
774.15	2742.00
774.34	2748.00
774.52	2762.00
774.71	2704.00
774.90	2713.00
775.09	2755.00
775.28	2734.00
775.47	2689.00
775.66	2794.00
775.84	2670.00
776.03	2614.00
776.22	2675.00
776.41	2728.00
776.60	2731.00
776.79	2581.00
776.98	2575.00
777.16	2678.00
777.35	2634.00
777.54	2655.00
777.73	2587.00
777.92	2552.00
778.11	2661.00
778.29	2769.00
778.48	2668.00
778.67	2684.00
778.86	2682.00
779.05	2615.00
779.24	2733.00
779.43	2766.00
779.61	2756.00
779.80	2687.00
779.99	2780.00
780.18	2681.00
780.37	2835.00
780.56	2790.00
780.74	2711.00
780.93	2786.00
781.12	2715.00
781.31	2701.00
781.50	2813.00
781.69	2868.00
781.87	2785.00
782.06	2718.00
782.25	2750.00
782.44	2682.00
782.63	2760.00
782.82	2693.00
783.00	2693.00
783.19	2757.00
783.38	2749.00
783.57	2704.00
783.76	2915.00
783.95	2868.00
784.13	2762.00
784.32	2717.00
784.51	2584.00
784.70	2714.00
784.89	2658.00
785.08	2693.00
785.26	2669.00
785.45	2640.00
785.64	2719.00
785.83	2859.00
786.02	2834.00
786.20	2819.00
786.39	2746.00
786.58	2771.00
786.77	2770.00
786.96	2671.00
787.15	2747.00
787.33	2797.00
787.52	2852.00
787.71	2843.00
787.90	2892.00
788.09	2887.00
788.27	2974.00
788.46	2814.00
788.65	2800.00
788.84	2776.00
789.03	2895.00
789.21	2873.00
789.40	2877.00
789.59	2958.00
789.78	2858.00
789.97	2870.00
790.15	2898.00
790.34	2776.00
790.53	2845.00
790.72	2911.00
790.91	2913.00
791.09	2897.00
791.28	2910.00
791.47	2915.00
791.66	2943.00
791.85	3058.00
792.03	2999.00
792.22	2919.00
792.41	2901.00
792.60	2934.00
792.79	2961.00
792.97	2998.00
793.16	3081.00
793.35	2935.00
793.54	2953.00
793.72	3059.00
793.91	3075.00
794.10	3023.00
794.29	3004.00
794.48	3134.00
794.66	3051.00
794.85	2957.00
795.04	2937.00
795.23	3028.00
795.42	2947.00
795.60	3014.00
795.79	3074.00
795.98	2980.00
796.17	3054.00
796.35	3010.00
796.54	2921.00
796.73	3035.00
796.92	2992.00
797.11	2939.00
797.29	3069.00
797.48	3050.00
797.67	3035.00
797.86	2964.00
798.04	3038.00
798.23	3054.00
798.42	3041.00
798.61	3157.00
798.79	3098.00
798.98	3131.00
799.17	3035.00
799.36	2963.00
799.54	3008.00
799.73	3123.00
799.92	3050.00
800.11	3059.00
800.30	3048.00
800.48	3012.00
800.67	3021.00
800.86	3027.00
801.05	3074.00
801.23	3028.00
801.42	3042.00
801.61	2946.00
801.80	3014.00
801.98	3187.00
802.17	3148.00
802.36	3105.00
802.55	3091.00
802.73	3061.00
802.92	3108.00
803.11	3074.00
803.30	3050.00
803.48	3035.00
803.67	3021.00
803.86	3072.00
804.05	3129.00
804.23	3121.00
804.42	3093.00
804.61	3130.00
804.80	3080.00
804.98	3145.00
805.17	3170.00
805.36	3219.00
805.54	3121.00
805.73	3080.00
805.92	3102.00
806.11	3125.00
806.29	3166.00
806.48	3197.00
806.67	3194.00
806.86	3067.00
807.04	3071.00
807.23	3077.00
807.42	3043.00
807.61	3141.00
807.79	3107.00
807.98	3142.00
808.17	3144.00
808.35	3128.00
808.54	3041.00
808.73	3117.00
808.92	3035.00
809.10	3018.00
809.29	3072.00
809.48	3129.00
809.67	3158.00
809.85	3210.00
810.04	3193.00
810.23	3028.00
810.41	3118.00
810.60	3083.00
810.79	3065.00
810.98	3073.00
811.16	3186.00
811.35	3149.00
811.54	3082.00
811.72	2994.00
811.91	3018.00
812.10	3125.00
812.29	3079.00
812.47	3095.00
812.66	3003.00
812.85	3143.00
813.03	3071.00
813.22	3109.00
813.41	3109.00
813.60	3172.00
813.78	3116.00
813.97	3134.00
814.16	3002.00
814.34	3050.00
814.53	3088.00
814.72	3094.00
814.90	3093.00
815.09	3109.00
815.28	3053.00
815.47	3026.00
815.65	2929.00
815.84	3136.00
816.03	3039.00
816.21	3049.00
816.40	3081.00
816.59	3085.00
816.77	3110.00
816.96	3066.00
817.15	3126.00
817.33	3160.00
817.52	3076.00
817.71	3045.00
817.90	3189.00
818.08	3079.00
818.27	3142.00
818.46	3126.00
818.64	3154.00
818.83	3160.00
819.02	3097.00
819.20	3123.00
819.39	3159.00
819.58	3097.00
819.76	2964.00
819.95	3137.00
820.14	3143.00
820.32	3158.00
820.51	3133.00
820.70	3176.00
820.88	3063.00
821.07	3145.00
821.26	3205.00
821.44	3210.00
821.63	3078.00
821.82	3045.00
822.01	3047.00
822.19	3097.00
822.38	3059.00
822.57	3117.00
822.75	3071.00
822.94	3062.00
823.13	3101.00
823.31	3099.00
823.50	3173.00
823.69	3164.00
823.87	3227.00
824.06	3190.00
824.25	3112.00
824.43	3050.00
824.62	3114.00
824.80	2969.00
824.99	2959.00
825.18	2938.00
825.36	3015.00
825.55	3059.00
825.74	3095.00
825.92	3116.00
826.11	3047.00
826.30	2995.00
826.48	2960.00
826.67	2994.00
826.86	2946.00
827.04	2991.00
827.23	2918.00
827.42	2988.00
827.60	3001.00
827.79	3073.00
827.98	2922.00
828.16	2915.00
828.35	2892.00
828.54	3007.00
828.72	2912.00
828.91	2951.00
829.09	2919.00
829.28	2920.00
829.47	2972.00
829.65	2924.00
829.84	2871.00
830.03	2947.00
830.21	2854.00
830.40	2920.00
830.59	2976.00
830.77	2917.00
830.96	2945.00
831.14	2877.00
831.33	2896.00
831.52	2922.00
831.70	2934.00
831.89	2913.00
832.08	2942.00
832.26	2944.00
832.45	2951.00
832.64	3075.00
832.82	3021.00
833.01	2901.00
833.19	2874.00
833.38	2856.00
833.57	2829.00
833.75	2883.00
833.94	2899.00
834.13	2833.00
834.31	2914.00
834.50	2907.00
834.68	2845.00
834.87	2805.00
835.06	2813.00
835.24	2795.00
835.43	2883.00
835.61	2923.00
835.80	2887.00
835.99	2819.00
836.17	2908.00
836.36	2866.00
836.55	2874.00
836.73	2775.00
836.92	2831.00
837.10	2862.00
837.29	2835.00
837.48	2759.00
837.66	2804.00
837.85	2807.00
838.03	2821.00
838.22	2828.00
838.41	2815.00
838.59	2744.00
838.78	2664.00
838.96	2777.00
839.15	2704.00
839.34	2730.00
839.52	2722.00
839.71	2754.00
839.89	2782.00
840.08	2678.00
840.27	2725.00
840.45	2751.00
840.64	2713.00
840.82	2713.00
841.01	2751.00
841.20	2744.00
841.38	2688.00
841.57	2712.00
841.75	2686.00
841.94	2708.00
842.13	2772.00
842.31	2712.00
842.50	2684.00
842.68	2625.00
842.87	2632.00
843.05	2748.00
843.24	2672.00
843.43	2654.00
843.61	2695.00
843.80	2586.00
843.98	2596.00
844.17	2600.00
844.36	2631.00
844.54	2575.00
844.73	2553.00
844.91	2544.00
845.10	2496.00
845.28	2461.00
845.47	2521.00
845.66	2511.00
845.84	2518.00
846.03	2496.00
846.21	2436.00
846.40	2466.00
846.58	2520.00
846.77	2495.00
846.96	2548.00
847.14	2508.00
847.33	2647.00
847.51	2574.00
847.70	2529.00
847.88	2470.00
848.07	2494.00
848.25	2505.00
848.44	2539.00
848.63	2461.00
848.81	2411.00
849.00	2443.00
849.18	2451.00
849.37	2358.00
849.55	2473.00
849.74	2447.00
849.93	2395.00
850.11	2493.00
850.30	2473.00
850.48	2416.00
850.67	2452.00
850.85	2429.00
851.04	2338.00
851.22	2396.00
851.41	2348.00
851.59	2310.00
851.78	2359.00
851.97	2373.00
852.15	2392.00
852.34	2304.00
852.52	2313.00
852.71	2349.00
852.89	2452.00
853.08	2382.00
853.26	2316.00
853.45	2291.00
853.63	2310.00
853.82	2406.00
854.01	2359.00
854.19	2400.00
854.38	2288.00
854.56	2387.00
854.75	2369.00
854.93	2398.00
855.12	2378.00
855.30	2320.00
855.49	2325.00
855.67	2304.00
855.86	2357.00
856.04	2357.00
856.23	2346.00
856.41	2331.00
856.60	2318.00
856.79	2327.00
856.97	2356.00
857.16	2317.00
857.34	2279.00
857.53	2277.00
857.71	2256.00
857.90	2266.00
858.08	2296.00
858.27	2190.00
858.45	2190.00
858.64	2270.00
858.82	2197.00
859.01	2174.00
859.19	2157.00
859.38	2175.00
859.56	2129.00
859.75	2150.00
859.93	2171.00
860.12	2194.00
860.30	2086.00
860.49	2196.00
860.67	2221.00
860.86	2183.00
861.04	2169.00
861.23	2149.00
861.41	2120.00
861.60	2155.00
861.78	2151.00
861.97	2165.00
862.15	2153.00
862.34	2122.00
862.53	2204.00
862.71	2206.00
862.90	2151.00
863.08	2096.00
863.27	2197.00
863.45	2088.00
863.64	2131.00
863.82	2107.00
864.01	2078.00
864.19	2057.00
864.37	2028.00
864.56	1989.00
864.74	2073.00
864.93	2019.00
865.11	2083.00
865.30	2100.00
865.48	2043.00
865.67	2038.00
865.85	2010.00
866.04	2033.00
866.22	2044.00
866.41	1999.00
866.59	1981.00
866.78	1925.00
866.96	1995.00
867.15	2064.00
867.33	1985.00
867.52	1937.00
867.70	1991.00
867.89	2016.00
868.07	1974.00
868.26	2012.00
868.44	1969.00
868.63	1941.00
868.81	1962.00
869.00	1937.00
869.18	1888.00
869.37	1889.00
869.55	1982.00
869.74	2029.00
869.92	1938.00
870.10	1928.00
870.29	1946.00
870.47	1805.00
870.66	1904.00
870.84	2011.00
871.03	1842.00
871.21	1801.00
871.40	1862.00
871.58	1898.00
871.77	1967.00
871.95	1899.00
872.14	1899.00
872.32	1917.00
872.51	1863.00
872.69	1759.00
872.87	1918.00
873.06	1922.00
873.24	1987.00
873.43	1909.00
873.61	1929.00
873.80	1907.00
873.98	1855.00
874.17	1866.00
874.35	1909.00
874.54	1891.00
874.72	1888.00
874.90	1855.00
875.09	1833.00
875.27	1833.00
875.46	1839.00
875.64	1908.00
875.83	1864.00
876.01	1903.00
876.20	1789.00
876.38	1860.00
876.56	1866.00
876.75	1802.00
876.93	1751.00
877.12	1731.00
877.30	1782.00
877.49	1835.00
877.67	1837.00
877.86	1808.00
878.04	1716.00
878.22	1775.00
878.41	1834.00
878.59	1744.00
878.78	1742.00
878.96	1730.00
879.15	1768.00
879.33	1763.00
879.51	1868.00
879.70	1883.00
879.88	1851.00
880.07	1862.00
880.25	1783.00
880.44	1780.00
880.62	1815.00
880.80	1773.00
880.99	1865.00
881.17	1859.00
881.36	1816.00
881.54	1720.00
881.73	1720.00
881.91	1718.00
882.09	1833.00
882.28	1844.00
882.46	1746.00
882.65	1736.00
882.83	1727.00
883.02	1832.00
883.20	1808.00
883.38	1743.00
883.57	1762.00
883.75	1765.00
883.94	1788.00
884.12	1798.00
884.30	1768.00
884.49	1703.00
884.67	1719.00
884.86	1718.00
885.04	1737.00
885.22	1738.00
885.41	1705.00
885.59	1737.00
885.78	1741.00
885.96	1714.00
886.14	1721.00
886.33	1688.00
886.51	1728.00
886.70	1695.00
886.88	1677.00
887.06	1814.00
887.25	1800.00
887.43	1650.00
887.62	1638.00
887.80	1799.00
887.98	1783.00
888.17	1796.00
888.35	1737.00
888.54	1719.00
888.72	1731.00
888.90	1662.00
889.09	1746.00
889.27	1767.00
889.46	1715.00
889.64	1696.00
889.82	1649.00
890.01	1649.00
890.19	1672.00
890.38	1605.00
890.56	1590.00
890.74	1588.00
890.93	1709.00
891.11	1750.00
891.29	1719.00
891.48	1669.00
891.66	1780.00
891.85	1783.00
892.03	1743.00
892.21	1670.00
892.40	1692.00
892.58	1698.00
892.76	1645.00
892.95	1619.00
893.13	1701.00
893.32	1732.00
893.50	1657.00
893.68	1778.00
893.87	1704.00
894.05	1676.00
894.23	1664.00
894.42	1698.00
894.60	1727.00
894.79	1604.00
894.97	1612.00
895.15	1664.00
895.34	1601.00
895.52	1702.00
895.70	1758.00
895.89	1818.00
896.07	1726.00
896.25	1698.00
896.44	1733.00
896.62	1831.00
896.81	1753.00
896.99	1681.00
897.17	1737.00
897.36	1765.00
897.54	1836.00
897.72	1751.00
897.91	1736.00
898.09	1763.00
898.27	1790.00
898.46	1798.00
898.64	1781.00
898.82	1796.00
899.01	1886.00
899.19	1821.00
899.37	1759.00
899.56	1818.00
899.74	1850.00
899.92	1781.00
900.11	1752.00
900.29	1840.00
900.47	1733.00
900.66	1741.00
900.84	1725.00
901.03	1778.00
901.21	1906.00
901.39	1906.00
901.58	1887.00
901.76	1892.00
901.94	1807.00
902.13	1821.00
902.31	1817.00
902.49	1826.00
902.68	1812.00
902.86	1902.00
903.04	1844.00
903.23	1928.00
903.41	1873.00
903.59	1872.00
903.78	1847.00
903.96	1838.00
904.14	1878.00
904.32	1922.00
904.51	1890.00
904.69	1895.00
904.87	1845.00
905.06	1825.00
905.24	1827.00
905.42	1789.00
905.61	1799.00
905.79	1770.00
905.97	1791.00
906.16	1744.00
906.34	1939.00
906.52	1923.00
906.71	1811.00
906.89	1741.00
907.07	1798.00
907.26	1884.00
907.44	1905.00
907.62	1904.00
907.81	1851.00
907.99	1935.00
908.17	1958.00
908.35	1893.00
908.54	1800.00
908.72	1877.00
908.90	1875.00
909.09	1925.00
909.27	1902.00
909.45	1942.00
909.64	1932.00
909.82	2011.00
910.00	1880.00
910.18	1901.00
910.37	1975.00
910.55	1964.00
910.73	1969.00
910.92	1754.00
911.10	1757.00
911.28	1761.00
911.47	1796.00
911.65	1838.00
911.83	1821.00
912.01	1856.00
912.20	1854.00
912.38	1858.00
912.56	1777.00
912.75	1811.00
912.93	1918.00
913.11	1883.00
913.29	1857.00
913.48	1831.00
913.66	1879.00
913.84	1871.00
914.03	1826.00
914.21	1771.00
914.39	1764.00
914.57	1836.00
914.76	1790.00
914.94	1821.00
915.12	1925.00
915.31	1920.00
915.49	1806.00
915.67	1729.00
915.85	1742.00
916.04	1736.00
916.22	1760.00
916.40	1783.00
916.58	1819.00
916.77	1839.00
916.95	1860.00
917.13	1842.00
917.32	1836.00
917.50	1829.00
917.68	1768.00
917.86	1858.00
918.05	1817.00
918.23	1842.00
918.41	1843.00
918.59	1730.00
918.78	1759.00
918.96	1709.00
919.14	1699.00
919.32	1734.00
919.51	1767.00
919.69	1794.00
919.87	1770.00
920.05	1666.00
920.24	1705.00
920.42	1711.00
920.60	1625.00
920.78	1639.00
920.97	1715.00
921.15	1757.00
921.33	1793.00
921.52	1741.00
921.70	1710.00
921.88	1694.00
922.06	1660.00
922.24	1658.00
922.43	1709.00
922.61	1697.00
922.79	1735.00
922.97	1708.00
923.16	1659.00
923.34	1663.00
923.52	1666.00
923.70	1607.00
923.89	1668.00
924.07	1691.00
924.25	1673.00
924.43	1643.00
924.62	1613.00
924.80	1662.00
924.98	1618.00
925.16	1602.00
925.35	1724.00
925.53	1670.00
925.71	1651.00
925.89	1641.00
926.08	1665.00
926.26	1508.00
926.44	1573.00
926.62	1645.00
926.80	1647.00
926.99	1559.00
927.17	1554.00
927.35	1636.00
927.53	1598.00
927.72	1504.00
927.90	1467.00
928.08	1565.00
928.26	1606.00
928.44	1599.00
928.63	1672.00
928.81	1603.00
928.99	1559.00
929.17	1641.00
929.36	1686.00
929.54	1600.00
929.72	1619.00
929.90	1607.00
930.08	1531.00
930.27	1589.00
930.45	1566.00
930.63	1518.00
930.81	1521.00
930.99	1514.00
931.18	1507.00
931.36	1483.00
931.54	1499.00
931.72	1570.00
931.90	1507.00
932.09	1313.00
932.27	1410.00
932.45	1490.00
932.63	1439.00
932.81	1401.00
933.00	1338.00
933.18	1407.00
933.36	1435.00
933.54	1405.00
933.72	1306.00
933.91	1307.00
934.09	1429.00
934.27	1378.00
934.45	1267.00
934.63	1383.00
934.82	1374.00
935.00	1272.00
935.18	1319.00
935.36	1332.00
935.54	1289.00
935.73	1257.00
935.91	1242.00
936.09	1220.00
936.27	1244.00
936.45	1151.00
936.64	1210.00
936.82	1159.00
937.00	1196.00
937.18	1160.00
937.36	1068.00
937.54	1125.00
937.73	1061.00
937.91	1024.00
938.09	1038.00
938.27	1012.00
938.45	1020.00
938.63	1038.00
938.82	992.00
939.00	1025.00
939.18	970.00
939.36	926.00
939.54	911.00
939.73	900.00
939.91	922.00
940.09	883.00
940.27	861.00
940.45	823.00
940.63	838.00
940.82	799.00
941.00	867.00
941.18	798.00
941.36	769.00
941.54	801.00
941.72	829.00
941.91	864.00
942.09	837.00
942.27	825.00
942.45	772.00
942.63	792.00
942.81	756.00
942.99	813.00
943.18	760.00
943.36	818.00
943.54	854.00
943.72	782.00
943.90	788.00
944.08	752.00
944.27	839.00
944.45	797.00
944.63	747.00
944.81	730.00
944.99	674.00
945.17	692.00
945.35	672.00
945.54	748.00
945.72	859.00
945.90	755.00
946.08	650.00
946.26	796.00
946.44	756.00
946.62	755.00
946.81	707.00
946.99	737.00
947.17	780.00
947.35	798.00
947.53	811.00
947.71	746.00
947.89	750.00
948.07	806.00
948.26	737.00
948.44	777.00
948.62	823.00
948.80	725.00
948.98	757.00
949.16	725.00
949.34	718.00
949.53	742.00
949.71	725.00
949.89	745.00
950.07	710.00
950.25	723.00
950.43	805.00
950.61	783.00
950.79	703.00
950.98	715.00
951.16	795.00
951.34	849.00
951.52	826.00
951.70	782.00
951.88	724.00
952.06	745.00
952.24	781.00
952.42	705.00
952.61	757.00
952.79	776.00
952.97	710.00
953.15	680.00
953.33	709.00
953.51	747.00
953.69	738.00
953.87	685.00
954.05	748.00
954.24	728.00
954.42	688.00
954.60	673.00
954.78	686.00
954.96	670.00
955.14	690.00
955.32	638.00
955.50	653.00
955.68	711.00
955.86	715.00
956.05	675.00
956.23	761.00
956.41	687.00
956.59	674.00
956.77	773.00
956.95	777.00
957.13	687.00
957.31	753.00
957.49	695.00
957.67	730.00
957.86	640.00
958.04	687.00
958.22	710.00
958.40	665.00
958.58	737.00
958.76	710.00
958.94	686.00
959.12	637.00
959.30	632.00
959.48	651.00
959.66	591.00
959.84	725.00
960.03	780.00
960.21	718.00
960.39	668.00
960.57	695.00
960.75	710.00
960.93	706.00
961.11	679.00
961.29	704.00
961.47	734.00
961.65	709.00
961.83	705.00
962.01	678.00
962.19	780.00
962.37	641.00
962.56	674.00
962.74	776.00
962.92	703.00
963.10	754.00
963.28	634.00
963.46	673.00
963.64	670.00
963.82	587.00
964.00	573.00
964.18	617.00
964.36	673.00
964.54	593.00
964.72	624.00
964.90	666.00
965.08	636.00
965.27	678.00
965.45	628.00
965.63	664.00
965.81	685.00
965.99	648.00
966.17	637.00
966.35	620.00
966.53	640.00
966.71	648.00
966.89	654.00
967.07	632.00
967.25	690.00
967.43	680.00
967.61	704.00
967.79	723.00
967.97	690.00
968.15	619.00
968.33	612.00
968.51	676.00
968.69	699.00
968.87	655.00
969.06	685.00
969.24	598.00
969.42	606.00
969.60	616.00
969.78	593.00
969.96	604.00
970.14	655.00
970.32	653.00
970.50	608.00
970.68	653.00
970.86	718.00
971.04	576.00
971.22	598.00
971.40	598.00
971.58	556.00
971.76	603.00
971.94	582.00
972.12	589.00
972.30	577.00
972.48	590.00
972.66	602.00
972.84	581.00
973.02	613.00
973.20	501.00
973.38	577.00
973.56	599.00
973.74	547.00
973.92	526.00
974.10	517.00
974.28	518.00
974.46	556.00
974.64	616.00
974.82	507.00
975.00	540.00
975.18	533.00
975.36	556.00
975.54	644.00
975.72	595.00
975.90	540.00
976.08	585.00
976.26	550.00
976.44	572.00
976.62	581.00
976.80	592.00
976.98	609.00
977.16	525.00
977.34	534.00
977.52	528.00
977.70	538.00
977.88	541.00
978.06	548.00
978.24	539.00
978.42	490.00
978.60	539.00
978.78	543.00
978.96	516.00
979.14	507.00
979.32	505.00
979.50	504.00
979.68	524.00
979.86	580.00
980.04	529.00
980.22	485.00
980.40	520.00
980.58	574.00
980.76	550.00
980.94	455.00
981.12	472.00
981.30	502.00
981.48	543.00
981.66	539.00
981.84	545.00
982.02	520.00
982.20	461.00
982.38	483.00
982.56	449.00
982.74	506.00
982.92	494.00
983.10	578.00
983.28	546.00
983.46	460.00
983.64	493.00
983.82	477.00
984.00	449.00
984.18	519.00
984.36	512.00
984.54	537.00
984.72	483.00
984.90	503.00
985.08	510.00
985.26	496.00
985.44	524.00
985.62	483.00
985.80	541.00
985.98	547.00
986.16	474.00
986.34	528.00
986.51	509.00
986.69	453.00
986.87	455.00
987.05	453.00
987.23	492.00
987.41	494.00
987.59	453.00
987.77	407.00
987.95	443.00
988.13	398.00
988.31	453.00
988.49	422.00
988.67	406.00
988.85	419.00
989.03	437.00
989.21	449.00
989.39	431.00
989.57	403.00
989.75	415.00
989.93	359.00
990.11	405.00
990.28	387.00
990.46	414.00
990.64	439.00
990.82	417.00
991.00	446.00
991.18	455.00
991.36	469.00
991.54	458.00
991.72	377.00
991.90	409.00
992.08	419.00
992.26	426.00
992.44	375.00
992.62	440.00
992.80	440.00
992.98	473.00
993.15	401.00
993.33	484.00
993.51	458.00
993.69	396.00
993.87	440.00
994.05	348.00
994.23	376.00
994.41	393.00
994.59	412.00
994.77	412.00
994.95	428.00
995.13	418.00
995.31	458.00
995.48	464.00
995.66	358.00
995.84	356.00
996.02	331.00
996.20	343.00
996.38	388.00
996.56	405.00
996.74	370.00
996.92	352.00
997.10	331.00
997.28	400.00
997.46	347.00
997.63	415.00
997.81	344.00
997.99	454.00
998.17	388.00
998.35	365.00
998.53	412.00
998.71	408.00
998.89	407.00
999.07	446.00
999.25	362.00
999.43	312.00
999.60	352.00
999.78	394.00
999.96	335.00
1000.14	385.00
1000.32	388.00
1000.50	358.00
1000.68	291.00
1000.86	416.00
1001.04	370.00
1001.21	294.00
1001.39	321.00
1001.57	324.00
1001.75	344.00
1001.93	339.00
1002.11	357.00
1002.29	377.00
1002.47	314.00
1002.65	332.00
1002.82	352.00
1003.00	330.00
1003.18	298.00
1003.36	349.00
1003.54	390.00
1003.72	316.00
1003.90	301.00
1004.08	359.00
1004.26	318.00
1004.43	273.00
1004.61	316.00
1004.79	380.00
1004.97	352.00
1005.15	353.00
1005.33	293.00
1005.51	318.00
1005.69	362.00
1005.86	326.00
1006.04	313.00
1006.22	339.00
1006.40	323.00
1006.58	357.00
1006.76	335.00
1006.94	344.00
1007.12	366.00
1007.29	355.00
1007.47	336.00
1007.65	342.00
1007.83	368.00
1008.01	359.00
1008.19	302.00
1008.37	302.00
1008.54	357.00
1008.72	302.00
1008.90	365.00
1009.08	255.00
1009.26	367.00
1009.44	334.00
1009.62	321.00
1009.79	299.00
1009.97	307.00
1010.15	331.00
1010.33	389.00
1010.51	372.00
1010.69	344.00
1010.87	269.00
1011.04	277.00
1011.22	348.00
1011.40	416.00
1011.58	336.00
1011.76	251.00
1011.94	313.00
1012.11	372.00
1012.29	346.00
1012.47	322.00
1012.65	304.00
1012.83	321.00
1013.01	302.00
1013.18	255.00
1013.36	367.00
1013.54	338.00
1013.72	374.00
1013.90	297.00
1014.08	250.00
1014.25	292.00
1014.43	295.00
1014.61	323.00
1014.79	306.00
1014.97	261.00
1015.15	332.00
1015.32	325.00
1015.50	339.00
1015.68	215.00
1015.86	233.00
1016.04	376.00
1016.22	299.00
1016.39	167.00
1016.57	260.00
1016.75	345.00
1016.93	288.00
1017.11	275.00
1017.29	288.00
1017.46	216.00
1017.64	255.00
1017.82	228.00
1018.00	256.00
1018.18	318.00
1018.35	250.00
1018.53	229.00
1018.71	258.00
1018.89	296.00
1019.07	267.00
1019.24	205.00
1019.42	248.00
1019.60	259.00
1019.78	320.00
1019.96	363.00
1020.14	298.00
1020.31	326.00
1020.49	236.00
1020.67	228.00
1020.85	223.00
1021.03	229.00
1021.20	207.00
1021.38	288.00
1021.56	246.00
1021.74	220.00
1021.92	284.00
1022.09	277.00
1022.27	258.00
1022.45	297.00
1022.63	276.00
1022.81	270.00
1022.98	286.00
1023.16	267.00
1023.34	192.00
1023.52	350.00
1023.69	329.00
1023.87	289.00
1024.05	243.00
1024.23	194.00
1024.41	221.00
1024.58	238.00
1024.76	273.00
1024.94	247.00
1025.12	233.00
1025.30	279.00
1025.47	237.00
1025.65	235.00
1025.83	212.00
1026.01	185.00
1026.18	190.00
1026.36	197.00
1026.54	205.00
1026.72	288.00
1026.90	275.00
1027.07	275.00
1027.25	294.00
1027.43	232.00
1027.61	258.00
1027.78	213.00
1027.96	171.00
1028.14	223.00
1028.32	244.00
1028.49	261.00
1028.67	259.00
1028.85	238.00
1029.03	235.00
1029.21	258.00
1029.38	254.00
1029.56	204.00
1029.74	219.00
1029.92	224.00
1030.09	259.00
1030.27	205.00
1030.45	242.00
1030.63	198.00
1030.80	290.00
1030.98	230.00
1031.16	186.00
1031.34	249.00
1031.51	225.00
1031.69	213.00
1031.87	189.00
1032.05	209.00
1032.22	241.00
1032.40	188.00
1032.58	226.00
1032.76	214.00
1032.93	180.00
1033.11	169.00
1033.29	216.00
1033.47	245.00
1033.64	233.00
1033.82	250.00
1034.00	193.00
1034.18	192.00
1034.35	238.00
1034.53	179.00
1034.71	235.00
1034.89	200.00
1035.06	224.00
1035.24	183.00
1035.42	251.00
1035.59	293.00
1035.77	282.00
1035.95	204.00
1036.13	190.00
1036.30	231.00
1036.48	257.00
1036.66	251.00
1036.84	164.00
1037.01	201.00
1037.19	194.00
1037.37	235.00
1037.54	164.00
1037.72	186.00
1037.90	240.00
1038.08	175.00
1038.25	224.00
1038.43	178.00
1038.61	149.00
1038.79	246.00
1038.96	279.00
1039.14	246.00
1039.32	197.00
1039.49	181.00
1039.67	275.00
1039.85	223.00
1040.03	181.00
1040.20	211.00
1040.38	181.00
1040.56	191.00
1040.73	139.00
1040.91	210.00
1041.09	153.00
1041.27	127.00
1041.44	165.00
1041.62	212.00
1041.80	211.00
1041.97	111.00
1042.15	154.00
1042.33	126.00
1042.50	160.00
1042.68	226.00
1042.86	185.00
1043.04	185.00
1043.21	167.00
1043.39	144.00
1043.57	211.00
1043.74	180.00
1043.92	254.00
1044.10	284.00
1044.27	188.00
1044.45	130.00
1044.63	198.00
1044.80	245.00
1044.98	220.00
1045.16	136.00
1045.34	225.00
1045.51	241.00
1045.69	180.00
1045.87	158.00
1046.04	162.00
1046.22	169.00
1046.40	209.00
1046.57	212.00
1046.75	143.00
1046.93	143.00
1047.10	119.00
1047.28	147.00
1047.46	184.00
1047.63	173.00
1047.81	178.00
1047.99	175.00
1048.16	188.00
1048.34	172.00
1048.52	170.00
1048.69	171.00
1048.87	102.00
1049.05	186.00
1049.22	170.00
1049.40	143.00
1049.58	144.00
1049.75	151.00
1049.93	197.00
1050.11	225.00
1050.28	259.00
1050.46	178.00
1050.64	108.00
1050.81	174.00
1050.99	123.00
1051.17	194.00
1051.34	197.00
1051.52	142.00
1051.70	177.00
1051.87	165.00
1052.05	205.00
1052.23	154.00
1052.40	163.00
1052.58	187.00
1052.76	142.00
1052.93	84.00
1053.11	187.00
1053.29	99.00
1053.46	122.00
1053.64	171.00
1053.82	146.00
1053.99	193.00
1054.17	120.00
1054.35	149.00
1054.52	123.00
1054.70	141.00
1054.87	187.00
1055.05	106.00
1055.23	171.00
1055.40	121.00
1055.58	85.00
1055.76	156.00
1055.93	91.00
1056.11	97.00
1056.29	86.00
1056.46	156.00
1056.64	108.00
1056.81	119.00
1056.99	102.00
1057.17	141.00
1057.34	118.00
1057.52	100.00
1057.70	137.00
1057.87	137.00
1058.05	179.00
1058.22	115.00
1058.40	144.00
1058.58	165.00
1058.75	186.00
1058.93	129.00
1059.11	124.00
1059.28	120.00
1059.46	91.00
1059.63	203.00
1059.81	182.00
1059.99	188.00
1060.16	138.00
1060.34	165.00
1060.52	155.00
1060.69	149.00
1060.87	70.00
1061.04	115.00
1061.22	47.00
