367.62	-20.00
367.82	9.00
368.02	-8.00
368.23	8.00
368.43	-23.00
368.63	-22.00
368.83	20.00
369.04	-14.00
369.24	32.00
369.44	20.00
369.65	45.00
369.85	38.00
370.05	21.00
370.25	42.00
370.46	-4.00
370.66	-50.00
370.86	-15.00
371.07	-59.00
371.27	-11.00
371.47	22.00
371.67	5.00
371.88	60.00
372.08	8.00
372.28	19.00
372.49	-43.00
372.69	-8.00
372.89	56.00
373.09	46.00
373.30	0.00
373.50	-3.00
373.70	2.00
373.91	12.00
374.11	5.00
374.31	50.00
374.51	19.00
374.72	-33.00
374.92	6.00
375.12	39.00
375.33	-1.00
375.53	25.00
375.73	55.00
375.93	17.00
376.14	0.00
376.34	1.00
376.54	22.00
376.74	36.00
376.95	77.00
377.15	-20.00
377.35	-81.00
377.55	-83.00
377.76	-20.00
377.96	13.00
378.16	8.00
378.37	-40.00
378.57	-44.00
378.77	4.00
378.97	-1.00
379.18	-12.00
379.38	52.00
379.58	6.00
379.78	0.00
379.99	-5.00
380.19	16.00
380.39	-20.00
380.59	-19.00
380.80	42.00
381.00	19.00
381.20	-44.00
381.40	28.00
381.61	70.00
381.81	41.00
382.01	-34.00
382.21	-32.00
382.42	6.00
382.62	19.00
382.82	20.00
383.02	-7.00
383.23	-16.00
383.43	-37.00
383.63	24.00
383.83	12.00
384.04	67.00
384.24	-4.00
384.44	-1.00
384.64	-2.00
384.85	24.00
385.05	18.00
385.25	34.00
385.45	37.00
385.66	-45.00
385.86	6.00
386.06	5.00
386.26	-17.00
386.47	-26.00
386.67	30.00
386.87	47.00
387.07	19.00
387.27	24.00
387.48	15.00
387.68	17.00
387.88	17.00
388.08	-1.00
388.29	44.00
388.49	54.00
388.69	24.00
388.89	-21.00
389.10	15.00
389.30	8.00
389.50	49.00
389.70	4.00
389.90	7.00
390.11	73.00
390.31	56.00
390.51	10.00
390.71	-32.00
390.92	4.00
391.12	1.00
391.32	26.00
391.52	-29.00
391.72	10.00
391.93	2.00
392.13	26.00
392.33	57.00
392.53	38.00
392.74	31.00
392.94	9.00
393.14	-1.00
393.34	-11.00
393.54	23.00
393.75	44.00
393.95	-54.00
394.15	-23.00
394.35	-17.00
394.56	-18.00
394.76	28.00
394.96	-9.00
395.16	-19.00
395.36	16.00
395.57	-35.00
395.77	-14.00
395.97	29.00
396.17	25.00
396.37	32.00
396.58	33.00
396.78	5.00
396.98	-24.00
397.18	-19.00
397.38	-50.00
397.59	11.00
397.79	38.00
397.99	40.00
398.19	59.00
398.39	7.00
398.60	30.00
398.80	-9.00
399.00	8.00
399.20	-45.00
399.40	-90.00
399.61	-107.00
399.81	36.00
400.01	72.00
400.21	-11.00
400.41	-25.00
400.62	-36.00
400.82	-2.00
401.02	26.00
401.22	26.00
401.42	12.00
401.63	24.00
401.83	41.00
402.03	31.00
402.23	19.00
402.43	-38.00
402.64	-2.00
402.84	65.00
403.04	34.00
403.24	74.00
403.44	-11.00
403.64	-95.00
403.85	-45.00
404.05	-17.00
404.25	-9.00
404.45	78.00
404.65	52.00
404.86	35.00
405.06	28.00
405.26	-15.00
405.46	-9.00
405.66	38.00
405.86	54.00
406.07	30.00
406.27	21.00
406.47	15.00
406.67	7.00
406.87	7.00
407.07	15.00
407.28	30.00
407.48	4.00
407.68	48.00
407.88	18.00
408.08	1.00
408.28	-21.00
408.49	-32.00
408.69	-2.00
408.89	5.00
409.09	3.00
409.29	74.00
409.49	98.00
409.70	-27.00
409.90	-30.00
410.10	-22.00
410.30	-23.00
410.50	-49.00
410.70	-55.00
410.91	-45.00
411.11	51.00
411.31	28.00
411.51	-34.00
411.71	-27.00
411.91	-19.00
412.12	43.00
412.32	20.00
412.52	-33.00
412.72	-57.00
412.92	-26.00
413.12	19.00
413.32	28.00
413.53	33.00
413.73	32.00
413.93	-23.00
414.13	-26.00
414.33	-16.00
414.53	-28.00
414.74	22.00
414.94	15.00
415.14	31.00
415.34	-10.00
415.54	-2.00
415.74	-25.00
415.94	11.00
416.15	80.00
416.35	99.00
416.55	91.00
416.75	79.00
416.95	18.00
417.15	-2.00
417.35	-30.00
417.56	-14.00
417.76	9.00
417.96	51.00
418.16	13.00
418.36	-13.00
418.56	27.00
418.76	44.00
418.97	35.00
419.17	0.00
419.37	19.00
419.57	-23.00
419.77	-48.00
419.97	39.00
420.17	86.00
420.37	33.00
420.58	-2.00
420.78	22.00
420.98	68.00
421.18	109.00
421.38	97.00
421.58	67.00
421.78	35.00
421.98	44.00
422.19	65.00
422.39	47.00
422.59	29.00
422.79	-10.00
422.99	16.00
423.19	-45.00
423.39	-20.00
423.59	5.00
423.80	-43.00
424.00	-34.00
424.20	56.00
424.40	130.00
424.60	97.00
424.80	-1.00
425.00	5.00
425.20	-12.00
425.40	25.00
425.61	15.00
425.81	9.00
426.01	27.00
426.21	6.00
426.41	67.00
426.61	-44.00
426.81	4.00
427.01	39.00
427.21	47.00
427.42	79.00
427.62	18.00
427.82	-38.00
428.02	-31.00
428.22	-26.00
428.42	38.00
428.62	73.00
428.82	65.00
429.02	39.00
429.23	115.00
429.43	53.00
429.63	-7.00
429.83	36.00
430.03	30.00
430.23	37.00
430.43	68.00
430.63	5.00
430.83	-18.00
431.03	-7.00
431.24	-26.00
431.44	-20.00
431.64	5.00
431.84	-1.00
432.04	-71.00
432.24	-11.00
432.44	-2.00
432.64	4.00
432.84	0.00
433.04	36.00
433.24	31.00
433.45	9.00
433.65	8.00
433.85	4.00
434.05	-58.00
434.25	-51.00
434.45	-9.00
434.65	30.00
434.85	-8.00
435.05	7.00
435.25	-5.00
435.45	23.00
435.65	31.00
435.86	38.00
436.06	-30.00
436.26	-51.00
436.46	1.00
436.66	22.00
436.86	-11.00
437.06	29.00
437.26	33.00
437.46	54.00
437.66	-5.00
437.86	-7.00
438.06	48.00
438.26	15.00
438.47	15.00
438.67	-1.00
438.87	3.00
439.07	28.00
439.27	-27.00
439.47	-34.00
439.67	-13.00
439.87	3.00
440.07	52.00
440.27	45.00
440.47	87.00
440.67	154.00
440.87	79.00
441.07	24.00
441.27	52.00
441.48	16.00
441.68	-23.00
441.88	31.00
442.08	70.00
442.28	64.00
442.48	70.00
442.68	60.00
442.88	66.00
443.08	13.00
443.28	-12.00
443.48	45.00
443.68	80.00
443.88	59.00
444.08	41.00
444.28	0.00
444.48	-26.00
444.68	48.00
444.88	38.00
445.09	54.00
445.29	102.00
445.49	95.00
445.69	54.00
445.89	83.00
446.09	37.00
446.29	111.00
446.49	134.00
446.69	65.00
446.89	71.00
447.09	38.00
447.29	70.00
447.49	81.00
447.69	44.00
447.89	-25.00
448.09	19.00
448.29	31.00
448.49	8.00
448.69	0.00
448.89	-13.00
449.09	43.00
449.29	30.00
449.49	36.00
449.70	50.00
449.90	111.00
450.10	72.00
450.30	33.00
450.50	84.00
450.70	49.00
450.90	9.00
451.10	64.00
451.30	70.00
451.50	80.00
451.70	99.00
451.90	94.00
452.10	106.00
452.30	85.00
452.50	34.00
452.70	23.00
452.90	63.00
453.10	59.00
453.30	14.00
453.50	31.00
453.70	50.00
453.90	81.00
454.10	23.00
454.30	-15.00
454.50	32.00
454.70	5.00
454.90	65.00
455.10	93.00
455.30	92.00
455.50	84.00
455.70	57.00
455.90	49.00
456.10	79.00
456.30	60.00
456.50	90.00
456.70	94.00
456.90	116.00
457.10	97.00
457.30	58.00
457.50	81.00
457.70	83.00
457.90	94.00
458.10	77.00
458.30	69.00
458.50	50.00
458.70	55.00
458.90	115.00
459.10	76.00
459.30	58.00
459.50	135.00
459.70	29.00
459.90	-21.00
460.10	6.00
460.30	25.00
460.50	41.00
460.70	75.00
460.90	67.00
461.10	125.00
461.30	104.00
461.50	107.00
461.70	92.00
461.90	33.00
462.10	-48.00
462.30	28.00
462.50	104.00
462.70	98.00
462.90	72.00
463.10	70.00
463.30	106.00
463.50	74.00
463.70	75.00
463.90	80.00
464.10	27.00
464.30	79.00
464.50	39.00
464.70	42.00
464.90	8.00
465.10	51.00
465.30	46.00
465.50	58.00
465.70	89.00
465.90	78.00
466.10	73.00
466.30	99.00
466.50	81.00
466.70	120.00
466.90	121.00
467.10	150.00
467.30	120.00
467.50	42.00
467.70	72.00
467.90	58.00
468.10	29.00
468.30	54.00
468.50	81.00
468.70	100.00
468.90	95.00
469.10	127.00
469.30	129.00
469.50	98.00
469.70	104.00
469.90	66.00
470.10	50.00
470.30	44.00
470.50	-39.00
470.70	48.00
470.90	77.00
471.10	51.00
471.29	108.00
471.49	69.00
471.69	100.00
471.89	51.00
472.09	14.00
472.29	26.00
472.49	35.00
472.69	62.00
472.89	47.00
473.09	77.00
473.29	89.00
473.49	60.00
473.69	61.00
473.89	155.00
474.09	41.00
474.29	39.00
474.49	116.00
474.69	40.00
474.89	91.00
475.09	58.00
475.29	39.00
475.49	90.00
475.69	24.00
475.88	32.00
476.08	87.00
476.28	101.00
476.48	45.00
476.68	14.00
476.88	94.00
477.08	104.00
477.28	83.00
477.48	122.00
477.68	43.00
477.88	57.00
478.08	94.00
478.28	44.00
478.48	63.00
478.68	38.00
478.88	77.00
479.08	101.00
479.28	78.00
479.47	134.00
479.67	143.00
479.87	45.00
480.07	78.00
480.27	95.00
480.47	73.00
480.67	89.00
480.87	57.00
481.07	15.00
481.27	37.00
481.47	91.00
481.67	135.00
481.87	80.00
482.07	73.00
482.27	46.00
482.46	20.00
482.66	21.00
482.86	102.00
483.06	96.00
483.26	67.00
483.46	76.00
483.66	48.00
483.86	67.00
484.06	94.00
484.26	89.00
484.46	72.00
484.66	16.00
484.86	40.00
485.05	73.00
485.25	22.00
485.45	32.00
485.65	78.00
485.85	32.00
486.05	56.00
486.25	75.00
486.45	56.00
486.65	29.00
486.85	8.00
487.05	64.00
487.25	124.00
487.44	76.00
487.64	66.00
487.84	94.00
488.04	128.00
488.24	58.00
488.44	86.00
488.64	87.00
488.84	109.00
489.04	70.00
489.24	5.00
489.43	19.00
489.63	90.00
489.83	136.00
490.03	129.00
490.23	94.00
490.43	56.00
490.63	95.00
490.83	120.00
491.03	109.00
491.23	103.00
491.42	120.00
491.62	181.00
491.82	164.00
492.02	118.00
492.22	110.00
492.42	72.00
492.62	108.00
492.82	112.00
493.02	119.00
493.22	125.00
493.41	188.00
493.61	88.00
493.81	44.00
494.01	84.00
494.21	83.00
494.41	130.00
494.61	176.00
494.81	120.00
495.01	72.00
495.20	98.00
495.40	119.00
495.60	118.00
495.80	144.00
496.00	104.00
496.20	115.00
496.40	162.00
496.60	149.00
496.79	92.00
496.99	110.00
497.19	130.00
497.39	127.00
497.59	143.00
497.79	160.00
497.99	93.00
498.19	163.00
498.38	168.00
498.58	89.00
498.78	146.00
498.98	144.00
499.18	167.00
499.38	222.00
499.58	170.00
499.78	159.00
499.97	150.00
500.17	134.00
500.37	135.00
500.57	143.00
500.77	122.00
500.97	153.00
501.17	167.00
501.37	116.00
501.56	133.00
501.76	143.00
501.96	115.00
502.16	110.00
502.36	152.00
502.56	152.00
502.76	156.00
502.95	152.00
503.15	199.00
503.35	160.00
503.55	124.00
503.75	160.00
503.95	74.00
504.15	120.00
504.34	156.00
504.54	152.00
504.74	180.00
504.94	129.00
505.14	100.00
505.34	178.00
505.54	138.00
505.73	158.00
505.93	158.00
506.13	164.00
506.33	115.00
506.53	107.00
506.73	141.00
506.92	135.00
507.12	122.00
507.32	128.00
507.52	179.00
507.72	212.00
507.92	164.00
508.12	159.00
508.31	134.00
508.51	136.00
508.71	88.00
508.91	110.00
509.11	136.00
509.31	155.00
509.50	172.00
509.70	178.00
509.90	169.00
510.10	214.00
510.30	148.00
510.50	142.00
510.69	197.00
510.89	219.00
511.09	129.00
511.29	172.00
511.49	109.00
511.69	167.00
511.88	188.00
512.08	114.00
512.28	96.00
512.48	120.00
512.68	142.00
512.88	96.00
513.07	137.00
513.27	172.00
513.47	172.00
513.67	217.00
513.87	142.00
514.06	74.00
514.26	162.00
514.46	166.00
514.66	170.00
514.86	169.00
515.06	155.00
515.25	117.00
515.45	169.00
515.65	177.00
515.85	96.00
516.05	124.00
516.24	112.00
516.44	151.00
516.64	175.00
516.84	164.00
517.04	196.00
517.23	204.00
517.43	137.00
517.63	170.00
517.83	168.00
518.03	132.00
518.23	154.00
518.42	134.00
518.62	187.00
518.82	160.00
519.02	176.00
519.22	135.00
519.41	89.00
519.61	101.00
519.81	142.00
520.01	154.00
520.21	151.00
520.40	171.00
520.60	121.00
520.80	121.00
521.00	161.00
521.20	252.00
521.39	165.00
521.59	139.00
521.79	157.00
521.99	114.00
522.19	192.00
522.38	177.00
522.58	112.00
522.78	222.00
522.98	235.00
523.17	210.00
523.37	150.00
523.57	200.00
523.77	251.00
523.97	247.00
524.16	247.00
524.36	183.00
524.56	226.00
524.76	175.00
524.96	147.00
525.15	198.00
525.35	222.00
525.55	273.00
525.75	316.00
525.94	208.00
526.14	165.00
526.34	155.00
526.54	165.00
526.74	192.00
526.93	254.00
527.13	266.00
527.33	218.00
527.53	162.00
527.72	192.00
527.92	187.00
528.12	137.00
528.32	205.00
528.52	235.00
528.71	178.00
528.91	245.00
529.11	272.00
529.31	240.00
529.50	244.00
529.70	225.00
529.90	226.00
530.10	282.00
530.29	234.00
530.49	230.00
530.69	267.00
530.89	215.00
531.09	217.00
531.28	209.00
531.48	229.00
531.68	234.00
531.88	260.00
532.07	218.00
532.27	225.00
532.47	327.00
532.67	297.00
532.86	270.00
533.06	305.00
533.26	324.00
533.46	259.00
533.65	274.00
533.85	301.00
534.05	297.00
534.25	238.00
534.44	258.00
534.64	293.00
534.84	284.00
535.04	345.00
535.23	335.00
535.43	365.00
535.63	378.00
535.83	322.00
536.02	343.00
536.22	317.00
536.42	293.00
536.62	311.00
536.81	323.00
537.01	333.00
537.21	337.00
537.41	352.00
537.60	393.00
537.80	367.00
538.00	353.00
538.20	369.00
538.39	342.00
538.59	384.00
538.79	383.00
538.99	290.00
539.18	318.00
539.38	315.00
539.58	298.00
539.77	319.00
539.97	299.00
540.17	345.00
540.37	444.00
540.56	407.00
540.76	351.00
540.96	356.00
541.16	380.00
541.35	310.00
541.55	348.00
541.75	385.00
541.94	346.00
542.14	508.00
542.34	479.00
542.54	380.00
542.73	393.00
542.93	383.00
543.13	390.00
543.33	400.00
543.52	338.00
543.72	330.00
543.92	384.00
544.11	399.00
544.31	420.00
544.51	395.00
544.71	349.00
544.90	396.00
545.10	326.00
545.30	348.00
545.49	413.00
545.69	391.00
545.89	396.00
546.09	363.00
546.28	448.00
546.48	456.00
546.68	438.00
546.87	398.00
547.07	423.00
547.27	428.00
547.47	390.00
547.66	399.00
547.86	421.00
548.06	384.00
548.25	400.00
548.45	517.00
548.65	454.00
548.84	385.00
549.04	446.00
549.24	524.00
549.44	469.00
549.63	475.00
549.83	481.00
550.03	441.00
550.22	432.00
550.42	370.00
550.62	427.00
550.81	416.00
551.01	409.00
551.21	354.00
551.41	371.00
551.60	274.00
551.80	324.00
552.00	384.00
552.19	369.00
552.39	418.00
552.59	411.00
552.78	396.00
552.98	362.00
553.18	413.00
553.37	407.00
553.57	346.00
553.77	334.00
553.96	381.00
554.16	413.00
554.36	426.00
554.56	347.00
554.75	419.00
554.95	486.00
555.15	472.00
555.34	403.00
555.54	319.00
555.74	381.00
555.93	407.00
556.13	350.00
556.33	403.00
556.52	443.00
556.72	426.00
556.92	351.00
557.11	325.00
557.31	352.00
557.51	362.00
557.70	347.00
557.90	308.00
558.10	309.00
558.29	292.00
558.49	301.00
558.69	356.00
558.88	306.00
559.08	314.00
559.28	336.00
559.47	385.00
559.67	412.00
559.87	369.00
560.06	379.00
560.26	396.00
560.46	377.00
560.65	352.00
560.85	350.00
561.05	388.00
561.24	328.00
561.44	338.00
561.64	322.00
561.83	357.00
562.03	346.00
562.23	332.00
562.42	339.00
562.62	373.00
562.82	411.00
563.01	393.00
563.21	334.00
563.40	391.00
563.60	388.00
563.80	367.00
563.99	294.00
564.19	339.00
564.39	370.00
564.58	360.00
564.78	320.00
564.98	393.00
565.17	418.00
565.37	405.00
565.57	400.00
565.76	420.00
565.96	370.00
566.16	373.00
566.35	328.00
566.55	362.00
566.74	396.00
566.94	367.00
567.14	415.00
567.33	446.00
567.53	409.00
567.73	434.00
567.92	443.00
568.12	427.00
568.32	425.00
568.51	429.00
568.71	373.00
568.90	406.00
569.10	419.00
569.30	375.00
569.49	434.00
569.69	445.00
569.89	439.00
570.08	502.00
570.28	457.00
570.47	451.00
570.67	428.00
570.87	480.00
571.06	471.00
571.26	391.00
571.46	443.00
571.65	506.00
571.85	444.00
572.04	427.00
572.24	445.00
572.44	492.00
572.63	461.00
572.83	444.00
573.03	384.00
573.22	359.00
573.42	444.00
573.61	480.00
573.81	548.00
574.01	548.00
574.20	490.00
574.40	472.00
574.59	498.00
574.79	530.00
574.99	542.00
575.18	573.00
575.38	472.00
575.58	509.00
575.77	559.00
575.97	579.00
576.16	545.00
576.36	532.00
576.56	597.00
576.75	576.00
576.95	588.00
577.14	619.00
577.34	640.00
577.54	668.00
577.73	660.00
577.93	608.00
578.12	617.00
578.32	676.00
578.52	670.00
578.71	704.00
578.91	714.00
579.10	680.00
579.30	734.00
579.50	693.00
579.69	650.00
579.89	701.00
580.08	698.00
580.28	739.00
580.48	764.00
580.67	795.00
580.87	784.00
581.06	737.00
581.26	788.00
581.45	798.00
581.65	780.00
581.85	776.00
582.04	835.00
582.24	856.00
582.43	779.00
582.63	856.00
582.83	882.00
583.02	861.00
583.22	882.00
583.41	898.00
583.61	938.00
583.80	927.00
584.00	906.00
584.20	979.00
584.39	995.00
584.59	963.00
584.78	997.00
584.98	989.00
585.17	1021.00
585.37	989.00
585.57	941.00
585.76	1002.00
585.96	1105.00
586.15	1040.00
586.35	1017.00
586.54	1068.00
586.74	1083.00
586.94	1059.00
587.13	1118.00
587.33	1144.00
587.52	1254.00
587.72	1228.00
587.91	1183.00
588.11	1257.00
588.31	1236.00
588.50	1205.00
588.70	1248.00
588.89	1239.00
589.09	1206.00
589.28	1204.00
589.48	1178.00
589.68	1274.00
589.87	1334.00
590.07	1325.00
590.26	1308.00
590.46	1299.00
590.65	1361.00
590.85	1333.00
591.04	1349.00
591.24	1366.00
591.44	1314.00
591.63	1393.00
591.83	1473.00
592.02	1470.00
592.22	1493.00
592.41	1519.00
592.61	1496.00
592.80	1450.00
593.00	1581.00
593.19	1565.00
593.39	1475.00
593.59	1504.00
593.78	1585.00
593.98	1548.00
594.17	1586.00
594.37	1579.00
594.56	1586.00
594.76	1599.00
594.95	1532.00
595.15	1577.00
595.34	1588.00
595.54	1607.00
595.73	1611.00
595.93	1572.00
596.13	1615.00
596.32	1632.00
596.52	1674.00
596.71	1762.00
596.91	1714.00
597.10	1707.00
597.30	1658.00
597.49	1699.00
597.69	1713.00
597.88	1739.00
598.08	1714.00
598.27	1745.00
598.47	1666.00
598.66	1734.00
598.86	1874.00
599.06	1865.00
599.25	1791.00
599.45	1801.00
599.64	1813.00
599.84	1823.00
600.03	1830.00
600.23	1844.00
600.42	1810.00
600.62	1823.00
600.81	1734.00
601.01	1777.00
601.20	1798.00
601.40	1767.00
601.59	1836.00
601.79	1691.00
601.98	1752.00
602.18	1769.00
602.37	1787.00
602.57	1718.00
602.76	1759.00
602.96	1816.00
603.15	1819.00
603.35	1809.00
603.54	1773.00
603.74	1723.00
603.93	1782.00
604.13	1896.00
604.32	1907.00
604.52	1811.00
604.71	1795.00
604.91	1849.00
605.10	1826.00
605.30	1745.00
605.49	1779.00
605.69	1879.00
605.88	1833.00
606.08	1811.00
606.27	1885.00
606.47	1945.00
606.66	1864.00
606.86	1870.00
607.05	1864.00
607.25	1793.00
607.44	1851.00
607.64	1944.00
607.83	1915.00
608.03	1918.00
608.22	1841.00
608.42	1769.00
608.61	1816.00
608.81	1927.00
609.00	1947.00
609.20	1948.00
609.39	1961.00
609.59	1980.00
609.78	2056.00
609.98	2185.00
610.17	2266.00
610.37	2410.00
610.56	2582.00
610.76	2754.00
610.95	2923.00
611.15	3015.00
611.34	3111.00
611.54	3201.00
611.73	3165.00
611.93	2964.00
612.12	2752.00
612.32	2507.00
612.51	2311.00
612.71	2272.00
612.90	2142.00
613.09	2084.00
613.29	2112.00
613.48	2104.00
613.68	2136.00
613.87	2173.00
614.07	2100.00
614.26	2098.00
614.46	2170.00
614.65	2134.00
614.85	2043.00
615.04	2088.00
615.24	2107.00
615.43	2053.00
615.63	2023.00
615.82	1942.00
616.02	1960.00
616.21	1855.00
616.40	1803.00
616.60	1884.00
616.79	1843.00
616.99	1876.00
617.18	1895.00
617.38	1889.00
617.57	1896.00
617.77	1934.00
617.96	1848.00
618.16	1867.00
618.35	1916.00
618.54	1894.00
618.74	1883.00
618.93	1858.00
619.13	1859.00
619.32	1942.00
619.52	1913.00
619.71	1882.00
619.91	1895.00
620.10	1909.00
620.30	1967.00
620.49	2042.00
620.68	1989.00
620.88	1920.00
621.07	1958.00
621.27	2011.00
621.46	2017.00
621.66	2004.00
621.85	1896.00
622.05	1985.00
622.24	2025.00
622.43	2011.00
622.63	2002.00
622.82	1962.00
623.02	1982.00
623.21	2018.00
623.41	2069.00
623.60	2093.00
623.80	2083.00
623.99	2049.00
624.18	2097.00
624.38	2060.00
624.57	2077.00
624.77	2079.00
624.96	2036.00
625.16	2043.00
625.35	2148.00
625.54	2186.00
625.74	2113.00
625.93	2130.00
626.13	2155.00
626.32	2110.00
626.52	2059.00
626.71	2123.00
626.90	2137.00
627.10	2083.00
627.29	2143.00
627.49	2156.00
627.68	2147.00
627.88	2189.00
628.07	2171.00
628.26	2168.00
628.46	2184.00
628.65	2139.00
628.85	2140.00
629.04	2168.00
629.23	2180.00
629.43	2282.00
629.62	2303.00
629.82	2358.00
630.01	2288.00
630.21	2326.00
630.40	2385.00
630.59	2401.00
630.79	2469.00
630.98	2476.00
631.18	2461.00
631.37	2470.00
631.56	2478.00
631.76	2493.00
631.95	2532.00
632.15	2540.00
632.34	2431.00
632.53	2347.00
632.73	2349.00
632.92	2430.00
633.12	2420.00
633.31	2348.00
633.50	2383.00
633.70	2354.00
633.89	2333.00
634.09	2306.00
634.28	2334.00
634.47	2389.00
634.67	2479.00
634.86	2523.00
635.06	2467.00
635.25	2357.00
635.44	2420.00
635.64	2537.00
635.83	2566.00
636.03	2518.00
636.22	2518.00
636.41	2554.00
636.61	2522.00
636.80	2479.00
637.00	2523.00
637.19	2583.00
637.38	2551.00
637.58	2643.00
637.77	2683.00
637.96	2674.00
638.16	2631.00
638.35	2689.00
638.55	2660.00
638.74	2670.00
638.93	2713.00
639.13	2707.00
639.32	2736.00
639.51	2750.00
639.71	2739.00
639.90	2768.00
640.10	2781.00
640.29	2818.00
640.48	2813.00
640.68	2864.00
640.87	2860.00
641.07	2775.00
641.26	2809.00
641.45	2989.00
641.65	2944.00
641.84	2928.00
642.03	2930.00
642.23	2905.00
642.42	2986.00
642.61	2952.00
642.81	2990.00
643.00	2955.00
643.20	2940.00
643.39	2969.00
643.58	2994.00
643.78	2995.00
643.97	3026.00
644.16	3028.00
644.36	3083.00
644.55	3119.00
644.74	3007.00
644.94	2999.00
645.13	3074.00
645.33	3206.00
645.52	3111.00
645.71	3127.00
645.91	3131.00
646.10	2985.00
646.29	3109.00
646.49	3197.00
646.68	3130.00
646.87	3210.00
647.07	3213.00
647.26	3227.00
647.45	3224.00
647.65	3237.00
647.84	3317.00
648.03	3283.00
648.23	3297.00
648.42	3270.00
648.62	3230.00
648.81	3379.00
649.00	3379.00
649.20	3302.00
649.39	3265.00
649.58	3269.00
649.78	3260.00
649.97	3385.00
650.16	3465.00
650.36	3372.00
650.55	3354.00
650.74	3376.00
650.94	3477.00
651.13	3471.00
651.32	3402.00
651.52	3323.00
651.71	3382.00
651.90	3426.00
652.10	3396.00
652.29	3409.00
652.48	3368.00
652.68	3419.00
652.87	3439.00
653.06	3464.00
653.26	3445.00
653.45	3460.00
653.64	3456.00
653.84	3478.00
654.03	3450.00
654.22	3402.00
654.42	3334.00
654.61	3408.00
654.80	3419.00
654.99	3423.00
655.19	3499.00
655.38	3541.00
655.57	3514.00
655.77	3532.00
655.96	3519.00
656.15	3468.00
656.35	3413.00
656.54	3413.00
656.73	3470.00
656.93	3413.00
657.12	3442.00
657.31	3436.00
657.51	3456.00
657.70	3411.00
657.89	3368.00
658.09	3419.00
658.28	3430.00
658.47	3466.00
658.66	3452.00
658.86	3370.00
659.05	3359.00
659.24	3415.00
659.44	3337.00
659.63	3362.00
659.82	3369.00
660.02	3281.00
660.21	3404.00
660.40	3422.00
660.60	3347.00
660.79	3354.00
660.98	3378.00
661.17	3348.00
661.37	3315.00
661.56	3334.00
661.75	3335.00
661.95	3329.00
662.14	3352.00
662.33	3333.00
662.52	3423.00
662.72	3486.00
662.91	3429.00
663.10	3348.00
663.30	3349.00
663.49	3337.00
663.68	3379.00
663.88	3377.00
664.07	3308.00
664.26	3288.00
664.45	3242.00
664.65	3199.00
664.84	3168.00
665.03	3294.00
665.23	3312.00
665.42	3307.00
665.61	3349.00
665.80	3228.00
666.00	3227.00
666.19	3236.00
666.38	3242.00
666.57	3214.00
666.77	3212.00
666.96	3210.00
667.15	3148.00
667.35	3101.00
667.54	3187.00
667.73	3262.00
667.92	3193.00
668.12	3100.00
668.31	3143.00
668.50	3155.00
668.70	3133.00
668.89	3169.00
669.08	3172.00
669.27	3036.00
669.47	2973.00
669.66	3137.00
669.85	3133.00
670.04	3120.00
670.24	3136.00
670.43	3119.00
670.62	3074.00
670.81	3153.00
671.01	3176.00
671.20	3144.00
671.39	3118.00
671.58	3135.00
671.78	3203.00
671.97	3270.00
672.16	3112.00
672.36	3115.00
672.55	3123.00
672.74	3108.00
672.93	3021.00
673.13	3082.00
673.32	3125.00
673.51	3057.00
673.70	3004.00
673.90	3003.00
674.09	2981.00
674.28	3081.00
674.47	3045.00
674.67	3062.00
674.86	3098.00
675.05	3029.00
675.24	2939.00
675.44	2998.00
675.63	3035.00
675.82	3051.00
676.01	3023.00
676.21	3064.00
676.40	3059.00
676.59	2934.00
676.78	2843.00
676.97	2840.00
677.17	2932.00
677.36	2917.00
677.55	2879.00
677.74	2952.00
677.94	3070.00
678.13	3050.00
678.32	2956.00
678.51	2945.00
678.71	2984.00
678.90	3011.00
679.09	2943.00
679.28	2890.00
679.48	2917.00
679.67	2972.00
679.86	2922.00
680.05	2942.00
680.24	3013.00
680.44	2917.00
680.63	2848.00
680.82	2819.00
681.01	2813.00
681.21	2845.00
681.40	2902.00
681.59	2824.00
681.78	2873.00
681.97	2832.00
682.17	2771.00
682.36	2825.00
682.55	2896.00
682.74	2947.00
682.94	2890.00
683.13	2827.00
683.32	2862.00
683.51	2834.00
683.70	2774.00
683.90	2791.00
684.09	2860.00
684.28	2857.00
684.47	2821.00
684.66	2903.00
684.86	2862.00
685.05	2896.00
685.24	2820.00
685.43	2757.00
685.63	2725.00
685.82	2727.00
686.01	2800.00
686.20	2806.00
686.39	2749.00
686.59	2786.00
686.78	2796.00
686.97	2834.00
687.16	2905.00
687.35	2915.00
687.55	2897.00
687.74	2808.00
687.93	2749.00
688.12	2817.00
688.31	2822.00
688.51	2771.00
688.70	2822.00
688.89	2905.00
689.08	2865.00
689.27	2803.00
689.47	2871.00
689.66	2789.00
689.85	2843.00
690.04	2879.00
690.23	2821.00
690.42	2797.00
690.62	2802.00
690.81	2818.00
691.00	2834.00
691.19	2865.00
691.38	2793.00
691.58	2765.00
691.77	2849.00
691.96	2895.00
692.15	2866.00
692.34	2820.00
692.54	2682.00
692.73	2776.00
692.92	2843.00
693.11	2861.00
693.30	2888.00
693.49	2897.00
693.69	2820.00
693.88	2914.00
694.07	2798.00
694.26	2758.00
694.45	2802.00
694.64	2786.00
694.84	2825.00
695.03	2865.00
695.22	2887.00
695.41	2875.00
695.60	2857.00
695.80	2847.00
695.99	2876.00
696.18	2854.00
696.37	2819.00
696.56	2801.00
696.75	2881.00
696.95	2814.00
697.14	2839.00
697.33	2875.00
697.52	2876.00
697.71	2840.00
697.90	2787.00
698.09	2854.00
698.29	2937.00
698.48	2950.00
698.67	2960.00
698.86	2960.00
699.05	2909.00
699.24	2921.00
699.44	2969.00
699.63	3020.00
699.82	2958.00
700.01	2862.00
700.20	2855.00
700.39	2935.00
700.58	3016.00
700.78	2901.00
700.97	2915.00
701.16	2959.00
701.35	2864.00
701.54	2926.00
701.73	2982.00
701.93	3001.00
702.12	3066.00
702.31	3114.00
702.50	3095.00
702.69	3013.00
702.88	3082.00
703.07	3123.00
703.27	3131.00
703.46	3197.00
703.65	3231.00
703.84	3155.00
704.03	3085.00
704.22	3097.00
704.41	3129.00
704.60	3167.00
704.80	3150.00
704.99	3114.00
705.18	3142.00
705.37	3223.00
705.56	3195.00
705.75	3161.00
705.94	3247.00
706.14	3215.00
706.33	3192.00
706.52	3264.00
706.71	3230.00
706.90	3261.00
707.09	3312.00
707.28	3376.00
707.47	3388.00
707.67	3411.00
707.86	3384.00
708.05	3378.00
708.24	3342.00
708.43	3426.00
708.62	3442.00
708.81	3430.00
709.00	3457.00
709.20	3459.00
709.39	3427.00
709.58	3495.00
709.77	3485.00
709.96	3465.00
710.15	3378.00
710.34	3364.00
710.53	3395.00
710.72	3465.00
710.92	3441.00
711.11	3535.00
711.30	3468.00
711.49	3414.00
711.68	3491.00
711.87	3615.00
712.06	3696.00
712.25	3670.00
712.44	3659.00
712.64	3638.00
712.83	3612.00
713.02	3700.00
713.21	3607.00
713.40	3665.00
713.59	3685.00
713.78	3660.00
713.97	3610.00
714.16	3654.00
714.35	3627.00
714.55	3633.00
714.74	3614.00
714.93	3657.00
715.12	3621.00
715.31	3628.00
715.50	3675.00
715.69	3695.00
715.88	3600.00
716.07	3645.00
716.26	3622.00
716.45	3645.00
716.65	3750.00
716.84	3758.00
717.03	3610.00
717.22	3593.00
717.41	3673.00
717.60	3687.00
717.79	3755.00
717.98	3785.00
718.17	3779.00
718.36	3731.00
718.55	3773.00
718.75	3763.00
718.94	3692.00
719.13	3668.00
719.32	3752.00
719.51	3790.00
719.70	3822.00
719.89	3866.00
720.08	3868.00
720.27	3838.00
720.46	3733.00
720.65	3757.00
720.84	3825.00
721.03	3864.00
721.22	3821.00
721.42	3805.00
721.61	3839.00
721.80	3751.00
721.99	3736.00
722.18	3738.00
722.37	3790.00
722.56	3874.00
722.75	3860.00
722.94	3724.00
723.13	3711.00
723.32	3783.00
723.51	3791.00
723.70	3750.00
723.89	3778.00
724.08	3818.00
724.28	3854.00
724.47	3868.00
724.66	3843.00
724.85	3869.00
725.04	3791.00
725.23	3877.00
725.42	3850.00
725.61	3890.00
725.80	3855.00
725.99	3804.00
726.18	3823.00
726.37	3875.00
726.56	3839.00
726.75	3822.00
726.94	3830.00
727.13	3914.00
727.32	3879.00
727.51	3875.00
727.71	3803.00
727.90	3729.00
728.09	3711.00
728.28	3781.00
728.47	3828.00
728.66	3858.00
728.85	3865.00
729.04	3835.00
729.23	3795.00
729.42	3806.00
729.61	3797.00
729.80	3811.00
729.99	3782.00
730.18	3770.00
730.37	3739.00
730.56	3786.00
730.75	3777.00
730.94	3837.00
731.13	3815.00
731.32	3839.00
731.51	3753.00
731.70	3843.00
731.89	3803.00
732.08	3780.00
732.27	3834.00
732.46	3862.00
732.65	3917.00
732.84	3847.00
733.04	3852.00
733.23	3911.00
733.42	3863.00
733.61	3859.00
733.80	3832.00
733.99	3798.00
734.18	3812.00
734.37	3723.00
734.56	3768.00
734.75	3740.00
734.94	3667.00
735.13	3740.00
735.32	3771.00
735.51	3750.00
735.70	3742.00
735.89	3842.00
736.08	3722.00
736.27	3715.00
736.46	3719.00
736.65	3621.00
736.84	3615.00
737.03	3591.00
737.22	3626.00
737.41	3666.00
737.60	3682.00
737.79	3695.00
737.98	3717.00
738.17	3699.00
738.36	3655.00
738.55	3665.00
738.74	3670.00
738.93	3668.00
739.12	3726.00
739.31	3700.00
739.50	3689.00
739.69	3625.00
739.88	3626.00
740.07	3627.00
740.26	3604.00
740.45	3559.00
740.64	3535.00
740.83	3537.00
741.02	3538.00
741.21	3614.00
741.40	3595.00
741.59	3509.00
741.78	3475.00
741.97	3489.00
742.16	3539.00
742.35	3523.00
742.54	3428.00
742.73	3458.00
742.92	3403.00
743.11	3381.00
743.30	3365.00
743.49	3406.00
743.68	3443.00
743.87	3361.00
744.06	3338.00
744.25	3430.00
744.44	3459.00
744.63	3421.00
744.82	3426.00
745.01	3419.00
745.20	3391.00
745.39	3359.00
745.58	3268.00
745.77	3333.00
745.96	3383.00
746.15	3352.00
746.34	3286.00
746.52	3374.00
746.71	3457.00
746.90	3407.00
747.09	3380.00
747.28	3313.00
747.47	3365.00
747.66	3413.00
747.85	3330.00
748.04	3300.00
748.23	3208.00
748.42	3141.00
748.61	3194.00
748.80	3309.00
748.99	3236.00
749.18	3136.00
749.37	3188.00
749.56	3111.00
749.75	3069.00
749.94	3018.00
750.13	3122.00
750.32	3216.00
750.51	3231.00
750.70	3231.00
750.89	3251.00
751.08	3165.00
751.27	3034.00
751.46	3018.00
751.64	3066.00
751.83	3137.00
752.02	3167.00
752.21	3153.00
752.40	3031.00
752.59	3039.00
752.78	3082.00
752.97	3095.00
753.16	3103.00
753.35	3082.00
753.54	3111.00
753.73	3037.00
753.92	3033.00
754.11	3058.00
754.30	3019.00
754.49	3069.00
754.68	2973.00
754.87	2959.00
755.06	3039.00
755.24	2990.00
755.43	2987.00
755.62	3023.00
755.81	2975.00
756.00	2965.00
756.19	2935.00
756.38	3019.00
756.57	2988.00
756.76	2840.00
756.95	2883.00
757.14	2938.00
757.33	2910.00
757.52	2872.00
757.71	2928.00
757.90	2890.00
758.08	2811.00
758.27	2787.00
758.46	2826.00
758.65	2836.00
758.84	2837.00
759.03	2850.00
759.22	2808.00
759.41	2843.00
759.60	2884.00
759.79	2862.00
759.98	2801.00
760.17	2832.00
760.36	2820.00
760.54	2832.00
760.73	2919.00
760.92	2779.00
761.11	2732.00
761.30	2790.00
761.49	2746.00
761.68	2631.00
761.87	2578.00
762.06	2696.00
762.25	2631.00
762.44	2571.00
762.63	2492.00
762.81	2455.00
763.00	2432.00
763.19	2468.00
763.38	2424.00
763.57	2408.00
763.76	2382.00
763.95	2458.00
764.14	2414.00
764.33	2380.00
764.52	2474.00
764.71	2437.00
764.89	2437.00
765.08	2387.00
765.27	2412.00
765.46	2449.00
765.65	2419.00
765.84	2423.00
766.03	2492.00
766.22	2546.00
766.41	2508.00
766.59	2467.00
766.78	2464.00
766.97	2588.00
767.16	2645.00
767.35	2620.00
767.54	2673.00
767.73	2680.00
767.92	2650.00
768.11	2698.00
768.30	2750.00
768.48	2650.00
768.67	2632.00
768.86	2747.00
769.05	2791.00
769.24	2723.00
769.43	2677.00
769.62	2630.00
769.81	2638.00
769.99	2791.00
770.18	2807.00
770.37	2713.00
770.56	2683.00
770.75	2737.00
770.94	2746.00
771.13	2752.00
771.32	2666.00
771.50	2628.00
771.69	2689.00
771.88	2745.00
772.07	2722.00
772.26	2717.00
772.45	2694.00
772.64	2644.00
772.83	2610.00
773.01	2687.00
773.20	2673.00
773.39	2657.00
773.58	2682.00
773.77	2631.00
773.96	2647.00
774.15	2622.00
774.34	2539.00
774.52	2637.00
774.71	2624.00
774.90	2550.00
775.09	2645.00
775.28	2691.00
775.47	2667.00
775.66	2582.00
775.84	2569.00
776.03	2583.00
776.22	2650.00
776.41	2578.00
776.60	2609.00
776.79	2562.00
776.98	2523.00
777.16	2611.00
777.35	2617.00
777.54	2571.00
777.73	2489.00
777.92	2496.00
778.11	2546.00
778.29	2560.00
778.48	2574.00
778.67	2646.00
778.86	2614.00
779.05	2489.00
779.24	2612.00
779.43	2563.00
779.61	2601.00
779.80	2649.00
779.99	2596.00
780.18	2570.00
780.37	2648.00
780.56	2645.00
780.74	2600.00
780.93	2608.00
781.12	2699.00
781.31	2658.00
781.50	2669.00
781.69	2664.00
781.87	2640.00
782.06	2659.00
782.25	2693.00
782.44	2733.00
782.63	2686.00
782.82	2680.00
783.00	2602.00
783.19	2677.00
783.38	2766.00
783.57	2677.00
783.76	2654.00
783.95	2665.00
784.13	2709.00
784.32	2693.00
784.51	2681.00
784.70	2751.00
784.89	2778.00
785.08	2768.00
785.26	2696.00
785.45	2666.00
785.64	2725.00
785.83	2699.00
786.02	2678.00
786.20	2738.00
786.39	2709.00
786.58	2743.00
786.77	2729.00
786.96	2637.00
787.15	2627.00
787.33	2743.00
787.52	2754.00
787.71	2755.00
787.90	2713.00
788.09	2739.00
788.27	2722.00
788.46	2765.00
788.65	2748.00
788.84	2782.00
789.03	2739.00
789.21	2745.00
789.40	2709.00
789.59	2780.00
789.78	2893.00
789.97	2913.00
790.15	2776.00
790.34	2807.00
790.53	2804.00
790.72	2799.00
790.91	2875.00
791.09	2836.00
791.28	2882.00
791.47	2890.00
791.66	2911.00
791.85	2874.00
792.03	2844.00
792.22	2877.00
792.41	2891.00
792.60	2962.00
792.79	2823.00
792.97	2836.00
793.16	2860.00
793.35	2897.00
793.54	2879.00
793.72	2885.00
793.91	2970.00
794.10	2976.00
794.29	2956.00
794.48	2910.00
794.66	2819.00
794.85	2911.00
795.04	2912.00
795.23	2916.00
795.42	2891.00
795.60	2949.00
795.79	2943.00
795.98	2896.00
796.17	2930.00
796.35	2980.00
796.54	2967.00
796.73	2938.00
796.92	2918.00
797.11	2901.00
797.29	2914.00
797.48	2886.00
797.67	2865.00
797.86	2775.00
798.04	2797.00
798.23	2847.00
798.42	2907.00
798.61	2868.00
798.79	2875.00
798.98	2909.00
799.17	2914.00
799.36	2905.00
799.54	2858.00
799.73	2869.00
799.92	2945.00
800.11	2975.00
800.30	2885.00
800.48	2909.00
800.67	3023.00
800.86	2964.00
801.05	2990.00
801.23	2966.00
801.42	2916.00
801.61	2924.00
801.80	2914.00
801.98	2869.00
802.17	2959.00
802.36	3024.00
802.55	3000.00
802.73	3023.00
802.92	2990.00
803.11	2988.00
803.30	2950.00
803.48	3012.00
803.67	2961.00
803.86	2983.00
804.05	3010.00
804.23	2919.00
804.42	2882.00
804.61	2940.00
804.80	2980.00
804.98	2939.00
805.17	2977.00
805.36	2985.00
805.54	3004.00
805.73	3002.00
805.92	2928.00
806.11	2953.00
806.29	2963.00
806.48	2934.00
806.67	2937.00
806.86	3018.00
807.04	3082.00
807.23	3040.00
807.42	2971.00
807.61	2966.00
807.79	3071.00
807.98	3031.00
808.17	2990.00
808.35	3050.00
808.54	3055.00
808.73	2986.00
808.92	3075.00
809.10	3063.00
809.29	2981.00
809.48	2929.00
809.67	2925.00
809.85	3021.00
810.04	3103.00
810.23	3063.00
810.41	2919.00
810.60	3070.00
810.79	3004.00
810.98	2915.00
811.16	2960.00
811.35	3043.00
811.54	2971.00
811.72	2968.00
811.91	2913.00
812.10	2926.00
812.29	2924.00
812.47	3025.00
812.66	3036.00
812.85	3012.00
813.03	3005.00
813.22	2992.00
813.41	3053.00
813.60	3092.00
813.78	2950.00
813.97	2942.00
814.16	2932.00
814.34	2936.00
814.53	2966.00
814.72	2983.00
814.90	2971.00
815.09	3020.00
815.28	3002.00
815.47	2975.00
815.65	3040.00
815.84	2916.00
816.03	2932.00
816.21	2971.00
816.40	2984.00
816.59	2954.00
816.77	3010.00
816.96	3012.00
817.15	3006.00
817.33	3044.00
817.52	3031.00
817.71	3023.00
817.90	2974.00
818.08	2941.00
818.27	2996.00
818.46	3042.00
818.64	2956.00
818.83	3069.00
819.02	3029.00
819.20	3002.00
819.39	2975.00
819.58	2972.00
819.76	2984.00
819.95	2970.00
820.14	2957.00
820.32	2915.00
820.51	2940.00
820.70	2910.00
820.88	2915.00
821.07	2984.00
821.26	2980.00
821.44	3034.00
821.63	3065.00
821.82	2979.00
822.01	2994.00
822.19	3046.00
822.38	3007.00
822.57	3024.00
822.75	2903.00
822.94	2873.00
823.13	2917.00
823.31	2962.00
823.50	2986.00
823.69	2945.00
823.87	2894.00
824.06	2891.00
824.25	2905.00
824.43	2987.00
824.62	2930.00
824.80	2819.00
824.99	2922.00
825.18	2924.00
825.36	2882.00
825.55	2911.00
825.74	2903.00
825.92	2811.00
826.11	2852.00
826.30	2819.00
826.48	2862.00
826.67	2918.00
826.86	2917.00
827.04	2924.00
827.23	2923.00
827.42	2899.00
827.60	2879.00
827.79	2890.00
827.98	2844.00
828.16	2829.00
828.35	2800.00
828.54	2793.00
828.72	2819.00
828.91	2782.00
829.09	2795.00
829.28	2802.00
829.47	2717.00
829.65	2815.00
829.84	2825.00
830.03	2797.00
830.21	2869.00
830.40	2902.00
830.59	2831.00
830.77	2810.00
830.96	2806.00
831.14	2842.00
831.33	2835.00
831.52	2768.00
831.70	2721.00
831.89	2739.00
832.08	2717.00
832.26	2780.00
832.45	2858.00
832.64	2839.00
832.82	2768.00
833.01	2714.00
833.19	2736.00
833.38	2761.00
833.57	2811.00
833.75	2772.00
833.94	2827.00
834.13	2820.00
834.31	2786.00
834.50	2845.00
834.68	2812.00
834.87	2691.00
835.06	2772.00
835.24	2745.00
835.43	2677.00
835.61	2770.00
835.80	2723.00
835.99	2576.00
836.17	2627.00
836.36	2687.00
836.55	2719.00
836.73	2666.00
836.92	2668.00
837.10	2684.00
837.29	2657.00
837.48	2659.00
837.66	2661.00
837.85	2644.00
838.03	2726.00
838.22	2735.00
838.41	2742.00
838.59	2752.00
838.78	2736.00
838.96	2717.00
839.15	2739.00
839.34	2663.00
839.52	2676.00
839.71	2682.00
839.89	2610.00
840.08	2605.00
840.27	2679.00
840.45	2602.00
840.64	2619.00
840.82	2581.00
841.01	2707.00
841.20	2701.00
841.38	2623.00
841.57	2575.00
841.75	2635.00
841.94	2563.00
842.13	2525.00
842.31	2542.00
842.50	2538.00
842.68	2518.00
842.87	2521.00
843.05	2595.00
843.24	2617.00
843.43	2521.00
843.61	2559.00
843.80	2573.00
843.98	2561.00
844.17	2543.00
844.36	2429.00
844.54	2520.00
844.73	2532.00
844.91	2476.00
845.10	2431.00
845.28	2504.00
845.47	2434.00
845.66	2466.00
845.84	2382.00
846.03	2478.00
846.21	2434.00
846.40	2409.00
846.58	2419.00
846.77	2341.00
846.96	2327.00
847.14	2371.00
847.33	2437.00
847.51	2432.00
847.70	2466.00
847.88	2394.00
848.07	2402.00
848.25	2486.00
848.44	2408.00
848.63	2351.00
848.81	2361.00
849.00	2395.00
849.18	2377.00
849.37	2352.00
849.55	2426.00
849.74	2439.00
849.93	2394.00
850.11	2352.00
850.30	2348.00
850.48	2335.00
850.67	2315.00
850.85	2307.00
851.04	2366.00
851.22	2324.00
851.41	2244.00
851.59	2307.00
851.78	2207.00
851.97	2333.00
852.15	2366.00
852.34	2332.00
852.52	2262.00
852.71	2235.00
852.89	2253.00
853.08	2323.00
853.26	2344.00
853.45	2329.00
853.63	2367.00
853.82	2294.00
854.01	2234.00
854.19	2222.00
854.38	2309.00
854.56	2283.00
854.75	2269.00
854.93	2325.00
855.12	2261.00
855.30	2203.00
855.49	2195.00
855.67	2157.00
855.86	2199.00
856.04	2121.00
856.23	2191.00
856.41	2227.00
856.60	2161.00
856.79	2195.00
856.97	2193.00
857.16	2139.00
857.34	2177.00
857.53	2130.00
857.71	2166.00
857.90	2254.00
858.08	2273.00
858.27	2217.00
858.45	2123.00
858.64	2099.00
858.82	2071.00
859.01	2188.00
859.19	2164.00
859.38	2112.00
859.56	2164.00
859.75	2120.00
859.93	2116.00
860.12	2084.00
860.30	2136.00
860.49	2044.00
860.67	2042.00
860.86	2042.00
861.04	2122.00
861.23	2178.00
861.41	2214.00
861.60	2161.00
861.78	2155.00
861.97	2097.00
862.15	1949.00
862.34	2005.00
862.53	2115.00
862.71	2016.00
862.90	2016.00
863.08	2091.00
863.27	2049.00
863.45	2045.00
863.64	2036.00
863.82	1980.00
864.01	1948.00
864.19	1936.00
864.37	1916.00
864.56	1960.00
864.74	1986.00
864.93	1970.00
865.11	1990.00
865.30	2012.00
865.48	1984.00
865.67	1907.00
865.85	1945.00
866.04	1995.00
866.22	1948.00
866.41	1898.00
866.59	1870.00
866.78	1895.00
866.96	1859.00
867.15	1858.00
867.33	1855.00
867.52	1871.00
867.70	1889.00
867.89	1935.00
868.07	1859.00
868.26	1840.00
868.44	1920.00
868.63	1904.00
868.81	1906.00
869.00	1898.00
869.18	1894.00
869.37	1854.00
869.55	1942.00
869.74	2001.00
869.92	1915.00
870.10	1841.00
870.29	1839.00
870.47	1875.00
870.66	1853.00
870.84	1847.00
871.03	1829.00
871.21	1808.00
871.40	1798.00
871.58	1822.00
871.77	1877.00
871.95	1840.00
872.14	1964.00
872.32	1815.00
872.51	1715.00
872.69	1781.00
872.87	1814.00
873.06	1774.00
873.24	1778.00
873.43	1756.00
873.61	1796.00
873.80	1755.00
873.98	1779.00
874.17	1757.00
874.35	1794.00
874.54	1794.00
874.72	1770.00
874.90	1758.00
875.09	1748.00
875.27	1831.00
875.46	1807.00
875.64	1749.00
875.83	1735.00
876.01	1762.00
876.20	1766.00
876.38	1742.00
876.56	1743.00
876.75	1749.00
876.93	1719.00
877.12	1743.00
877.30	1729.00
877.49	1658.00
877.67	1722.00
877.86	1707.00
878.04	1645.00
878.22	1649.00
878.41	1681.00
878.59	1707.00
878.78	1605.00
878.96	1580.00
879.15	1698.00
879.33	1731.00
879.51	1651.00
879.70	1699.00
879.88	1678.00
880.07	1663.00
880.25	1701.00
880.44	1705.00
880.62	1699.00
880.80	1685.00
880.99	1665.00
881.17	1642.00
881.36	1678.00
881.54	1713.00
881.73	1711.00
881.91	1736.00
882.09	1723.00
882.28	1697.00
882.46	1664.00
882.65	1702.00
882.83	1746.00
883.02	1659.00
883.20	1661.00
883.38	1676.00
883.57	1701.00
883.75	1705.00
883.94	1667.00
884.12	1628.00
884.30	1630.00
884.49	1577.00
884.67	1624.00
884.86	1730.00
885.04	1624.00
885.22	1515.00
885.41	1589.00
885.59	1652.00
885.78	1599.00
885.96	1630.00
886.14	1734.00
886.33	1738.00
886.51	1640.00
886.70	1629.00
886.88	1629.00
887.06	1641.00
887.25	1571.00
887.43	1630.00
887.62	1608.00
887.80	1532.00
887.98	1553.00
888.17	1649.00
888.35	1719.00
888.54	1706.00
888.72	1672.00
888.90	1720.00
889.09	1717.00
889.27	1627.00
889.46	1553.00
889.64	1616.00
889.82	1718.00
890.01	1635.00
890.19	1570.00
890.38	1605.00
890.56	1694.00
890.74	1627.00
890.93	1639.00
891.11	1689.00
891.29	1614.00
891.48	1595.00
891.66	1547.00
891.85	1615.00
892.03	1607.00
892.21	1579.00
892.40	1599.00
892.58	1647.00
892.76	1589.00
892.95	1541.00
893.13	1507.00
893.32	1607.00
893.50	1631.00
893.68	1589.00
893.87	1639.00
894.05	1652.00
894.23	1638.00
894.42	1633.00
894.60	1633.00
894.79	1693.00
894.97	1678.00
895.15	1655.00
895.34	1637.00
895.52	1596.00
895.70	1592.00
895.89	1613.00
896.07	1584.00
896.25	1676.00
896.44	1652.00
896.62	1672.00
896.81	1740.00
896.99	1724.00
897.17	1726.00
897.36	1682.00
897.54	1688.00
897.72	1654.00
897.91	1682.00
898.09	1717.00
898.27	1699.00
898.46	1628.00
898.64	1691.00
898.82	1751.00
899.01	1695.00
899.19	1764.00
899.37	1724.00
899.56	1670.00
899.74	1661.00
899.92	1640.00
900.11	1640.00
900.29	1648.00
900.47	1641.00
900.66	1740.00
900.84	1700.00
901.03	1740.00
901.21	1726.00
901.39	1722.00
901.58	1692.00
901.76	1700.00
901.94	1744.00
902.13	1703.00
902.31	1757.00
902.49	1842.00
902.68	1770.00
902.86	1754.00
903.04	1721.00
903.23	1757.00
903.41	1767.00
903.59	1769.00
903.78	1779.00
903.96	1768.00
904.14	1790.00
904.32	1731.00
904.51	1773.00
904.69	1832.00
904.87	1768.00
905.06	1791.00
905.24	1778.00
905.42	1770.00
905.61	1816.00
905.79	1834.00
905.97	1814.00
906.16	1815.00
906.34	1827.00
906.52	1826.00
906.71	1789.00
906.89	1789.00
907.07	1819.00
907.26	1843.00
907.44	1851.00
907.62	1906.00
907.81	1800.00
907.99	1783.00
908.17	1759.00
908.35	1732.00
908.54	1801.00
908.72	1738.00
908.90	1707.00
909.09	1780.00
909.27	1830.00
909.45	1802.00
909.64	1845.00
909.82	1748.00
910.00	1784.00
910.18	1729.00
910.37	1785.00
910.55	1792.00
910.73	1722.00
910.92	1830.00
911.10	1835.00
911.28	1726.00
911.47	1760.00
911.65	1835.00
911.83	1885.00
912.01	1902.00
912.20	1819.00
912.38	1864.00
912.56	1806.00
912.75	1765.00
912.93	1787.00
913.11	1695.00
913.29	1680.00
913.48	1773.00
913.66	1723.00
913.84	1786.00
914.03	1762.00
914.21	1706.00
914.39	1703.00
914.57	1712.00
914.76	1727.00
914.94	1735.00
915.12	1801.00
915.31	1732.00
915.49	1774.00
915.67	1768.00
915.85	1719.00
916.04	1818.00
916.22	1762.00
916.40	1711.00
916.58	1728.00
916.77	1640.00
916.95	1613.00
917.13	1757.00
917.32	1715.00
917.50	1706.00
917.68	1660.00
917.86	1674.00
918.05	1703.00
918.23	1631.00
918.41	1713.00
918.59	1678.00
918.78	1667.00
918.96	1670.00
919.14	1731.00
919.32	1655.00
919.51	1619.00
919.69	1705.00
919.87	1655.00
920.05	1680.00
920.24	1686.00
920.42	1654.00
920.60	1650.00
920.78	1618.00
920.97	1606.00
921.15	1587.00
921.33	1693.00
921.52	1703.00
921.70	1693.00
921.88	1663.00
922.06	1657.00
922.24	1631.00
922.43	1605.00
922.61	1667.00
922.79	1676.00
922.97	1597.00
923.16	1559.00
923.34	1602.00
923.52	1555.00
923.70	1584.00
923.89	1584.00
924.07	1577.00
924.25	1569.00
924.43	1583.00
924.62	1542.00
924.80	1540.00
924.98	1620.00
925.16	1587.00
925.35	1543.00
925.53	1509.00
925.71	1556.00
925.89	1570.00
926.08	1568.00
926.26	1556.00
926.44	1532.00
926.62	1524.00
926.80	1579.00
926.99	1516.00
927.17	1564.00
927.35	1570.00
927.53	1538.00
927.72	1541.00
927.90	1574.00
928.08	1614.00
928.26	1507.00
928.44	1499.00
928.63	1487.00
928.81	1463.00
928.99	1501.00
929.17	1545.00
929.36	1521.00
929.54	1535.00
929.72	1489.00
929.90	1469.00
930.08	1475.00
930.27	1492.00
930.45	1430.00
930.63	1376.00
930.81	1417.00
930.99	1492.00
931.18	1516.00
931.36	1487.00
931.54	1454.00
931.72	1421.00
931.90	1400.00
932.09	1376.00
932.27	1368.00
932.45	1339.00
932.63	1365.00
932.81	1424.00
933.00	1348.00
933.18	1340.00
933.36	1342.00
933.54	1314.00
933.72	1354.00
933.91	1346.00
934.09	1308.00
934.27	1341.00
934.45	1313.00
934.63	1239.00
934.82	1201.00
935.00	1242.00
935.18	1232.00
935.36	1210.00
935.54	1150.00
935.73	1127.00
935.91	1095.00
936.09	1074.00
936.27	1107.00
936.45	1111.00
936.64	1161.00
936.82	1196.00
937.00	1117.00
937.18	1075.00
937.36	990.00
937.54	990.00
937.73	1058.00
937.91	1028.00
938.09	1050.00
938.27	993.00
938.45	989.00
938.63	971.00
938.82	918.00
939.00	939.00
939.18	1001.00
939.36	939.00
939.54	932.00
939.73	905.00
939.91	877.00
940.09	892.00
940.27	860.00
940.45	796.00
940.63	847.00
940.82	805.00
941.00	736.00
941.18	716.00
941.36	738.00
941.54	841.00
941.72	809.00
941.91	786.00
942.09	800.00
942.27	771.00
942.45	799.00
942.63	769.00
942.81	781.00
942.99	728.00
943.18	664.00
943.36	623.00
943.54	673.00
943.72	722.00
943.90	710.00
944.08	704.00
944.27	713.00
944.45	689.00
944.63	713.00
944.81	761.00
944.99	772.00
945.17	729.00
945.35	801.00
945.54	839.00
945.72	747.00
945.90	700.00
946.08	687.00
946.26	718.00
946.44	735.00
946.62	699.00
946.81	768.00
946.99	717.00
947.17	647.00
947.35	714.00
947.53	679.00
947.71	710.00
947.89	693.00
948.07	717.00
948.26	717.00
948.44	735.00
948.62	729.00
948.80	708.00
948.98	747.00
949.16	680.00
949.34	682.00
949.53	773.00
949.71	800.00
949.89	769.00
950.07	728.00
950.25	717.00
950.43	755.00
950.61	700.00
950.79	698.00
950.98	742.00
951.16	768.00
951.34	754.00
951.52	800.00
951.70	809.00
951.88	807.00
952.06	752.00
952.24	755.00
952.42	764.00
952.61	664.00
952.79	625.00
952.97	714.00
953.15	733.00
953.33	674.00
953.51	580.00
953.69	644.00
953.87	749.00
954.05	777.00
954.24	687.00
954.42	692.00
954.60	680.00
954.78	629.00
954.96	661.00
955.14	656.00
955.32	668.00
955.50	690.00
955.68	785.00
955.86	723.00
956.05	656.00
956.23	682.00
956.41	693.00
956.59	736.00
956.77	762.00
956.95	730.00
957.13	649.00
957.31	681.00
957.49	678.00
957.67	675.00
957.86	693.00
958.04	683.00
958.22	717.00
958.40	727.00
958.58	693.00
958.76	666.00
958.94	719.00
959.12	688.00
959.30	673.00
959.48	673.00
959.66	705.00
959.84	683.00
960.03	630.00
960.21	671.00
960.39	726.00
960.57	704.00
960.75	704.00
960.93	687.00
961.11	687.00
961.29	655.00
961.47	652.00
961.65	692.00
961.83	646.00
962.01	709.00
962.19	654.00
962.37	618.00
962.56	660.00
962.74	663.00
962.92	660.00
963.10	625.00
963.28	711.00
963.46	746.00
963.64	653.00
963.82	626.00
964.00	665.00
964.18	658.00
964.36	673.00
964.54	618.00
964.72	675.00
964.90	633.00
965.08	625.00
965.27	651.00
965.45	587.00
965.63	613.00
965.81	643.00
965.99	597.00
966.17	546.00
966.35	584.00
966.53	627.00
966.71	645.00
966.89	610.00
967.07	675.00
967.25	686.00
967.43	646.00
967.61	582.00
967.79	545.00
967.97	655.00
968.15	723.00
968.33	691.00
968.51	631.00
968.69	661.00
968.87	756.00
969.06	671.00
969.24	586.00
969.42	558.00
969.60	652.00
969.78	542.00
969.96	572.00
970.14	613.00
970.32	573.00
970.50	572.00
970.68	545.00
970.86	554.00
971.04	582.00
971.22	561.00
971.40	580.00
971.58	587.00
971.76	533.00
971.94	577.00
972.12	623.00
972.30	618.00
972.48	540.00
972.66	530.00
972.84	527.00
973.02	540.00
973.20	573.00
973.38	570.00
973.56	539.00
973.74	560.00
973.92	574.00
974.10	533.00
974.28	541.00
974.46	552.00
974.64	518.00
974.82	505.00
975.00	526.00
975.18	584.00
975.36	522.00
975.54	507.00
975.72	522.00
975.90	517.00
976.08	580.00
976.26	591.00
976.44	609.00
976.62	597.00
976.80	537.00
976.98	488.00
977.16	471.00
977.34	465.00
977.52	491.00
977.70	521.00
977.88	532.00
978.06	572.00
978.24	533.00
978.42	546.00
978.60	533.00
978.78	464.00
978.96	458.00
979.14	478.00
979.32	481.00
979.50	513.00
979.68	546.00
979.86	509.00
980.04	487.00
980.22	523.00
980.40	508.00
980.58	501.00
980.76	488.00
980.94	461.00
981.12	470.00
981.30	508.00
981.48	559.00
981.66	514.00
981.84	443.00
982.02	469.00
982.20	450.00
982.38	518.00
982.56	475.00
982.74	469.00
982.92	412.00
983.10	441.00
983.28	461.00
983.46	463.00
983.64	484.00
983.82	482.00
984.00	486.00
984.18	451.00
984.36	465.00
984.54	472.00
984.72	429.00
984.90	489.00
985.08	451.00
985.26	468.00
985.44	462.00
985.62	440.00
985.80	455.00
985.98	520.00
986.16	440.00
986.34	437.00
986.51	482.00
986.69	437.00
986.87	446.00
987.05	442.00
987.23	394.00
987.41	513.00
987.59	453.00
987.77	425.00
987.95	449.00
988.13	447.00
988.31	433.00
988.49	442.00
988.67	438.00
988.85	422.00
989.03	405.00
989.21	411.00
989.39	411.00
989.57	451.00
989.75	437.00
989.93	386.00
990.11	460.00
990.28	402.00
990.46	434.00
990.64	415.00
990.82	409.00
991.00	416.00
991.18	441.00
991.36	393.00
991.54	395.00
991.72	365.00
991.90	318.00
992.08	362.00
992.26	398.00
992.44	405.00
992.62	461.00
992.80	441.00
992.98	413.00
993.15	397.00
993.33	375.00
993.51	384.00
993.69	442.00
993.87	359.00
994.05	333.00
994.23	275.00
994.41	328.00
994.59	429.00
994.77	435.00
994.95	406.00
995.13	418.00
995.31	478.00
995.48	427.00
995.66	374.00
995.84	389.00
996.02	393.00
996.20	393.00
996.38	393.00
996.56	427.00
996.74	469.00
996.92	316.00
997.10	406.00
997.28	386.00
997.46	415.00
997.63	359.00
997.81	304.00
997.99	315.00
998.17	353.00
998.35	375.00
998.53	346.00
998.71	356.00
998.89	390.00
999.07	415.00
999.25	475.00
999.43	423.00
999.60	320.00
999.78	301.00
999.96	330.00
1000.14	333.00
1000.32	302.00
1000.50	310.00
1000.68	370.00
1000.86	393.00
1001.04	347.00
1001.21	303.00
1001.39	327.00
1001.57	359.00
1001.75	366.00
1001.93	414.00
1002.11	406.00
1002.29	387.00
1002.47	387.00
1002.65	285.00
1002.82	307.00
1003.00	331.00
1003.18	303.00
1003.36	339.00
1003.54	373.00
1003.72	370.00
1003.90	305.00
1004.08	315.00
1004.26	333.00
1004.43	320.00
1004.61	321.00
1004.79	309.00
1004.97	361.00
1005.15	335.00
1005.33	334.00
1005.51	310.00
1005.69	285.00
1005.86	279.00
1006.04	281.00
1006.22	305.00
1006.40	339.00
1006.58	295.00
1006.76	318.00
1006.94	312.00
1007.12	336.00
1007.29	398.00
1007.47	342.00
1007.65	357.00
1007.83	368.00
1008.01	358.00
1008.19	331.00
1008.37	301.00
1008.54	358.00
1008.72	304.00
1008.90	301.00
1009.08	342.00
1009.26	295.00
1009.44	313.00
1009.62	332.00
1009.79	337.00
1009.97	317.00
1010.15	290.00
1010.33	232.00
1010.51	260.00
1010.69	277.00
1010.87	271.00
1011.04	325.00
1011.22	292.00
1011.40	254.00
1011.58	275.00
1011.76	246.00
1011.94	292.00
1012.11	300.00
1012.29	227.00
1012.47	316.00
1012.65	287.00
1012.83	268.00
1013.01	272.00
1013.18	267.00
1013.36	306.00
1013.54	318.00
1013.72	282.00
1013.90	290.00
1014.08	322.00
1014.25	325.00
1014.43	275.00
1014.61	237.00
1014.79	263.00
1014.97	211.00
1015.15	249.00
1015.32	265.00
1015.50	216.00
1015.68	242.00
1015.86	302.00
1016.04	265.00
1016.22	277.00
1016.39	272.00
1016.57	261.00
1016.75	275.00
1016.93	264.00
1017.11	260.00
1017.29	298.00
1017.46	262.00
1017.64	265.00
1017.82	284.00
1018.00	220.00
1018.18	215.00
1018.35	251.00
1018.53	251.00
1018.71	210.00
1018.89	190.00
1019.07	234.00
1019.24	274.00
1019.42	293.00
1019.60	231.00
1019.78	199.00
1019.96	223.00
1020.14	243.00
1020.31	214.00
1020.49	232.00
1020.67	214.00
1020.85	252.00
1021.03	237.00
1021.20	243.00
1021.38	246.00
1021.56	241.00
1021.74	214.00
1021.92	210.00
1022.09	254.00
1022.27	259.00
1022.45	221.00
1022.63	201.00
1022.81	231.00
1022.98	339.00
1023.16	324.00
1023.34	341.00
1023.52	267.00
1023.69	209.00
1023.87	156.00
1024.05	202.00
1024.23	233.00
1024.41	195.00
1024.58	257.00
1024.76	294.00
1024.94	273.00
1025.12	289.00
1025.30	242.00
1025.47	226.00
1025.65	203.00
1025.83	216.00
1026.01	215.00
1026.18	219.00
1026.36	251.00
1026.54	259.00
1026.72	242.00
1026.90	214.00
1027.07	261.00
1027.25	216.00
1027.43	166.00
1027.61	225.00
1027.78	255.00
1027.96	251.00
1028.14	228.00
1028.32	217.00
1028.49	197.00
1028.67	187.00
1028.85	180.00
1029.03	206.00
1029.21	200.00
1029.38	261.00
1029.56	208.00
1029.74	174.00
1029.92	223.00
1030.09	200.00
1030.27	241.00
1030.45	252.00
1030.63	187.00
1030.80	197.00
1030.98	182.00
1031.16	186.00
1031.34	184.00
1031.51	220.00
1031.69	237.00
1031.87	191.00
1032.05	121.00
1032.22	198.00
1032.40	226.00
1032.58	227.00
1032.76	291.00
1032.93	193.00
1033.11	181.00
1033.29	159.00
1033.47	218.00
1033.64	226.00
1033.82	196.00
1034.00	160.00
1034.18	191.00
1034.35	179.00
1034.53	263.00
1034.71	274.00
1034.89	262.00
1035.06	225.00
1035.24	115.00
1035.42	146.00
1035.59	147.00
1035.77	177.00
1035.95	157.00
1036.13	163.00
1036.30	165.00
1036.48	202.00
1036.66	177.00
1036.84	171.00
1037.01	204.00
1037.19	182.00
1037.37	235.00
1037.54	229.00
1037.72	225.00
1037.90	182.00
1038.08	191.00
1038.25	213.00
1038.43	221.00
1038.61	251.00
1038.79	205.00
1038.96	170.00
1039.14	131.00
1039.32	128.00
1039.49	122.00
1039.67	112.00
1039.85	207.00
1040.03	212.00
1040.20	230.00
1040.38	223.00
1040.56	170.00
1040.73	170.00
1040.91	186.00
1041.09	149.00
1041.27	132.00
1041.44	127.00
1041.62	177.00
1041.80	227.00
1041.97	222.00
1042.15	168.00
1042.33	149.00
1042.50	180.00
1042.68	170.00
1042.86	203.00
1043.04	196.00
1043.21	181.00
1043.39	236.00
1043.57	177.00
1043.74	167.00
1043.92	130.00
1044.10	126.00
1044.27	168.00
1044.45	214.00
1044.63	144.00
1044.80	111.00
1044.98	139.00
1045.16	154.00
1045.34	211.00
1045.51	160.00
1045.69	135.00
1045.87	177.00
1046.04	161.00
1046.22	174.00
1046.40	138.00
1046.57	162.00
1046.75	180.00
1046.93	96.00
1047.10	117.00
1047.28	127.00
1047.46	169.00
1047.63	216.00
1047.81	178.00
1047.99	155.00
1048.16	179.00
1048.34	208.00
1048.52	142.00
1048.69	159.00
1048.87	141.00
1049.05	198.00
1049.22	130.00
1049.40	159.00
1049.58	193.00
1049.75	144.00
1049.93	153.00
1050.11	237.00
1050.28	207.00
1050.46	197.00
1050.64	142.00
1050.81	150.00
1050.99	169.00
1051.17	153.00
1051.34	129.00
1051.52	159.00
1051.70	193.00
1051.87	130.00
1052.05	153.00
1052.23	146.00
1052.40	131.00
1052.58	138.00
1052.76	89.00
1052.93	80.00
1053.11	75.00
1053.29	166.00
1053.46	177.00
1053.64	118.00
1053.82	142.00
1053.99	164.00
1054.17	109.00
1054.35	122.00
1054.52	93.00
1054.70	117.00
1054.87	126.00
1055.05	89.00
1055.23	127.00
1055.40	142.00
1055.58	178.00
1055.76	147.00
1055.93	98.00
1056.11	119.00
1056.29	113.00
1056.46	137.00
1056.64	131.00
1056.81	103.00
1056.99	95.00
1057.17	107.00
1057.34	89.00
1057.52	125.00
1057.70	148.00
1057.87	197.00
1058.05	111.00
1058.22	80.00
1058.40	57.00
1058.58	110.00
1058.75	100.00
1058.93	108.00
1059.11	118.00
1059.28	116.00
1059.46	125.00
1059.63	180.00
1059.81	172.00
1059.99	187.00
1060.16	180.00
1060.34	171.00
1060.52	104.00
1060.69	130.00
1060.87	72.00
1061.04	12.00
1061.22	36.00
