367.62	22.00
367.82	11.00
368.02	1.00
368.23	34.00
368.43	-31.00
368.63	-29.00
368.83	33.00
369.04	-8.00
369.24	-39.00
369.44	-14.00
369.65	10.00
369.85	30.00
370.05	16.00
370.25	69.00
370.46	23.00
370.66	-15.00
370.86	35.00
371.07	16.00
371.27	39.00
371.47	34.00
371.67	53.00
371.88	51.00
372.08	-16.00
372.28	-58.00
372.49	-31.00
372.69	-40.00
372.89	-10.00
373.09	8.00
373.30	-35.00
373.50	-53.00
373.70	-30.00
373.91	-27.00
374.11	6.00
374.31	59.00
374.51	30.00
374.72	-11.00
374.92	-15.00
375.12	41.00
375.33	32.00
375.53	-19.00
375.73	26.00
375.93	51.00
376.14	27.00
376.34	-4.00
376.54	66.00
376.74	7.00
376.95	10.00
377.15	4.00
377.35	-8.00
377.55	-25.00
377.76	-33.00
377.96	1.00
378.16	18.00
378.37	-4.00
378.57	-23.00
378.77	5.00
378.97	17.00
379.18	43.00
379.38	70.00
379.58	53.00
379.78	19.00
379.99	14.00
380.19	15.00
380.39	-23.00
380.59	-20.00
380.80	26.00
381.00	5.00
381.20	-98.00
381.40	-26.00
381.61	62.00
381.81	39.00
382.01	-3.00
382.21	-21.00
382.42	-43.00
382.62	51.00
382.82	3.00
383.02	-40.00
383.23	25.00
383.43	-23.00
383.63	8.00
383.83	-33.00
384.04	20.00
384.24	-22.00
384.44	-8.00
384.64	20.00
384.85	24.00
385.05	26.00
385.25	9.00
385.45	-6.00
385.66	-42.00
385.86	-8.00
386.06	35.00
386.26	7.00
386.47	-1.00
386.67	41.00
386.87	40.00
387.07	32.00
387.27	12.00
387.48	-23.00
387.68	-32.00
387.88	10.00
388.08	-8.00
388.29	60.00
388.49	41.00
388.69	2.00
388.89	-11.00
389.10	8.00
389.30	-2.00
389.50	22.00
389.70	-1.00
389.90	10.00
390.11	80.00
390.31	65.00
390.51	63.00
390.71	21.00
390.92	-25.00
391.12	-12.00
391.32	17.00
391.52	-59.00
391.72	49.00
391.93	19.00
392.13	-8.00
392.33	62.00
392.53	-5.00
392.74	24.00
392.94	19.00
393.14	18.00
393.34	31.00
393.54	35.00
393.75	44.00
393.95	-15.00
394.15	13.00
394.35	36.00
394.56	-2.00
394.76	20.00
394.96	1.00
395.16	5.00
395.36	16.00
395.57	-3.00
395.77	34.00
395.97	32.00
396.17	19.00
396.37	30.00
396.58	41.00
396.78	31.00
396.98	-4.00
397.18	-64.00
397.38	-43.00
397.59	15.00
397.79	23.00
397.99	14.00
398.19	18.00
398.39	78.00
398.60	14.00
398.80	-16.00
399.00	-31.00
399.20	-73.00
399.40	-55.00
399.61	-63.00
399.81	20.00
400.01	18.00
400.21	9.00
400.41	-32.00
400.62	6.00
400.82	28.00
401.02	-9.00
401.22	10.00
401.42	18.00
401.63	1.00
401.83	14.00
402.03	35.00
402.23	27.00
402.43	13.00
402.64	-5.00
402.84	61.00
403.04	12.00
403.24	22.00
403.44	11.00
403.64	-35.00
403.85	5.00
404.05	12.00
404.25	19.00
404.45	33.00
404.65	64.00
404.86	72.00
405.06	64.00
405.26	47.00
405.46	3.00
405.66	32.00
405.86	62.00
406.07	84.00
406.27	68.00
406.47	57.00
406.67	30.00
406.87	35.00
407.07	6.00
407.28	-2.00
407.48	-1.00
407.68	-1.00
407.88	8.00
408.08	7.00
408.28	-19.00
408.49	-41.00
408.69	-34.00
408.89	-38.00
409.09	64.00
409.29	87.00
409.49	35.00
409.70	-21.00
409.90	-1.00
410.10	0.00
410.30	-13.00
410.50	21.00
410.70	-16.00
410.91	-23.00
411.11	38.00
411.31	13.00
411.51	-23.00
411.71	8.00
411.91	-14.00
412.12	-41.00
412.32	18.00
412.52	26.00
412.72	-6.00
412.92	-19.00
413.12	21.00
413.32	-11.00
413.53	19.00
413.73	53.00
413.93	27.00
414.13	19.00
414.33	-12.00
414.53	-17.00
414.74	6.00
414.94	4.00
415.14	24.00
415.34	-10.00
415.54	-27.00
415.74	-7.00
415.94	16.00
416.15	62.00
416.35	17.00
416.55	30.00
416.75	62.00
416.95	40.00
417.15	-15.00
417.35	-3.00
417.56	-27.00
417.76	-69.00
417.96	8.00
418.16	-6.00
418.36	-16.00
418.56	2.00
418.76	37.00
418.97	54.00
419.17	23.00
419.37	64.00
419.57	23.00
419.77	-12.00
419.97	23.00
420.17	37.00
420.37	58.00
420.58	37.00
420.78	18.00
420.98	74.00
421.18	12.00
421.38	17.00
421.58	11.00
421.78	93.00
421.98	97.00
422.19	54.00
422.39	11.00
422.59	21.00
422.79	61.00
422.99	58.00
423.19	29.00
423.39	58.00
423.59	35.00
423.80	15.00
424.00	-5.00
424.20	25.00
424.40	-7.00
424.60	22.00
424.80	-54.00
425.00	-6.00
425.20	1.00
425.40	24.00
425.61	45.00
425.81	1.00
426.01	53.00
426.21	5.00
426.41	26.00
426.61	17.00
426.81	10.00
427.01	58.00
427.21	103.00
427.42	77.00
427.62	-12.00
427.82	-45.00
428.02	25.00
428.22	70.00
428.42	45.00
428.62	14.00
428.82	40.00
429.02	73.00
429.23	121.00
429.43	39.00
429.63	-41.00
429.83	58.00
430.03	39.00
430.23	30.00
430.43	13.00
430.63	24.00
430.83	29.00
431.03	36.00
431.24	35.00
431.44	-12.00
431.64	-12.00
431.84	-9.00
432.04	-86.00
432.24	-32.00
432.44	-32.00
432.64	-2.00
432.84	26.00
433.04	23.00
433.24	-2.00
433.45	8.00
433.65	-1.00
433.85	-19.00
434.05	-46.00
434.25	21.00
434.45	74.00
434.65	55.00
434.85	-27.00
435.05	-33.00
435.25	29.00
435.45	-11.00
435.65	39.00
435.86	17.00
436.06	-48.00
436.26	-60.00
436.46	-30.00
436.66	-24.00
436.86	-53.00
437.06	36.00
437.26	62.00
437.46	27.00
437.66	-12.00
437.86	46.00
438.06	78.00
438.26	25.00
438.47	14.00
438.67	52.00
438.87	17.00
439.07	-11.00
439.27	12.00
439.47	19.00
439.67	6.00
439.87	-18.00
440.07	24.00
440.27	18.00
440.47	59.00
440.67	111.00
440.87	53.00
441.07	24.00
441.27	83.00
441.48	38.00
441.68	30.00
441.88	60.00
442.08	56.00
442.28	36.00
442.48	3.00
442.68	71.00
442.88	80.00
443.08	26.00
443.28	8.00
443.48	55.00
443.68	76.00
443.88	34.00
444.08	-17.00
444.28	10.00
444.48	-1.00
444.68	60.00
444.88	55.00
445.09	67.00
445.29	61.00
445.49	55.00
445.69	60.00
445.89	43.00
446.09	10.00
446.29	35.00
446.49	86.00
446.69	46.00
446.89	79.00
447.09	67.00
447.29	44.00
447.49	1.00
447.69	3.00
447.89	-29.00
448.09	22.00
448.29	-34.00
448.49	4.00
448.69	22.00
448.89	17.00
449.09	41.00
449.29	3.00
449.49	22.00
449.70	23.00
449.90	38.00
450.10	47.00
450.30	76.00
450.50	123.00
450.70	91.00
450.90	49.00
451.10	84.00
451.30	74.00
451.50	101.00
451.70	70.00
451.90	86.00
452.10	92.00
452.30	27.00
452.50	13.00
452.70	41.00
452.90	79.00
453.10	80.00
453.30	71.00
453.50	21.00
453.70	81.00
453.90	69.00
454.10	28.00
454.30	43.00
454.50	51.00
454.70	21.00
454.90	27.00
455.10	76.00
455.30	95.00
455.50	83.00
455.70	115.00
455.90	122.00
456.10	58.00
456.30	-8.00
456.50	57.00
456.70	99.00
456.90	131.00
457.10	105.00
457.30	72.00
457.50	111.00
457.70	80.00
457.90	108.00
458.10	67.00
458.30	24.00
458.50	47.00
458.70	108.00
458.90	60.00
459.10	11.00
459.30	46.00
459.50	115.00
459.70	46.00
459.90	2.00
460.10	19.00
460.30	51.00
460.50	67.00
460.70	109.00
460.90	37.00
461.10	63.00
461.30	61.00
461.50	68.00
461.70	99.00
461.90	46.00
462.10	-29.00
462.30	52.00
462.50	104.00
462.70	56.00
462.90	53.00
463.10	33.00
463.30	76.00
463.50	96.00
463.70	54.00
463.90	89.00
464.10	85.00
464.30	116.00
464.50	88.00
464.70	57.00
464.90	-29.00
465.10	80.00
465.30	110.00
465.50	26.00
465.70	34.00
465.90	117.00
466.10	82.00
466.30	105.00
466.50	95.00
466.70	137.00
466.90	154.00
467.10	99.00
467.30	75.00
467.50	57.00
467.70	40.00
467.90	65.00
468.10	43.00
468.30	41.00
468.50	93.00
468.70	166.00
468.90	93.00
469.10	92.00
469.30	107.00
469.50	88.00
469.70	83.00
469.90	67.00
470.10	26.00
470.30	35.00
470.50	-8.00
470.70	37.00
470.90	82.00
471.10	77.00
471.29	129.00
471.49	96.00
471.69	66.00
471.89	105.00
472.09	103.00
472.29	76.00
472.49	74.00
472.69	69.00
472.89	50.00
473.09	65.00
473.29	84.00
473.49	25.00
473.69	69.00
473.89	119.00
474.09	47.00
474.29	58.00
474.49	126.00
474.69	76.00
474.89	87.00
475.09	67.00
475.29	41.00
475.49	29.00
475.69	4.00
475.88	42.00
476.08	143.00
476.28	96.00
476.48	71.00
476.68	50.00
476.88	107.00
477.08	76.00
477.28	66.00
477.48	95.00
477.68	37.00
477.88	81.00
478.08	106.00
478.28	63.00
478.48	54.00
478.68	73.00
478.88	87.00
479.08	71.00
479.28	43.00
479.47	95.00
479.67	129.00
479.87	94.00
480.07	87.00
480.27	111.00
480.47	70.00
480.67	104.00
480.87	85.00
481.07	55.00
481.27	51.00
481.47	65.00
481.67	48.00
481.87	78.00
482.07	83.00
482.27	99.00
482.46	115.00
482.66	52.00
482.86	59.00
483.06	109.00
483.26	78.00
483.46	33.00
483.66	92.00
483.86	112.00
484.06	114.00
484.26	93.00
484.46	78.00
484.66	30.00
484.86	28.00
485.05	87.00
485.25	78.00
485.45	81.00
485.65	79.00
485.85	26.00
486.05	33.00
486.25	-9.00
486.45	52.00
486.65	69.00
486.85	55.00
487.05	69.00
487.25	164.00
487.44	78.00
487.64	42.00
487.84	124.00
488.04	127.00
488.24	42.00
488.44	139.00
488.64	103.00
488.84	54.00
489.04	8.00
489.24	-15.00
489.43	63.00
489.63	136.00
489.83	69.00
490.03	136.00
490.23	132.00
490.43	50.00
490.63	34.00
490.83	74.00
491.03	70.00
491.23	20.00
491.42	91.00
491.62	121.00
491.82	61.00
492.02	87.00
492.22	104.00
492.42	121.00
492.62	128.00
492.82	149.00
493.02	136.00
493.22	152.00
493.41	187.00
493.61	108.00
493.81	71.00
494.01	96.00
494.21	72.00
494.41	123.00
494.61	152.00
494.81	105.00
495.01	94.00
495.20	94.00
495.40	140.00
495.60	162.00
495.80	201.00
496.00	141.00
496.20	141.00
496.40	166.00
496.60	163.00
496.79	124.00
496.99	121.00
497.19	135.00
497.39	165.00
497.59	140.00
497.79	128.00
497.99	124.00
498.19	175.00
498.38	183.00
498.58	104.00
498.78	138.00
498.98	132.00
499.18	145.00
499.38	203.00
499.58	142.00
499.78	125.00
499.97	164.00
500.17	125.00
500.37	145.00
500.57	193.00
500.77	209.00
500.97	214.00
501.17	205.00
501.37	149.00
501.56	86.00
501.76	109.00
501.96	151.00
502.16	185.00
502.36	151.00
502.56	157.00
502.76	173.00
502.95	160.00
503.15	155.00
503.35	177.00
503.55	211.00
503.75	203.00
503.95	138.00
504.15	120.00
504.34	123.00
504.54	135.00
504.74	148.00
504.94	161.00
505.14	140.00
505.34	175.00
505.54	146.00
505.73	156.00
505.93	172.00
506.13	152.00
506.33	146.00
506.53	161.00
506.73	192.00
506.92	182.00
507.12	148.00
507.32	167.00
507.52	242.00
507.72	216.00
507.92	183.00
508.12	148.00
508.31	153.00
508.51	167.00
508.71	110.00
508.91	143.00
509.11	136.00
509.31	146.00
509.50	163.00
509.70	143.00
509.90	149.00
510.10	188.00
510.30	157.00
510.50	130.00
510.69	134.00
510.89	135.00
511.09	92.00
511.29	196.00
511.49	189.00
511.69	205.00
511.88	200.00
512.08	112.00
512.28	120.00
512.48	154.00
512.68	217.00
512.88	124.00
513.07	90.00
513.27	198.00
513.47	159.00
513.67	208.00
513.87	182.00
514.06	95.00
514.26	187.00
514.46	179.00
514.66	180.00
514.86	213.00
515.06	154.00
515.25	128.00
515.45	154.00
515.65	162.00
515.85	148.00
516.05	211.00
516.24	184.00
516.44	181.00
516.64	181.00
516.84	174.00
517.04	197.00
517.23	168.00
517.43	160.00
517.63	199.00
517.83	131.00
518.03	122.00
518.23	184.00
518.42	154.00
518.62	129.00
518.82	187.00
519.02	253.00
519.22	168.00
519.41	117.00
519.61	168.00
519.81	183.00
520.01	180.00
520.21	188.00
520.40	173.00
520.60	138.00
520.80	159.00
521.00	192.00
521.20	214.00
521.39	128.00
521.59	125.00
521.79	202.00
521.99	178.00
522.19	179.00
522.38	114.00
522.58	149.00
522.78	247.00
522.98	183.00
523.17	153.00
523.37	173.00
523.57	179.00
523.77	240.00
523.97	273.00
524.16	249.00
524.36	213.00
524.56	208.00
524.76	166.00
524.96	150.00
525.15	191.00
525.35	191.00
525.55	204.00
525.75	251.00
525.94	251.00
526.14	192.00
526.34	170.00
526.54	184.00
526.74	216.00
526.93	243.00
527.13	222.00
527.33	155.00
527.53	140.00
527.72	162.00
527.92	222.00
528.12	195.00
528.32	194.00
528.52	206.00
528.71	195.00
528.91	277.00
529.11	279.00
529.31	263.00
529.50	251.00
529.70	245.00
529.90	174.00
530.10	200.00
530.29	238.00
530.49	236.00
530.69	161.00
530.89	177.00
531.09	244.00
531.28	249.00
531.48	230.00
531.68	267.00
531.88	279.00
532.07	248.00
532.27	271.00
532.47	299.00
532.67	284.00
532.86	268.00
533.06	324.00
533.26	329.00
533.46	325.00
533.65	298.00
533.85	300.00
534.05	278.00
534.25	249.00
534.44	311.00
534.64	281.00
534.84	250.00
535.04	309.00
535.23	289.00
535.43	332.00
535.63	316.00
535.83	287.00
536.02	317.00
536.22	302.00
536.42	282.00
536.62	314.00
536.81	298.00
537.01	300.00
537.21	313.00
537.41	367.00
537.60	375.00
537.80	351.00
538.00	294.00
538.20	311.00
538.39	323.00
538.59	385.00
538.79	373.00
538.99	291.00
539.18	321.00
539.38	374.00
539.58	348.00
539.77	346.00
539.97	385.00
540.17	388.00
540.37	393.00
540.56	378.00
540.76	347.00
540.96	329.00
541.16	328.00
541.35	278.00
541.55	277.00
541.75	375.00
541.94	363.00
542.14	436.00
542.34	427.00
542.54	324.00
542.73	402.00
542.93	361.00
543.13	346.00
543.33	398.00
543.52	388.00
543.72	379.00
543.92	379.00
544.11	385.00
544.31	399.00
544.51	348.00
544.71	313.00
544.90	443.00
545.10	389.00
545.30	346.00
545.49	382.00
545.69	411.00
545.89	430.00
546.09	417.00
546.28	475.00
546.48	467.00
546.68	492.00
546.87	439.00
547.07	402.00
547.27	410.00
547.47	398.00
547.66	392.00
547.86	433.00
548.06	393.00
548.25	355.00
548.45	449.00
548.65	414.00
548.84	409.00
549.04	448.00
549.24	524.00
549.44	491.00
549.63	421.00
549.83	395.00
550.03	458.00
550.22	460.00
550.42	417.00
550.62	424.00
550.81	363.00
551.01	397.00
551.21	382.00
551.41	381.00
551.60	306.00
551.80	353.00
552.00	342.00
552.19	339.00
552.39	399.00
552.59	439.00
552.78	404.00
552.98	333.00
553.18	366.00
553.37	389.00
553.57	402.00
553.77	368.00
553.96	425.00
554.16	443.00
554.36	377.00
554.56	397.00
554.75	392.00
554.95	390.00
555.15	411.00
555.34	414.00
555.54	358.00
555.74	368.00
555.93	403.00
556.13	353.00
556.33	363.00
556.52	405.00
556.72	406.00
556.92	401.00
557.11	339.00
557.31	356.00
557.51	325.00
557.70	337.00
557.90	305.00
558.10	346.00
558.29	314.00
558.49	295.00
558.69	411.00
558.88	344.00
559.08	325.00
559.28	371.00
559.47	318.00
559.67	386.00
559.87	352.00
560.06	365.00
560.26	407.00
560.46	413.00
560.65	393.00
560.85	260.00
561.05	283.00
561.24	298.00
561.44	322.00
561.64	322.00
561.83	348.00
562.03	378.00
562.23	387.00
562.42	393.00
562.62	373.00
562.82	368.00
563.01	363.00
563.21	334.00
563.40	358.00
563.60	358.00
563.80	370.00
563.99	323.00
564.19	297.00
564.39	363.00
564.58	357.00
564.78	311.00
564.98	390.00
565.17	413.00
565.37	408.00
565.57	459.00
565.76	418.00
565.96	423.00
566.16	430.00
566.35	364.00
566.55	383.00
566.74	465.00
566.94	423.00
567.14	421.00
567.33	442.00
567.53	437.00
567.73	434.00
567.92	423.00
568.12	404.00
568.32	417.00
568.51	417.00
568.71	421.00
568.90	454.00
569.10	382.00
569.30	375.00
569.49	402.00
569.69	469.00
569.89	503.00
570.08	473.00
570.28	461.00
570.47	513.00
570.67	486.00
570.87	464.00
571.06	427.00
571.26	395.00
571.46	418.00
571.65	427.00
571.85	420.00
572.04	401.00
572.24	405.00
572.44	459.00
572.63	425.00
572.83	460.00
573.03	395.00
573.22	427.00
573.42	515.00
573.61	492.00
573.81	464.00
574.01	447.00
574.20	490.00
574.40	481.00
574.59	498.00
574.79	536.00
574.99	485.00
575.18	525.00
575.38	538.00
575.58	595.00
575.77	542.00
575.97	560.00
576.16	553.00
576.36	551.00
576.56	572.00
576.75	597.00
576.95	590.00
577.14	603.00
577.34	576.00
577.54	592.00
577.73	597.00
577.93	561.00
578.12	661.00
578.32	708.00
578.52	690.00
578.71	679.00
578.91	663.00
579.10	690.00
579.30	676.00
579.50	665.00
579.69	678.00
579.89	692.00
580.08	715.00
580.28	766.00
580.48	722.00
580.67	789.00
580.87	780.00
581.06	796.00
581.26	783.00
581.45	757.00
581.65	805.00
581.85	850.00
582.04	792.00
582.24	781.00
582.43	791.00
582.63	837.00
582.83	875.00
583.02	856.00
583.22	847.00
583.41	892.00
583.61	931.00
583.80	952.00
584.00	940.00
584.20	996.00
584.39	988.00
584.59	932.00
584.78	958.00
584.98	982.00
585.17	994.00
585.37	966.00
585.57	964.00
585.76	995.00
585.96	1061.00
586.15	1077.00
586.35	1071.00
586.54	1060.00
586.74	1121.00
586.94	1075.00
587.13	1114.00
587.33	1197.00
587.52	1254.00
587.72	1147.00
587.91	1149.00
588.11	1229.00
588.31	1212.00
588.50	1225.00
588.70	1204.00
588.89	1212.00
589.09	1234.00
589.28	1234.00
589.48	1210.00
589.68	1304.00
589.87	1290.00
590.07	1307.00
590.26	1287.00
590.46	1267.00
590.65	1340.00
590.85	1285.00
591.04	1282.00
591.24	1384.00
591.44	1326.00
591.63	1358.00
591.83	1409.00
592.02	1417.00
592.22	1444.00
592.41	1447.00
592.61	1421.00
592.80	1368.00
593.00	1505.00
593.19	1540.00
593.39	1547.00
593.59	1578.00
593.78	1614.00
593.98	1582.00
594.17	1584.00
594.37	1485.00
594.56	1481.00
594.76	1479.00
594.95	1531.00
595.15	1586.00
595.34	1591.00
595.54	1564.00
595.73	1563.00
595.93	1552.00
596.13	1589.00
596.32	1651.00
596.52	1630.00
596.71	1634.00
596.91	1666.00
597.10	1740.00
597.30	1690.00
597.49	1659.00
597.69	1691.00
597.88	1713.00
598.08	1710.00
598.27	1691.00
598.47	1666.00
598.66	1679.00
598.86	1741.00
599.06	1703.00
599.25	1706.00
599.45	1779.00
599.64	1800.00
599.84	1787.00
600.03	1813.00
600.23	1759.00
600.42	1829.00
600.62	1836.00
600.81	1798.00
601.01	1771.00
601.20	1803.00
601.40	1774.00
601.59	1824.00
601.79	1767.00
601.98	1787.00
602.18	1751.00
602.37	1739.00
602.57	1778.00
602.76	1889.00
602.96	1883.00
603.15	1842.00
603.35	1735.00
603.54	1773.00
603.74	1804.00
603.93	1839.00
604.13	1825.00
604.32	1848.00
604.52	1831.00
604.71	1792.00
604.91	1805.00
605.10	1811.00
605.30	1794.00
605.49	1775.00
605.69	1844.00
605.88	1835.00
606.08	1864.00
606.27	1843.00
606.47	1839.00
606.66	1836.00
606.86	1799.00
607.05	1744.00
607.25	1688.00
607.44	1712.00
607.64	1860.00
607.83	1844.00
608.03	1822.00
608.22	1814.00
608.42	1808.00
608.61	1836.00
608.81	1840.00
609.00	1871.00
609.20	1887.00
609.39	1918.00
609.59	1966.00
609.78	1980.00
609.98	2095.00
610.17	2269.00
610.37	2399.00
610.56	2583.00
610.76	2810.00
610.95	2904.00
611.15	3012.00
611.34	3113.00
611.54	3168.00
611.73	3057.00
611.93	2912.00
612.12	2680.00
612.32	2410.00
612.51	2274.00
612.71	2252.00
612.90	2174.00
613.09	2202.00
613.29	2119.00
613.48	2147.00
613.68	2170.00
613.87	2079.00
614.07	2017.00
614.26	1943.00
614.46	2025.00
614.65	2101.00
614.85	2092.00
615.04	2053.00
615.24	2063.00
615.43	2039.00
615.63	2049.00
615.82	1924.00
616.02	1897.00
616.21	1881.00
616.40	1896.00
616.60	1863.00
616.79	1778.00
616.99	1792.00
617.18	1812.00
617.38	1852.00
617.57	1913.00
617.77	1855.00
617.96	1800.00
618.16	1870.00
618.35	1840.00
618.54	1811.00
618.74	1826.00
618.93	1816.00
619.13	1835.00
619.32	1904.00
619.52	1868.00
619.71	1839.00
619.91	1972.00
620.10	1943.00
620.30	1860.00
620.49	1898.00
620.68	1856.00
620.88	1846.00
621.07	1883.00
621.27	1936.00
621.46	1961.00
621.66	1978.00
621.85	1893.00
622.05	1881.00
622.24	1964.00
622.43	2053.00
622.63	1973.00
622.82	1983.00
623.02	2008.00
623.21	2024.00
623.41	2038.00
623.60	2082.00
623.80	2064.00
623.99	2026.00
624.18	2028.00
624.38	1925.00
624.57	1953.00
624.77	1990.00
624.96	1973.00
625.16	1934.00
625.35	2047.00
625.54	2156.00
625.74	2135.00
625.93	2171.00
626.13	2127.00
626.32	2138.00
626.52	2078.00
626.71	2054.00
626.90	2084.00
627.10	2057.00
627.29	2111.00
627.49	2139.00
627.68	2179.00
627.88	2142.00
628.07	2140.00
628.26	2200.00
628.46	2214.00
628.65	2203.00
628.85	2261.00
629.04	2214.00
629.23	2272.00
629.43	2169.00
629.62	2143.00
629.82	2253.00
630.01	2223.00
630.21	2236.00
630.40	2279.00
630.59	2295.00
630.79	2337.00
630.98	2247.00
631.18	2314.00
631.37	2403.00
631.56	2463.00
631.76	2435.00
631.95	2366.00
632.15	2411.00
632.34	2327.00
632.53	2323.00
632.73	2312.00
632.92	2351.00
633.12	2349.00
633.31	2260.00
633.50	2279.00
633.70	2332.00
633.89	2271.00
634.09	2281.00
634.28	2360.00
634.47	2371.00
634.67	2420.00
634.86	2544.00
635.06	2533.00
635.25	2454.00
635.44	2447.00
635.64	2500.00
635.83	2530.00
636.03	2431.00
636.22	2437.00
636.41	2564.00
636.61	2492.00
636.80	2477.00
637.00	2477.00
637.19	2526.00
637.38	2596.00
637.58	2652.00
637.77	2656.00
637.96	2629.00
638.16	2629.00
638.35	2704.00
638.55	2612.00
638.74	2682.00
638.93	2755.00
639.13	2644.00
639.32	2608.00
639.51	2638.00
639.71	2651.00
639.90	2751.00
640.10	2748.00
640.29	2690.00
640.48	2679.00
640.68	2750.00
640.87	2743.00
641.07	2864.00
641.26	2885.00
641.45	2886.00
641.65	2827.00
641.84	2821.00
642.03	2866.00
642.23	2855.00
642.42	2861.00
642.61	2872.00
642.81	2947.00
643.00	2965.00
643.20	2909.00
643.39	2908.00
643.58	2958.00
643.78	2973.00
643.97	2993.00
644.16	2865.00
644.36	2998.00
644.55	3067.00
644.74	3054.00
644.94	3014.00
645.13	3011.00
645.33	3079.00
645.52	3089.00
645.71	3095.00
645.91	3059.00
646.10	3020.00
646.29	3020.00
646.49	3058.00
646.68	3094.00
646.87	3182.00
647.07	3136.00
647.26	3138.00
647.45	3191.00
647.65	3163.00
647.84	3247.00
648.03	3350.00
648.23	3197.00
648.42	3171.00
648.62	3207.00
648.81	3218.00
649.00	3253.00
649.20	3316.00
649.39	3274.00
649.58	3207.00
649.78	3213.00
649.97	3252.00
650.16	3224.00
650.36	3269.00
650.55	3271.00
650.74	3323.00
650.94	3418.00
651.13	3338.00
651.32	3290.00
651.52	3356.00
651.71	3365.00
651.90	3319.00
652.10	3311.00
652.29	3359.00
652.48	3406.00
652.68	3384.00
652.87	3375.00
653.06	3399.00
653.26	3320.00
653.45	3309.00
653.64	3340.00
653.84	3370.00
654.03	3379.00
654.22	3318.00
654.42	3267.00
654.61	3382.00
654.80	3379.00
654.99	3323.00
655.19	3397.00
655.38	3413.00
655.57	3371.00
655.77	3330.00
655.96	3343.00
656.15	3323.00
656.35	3339.00
656.54	3404.00
656.73	3369.00
656.93	3327.00
657.12	3316.00
657.31	3293.00
657.51	3352.00
657.70	3298.00
657.89	3357.00
658.09	3450.00
658.28	3420.00
658.47	3402.00
658.66	3357.00
658.86	3287.00
659.05	3267.00
659.24	3256.00
659.44	3373.00
659.63	3342.00
659.82	3346.00
660.02	3337.00
660.21	3352.00
660.40	3348.00
660.60	3355.00
660.79	3261.00
660.98	3224.00
661.17	3204.00
661.37	3244.00
661.56	3288.00
661.75	3233.00
661.95	3194.00
662.14	3302.00
662.33	3354.00
662.52	3314.00
662.72	3387.00
662.91	3425.00
663.10	3389.00
663.30	3353.00
663.49	3253.00
663.68	3200.00
663.88	3289.00
664.07	3202.00
664.26	3148.00
664.45	3138.00
664.65	3198.00
664.84	3092.00
665.03	3127.00
665.23	3184.00
665.42	3155.00
665.61	3131.00
665.80	3116.00
666.00	3129.00
666.19	3126.00
666.38	3126.00
666.57	3167.00
666.77	3112.00
666.96	3123.00
667.15	3111.00
667.35	3229.00
667.54	3180.00
667.73	3138.00
667.92	3063.00
668.12	2988.00
668.31	3041.00
668.50	3092.00
668.70	3081.00
668.89	3084.00
669.08	3060.00
669.27	2955.00
669.47	2966.00
669.66	3009.00
669.85	3072.00
670.04	3080.00
670.24	3074.00
670.43	3103.00
670.62	3082.00
670.81	3118.00
671.01	3018.00
671.20	3007.00
671.39	2968.00
671.58	2903.00
671.78	3029.00
671.97	3083.00
672.16	3026.00
672.36	2988.00
672.55	2969.00
672.74	3029.00
672.93	2977.00
673.13	3057.00
673.32	3032.00
673.51	2934.00
673.70	2910.00
673.90	2991.00
674.09	2999.00
674.28	2954.00
674.47	2955.00
674.67	2875.00
674.86	2958.00
675.05	3052.00
675.24	3005.00
675.44	2997.00
675.63	2946.00
675.82	2945.00
676.01	2962.00
676.21	2947.00
676.40	2989.00
676.59	2959.00
676.78	2866.00
676.97	2895.00
677.17	2899.00
677.36	2850.00
677.55	2793.00
677.74	2839.00
677.94	2987.00
678.13	3039.00
678.32	2929.00
678.51	2952.00
678.71	2962.00
678.90	2908.00
679.09	2784.00
679.28	2683.00
679.48	2778.00
679.67	2951.00
679.86	2858.00
680.05	2838.00
680.24	2883.00
680.44	2869.00
680.63	2896.00
680.82	2853.00
681.01	2785.00
681.21	2862.00
681.40	2848.00
681.59	2812.00
681.78	2730.00
681.97	2758.00
682.17	2731.00
682.36	2756.00
682.55	2718.00
682.74	2759.00
682.94	2755.00
683.13	2761.00
683.32	2768.00
683.51	2775.00
683.70	2750.00
683.90	2747.00
684.09	2837.00
684.28	2796.00
684.47	2824.00
684.66	2775.00
684.86	2798.00
685.05	2820.00
685.24	2728.00
685.43	2750.00
685.63	2733.00
685.82	2707.00
686.01	2728.00
686.20	2734.00
686.39	2701.00
686.59	2742.00
686.78	2888.00
686.97	2850.00
687.16	2797.00
687.35	2771.00
687.55	2755.00
687.74	2810.00
687.93	2875.00
688.12	2895.00
688.31	2840.00
688.51	2842.00
688.70	2811.00
688.89	2754.00
689.08	2774.00
689.27	2676.00
689.47	2723.00
689.66	2764.00
689.85	2803.00
690.04	2783.00
690.23	2706.00
690.42	2753.00
690.62	2858.00
690.81	2806.00
691.00	2770.00
691.19	2737.00
691.38	2761.00
691.58	2817.00
691.77	2747.00
691.96	2773.00
692.15	2808.00
692.34	2840.00
692.54	2802.00
692.73	2827.00
692.92	2788.00
693.11	2894.00
693.30	2828.00
693.49	2697.00
693.69	2681.00
693.88	2802.00
694.07	2809.00
694.26	2786.00
694.45	2810.00
694.64	2746.00
694.84	2725.00
695.03	2708.00
695.22	2799.00
695.41	2763.00
695.60	2729.00
695.80	2723.00
695.99	2738.00
696.18	2748.00
696.37	2765.00
696.56	2723.00
696.75	2815.00
696.95	2859.00
697.14	2900.00
697.33	2916.00
697.52	2825.00
697.71	2721.00
697.90	2753.00
698.09	2766.00
698.29	2824.00
698.48	2905.00
698.67	2904.00
698.86	2915.00
699.05	2885.00
699.24	2902.00
699.44	2901.00
699.63	2872.00
699.82	2891.00
700.01	2858.00
700.20	2821.00
700.39	2873.00
700.58	2850.00
700.78	2845.00
700.97	2907.00
701.16	2918.00
701.35	2795.00
701.54	2865.00
701.73	2924.00
701.93	2965.00
702.12	2887.00
702.31	2951.00
702.50	2989.00
702.69	2996.00
702.88	3058.00
703.07	3047.00
703.27	2986.00
703.46	3010.00
703.65	3076.00
703.84	2991.00
704.03	3061.00
704.22	3125.00
704.41	3015.00
704.60	3112.00
704.80	3080.00
704.99	3052.00
705.18	3128.00
705.37	3132.00
705.56	3138.00
705.75	3120.00
705.94	3050.00
706.14	3118.00
706.33	3164.00
706.52	3253.00
706.71	3224.00
706.90	3267.00
707.09	3329.00
707.28	3346.00
707.47	3230.00
707.67	3256.00
707.86	3277.00
708.05	3263.00
708.24	3207.00
708.43	3255.00
708.62	3292.00
708.81	3319.00
709.00	3319.00
709.20	3363.00
709.39	3400.00
709.58	3400.00
709.77	3338.00
709.96	3328.00
710.15	3330.00
710.34	3316.00
710.53	3264.00
710.72	3301.00
710.92	3342.00
711.11	3281.00
711.30	3318.00
711.49	3378.00
711.68	3399.00
711.87	3465.00
712.06	3591.00
712.25	3591.00
712.44	3547.00
712.64	3546.00
712.83	3579.00
713.02	3574.00
713.21	3556.00
713.40	3487.00
713.59	3431.00
713.78	3521.00
713.97	3505.00
714.16	3456.00
714.35	3518.00
714.55	3450.00
714.74	3584.00
714.93	3637.00
715.12	3490.00
715.31	3469.00
715.50	3505.00
715.69	3572.00
715.88	3590.00
716.07	3561.00
716.26	3617.00
716.45	3564.00
716.65	3536.00
716.84	3509.00
717.03	3494.00
717.22	3543.00
717.41	3534.00
717.60	3582.00
717.79	3615.00
717.98	3613.00
718.17	3662.00
718.36	3663.00
718.55	3627.00
718.75	3547.00
718.94	3516.00
719.13	3611.00
719.32	3716.00
719.51	3685.00
719.70	3692.00
719.89	3754.00
720.08	3739.00
720.27	3704.00
720.46	3617.00
720.65	3602.00
720.84	3723.00
721.03	3788.00
721.22	3666.00
721.42	3597.00
721.61	3671.00
721.80	3652.00
721.99	3586.00
722.18	3619.00
722.37	3664.00
722.56	3742.00
722.75	3722.00
722.94	3669.00
723.13	3647.00
723.32	3668.00
723.51	3635.00
723.70	3605.00
723.89	3671.00
724.08	3642.00
724.28	3734.00
724.47	3776.00
724.66	3751.00
724.85	3701.00
725.04	3707.00
725.23	3705.00
725.42	3780.00
725.61	3752.00
725.80	3743.00
725.99	3638.00
726.18	3669.00
726.37	3730.00
726.56	3704.00
726.75	3752.00
726.94	3829.00
727.13	3831.00
727.32	3819.00
727.51	3826.00
727.71	3722.00
727.90	3722.00
728.09	3671.00
728.28	3705.00
728.47	3835.00
728.66	3835.00
728.85	3737.00
729.04	3707.00
729.23	3775.00
729.42	3798.00
729.61	3727.00
729.80	3685.00
729.99	3714.00
730.18	3694.00
730.37	3695.00
730.56	3683.00
730.75	3646.00
730.94	3677.00
731.13	3705.00
731.32	3773.00
731.51	3759.00
731.70	3831.00
731.89	3817.00
732.08	3789.00
732.27	3709.00
732.46	3707.00
732.65	3793.00
732.84	3720.00
733.04	3684.00
733.23	3792.00
733.42	3790.00
733.61	3723.00
733.80	3674.00
733.99	3676.00
734.18	3700.00
734.37	3745.00
734.56	3682.00
734.75	3573.00
734.94	3680.00
735.13	3772.00
735.32	3716.00
735.51	3671.00
735.70	3656.00
735.89	3732.00
736.08	3706.00
736.27	3654.00
736.46	3638.00
736.65	3604.00
736.84	3602.00
737.03	3533.00
737.22	3571.00
737.41	3585.00
737.60	3542.00
737.79	3619.00
737.98	3550.00
738.17	3510.00
738.36	3535.00
738.55	3633.00
738.74	3582.00
738.93	3641.00
739.12	3641.00
739.31	3594.00
739.50	3587.00
739.69	3495.00
739.88	3552.00
740.07	3576.00
740.26	3559.00
740.45	3542.00
740.64	3490.00
740.83	3474.00
741.02	3424.00
741.21	3463.00
741.40	3365.00
741.59	3341.00
741.78	3369.00
741.97	3336.00
742.16	3441.00
742.35	3456.00
742.54	3360.00
742.73	3321.00
742.92	3328.00
743.11	3352.00
743.30	3374.00
743.49	3376.00
743.68	3324.00
743.87	3376.00
744.06	3346.00
744.25	3347.00
744.44	3302.00
744.63	3390.00
744.82	3462.00
745.01	3377.00
745.20	3374.00
745.39	3327.00
745.58	3287.00
745.77	3331.00
745.96	3340.00
746.15	3269.00
746.34	3232.00
746.52	3255.00
746.71	3236.00
746.90	3224.00
747.09	3184.00
747.28	3144.00
747.47	3277.00
747.66	3252.00
747.85	3196.00
748.04	3294.00
748.23	3202.00
748.42	3209.00
748.61	3218.00
748.80	3128.00
748.99	3211.00
749.18	3061.00
749.37	2980.00
749.56	3035.00
749.75	3082.00
749.94	3037.00
750.13	3037.00
750.32	3026.00
750.51	3035.00
750.70	2997.00
750.89	3013.00
751.08	3028.00
751.27	2959.00
751.46	2916.00
751.64	3037.00
751.83	3096.00
752.02	3028.00
752.21	3019.00
752.40	2978.00
752.59	2949.00
752.78	3032.00
752.97	3046.00
753.16	2986.00
753.35	3027.00
753.54	3016.00
753.73	2960.00
753.92	2999.00
754.11	2943.00
754.30	2858.00
754.49	2872.00
754.68	2854.00
754.87	2922.00
755.06	2923.00
755.24	2895.00
755.43	2884.00
755.62	2863.00
755.81	2817.00
756.00	2829.00
756.19	2832.00
756.38	2890.00
756.57	2890.00
756.76	2847.00
756.95	2831.00
757.14	2796.00
757.33	2755.00
757.52	2807.00
757.71	2794.00
757.90	2834.00
758.08	2824.00
758.27	2749.00
758.46	2782.00
758.65	2891.00
758.84	2821.00
759.03	2856.00
759.22	2823.00
759.41	2697.00
759.60	2750.00
759.79	2818.00
759.98	2786.00
760.17	2751.00
760.36	2703.00
760.54	2763.00
760.73	2785.00
760.92	2727.00
761.11	2697.00
761.30	2698.00
761.49	2606.00
761.68	2552.00
761.87	2538.00
762.06	2613.00
762.25	2555.00
762.44	2555.00
762.63	2476.00
762.81	2419.00
763.00	2414.00
763.19	2406.00
763.38	2346.00
763.57	2358.00
763.76	2354.00
763.95	2375.00
764.14	2319.00
764.33	2325.00
764.52	2327.00
764.71	2405.00
764.89	2478.00
765.08	2468.00
765.27	2462.00
765.46	2391.00
765.65	2327.00
765.84	2313.00
766.03	2348.00
766.22	2361.00
766.41	2367.00
766.59	2419.00
766.78	2445.00
766.97	2456.00
767.16	2555.00
767.35	2466.00
767.54	2491.00
767.73	2592.00
767.92	2608.00
768.11	2583.00
768.30	2555.00
768.48	2565.00
768.67	2654.00
768.86	2638.00
769.05	2587.00
769.24	2583.00
769.43	2647.00
769.62	2665.00
769.81	2631.00
769.99	2571.00
770.18	2601.00
770.37	2640.00
770.56	2646.00
770.75	2749.00
770.94	2686.00
771.13	2679.00
771.32	2752.00
771.50	2645.00
771.69	2627.00
771.88	2603.00
772.07	2562.00
772.26	2544.00
772.45	2611.00
772.64	2609.00
772.83	2575.00
773.01	2557.00
773.20	2592.00
773.39	2587.00
773.58	2597.00
773.77	2486.00
773.96	2472.00
774.15	2524.00
774.34	2530.00
774.52	2505.00
774.71	2513.00
774.90	2556.00
775.09	2542.00
775.28	2545.00
775.47	2581.00
775.66	2573.00
775.84	2514.00
776.03	2511.00
776.22	2605.00
776.41	2487.00
776.60	2492.00
776.79	2529.00
776.98	2527.00
777.16	2586.00
777.35	2571.00
777.54	2532.00
777.73	2502.00
777.92	2502.00
778.11	2447.00
778.29	2425.00
778.48	2492.00
778.67	2545.00
778.86	2541.00
779.05	2538.00
779.24	2511.00
779.43	2420.00
779.61	2521.00
779.80	2563.00
779.99	2529.00
780.18	2460.00
780.37	2528.00
780.56	2535.00
780.74	2495.00
780.93	2572.00
781.12	2578.00
781.31	2590.00
781.50	2642.00
781.69	2539.00
781.87	2524.00
782.06	2539.00
782.25	2539.00
782.44	2545.00
782.63	2602.00
782.82	2570.00
783.00	2504.00
783.19	2558.00
783.38	2598.00
783.57	2629.00
783.76	2589.00
783.95	2538.00
784.13	2617.00
784.32	2639.00
784.51	2727.00
784.70	2684.00
784.89	2645.00
785.08	2608.00
785.26	2539.00
785.45	2625.00
785.64	2622.00
785.83	2647.00
786.02	2658.00
786.20	2609.00
786.39	2640.00
786.58	2667.00
786.77	2693.00
786.96	2609.00
787.15	2609.00
787.33	2644.00
787.52	2556.00
787.71	2597.00
787.90	2647.00
788.09	2668.00
788.27	2654.00
788.46	2662.00
788.65	2591.00
788.84	2651.00
789.03	2632.00
789.21	2631.00
789.40	2657.00
789.59	2674.00
789.78	2702.00
789.97	2744.00
790.15	2713.00
790.34	2759.00
790.53	2695.00
790.72	2707.00
790.91	2792.00
791.09	2789.00
791.28	2820.00
791.47	2813.00
791.66	2773.00
791.85	2754.00
792.03	2763.00
792.22	2776.00
792.41	2801.00
792.60	2773.00
792.79	2669.00
792.97	2711.00
793.16	2802.00
793.35	2770.00
793.54	2810.00
793.72	2762.00
793.91	2777.00
794.10	2901.00
794.29	2949.00
794.48	2857.00
794.66	2803.00
794.85	2816.00
795.04	2823.00
795.23	2788.00
795.42	2749.00
795.60	2829.00
795.79	2824.00
795.98	2766.00
796.17	2764.00
796.35	2835.00
796.54	2809.00
796.73	2790.00
796.92	2835.00
797.11	2898.00
797.29	2917.00
797.48	2893.00
797.67	2841.00
797.86	2792.00
798.04	2761.00
798.23	2815.00
798.42	2823.00
798.61	2766.00
798.79	2816.00
798.98	2811.00
799.17	2854.00
799.36	2989.00
799.54	2855.00
799.73	2918.00
799.92	2896.00
800.11	2831.00
800.30	2855.00
800.48	2835.00
800.67	2855.00
800.86	2854.00
801.05	2822.00
801.23	2779.00
801.42	2803.00
801.61	2862.00
801.80	2835.00
801.98	2867.00
802.17	2816.00
802.36	2796.00
802.55	2889.00
802.73	2885.00
802.92	2905.00
803.11	3010.00
803.30	2948.00
803.48	2919.00
803.67	2906.00
803.86	2916.00
804.05	2943.00
804.23	2846.00
804.42	2821.00
804.61	2917.00
804.80	2884.00
804.98	2743.00
805.17	2883.00
805.36	2988.00
805.54	2939.00
805.73	2896.00
805.92	2826.00
806.11	2898.00
806.29	2922.00
806.48	2909.00
806.67	2928.00
806.86	2857.00
807.04	2923.00
807.23	2933.00
807.42	2875.00
807.61	2890.00
807.79	2844.00
807.98	2932.00
808.17	2932.00
808.35	2964.00
808.54	3005.00
808.73	2928.00
808.92	2878.00
809.10	2828.00
809.29	2894.00
809.48	2908.00
809.67	2938.00
809.85	2921.00
810.04	2898.00
810.23	2923.00
810.41	2850.00
810.60	2965.00
810.79	2994.00
810.98	2887.00
811.16	2970.00
811.35	2931.00
811.54	2868.00
811.72	2825.00
811.91	2885.00
812.10	2909.00
812.29	2874.00
812.47	2844.00
812.66	2823.00
812.85	2884.00
813.03	2898.00
813.22	2827.00
813.41	2914.00
813.60	2910.00
813.78	2826.00
813.97	2859.00
814.16	2814.00
814.34	2823.00
814.53	2845.00
814.72	2881.00
814.90	2853.00
815.09	2871.00
815.28	2879.00
815.47	2861.00
815.65	2945.00
815.84	2871.00
816.03	2828.00
816.21	2863.00
816.40	2875.00
816.59	2881.00
816.77	2872.00
816.96	2870.00
817.15	2834.00
817.33	2904.00
817.52	2846.00
817.71	2832.00
817.90	2857.00
818.08	2871.00
818.27	2968.00
818.46	2901.00
818.64	2824.00
818.83	2885.00
819.02	2840.00
819.20	2822.00
819.39	2868.00
819.58	2892.00
819.76	2890.00
819.95	2870.00
820.14	2827.00
820.32	2866.00
820.51	2896.00
820.70	2875.00
820.88	2913.00
821.07	2931.00
821.26	2917.00
821.44	2872.00
821.63	2884.00
821.82	3006.00
822.01	2913.00
822.19	2881.00
822.38	2880.00
822.57	2858.00
822.75	2813.00
822.94	2837.00
823.13	2855.00
823.31	2878.00
823.50	2871.00
823.69	2860.00
823.87	2808.00
824.06	2818.00
824.25	2955.00
824.43	2888.00
824.62	2806.00
824.80	2838.00
824.99	2831.00
825.18	2859.00
825.36	2766.00
825.55	2695.00
825.74	2729.00
825.92	2729.00
826.11	2795.00
826.30	2811.00
826.48	2850.00
826.67	2829.00
826.86	2874.00
827.04	2869.00
827.23	2807.00
827.42	2721.00
827.60	2724.00
827.79	2789.00
827.98	2726.00
828.16	2717.00
828.35	2713.00
828.54	2716.00
828.72	2736.00
828.91	2675.00
829.09	2743.00
829.28	2755.00
829.47	2828.00
829.65	2834.00
829.84	2764.00
830.03	2755.00
830.21	2742.00
830.40	2632.00
830.59	2685.00
830.77	2722.00
830.96	2687.00
831.14	2761.00
831.33	2758.00
831.52	2697.00
831.70	2671.00
831.89	2582.00
832.08	2669.00
832.26	2691.00
832.45	2722.00
832.64	2698.00
832.82	2647.00
833.01	2634.00
833.19	2611.00
833.38	2617.00
833.57	2621.00
833.75	2675.00
833.94	2693.00
834.13	2701.00
834.31	2748.00
834.50	2716.00
834.68	2744.00
834.87	2692.00
835.06	2729.00
835.24	2724.00
835.43	2720.00
835.61	2672.00
835.80	2710.00
835.99	2676.00
836.17	2632.00
836.36	2610.00
836.55	2604.00
836.73	2577.00
836.92	2652.00
837.10	2668.00
837.29	2555.00
837.48	2578.00
837.66	2659.00
837.85	2674.00
838.03	2716.00
838.22	2674.00
838.41	2615.00
838.59	2625.00
838.78	2611.00
838.96	2604.00
839.15	2601.00
839.34	2596.00
839.52	2620.00
839.71	2527.00
839.89	2510.00
840.08	2596.00
840.27	2600.00
840.45	2548.00
840.64	2556.00
840.82	2545.00
841.01	2454.00
841.20	2508.00
841.38	2566.00
841.57	2478.00
841.75	2521.00
841.94	2479.00
842.13	2470.00
842.31	2487.00
842.50	2435.00
842.68	2485.00
842.87	2399.00
843.05	2417.00
843.24	2420.00
843.43	2393.00
843.61	2444.00
843.80	2472.00
843.98	2482.00
844.17	2492.00
844.36	2377.00
844.54	2362.00
844.73	2396.00
844.91	2407.00
845.10	2342.00
845.28	2384.00
845.47	2311.00
845.66	2364.00
845.84	2377.00
846.03	2369.00
846.21	2344.00
846.40	2266.00
846.58	2348.00
846.77	2331.00
846.96	2288.00
847.14	2370.00
847.33	2317.00
847.51	2326.00
847.70	2345.00
847.88	2296.00
848.07	2301.00
848.25	2324.00
848.44	2327.00
848.63	2340.00
848.81	2316.00
849.00	2310.00
849.18	2308.00
849.37	2296.00
849.55	2314.00
849.74	2346.00
849.93	2315.00
850.11	2308.00
850.30	2296.00
850.48	2299.00
850.67	2221.00
850.85	2203.00
851.04	2254.00
851.22	2222.00
851.41	2178.00
851.59	2250.00
851.78	2223.00
851.97	2167.00
852.15	2131.00
852.34	2211.00
852.52	2237.00
852.71	2177.00
852.89	2156.00
853.08	2205.00
853.26	2208.00
853.45	2160.00
853.63	2208.00
853.82	2186.00
854.01	2247.00
854.19	2290.00
854.38	2242.00
854.56	2150.00
854.75	2131.00
854.93	2241.00
855.12	2209.00
855.30	2179.00
855.49	2205.00
855.67	2152.00
855.86	2149.00
856.04	2141.00
856.23	2161.00
856.41	2178.00
856.60	2124.00
856.79	2182.00
856.97	2205.00
857.16	2118.00
857.34	2059.00
857.53	2088.00
857.71	2067.00
857.90	2114.00
858.08	2155.00
858.27	2066.00
858.45	2036.00
858.64	2111.00
858.82	2081.00
859.01	2035.00
859.19	2041.00
859.38	2078.00
859.56	2106.00
859.75	2101.00
859.93	2094.00
860.12	2014.00
860.30	2033.00
860.49	2077.00
860.67	2059.00
860.86	2111.00
861.04	2069.00
861.23	2010.00
861.41	2113.00
861.60	2055.00
861.78	2059.00
861.97	2015.00
862.15	1877.00
862.34	1983.00
862.53	2006.00
862.71	1958.00
862.90	1997.00
863.08	1995.00
863.27	2004.00
863.45	1997.00
863.64	1927.00
863.82	1894.00
864.01	2004.00
864.19	1960.00
864.37	1902.00
864.56	1907.00
864.74	1871.00
864.93	1978.00
865.11	1964.00
865.30	1929.00
865.48	1880.00
865.67	1878.00
865.85	1921.00
866.04	1952.00
866.22	1906.00
866.41	1896.00
866.59	1903.00
866.78	1873.00
866.96	1872.00
867.15	1911.00
867.33	1862.00
867.52	1800.00
867.70	1838.00
867.89	1894.00
868.07	1847.00
868.26	1879.00
868.44	1872.00
868.63	1797.00
868.81	1763.00
869.00	1772.00
869.18	1763.00
869.37	1812.00
869.55	1890.00
869.74	1882.00
869.92	1814.00
870.10	1772.00
870.29	1788.00
870.47	1789.00
870.66	1809.00
870.84	1759.00
871.03	1700.00
871.21	1682.00
871.40	1763.00
871.58	1812.00
871.77	1823.00
871.95	1804.00
872.14	1799.00
872.32	1815.00
872.51	1758.00
872.69	1708.00
872.87	1722.00
873.06	1708.00
873.24	1736.00
873.43	1781.00
873.61	1802.00
873.80	1713.00
873.98	1702.00
874.17	1718.00
874.35	1702.00
874.54	1673.00
874.72	1729.00
874.90	1715.00
875.09	1647.00
875.27	1669.00
875.46	1716.00
875.64	1740.00
875.83	1679.00
876.01	1727.00
876.20	1789.00
876.38	1724.00
876.56	1678.00
876.75	1653.00
876.93	1619.00
877.12	1626.00
877.30	1556.00
877.49	1565.00
877.67	1642.00
877.86	1639.00
878.04	1695.00
878.22	1648.00
878.41	1615.00
878.59	1691.00
878.78	1633.00
878.96	1629.00
879.15	1706.00
879.33	1714.00
879.51	1667.00
879.70	1647.00
879.88	1692.00
880.07	1707.00
880.25	1549.00
880.44	1595.00
880.62	1581.00
880.80	1568.00
880.99	1579.00
881.17	1624.00
881.36	1637.00
881.54	1688.00
881.73	1708.00
881.91	1711.00
882.09	1612.00
882.28	1510.00
882.46	1642.00
882.65	1676.00
882.83	1651.00
883.02	1600.00
883.20	1561.00
883.38	1593.00
883.57	1634.00
883.75	1617.00
883.94	1618.00
884.12	1576.00
884.30	1626.00
884.49	1609.00
884.67	1586.00
884.86	1581.00
885.04	1500.00
885.22	1531.00
885.41	1609.00
885.59	1613.00
885.78	1552.00
885.96	1546.00
886.14	1624.00
886.33	1610.00
886.51	1535.00
886.70	1580.00
886.88	1597.00
887.06	1562.00
887.25	1533.00
887.43	1614.00
887.62	1622.00
887.80	1564.00
887.98	1587.00
888.17	1594.00
888.35	1479.00
888.54	1539.00
888.72	1622.00
888.90	1591.00
889.09	1593.00
889.27	1585.00
889.46	1556.00
889.64	1553.00
889.82	1533.00
890.01	1503.00
890.19	1509.00
890.38	1526.00
890.56	1501.00
890.74	1520.00
890.93	1563.00
891.11	1557.00
891.29	1547.00
891.48	1515.00
891.66	1508.00
891.85	1565.00
892.03	1561.00
892.21	1500.00
892.40	1515.00
892.58	1562.00
892.76	1580.00
892.95	1564.00
893.13	1542.00
893.32	1487.00
893.50	1551.00
893.68	1612.00
893.87	1586.00
894.05	1543.00
894.23	1588.00
894.42	1645.00
894.60	1640.00
894.79	1663.00
894.97	1615.00
895.15	1524.00
895.34	1601.00
895.52	1580.00
895.70	1539.00
895.89	1620.00
896.07	1614.00
896.25	1648.00
896.44	1566.00
896.62	1553.00
896.81	1640.00
896.99	1607.00
897.17	1548.00
897.36	1527.00
897.54	1563.00
897.72	1634.00
897.91	1699.00
898.09	1660.00
898.27	1692.00
898.46	1597.00
898.64	1617.00
898.82	1655.00
899.01	1654.00
899.19	1740.00
899.37	1710.00
899.56	1543.00
899.74	1511.00
899.92	1595.00
900.11	1634.00
900.29	1703.00
900.47	1634.00
900.66	1651.00
900.84	1628.00
901.03	1609.00
901.21	1615.00
901.39	1669.00
901.58	1672.00
901.76	1722.00
901.94	1702.00
902.13	1651.00
902.31	1646.00
902.49	1678.00
902.68	1733.00
902.86	1755.00
903.04	1703.00
903.23	1639.00
903.41	1705.00
903.59	1753.00
903.78	1701.00
903.96	1709.00
904.14	1757.00
904.32	1696.00
904.51	1695.00
904.69	1765.00
904.87	1709.00
905.06	1689.00
905.24	1750.00
905.42	1719.00
905.61	1625.00
905.79	1655.00
905.97	1685.00
906.16	1731.00
906.34	1740.00
906.52	1804.00
906.71	1812.00
906.89	1817.00
907.07	1777.00
907.26	1748.00
907.44	1710.00
907.62	1768.00
907.81	1764.00
907.99	1762.00
908.17	1732.00
908.35	1673.00
908.54	1700.00
908.72	1688.00
908.90	1713.00
909.09	1720.00
909.27	1753.00
909.45	1754.00
909.64	1818.00
909.82	1795.00
910.00	1810.00
910.18	1810.00
910.37	1769.00
910.55	1751.00
910.73	1677.00
910.92	1687.00
911.10	1719.00
911.28	1740.00
911.47	1743.00
911.65	1771.00
911.83	1760.00
912.01	1724.00
912.20	1748.00
912.38	1803.00
912.56	1694.00
912.75	1628.00
912.93	1656.00
913.11	1652.00
913.29	1669.00
913.48	1739.00
913.66	1678.00
913.84	1670.00
914.03	1660.00
914.21	1696.00
914.39	1590.00
914.57	1633.00
914.76	1627.00
914.94	1620.00
915.12	1686.00
915.31	1665.00
915.49	1682.00
915.67	1696.00
915.85	1632.00
916.04	1653.00
916.22	1673.00
916.40	1703.00
916.58	1754.00
916.77	1680.00
916.95	1635.00
917.13	1730.00
917.32	1697.00
917.50	1667.00
917.68	1646.00
917.86	1651.00
918.05	1651.00
918.23	1530.00
918.41	1652.00
918.59	1685.00
918.78	1625.00
918.96	1646.00
919.14	1641.00
919.32	1590.00
919.51	1562.00
919.69	1658.00
919.87	1537.00
920.05	1577.00
920.24	1685.00
920.42	1635.00
920.60	1581.00
920.78	1579.00
920.97	1500.00
921.15	1628.00
921.33	1651.00
921.52	1670.00
921.70	1676.00
921.88	1690.00
922.06	1608.00
922.24	1560.00
922.43	1595.00
922.61	1572.00
922.79	1593.00
922.97	1570.00
923.16	1478.00
923.34	1567.00
923.52	1556.00
923.70	1489.00
923.89	1459.00
924.07	1467.00
924.25	1557.00
924.43	1576.00
924.62	1592.00
924.80	1624.00
924.98	1599.00
925.16	1575.00
925.35	1508.00
925.53	1414.00
925.71	1464.00
925.89	1545.00
926.08	1574.00
926.26	1432.00
926.44	1485.00
926.62	1452.00
926.80	1427.00
926.99	1423.00
927.17	1442.00
927.35	1464.00
927.53	1478.00
927.72	1517.00
927.90	1514.00
928.08	1469.00
928.26	1466.00
928.44	1433.00
928.63	1415.00
928.81	1399.00
928.99	1437.00
929.17	1443.00
929.36	1436.00
929.54	1523.00
929.72	1485.00
929.90	1381.00
930.08	1408.00
930.27	1420.00
930.45	1386.00
930.63	1406.00
930.81	1397.00
930.99	1356.00
931.18	1306.00
931.36	1381.00
931.54	1405.00
931.72	1351.00
931.90	1294.00
932.09	1323.00
932.27	1393.00
932.45	1345.00
932.63	1348.00
932.81	1355.00
933.00	1246.00
933.18	1254.00
933.36	1361.00
933.54	1322.00
933.72	1244.00
933.91	1311.00
934.09	1271.00
934.27	1265.00
934.45	1225.00
934.63	1186.00
934.82	1173.00
935.00	1210.00
935.18	1196.00
935.36	1148.00
935.54	1195.00
935.73	1147.00
935.91	1043.00
936.09	1082.00
936.27	1064.00
936.45	1095.00
936.64	1141.00
936.82	1184.00
937.00	1081.00
937.18	1062.00
937.36	998.00
937.54	1044.00
937.73	1070.00
937.91	976.00
938.09	1037.00
938.27	1107.00
938.45	1050.00
938.63	961.00
938.82	902.00
939.00	939.00
939.18	922.00
939.36	861.00
939.54	825.00
939.73	797.00
939.91	771.00
940.09	865.00
940.27	849.00
940.45	820.00
940.63	783.00
940.82	764.00
941.00	744.00
941.18	671.00
941.36	722.00
941.54	759.00
941.72	720.00
941.91	690.00
942.09	723.00
942.27	693.00
942.45	686.00
942.63	716.00
942.81	755.00
942.99	737.00
943.18	733.00
943.36	669.00
943.54	650.00
943.72	693.00
943.90	654.00
944.08	700.00
944.27	724.00
944.45	711.00
944.63	678.00
944.81	685.00
944.99	696.00
945.17	652.00
945.35	702.00
945.54	777.00
945.72	723.00
945.90	732.00
946.08	698.00
946.26	701.00
946.44	756.00
946.62	763.00
946.81	736.00
946.99	757.00
947.17	657.00
947.35	626.00
947.53	663.00
947.71	656.00
947.89	663.00
948.07	714.00
948.26	653.00
948.44	645.00
948.62	678.00
948.80	701.00
948.98	733.00
949.16	642.00
949.34	585.00
949.53	683.00
949.71	759.00
949.89	746.00
950.07	765.00
950.25	716.00
950.43	744.00
950.61	683.00
950.79	631.00
950.98	669.00
951.16	706.00
951.34	762.00
951.52	752.00
951.70	781.00
951.88	817.00
952.06	777.00
952.24	729.00
952.42	720.00
952.61	660.00
952.79	642.00
952.97	698.00
953.15	768.00
953.33	658.00
953.51	624.00
953.69	649.00
953.87	637.00
954.05	686.00
954.24	625.00
954.42	634.00
954.60	602.00
954.78	625.00
954.96	685.00
955.14	693.00
955.32	711.00
955.50	719.00
955.68	723.00
955.86	717.00
956.05	623.00
956.23	632.00
956.41	679.00
956.59	701.00
956.77	697.00
956.95	678.00
957.13	668.00
957.31	688.00
957.49	702.00
957.67	653.00
957.86	601.00
958.04	650.00
958.22	666.00
958.40	677.00
958.58	668.00
958.76	600.00
958.94	621.00
959.12	667.00
959.30	646.00
959.48	676.00
959.66	664.00
959.84	606.00
960.03	638.00
960.21	667.00
960.39	650.00
960.57	640.00
960.75	581.00
960.93	581.00
961.11	657.00
961.29	757.00
961.47	720.00
961.65	673.00
961.83	573.00
962.01	636.00
962.19	641.00
962.37	604.00
962.56	630.00
962.74	634.00
962.92	620.00
963.10	627.00
963.28	598.00
963.46	611.00
963.64	625.00
963.82	596.00
964.00	662.00
964.18	645.00
964.36	596.00
964.54	610.00
964.72	652.00
964.90	675.00
965.08	687.00
965.27	668.00
965.45	617.00
965.63	592.00
965.81	634.00
965.99	680.00
966.17	662.00
966.35	573.00
966.53	574.00
966.71	589.00
966.89	564.00
967.07	615.00
967.25	608.00
967.43	591.00
967.61	612.00
967.79	554.00
967.97	553.00
968.15	618.00
968.33	620.00
968.51	600.00
968.69	607.00
968.87	667.00
969.06	597.00
969.24	636.00
969.42	582.00
969.60	583.00
969.78	538.00
969.96	563.00
970.14	650.00
970.32	581.00
970.50	562.00
970.68	521.00
970.86	541.00
971.04	557.00
971.22	527.00
971.40	523.00
971.58	597.00
971.76	562.00
971.94	538.00
972.12	570.00
972.30	594.00
972.48	577.00
972.66	527.00
972.84	515.00
973.02	557.00
973.20	509.00
973.38	521.00
973.56	514.00
973.74	558.00
973.92	513.00
974.10	475.00
974.28	501.00
974.46	527.00
974.64	497.00
974.82	518.00
975.00	509.00
975.18	530.00
975.36	540.00
975.54	458.00
975.72	499.00
975.90	573.00
976.08	571.00
976.26	520.00
976.44	523.00
976.62	533.00
976.80	549.00
976.98	540.00
977.16	474.00
977.34	478.00
977.52	495.00
977.70	491.00
977.88	530.00
978.06	525.00
978.24	531.00
978.42	580.00
978.60	538.00
978.78	481.00
978.96	510.00
979.14	467.00
979.32	474.00
979.50	537.00
979.68	505.00
979.86	471.00
980.04	395.00
980.22	457.00
980.40	474.00
980.58	478.00
980.76	475.00
980.94	451.00
981.12	487.00
981.30	483.00
981.48	483.00
981.66	513.00
981.84	432.00
982.02	484.00
982.20	470.00
982.38	490.00
982.56	395.00
982.74	372.00
982.92	390.00
983.10	465.00
983.28	499.00
983.46	527.00
983.64	498.00
983.82	453.00
984.00	494.00
984.18	498.00
984.36	485.00
984.54	433.00
984.72	368.00
984.90	373.00
985.08	421.00
985.26	478.00
985.44	468.00
985.62	458.00
985.80	433.00
985.98	481.00
986.16	425.00
986.34	418.00
986.51	429.00
986.69	426.00
986.87	416.00
987.05	418.00
987.23	413.00
987.41	463.00
987.59	435.00
987.77	432.00
987.95	437.00
988.13	432.00
988.31	464.00
988.49	439.00
988.67	418.00
988.85	378.00
989.03	398.00
989.21	430.00
989.39	393.00
989.57	427.00
989.75	461.00
989.93	361.00
990.11	411.00
990.28	441.00
990.46	410.00
990.64	343.00
990.82	358.00
991.00	395.00
991.18	431.00
991.36	401.00
991.54	389.00
991.72	407.00
991.90	400.00
992.08	369.00
992.26	396.00
992.44	422.00
992.62	450.00
992.80	442.00
992.98	443.00
993.15	404.00
993.33	337.00
993.51	379.00
993.69	475.00
993.87	418.00
994.05	390.00
994.23	332.00
994.41	425.00
994.59	428.00
994.77	395.00
994.95	407.00
995.13	400.00
995.31	427.00
995.48	404.00
995.66	374.00
995.84	391.00
996.02	418.00
996.20	445.00
996.38	366.00
996.56	373.00
996.74	410.00
996.92	305.00
997.10	366.00
997.28	377.00
997.46	362.00
997.63	359.00
997.81	305.00
997.99	295.00
998.17	319.00
998.35	345.00
998.53	306.00
998.71	335.00
998.89	336.00
999.07	380.00
999.25	410.00
999.43	361.00
999.60	338.00
999.78	342.00
999.96	326.00
1000.14	353.00
1000.32	371.00
1000.50	325.00
1000.68	347.00
1000.86	385.00
1001.04	345.00
1001.21	323.00
1001.39	301.00
1001.57	299.00
1001.75	332.00
1001.93	331.00
1002.11	340.00
1002.29	350.00
1002.47	387.00
1002.65	352.00
1002.82	311.00
1003.00	326.00
1003.18	355.00
1003.36	371.00
1003.54	318.00
1003.72	296.00
1003.90	295.00
1004.08	241.00
1004.26	279.00
1004.43	319.00
1004.61	320.00
1004.79	326.00
1004.97	368.00
1005.15	350.00
1005.33	340.00
1005.51	336.00
1005.69	303.00
1005.86	270.00
1006.04	283.00
1006.22	314.00
1006.40	340.00
1006.58	320.00
1006.76	375.00
1006.94	359.00
1007.12	295.00
1007.29	286.00
1007.47	292.00
1007.65	375.00
1007.83	378.00
1008.01	353.00
1008.19	359.00
1008.37	356.00
1008.54	271.00
1008.72	277.00
1008.90	327.00
1009.08	294.00
1009.26	278.00
1009.44	292.00
1009.62	343.00
1009.79	370.00
1009.97	301.00
1010.15	251.00
1010.33	246.00
1010.51	259.00
1010.69	267.00
1010.87	267.00
1011.04	315.00
1011.22	267.00
1011.40	271.00
1011.58	292.00
1011.76	260.00
1011.94	265.00
1012.11	310.00
1012.29	270.00
1012.47	282.00
1012.65	254.00
1012.83	291.00
1013.01	301.00
1013.18	335.00
1013.36	281.00
1013.54	241.00
1013.72	232.00
1013.90	267.00
1014.08	236.00
1014.25	276.00
1014.43	300.00
1014.61	258.00
1014.79	213.00
1014.97	228.00
1015.15	248.00
1015.32	224.00
1015.50	179.00
1015.68	239.00
1015.86	250.00
1016.04	210.00
1016.22	254.00
1016.39	259.00
1016.57	216.00
1016.75	235.00
1016.93	259.00
1017.11	233.00
1017.29	228.00
1017.46	234.00
1017.64	263.00
1017.82	242.00
1018.00	209.00
1018.18	256.00
1018.35	265.00
1018.53	274.00
1018.71	189.00
1018.89	184.00
1019.07	210.00
1019.24	265.00
1019.42	291.00
1019.60	219.00
1019.78	210.00
1019.96	279.00
1020.14	263.00
1020.31	253.00
1020.49	282.00
1020.67	267.00
1020.85	252.00
1021.03	227.00
1021.20	225.00
1021.38	235.00
1021.56	258.00
1021.74	254.00
1021.92	241.00
1022.09	259.00
1022.27	251.00
1022.45	225.00
1022.63	161.00
1022.81	199.00
1022.98	304.00
1023.16	284.00
1023.34	249.00
1023.52	255.00
1023.69	211.00
1023.87	218.00
1024.05	246.00
1024.23	263.00
1024.41	237.00
1024.58	254.00
1024.76	277.00
1024.94	273.00
1025.12	226.00
1025.30	179.00
1025.47	201.00
1025.65	225.00
1025.83	256.00
1026.01	229.00
1026.18	235.00
1026.36	236.00
1026.54	258.00
1026.72	242.00
1026.90	205.00
1027.07	257.00
1027.25	228.00
1027.43	183.00
1027.61	203.00
1027.78	253.00
1027.96	263.00
1028.14	232.00
1028.32	197.00
1028.49	224.00
1028.67	254.00
1028.85	230.00
1029.03	208.00
1029.21	160.00
1029.38	248.00
1029.56	199.00
1029.74	165.00
1029.92	202.00
1030.09	158.00
1030.27	220.00
1030.45	243.00
1030.63	215.00
1030.80	245.00
1030.98	195.00
1031.16	186.00
1031.34	144.00
1031.51	158.00
1031.69	191.00
1031.87	158.00
1032.05	215.00
1032.22	188.00
1032.40	179.00
1032.58	178.00
1032.76	221.00
1032.93	216.00
1033.11	206.00
1033.29	186.00
1033.47	217.00
1033.64	243.00
1033.82	270.00
1034.00	217.00
1034.18	215.00
1034.35	179.00
1034.53	185.00
1034.71	187.00
1034.89	188.00
1035.06	157.00
1035.24	91.00
1035.42	121.00
1035.59	197.00
1035.77	162.00
1035.95	153.00
1036.13	195.00
1036.30	219.00
1036.48	201.00
1036.66	205.00
1036.84	161.00
1037.01	136.00
1037.19	129.00
1037.37	191.00
1037.54	171.00
1037.72	180.00
1037.90	134.00
1038.08	144.00
1038.25	155.00
1038.43	190.00
1038.61	188.00
1038.79	163.00
1038.96	200.00
1039.14	196.00
1039.32	173.00
1039.49	184.00
1039.67	173.00
1039.85	200.00
1040.03	198.00
1040.20	169.00
1040.38	172.00
1040.56	126.00
1040.73	106.00
1040.91	179.00
1041.09	166.00
1041.27	206.00
1041.44	209.00
1041.62	205.00
1041.80	211.00
1041.97	219.00
1042.15	179.00
1042.33	152.00
1042.50	160.00
1042.68	210.00
1042.86	218.00
1043.04	196.00
1043.21	176.00
1043.39	192.00
1043.57	193.00
1043.74	129.00
1043.92	138.00
1044.10	180.00
1044.27	204.00
1044.45	224.00
1044.63	199.00
1044.80	179.00
1044.98	200.00
1045.16	164.00
1045.34	138.00
1045.51	121.00
1045.69	129.00
1045.87	132.00
1046.04	116.00
1046.22	207.00
1046.40	159.00
1046.57	163.00
1046.75	182.00
1046.93	160.00
1047.10	170.00
1047.28	86.00
1047.46	117.00
1047.63	187.00
1047.81	146.00
1047.99	113.00
1048.16	153.00
1048.34	154.00
1048.52	167.00
1048.69	155.00
1048.87	96.00
1049.05	131.00
1049.22	109.00
1049.40	179.00
1049.58	197.00
1049.75	138.00
1049.93	171.00
1050.11	198.00
1050.28	185.00
1050.46	153.00
1050.64	103.00
1050.81	155.00
1050.99	213.00
1051.17	172.00
1051.34	117.00
1051.52	125.00
1051.70	204.00
1051.87	172.00
1052.05	180.00
1052.23	184.00
1052.40	118.00
1052.58	160.00
1052.76	138.00
1052.93	104.00
1053.11	138.00
1053.29	141.00
1053.46	168.00
1053.64	137.00
1053.82	116.00
1053.99	115.00
1054.17	89.00
1054.35	140.00
1054.52	93.00
1054.70	108.00
1054.87	122.00
1055.05	87.00
1055.23	88.00
1055.40	100.00
1055.58	140.00
1055.76	173.00
1055.93	103.00
1056.11	176.00
1056.29	98.00
1056.46	128.00
1056.64	142.00
1056.81	118.00
1056.99	138.00
1057.17	137.00
1057.34	136.00
1057.52	163.00
1057.70	177.00
1057.87	185.00
1058.05	180.00
1058.22	148.00
1058.40	76.00
1058.58	123.00
1058.75	142.00
1058.93	82.00
1059.11	124.00
1059.28	110.00
1059.46	77.00
1059.63	147.00
1059.81	155.00
1059.99	124.00
1060.16	107.00
1060.34	59.00
1060.52	90.00
1060.69	132.00
1060.87	106.00
1061.04	77.00
1061.22	74.00
