367.62	41.00
367.82	34.00
368.02	-7.00
368.23	-21.00
368.43	-45.00
368.63	-17.00
368.83	-31.00
369.04	-8.00
369.24	53.00
369.44	11.00
369.65	30.00
369.85	40.00
370.05	28.00
370.25	55.00
370.46	-5.00
370.66	-43.00
370.86	16.00
371.07	-2.00
371.27	64.00
371.47	10.00
371.67	-19.00
371.88	10.00
372.08	-19.00
372.28	-76.00
372.49	-55.00
372.69	-56.00
372.89	-1.00
373.09	36.00
373.30	-30.00
373.50	-19.00
373.70	58.00
373.91	34.00
374.11	34.00
374.31	29.00
374.51	-21.00
374.72	19.00
374.92	-1.00
375.12	-15.00
375.33	13.00
375.53	11.00
375.73	-15.00
375.93	14.00
376.14	-15.00
376.34	-46.00
376.54	41.00
376.74	25.00
376.95	59.00
377.15	71.00
377.35	15.00
377.55	-29.00
377.76	-2.00
377.96	42.00
378.16	-10.00
378.37	-24.00
378.57	-5.00
378.77	23.00
378.97	-31.00
379.18	-15.00
379.38	66.00
379.58	60.00
379.78	50.00
379.99	42.00
380.19	28.00
380.39	3.00
380.59	8.00
380.80	19.00
381.00	23.00
381.20	-66.00
381.40	-3.00
381.61	70.00
381.81	52.00
382.01	-14.00
382.21	-33.00
382.42	13.00
382.62	51.00
382.82	58.00
383.02	-35.00
383.23	59.00
383.43	25.00
383.63	4.00
383.83	-23.00
384.04	23.00
384.24	-25.00
384.44	-8.00
384.64	4.00
384.85	13.00
385.05	38.00
385.25	15.00
385.45	18.00
385.66	-22.00
385.86	-6.00
386.06	-19.00
386.26	-82.00
386.47	-19.00
386.67	5.00
386.87	47.00
387.07	47.00
387.27	51.00
387.48	20.00
387.68	-2.00
387.88	13.00
388.08	11.00
388.29	40.00
388.49	4.00
388.69	-35.00
388.89	-33.00
389.10	5.00
389.30	38.00
389.50	66.00
389.70	13.00
389.90	5.00
390.11	24.00
390.31	37.00
390.51	5.00
390.71	-20.00
390.92	35.00
391.12	46.00
391.32	45.00
391.52	-6.00
391.72	36.00
391.93	-17.00
392.13	-29.00
392.33	30.00
392.53	63.00
392.74	42.00
392.94	-45.00
393.14	4.00
393.34	17.00
393.54	35.00
393.75	23.00
393.95	-25.00
394.15	-8.00
394.35	-5.00
394.56	-14.00
394.76	18.00
394.96	-10.00
395.16	24.00
395.36	44.00
395.57	25.00
395.77	17.00
395.97	13.00
396.17	2.00
396.37	26.00
396.58	13.00
396.78	-46.00
396.98	-16.00
397.18	-3.00
397.38	-55.00
397.59	-23.00
397.79	27.00
397.99	66.00
398.19	89.00
398.39	50.00
398.60	43.00
398.80	16.00
399.00	19.00
399.20	-46.00
399.40	-9.00
399.61	-62.00
399.81	46.00
400.01	61.00
400.21	29.00
400.41	-33.00
400.62	-41.00
400.82	7.00
401.02	22.00
401.22	24.00
401.42	-10.00
401.63	8.00
401.83	57.00
402.03	17.00
402.23	18.00
402.43	-15.00
402.64	2.00
402.84	-7.00
403.04	35.00
403.24	93.00
403.44	13.00
403.64	-41.00
403.85	-65.00
404.05	-33.00
404.25	32.00
404.45	34.00
404.65	-3.00
404.86	49.00
405.06	52.00
405.26	2.00
405.46	-5.00
405.66	21.00
405.86	41.00
406.07	42.00
406.27	47.00
406.47	51.00
406.67	10.00
406.87	56.00
407.07	81.00
407.28	27.00
407.48	12.00
407.68	-27.00
407.88	2.00
408.08	0.00
408.28	-14.00
408.49	-4.00
408.69	21.00
408.89	-39.00
409.09	30.00
409.29	87.00
409.49	18.00
409.70	-9.00
409.90	-4.00
410.10	7.00
410.30	19.00
410.50	-1.00
410.70	26.00
410.91	-4.00
411.11	20.00
411.31	7.00
411.51	-8.00
411.71	5.00
411.91	32.00
412.12	26.00
412.32	43.00
412.52	12.00
412.72	3.00
412.92	42.00
413.12	53.00
413.32	55.00
413.53	86.00
413.73	44.00
413.93	-3.00
414.13	37.00
414.33	5.00
414.53	-17.00
414.74	-30.00
414.94	-11.00
415.14	57.00
415.34	21.00
415.54	49.00
415.74	41.00
415.94	60.00
416.15	51.00
416.35	41.00
416.55	70.00
416.75	32.00
416.95	24.00
417.15	15.00
417.35	-15.00
417.56	-21.00
417.76	-22.00
417.96	28.00
418.16	55.00
418.36	-12.00
418.56	-15.00
418.76	31.00
418.97	84.00
419.17	33.00
419.37	38.00
419.57	0.00
419.77	-3.00
419.97	16.00
420.17	78.00
420.37	41.00
420.58	-14.00
420.78	26.00
420.98	98.00
421.18	1.00
421.38	25.00
421.58	21.00
421.78	55.00
421.98	31.00
422.19	47.00
422.39	39.00
422.59	48.00
422.79	26.00
422.99	11.00
423.19	4.00
423.39	0.00
423.59	-12.00
423.80	-5.00
424.00	-8.00
424.20	28.00
424.40	74.00
424.60	94.00
424.80	26.00
425.00	30.00
425.20	-24.00
425.40	19.00
425.61	27.00
425.81	25.00
426.01	55.00
426.21	42.00
426.41	88.00
426.61	20.00
426.81	32.00
427.01	59.00
427.21	73.00
427.42	112.00
427.62	72.00
427.82	2.00
428.02	3.00
428.22	51.00
428.42	84.00
428.62	44.00
428.82	59.00
429.02	30.00
429.23	74.00
429.43	-12.00
429.63	-18.00
429.83	19.00
430.03	-15.00
430.23	37.00
430.43	78.00
430.63	5.00
430.83	39.00
431.03	25.00
431.24	18.00
431.44	25.00
431.64	43.00
431.84	-12.00
432.04	-61.00
432.24	-49.00
432.44	-13.00
432.64	-5.00
432.84	2.00
433.04	35.00
433.24	-6.00
433.45	14.00
433.65	10.00
433.85	-15.00
434.05	-56.00
434.25	-21.00
434.45	23.00
434.65	51.00
434.85	-41.00
435.05	-28.00
435.25	-16.00
435.45	-11.00
435.65	15.00
435.86	78.00
436.06	40.00
436.26	-10.00
436.46	-24.00
436.66	30.00
436.86	-9.00
437.06	70.00
437.26	97.00
437.46	4.00
437.66	-41.00
437.86	52.00
438.06	23.00
438.26	-11.00
438.47	-10.00
438.67	27.00
438.87	24.00
439.07	7.00
439.27	16.00
439.47	-1.00
439.67	41.00
439.87	0.00
440.07	39.00
440.27	78.00
440.47	71.00
440.67	145.00
440.87	62.00
441.07	14.00
441.27	85.00
441.48	46.00
441.68	5.00
441.88	27.00
442.08	63.00
442.28	41.00
442.48	39.00
442.68	66.00
442.88	42.00
443.08	32.00
443.28	7.00
443.48	9.00
443.68	67.00
443.88	81.00
444.08	56.00
444.28	44.00
444.48	6.00
444.68	65.00
444.88	57.00
445.09	2.00
445.29	40.00
445.49	45.00
445.69	44.00
445.89	72.00
446.09	39.00
446.29	62.00
446.49	125.00
446.69	90.00
446.89	58.00
447.09	-3.00
447.29	55.00
447.49	23.00
447.69	-7.00
447.89	-45.00
448.09	-21.00
448.29	38.00
448.49	11.00
448.69	41.00
448.89	41.00
449.09	71.00
449.29	23.00
449.49	92.00
449.70	37.00
449.90	30.00
450.10	58.00
450.30	48.00
450.50	116.00
450.70	66.00
450.90	-21.00
451.10	35.00
451.30	64.00
451.50	88.00
451.70	67.00
451.90	79.00
452.10	108.00
452.30	-2.00
452.50	-16.00
452.70	79.00
452.90	130.00
453.10	76.00
453.30	15.00
453.50	32.00
453.70	46.00
453.90	43.00
454.10	12.00
454.30	-5.00
454.50	2.00
454.70	59.00
454.90	86.00
455.10	120.00
455.30	73.00
455.50	57.00
455.70	74.00
455.90	43.00
456.10	-30.00
456.30	-23.00
456.50	-24.00
456.70	35.00
456.90	91.00
457.10	35.00
457.30	56.00
457.50	136.00
457.70	114.00
457.90	114.00
458.10	90.00
458.30	30.00
458.50	68.00
458.70	65.00
458.90	63.00
459.10	29.00
459.30	45.00
459.50	70.00
459.70	42.00
459.90	15.00
460.10	10.00
460.30	-4.00
460.50	25.00
460.70	53.00
460.90	27.00
461.10	99.00
461.30	96.00
461.50	123.00
461.70	131.00
461.90	53.00
462.10	43.00
462.30	74.00
462.50	58.00
462.70	80.00
462.90	58.00
463.10	49.00
463.30	99.00
463.50	119.00
463.70	112.00
463.90	83.00
464.10	87.00
464.30	82.00
464.50	64.00
464.70	54.00
464.90	20.00
465.10	77.00
465.30	65.00
465.50	92.00
465.70	139.00
465.90	94.00
466.10	82.00
466.30	167.00
466.50	178.00
466.70	159.00
466.90	103.00
467.10	115.00
467.30	92.00
467.50	7.00
467.70	39.00
467.90	69.00
468.10	109.00
468.30	40.00
468.50	34.00
468.70	138.00
468.90	47.00
469.10	67.00
469.30	114.00
469.50	57.00
469.70	89.00
469.90	56.00
470.10	58.00
470.30	93.00
470.50	70.00
470.70	46.00
470.90	92.00
471.10	55.00
471.29	74.00
471.49	79.00
471.69	97.00
471.89	46.00
472.09	106.00
472.29	119.00
472.49	58.00
472.69	59.00
472.89	41.00
473.09	87.00
473.29	111.00
473.49	51.00
473.69	44.00
473.89	100.00
474.09	56.00
474.29	58.00
474.49	67.00
474.69	24.00
474.89	38.00
475.09	24.00
475.29	37.00
475.49	61.00
475.69	12.00
475.88	23.00
476.08	86.00
476.28	92.00
476.48	55.00
476.68	32.00
476.88	112.00
477.08	119.00
477.28	114.00
477.48	109.00
477.68	88.00
477.88	98.00
478.08	73.00
478.28	5.00
478.48	81.00
478.68	94.00
478.88	69.00
479.08	112.00
479.28	76.00
479.47	77.00
479.67	129.00
479.87	63.00
480.07	36.00
480.27	40.00
480.47	47.00
480.67	140.00
480.87	94.00
481.07	2.00
481.27	64.00
481.47	72.00
481.67	62.00
481.87	83.00
482.07	35.00
482.27	36.00
482.46	66.00
482.66	49.00
482.86	107.00
483.06	79.00
483.26	90.00
483.46	59.00
483.66	46.00
483.86	92.00
484.06	83.00
484.26	13.00
484.46	-5.00
484.66	15.00
484.86	84.00
485.05	84.00
485.25	66.00
485.45	111.00
485.65	112.00
485.85	62.00
486.05	60.00
486.25	29.00
486.45	43.00
486.65	82.00
486.85	31.00
487.05	26.00
487.25	143.00
487.44	103.00
487.64	97.00
487.84	78.00
488.04	95.00
488.24	54.00
488.44	102.00
488.64	21.00
488.84	103.00
489.04	28.00
489.24	5.00
489.43	57.00
489.63	141.00
489.83	127.00
490.03	136.00
490.23	124.00
490.43	59.00
490.63	31.00
490.83	123.00
491.03	102.00
491.23	58.00
491.42	129.00
491.62	103.00
491.82	120.00
492.02	95.00
492.22	79.00
492.42	92.00
492.62	105.00
492.82	96.00
493.02	110.00
493.22	95.00
493.41	114.00
493.61	78.00
493.81	48.00
494.01	77.00
494.21	114.00
494.41	161.00
494.61	131.00
494.81	52.00
495.01	55.00
495.20	97.00
495.40	79.00
495.60	133.00
495.80	212.00
496.00	155.00
496.20	94.00
496.40	128.00
496.60	168.00
496.79	92.00
496.99	96.00
497.19	111.00
497.39	130.00
497.59	156.00
497.79	114.00
497.99	100.00
498.19	177.00
498.38	145.00
498.58	124.00
498.78	139.00
498.98	124.00
499.18	150.00
499.38	172.00
499.58	102.00
499.78	171.00
499.97	194.00
500.17	135.00
500.37	152.00
500.57	155.00
500.77	172.00
500.97	207.00
501.17	186.00
501.37	68.00
501.56	119.00
501.76	170.00
501.96	188.00
502.16	171.00
502.36	182.00
502.56	155.00
502.76	165.00
502.95	224.00
503.15	178.00
503.35	203.00
503.55	138.00
503.75	113.00
503.95	78.00
504.15	117.00
504.34	150.00
504.54	105.00
504.74	195.00
504.94	169.00
505.14	111.00
505.34	171.00
505.54	113.00
505.73	148.00
505.93	162.00
506.13	88.00
506.33	96.00
506.53	178.00
506.73	212.00
506.92	187.00
507.12	162.00
507.32	134.00
507.52	149.00
507.72	174.00
507.92	170.00
508.12	207.00
508.31	171.00
508.51	153.00
508.71	113.00
508.91	141.00
509.11	150.00
509.31	129.00
509.50	170.00
509.70	152.00
509.90	136.00
510.10	175.00
510.30	179.00
510.50	121.00
510.69	136.00
510.89	152.00
511.09	112.00
511.29	211.00
511.49	180.00
511.69	202.00
511.88	190.00
512.08	140.00
512.28	100.00
512.48	146.00
512.68	189.00
512.88	137.00
513.07	116.00
513.27	214.00
513.47	203.00
513.67	198.00
513.87	95.00
514.06	-6.00
514.26	137.00
514.46	165.00
514.66	167.00
514.86	169.00
515.06	115.00
515.25	127.00
515.45	167.00
515.65	191.00
515.85	104.00
516.05	142.00
516.24	105.00
516.44	152.00
516.64	230.00
516.84	180.00
517.04	189.00
517.23	193.00
517.43	170.00
517.63	195.00
517.83	160.00
518.03	162.00
518.23	197.00
518.42	133.00
518.62	125.00
518.82	180.00
519.02	173.00
519.22	150.00
519.41	90.00
519.61	108.00
519.81	176.00
520.01	184.00
520.21	213.00
520.40	175.00
520.60	154.00
520.80	188.00
521.00	188.00
521.20	229.00
521.39	179.00
521.59	163.00
521.79	190.00
521.99	222.00
522.19	179.00
522.38	104.00
522.58	134.00
522.78	187.00
522.98	203.00
523.17	211.00
523.37	188.00
523.57	205.00
523.77	214.00
523.97	225.00
524.16	250.00
524.36	198.00
524.56	229.00
524.76	201.00
524.96	162.00
525.15	181.00
525.35	225.00
525.55	183.00
525.75	203.00
525.94	189.00
526.14	161.00
526.34	125.00
526.54	178.00
526.74	250.00
526.93	292.00
527.13	254.00
527.33	181.00
527.53	121.00
527.72	143.00
527.92	184.00
528.12	175.00
528.32	197.00
528.52	255.00
528.71	224.00
528.91	290.00
529.11	303.00
529.31	240.00
529.50	276.00
529.70	212.00
529.90	189.00
530.10	266.00
530.29	306.00
530.49	200.00
530.69	226.00
530.89	245.00
531.09	227.00
531.28	277.00
531.48	268.00
531.68	235.00
531.88	245.00
532.07	287.00
532.27	327.00
532.47	296.00
532.67	276.00
532.86	297.00
533.06	281.00
533.26	297.00
533.46	256.00
533.65	240.00
533.85	286.00
534.05	311.00
534.25	297.00
534.44	310.00
534.64	266.00
534.84	251.00
535.04	280.00
535.23	289.00
535.43	325.00
535.63	319.00
535.83	297.00
536.02	362.00
536.22	360.00
536.42	323.00
536.62	318.00
536.81	327.00
537.01	325.00
537.21	286.00
537.41	315.00
537.60	319.00
537.80	325.00
538.00	355.00
538.20	385.00
538.39	355.00
538.59	379.00
538.79	360.00
538.99	331.00
539.18	328.00
539.38	330.00
539.58	309.00
539.77	340.00
539.97	355.00
540.17	366.00
540.37	381.00
540.56	327.00
540.76	316.00
540.96	372.00
541.16	371.00
541.35	340.00
541.55	364.00
541.75	400.00
541.94	352.00
542.14	419.00
542.34	408.00
542.54	374.00
542.73	432.00
542.93	404.00
543.13	343.00
543.33	362.00
543.52	425.00
543.72	434.00
543.92	408.00
544.11	440.00
544.31	401.00
544.51	349.00
544.71	383.00
544.90	396.00
545.10	346.00
545.30	333.00
545.49	382.00
545.69	336.00
545.89	364.00
546.09	383.00
546.28	428.00
546.48	461.00
546.68	444.00
546.87	438.00
547.07	405.00
547.27	420.00
547.47	413.00
547.66	426.00
547.86	413.00
548.06	339.00
548.25	318.00
548.45	497.00
548.65	489.00
548.84	403.00
549.04	435.00
549.24	449.00
549.44	423.00
549.63	440.00
549.83	446.00
550.03	426.00
550.22	463.00
550.42	403.00
550.62	408.00
550.81	427.00
551.01	447.00
551.21	414.00
551.41	380.00
551.60	336.00
551.80	365.00
552.00	351.00
552.19	337.00
552.39	340.00
552.59	400.00
552.78	472.00
552.98	442.00
553.18	437.00
553.37	378.00
553.57	342.00
553.77	390.00
553.96	397.00
554.16	409.00
554.36	401.00
554.56	353.00
554.75	395.00
554.95	378.00
555.15	362.00
555.34	374.00
555.54	374.00
555.74	427.00
555.93	407.00
556.13	377.00
556.33	411.00
556.52	377.00
556.72	343.00
556.92	355.00
557.11	337.00
557.31	330.00
557.51	333.00
557.70	374.00
557.90	380.00
558.10	341.00
558.29	351.00
558.49	301.00
558.69	369.00
558.88	348.00
559.08	322.00
559.28	331.00
559.47	301.00
559.67	339.00
559.87	372.00
560.06	399.00
560.26	435.00
560.46	373.00
560.65	322.00
560.85	324.00
561.05	370.00
561.24	352.00
561.44	340.00
561.64	319.00
561.83	326.00
562.03	363.00
562.23	402.00
562.42	454.00
562.62	405.00
562.82	359.00
563.01	322.00
563.21	343.00
563.40	371.00
563.60	392.00
563.80	365.00
563.99	329.00
564.19	317.00
564.39	374.00
564.58	380.00
564.78	339.00
564.98	359.00
565.17	393.00
565.37	391.00
565.57	430.00
565.76	388.00
565.96	369.00
566.16	350.00
566.35	323.00
566.55	385.00
566.74	420.00
566.94	384.00
567.14	413.00
567.33	460.00
567.53	454.00
567.73	426.00
567.92	442.00
568.12	428.00
568.32	378.00
568.51	331.00
568.71	367.00
568.90	409.00
569.10	386.00
569.30	337.00
569.49	373.00
569.69	390.00
569.89	415.00
570.08	427.00
570.28	402.00
570.47	448.00
570.67	445.00
570.87	432.00
571.06	414.00
571.26	369.00
571.46	408.00
571.65	464.00
571.85	450.00
572.04	429.00
572.24	422.00
572.44	434.00
572.63	468.00
572.83	481.00
573.03	425.00
573.22	439.00
573.42	501.00
573.61	496.00
573.81	478.00
574.01	484.00
574.20	488.00
574.40	552.00
574.59	568.00
574.79	601.00
574.99	564.00
575.18	530.00
575.38	510.00
575.58	528.00
575.77	540.00
575.97	614.00
576.16	561.00
576.36	445.00
576.56	522.00
576.75	564.00
576.95	535.00
577.14	659.00
577.34	649.00
577.54	637.00
577.73	648.00
577.93	587.00
578.12	627.00
578.32	683.00
578.52	660.00
578.71	642.00
578.91	648.00
579.10	695.00
579.30	720.00
579.50	718.00
579.69	683.00
579.89	712.00
580.08	686.00
580.28	800.00
580.48	797.00
580.67	725.00
580.87	660.00
581.06	737.00
581.26	804.00
581.45	803.00
581.65	813.00
581.85	798.00
582.04	771.00
582.24	798.00
582.43	790.00
582.63	875.00
582.83	855.00
583.02	857.00
583.22	911.00
583.41	935.00
583.61	906.00
583.80	974.00
584.00	938.00
584.20	992.00
584.39	960.00
584.59	871.00
584.78	927.00
584.98	907.00
585.17	968.00
585.37	1000.00
585.57	1027.00
585.76	1033.00
585.96	1096.00
586.15	1090.00
586.35	1070.00
586.54	1067.00
586.74	1080.00
586.94	1050.00
587.13	1193.00
587.33	1255.00
587.52	1228.00
587.72	1172.00
587.91	1111.00
588.11	1235.00
588.31	1191.00
588.50	1206.00
588.70	1314.00
588.89	1299.00
589.09	1241.00
589.28	1225.00
589.48	1181.00
589.68	1191.00
589.87	1206.00
590.07	1299.00
590.26	1256.00
590.46	1275.00
590.65	1321.00
590.85	1315.00
591.04	1310.00
591.24	1408.00
591.44	1398.00
591.63	1415.00
591.83	1434.00
592.02	1437.00
592.22	1480.00
592.41	1431.00
592.61	1391.00
592.80	1439.00
593.00	1585.00
593.19	1534.00
593.39	1517.00
593.59	1571.00
593.78	1610.00
593.98	1560.00
594.17	1521.00
594.37	1490.00
594.56	1599.00
594.76	1599.00
594.95	1554.00
595.15	1567.00
595.34	1535.00
595.54	1593.00
595.73	1581.00
595.93	1543.00
596.13	1574.00
596.32	1655.00
596.52	1615.00
596.71	1607.00
596.91	1608.00
597.10	1647.00
597.30	1682.00
597.49	1691.00
597.69	1676.00
597.88	1662.00
598.08	1636.00
598.27	1671.00
598.47	1692.00
598.66	1748.00
598.86	1781.00
599.06	1744.00
599.25	1740.00
599.45	1758.00
599.64	1780.00
599.84	1787.00
600.03	1834.00
600.23	1830.00
600.42	1849.00
600.62	1778.00
600.81	1714.00
601.01	1767.00
601.20	1765.00
601.40	1802.00
601.59	1841.00
601.79	1761.00
601.98	1805.00
602.18	1784.00
602.37	1657.00
602.57	1717.00
602.76	1842.00
602.96	1804.00
603.15	1858.00
603.35	1788.00
603.54	1756.00
603.74	1805.00
603.93	1816.00
604.13	1839.00
604.32	1872.00
604.52	1862.00
604.71	1884.00
604.91	1880.00
605.10	1860.00
605.30	1830.00
605.49	1779.00
605.69	1852.00
605.88	1912.00
606.08	1916.00
606.27	1877.00
606.47	1825.00
606.66	1760.00
606.86	1820.00
607.05	1834.00
607.25	1743.00
607.44	1795.00
607.64	1870.00
607.83	1816.00
608.03	1863.00
608.22	1848.00
608.42	1775.00
608.61	1791.00
608.81	1882.00
609.00	1937.00
609.20	1892.00
609.39	1974.00
609.59	2002.00
609.78	1967.00
609.98	2120.00
610.17	2250.00
610.37	2411.00
610.56	2609.00
610.76	2831.00
610.95	2904.00
611.15	2957.00
611.34	3073.00
611.54	3111.00
611.73	3039.00
611.93	2924.00
612.12	2721.00
612.32	2440.00
612.51	2274.00
612.71	2249.00
612.90	2162.00
613.09	2130.00
613.29	2044.00
613.48	2089.00
613.68	2160.00
613.87	2097.00
614.07	2001.00
614.26	1986.00
614.46	2044.00
614.65	2016.00
614.85	1993.00
615.04	2043.00
615.24	2103.00
615.43	2052.00
615.63	1938.00
615.82	1955.00
616.02	1928.00
616.21	1849.00
616.40	1872.00
616.60	1879.00
616.79	1886.00
616.99	1868.00
617.18	1858.00
617.38	1860.00
617.57	1843.00
617.77	1897.00
617.96	1858.00
618.16	1875.00
618.35	1834.00
618.54	1778.00
618.74	1797.00
618.93	1853.00
619.13	1869.00
619.32	1935.00
619.52	1915.00
619.71	1817.00
619.91	1881.00
620.10	1886.00
620.30	1888.00
620.49	1959.00
620.68	1917.00
620.88	1881.00
621.07	1931.00
621.27	1976.00
621.46	1919.00
621.66	1954.00
621.85	1947.00
622.05	1917.00
622.24	1886.00
622.43	1966.00
622.63	1933.00
622.82	1928.00
623.02	1976.00
623.21	2005.00
623.41	2039.00
623.60	2042.00
623.80	2048.00
623.99	2122.00
624.18	2078.00
624.38	2035.00
624.57	2051.00
624.77	2052.00
624.96	2045.00
625.16	2075.00
625.35	2044.00
625.54	2155.00
625.74	2114.00
625.93	2139.00
626.13	2137.00
626.32	2128.00
626.52	2088.00
626.71	2087.00
626.90	2068.00
627.10	1990.00
627.29	2126.00
627.49	2140.00
627.68	2119.00
627.88	2166.00
628.07	2131.00
628.26	2091.00
628.46	2140.00
628.65	2165.00
628.85	2239.00
629.04	2226.00
629.23	2234.00
629.43	2252.00
629.62	2200.00
629.82	2250.00
630.01	2257.00
630.21	2267.00
630.40	2348.00
630.59	2334.00
630.79	2323.00
630.98	2358.00
631.18	2360.00
631.37	2406.00
631.56	2473.00
631.76	2472.00
631.95	2459.00
632.15	2528.00
632.34	2443.00
632.53	2306.00
632.73	2354.00
632.92	2424.00
633.12	2416.00
633.31	2370.00
633.50	2303.00
633.70	2343.00
633.89	2386.00
634.09	2300.00
634.28	2329.00
634.47	2417.00
634.67	2442.00
634.86	2425.00
635.06	2420.00
635.25	2470.00
635.44	2486.00
635.64	2503.00
635.83	2475.00
636.03	2484.00
636.22	2459.00
636.41	2491.00
636.61	2503.00
636.80	2503.00
637.00	2546.00
637.19	2541.00
637.38	2526.00
637.58	2628.00
637.77	2681.00
637.96	2647.00
638.16	2628.00
638.35	2727.00
638.55	2660.00
638.74	2719.00
638.93	2638.00
639.13	2634.00
639.32	2701.00
639.51	2692.00
639.71	2715.00
639.90	2723.00
640.10	2787.00
640.29	2706.00
640.48	2676.00
640.68	2810.00
640.87	2821.00
641.07	2804.00
641.26	2793.00
641.45	2852.00
641.65	2823.00
641.84	2798.00
642.03	2886.00
642.23	2919.00
642.42	2972.00
642.61	2924.00
642.81	2945.00
643.00	2893.00
643.20	2891.00
643.39	2902.00
643.58	2934.00
643.78	2926.00
643.97	2895.00
644.16	2914.00
644.36	2939.00
644.55	3015.00
644.74	3043.00
644.94	3039.00
645.13	3077.00
645.33	3144.00
645.52	3145.00
645.71	3091.00
645.91	3023.00
646.10	2971.00
646.29	3058.00
646.49	3122.00
646.68	3130.00
646.87	3134.00
647.07	3150.00
647.26	3183.00
647.45	3217.00
647.65	3247.00
647.84	3255.00
648.03	3227.00
648.23	3341.00
648.42	3308.00
648.62	3199.00
648.81	3296.00
649.00	3293.00
649.20	3234.00
649.39	3168.00
649.58	3175.00
649.78	3226.00
649.97	3298.00
650.16	3263.00
650.36	3220.00
650.55	3197.00
650.74	3155.00
650.94	3271.00
651.13	3320.00
651.32	3288.00
651.52	3387.00
651.71	3351.00
651.90	3297.00
652.10	3310.00
652.29	3386.00
652.48	3362.00
652.68	3395.00
652.87	3300.00
653.06	3433.00
653.26	3417.00
653.45	3347.00
653.64	3340.00
653.84	3390.00
654.03	3360.00
654.22	3318.00
654.42	3314.00
654.61	3358.00
654.80	3395.00
654.99	3410.00
655.19	3433.00
655.38	3425.00
655.57	3381.00
655.77	3418.00
655.96	3431.00
656.15	3367.00
656.35	3383.00
656.54	3425.00
656.73	3327.00
656.93	3307.00
657.12	3354.00
657.31	3375.00
657.51	3372.00
657.70	3339.00
657.89	3283.00
658.09	3347.00
658.28	3393.00
658.47	3450.00
658.66	3416.00
658.86	3318.00
659.05	3383.00
659.24	3376.00
659.44	3365.00
659.63	3346.00
659.82	3389.00
660.02	3421.00
660.21	3360.00
660.40	3294.00
660.60	3287.00
660.79	3290.00
660.98	3310.00
661.17	3256.00
661.37	3247.00
661.56	3252.00
661.75	3289.00
661.95	3297.00
662.14	3314.00
662.33	3365.00
662.52	3384.00
662.72	3417.00
662.91	3413.00
663.10	3379.00
663.30	3281.00
663.49	3224.00
663.68	3299.00
663.88	3341.00
664.07	3253.00
664.26	3224.00
664.45	3318.00
664.65	3235.00
664.84	3092.00
665.03	3150.00
665.23	3208.00
665.42	3223.00
665.61	3185.00
665.80	3102.00
666.00	3197.00
666.19	3272.00
666.38	3270.00
666.57	3296.00
666.77	3291.00
666.96	3185.00
667.15	3132.00
667.35	3089.00
667.54	3130.00
667.73	3171.00
667.92	3116.00
668.12	3028.00
668.31	3027.00
668.50	3039.00
668.70	3049.00
668.89	3182.00
669.08	3184.00
669.27	3032.00
669.47	2953.00
669.66	3077.00
669.85	3069.00
670.04	3070.00
670.24	3094.00
670.43	3175.00
670.62	3112.00
670.81	3073.00
671.01	3057.00
671.20	3057.00
671.39	3048.00
671.58	3044.00
671.78	3065.00
671.97	3091.00
672.16	3009.00
672.36	2962.00
672.55	2982.00
672.74	3039.00
672.93	2973.00
673.13	2977.00
673.32	2929.00
673.51	2845.00
673.70	2919.00
673.90	3007.00
674.09	3061.00
674.28	2987.00
674.47	2891.00
674.67	2954.00
674.86	2946.00
675.05	3011.00
675.24	3046.00
675.44	2957.00
675.63	2953.00
675.82	3067.00
676.01	2992.00
676.21	2919.00
676.40	2979.00
676.59	2953.00
676.78	2883.00
676.97	2956.00
677.17	2869.00
677.36	2805.00
677.55	2840.00
677.74	2972.00
677.94	3010.00
678.13	2946.00
678.32	2892.00
678.51	2880.00
678.71	2950.00
678.90	2967.00
679.09	2917.00
679.28	2890.00
679.48	2864.00
679.67	2943.00
679.86	2906.00
680.05	2917.00
680.24	2845.00
680.44	2760.00
680.63	2832.00
680.82	2825.00
681.01	2802.00
681.21	2805.00
681.40	2804.00
681.59	2828.00
681.78	2852.00
681.97	2861.00
682.17	2787.00
682.36	2774.00
682.55	2860.00
682.74	2858.00
682.94	2868.00
683.13	2827.00
683.32	2881.00
683.51	2860.00
683.70	2879.00
683.90	2814.00
684.09	2876.00
684.28	2805.00
684.47	2778.00
684.66	2794.00
684.86	2793.00
685.05	2802.00
685.24	2690.00
685.43	2733.00
685.63	2681.00
685.82	2790.00
686.01	2861.00
686.20	2801.00
686.39	2729.00
686.59	2670.00
686.78	2805.00
686.97	2697.00
687.16	2734.00
687.35	2843.00
687.55	2843.00
687.74	2892.00
687.93	2872.00
688.12	2831.00
688.31	2804.00
688.51	2796.00
688.70	2860.00
688.89	2778.00
689.08	2804.00
689.27	2812.00
689.47	2776.00
689.66	2738.00
689.85	2713.00
690.04	2760.00
690.23	2776.00
690.42	2740.00
690.62	2747.00
690.81	2797.00
691.00	2744.00
691.19	2758.00
691.38	2816.00
691.58	2812.00
691.77	2764.00
691.96	2866.00
692.15	2803.00
692.34	2832.00
692.54	2840.00
692.73	2768.00
692.92	2807.00
693.11	2902.00
693.30	2776.00
693.49	2672.00
693.69	2662.00
693.88	2794.00
694.07	2823.00
694.26	2808.00
694.45	2826.00
694.64	2745.00
694.84	2703.00
695.03	2733.00
695.22	2760.00
695.41	2779.00
695.60	2779.00
695.80	2824.00
695.99	2782.00
696.18	2710.00
696.37	2749.00
696.56	2796.00
696.75	2814.00
696.95	2845.00
697.14	2815.00
697.33	2846.00
697.52	2888.00
697.71	2897.00
697.90	2876.00
698.09	2814.00
698.29	2797.00
698.48	2874.00
698.67	2976.00
698.86	2936.00
699.05	2845.00
699.24	2869.00
699.44	2889.00
699.63	2886.00
699.82	2904.00
700.01	2796.00
700.20	2773.00
700.39	2857.00
700.58	2875.00
700.78	2874.00
700.97	2848.00
701.16	2844.00
701.35	2837.00
701.54	2912.00
701.73	2917.00
701.93	3000.00
702.12	3018.00
702.31	2954.00
702.50	2962.00
702.69	3022.00
702.88	3070.00
703.07	3083.00
703.27	3119.00
703.46	3161.00
703.65	3131.00
703.84	3125.00
704.03	3087.00
704.22	3139.00
704.41	3157.00
704.60	3151.00
704.80	3041.00
704.99	3037.00
705.18	3051.00
705.37	3047.00
705.56	3101.00
705.75	3136.00
705.94	3157.00
706.14	3183.00
706.33	3142.00
706.52	3203.00
706.71	3210.00
706.90	3268.00
707.09	3328.00
707.28	3411.00
707.47	3313.00
707.67	3255.00
707.86	3288.00
708.05	3396.00
708.24	3380.00
708.43	3348.00
708.62	3344.00
708.81	3344.00
709.00	3386.00
709.20	3388.00
709.39	3368.00
709.58	3384.00
709.77	3404.00
709.96	3365.00
710.15	3316.00
710.34	3354.00
710.53	3390.00
710.72	3350.00
710.92	3353.00
711.11	3342.00
711.30	3375.00
711.49	3441.00
711.68	3519.00
711.87	3527.00
712.06	3503.00
712.25	3619.00
712.44	3649.00
712.64	3684.00
712.83	3652.00
713.02	3608.00
713.21	3618.00
713.40	3668.00
713.59	3624.00
713.78	3598.00
713.97	3588.00
714.16	3561.00
714.35	3468.00
714.55	3454.00
714.74	3515.00
714.93	3478.00
715.12	3511.00
715.31	3600.00
715.50	3601.00
715.69	3588.00
715.88	3537.00
716.07	3518.00
716.26	3578.00
716.45	3632.00
716.65	3564.00
716.84	3555.00
717.03	3525.00
717.22	3555.00
717.41	3602.00
717.60	3660.00
717.79	3728.00
717.98	3652.00
718.17	3576.00
718.36	3681.00
718.55	3694.00
718.75	3610.00
718.94	3602.00
719.13	3634.00
719.32	3689.00
719.51	3755.00
719.70	3765.00
719.89	3751.00
720.08	3777.00
720.27	3697.00
720.46	3638.00
720.65	3677.00
720.84	3766.00
721.03	3765.00
721.22	3713.00
721.42	3753.00
721.61	3721.00
721.80	3723.00
721.99	3785.00
722.18	3758.00
722.37	3744.00
722.56	3735.00
722.75	3810.00
722.94	3782.00
723.13	3747.00
723.32	3732.00
723.51	3715.00
723.70	3685.00
723.89	3753.00
724.08	3766.00
724.28	3822.00
724.47	3768.00
724.66	3749.00
724.85	3840.00
725.04	3731.00
725.23	3783.00
725.42	3766.00
725.61	3831.00
725.80	3876.00
725.99	3800.00
726.18	3812.00
726.37	3889.00
726.56	3813.00
726.75	3858.00
726.94	3840.00
727.13	3786.00
727.32	3774.00
727.51	3818.00
727.71	3805.00
727.90	3822.00
728.09	3861.00
728.28	3753.00
728.47	3799.00
728.66	3785.00
728.85	3783.00
729.04	3646.00
729.23	3651.00
729.42	3802.00
729.61	3846.00
729.80	3726.00
729.99	3743.00
730.18	3758.00
730.37	3651.00
730.56	3617.00
730.75	3663.00
730.94	3738.00
731.13	3695.00
731.32	3741.00
731.51	3752.00
731.70	3754.00
731.89	3717.00
732.08	3796.00
732.27	3843.00
732.46	3772.00
732.65	3737.00
732.84	3740.00
733.04	3690.00
733.23	3665.00
733.42	3744.00
733.61	3725.00
733.80	3684.00
733.99	3735.00
734.18	3785.00
734.37	3700.00
734.56	3627.00
734.75	3636.00
734.94	3741.00
735.13	3689.00
735.32	3672.00
735.51	3714.00
735.70	3630.00
735.89	3591.00
736.08	3570.00
736.27	3508.00
736.46	3591.00
736.65	3613.00
736.84	3691.00
737.03	3607.00
737.22	3562.00
737.41	3568.00
737.60	3548.00
737.79	3643.00
737.98	3627.00
738.17	3729.00
738.36	3672.00
738.55	3584.00
738.74	3526.00
738.93	3603.00
739.12	3623.00
739.31	3632.00
739.50	3732.00
739.69	3727.00
739.88	3645.00
740.07	3517.00
740.26	3580.00
740.45	3574.00
740.64	3506.00
740.83	3561.00
741.02	3527.00
741.21	3402.00
741.40	3327.00
741.59	3371.00
741.78	3377.00
741.97	3353.00
742.16	3459.00
742.35	3447.00
742.54	3391.00
742.73	3375.00
742.92	3321.00
743.11	3275.00
743.30	3295.00
743.49	3370.00
743.68	3451.00
743.87	3422.00
744.06	3443.00
744.25	3397.00
744.44	3313.00
744.63	3293.00
744.82	3385.00
745.01	3327.00
745.20	3279.00
745.39	3328.00
745.58	3292.00
745.77	3312.00
745.96	3221.00
746.15	3220.00
746.34	3272.00
746.52	3332.00
746.71	3338.00
746.90	3272.00
747.09	3270.00
747.28	3306.00
747.47	3304.00
747.66	3287.00
747.85	3196.00
748.04	3279.00
748.23	3109.00
748.42	3132.00
748.61	3101.00
748.80	3130.00
748.99	3206.00
749.18	3166.00
749.37	3200.00
749.56	3141.00
749.75	3029.00
749.94	3043.00
750.13	3077.00
750.32	3124.00
750.51	3092.00
750.70	3031.00
750.89	3046.00
751.08	3012.00
751.27	3034.00
751.46	3052.00
751.64	3100.00
751.83	3133.00
752.02	3046.00
752.21	3087.00
752.40	3094.00
752.59	3060.00
752.78	3070.00
752.97	2979.00
753.16	3014.00
753.35	3027.00
753.54	3026.00
753.73	3109.00
753.92	3095.00
754.11	3069.00
754.30	2952.00
754.49	2957.00
754.68	2887.00
754.87	2876.00
755.06	2914.00
755.24	2908.00
755.43	2911.00
755.62	2934.00
755.81	2948.00
756.00	2953.00
756.19	2862.00
756.38	2859.00
756.57	2879.00
756.76	2766.00
756.95	2789.00
757.14	2881.00
757.33	2854.00
757.52	2797.00
757.71	2827.00
757.90	2831.00
758.08	2828.00
758.27	2757.00
758.46	2805.00
758.65	2882.00
758.84	2772.00
759.03	2824.00
759.22	2797.00
759.41	2823.00
759.60	2821.00
759.79	2808.00
759.98	2824.00
760.17	2792.00
760.36	2784.00
760.54	2779.00
760.73	2780.00
760.92	2732.00
761.11	2722.00
761.30	2730.00
761.49	2692.00
761.68	2608.00
761.87	2572.00
762.06	2611.00
762.25	2513.00
762.44	2506.00
762.63	2494.00
762.81	2462.00
763.00	2383.00
763.19	2379.00
763.38	2307.00
763.57	2277.00
763.76	2379.00
763.95	2435.00
764.14	2363.00
764.33	2375.00
764.52	2376.00
764.71	2315.00
764.89	2344.00
765.08	2348.00
765.27	2337.00
765.46	2394.00
765.65	2320.00
765.84	2322.00
766.03	2414.00
766.22	2405.00
766.41	2445.00
766.59	2418.00
766.78	2425.00
766.97	2495.00
767.16	2541.00
767.35	2545.00
767.54	2565.00
767.73	2610.00
767.92	2556.00
768.11	2614.00
768.30	2624.00
768.48	2632.00
768.67	2645.00
768.86	2632.00
769.05	2659.00
769.24	2616.00
769.43	2654.00
769.62	2706.00
769.81	2680.00
769.99	2715.00
770.18	2660.00
770.37	2611.00
770.56	2619.00
770.75	2692.00
770.94	2706.00
771.13	2630.00
771.32	2729.00
771.50	2708.00
771.69	2664.00
771.88	2695.00
772.07	2677.00
772.26	2597.00
772.45	2602.00
772.64	2552.00
772.83	2589.00
773.01	2672.00
773.20	2679.00
773.39	2659.00
773.58	2658.00
773.77	2567.00
773.96	2488.00
774.15	2581.00
774.34	2574.00
774.52	2605.00
774.71	2592.00
774.90	2560.00
775.09	2523.00
775.28	2541.00
775.47	2637.00
775.66	2602.00
775.84	2546.00
776.03	2572.00
776.22	2605.00
776.41	2579.00
776.60	2603.00
776.79	2653.00
776.98	2596.00
777.16	2578.00
777.35	2595.00
777.54	2510.00
777.73	2434.00
777.92	2498.00
778.11	2535.00
778.29	2527.00
778.48	2531.00
778.67	2529.00
778.86	2573.00
779.05	2614.00
779.24	2614.00
779.43	2557.00
779.61	2577.00
779.80	2619.00
779.99	2641.00
780.18	2599.00
780.37	2589.00
780.56	2507.00
780.74	2601.00
780.93	2616.00
781.12	2599.00
781.31	2609.00
781.50	2582.00
781.69	2606.00
781.87	2572.00
782.06	2663.00
782.25	2701.00
782.44	2599.00
782.63	2579.00
782.82	2642.00
783.00	2650.00
783.19	2631.00
783.38	2679.00
783.57	2736.00
783.76	2653.00
783.95	2617.00
784.13	2682.00
784.32	2668.00
784.51	2696.00
784.70	2616.00
784.89	2670.00
785.08	2709.00
785.26	2658.00
785.45	2726.00
785.64	2654.00
785.83	2653.00
786.02	2731.00
786.20	2641.00
786.39	2615.00
786.58	2597.00
786.77	2592.00
786.96	2643.00
787.15	2629.00
787.33	2724.00
787.52	2769.00
787.71	2714.00
787.90	2756.00
788.09	2724.00
788.27	2678.00
788.46	2687.00
788.65	2659.00
788.84	2734.00
789.03	2734.00
789.21	2755.00
789.40	2734.00
789.59	2724.00
789.78	2707.00
789.97	2801.00
790.15	2843.00
790.34	2871.00
790.53	2796.00
790.72	2788.00
790.91	2749.00
791.09	2728.00
791.28	2794.00
791.47	2884.00
791.66	2870.00
791.85	2759.00
792.03	2708.00
792.22	2707.00
792.41	2784.00
792.60	2773.00
792.79	2793.00
792.97	2860.00
793.16	2855.00
793.35	2798.00
793.54	2828.00
793.72	2774.00
793.91	2790.00
794.10	2883.00
794.29	2893.00
794.48	2848.00
794.66	2803.00
794.85	2785.00
795.04	2758.00
795.23	2848.00
795.42	2854.00
795.60	2829.00
795.79	2914.00
795.98	2983.00
796.17	2928.00
796.35	2817.00
796.54	2841.00
796.73	2871.00
796.92	2846.00
797.11	2808.00
797.29	2866.00
797.48	2877.00
797.67	2804.00
797.86	2837.00
798.04	2856.00
798.23	2883.00
798.42	2831.00
798.61	2778.00
798.79	2826.00
798.98	2900.00
799.17	2866.00
799.36	2817.00
799.54	2839.00
799.73	2903.00
799.92	2874.00
800.11	2861.00
800.30	2871.00
800.48	2811.00
800.67	2798.00
800.86	2853.00
801.05	2867.00
801.23	2885.00
801.42	2949.00
801.61	2911.00
801.80	2868.00
801.98	2895.00
802.17	2909.00
802.36	2913.00
802.55	2882.00
802.73	2846.00
802.92	2879.00
803.11	2903.00
803.30	2832.00
803.48	2869.00
803.67	2867.00
803.86	2901.00
804.05	2889.00
804.23	2872.00
804.42	2834.00
804.61	2883.00
804.80	2863.00
804.98	2806.00
805.17	2888.00
805.36	2979.00
805.54	3030.00
805.73	2918.00
805.92	2875.00
806.11	2956.00
806.29	2942.00
806.48	2911.00
806.67	2929.00
806.86	2873.00
807.04	2862.00
807.23	2949.00
807.42	2950.00
807.61	2966.00
807.79	2952.00
807.98	2991.00
808.17	2968.00
808.35	2993.00
808.54	3025.00
808.73	3032.00
808.92	2973.00
809.10	2832.00
809.29	2827.00
809.48	2964.00
809.67	2924.00
809.85	2890.00
810.04	2898.00
810.23	2958.00
810.41	2860.00
810.60	2950.00
810.79	2943.00
810.98	2835.00
811.16	2961.00
811.35	2964.00
811.54	2927.00
811.72	2896.00
811.91	2917.00
812.10	2917.00
812.29	2862.00
812.47	2901.00
812.66	2910.00
812.85	2932.00
813.03	2906.00
813.22	2787.00
813.41	2881.00
813.60	2933.00
813.78	2856.00
813.97	2955.00
814.16	2890.00
814.34	2830.00
814.53	2858.00
814.72	2840.00
814.90	2817.00
815.09	2869.00
815.28	2949.00
815.47	3055.00
815.65	3036.00
815.84	2961.00
816.03	2933.00
816.21	2926.00
816.40	2898.00
816.59	2914.00
816.77	2939.00
816.96	2954.00
817.15	2945.00
817.33	3005.00
817.52	2955.00
817.71	2917.00
817.90	2871.00
818.08	2898.00
818.27	2945.00
818.46	2954.00
818.64	2889.00
818.83	2926.00
819.02	2993.00
819.20	3003.00
819.39	2941.00
819.58	2926.00
819.76	2965.00
819.95	2906.00
820.14	2940.00
820.32	2950.00
820.51	2915.00
820.70	2925.00
820.88	2981.00
821.07	2960.00
821.26	2877.00
821.44	2824.00
821.63	2935.00
821.82	2958.00
822.01	2906.00
822.19	2909.00
822.38	2900.00
822.57	2951.00
822.75	2927.00
822.94	2933.00
823.13	2977.00
823.31	2944.00
823.50	2909.00
823.69	2895.00
823.87	2906.00
824.06	2881.00
824.25	2886.00
824.43	2915.00
824.62	2875.00
824.80	2823.00
824.99	2887.00
825.18	2893.00
825.36	2948.00
825.55	2859.00
825.74	2825.00
825.92	2817.00
826.11	2922.00
826.30	2876.00
826.48	2802.00
826.67	2849.00
826.86	2836.00
827.04	2801.00
827.23	2828.00
827.42	2901.00
827.60	2862.00
827.79	2840.00
827.98	2722.00
828.16	2648.00
828.35	2711.00
828.54	2769.00
828.72	2800.00
828.91	2779.00
829.09	2798.00
829.28	2786.00
829.47	2775.00
829.65	2726.00
829.84	2706.00
830.03	2801.00
830.21	2819.00
830.40	2719.00
830.59	2717.00
830.77	2689.00
830.96	2632.00
831.14	2677.00
831.33	2711.00
831.52	2667.00
831.70	2657.00
831.89	2644.00
832.08	2661.00
832.26	2674.00
832.45	2669.00
832.64	2733.00
832.82	2652.00
833.01	2668.00
833.19	2701.00
833.38	2642.00
833.57	2638.00
833.75	2660.00
833.94	2700.00
834.13	2714.00
834.31	2647.00
834.50	2727.00
834.68	2778.00
834.87	2676.00
835.06	2675.00
835.24	2716.00
835.43	2786.00
835.61	2711.00
835.80	2636.00
835.99	2675.00
836.17	2702.00
836.36	2669.00
836.55	2661.00
836.73	2588.00
836.92	2642.00
837.10	2585.00
837.29	2584.00
837.48	2638.00
837.66	2622.00
837.85	2605.00
838.03	2578.00
838.22	2612.00
838.41	2615.00
838.59	2629.00
838.78	2604.00
838.96	2633.00
839.15	2710.00
839.34	2622.00
839.52	2618.00
839.71	2656.00
839.89	2596.00
840.08	2617.00
840.27	2601.00
840.45	2601.00
840.64	2636.00
840.82	2610.00
841.01	2587.00
841.20	2512.00
841.38	2508.00
841.57	2540.00
841.75	2585.00
841.94	2541.00
842.13	2536.00
842.31	2534.00
842.50	2460.00
842.68	2491.00
842.87	2476.00
843.05	2420.00
843.24	2425.00
843.43	2506.00
843.61	2477.00
843.80	2542.00
843.98	2570.00
844.17	2485.00
844.36	2353.00
844.54	2369.00
844.73	2423.00
844.91	2459.00
845.10	2458.00
845.28	2392.00
845.47	2294.00
845.66	2419.00
845.84	2433.00
846.03	2445.00
846.21	2416.00
846.40	2347.00
846.58	2363.00
846.77	2355.00
846.96	2354.00
847.14	2332.00
847.33	2360.00
847.51	2402.00
847.70	2467.00
847.88	2409.00
848.07	2360.00
848.25	2346.00
848.44	2373.00
848.63	2369.00
848.81	2338.00
849.00	2342.00
849.18	2371.00
849.37	2341.00
849.55	2281.00
849.74	2273.00
849.93	2343.00
850.11	2339.00
850.30	2315.00
850.48	2226.00
850.67	2216.00
850.85	2243.00
851.04	2317.00
851.22	2247.00
851.41	2181.00
851.59	2244.00
851.78	2215.00
851.97	2267.00
852.15	2230.00
852.34	2195.00
852.52	2202.00
852.71	2119.00
852.89	2148.00
853.08	2255.00
853.26	2208.00
853.45	2247.00
853.63	2335.00
853.82	2326.00
854.01	2192.00
854.19	2246.00
854.38	2262.00
854.56	2253.00
854.75	2193.00
854.93	2168.00
855.12	2243.00
855.30	2257.00
855.49	2240.00
855.67	2225.00
855.86	2230.00
856.04	2194.00
856.23	2158.00
856.41	2174.00
856.60	2211.00
856.79	2223.00
856.97	2245.00
857.16	2195.00
857.34	2129.00
857.53	2157.00
857.71	2194.00
857.90	2182.00
858.08	2121.00
858.27	2117.00
858.45	2036.00
858.64	1975.00
858.82	2031.00
859.01	2062.00
859.19	2040.00
859.38	2078.00
859.56	2084.00
859.75	2042.00
859.93	2005.00
860.12	2066.00
860.30	2073.00
860.49	2052.00
860.67	2041.00
860.86	2083.00
861.04	2009.00
861.23	1964.00
861.41	2050.00
861.60	2080.00
861.78	2067.00
861.97	2005.00
862.15	1956.00
862.34	2025.00
862.53	2018.00
862.71	1968.00
862.90	1988.00
863.08	2034.00
863.27	2073.00
863.45	2019.00
863.64	1954.00
863.82	2002.00
864.01	1993.00
864.19	1930.00
864.37	1907.00
864.56	1893.00
864.74	1881.00
864.93	1938.00
865.11	1953.00
865.30	1909.00
865.48	1941.00
865.67	1885.00
865.85	1875.00
866.04	1943.00
866.22	1960.00
866.41	1918.00
866.59	1913.00
866.78	1884.00
866.96	1927.00
867.15	1876.00
867.33	1831.00
867.52	1765.00
867.70	1768.00
867.89	1901.00
868.07	1842.00
868.26	1848.00
868.44	1911.00
868.63	1850.00
868.81	1815.00
869.00	1925.00
869.18	1912.00
869.37	1886.00
869.55	1855.00
869.74	1832.00
869.92	1852.00
870.10	1798.00
870.29	1713.00
870.47	1813.00
870.66	1864.00
870.84	1808.00
871.03	1809.00
871.21	1779.00
871.40	1785.00
871.58	1820.00
871.77	1860.00
871.95	1774.00
872.14	1811.00
872.32	1828.00
872.51	1726.00
872.69	1724.00
872.87	1777.00
873.06	1776.00
873.24	1722.00
873.43	1751.00
873.61	1786.00
873.80	1780.00
873.98	1786.00
874.17	1821.00
874.35	1753.00
874.54	1727.00
874.72	1778.00
874.90	1779.00
875.09	1718.00
875.27	1709.00
875.46	1663.00
875.64	1667.00
875.83	1695.00
876.01	1755.00
876.20	1765.00
876.38	1680.00
876.56	1656.00
876.75	1717.00
876.93	1705.00
877.12	1734.00
877.30	1690.00
877.49	1642.00
877.67	1698.00
877.86	1686.00
878.04	1609.00
878.22	1715.00
878.41	1709.00
878.59	1689.00
878.78	1653.00
878.96	1604.00
879.15	1731.00
879.33	1709.00
879.51	1662.00
879.70	1715.00
879.88	1708.00
880.07	1670.00
880.25	1640.00
880.44	1599.00
880.62	1567.00
880.80	1524.00
880.99	1621.00
881.17	1614.00
881.36	1555.00
881.54	1599.00
881.73	1716.00
881.91	1800.00
882.09	1703.00
882.28	1659.00
882.46	1673.00
882.65	1680.00
882.83	1732.00
883.02	1639.00
883.20	1612.00
883.38	1638.00
883.57	1602.00
883.75	1614.00
883.94	1635.00
884.12	1648.00
884.30	1677.00
884.49	1649.00
884.67	1667.00
884.86	1660.00
885.04	1602.00
885.22	1575.00
885.41	1587.00
885.59	1534.00
885.78	1522.00
885.96	1525.00
886.14	1660.00
886.33	1651.00
886.51	1591.00
886.70	1567.00
886.88	1569.00
887.06	1554.00
887.25	1556.00
887.43	1594.00
887.62	1621.00
887.80	1578.00
887.98	1523.00
888.17	1582.00
888.35	1553.00
888.54	1590.00
888.72	1587.00
888.90	1663.00
889.09	1687.00
889.27	1624.00
889.46	1597.00
889.64	1580.00
889.82	1595.00
890.01	1580.00
890.19	1538.00
890.38	1571.00
890.56	1550.00
890.74	1567.00
890.93	1640.00
891.11	1561.00
891.29	1513.00
891.48	1519.00
891.66	1579.00
891.85	1606.00
892.03	1581.00
892.21	1539.00
892.40	1579.00
892.58	1589.00
892.76	1521.00
892.95	1566.00
893.13	1561.00
893.32	1547.00
893.50	1596.00
893.68	1579.00
893.87	1571.00
894.05	1559.00
894.23	1582.00
894.42	1680.00
894.60	1638.00
894.79	1609.00
894.97	1553.00
895.15	1479.00
895.34	1552.00
895.52	1569.00
895.70	1528.00
895.89	1601.00
896.07	1562.00
896.25	1588.00
896.44	1611.00
896.62	1596.00
896.81	1600.00
896.99	1605.00
897.17	1654.00
897.36	1766.00
897.54	1698.00
897.72	1622.00
897.91	1666.00
898.09	1681.00
898.27	1693.00
898.46	1587.00
898.64	1615.00
898.82	1695.00
899.01	1669.00
899.19	1751.00
899.37	1743.00
899.56	1668.00
899.74	1677.00
899.92	1643.00
900.11	1611.00
900.29	1664.00
900.47	1652.00
900.66	1678.00
900.84	1656.00
901.03	1732.00
901.21	1730.00
901.39	1706.00
901.58	1661.00
901.76	1720.00
901.94	1732.00
902.13	1653.00
902.31	1707.00
902.49	1767.00
902.68	1710.00
902.86	1672.00
903.04	1760.00
903.23	1674.00
903.41	1758.00
903.59	1841.00
903.78	1694.00
903.96	1716.00
904.14	1819.00
904.32	1763.00
904.51	1725.00
904.69	1805.00
904.87	1780.00
905.06	1796.00
905.24	1768.00
905.42	1730.00
905.61	1735.00
905.79	1766.00
905.97	1634.00
906.16	1722.00
906.34	1769.00
906.52	1777.00
906.71	1803.00
906.89	1765.00
907.07	1785.00
907.26	1800.00
907.44	1814.00
907.62	1723.00
907.81	1668.00
907.99	1726.00
908.17	1710.00
908.35	1701.00
908.54	1717.00
908.72	1650.00
908.90	1667.00
909.09	1721.00
909.27	1743.00
909.45	1802.00
909.64	1843.00
909.82	1774.00
910.00	1744.00
910.18	1831.00
910.37	1827.00
910.55	1831.00
910.73	1707.00
910.92	1752.00
911.10	1832.00
911.28	1745.00
911.47	1727.00
911.65	1818.00
911.83	1872.00
912.01	1868.00
912.20	1809.00
912.38	1815.00
912.56	1777.00
912.75	1720.00
912.93	1738.00
913.11	1672.00
913.29	1689.00
913.48	1781.00
913.66	1678.00
913.84	1655.00
914.03	1750.00
914.21	1738.00
914.39	1675.00
914.57	1675.00
914.76	1636.00
914.94	1655.00
915.12	1763.00
915.31	1750.00
915.49	1699.00
915.67	1702.00
915.85	1717.00
916.04	1725.00
916.22	1643.00
916.40	1623.00
916.58	1639.00
916.77	1705.00
916.95	1641.00
917.13	1705.00
917.32	1765.00
917.50	1643.00
917.68	1586.00
917.86	1612.00
918.05	1691.00
918.23	1664.00
918.41	1664.00
918.59	1585.00
918.78	1614.00
918.96	1590.00
919.14	1548.00
919.32	1558.00
919.51	1564.00
919.69	1669.00
919.87	1615.00
920.05	1660.00
920.24	1685.00
920.42	1640.00
920.60	1608.00
920.78	1586.00
920.97	1646.00
921.15	1648.00
921.33	1604.00
921.52	1604.00
921.70	1663.00
921.88	1695.00
922.06	1632.00
922.24	1622.00
922.43	1624.00
922.61	1632.00
922.79	1586.00
922.97	1578.00
923.16	1569.00
923.34	1656.00
923.52	1614.00
923.70	1529.00
923.89	1509.00
924.07	1536.00
924.25	1576.00
924.43	1605.00
924.62	1504.00
924.80	1491.00
924.98	1510.00
925.16	1540.00
925.35	1554.00
925.53	1462.00
925.71	1497.00
925.89	1535.00
926.08	1600.00
926.26	1511.00
926.44	1453.00
926.62	1492.00
926.80	1572.00
926.99	1530.00
927.17	1527.00
927.35	1554.00
927.53	1504.00
927.72	1536.00
927.90	1551.00
928.08	1510.00
928.26	1477.00
928.44	1466.00
928.63	1464.00
928.81	1459.00
928.99	1453.00
929.17	1440.00
929.36	1481.00
929.54	1496.00
929.72	1465.00
929.90	1357.00
930.08	1362.00
930.27	1426.00
930.45	1376.00
930.63	1456.00
930.81	1501.00
930.99	1419.00
931.18	1457.00
931.36	1482.00
931.54	1370.00
931.72	1331.00
931.90	1335.00
932.09	1366.00
932.27	1409.00
932.45	1419.00
932.63	1430.00
932.81	1418.00
933.00	1369.00
933.18	1332.00
933.36	1354.00
933.54	1345.00
933.72	1277.00
933.91	1322.00
934.09	1262.00
934.27	1207.00
934.45	1219.00
934.63	1194.00
934.82	1215.00
935.00	1281.00
935.18	1237.00
935.36	1175.00
935.54	1177.00
935.73	1204.00
935.91	1141.00
936.09	1112.00
936.27	1076.00
936.45	1144.00
936.64	1224.00
936.82	1187.00
937.00	1108.00
937.18	1014.00
937.36	984.00
937.54	1010.00
937.73	1007.00
937.91	956.00
938.09	1015.00
938.27	1010.00
938.45	987.00
938.63	952.00
938.82	882.00
939.00	876.00
939.18	863.00
939.36	868.00
939.54	930.00
939.73	927.00
939.91	850.00
940.09	893.00
940.27	860.00
940.45	793.00
940.63	856.00
940.82	837.00
941.00	740.00
941.18	726.00
941.36	759.00
941.54	774.00
941.72	733.00
941.91	748.00
942.09	739.00
942.27	733.00
942.45	737.00
942.63	747.00
942.81	744.00
942.99	729.00
943.18	711.00
943.36	706.00
943.54	678.00
943.72	666.00
943.90	674.00
944.08	681.00
944.27	735.00
944.45	747.00
944.63	711.00
944.81	749.00
944.99	723.00
945.17	642.00
945.35	712.00
945.54	746.00
945.72	725.00
945.90	669.00
946.08	681.00
946.26	704.00
946.44	715.00
946.62	714.00
946.81	723.00
946.99	736.00
947.17	678.00
947.35	638.00
947.53	687.00
947.71	675.00
947.89	672.00
948.07	731.00
948.26	659.00
948.44	645.00
948.62	638.00
948.80	714.00
948.98	734.00
949.16	673.00
949.34	655.00
949.53	703.00
949.71	703.00
949.89	695.00
950.07	689.00
950.25	653.00
950.43	698.00
950.61	709.00
950.79	707.00
950.98	723.00
951.16	712.00
951.34	685.00
951.52	671.00
951.70	723.00
951.88	694.00
952.06	670.00
952.24	706.00
952.42	703.00
952.61	613.00
952.79	581.00
952.97	685.00
953.15	723.00
953.33	669.00
953.51	615.00
953.69	672.00
953.87	740.00
954.05	714.00
954.24	654.00
954.42	681.00
954.60	664.00
954.78	630.00
954.96	673.00
955.14	661.00
955.32	754.00
955.50	742.00
955.68	727.00
955.86	713.00
956.05	687.00
956.23	711.00
956.41	659.00
956.59	669.00
956.77	685.00
956.95	614.00
957.13	654.00
957.31	660.00
957.49	674.00
957.67	653.00
957.86	689.00
958.04	717.00
958.22	666.00
958.40	637.00
958.58	622.00
958.76	580.00
958.94	686.00
959.12	721.00
959.30	668.00
959.48	633.00
959.66	628.00
959.84	643.00
960.03	619.00
960.21	622.00
960.39	698.00
960.57	660.00
960.75	610.00
960.93	641.00
961.11	679.00
961.29	753.00
961.47	660.00
961.65	659.00
961.83	665.00
962.01	707.00
962.19	617.00
962.37	616.00
962.56	639.00
962.74	626.00
962.92	645.00
963.10	675.00
963.28	652.00
963.46	585.00
963.64	623.00
963.82	647.00
964.00	586.00
964.18	582.00
964.36	573.00
964.54	641.00
964.72	672.00
964.90	603.00
965.08	601.00
965.27	647.00
965.45	649.00
965.63	612.00
965.81	630.00
965.99	671.00
966.17	624.00
966.35	565.00
966.53	600.00
966.71	613.00
966.89	561.00
967.07	574.00
967.25	538.00
967.43	616.00
967.61	634.00
967.79	615.00
967.97	627.00
968.15	725.00
968.33	662.00
968.51	659.00
968.69	614.00
968.87	590.00
969.06	600.00
969.24	593.00
969.42	502.00
969.60	605.00
969.78	579.00
969.96	588.00
970.14	668.00
970.32	593.00
970.50	567.00
970.68	567.00
970.86	570.00
971.04	578.00
971.22	521.00
971.40	573.00
971.58	600.00
971.76	567.00
971.94	539.00
972.12	541.00
972.30	589.00
972.48	572.00
972.66	565.00
972.84	588.00
973.02	571.00
973.20	545.00
973.38	540.00
973.56	581.00
973.74	602.00
973.92	542.00
974.10	475.00
974.28	500.00
974.46	477.00
974.64	469.00
974.82	525.00
975.00	535.00
975.18	614.00
975.36	581.00
975.54	506.00
975.72	480.00
975.90	502.00
976.08	549.00
976.26	544.00
976.44	587.00
976.62	564.00
976.80	557.00
976.98	515.00
977.16	488.00
977.34	520.00
977.52	562.00
977.70	491.00
977.88	518.00
978.06	500.00
978.24	518.00
978.42	521.00
978.60	442.00
978.78	483.00
978.96	526.00
979.14	475.00
979.32	476.00
979.50	555.00
979.68	550.00
979.86	503.00
980.04	465.00
980.22	448.00
980.40	509.00
980.58	485.00
980.76	459.00
980.94	412.00
981.12	448.00
981.30	525.00
981.48	521.00
981.66	511.00
981.84	450.00
982.02	470.00
982.20	439.00
982.38	477.00
982.56	438.00
982.74	431.00
982.92	467.00
983.10	481.00
983.28	459.00
983.46	425.00
983.64	459.00
983.82	479.00
984.00	518.00
984.18	478.00
984.36	480.00
984.54	490.00
984.72	407.00
984.90	457.00
985.08	525.00
985.26	456.00
985.44	445.00
985.62	479.00
985.80	513.00
985.98	537.00
986.16	458.00
986.34	413.00
986.51	420.00
986.69	416.00
986.87	352.00
987.05	385.00
987.23	418.00
987.41	474.00
987.59	444.00
987.77	406.00
987.95	439.00
988.13	459.00
988.31	413.00
988.49	396.00
988.67	419.00
988.85	411.00
989.03	449.00
989.21	413.00
989.39	344.00
989.57	390.00
989.75	391.00
989.93	374.00
990.11	411.00
990.28	408.00
990.46	457.00
990.64	386.00
990.82	427.00
991.00	477.00
991.18	446.00
991.36	402.00
991.54	391.00
991.72	432.00
991.90	433.00
992.08	401.00
992.26	373.00
992.44	445.00
992.62	414.00
992.80	412.00
992.98	403.00
993.15	398.00
993.33	375.00
993.51	383.00
993.69	462.00
993.87	414.00
994.05	373.00
994.23	303.00
994.41	349.00
994.59	391.00
994.77	351.00
994.95	338.00
995.13	352.00
995.31	459.00
995.48	428.00
995.66	402.00
995.84	357.00
996.02	388.00
996.20	397.00
996.38	338.00
996.56	333.00
996.74	435.00
996.92	330.00
997.10	396.00
997.28	381.00
997.46	414.00
997.63	404.00
997.81	291.00
997.99	294.00
998.17	369.00
998.35	401.00
998.53	360.00
998.71	380.00
998.89	401.00
999.07	407.00
999.25	422.00
999.43	418.00
999.60	346.00
999.78	356.00
999.96	328.00
1000.14	305.00
1000.32	361.00
1000.50	343.00
1000.68	348.00
1000.86	408.00
1001.04	323.00
1001.21	266.00
1001.39	292.00
1001.57	312.00
1001.75	298.00
1001.93	352.00
1002.11	357.00
1002.29	396.00
1002.47	338.00
1002.65	305.00
1002.82	332.00
1003.00	385.00
1003.18	374.00
1003.36	383.00
1003.54	347.00
1003.72	338.00
1003.90	318.00
1004.08	293.00
1004.26	307.00
1004.43	327.00
1004.61	275.00
1004.79	311.00
1004.97	348.00
1005.15	326.00
1005.33	316.00
1005.51	309.00
1005.69	328.00
1005.86	288.00
1006.04	275.00
1006.22	286.00
1006.40	298.00
1006.58	304.00
1006.76	324.00
1006.94	325.00
1007.12	313.00
1007.29	327.00
1007.47	258.00
1007.65	348.00
1007.83	369.00
1008.01	286.00
1008.19	293.00
1008.37	321.00
1008.54	298.00
1008.72	296.00
1008.90	315.00
1009.08	263.00
1009.26	231.00
1009.44	249.00
1009.62	302.00
1009.79	320.00
1009.97	274.00
1010.15	266.00
1010.33	278.00
1010.51	299.00
1010.69	210.00
1010.87	255.00
1011.04	333.00
1011.22	337.00
1011.40	295.00
1011.58	291.00
1011.76	254.00
1011.94	300.00
1012.11	351.00
1012.29	290.00
1012.47	308.00
1012.65	313.00
1012.83	282.00
1013.01	257.00
1013.18	291.00
1013.36	284.00
1013.54	223.00
1013.72	227.00
1013.90	251.00
1014.08	224.00
1014.25	326.00
1014.43	297.00
1014.61	248.00
1014.79	245.00
1014.97	242.00
1015.15	267.00
1015.32	220.00
1015.50	220.00
1015.68	247.00
1015.86	263.00
1016.04	198.00
1016.22	252.00
1016.39	248.00
1016.57	272.00
1016.75	276.00
1016.93	237.00
1017.11	226.00
1017.29	286.00
1017.46	268.00
1017.64	272.00
1017.82	241.00
1018.00	211.00
1018.18	265.00
1018.35	254.00
1018.53	216.00
1018.71	223.00
1018.89	195.00
1019.07	221.00
1019.24	245.00
1019.42	254.00
1019.60	252.00
1019.78	235.00
1019.96	262.00
1020.14	253.00
1020.31	255.00
1020.49	286.00
1020.67	208.00
1020.85	221.00
1021.03	230.00
1021.20	218.00
1021.38	231.00
1021.56	250.00
1021.74	213.00
1021.92	225.00
1022.09	265.00
1022.27	259.00
1022.45	237.00
1022.63	210.00
1022.81	233.00
1022.98	291.00
1023.16	282.00
1023.34	271.00
1023.52	245.00
1023.69	258.00
1023.87	244.00
1024.05	261.00
1024.23	316.00
1024.41	296.00
1024.58	245.00
1024.76	166.00
1024.94	184.00
1025.12	230.00
1025.30	188.00
1025.47	204.00
1025.65	235.00
1025.83	240.00
1026.01	231.00
1026.18	256.00
1026.36	292.00
1026.54	251.00
1026.72	192.00
1026.90	186.00
1027.07	260.00
1027.25	200.00
1027.43	200.00
1027.61	216.00
1027.78	297.00
1027.96	272.00
1028.14	218.00
1028.32	204.00
1028.49	216.00
1028.67	178.00
1028.85	200.00
1029.03	239.00
1029.21	190.00
1029.38	280.00
1029.56	233.00
1029.74	220.00
1029.92	225.00
1030.09	113.00
1030.27	172.00
1030.45	212.00
1030.63	204.00
1030.80	218.00
1030.98	219.00
1031.16	208.00
1031.34	170.00
1031.51	208.00
1031.69	199.00
1031.87	188.00
1032.05	178.00
1032.22	175.00
1032.40	200.00
1032.58	200.00
1032.76	196.00
1032.93	175.00
1033.11	188.00
1033.29	200.00
1033.47	222.00
1033.64	186.00
1033.82	193.00
1034.00	178.00
1034.18	184.00
1034.35	189.00
1034.53	209.00
1034.71	170.00
1034.89	203.00
1035.06	184.00
1035.24	180.00
1035.42	219.00
1035.59	183.00
1035.77	186.00
1035.95	134.00
1036.13	164.00
1036.30	164.00
1036.48	158.00
1036.66	179.00
1036.84	171.00
1037.01	200.00
1037.19	140.00
1037.37	201.00
1037.54	202.00
1037.72	231.00
1037.90	168.00
1038.08	174.00
1038.25	188.00
1038.43	193.00
1038.61	214.00
1038.79	184.00
1038.96	129.00
1039.14	142.00
1039.32	196.00
1039.49	151.00
1039.67	166.00
1039.85	165.00
1040.03	167.00
1040.20	194.00
1040.38	176.00
1040.56	179.00
1040.73	169.00
1040.91	150.00
1041.09	137.00
1041.27	158.00
1041.44	174.00
1041.62	241.00
1041.80	275.00
1041.97	220.00
1042.15	191.00
1042.33	155.00
1042.50	168.00
1042.68	176.00
1042.86	190.00
1043.04	204.00
1043.21	152.00
1043.39	162.00
1043.57	144.00
1043.74	141.00
1043.92	192.00
1044.10	184.00
1044.27	189.00
1044.45	252.00
1044.63	209.00
1044.80	166.00
1044.98	128.00
1045.16	131.00
1045.34	172.00
1045.51	148.00
1045.69	149.00
1045.87	186.00
1046.04	192.00
1046.22	236.00
1046.40	152.00
1046.57	153.00
1046.75	175.00
1046.93	160.00
1047.10	180.00
1047.28	152.00
1047.46	148.00
1047.63	167.00
1047.81	154.00
1047.99	156.00
1048.16	184.00
1048.34	176.00
1048.52	81.00
1048.69	117.00
1048.87	148.00
1049.05	132.00
1049.22	90.00
1049.40	92.00
1049.58	186.00
1049.75	158.00
1049.93	200.00
1050.11	201.00
1050.28	182.00
1050.46	175.00
1050.64	139.00
1050.81	120.00
1050.99	85.00
1051.17	113.00
1051.34	124.00
1051.52	131.00
1051.70	202.00
1051.87	172.00
1052.05	171.00
1052.23	146.00
1052.40	107.00
1052.58	177.00
1052.76	136.00
1052.93	95.00
1053.11	101.00
1053.29	148.00
1053.46	166.00
1053.64	116.00
1053.82	104.00
1053.99	83.00
1054.17	68.00
1054.35	145.00
1054.52	104.00
1054.70	134.00
1054.87	128.00
1055.05	108.00
1055.23	152.00
1055.40	106.00
1055.58	105.00
1055.76	168.00
1055.93	132.00
1056.11	160.00
1056.29	99.00
1056.46	130.00
1056.64	146.00
1056.81	124.00
1056.99	78.00
1057.17	68.00
1057.34	127.00
1057.52	121.00
1057.70	104.00
1057.87	143.00
1058.05	140.00
1058.22	125.00
1058.40	101.00
1058.58	126.00
1058.75	131.00
1058.93	124.00
1059.11	126.00
1059.28	114.00
1059.46	135.00
1059.63	168.00
1059.81	186.00
1059.99	171.00
1060.16	157.00
1060.34	146.00
1060.52	174.00
1060.69	151.00
1060.87	68.00
1061.04	94.00
1061.22	63.00
