367.62	21.00
367.82	-9.00
368.02	24.00
368.23	20.00
368.43	-84.00
368.63	-69.00
368.83	-31.00
369.04	-36.00
369.24	-38.00
369.44	0.00
369.65	2.00
369.85	-10.00
370.05	-8.00
370.25	51.00
370.46	34.00
370.66	1.00
370.86	69.00
371.07	28.00
371.27	8.00
371.47	15.00
371.67	35.00
371.88	54.00
372.08	26.00
372.28	-2.00
372.49	-37.00
372.69	-45.00
372.89	17.00
373.09	25.00
373.30	-13.00
373.50	-76.00
373.70	-55.00
373.91	-41.00
374.11	30.00
374.31	20.00
374.51	20.00
374.72	-25.00
374.92	8.00
375.12	5.00
375.33	24.00
375.53	-14.00
375.73	29.00
375.93	30.00
376.14	17.00
376.34	-22.00
376.54	23.00
376.74	-7.00
376.95	29.00
377.15	-13.00
377.35	-41.00
377.55	-20.00
377.76	-22.00
377.96	-23.00
378.16	42.00
378.37	20.00
378.57	-46.00
378.77	-39.00
378.97	-59.00
379.18	45.00
379.38	68.00
379.58	19.00
379.78	9.00
379.99	2.00
380.19	0.00
380.39	-22.00
380.59	1.00
380.80	47.00
381.00	17.00
381.20	-74.00
381.40	11.00
381.61	40.00
381.81	8.00
382.01	-5.00
382.21	-41.00
382.42	18.00
382.62	66.00
382.82	26.00
383.02	-9.00
383.23	1.00
383.43	-19.00
383.63	43.00
383.83	49.00
384.04	14.00
384.24	-58.00
384.44	-22.00
384.64	7.00
384.85	41.00
385.05	41.00
385.25	55.00
385.45	45.00
385.66	-15.00
385.86	-56.00
386.06	-27.00
386.26	-18.00
386.47	-10.00
386.67	19.00
386.87	30.00
387.07	-7.00
387.27	-1.00
387.48	33.00
387.68	7.00
387.88	13.00
388.08	-6.00
388.29	38.00
388.49	59.00
388.69	-9.00
388.89	13.00
389.10	-3.00
389.30	-23.00
389.50	-39.00
389.70	-14.00
389.90	8.00
390.11	28.00
390.31	31.00
390.51	-38.00
390.71	-53.00
390.92	-2.00
391.12	56.00
391.32	8.00
391.52	-27.00
391.72	86.00
391.93	29.00
392.13	-30.00
392.33	-2.00
392.53	13.00
392.74	15.00
392.94	24.00
393.14	-1.00
393.34	-31.00
393.54	22.00
393.75	26.00
393.95	-56.00
394.15	1.00
394.35	21.00
394.56	29.00
394.76	35.00
394.96	-10.00
395.16	-5.00
395.36	47.00
395.57	-6.00
395.77	-15.00
395.97	-43.00
396.17	-2.00
396.37	11.00
396.58	47.00
396.78	40.00
396.98	32.00
397.18	1.00
397.38	-26.00
397.59	-6.00
397.79	2.00
397.99	6.00
398.19	53.00
398.39	69.00
398.60	-49.00
398.80	-41.00
399.00	-3.00
399.20	-20.00
399.40	-43.00
399.61	-48.00
399.81	64.00
400.01	68.00
400.21	-8.00
400.41	-22.00
400.62	-16.00
400.82	-16.00
401.02	-20.00
401.22	-2.00
401.42	3.00
401.63	26.00
401.83	62.00
402.03	-14.00
402.23	-37.00
402.43	4.00
402.64	15.00
402.84	47.00
403.04	59.00
403.24	72.00
403.44	30.00
403.64	-47.00
403.85	-16.00
404.05	-49.00
404.25	0.00
404.45	-9.00
404.65	48.00
404.86	82.00
405.06	36.00
405.26	28.00
405.46	-18.00
405.66	2.00
405.86	5.00
406.07	-18.00
406.27	4.00
406.47	1.00
406.67	-35.00
406.87	6.00
407.07	21.00
407.28	8.00
407.48	-53.00
407.68	-11.00
407.88	43.00
408.08	42.00
408.28	4.00
408.49	-49.00
408.69	-41.00
408.89	-43.00
409.09	27.00
409.29	74.00
409.49	-19.00
409.70	-4.00
409.90	-12.00
410.10	-38.00
410.30	41.00
410.50	28.00
410.70	2.00
410.91	-22.00
411.11	53.00
411.31	14.00
411.51	6.00
411.71	21.00
411.91	21.00
412.12	10.00
412.32	19.00
412.52	-23.00
412.72	-51.00
412.92	-12.00
413.12	49.00
413.32	45.00
413.53	34.00
413.73	43.00
413.93	-8.00
414.13	15.00
414.33	10.00
414.53	-9.00
414.74	-27.00
414.94	-12.00
415.14	48.00
415.34	25.00
415.54	-3.00
415.74	16.00
415.94	56.00
416.15	62.00
416.35	45.00
416.55	40.00
416.75	44.00
416.95	-20.00
417.15	-15.00
417.35	-41.00
417.56	-46.00
417.76	-18.00
417.96	54.00
418.16	4.00
418.36	13.00
418.56	59.00
418.76	61.00
418.97	83.00
419.17	12.00
419.37	26.00
419.57	15.00
419.77	42.00
419.97	79.00
420.17	56.00
420.37	17.00
420.58	37.00
420.78	47.00
420.98	24.00
421.18	18.00
421.38	1.00
421.58	-7.00
421.78	-11.00
421.98	38.00
422.19	49.00
422.39	35.00
422.59	-34.00
422.79	-79.00
422.99	-1.00
423.19	-17.00
423.39	-18.00
423.59	17.00
423.80	-7.00
424.00	-4.00
424.20	38.00
424.40	51.00
424.60	73.00
424.80	25.00
425.00	2.00
425.20	-19.00
425.40	65.00
425.61	47.00
425.81	32.00
426.01	53.00
426.21	3.00
426.41	37.00
426.61	-6.00
426.81	34.00
427.01	76.00
427.21	96.00
427.42	84.00
427.62	25.00
427.82	15.00
428.02	46.00
428.22	50.00
428.42	86.00
428.62	47.00
428.82	36.00
429.02	49.00
429.23	103.00
429.43	37.00
429.63	-36.00
429.83	30.00
430.03	25.00
430.23	51.00
430.43	34.00
430.63	-12.00
430.83	11.00
431.03	45.00
431.24	-3.00
431.44	-25.00
431.64	6.00
431.84	2.00
432.04	-33.00
432.24	-29.00
432.44	6.00
432.64	27.00
432.84	13.00
433.04	-11.00
433.24	-42.00
433.45	31.00
433.65	94.00
433.85	-37.00
434.05	-55.00
434.25	-33.00
434.45	-30.00
434.65	23.00
434.85	-24.00
435.05	-55.00
435.25	-6.00
435.45	-7.00
435.65	25.00
435.86	48.00
436.06	-35.00
436.26	-33.00
436.46	18.00
436.66	23.00
436.86	12.00
437.06	30.00
437.26	26.00
437.46	11.00
437.66	23.00
437.86	86.00
438.06	89.00
438.26	39.00
438.47	-14.00
438.67	51.00
438.87	71.00
439.07	44.00
439.27	35.00
439.47	-3.00
439.67	31.00
439.87	13.00
440.07	32.00
440.27	50.00
440.47	104.00
440.67	118.00
440.87	50.00
441.07	62.00
441.27	95.00
441.48	24.00
441.68	-15.00
441.88	23.00
442.08	59.00
442.28	20.00
442.48	28.00
442.68	68.00
442.88	120.00
443.08	50.00
443.28	16.00
443.48	42.00
443.68	86.00
443.88	58.00
444.08	53.00
444.28	76.00
444.48	5.00
444.68	7.00
444.88	57.00
445.09	70.00
445.29	80.00
445.49	94.00
445.69	113.00
445.89	126.00
446.09	47.00
446.29	84.00
446.49	123.00
446.69	89.00
446.89	69.00
447.09	47.00
447.29	56.00
447.49	14.00
447.69	-4.00
447.89	-26.00
448.09	24.00
448.29	50.00
448.49	57.00
448.69	22.00
448.89	27.00
449.09	86.00
449.29	27.00
449.49	55.00
449.70	67.00
449.90	59.00
450.10	27.00
450.30	70.00
450.50	129.00
450.70	77.00
450.90	19.00
451.10	30.00
451.30	89.00
451.50	104.00
451.70	61.00
451.90	37.00
452.10	31.00
452.30	38.00
452.50	42.00
452.70	26.00
452.90	81.00
453.10	66.00
453.30	1.00
453.50	23.00
453.70	65.00
453.90	68.00
454.10	33.00
454.30	-14.00
454.50	34.00
454.70	63.00
454.90	50.00
455.10	102.00
455.30	79.00
455.50	75.00
455.70	114.00
455.90	95.00
456.10	91.00
456.30	54.00
456.50	91.00
456.70	73.00
456.90	115.00
457.10	121.00
457.30	69.00
457.50	24.00
457.70	99.00
457.90	84.00
458.10	33.00
458.30	5.00
458.50	68.00
458.70	89.00
458.90	78.00
459.10	52.00
459.30	44.00
459.50	128.00
459.70	64.00
459.90	17.00
460.10	4.00
460.30	22.00
460.50	44.00
460.70	92.00
460.90	70.00
461.10	64.00
461.30	55.00
461.50	110.00
461.70	120.00
461.90	89.00
462.10	48.00
462.30	35.00
462.50	95.00
462.70	70.00
462.90	60.00
463.10	96.00
463.30	129.00
463.50	100.00
463.70	95.00
463.90	78.00
464.10	80.00
464.30	91.00
464.50	52.00
464.70	50.00
464.90	37.00
465.10	36.00
465.30	100.00
465.50	76.00
465.70	103.00
465.90	140.00
466.10	148.00
466.30	166.00
466.50	118.00
466.70	163.00
466.90	140.00
467.10	150.00
467.30	107.00
467.50	27.00
467.70	75.00
467.90	48.00
468.10	43.00
468.30	7.00
468.50	60.00
468.70	128.00
468.90	82.00
469.10	86.00
469.30	84.00
469.50	52.00
469.70	54.00
469.90	39.00
470.10	101.00
470.30	52.00
470.50	28.00
470.70	65.00
470.90	90.00
471.10	57.00
471.29	106.00
471.49	108.00
471.69	56.00
471.89	61.00
472.09	91.00
472.29	63.00
472.49	100.00
472.69	104.00
472.89	84.00
473.09	107.00
473.29	57.00
473.49	58.00
473.69	76.00
473.89	82.00
474.09	24.00
474.29	61.00
474.49	111.00
474.69	114.00
474.89	123.00
475.09	82.00
475.29	50.00
475.49	81.00
475.69	61.00
475.88	14.00
476.08	121.00
476.28	113.00
476.48	11.00
476.68	-25.00
476.88	77.00
477.08	67.00
477.28	69.00
477.48	111.00
477.68	101.00
477.88	114.00
478.08	109.00
478.28	49.00
478.48	74.00
478.68	99.00
478.88	87.00
479.08	42.00
479.28	48.00
479.47	91.00
479.67	92.00
479.87	86.00
480.07	73.00
480.27	80.00
480.47	68.00
480.67	68.00
480.87	53.00
481.07	68.00
481.27	50.00
481.47	12.00
481.67	88.00
481.87	80.00
482.07	68.00
482.27	115.00
482.46	80.00
482.66	66.00
482.86	168.00
483.06	96.00
483.26	64.00
483.46	60.00
483.66	73.00
483.86	108.00
484.06	70.00
484.26	82.00
484.46	64.00
484.66	44.00
484.86	74.00
485.05	81.00
485.25	75.00
485.45	92.00
485.65	94.00
485.85	65.00
486.05	44.00
486.25	74.00
486.45	132.00
486.65	105.00
486.85	68.00
487.05	82.00
487.25	147.00
487.44	132.00
487.64	106.00
487.84	32.00
488.04	63.00
488.24	4.00
488.44	106.00
488.64	101.00
488.84	44.00
489.04	-2.00
489.24	44.00
489.43	91.00
489.63	163.00
489.83	170.00
490.03	121.00
490.23	128.00
490.43	112.00
490.63	92.00
490.83	91.00
491.03	57.00
491.23	82.00
491.42	126.00
491.62	132.00
491.82	148.00
492.02	128.00
492.22	69.00
492.42	59.00
492.62	82.00
492.82	94.00
493.02	114.00
493.22	108.00
493.41	172.00
493.61	111.00
493.81	65.00
494.01	85.00
494.21	102.00
494.41	138.00
494.61	141.00
494.81	82.00
495.01	95.00
495.20	85.00
495.40	95.00
495.60	98.00
495.80	219.00
496.00	195.00
496.20	182.00
496.40	166.00
496.60	171.00
496.79	147.00
496.99	118.00
497.19	143.00
497.39	153.00
497.59	82.00
497.79	126.00
497.99	121.00
498.19	129.00
498.38	171.00
498.58	97.00
498.78	119.00
498.98	190.00
499.18	180.00
499.38	101.00
499.58	76.00
499.78	141.00
499.97	171.00
500.17	158.00
500.37	164.00
500.57	124.00
500.77	159.00
500.97	176.00
501.17	113.00
501.37	140.00
501.56	146.00
501.76	166.00
501.96	184.00
502.16	159.00
502.36	166.00
502.56	201.00
502.76	195.00
502.95	220.00
503.15	154.00
503.35	195.00
503.55	185.00
503.75	122.00
503.95	86.00
504.15	141.00
504.34	156.00
504.54	202.00
504.74	153.00
504.94	145.00
505.14	161.00
505.34	140.00
505.54	183.00
505.73	175.00
505.93	170.00
506.13	199.00
506.33	152.00
506.53	139.00
506.73	188.00
506.92	205.00
507.12	164.00
507.32	146.00
507.52	163.00
507.72	204.00
507.92	133.00
508.12	176.00
508.31	199.00
508.51	218.00
508.71	118.00
508.91	136.00
509.11	172.00
509.31	171.00
509.50	175.00
509.70	177.00
509.90	226.00
510.10	214.00
510.30	202.00
510.50	182.00
510.69	155.00
510.89	175.00
511.09	133.00
511.29	213.00
511.49	143.00
511.69	150.00
511.88	158.00
512.08	136.00
512.28	125.00
512.48	147.00
512.68	163.00
512.88	125.00
513.07	138.00
513.27	205.00
513.47	138.00
513.67	235.00
513.87	185.00
514.06	77.00
514.26	165.00
514.46	125.00
514.66	149.00
514.86	196.00
515.06	129.00
515.25	135.00
515.45	197.00
515.65	178.00
515.85	146.00
516.05	151.00
516.24	151.00
516.44	171.00
516.64	171.00
516.84	149.00
517.04	215.00
517.23	180.00
517.43	139.00
517.63	212.00
517.83	193.00
518.03	175.00
518.23	182.00
518.42	157.00
518.62	160.00
518.82	174.00
519.02	182.00
519.22	159.00
519.41	148.00
519.61	178.00
519.81	155.00
520.01	183.00
520.21	215.00
520.40	160.00
520.60	161.00
520.80	195.00
521.00	214.00
521.20	198.00
521.39	192.00
521.59	175.00
521.79	164.00
521.99	141.00
522.19	157.00
522.38	130.00
522.58	202.00
522.78	248.00
522.98	221.00
523.17	216.00
523.37	193.00
523.57	221.00
523.77	246.00
523.97	256.00
524.16	244.00
524.36	199.00
524.56	169.00
524.76	169.00
524.96	218.00
525.15	200.00
525.35	274.00
525.55	275.00
525.75	247.00
525.94	211.00
526.14	182.00
526.34	161.00
526.54	228.00
526.74	250.00
526.93	295.00
527.13	261.00
527.33	229.00
527.53	170.00
527.72	169.00
527.92	230.00
528.12	158.00
528.32	163.00
528.52	233.00
528.71	203.00
528.91	275.00
529.11	309.00
529.31	257.00
529.50	269.00
529.70	247.00
529.90	237.00
530.10	271.00
530.29	269.00
530.49	199.00
530.69	226.00
530.89	281.00
531.09	292.00
531.28	302.00
531.48	231.00
531.68	207.00
531.88	285.00
532.07	306.00
532.27	301.00
532.47	324.00
532.67	316.00
532.86	281.00
533.06	279.00
533.26	304.00
533.46	280.00
533.65	232.00
533.85	252.00
534.05	318.00
534.25	288.00
534.44	318.00
534.64	312.00
534.84	300.00
535.04	341.00
535.23	290.00
535.43	377.00
535.63	320.00
535.83	270.00
536.02	301.00
536.22	379.00
536.42	407.00
536.62	320.00
536.81	335.00
537.01	326.00
537.21	336.00
537.41	321.00
537.60	344.00
537.80	389.00
538.00	401.00
538.20	408.00
538.39	398.00
538.59	388.00
538.79	382.00
538.99	330.00
539.18	388.00
539.38	395.00
539.58	338.00
539.77	351.00
539.97	345.00
540.17	356.00
540.37	430.00
540.56	419.00
540.76	325.00
540.96	335.00
541.16	374.00
541.35	361.00
541.55	340.00
541.75	398.00
541.94	402.00
542.14	505.00
542.34	520.00
542.54	464.00
542.73	439.00
542.93	491.00
543.13	426.00
543.33	460.00
543.52	500.00
543.72	467.00
543.92	448.00
544.11	461.00
544.31	386.00
544.51	386.00
544.71	419.00
544.90	510.00
545.10	427.00
545.30	403.00
545.49	415.00
545.69	372.00
545.89	445.00
546.09	456.00
546.28	529.00
546.48	523.00
546.68	466.00
546.87	490.00
547.07	458.00
547.27	455.00
547.47	422.00
547.66	509.00
547.86	495.00
548.06	441.00
548.25	392.00
548.45	469.00
548.65	509.00
548.84	486.00
549.04	462.00
549.24	492.00
549.44	483.00
549.63	490.00
549.83	509.00
550.03	499.00
550.22	510.00
550.42	417.00
550.62	421.00
550.81	400.00
551.01	462.00
551.21	397.00
551.41	381.00
551.60	313.00
551.80	376.00
552.00	423.00
552.19	380.00
552.39	423.00
552.59	437.00
552.78	438.00
552.98	428.00
553.18	430.00
553.37	395.00
553.57	445.00
553.77	441.00
553.96	432.00
554.16	453.00
554.36	414.00
554.56	400.00
554.75	458.00
554.95	446.00
555.15	386.00
555.34	381.00
555.54	414.00
555.74	463.00
555.93	445.00
556.13	395.00
556.33	442.00
556.52	385.00
556.72	397.00
556.92	386.00
557.11	382.00
557.31	463.00
557.51	391.00
557.70	345.00
557.90	313.00
558.10	371.00
558.29	313.00
558.49	264.00
558.69	349.00
558.88	360.00
559.08	357.00
559.28	388.00
559.47	346.00
559.67	385.00
559.87	400.00
560.06	419.00
560.26	416.00
560.46	383.00
560.65	357.00
560.85	318.00
561.05	354.00
561.24	348.00
561.44	363.00
561.64	328.00
561.83	389.00
562.03	399.00
562.23	338.00
562.42	418.00
562.62	414.00
562.82	405.00
563.01	360.00
563.21	349.00
563.40	389.00
563.60	399.00
563.80	402.00
563.99	352.00
564.19	384.00
564.39	393.00
564.58	401.00
564.78	353.00
564.98	412.00
565.17	430.00
565.37	437.00
565.57	453.00
565.76	411.00
565.96	378.00
566.16	445.00
566.35	428.00
566.55	442.00
566.74	437.00
566.94	423.00
567.14	475.00
567.33	518.00
567.53	457.00
567.73	462.00
567.92	489.00
568.12	471.00
568.32	445.00
568.51	403.00
568.71	399.00
568.90	457.00
569.10	461.00
569.30	399.00
569.49	445.00
569.69	470.00
569.89	467.00
570.08	487.00
570.28	461.00
570.47	498.00
570.67	479.00
570.87	476.00
571.06	474.00
571.26	439.00
571.46	395.00
571.65	463.00
571.85	468.00
572.04	411.00
572.24	395.00
572.44	472.00
572.63	501.00
572.83	528.00
573.03	494.00
573.22	444.00
573.42	512.00
573.61	522.00
573.81	542.00
574.01	557.00
574.20	498.00
574.40	508.00
574.59	585.00
574.79	583.00
574.99	554.00
575.18	621.00
575.38	580.00
575.58	592.00
575.77	563.00
575.97	551.00
576.16	581.00
576.36	540.00
576.56	574.00
576.75	664.00
576.95	664.00
577.14	701.00
577.34	746.00
577.54	717.00
577.73	672.00
577.93	648.00
578.12	686.00
578.32	767.00
578.52	732.00
578.71	706.00
578.91	672.00
579.10	675.00
579.30	694.00
579.50	674.00
579.69	675.00
579.89	726.00
580.08	730.00
580.28	787.00
580.48	825.00
580.67	791.00
580.87	807.00
581.06	829.00
581.26	832.00
581.45	869.00
581.65	874.00
581.85	839.00
582.04	853.00
582.24	902.00
582.43	913.00
582.63	879.00
582.83	880.00
583.02	936.00
583.22	979.00
583.41	935.00
583.61	980.00
583.80	1006.00
584.00	930.00
584.20	996.00
584.39	1032.00
584.59	998.00
584.78	1009.00
584.98	1037.00
585.17	1022.00
585.37	1056.00
585.57	1073.00
585.76	1036.00
585.96	1051.00
586.15	1177.00
586.35	1206.00
586.54	1124.00
586.74	1138.00
586.94	1092.00
587.13	1214.00
587.33	1251.00
587.52	1224.00
587.72	1243.00
587.91	1168.00
588.11	1207.00
588.31	1251.00
588.50	1256.00
588.70	1314.00
588.89	1316.00
589.09	1291.00
589.28	1355.00
589.48	1316.00
589.68	1273.00
589.87	1290.00
590.07	1394.00
590.26	1403.00
590.46	1348.00
590.65	1410.00
590.85	1435.00
591.04	1407.00
591.24	1454.00
591.44	1434.00
591.63	1461.00
591.83	1420.00
592.02	1417.00
592.22	1469.00
592.41	1431.00
592.61	1466.00
592.80	1524.00
593.00	1645.00
593.19	1715.00
593.39	1597.00
593.59	1585.00
593.78	1608.00
593.98	1624.00
594.17	1595.00
594.37	1546.00
594.56	1596.00
594.76	1650.00
594.95	1660.00
595.15	1644.00
595.34	1695.00
595.54	1720.00
595.73	1637.00
595.93	1614.00
596.13	1694.00
596.32	1727.00
596.52	1706.00
596.71	1789.00
596.91	1753.00
597.10	1733.00
597.30	1738.00
597.49	1743.00
597.69	1789.00
597.88	1752.00
598.08	1771.00
598.27	1871.00
598.47	1800.00
598.66	1794.00
598.86	1832.00
599.06	1803.00
599.25	1794.00
599.45	1848.00
599.64	1903.00
599.84	1820.00
600.03	1793.00
600.23	1861.00
600.42	1882.00
600.62	1826.00
600.81	1824.00
601.01	1861.00
601.20	1864.00
601.40	1905.00
601.59	1923.00
601.79	1860.00
601.98	1882.00
602.18	1806.00
602.37	1786.00
602.57	1840.00
602.76	1900.00
602.96	1877.00
603.15	1883.00
603.35	1829.00
603.54	1804.00
603.74	1900.00
603.93	1878.00
604.13	1934.00
604.32	1899.00
604.52	1904.00
604.71	1938.00
604.91	1995.00
605.10	1931.00
605.30	1853.00
605.49	1878.00
605.69	1907.00
605.88	1960.00
606.08	1980.00
606.27	1945.00
606.47	1885.00
606.66	1922.00
606.86	1986.00
607.05	1874.00
607.25	1797.00
607.44	1885.00
607.64	1919.00
607.83	1877.00
608.03	1861.00
608.22	1873.00
608.42	1834.00
608.61	1869.00
608.81	1946.00
609.00	1984.00
609.20	1994.00
609.39	2029.00
609.59	2049.00
609.78	2095.00
609.98	2168.00
610.17	2291.00
610.37	2446.00
610.56	2774.00
610.76	2907.00
610.95	2990.00
611.15	3151.00
611.34	3209.00
611.54	3215.00
611.73	3227.00
611.93	3015.00
612.12	2722.00
612.32	2468.00
612.51	2326.00
612.71	2383.00
612.90	2294.00
613.09	2239.00
613.29	2166.00
613.48	2181.00
613.68	2223.00
613.87	2183.00
614.07	2179.00
614.26	2137.00
614.46	2170.00
614.65	2143.00
614.85	2066.00
615.04	2080.00
615.24	2116.00
615.43	2117.00
615.63	2086.00
615.82	2081.00
616.02	1974.00
616.21	1912.00
616.40	1903.00
616.60	1867.00
616.79	1949.00
616.99	1955.00
617.18	1918.00
617.38	1925.00
617.57	1931.00
617.77	1969.00
617.96	1892.00
618.16	1911.00
618.35	1952.00
618.54	1898.00
618.74	1873.00
618.93	1880.00
619.13	1875.00
619.32	1890.00
619.52	1913.00
619.71	1947.00
619.91	2006.00
620.10	1935.00
620.30	1977.00
620.49	2082.00
620.68	1968.00
620.88	1991.00
621.07	2091.00
621.27	2026.00
621.46	1975.00
621.66	1990.00
621.85	1972.00
622.05	1961.00
622.24	2001.00
622.43	2038.00
622.63	2015.00
622.82	2038.00
623.02	2028.00
623.21	2112.00
623.41	2085.00
623.60	2131.00
623.80	2193.00
623.99	2142.00
624.18	2180.00
624.38	2134.00
624.57	2108.00
624.77	2164.00
624.96	2097.00
625.16	2024.00
625.35	2103.00
625.54	2130.00
625.74	2128.00
625.93	2163.00
626.13	2186.00
626.32	2164.00
626.52	2089.00
626.71	2130.00
626.90	2158.00
627.10	2155.00
627.29	2134.00
627.49	2137.00
627.68	2247.00
627.88	2273.00
628.07	2227.00
628.26	2133.00
628.46	2143.00
628.65	2155.00
628.85	2294.00
629.04	2292.00
629.23	2311.00
629.43	2276.00
629.62	2265.00
629.82	2255.00
630.01	2260.00
630.21	2304.00
630.40	2332.00
630.59	2404.00
630.79	2486.00
630.98	2492.00
631.18	2494.00
631.37	2496.00
631.56	2516.00
631.76	2543.00
631.95	2516.00
632.15	2527.00
632.34	2438.00
632.53	2420.00
632.73	2508.00
632.92	2550.00
633.12	2443.00
633.31	2357.00
633.50	2318.00
633.70	2366.00
633.89	2467.00
634.09	2456.00
634.28	2436.00
634.47	2453.00
634.67	2513.00
634.86	2580.00
635.06	2514.00
635.25	2516.00
635.44	2530.00
635.64	2538.00
635.83	2612.00
636.03	2623.00
636.22	2612.00
636.41	2577.00
636.61	2541.00
636.80	2604.00
637.00	2657.00
637.19	2700.00
637.38	2681.00
637.58	2759.00
637.77	2796.00
637.96	2729.00
638.16	2736.00
638.35	2810.00
638.55	2798.00
638.74	2900.00
638.93	2877.00
639.13	2836.00
639.32	2815.00
639.51	2847.00
639.71	2842.00
639.90	2784.00
640.10	2768.00
640.29	2825.00
640.48	2874.00
640.68	2883.00
640.87	2844.00
641.07	2892.00
641.26	3008.00
641.45	3023.00
641.65	2959.00
641.84	2922.00
642.03	2948.00
642.23	3086.00
642.42	3125.00
642.61	3054.00
642.81	3117.00
643.00	3040.00
643.20	2921.00
643.39	2958.00
643.58	2965.00
643.78	3008.00
643.97	3070.00
644.16	3077.00
644.36	2991.00
644.55	3055.00
644.74	3126.00
644.94	3211.00
645.13	3247.00
645.33	3202.00
645.52	3203.00
645.71	3193.00
645.91	3167.00
646.10	3134.00
646.29	3141.00
646.49	3171.00
646.68	3223.00
646.87	3294.00
647.07	3233.00
647.26	3289.00
647.45	3325.00
647.65	3355.00
647.84	3385.00
648.03	3371.00
648.23	3424.00
648.42	3412.00
648.62	3465.00
648.81	3447.00
649.00	3369.00
649.20	3414.00
649.39	3374.00
649.58	3380.00
649.78	3444.00
649.97	3514.00
650.16	3477.00
650.36	3457.00
650.55	3484.00
650.74	3458.00
650.94	3465.00
651.13	3439.00
651.32	3456.00
651.52	3558.00
651.71	3591.00
651.90	3580.00
652.10	3474.00
652.29	3518.00
652.48	3509.00
652.68	3481.00
652.87	3446.00
653.06	3525.00
653.26	3465.00
653.45	3405.00
653.64	3451.00
653.84	3499.00
654.03	3466.00
654.22	3480.00
654.42	3395.00
654.61	3445.00
654.80	3462.00
654.99	3485.00
655.19	3540.00
655.38	3579.00
655.57	3530.00
655.77	3543.00
655.96	3534.00
656.15	3568.00
656.35	3552.00
656.54	3549.00
656.73	3495.00
656.93	3417.00
657.12	3444.00
657.31	3398.00
657.51	3402.00
657.70	3431.00
657.89	3486.00
658.09	3516.00
658.28	3485.00
658.47	3413.00
658.66	3458.00
658.86	3545.00
659.05	3570.00
659.24	3494.00
659.44	3517.00
659.63	3465.00
659.82	3451.00
660.02	3427.00
660.21	3483.00
660.40	3458.00
660.60	3465.00
660.79	3393.00
660.98	3383.00
661.17	3403.00
661.37	3477.00
661.56	3459.00
661.75	3365.00
661.95	3351.00
662.14	3356.00
662.33	3434.00
662.52	3496.00
662.72	3559.00
662.91	3538.00
663.10	3394.00
663.30	3473.00
663.49	3452.00
663.68	3438.00
663.88	3349.00
664.07	3349.00
664.26	3366.00
664.45	3360.00
664.65	3385.00
664.84	3280.00
665.03	3196.00
665.23	3237.00
665.42	3250.00
665.61	3338.00
665.80	3306.00
666.00	3274.00
666.19	3224.00
666.38	3253.00
666.57	3299.00
666.77	3269.00
666.96	3321.00
667.15	3344.00
667.35	3306.00
667.54	3144.00
667.73	3154.00
667.92	3100.00
668.12	3096.00
668.31	3191.00
668.50	3204.00
668.70	3227.00
668.89	3292.00
669.08	3230.00
669.27	3108.00
669.47	3156.00
669.66	3222.00
669.85	3102.00
670.04	3129.00
670.24	3228.00
670.43	3282.00
670.62	3289.00
670.81	3205.00
671.01	3227.00
671.20	3256.00
671.39	3183.00
671.58	3151.00
671.78	3191.00
671.97	3206.00
672.16	3162.00
672.36	3132.00
672.55	3175.00
672.74	3188.00
672.93	3163.00
673.13	3123.00
673.32	3102.00
673.51	3031.00
673.70	3044.00
673.90	3108.00
674.09	3098.00
674.28	3093.00
674.47	3078.00
674.67	3048.00
674.86	3116.00
675.05	3105.00
675.24	3077.00
675.44	3113.00
675.63	3034.00
675.82	3014.00
676.01	3023.00
676.21	3027.00
676.40	3005.00
676.59	3025.00
676.78	2983.00
676.97	2994.00
677.17	3013.00
677.36	3058.00
677.55	2990.00
677.74	2992.00
677.94	3095.00
678.13	3162.00
678.32	3141.00
678.51	3001.00
678.71	3014.00
678.90	3082.00
679.09	2981.00
679.28	2953.00
679.48	3021.00
679.67	3013.00
679.86	2951.00
680.05	2889.00
680.24	2918.00
680.44	2889.00
680.63	2861.00
680.82	2908.00
681.01	2898.00
681.21	2961.00
681.40	2912.00
681.59	2931.00
681.78	2928.00
681.97	2909.00
682.17	2807.00
682.36	2832.00
682.55	2889.00
682.74	2962.00
682.94	2972.00
683.13	2951.00
683.32	2952.00
683.51	2929.00
683.70	2939.00
683.90	2912.00
684.09	2920.00
684.28	2962.00
684.47	2919.00
684.66	2904.00
684.86	2946.00
685.05	2934.00
685.24	2885.00
685.43	2896.00
685.63	2832.00
685.82	2851.00
686.01	2905.00
686.20	2933.00
686.39	2868.00
686.59	2892.00
686.78	2966.00
686.97	2933.00
687.16	2984.00
687.35	2986.00
687.55	2966.00
687.74	2851.00
687.93	2860.00
688.12	2988.00
688.31	2967.00
688.51	2971.00
688.70	2995.00
688.89	3008.00
689.08	2984.00
689.27	2923.00
689.47	2927.00
689.66	2966.00
689.85	2950.00
690.04	2870.00
690.23	2769.00
690.42	2879.00
690.62	2947.00
690.81	2971.00
691.00	2945.00
691.19	2917.00
691.38	2832.00
691.58	2840.00
691.77	2875.00
691.96	2951.00
692.15	2890.00
692.34	2922.00
692.54	2852.00
692.73	2839.00
692.92	2955.00
693.11	2955.00
693.30	2899.00
693.49	2942.00
693.69	2967.00
693.88	2962.00
694.07	2945.00
694.26	2941.00
694.45	2937.00
694.64	2861.00
694.84	2805.00
695.03	2800.00
695.22	2878.00
695.41	2872.00
695.60	2913.00
695.80	2995.00
695.99	2910.00
696.18	2857.00
696.37	2914.00
696.56	2869.00
696.75	2903.00
696.95	2909.00
697.14	2929.00
697.33	2979.00
697.52	2944.00
697.71	2967.00
697.90	2924.00
698.09	2875.00
698.29	2897.00
698.48	2986.00
698.67	3049.00
698.86	3042.00
699.05	2966.00
699.24	2999.00
699.44	3015.00
699.63	2939.00
699.82	2875.00
700.01	2885.00
700.20	2966.00
700.39	3044.00
700.58	3055.00
700.78	3059.00
700.97	3096.00
701.16	3037.00
701.35	2934.00
701.54	3000.00
701.73	3053.00
701.93	3124.00
702.12	3119.00
702.31	3167.00
702.50	3224.00
702.69	3170.00
702.88	3194.00
703.07	3217.00
703.27	3288.00
703.46	3270.00
703.65	3227.00
703.84	3247.00
704.03	3274.00
704.22	3276.00
704.41	3183.00
704.60	3239.00
704.80	3308.00
704.99	3251.00
705.18	3256.00
705.37	3274.00
705.56	3219.00
705.75	3224.00
705.94	3218.00
706.14	3258.00
706.33	3271.00
706.52	3348.00
706.71	3356.00
706.90	3377.00
707.09	3401.00
707.28	3439.00
707.47	3406.00
707.67	3408.00
707.86	3430.00
708.05	3457.00
708.24	3412.00
708.43	3405.00
708.62	3452.00
708.81	3479.00
709.00	3484.00
709.20	3552.00
709.39	3545.00
709.58	3606.00
709.77	3568.00
709.96	3564.00
710.15	3476.00
710.34	3457.00
710.53	3533.00
710.72	3614.00
710.92	3498.00
711.11	3426.00
711.30	3475.00
711.49	3487.00
711.68	3533.00
711.87	3625.00
712.06	3629.00
712.25	3669.00
712.44	3700.00
712.64	3755.00
712.83	3709.00
713.02	3705.00
713.21	3637.00
713.40	3624.00
713.59	3610.00
713.78	3658.00
713.97	3624.00
714.16	3669.00
714.35	3686.00
714.55	3609.00
714.74	3625.00
714.93	3754.00
715.12	3691.00
715.31	3731.00
715.50	3721.00
715.69	3773.00
715.88	3767.00
716.07	3736.00
716.26	3766.00
716.45	3812.00
716.65	3767.00
716.84	3690.00
717.03	3750.00
717.22	3763.00
717.41	3802.00
717.60	3869.00
717.79	3871.00
717.98	3833.00
718.17	3744.00
718.36	3759.00
718.55	3836.00
718.75	3789.00
718.94	3832.00
719.13	3860.00
719.32	3838.00
719.51	3890.00
719.70	3933.00
719.89	3914.00
720.08	3868.00
720.27	3743.00
720.46	3763.00
720.65	3907.00
720.84	3889.00
721.03	3968.00
721.22	3882.00
721.42	3790.00
721.61	3880.00
721.80	3893.00
721.99	3774.00
722.18	3743.00
722.37	3837.00
722.56	3926.00
722.75	3931.00
722.94	3909.00
723.13	3899.00
723.32	3816.00
723.51	3807.00
723.70	3890.00
723.89	3899.00
724.08	3880.00
724.28	3974.00
724.47	3926.00
724.66	3949.00
724.85	3947.00
725.04	3866.00
725.23	3899.00
725.42	3971.00
725.61	4053.00
725.80	4044.00
725.99	3889.00
726.18	3936.00
726.37	3959.00
726.56	3966.00
726.75	4044.00
726.94	3986.00
727.13	3958.00
727.32	3971.00
727.51	3963.00
727.71	3886.00
727.90	3869.00
728.09	3791.00
728.28	3863.00
728.47	3992.00
728.66	3921.00
728.85	3829.00
729.04	3813.00
729.23	3828.00
729.42	3910.00
729.61	3978.00
729.80	3959.00
729.99	3927.00
730.18	3894.00
730.37	3841.00
730.56	3935.00
730.75	3925.00
730.94	3872.00
731.13	3923.00
731.32	3904.00
731.51	3903.00
731.70	3867.00
731.89	3864.00
732.08	3952.00
732.27	3894.00
732.46	3817.00
732.65	3909.00
732.84	3894.00
733.04	3930.00
733.23	3913.00
733.42	3901.00
733.61	3875.00
733.80	3861.00
733.99	3939.00
734.18	3901.00
734.37	3876.00
734.56	3766.00
734.75	3698.00
734.94	3827.00
735.13	3817.00
735.32	3754.00
735.51	3813.00
735.70	3815.00
735.89	3862.00
736.08	3828.00
736.27	3733.00
736.46	3711.00
736.65	3683.00
736.84	3735.00
737.03	3708.00
737.22	3647.00
737.41	3656.00
737.60	3659.00
737.79	3757.00
737.98	3726.00
738.17	3702.00
738.36	3718.00
738.55	3719.00
738.74	3709.00
738.93	3765.00
739.12	3829.00
739.31	3739.00
739.50	3788.00
739.69	3762.00
739.88	3750.00
740.07	3728.00
740.26	3751.00
740.45	3744.00
740.64	3675.00
740.83	3641.00
741.02	3556.00
741.21	3677.00
741.40	3698.00
741.59	3631.00
741.78	3541.00
741.97	3482.00
742.16	3546.00
742.35	3561.00
742.54	3483.00
742.73	3595.00
742.92	3595.00
743.11	3471.00
743.30	3456.00
743.49	3430.00
743.68	3421.00
743.87	3471.00
744.06	3489.00
744.25	3424.00
744.44	3449.00
744.63	3462.00
744.82	3547.00
745.01	3552.00
745.20	3420.00
745.39	3450.00
745.58	3485.00
745.77	3481.00
745.96	3374.00
746.15	3420.00
746.34	3411.00
746.52	3510.00
746.71	3485.00
746.90	3351.00
747.09	3418.00
747.28	3394.00
747.47	3385.00
747.66	3405.00
747.85	3350.00
748.04	3321.00
748.23	3267.00
748.42	3301.00
748.61	3282.00
748.80	3337.00
748.99	3315.00
749.18	3159.00
749.37	3214.00
749.56	3237.00
749.75	3159.00
749.94	3073.00
750.13	3160.00
750.32	3167.00
750.51	3090.00
750.70	3188.00
750.89	3099.00
751.08	3104.00
751.27	3032.00
751.46	3049.00
751.64	3238.00
751.83	3219.00
752.02	3116.00
752.21	3112.00
752.40	3074.00
752.59	3091.00
752.78	3159.00
752.97	3148.00
753.16	3150.00
753.35	3205.00
753.54	3177.00
753.73	3154.00
753.92	3152.00
754.11	3113.00
754.30	3087.00
754.49	3072.00
754.68	3039.00
754.87	3028.00
755.06	3042.00
755.24	3054.00
755.43	3028.00
755.62	3082.00
755.81	3062.00
756.00	3097.00
756.19	3027.00
756.38	2950.00
756.57	2965.00
756.76	2953.00
756.95	2987.00
757.14	3018.00
757.33	2953.00
757.52	2982.00
757.71	2939.00
757.90	2908.00
758.08	2957.00
758.27	2928.00
758.46	2901.00
758.65	2948.00
758.84	2900.00
759.03	2901.00
759.22	2894.00
759.41	2969.00
759.60	3020.00
759.79	2988.00
759.98	2924.00
760.17	2895.00
760.36	2869.00
760.54	2864.00
760.73	2906.00
760.92	2882.00
761.11	2809.00
761.30	2793.00
761.49	2790.00
761.68	2697.00
761.87	2611.00
762.06	2709.00
762.25	2715.00
762.44	2631.00
762.63	2597.00
762.81	2597.00
763.00	2532.00
763.19	2502.00
763.38	2382.00
763.57	2383.00
763.76	2449.00
763.95	2510.00
764.14	2473.00
764.33	2467.00
764.52	2535.00
764.71	2500.00
764.89	2515.00
765.08	2539.00
765.27	2493.00
765.46	2477.00
765.65	2436.00
765.84	2456.00
766.03	2492.00
766.22	2521.00
766.41	2558.00
766.59	2474.00
766.78	2398.00
766.97	2510.00
767.16	2653.00
767.35	2681.00
767.54	2697.00
767.73	2673.00
767.92	2737.00
768.11	2756.00
768.30	2692.00
768.48	2658.00
768.67	2689.00
768.86	2765.00
769.05	2838.00
769.24	2790.00
769.43	2749.00
769.62	2752.00
769.81	2741.00
769.99	2825.00
770.18	2843.00
770.37	2803.00
770.56	2782.00
770.75	2846.00
770.94	2809.00
771.13	2748.00
771.32	2825.00
771.50	2741.00
771.69	2691.00
771.88	2730.00
772.07	2782.00
772.26	2715.00
772.45	2775.00
772.64	2707.00
772.83	2643.00
773.01	2687.00
773.20	2656.00
773.39	2725.00
773.58	2724.00
773.77	2754.00
773.96	2697.00
774.15	2704.00
774.34	2649.00
774.52	2770.00
774.71	2787.00
774.90	2661.00
775.09	2658.00
775.28	2730.00
775.47	2743.00
775.66	2650.00
775.84	2591.00
776.03	2613.00
776.22	2689.00
776.41	2654.00
776.60	2651.00
776.79	2671.00
776.98	2684.00
777.16	2696.00
777.35	2657.00
777.54	2650.00
777.73	2643.00
777.92	2610.00
778.11	2552.00
778.29	2568.00
778.48	2655.00
778.67	2703.00
778.86	2575.00
779.05	2634.00
779.24	2668.00
779.43	2613.00
779.61	2610.00
779.80	2660.00
779.99	2673.00
780.18	2636.00
780.37	2657.00
780.56	2643.00
780.74	2644.00
780.93	2650.00
781.12	2710.00
781.31	2735.00
781.50	2774.00
781.69	2722.00
781.87	2655.00
782.06	2725.00
782.25	2842.00
782.44	2815.00
782.63	2675.00
782.82	2687.00
783.00	2683.00
783.19	2759.00
783.38	2799.00
783.57	2770.00
783.76	2696.00
783.95	2744.00
784.13	2762.00
784.32	2702.00
784.51	2755.00
784.70	2792.00
784.89	2796.00
785.08	2771.00
785.26	2779.00
785.45	2773.00
785.64	2780.00
785.83	2772.00
786.02	2726.00
786.20	2691.00
786.39	2660.00
786.58	2676.00
786.77	2686.00
786.96	2697.00
787.15	2778.00
787.33	2800.00
787.52	2804.00
787.71	2757.00
787.90	2701.00
788.09	2745.00
788.27	2764.00
788.46	2782.00
788.65	2745.00
788.84	2782.00
789.03	2778.00
789.21	2814.00
789.40	2773.00
789.59	2821.00
789.78	2895.00
789.97	2941.00
790.15	2881.00
790.34	2859.00
790.53	2876.00
790.72	2774.00
790.91	2757.00
791.09	2781.00
791.28	2886.00
791.47	2990.00
791.66	2933.00
791.85	2917.00
792.03	2837.00
792.22	2833.00
792.41	2999.00
792.60	3027.00
792.79	2978.00
792.97	2966.00
793.16	3016.00
793.35	2993.00
793.54	2867.00
793.72	2873.00
793.91	2887.00
794.10	2960.00
794.29	3014.00
794.48	2944.00
794.66	2951.00
794.85	3017.00
795.04	2986.00
795.23	2935.00
795.42	2856.00
795.60	2923.00
795.79	3028.00
795.98	3041.00
796.17	2975.00
796.35	3002.00
796.54	3018.00
796.73	2958.00
796.92	2969.00
797.11	2995.00
797.29	2989.00
797.48	2933.00
797.67	2883.00
797.86	2927.00
798.04	2958.00
798.23	2995.00
798.42	2845.00
798.61	2835.00
798.79	2931.00
798.98	2937.00
799.17	2918.00
799.36	3024.00
799.54	3045.00
799.73	3037.00
799.92	3067.00
800.11	3045.00
800.30	3022.00
800.48	2994.00
800.67	3003.00
800.86	2941.00
801.05	2905.00
801.23	2973.00
801.42	3079.00
801.61	2980.00
801.80	2934.00
801.98	2952.00
802.17	2979.00
802.36	3042.00
802.55	3062.00
802.73	3005.00
802.92	3018.00
803.11	3030.00
803.30	2985.00
803.48	3059.00
803.67	3150.00
803.86	3019.00
804.05	2983.00
804.23	2946.00
804.42	2957.00
804.61	2943.00
804.80	2986.00
804.98	2997.00
805.17	3057.00
805.36	3106.00
805.54	3088.00
805.73	3061.00
805.92	3089.00
806.11	3133.00
806.29	3107.00
806.48	3124.00
806.67	3026.00
806.86	3004.00
807.04	3000.00
807.23	3008.00
807.42	3016.00
807.61	3075.00
807.79	3136.00
807.98	3068.00
808.17	3076.00
808.35	3116.00
808.54	3008.00
808.73	2978.00
808.92	3100.00
809.10	2994.00
809.29	3038.00
809.48	3092.00
809.67	3043.00
809.85	3002.00
810.04	3047.00
810.23	3091.00
810.41	3024.00
810.60	3173.00
810.79	3181.00
810.98	3017.00
811.16	3068.00
811.35	3106.00
811.54	3044.00
811.72	3135.00
811.91	3092.00
812.10	3020.00
812.29	2971.00
812.47	3060.00
812.66	3096.00
812.85	3022.00
813.03	2984.00
813.22	3022.00
813.41	3004.00
813.60	3008.00
813.78	2971.00
813.97	3072.00
814.16	3003.00
814.34	2986.00
814.53	3070.00
814.72	3014.00
814.90	3006.00
815.09	3031.00
815.28	3033.00
815.47	3055.00
815.65	3019.00
815.84	2987.00
816.03	2994.00
816.21	3080.00
816.40	3112.00
816.59	3076.00
816.77	3008.00
816.96	3019.00
817.15	3112.00
817.33	3118.00
817.52	3014.00
817.71	3116.00
817.90	3057.00
818.08	2968.00
818.27	3037.00
818.46	3075.00
818.64	3014.00
818.83	3149.00
819.02	3128.00
819.20	3069.00
819.39	3059.00
819.58	3013.00
819.76	2908.00
819.95	2968.00
820.14	2983.00
820.32	2963.00
820.51	2995.00
820.70	2934.00
820.88	3032.00
821.07	3015.00
821.26	2996.00
821.44	3014.00
821.63	3125.00
821.82	3128.00
822.01	3079.00
822.19	3050.00
822.38	3009.00
822.57	3048.00
822.75	3054.00
822.94	3078.00
823.13	3033.00
823.31	3009.00
823.50	2994.00
823.69	2975.00
823.87	2981.00
824.06	2957.00
824.25	3004.00
824.43	2983.00
824.62	3021.00
824.80	3061.00
824.99	3013.00
825.18	2938.00
825.36	2850.00
825.55	2926.00
825.74	2890.00
825.92	2908.00
826.11	2919.00
826.30	2911.00
826.48	2899.00
826.67	2941.00
826.86	2940.00
827.04	2869.00
827.23	2907.00
827.42	2933.00
827.60	2964.00
827.79	2964.00
827.98	2942.00
828.16	2899.00
828.35	2893.00
828.54	2914.00
828.72	2874.00
828.91	2815.00
829.09	2820.00
829.28	2917.00
829.47	2907.00
829.65	2847.00
829.84	2820.00
830.03	2806.00
830.21	2877.00
830.40	2825.00
830.59	2837.00
830.77	2838.00
830.96	2837.00
831.14	2902.00
831.33	2866.00
831.52	2859.00
831.70	2923.00
831.89	2837.00
832.08	2873.00
832.26	2857.00
832.45	2819.00
832.64	2832.00
832.82	2839.00
833.01	2810.00
833.19	2810.00
833.38	2833.00
833.57	2818.00
833.75	2793.00
833.94	2795.00
834.13	2855.00
834.31	2834.00
834.50	2755.00
834.68	2753.00
834.87	2747.00
835.06	2802.00
835.24	2799.00
835.43	2800.00
835.61	2732.00
835.80	2777.00
835.99	2735.00
836.17	2742.00
836.36	2764.00
836.55	2756.00
836.73	2671.00
836.92	2738.00
837.10	2761.00
837.29	2698.00
837.48	2738.00
837.66	2740.00
837.85	2797.00
838.03	2834.00
838.22	2783.00
838.41	2823.00
838.59	2786.00
838.78	2684.00
838.96	2809.00
839.15	2807.00
839.34	2656.00
839.52	2679.00
839.71	2718.00
839.89	2734.00
840.08	2727.00
840.27	2730.00
840.45	2731.00
840.64	2689.00
840.82	2709.00
841.01	2742.00
841.20	2687.00
841.38	2561.00
841.57	2604.00
841.75	2679.00
841.94	2615.00
842.13	2648.00
842.31	2597.00
842.50	2616.00
842.68	2640.00
842.87	2597.00
843.05	2620.00
843.24	2631.00
843.43	2572.00
843.61	2594.00
843.80	2553.00
843.98	2542.00
844.17	2570.00
844.36	2492.00
844.54	2501.00
844.73	2508.00
844.91	2553.00
845.10	2559.00
845.28	2508.00
845.47	2468.00
845.66	2494.00
845.84	2476.00
846.03	2480.00
846.21	2460.00
846.40	2362.00
846.58	2405.00
846.77	2396.00
846.96	2352.00
847.14	2348.00
847.33	2377.00
847.51	2465.00
847.70	2530.00
847.88	2472.00
848.07	2426.00
848.25	2460.00
848.44	2463.00
848.63	2397.00
848.81	2274.00
849.00	2339.00
849.18	2376.00
849.37	2316.00
849.55	2425.00
849.74	2431.00
849.93	2388.00
850.11	2344.00
850.30	2418.00
850.48	2438.00
850.67	2411.00
850.85	2428.00
851.04	2378.00
851.22	2249.00
851.41	2243.00
851.59	2361.00
851.78	2386.00
851.97	2331.00
852.15	2341.00
852.34	2370.00
852.52	2333.00
852.71	2325.00
852.89	2334.00
853.08	2364.00
853.26	2271.00
853.45	2266.00
853.63	2428.00
853.82	2433.00
854.01	2340.00
854.19	2319.00
854.38	2327.00
854.56	2246.00
854.75	2333.00
854.93	2398.00
855.12	2228.00
855.30	2224.00
855.49	2309.00
855.67	2299.00
855.86	2309.00
856.04	2256.00
856.23	2274.00
856.41	2272.00
856.60	2312.00
856.79	2264.00
856.97	2312.00
857.16	2169.00
857.34	2190.00
857.53	2228.00
857.71	2336.00
857.90	2264.00
858.08	2182.00
858.27	2129.00
858.45	2102.00
858.64	2154.00
858.82	2186.00
859.01	2245.00
859.19	2174.00
859.38	2131.00
859.56	2187.00
859.75	2183.00
859.93	2143.00
860.12	2125.00
860.30	2187.00
860.49	2131.00
860.67	2112.00
860.86	2114.00
861.04	2096.00
861.23	2143.00
861.41	2194.00
861.60	2152.00
861.78	2115.00
861.97	2114.00
862.15	2070.00
862.34	2091.00
862.53	2122.00
862.71	2084.00
862.90	2087.00
863.08	2155.00
863.27	2092.00
863.45	2017.00
863.64	2016.00
863.82	2027.00
864.01	2058.00
864.19	1986.00
864.37	1994.00
864.56	2032.00
864.74	2039.00
864.93	2015.00
865.11	2011.00
865.30	1993.00
865.48	1960.00
865.67	1932.00
865.85	1928.00
866.04	1976.00
866.22	2062.00
866.41	1996.00
866.59	1924.00
866.78	1882.00
866.96	1970.00
867.15	1915.00
867.33	1948.00
867.52	1966.00
867.70	1929.00
867.89	1937.00
868.07	1925.00
868.26	1918.00
868.44	1883.00
868.63	1790.00
868.81	1797.00
869.00	1927.00
869.18	1947.00
869.37	1972.00
869.55	1945.00
869.74	1951.00
869.92	1917.00
870.10	1880.00
870.29	1738.00
870.47	1772.00
870.66	1888.00
870.84	1924.00
871.03	1838.00
871.21	1843.00
871.40	1854.00
871.58	1892.00
871.77	1898.00
871.95	1861.00
872.14	1847.00
872.32	1781.00
872.51	1806.00
872.69	1833.00
872.87	1893.00
873.06	1822.00
873.24	1775.00
873.43	1815.00
873.61	1890.00
873.80	1812.00
873.98	1711.00
874.17	1789.00
874.35	1769.00
874.54	1737.00
874.72	1772.00
874.90	1698.00
875.09	1714.00
875.27	1797.00
875.46	1750.00
875.64	1750.00
875.83	1769.00
876.01	1769.00
876.20	1793.00
876.38	1771.00
876.56	1731.00
876.75	1724.00
876.93	1686.00
877.12	1800.00
877.30	1814.00
877.49	1730.00
877.67	1776.00
877.86	1807.00
878.04	1786.00
878.22	1783.00
878.41	1757.00
878.59	1744.00
878.78	1663.00
878.96	1605.00
879.15	1769.00
879.33	1751.00
879.51	1724.00
879.70	1820.00
879.88	1778.00
880.07	1763.00
880.25	1687.00
880.44	1748.00
880.62	1784.00
880.80	1687.00
880.99	1631.00
881.17	1641.00
881.36	1642.00
881.54	1716.00
881.73	1768.00
881.91	1753.00
882.09	1740.00
882.28	1737.00
882.46	1796.00
882.65	1750.00
882.83	1698.00
883.02	1654.00
883.20	1651.00
883.38	1670.00
883.57	1711.00
883.75	1671.00
883.94	1663.00
884.12	1617.00
884.30	1637.00
884.49	1630.00
884.67	1721.00
884.86	1722.00
885.04	1705.00
885.22	1679.00
885.41	1675.00
885.59	1717.00
885.78	1685.00
885.96	1609.00
886.14	1684.00
886.33	1653.00
886.51	1627.00
886.70	1598.00
886.88	1693.00
887.06	1714.00
887.25	1609.00
887.43	1644.00
887.62	1699.00
887.80	1640.00
887.98	1611.00
888.17	1674.00
888.35	1672.00
888.54	1689.00
888.72	1676.00
888.90	1645.00
889.09	1635.00
889.27	1674.00
889.46	1643.00
889.64	1568.00
889.82	1632.00
890.01	1652.00
890.19	1617.00
890.38	1630.00
890.56	1694.00
890.74	1590.00
890.93	1602.00
891.11	1645.00
891.29	1645.00
891.48	1653.00
891.66	1633.00
891.85	1637.00
892.03	1607.00
892.21	1613.00
892.40	1632.00
892.58	1696.00
892.76	1630.00
892.95	1599.00
893.13	1566.00
893.32	1598.00
893.50	1700.00
893.68	1695.00
893.87	1658.00
894.05	1673.00
894.23	1645.00
894.42	1614.00
894.60	1586.00
894.79	1593.00
894.97	1608.00
895.15	1623.00
895.34	1625.00
895.52	1609.00
895.70	1650.00
895.89	1690.00
896.07	1650.00
896.25	1656.00
896.44	1659.00
896.62	1693.00
896.81	1687.00
896.99	1673.00
897.17	1614.00
897.36	1656.00
897.54	1761.00
897.72	1769.00
897.91	1776.00
898.09	1675.00
898.27	1706.00
898.46	1676.00
898.64	1749.00
898.82	1774.00
899.01	1706.00
899.19	1807.00
899.37	1812.00
899.56	1709.00
899.74	1703.00
899.92	1709.00
900.11	1767.00
900.29	1830.00
900.47	1743.00
900.66	1739.00
900.84	1655.00
901.03	1736.00
901.21	1761.00
901.39	1739.00
901.58	1708.00
901.76	1765.00
901.94	1756.00
902.13	1716.00
902.31	1707.00
902.49	1756.00
902.68	1762.00
902.86	1832.00
903.04	1846.00
903.23	1812.00
903.41	1862.00
903.59	1887.00
903.78	1768.00
903.96	1773.00
904.14	1730.00
904.32	1711.00
904.51	1776.00
904.69	1860.00
904.87	1835.00
905.06	1805.00
905.24	1780.00
905.42	1732.00
905.61	1724.00
905.79	1812.00
905.97	1765.00
906.16	1808.00
906.34	1836.00
906.52	1792.00
906.71	1786.00
906.89	1805.00
907.07	1834.00
907.26	1846.00
907.44	1814.00
907.62	1855.00
907.81	1800.00
907.99	1817.00
908.17	1853.00
908.35	1831.00
908.54	1831.00
908.72	1798.00
908.90	1864.00
909.09	1847.00
909.27	1852.00
909.45	1795.00
909.64	1783.00
909.82	1820.00
910.00	1845.00
910.18	1800.00
910.37	1876.00
910.55	1863.00
910.73	1770.00
910.92	1827.00
911.10	1854.00
911.28	1820.00
911.47	1839.00
911.65	1871.00
911.83	1882.00
912.01	1935.00
912.20	1864.00
912.38	1897.00
912.56	1798.00
912.75	1691.00
912.93	1783.00
913.11	1760.00
913.29	1742.00
913.48	1799.00
913.66	1772.00
913.84	1780.00
914.03	1734.00
914.21	1811.00
914.39	1760.00
914.57	1776.00
914.76	1742.00
914.94	1685.00
915.12	1793.00
915.31	1822.00
915.49	1846.00
915.67	1793.00
915.85	1798.00
916.04	1776.00
916.22	1777.00
916.40	1787.00
916.58	1773.00
916.77	1769.00
916.95	1712.00
917.13	1778.00
917.32	1763.00
917.50	1728.00
917.68	1676.00
917.86	1730.00
918.05	1721.00
918.23	1671.00
918.41	1712.00
918.59	1662.00
918.78	1661.00
918.96	1677.00
919.14	1739.00
919.32	1672.00
919.51	1645.00
919.69	1750.00
919.87	1700.00
920.05	1766.00
920.24	1762.00
920.42	1717.00
920.60	1657.00
920.78	1600.00
920.97	1657.00
921.15	1679.00
921.33	1722.00
921.52	1696.00
921.70	1634.00
921.88	1671.00
922.06	1673.00
922.24	1647.00
922.43	1714.00
922.61	1741.00
922.79	1650.00
922.97	1569.00
923.16	1563.00
923.34	1573.00
923.52	1610.00
923.70	1643.00
923.89	1648.00
924.07	1649.00
924.25	1656.00
924.43	1625.00
924.62	1557.00
924.80	1530.00
924.98	1626.00
925.16	1634.00
925.35	1562.00
925.53	1543.00
925.71	1641.00
925.89	1641.00
926.08	1547.00
926.26	1525.00
926.44	1555.00
926.62	1586.00
926.80	1565.00
926.99	1557.00
927.17	1534.00
927.35	1583.00
927.53	1657.00
927.72	1628.00
927.90	1501.00
928.08	1505.00
928.26	1523.00
928.44	1481.00
928.63	1502.00
928.81	1486.00
928.99	1525.00
929.17	1479.00
929.36	1488.00
929.54	1539.00
929.72	1539.00
929.90	1531.00
930.08	1496.00
930.27	1496.00
930.45	1472.00
930.63	1491.00
930.81	1508.00
930.99	1428.00
931.18	1412.00
931.36	1462.00
931.54	1424.00
931.72	1422.00
931.90	1434.00
932.09	1428.00
932.27	1391.00
932.45	1380.00
932.63	1365.00
932.81	1331.00
933.00	1326.00
933.18	1335.00
933.36	1394.00
933.54	1306.00
933.72	1326.00
933.91	1389.00
934.09	1355.00
934.27	1339.00
934.45	1265.00
934.63	1283.00
934.82	1280.00
935.00	1320.00
935.18	1337.00
935.36	1254.00
935.54	1172.00
935.73	1234.00
935.91	1192.00
936.09	1116.00
936.27	1113.00
936.45	1130.00
936.64	1181.00
936.82	1218.00
937.00	1150.00
937.18	1034.00
937.36	993.00
937.54	1036.00
937.73	1047.00
937.91	1023.00
938.09	1093.00
938.27	1071.00
938.45	1024.00
938.63	1024.00
938.82	923.00
939.00	953.00
939.18	1004.00
939.36	958.00
939.54	904.00
939.73	913.00
939.91	870.00
940.09	896.00
940.27	937.00
940.45	882.00
940.63	845.00
940.82	789.00
941.00	804.00
941.18	767.00
941.36	725.00
941.54	794.00
941.72	757.00
941.91	744.00
942.09	771.00
942.27	708.00
942.45	739.00
942.63	785.00
942.81	762.00
942.99	761.00
943.18	732.00
943.36	681.00
943.54	699.00
943.72	747.00
943.90	720.00
944.08	748.00
944.27	808.00
944.45	780.00
944.63	691.00
944.81	704.00
944.99	750.00
945.17	662.00
945.35	714.00
945.54	758.00
945.72	696.00
945.90	699.00
946.08	701.00
946.26	749.00
946.44	773.00
946.62	724.00
946.81	742.00
946.99	746.00
947.17	699.00
947.35	745.00
947.53	780.00
947.71	753.00
947.89	685.00
948.07	771.00
948.26	723.00
948.44	712.00
948.62	687.00
948.80	716.00
948.98	798.00
949.16	757.00
949.34	746.00
949.53	772.00
949.71	758.00
949.89	763.00
950.07	689.00
950.25	687.00
950.43	754.00
950.61	759.00
950.79	737.00
950.98	783.00
951.16	753.00
951.34	785.00
951.52	790.00
951.70	748.00
951.88	758.00
952.06	737.00
952.24	720.00
952.42	713.00
952.61	652.00
952.79	679.00
952.97	750.00
953.15	742.00
953.33	698.00
953.51	658.00
953.69	701.00
953.87	699.00
954.05	725.00
954.24	659.00
954.42	621.00
954.60	678.00
954.78	674.00
954.96	645.00
955.14	666.00
955.32	700.00
955.50	763.00
955.68	731.00
955.86	709.00
956.05	689.00
956.23	716.00
956.41	677.00
956.59	697.00
956.77	713.00
956.95	725.00
957.13	682.00
957.31	727.00
957.49	784.00
957.67	755.00
957.86	739.00
958.04	681.00
958.22	660.00
958.40	604.00
958.58	687.00
958.76	665.00
958.94	702.00
959.12	704.00
959.30	666.00
959.48	728.00
959.66	677.00
959.84	677.00
960.03	696.00
960.21	663.00
960.39	684.00
960.57	678.00
960.75	665.00
960.93	656.00
961.11	655.00
961.29	714.00
961.47	689.00
961.65	713.00
961.83	666.00
962.01	717.00
962.19	677.00
962.37	669.00
962.56	668.00
962.74	627.00
962.92	662.00
963.10	619.00
963.28	639.00
963.46	650.00
963.64	645.00
963.82	627.00
964.00	636.00
964.18	670.00
964.36	665.00
964.54	642.00
964.72	708.00
964.90	640.00
965.08	615.00
965.27	663.00
965.45	657.00
965.63	646.00
965.81	668.00
965.99	626.00
966.17	606.00
966.35	529.00
966.53	535.00
966.71	616.00
966.89	595.00
967.07	605.00
967.25	618.00
967.43	624.00
967.61	592.00
967.79	596.00
967.97	654.00
968.15	667.00
968.33	646.00
968.51	630.00
968.69	666.00
968.87	669.00
969.06	561.00
969.24	645.00
969.42	581.00
969.60	585.00
969.78	561.00
969.96	601.00
970.14	636.00
970.32	607.00
970.50	623.00
970.68	562.00
970.86	536.00
971.04	600.00
971.22	534.00
971.40	567.00
971.58	631.00
971.76	598.00
971.94	538.00
972.12	593.00
972.30	630.00
972.48	560.00
972.66	531.00
972.84	527.00
973.02	487.00
973.20	553.00
973.38	540.00
973.56	564.00
973.74	584.00
973.92	546.00
974.10	511.00
974.28	544.00
974.46	534.00
974.64	518.00
974.82	561.00
975.00	553.00
975.18	564.00
975.36	521.00
975.54	453.00
975.72	472.00
975.90	573.00
976.08	590.00
976.26	568.00
976.44	582.00
976.62	558.00
976.80	525.00
976.98	563.00
977.16	558.00
977.34	483.00
977.52	515.00
977.70	569.00
977.88	582.00
978.06	551.00
978.24	564.00
978.42	596.00
978.60	531.00
978.78	503.00
978.96	571.00
979.14	466.00
979.32	484.00
979.50	510.00
979.68	480.00
979.86	474.00
980.04	431.00
980.22	492.00
980.40	523.00
980.58	524.00
980.76	479.00
980.94	441.00
981.12	432.00
981.30	554.00
981.48	508.00
981.66	471.00
981.84	459.00
982.02	494.00
982.20	499.00
982.38	470.00
982.56	490.00
982.74	465.00
982.92	389.00
983.10	479.00
983.28	499.00
983.46	563.00
983.64	566.00
983.82	494.00
984.00	539.00
984.18	488.00
984.36	503.00
984.54	479.00
984.72	419.00
984.90	450.00
985.08	480.00
985.26	457.00
985.44	497.00
985.62	479.00
985.80	421.00
985.98	542.00
986.16	522.00
986.34	469.00
986.51	432.00
986.69	430.00
986.87	431.00
987.05	411.00
987.23	436.00
987.41	490.00
987.59	485.00
987.77	455.00
987.95	478.00
988.13	450.00
988.31	487.00
988.49	450.00
988.67	417.00
988.85	433.00
989.03	471.00
989.21	450.00
989.39	411.00
989.57	455.00
989.75	476.00
989.93	369.00
990.11	423.00
990.28	424.00
990.46	410.00
990.64	340.00
990.82	378.00
991.00	415.00
991.18	422.00
991.36	417.00
991.54	392.00
991.72	389.00
991.90	436.00
992.08	437.00
992.26	422.00
992.44	444.00
992.62	389.00
992.80	372.00
992.98	383.00
993.15	403.00
993.33	384.00
993.51	438.00
993.69	462.00
993.87	372.00
994.05	434.00
994.23	344.00
994.41	413.00
994.59	461.00
994.77	430.00
994.95	439.00
995.13	430.00
995.31	459.00
995.48	393.00
995.66	361.00
995.84	407.00
996.02	427.00
996.20	405.00
996.38	368.00
996.56	386.00
996.74	454.00
996.92	375.00
997.10	428.00
997.28	368.00
997.46	387.00
997.63	381.00
997.81	344.00
997.99	376.00
998.17	346.00
998.35	387.00
998.53	353.00
998.71	382.00
998.89	416.00
999.07	391.00
999.25	417.00
999.43	406.00
999.60	411.00
999.78	394.00
999.96	362.00
1000.14	332.00
1000.32	385.00
1000.50	371.00
1000.68	383.00
1000.86	425.00
1001.04	350.00
1001.21	330.00
1001.39	334.00
1001.57	339.00
1001.75	344.00
1001.93	311.00
1002.11	363.00
1002.29	339.00
1002.47	317.00
1002.65	336.00
1002.82	297.00
1003.00	340.00
1003.18	335.00
1003.36	346.00
1003.54	346.00
1003.72	373.00
1003.90	356.00
1004.08	339.00
1004.26	317.00
1004.43	345.00
1004.61	379.00
1004.79	360.00
1004.97	365.00
1005.15	321.00
1005.33	337.00
1005.51	365.00
1005.69	334.00
1005.86	279.00
1006.04	306.00
1006.22	363.00
1006.40	330.00
1006.58	307.00
1006.76	348.00
1006.94	331.00
1007.12	311.00
1007.29	357.00
1007.47	342.00
1007.65	360.00
1007.83	394.00
1008.01	375.00
1008.19	376.00
1008.37	349.00
1008.54	332.00
1008.72	293.00
1008.90	336.00
1009.08	330.00
1009.26	313.00
1009.44	302.00
1009.62	371.00
1009.79	354.00
1009.97	317.00
1010.15	277.00
1010.33	245.00
1010.51	295.00
1010.69	297.00
1010.87	265.00
1011.04	322.00
1011.22	351.00
1011.40	329.00
1011.58	305.00
1011.76	325.00
1011.94	277.00
1012.11	268.00
1012.29	225.00
1012.47	311.00
1012.65	305.00
1012.83	341.00
1013.01	286.00
1013.18	300.00
1013.36	314.00
1013.54	313.00
1013.72	279.00
1013.90	329.00
1014.08	314.00
1014.25	311.00
1014.43	280.00
1014.61	294.00
1014.79	280.00
1014.97	235.00
1015.15	262.00
1015.32	196.00
1015.50	241.00
1015.68	302.00
1015.86	276.00
1016.04	255.00
1016.22	274.00
1016.39	262.00
1016.57	279.00
1016.75	262.00
1016.93	245.00
1017.11	241.00
1017.29	249.00
1017.46	231.00
1017.64	279.00
1017.82	293.00
1018.00	259.00
1018.18	264.00
1018.35	267.00
1018.53	268.00
1018.71	271.00
1018.89	237.00
1019.07	240.00
1019.24	232.00
1019.42	296.00
1019.60	316.00
1019.78	260.00
1019.96	278.00
1020.14	228.00
1020.31	258.00
1020.49	256.00
1020.67	220.00
1020.85	251.00
1021.03	228.00
1021.20	297.00
1021.38	284.00
1021.56	242.00
1021.74	210.00
1021.92	212.00
1022.09	195.00
1022.27	230.00
1022.45	233.00
1022.63	175.00
1022.81	256.00
1022.98	316.00
1023.16	303.00
1023.34	291.00
1023.52	248.00
1023.69	228.00
1023.87	214.00
1024.05	268.00
1024.23	262.00
1024.41	178.00
1024.58	252.00
1024.76	237.00
1024.94	256.00
1025.12	265.00
1025.30	257.00
1025.47	258.00
1025.65	225.00
1025.83	228.00
1026.01	257.00
1026.18	264.00
1026.36	273.00
1026.54	232.00
1026.72	182.00
1026.90	181.00
1027.07	244.00
1027.25	173.00
1027.43	156.00
1027.61	235.00
1027.78	235.00
1027.96	268.00
1028.14	238.00
1028.32	168.00
1028.49	176.00
1028.67	227.00
1028.85	230.00
1029.03	259.00
1029.21	198.00
1029.38	234.00
1029.56	202.00
1029.74	211.00
1029.92	217.00
1030.09	187.00
1030.27	267.00
1030.45	293.00
1030.63	238.00
1030.80	260.00
1030.98	208.00
1031.16	213.00
1031.34	163.00
1031.51	163.00
1031.69	186.00
1031.87	200.00
1032.05	197.00
1032.22	185.00
1032.40	176.00
1032.58	249.00
1032.76	262.00
1032.93	191.00
1033.11	203.00
1033.29	168.00
1033.47	187.00
1033.64	195.00
1033.82	187.00
1034.00	119.00
1034.18	206.00
1034.35	178.00
1034.53	193.00
1034.71	199.00
1034.89	205.00
1035.06	203.00
1035.24	195.00
1035.42	195.00
1035.59	187.00
1035.77	177.00
1035.95	178.00
1036.13	191.00
1036.30	180.00
1036.48	180.00
1036.66	215.00
1036.84	159.00
1037.01	188.00
1037.19	150.00
1037.37	178.00
1037.54	212.00
1037.72	217.00
1037.90	214.00
1038.08	163.00
1038.25	147.00
1038.43	260.00
1038.61	267.00
1038.79	225.00
1038.96	170.00
1039.14	192.00
1039.32	142.00
1039.49	164.00
1039.67	160.00
1039.85	205.00
1040.03	176.00
1040.20	203.00
1040.38	206.00
1040.56	188.00
1040.73	165.00
1040.91	172.00
1041.09	123.00
1041.27	195.00
1041.44	176.00
1041.62	193.00
1041.80	256.00
1041.97	195.00
1042.15	174.00
1042.33	130.00
1042.50	156.00
1042.68	152.00
1042.86	162.00
1043.04	175.00
1043.21	167.00
1043.39	190.00
1043.57	176.00
1043.74	187.00
1043.92	160.00
1044.10	181.00
1044.27	187.00
1044.45	216.00
1044.63	172.00
1044.80	138.00
1044.98	171.00
1045.16	150.00
1045.34	136.00
1045.51	154.00
1045.69	159.00
1045.87	193.00
1046.04	151.00
1046.22	182.00
1046.40	139.00
1046.57	162.00
1046.75	144.00
1046.93	115.00
1047.10	177.00
1047.28	164.00
1047.46	125.00
1047.63	162.00
1047.81	202.00
1047.99	179.00
1048.16	156.00
1048.34	172.00
1048.52	159.00
1048.69	167.00
1048.87	183.00
1049.05	182.00
1049.22	106.00
1049.40	153.00
1049.58	209.00
1049.75	189.00
1049.93	189.00
1050.11	205.00
1050.28	164.00
1050.46	151.00
1050.64	142.00
1050.81	144.00
1050.99	177.00
1051.17	136.00
1051.34	136.00
1051.52	141.00
1051.70	166.00
1051.87	94.00
1052.05	138.00
1052.23	154.00
1052.40	100.00
1052.58	159.00
1052.76	91.00
1052.93	103.00
1053.11	127.00
1053.29	122.00
1053.46	133.00
1053.64	85.00
1053.82	72.00
1053.99	72.00
1054.17	87.00
1054.35	116.00
1054.52	117.00
1054.70	164.00
1054.87	148.00
1055.05	82.00
1055.23	112.00
1055.40	100.00
1055.58	162.00
1055.76	134.00
1055.93	101.00
1056.11	124.00
1056.29	78.00
1056.46	115.00
1056.64	133.00
1056.81	143.00
1056.99	174.00
1057.17	193.00
1057.34	160.00
1057.52	134.00
1057.70	142.00
1057.87	161.00
1058.05	146.00
1058.22	136.00
1058.40	121.00
1058.58	113.00
1058.75	88.00
1058.93	69.00
1059.11	128.00
1059.28	112.00
1059.46	108.00
1059.63	178.00
1059.81	213.00
1059.99	194.00
1060.16	160.00
1060.34	150.00
1060.52	115.00
1060.69	137.00
1060.87	55.00
1061.04	84.00
1061.22	77.00
