367.62	1.00
367.82	-11.00
368.02	-26.00
368.23	9.00
368.43	-25.00
368.63	-1.00
368.83	32.00
369.04	-15.00
369.24	-10.00
369.44	-39.00
369.65	14.00
369.85	40.00
370.05	20.00
370.25	41.00
370.46	4.00
370.66	31.00
370.86	66.00
371.07	14.00
371.27	-5.00
371.47	-2.00
371.67	8.00
371.88	15.00
372.08	7.00
372.28	-30.00
372.49	-45.00
372.69	-18.00
372.89	22.00
373.09	55.00
373.30	-17.00
373.50	-6.00
373.70	21.00
373.91	15.00
374.11	29.00
374.31	70.00
374.51	21.00
374.72	-27.00
374.92	28.00
375.12	23.00
375.33	-15.00
375.53	-30.00
375.73	32.00
375.93	24.00
376.14	2.00
376.34	-12.00
376.54	19.00
376.74	6.00
376.95	40.00
377.15	35.00
377.35	4.00
377.55	-18.00
377.76	-17.00
377.96	8.00
378.16	16.00
378.37	52.00
378.57	-17.00
378.77	-33.00
378.97	-44.00
379.18	-18.00
379.38	46.00
379.58	16.00
379.78	4.00
379.99	-2.00
380.19	27.00
380.39	-27.00
380.59	-44.00
380.80	20.00
381.00	15.00
381.20	-36.00
381.40	-28.00
381.61	64.00
381.81	62.00
382.01	-14.00
382.21	-22.00
382.42	-8.00
382.62	42.00
382.82	43.00
383.02	3.00
383.23	1.00
383.43	-28.00
383.63	-9.00
383.83	13.00
384.04	56.00
384.24	-10.00
384.44	-8.00
384.64	-23.00
384.85	13.00
385.05	50.00
385.25	43.00
385.45	8.00
385.66	-32.00
385.86	-40.00
386.06	3.00
386.26	-14.00
386.47	-18.00
386.67	18.00
386.87	86.00
387.07	16.00
387.27	7.00
387.48	11.00
387.68	47.00
387.88	29.00
388.08	-2.00
388.29	50.00
388.49	48.00
388.69	19.00
388.89	-1.00
389.10	5.00
389.30	5.00
389.50	62.00
389.70	-32.00
389.90	-5.00
390.11	70.00
390.31	47.00
390.51	-3.00
390.71	-46.00
390.92	54.00
391.12	39.00
391.32	56.00
391.52	-6.00
391.72	39.00
391.93	35.00
392.13	9.00
392.33	26.00
392.53	-1.00
392.74	31.00
392.94	-1.00
393.14	39.00
393.34	39.00
393.54	19.00
393.75	6.00
393.95	-9.00
394.15	-29.00
394.35	10.00
394.56	40.00
394.76	37.00
394.96	-8.00
395.16	0.00
395.36	51.00
395.57	34.00
395.77	26.00
395.97	8.00
396.17	32.00
396.37	13.00
396.58	-5.00
396.78	33.00
396.98	16.00
397.18	-10.00
397.38	-55.00
397.59	-28.00
397.79	16.00
397.99	-2.00
398.19	9.00
398.39	4.00
398.60	-12.00
398.80	-8.00
399.00	49.00
399.20	4.00
399.40	-42.00
399.61	-48.00
399.81	66.00
400.01	86.00
400.21	14.00
400.41	13.00
400.62	2.00
400.82	25.00
401.02	-11.00
401.22	-15.00
401.42	5.00
401.63	17.00
401.83	-8.00
402.03	-12.00
402.23	-22.00
402.43	-23.00
402.64	17.00
402.84	72.00
403.04	46.00
403.24	57.00
403.44	25.00
403.64	-44.00
403.85	-14.00
404.05	-21.00
404.25	34.00
404.45	44.00
404.65	26.00
404.86	111.00
405.06	64.00
405.26	13.00
405.46	6.00
405.66	-13.00
405.86	46.00
406.07	86.00
406.27	25.00
406.47	29.00
406.67	-21.00
406.87	-3.00
407.07	17.00
407.28	-6.00
407.48	-19.00
407.68	-40.00
407.88	-59.00
408.08	-18.00
408.28	-23.00
408.49	24.00
408.69	-26.00
408.89	-34.00
409.09	13.00
409.29	79.00
409.49	60.00
409.70	-33.00
409.90	-9.00
410.10	45.00
410.30	41.00
410.50	8.00
410.70	-14.00
410.91	-19.00
411.11	39.00
411.31	6.00
411.51	-62.00
411.71	-23.00
411.91	-26.00
412.12	-19.00
412.32	55.00
412.52	23.00
412.72	-35.00
412.92	-5.00
413.12	36.00
413.32	-15.00
413.53	55.00
413.73	45.00
413.93	-2.00
414.13	34.00
414.33	-4.00
414.53	-5.00
414.74	-32.00
414.94	-61.00
415.14	7.00
415.34	16.00
415.54	-17.00
415.74	-4.00
415.94	21.00
416.15	16.00
416.35	32.00
416.55	97.00
416.75	116.00
416.95	23.00
417.15	6.00
417.35	-2.00
417.56	-45.00
417.76	-14.00
417.96	82.00
418.16	5.00
418.36	-9.00
418.56	65.00
418.76	37.00
418.97	33.00
419.17	-14.00
419.37	-21.00
419.57	34.00
419.77	8.00
419.97	40.00
420.17	57.00
420.37	-3.00
420.58	-3.00
420.78	36.00
420.98	68.00
421.18	32.00
421.38	11.00
421.58	17.00
421.78	2.00
421.98	38.00
422.19	12.00
422.39	8.00
422.59	42.00
422.79	27.00
422.99	-11.00
423.19	-48.00
423.39	-2.00
423.59	41.00
423.80	10.00
424.00	-7.00
424.20	30.00
424.40	63.00
424.60	65.00
424.80	19.00
425.00	5.00
425.20	-25.00
425.40	1.00
425.61	37.00
425.81	53.00
426.01	69.00
426.21	-6.00
426.41	-21.00
426.61	5.00
426.81	26.00
427.01	44.00
427.21	55.00
427.42	53.00
427.62	6.00
427.82	-31.00
428.02	-12.00
428.22	58.00
428.42	95.00
428.62	99.00
428.82	65.00
429.02	28.00
429.23	81.00
429.43	24.00
429.63	-70.00
429.83	-4.00
430.03	12.00
430.23	68.00
430.43	74.00
430.63	7.00
430.83	-14.00
431.03	36.00
431.24	8.00
431.44	-27.00
431.64	20.00
431.84	15.00
432.04	-6.00
432.24	42.00
432.44	9.00
432.64	-8.00
432.84	22.00
433.04	3.00
433.24	-69.00
433.45	-5.00
433.65	28.00
433.85	-5.00
434.05	-62.00
434.25	-41.00
434.45	-28.00
434.65	-34.00
434.85	-58.00
435.05	-25.00
435.25	38.00
435.45	42.00
435.65	15.00
435.86	83.00
436.06	0.00
436.26	-21.00
436.46	33.00
436.66	22.00
436.86	-26.00
437.06	10.00
437.26	16.00
437.46	26.00
437.66	59.00
437.86	81.00
438.06	49.00
438.26	-6.00
438.47	-43.00
438.67	-7.00
438.87	37.00
439.07	44.00
439.27	45.00
439.47	-7.00
439.67	4.00
439.87	-36.00
440.07	8.00
440.27	51.00
440.47	62.00
440.67	96.00
440.87	88.00
441.07	70.00
441.27	93.00
441.48	65.00
441.68	10.00
441.88	24.00
442.08	71.00
442.28	25.00
442.48	35.00
442.68	59.00
442.88	56.00
443.08	8.00
443.28	-23.00
443.48	35.00
443.68	22.00
443.88	28.00
444.08	4.00
444.28	19.00
444.48	5.00
444.68	15.00
444.88	50.00
445.09	60.00
445.29	73.00
445.49	60.00
445.69	113.00
445.89	115.00
446.09	48.00
446.29	61.00
446.49	38.00
446.69	-7.00
446.89	51.00
447.09	44.00
447.29	77.00
447.49	63.00
447.69	6.00
447.89	-33.00
448.09	82.00
448.29	13.00
448.49	29.00
448.69	51.00
448.89	33.00
449.09	85.00
449.29	27.00
449.49	65.00
449.70	60.00
449.90	74.00
450.10	29.00
450.30	12.00
450.50	80.00
450.70	56.00
450.90	25.00
451.10	31.00
451.30	68.00
451.50	138.00
451.70	50.00
451.90	20.00
452.10	18.00
452.30	44.00
452.50	39.00
452.70	75.00
452.90	76.00
453.10	59.00
453.30	30.00
453.50	-24.00
453.70	40.00
453.90	44.00
454.10	-17.00
454.30	-37.00
454.50	-10.00
454.70	56.00
454.90	106.00
455.10	109.00
455.30	71.00
455.50	61.00
455.70	88.00
455.90	95.00
456.10	63.00
456.30	48.00
456.50	76.00
456.70	74.00
456.90	99.00
457.10	97.00
457.30	124.00
457.50	86.00
457.70	87.00
457.90	88.00
458.10	87.00
458.30	38.00
458.50	55.00
458.70	39.00
458.90	38.00
459.10	59.00
459.30	101.00
459.50	113.00
459.70	63.00
459.90	39.00
460.10	39.00
460.30	62.00
460.50	38.00
460.70	68.00
460.90	55.00
461.10	77.00
461.30	25.00
461.50	77.00
461.70	78.00
461.90	31.00
462.10	36.00
462.30	84.00
462.50	79.00
462.70	83.00
462.90	37.00
463.10	40.00
463.30	112.00
463.50	112.00
463.70	82.00
463.90	81.00
464.10	38.00
464.30	50.00
464.50	106.00
464.70	83.00
464.90	-19.00
465.10	75.00
465.30	119.00
465.50	79.00
465.70	85.00
465.90	60.00
466.10	99.00
466.30	154.00
466.50	147.00
466.70	134.00
466.90	78.00
467.10	121.00
467.30	91.00
467.50	67.00
467.70	79.00
467.90	37.00
468.10	54.00
468.30	49.00
468.50	54.00
468.70	104.00
468.90	79.00
469.10	79.00
469.30	79.00
469.50	73.00
469.70	102.00
469.90	70.00
470.10	62.00
470.30	85.00
470.50	0.00
470.70	-5.00
470.90	53.00
471.10	35.00
471.29	88.00
471.49	126.00
471.69	91.00
471.89	59.00
472.09	92.00
472.29	104.00
472.49	37.00
472.69	22.00
472.89	29.00
473.09	142.00
473.29	130.00
473.49	55.00
473.69	35.00
473.89	72.00
474.09	23.00
474.29	21.00
474.49	99.00
474.69	77.00
474.89	42.00
475.09	17.00
475.29	38.00
475.49	31.00
475.69	-3.00
475.88	3.00
476.08	112.00
476.28	149.00
476.48	82.00
476.68	41.00
476.88	108.00
477.08	150.00
477.28	103.00
477.48	135.00
477.68	136.00
477.88	138.00
478.08	93.00
478.28	50.00
478.48	88.00
478.68	86.00
478.88	93.00
479.08	108.00
479.28	79.00
479.47	118.00
479.67	137.00
479.87	121.00
480.07	70.00
480.27	75.00
480.47	83.00
480.67	96.00
480.87	99.00
481.07	25.00
481.27	35.00
481.47	92.00
481.67	64.00
481.87	85.00
482.07	106.00
482.27	97.00
482.46	92.00
482.66	18.00
482.86	66.00
483.06	91.00
483.26	53.00
483.46	88.00
483.66	93.00
483.86	123.00
484.06	87.00
484.26	68.00
484.46	32.00
484.66	30.00
484.86	94.00
485.05	106.00
485.25	48.00
485.45	96.00
485.65	99.00
485.85	35.00
486.05	19.00
486.25	30.00
486.45	6.00
486.65	75.00
486.85	75.00
487.05	64.00
487.25	139.00
487.44	93.00
487.64	109.00
487.84	82.00
488.04	94.00
488.24	44.00
488.44	105.00
488.64	123.00
488.84	97.00
489.04	1.00
489.24	6.00
489.43	78.00
489.63	154.00
489.83	138.00
490.03	191.00
490.23	143.00
490.43	85.00
490.63	61.00
490.83	79.00
491.03	50.00
491.23	93.00
491.42	138.00
491.62	134.00
491.82	146.00
492.02	157.00
492.22	75.00
492.42	55.00
492.62	123.00
492.82	133.00
493.02	93.00
493.22	87.00
493.41	158.00
493.61	91.00
493.81	83.00
494.01	103.00
494.21	92.00
494.41	157.00
494.61	205.00
494.81	113.00
495.01	96.00
495.20	138.00
495.40	109.00
495.60	122.00
495.80	151.00
496.00	140.00
496.20	155.00
496.40	201.00
496.60	119.00
496.79	93.00
496.99	92.00
497.19	132.00
497.39	110.00
497.59	110.00
497.79	145.00
497.99	168.00
498.19	186.00
498.38	207.00
498.58	143.00
498.78	128.00
498.98	128.00
499.18	213.00
499.38	231.00
499.58	153.00
499.78	160.00
499.97	170.00
500.17	119.00
500.37	121.00
500.57	119.00
500.77	142.00
500.97	171.00
501.17	174.00
501.37	171.00
501.56	169.00
501.76	135.00
501.96	142.00
502.16	167.00
502.36	162.00
502.56	176.00
502.76	194.00
502.95	181.00
503.15	138.00
503.35	121.00
503.55	152.00
503.75	129.00
503.95	71.00
504.15	137.00
504.34	197.00
504.54	182.00
504.74	145.00
504.94	145.00
505.14	165.00
505.34	186.00
505.54	161.00
505.73	169.00
505.93	172.00
506.13	165.00
506.33	137.00
506.53	112.00
506.73	123.00
506.92	130.00
507.12	137.00
507.32	153.00
507.52	166.00
507.72	207.00
507.92	151.00
508.12	163.00
508.31	188.00
508.51	183.00
508.71	82.00
508.91	149.00
509.11	212.00
509.31	136.00
509.50	159.00
509.70	171.00
509.90	160.00
510.10	152.00
510.30	190.00
510.50	206.00
510.69	236.00
510.89	216.00
511.09	88.00
511.29	203.00
511.49	195.00
511.69	194.00
511.88	184.00
512.08	146.00
512.28	126.00
512.48	145.00
512.68	185.00
512.88	184.00
513.07	135.00
513.27	175.00
513.47	135.00
513.67	190.00
513.87	128.00
514.06	63.00
514.26	172.00
514.46	147.00
514.66	115.00
514.86	210.00
515.06	180.00
515.25	142.00
515.45	182.00
515.65	167.00
515.85	127.00
516.05	190.00
516.24	131.00
516.44	129.00
516.64	168.00
516.84	161.00
517.04	191.00
517.23	162.00
517.43	128.00
517.63	224.00
517.83	191.00
518.03	207.00
518.23	237.00
518.42	210.00
518.62	162.00
518.82	169.00
519.02	186.00
519.22	174.00
519.41	111.00
519.61	131.00
519.81	184.00
520.01	215.00
520.21	223.00
520.40	160.00
520.60	144.00
520.80	146.00
521.00	170.00
521.20	158.00
521.39	126.00
521.59	198.00
521.79	231.00
521.99	269.00
522.19	209.00
522.38	153.00
522.58	175.00
522.78	243.00
522.98	235.00
523.17	240.00
523.37	180.00
523.57	172.00
523.77	240.00
523.97	211.00
524.16	206.00
524.36	244.00
524.56	280.00
524.76	208.00
524.96	139.00
525.15	185.00
525.35	254.00
525.55	206.00
525.75	248.00
525.94	216.00
526.14	193.00
526.34	215.00
526.54	223.00
526.74	242.00
526.93	222.00
527.13	204.00
527.33	150.00
527.53	111.00
527.72	163.00
527.92	263.00
528.12	168.00
528.32	231.00
528.52	286.00
528.71	208.00
528.91	251.00
529.11	326.00
529.31	259.00
529.50	245.00
529.70	230.00
529.90	233.00
530.10	277.00
530.29	250.00
530.49	139.00
530.69	175.00
530.89	221.00
531.09	235.00
531.28	241.00
531.48	261.00
531.68	284.00
531.88	281.00
532.07	221.00
532.27	225.00
532.47	273.00
532.67	286.00
532.86	277.00
533.06	252.00
533.26	272.00
533.46	284.00
533.65	257.00
533.85	296.00
534.05	260.00
534.25	254.00
534.44	328.00
534.64	296.00
534.84	304.00
535.04	286.00
535.23	285.00
535.43	320.00
535.63	342.00
535.83	308.00
536.02	335.00
536.22	352.00
536.42	374.00
536.62	337.00
536.81	322.00
537.01	321.00
537.21	320.00
537.41	357.00
537.60	362.00
537.80	337.00
538.00	281.00
538.20	344.00
538.39	400.00
538.59	451.00
538.79	440.00
538.99	360.00
539.18	354.00
539.38	390.00
539.58	311.00
539.77	304.00
539.97	348.00
540.17	341.00
540.37	391.00
540.56	402.00
540.76	350.00
540.96	354.00
541.16	410.00
541.35	381.00
541.55	421.00
541.75	417.00
541.94	401.00
542.14	461.00
542.34	484.00
542.54	458.00
542.73	425.00
542.93	462.00
543.13	456.00
543.33	460.00
543.52	431.00
543.72	398.00
543.92	421.00
544.11	498.00
544.31	470.00
544.51	412.00
544.71	421.00
544.90	470.00
545.10	413.00
545.30	385.00
545.49	404.00
545.69	437.00
545.89	435.00
546.09	417.00
546.28	492.00
546.48	512.00
546.68	473.00
546.87	447.00
547.07	356.00
547.27	382.00
547.47	422.00
547.66	439.00
547.86	437.00
548.06	434.00
548.25	423.00
548.45	481.00
548.65	452.00
548.84	491.00
549.04	463.00
549.24	512.00
549.44	479.00
549.63	474.00
549.83	478.00
550.03	396.00
550.22	406.00
550.42	451.00
550.62	437.00
550.81	443.00
551.01	462.00
551.21	443.00
551.41	428.00
551.60	375.00
551.80	349.00
552.00	403.00
552.19	411.00
552.39	404.00
552.59	384.00
552.78	460.00
552.98	402.00
553.18	404.00
553.37	442.00
553.57	416.00
553.77	370.00
553.96	383.00
554.16	458.00
554.36	443.00
554.56	476.00
554.75	487.00
554.95	481.00
555.15	509.00
555.34	439.00
555.54	392.00
555.74	403.00
555.93	431.00
556.13	442.00
556.33	407.00
556.52	400.00
556.72	443.00
556.92	411.00
557.11	359.00
557.31	390.00
557.51	428.00
557.70	394.00
557.90	334.00
558.10	394.00
558.29	325.00
558.49	318.00
558.69	355.00
558.88	305.00
559.08	311.00
559.28	348.00
559.47	355.00
559.67	396.00
559.87	387.00
560.06	410.00
560.26	384.00
560.46	354.00
560.65	366.00
560.85	295.00
561.05	341.00
561.24	388.00
561.44	383.00
561.64	331.00
561.83	387.00
562.03	389.00
562.23	348.00
562.42	378.00
562.62	415.00
562.82	396.00
563.01	267.00
563.21	314.00
563.40	397.00
563.60	389.00
563.80	386.00
563.99	335.00
564.19	361.00
564.39	393.00
564.58	404.00
564.78	327.00
564.98	308.00
565.17	411.00
565.37	433.00
565.57	442.00
565.76	438.00
565.96	356.00
566.16	403.00
566.35	394.00
566.55	407.00
566.74	491.00
566.94	452.00
567.14	480.00
567.33	483.00
567.53	503.00
567.73	515.00
567.92	442.00
568.12	464.00
568.32	434.00
568.51	402.00
568.71	383.00
568.90	427.00
569.10	462.00
569.30	443.00
569.49	467.00
569.69	500.00
569.89	490.00
570.08	511.00
570.28	503.00
570.47	427.00
570.67	456.00
570.87	497.00
571.06	474.00
571.26	422.00
571.46	457.00
571.65	450.00
571.85	445.00
572.04	405.00
572.24	393.00
572.44	441.00
572.63	469.00
572.83	508.00
573.03	461.00
573.22	469.00
573.42	540.00
573.61	538.00
573.81	574.00
574.01	566.00
574.20	525.00
574.40	574.00
574.59	585.00
574.79	593.00
574.99	541.00
575.18	598.00
575.38	547.00
575.58	518.00
575.77	552.00
575.97	588.00
576.16	549.00
576.36	588.00
576.56	625.00
576.75	628.00
576.95	606.00
577.14	671.00
577.34	720.00
577.54	714.00
577.73	648.00
577.93	601.00
578.12	681.00
578.32	726.00
578.52	705.00
578.71	748.00
578.91	729.00
579.10	716.00
579.30	733.00
579.50	735.00
579.69	648.00
579.89	711.00
580.08	734.00
580.28	807.00
580.48	791.00
580.67	768.00
580.87	777.00
581.06	765.00
581.26	778.00
581.45	862.00
581.65	864.00
581.85	832.00
582.04	827.00
582.24	825.00
582.43	841.00
582.63	842.00
582.83	868.00
583.02	933.00
583.22	979.00
583.41	989.00
583.61	1029.00
583.80	984.00
584.00	940.00
584.20	980.00
584.39	989.00
584.59	997.00
584.78	1006.00
584.98	1014.00
585.17	1064.00
585.37	1054.00
585.57	1030.00
585.76	1103.00
585.96	1045.00
586.15	1090.00
586.35	1101.00
586.54	1081.00
586.74	1169.00
586.94	1117.00
587.13	1189.00
587.33	1210.00
587.52	1225.00
587.72	1201.00
587.91	1162.00
588.11	1289.00
588.31	1303.00
588.50	1251.00
588.70	1307.00
588.89	1255.00
589.09	1266.00
589.28	1235.00
589.48	1195.00
589.68	1228.00
589.87	1300.00
590.07	1365.00
590.26	1335.00
590.46	1360.00
590.65	1374.00
590.85	1340.00
591.04	1365.00
591.24	1408.00
591.44	1344.00
591.63	1477.00
591.83	1466.00
592.02	1500.00
592.22	1556.00
592.41	1482.00
592.61	1504.00
592.80	1567.00
593.00	1604.00
593.19	1610.00
593.39	1593.00
593.59	1618.00
593.78	1684.00
593.98	1606.00
594.17	1593.00
594.37	1578.00
594.56	1641.00
594.76	1680.00
594.95	1623.00
595.15	1639.00
595.34	1637.00
595.54	1638.00
595.73	1644.00
595.93	1612.00
596.13	1614.00
596.32	1696.00
596.52	1673.00
596.71	1676.00
596.91	1712.00
597.10	1731.00
597.30	1766.00
597.49	1750.00
597.69	1716.00
597.88	1722.00
598.08	1742.00
598.27	1825.00
598.47	1837.00
598.66	1870.00
598.86	1905.00
599.06	1839.00
599.25	1821.00
599.45	1840.00
599.64	1811.00
599.84	1817.00
600.03	1855.00
600.23	1869.00
600.42	1908.00
600.62	1828.00
600.81	1833.00
601.01	1906.00
601.20	1884.00
601.40	1848.00
601.59	1882.00
601.79	1770.00
601.98	1817.00
602.18	1852.00
602.37	1884.00
602.57	1923.00
602.76	1907.00
602.96	1908.00
603.15	1868.00
603.35	1834.00
603.54	1887.00
603.74	1883.00
603.93	1886.00
604.13	1920.00
604.32	1961.00
604.52	1884.00
604.71	1863.00
604.91	1915.00
605.10	1948.00
605.30	1890.00
605.49	1912.00
605.69	1927.00
605.88	1896.00
606.08	1894.00
606.27	1895.00
606.47	1914.00
606.66	1966.00
606.86	1994.00
607.05	1959.00
607.25	1828.00
607.44	1847.00
607.64	1929.00
607.83	1909.00
608.03	1959.00
608.22	1916.00
608.42	1807.00
608.61	1898.00
608.81	1946.00
609.00	1987.00
609.20	1940.00
609.39	1984.00
609.59	2013.00
609.78	2057.00
609.98	2135.00
610.17	2298.00
610.37	2422.00
610.56	2600.00
610.76	2882.00
610.95	2996.00
611.15	3125.00
611.34	3233.00
611.54	3294.00
611.73	3185.00
611.93	3034.00
612.12	2697.00
612.32	2380.00
612.51	2351.00
612.71	2324.00
612.90	2197.00
613.09	2230.00
613.29	2178.00
613.48	2158.00
613.68	2178.00
613.87	2122.00
614.07	2083.00
614.26	2105.00
614.46	2089.00
614.65	2113.00
614.85	2135.00
615.04	2132.00
615.24	2162.00
615.43	2049.00
615.63	1993.00
615.82	2030.00
616.02	2034.00
616.21	1967.00
616.40	1899.00
616.60	1913.00
616.79	1893.00
616.99	1863.00
617.18	1873.00
617.38	1895.00
617.57	1890.00
617.77	1833.00
617.96	1816.00
618.16	1900.00
618.35	1979.00
618.54	1961.00
618.74	1955.00
618.93	1926.00
619.13	1908.00
619.32	1941.00
619.52	1897.00
619.71	1854.00
619.91	1953.00
620.10	1896.00
620.30	1969.00
620.49	1988.00
620.68	1981.00
620.88	1941.00
621.07	1948.00
621.27	2014.00
621.46	2028.00
621.66	1984.00
621.85	1945.00
622.05	1882.00
622.24	1943.00
622.43	2070.00
622.63	2064.00
622.82	2085.00
623.02	2045.00
623.21	2029.00
623.41	2075.00
623.60	2166.00
623.80	2151.00
623.99	2086.00
624.18	2104.00
624.38	2083.00
624.57	2071.00
624.77	2075.00
624.96	2147.00
625.16	2106.00
625.35	2124.00
625.54	2177.00
625.74	2097.00
625.93	2172.00
626.13	2173.00
626.32	2150.00
626.52	2165.00
626.71	2165.00
626.90	2178.00
627.10	2084.00
627.29	2141.00
627.49	2115.00
627.68	2144.00
627.88	2231.00
628.07	2250.00
628.26	2243.00
628.46	2302.00
628.65	2238.00
628.85	2275.00
629.04	2291.00
629.23	2256.00
629.43	2219.00
629.62	2239.00
629.82	2326.00
630.01	2341.00
630.21	2360.00
630.40	2402.00
630.59	2445.00
630.79	2445.00
630.98	2504.00
631.18	2540.00
631.37	2479.00
631.56	2454.00
631.76	2445.00
631.95	2500.00
632.15	2492.00
632.34	2429.00
632.53	2337.00
632.73	2309.00
632.92	2424.00
633.12	2440.00
633.31	2361.00
633.50	2330.00
633.70	2368.00
633.89	2380.00
634.09	2446.00
634.28	2436.00
634.47	2463.00
634.67	2504.00
634.86	2552.00
635.06	2521.00
635.25	2438.00
635.44	2499.00
635.64	2544.00
635.83	2474.00
636.03	2519.00
636.22	2599.00
636.41	2626.00
636.61	2588.00
636.80	2657.00
637.00	2679.00
637.19	2615.00
637.38	2689.00
637.58	2764.00
637.77	2754.00
637.96	2668.00
638.16	2705.00
638.35	2808.00
638.55	2820.00
638.74	2855.00
638.93	2798.00
639.13	2860.00
639.32	2852.00
639.51	2778.00
639.71	2747.00
639.90	2747.00
640.10	2812.00
640.29	2830.00
640.48	2825.00
640.68	2836.00
640.87	2907.00
641.07	2934.00
641.26	2917.00
641.45	2983.00
641.65	2932.00
641.84	2911.00
642.03	3013.00
642.23	3097.00
642.42	3165.00
642.61	3130.00
642.81	3064.00
643.00	3038.00
643.20	3018.00
643.39	3036.00
643.58	3101.00
643.78	3112.00
643.97	3157.00
644.16	3085.00
644.36	3134.00
644.55	3083.00
644.74	3084.00
644.94	3092.00
645.13	3103.00
645.33	3183.00
645.52	3251.00
645.71	3316.00
645.91	3182.00
646.10	3094.00
646.29	3170.00
646.49	3213.00
646.68	3232.00
646.87	3233.00
647.07	3275.00
647.26	3259.00
647.45	3352.00
647.65	3256.00
647.84	3323.00
648.03	3486.00
648.23	3421.00
648.42	3444.00
648.62	3422.00
648.81	3418.00
649.00	3343.00
649.20	3422.00
649.39	3394.00
649.58	3397.00
649.78	3321.00
649.97	3355.00
650.16	3469.00
650.36	3453.00
650.55	3378.00
650.74	3419.00
650.94	3462.00
651.13	3479.00
651.32	3472.00
651.52	3433.00
651.71	3479.00
651.90	3501.00
652.10	3422.00
652.29	3434.00
652.48	3479.00
652.68	3475.00
652.87	3464.00
653.06	3499.00
653.26	3383.00
653.45	3440.00
653.64	3500.00
653.84	3538.00
654.03	3549.00
654.22	3531.00
654.42	3390.00
654.61	3518.00
654.80	3633.00
654.99	3548.00
655.19	3525.00
655.38	3529.00
655.57	3681.00
655.77	3733.00
655.96	3698.00
656.15	3591.00
656.35	3541.00
656.54	3505.00
656.73	3476.00
656.93	3467.00
657.12	3438.00
657.31	3430.00
657.51	3458.00
657.70	3472.00
657.89	3469.00
658.09	3553.00
658.28	3589.00
658.47	3565.00
658.66	3484.00
658.86	3473.00
659.05	3476.00
659.24	3498.00
659.44	3497.00
659.63	3456.00
659.82	3447.00
660.02	3430.00
660.21	3393.00
660.40	3446.00
660.60	3556.00
660.79	3525.00
660.98	3513.00
661.17	3514.00
661.37	3503.00
661.56	3430.00
661.75	3431.00
661.95	3438.00
662.14	3481.00
662.33	3501.00
662.52	3529.00
662.72	3560.00
662.91	3471.00
663.10	3450.00
663.30	3439.00
663.49	3434.00
663.68	3482.00
663.88	3380.00
664.07	3333.00
664.26	3369.00
664.45	3261.00
664.65	3281.00
664.84	3326.00
665.03	3278.00
665.23	3319.00
665.42	3358.00
665.61	3340.00
665.80	3211.00
666.00	3245.00
666.19	3257.00
666.38	3355.00
666.57	3362.00
666.77	3303.00
666.96	3321.00
667.15	3314.00
667.35	3253.00
667.54	3295.00
667.73	3327.00
667.92	3228.00
668.12	3241.00
668.31	3313.00
668.50	3305.00
668.70	3247.00
668.89	3224.00
669.08	3121.00
669.27	3105.00
669.47	3198.00
669.66	3260.00
669.85	3230.00
670.04	3260.00
670.24	3267.00
670.43	3211.00
670.62	3196.00
670.81	3251.00
671.01	3306.00
671.20	3294.00
671.39	3232.00
671.58	3140.00
671.78	3102.00
671.97	3113.00
672.16	3157.00
672.36	3180.00
672.55	3100.00
672.74	3121.00
672.93	3074.00
673.13	3137.00
673.32	3120.00
673.51	3090.00
673.70	3090.00
673.90	3127.00
674.09	3211.00
674.28	3194.00
674.47	3201.00
674.67	3157.00
674.86	3084.00
675.05	3108.00
675.24	3097.00
675.44	3130.00
675.63	3143.00
675.82	3062.00
676.01	3104.00
676.21	3089.00
676.40	3135.00
676.59	3066.00
676.78	3039.00
676.97	3054.00
677.17	3066.00
677.36	3035.00
677.55	2961.00
677.74	3000.00
677.94	3047.00
678.13	3039.00
678.32	3073.00
678.51	3056.00
678.71	3072.00
678.90	3118.00
679.09	3046.00
679.28	2981.00
679.48	3052.00
679.67	3078.00
679.86	3083.00
680.05	3053.00
680.24	2986.00
680.44	3016.00
680.63	2943.00
680.82	3002.00
681.01	3048.00
681.21	3031.00
681.40	3008.00
681.59	2946.00
681.78	2889.00
681.97	2954.00
682.17	2894.00
682.36	2872.00
682.55	2925.00
682.74	2923.00
682.94	2929.00
683.13	2951.00
683.32	2970.00
683.51	2963.00
683.70	2986.00
683.90	2928.00
684.09	2928.00
684.28	2937.00
684.47	2916.00
684.66	2909.00
684.86	2896.00
685.05	3020.00
685.24	2936.00
685.43	2868.00
685.63	2850.00
685.82	2874.00
686.01	2898.00
686.20	2902.00
686.39	2860.00
686.59	2859.00
686.78	2889.00
686.97	2939.00
687.16	3027.00
687.35	3002.00
687.55	2973.00
687.74	2972.00
687.93	2969.00
688.12	2982.00
688.31	2941.00
688.51	2963.00
688.70	2920.00
688.89	2923.00
689.08	2943.00
689.27	2960.00
689.47	2937.00
689.66	2892.00
689.85	2902.00
690.04	2874.00
690.23	2902.00
690.42	2924.00
690.62	2926.00
690.81	2881.00
691.00	2893.00
691.19	2927.00
691.38	2882.00
691.58	2935.00
691.77	2988.00
691.96	2921.00
692.15	2887.00
692.34	2907.00
692.54	2891.00
692.73	2968.00
692.92	2970.00
693.11	3000.00
693.30	2954.00
693.49	2952.00
693.69	2904.00
693.88	2853.00
694.07	2870.00
694.26	2947.00
694.45	2950.00
694.64	2850.00
694.84	2852.00
695.03	2839.00
695.22	2849.00
695.41	2889.00
695.60	2925.00
695.80	2944.00
695.99	3021.00
696.18	2897.00
696.37	2830.00
696.56	2881.00
696.75	2932.00
696.95	2961.00
697.14	2913.00
697.33	2977.00
697.52	3002.00
697.71	2986.00
697.90	2956.00
698.09	2965.00
698.29	2974.00
698.48	2977.00
698.67	3025.00
698.86	2988.00
699.05	2931.00
699.24	3023.00
699.44	3087.00
699.63	3049.00
699.82	2992.00
700.01	2995.00
700.20	3002.00
700.39	3020.00
700.58	3022.00
700.78	2974.00
700.97	2955.00
701.16	3073.00
701.35	3074.00
701.54	3111.00
701.73	3135.00
701.93	3141.00
702.12	3173.00
702.31	3127.00
702.50	3148.00
702.69	3173.00
702.88	3168.00
703.07	3150.00
703.27	3168.00
703.46	3202.00
703.65	3213.00
703.84	3122.00
704.03	3253.00
704.22	3294.00
704.41	3301.00
704.60	3276.00
704.80	3253.00
704.99	3260.00
705.18	3227.00
705.37	3243.00
705.56	3252.00
705.75	3238.00
705.94	3272.00
706.14	3281.00
706.33	3252.00
706.52	3390.00
706.71	3443.00
706.90	3438.00
707.09	3391.00
707.28	3446.00
707.47	3459.00
707.67	3430.00
707.86	3393.00
708.05	3486.00
708.24	3451.00
708.43	3485.00
708.62	3563.00
708.81	3483.00
709.00	3453.00
709.20	3557.00
709.39	3601.00
709.58	3620.00
709.77	3512.00
709.96	3503.00
710.15	3605.00
710.34	3585.00
710.53	3494.00
710.72	3478.00
710.92	3486.00
711.11	3418.00
711.30	3503.00
711.49	3593.00
711.68	3567.00
711.87	3673.00
712.06	3583.00
712.25	3671.00
712.44	3681.00
712.64	3760.00
712.83	3779.00
713.02	3778.00
713.21	3652.00
713.40	3614.00
713.59	3694.00
713.78	3739.00
713.97	3721.00
714.16	3682.00
714.35	3583.00
714.55	3649.00
714.74	3697.00
714.93	3743.00
715.12	3747.00
715.31	3744.00
715.50	3753.00
715.69	3787.00
715.88	3801.00
716.07	3780.00
716.26	3730.00
716.45	3732.00
716.65	3854.00
716.84	3771.00
717.03	3734.00
717.22	3821.00
717.41	3812.00
717.60	3805.00
717.79	3808.00
717.98	3835.00
718.17	3759.00
718.36	3776.00
718.55	3866.00
718.75	3912.00
718.94	3831.00
719.13	3798.00
719.32	3842.00
719.51	3945.00
719.70	3966.00
719.89	3936.00
720.08	3833.00
720.27	3895.00
720.46	3853.00
720.65	3861.00
720.84	3918.00
721.03	3861.00
721.22	3830.00
721.42	3845.00
721.61	3791.00
721.80	3801.00
721.99	3879.00
722.18	3815.00
722.37	3808.00
722.56	3968.00
722.75	3855.00
722.94	3827.00
723.13	3947.00
723.32	3912.00
723.51	3870.00
723.70	3874.00
723.89	3972.00
724.08	3890.00
724.28	3908.00
724.47	3957.00
724.66	3901.00
724.85	3932.00
725.04	3885.00
725.23	3892.00
725.42	3981.00
725.61	3995.00
725.80	3950.00
725.99	3893.00
726.18	3878.00
726.37	3962.00
726.56	3971.00
726.75	4021.00
726.94	3950.00
727.13	3877.00
727.32	3873.00
727.51	3939.00
727.71	3917.00
727.90	3797.00
728.09	3832.00
728.28	3916.00
728.47	4006.00
728.66	4003.00
728.85	3987.00
729.04	3860.00
729.23	3860.00
729.42	3913.00
729.61	3985.00
729.80	4000.00
729.99	3890.00
730.18	3848.00
730.37	3801.00
730.56	3856.00
730.75	3970.00
730.94	4023.00
731.13	4060.00
731.32	3946.00
731.51	3894.00
731.70	3919.00
731.89	3874.00
732.08	3922.00
732.27	3933.00
732.46	3917.00
732.65	3907.00
732.84	3861.00
733.04	3847.00
733.23	3862.00
733.42	3931.00
733.61	3950.00
733.80	3953.00
733.99	3928.00
734.18	3935.00
734.37	3853.00
734.56	3815.00
734.75	3862.00
734.94	3910.00
735.13	3960.00
735.32	3884.00
735.51	3880.00
735.70	3867.00
735.89	3915.00
736.08	3828.00
736.27	3820.00
736.46	3850.00
736.65	3817.00
736.84	3787.00
737.03	3770.00
737.22	3710.00
737.41	3677.00
737.60	3704.00
737.79	3729.00
737.98	3711.00
738.17	3825.00
738.36	3825.00
738.55	3804.00
738.74	3741.00
738.93	3795.00
739.12	3831.00
739.31	3809.00
739.50	3782.00
739.69	3730.00
739.88	3685.00
740.07	3685.00
740.26	3764.00
740.45	3735.00
740.64	3637.00
740.83	3639.00
741.02	3659.00
741.21	3692.00
741.40	3627.00
741.59	3592.00
741.78	3554.00
741.97	3551.00
742.16	3604.00
742.35	3575.00
742.54	3508.00
742.73	3507.00
742.92	3494.00
743.11	3476.00
743.30	3479.00
743.49	3508.00
743.68	3513.00
743.87	3485.00
744.06	3418.00
744.25	3487.00
744.44	3438.00
744.63	3488.00
744.82	3574.00
745.01	3469.00
745.20	3392.00
745.39	3471.00
745.58	3462.00
745.77	3409.00
745.96	3334.00
746.15	3310.00
746.34	3312.00
746.52	3425.00
746.71	3499.00
746.90	3425.00
747.09	3411.00
747.28	3488.00
747.47	3456.00
747.66	3470.00
747.85	3403.00
748.04	3290.00
748.23	3290.00
748.42	3336.00
748.61	3301.00
748.80	3334.00
748.99	3323.00
749.18	3289.00
749.37	3212.00
749.56	3211.00
749.75	3249.00
749.94	3169.00
750.13	3139.00
750.32	3188.00
750.51	3221.00
750.70	3161.00
750.89	3159.00
751.08	3145.00
751.27	3148.00
751.46	3117.00
751.64	3129.00
751.83	3223.00
752.02	3145.00
752.21	3190.00
752.40	3220.00
752.59	3113.00
752.78	3103.00
752.97	3164.00
753.16	3201.00
753.35	3120.00
753.54	3110.00
753.73	3148.00
753.92	3188.00
754.11	3103.00
754.30	3036.00
754.49	3053.00
754.68	2992.00
754.87	3072.00
755.06	3123.00
755.24	3100.00
755.43	3047.00
755.62	3166.00
755.81	3120.00
756.00	3069.00
756.19	3072.00
756.38	3051.00
756.57	3103.00
756.76	3076.00
756.95	2989.00
757.14	3020.00
757.33	2966.00
757.52	2971.00
757.71	2922.00
757.90	2857.00
758.08	2916.00
758.27	2891.00
758.46	2868.00
758.65	2873.00
758.84	2859.00
759.03	2880.00
759.22	2872.00
759.41	2916.00
759.60	3005.00
759.79	2917.00
759.98	2924.00
760.17	2872.00
760.36	2874.00
760.54	2911.00
760.73	2892.00
760.92	2936.00
761.11	2838.00
761.30	2761.00
761.49	2798.00
761.68	2706.00
761.87	2698.00
762.06	2765.00
762.25	2675.00
762.44	2641.00
762.63	2553.00
762.81	2561.00
763.00	2574.00
763.19	2496.00
763.38	2459.00
763.57	2419.00
763.76	2459.00
763.95	2499.00
764.14	2396.00
764.33	2387.00
764.52	2539.00
764.71	2527.00
764.89	2468.00
765.08	2458.00
765.27	2485.00
765.46	2487.00
765.65	2518.00
765.84	2528.00
766.03	2593.00
766.22	2529.00
766.41	2493.00
766.59	2553.00
766.78	2590.00
766.97	2650.00
767.16	2649.00
767.35	2623.00
767.54	2672.00
767.73	2695.00
767.92	2689.00
768.11	2694.00
768.30	2703.00
768.48	2608.00
768.67	2586.00
768.86	2719.00
769.05	2783.00
769.24	2793.00
769.43	2762.00
769.62	2807.00
769.81	2808.00
769.99	2741.00
770.18	2766.00
770.37	2813.00
770.56	2769.00
770.75	2800.00
770.94	2753.00
771.13	2811.00
771.32	2796.00
771.50	2711.00
771.69	2734.00
771.88	2796.00
772.07	2752.00
772.26	2682.00
772.45	2758.00
772.64	2733.00
772.83	2736.00
773.01	2734.00
773.20	2691.00
773.39	2729.00
773.58	2765.00
773.77	2692.00
773.96	2587.00
774.15	2647.00
774.34	2697.00
774.52	2743.00
774.71	2648.00
774.90	2650.00
775.09	2704.00
775.28	2706.00
775.47	2676.00
775.66	2700.00
775.84	2695.00
776.03	2704.00
776.22	2765.00
776.41	2696.00
776.60	2690.00
776.79	2627.00
776.98	2626.00
777.16	2608.00
777.35	2580.00
777.54	2593.00
777.73	2505.00
777.92	2543.00
778.11	2658.00
778.29	2682.00
778.48	2677.00
778.67	2680.00
778.86	2643.00
779.05	2675.00
779.24	2643.00
779.43	2634.00
779.61	2662.00
779.80	2708.00
779.99	2673.00
780.18	2708.00
780.37	2795.00
780.56	2733.00
780.74	2734.00
780.93	2722.00
781.12	2682.00
781.31	2682.00
781.50	2769.00
781.69	2763.00
781.87	2741.00
782.06	2733.00
782.25	2735.00
782.44	2743.00
782.63	2726.00
782.82	2710.00
783.00	2773.00
783.19	2766.00
783.38	2839.00
783.57	2869.00
783.76	2717.00
783.95	2745.00
784.13	2811.00
784.32	2750.00
784.51	2789.00
784.70	2898.00
784.89	2806.00
785.08	2777.00
785.26	2765.00
785.45	2772.00
785.64	2723.00
785.83	2675.00
786.02	2727.00
786.20	2732.00
786.39	2736.00
786.58	2698.00
786.77	2699.00
786.96	2725.00
787.15	2772.00
787.33	2740.00
787.52	2713.00
787.71	2752.00
787.90	2747.00
788.09	2824.00
788.27	2804.00
788.46	2845.00
788.65	2812.00
788.84	2775.00
789.03	2772.00
789.21	2814.00
789.40	2773.00
789.59	2770.00
789.78	2826.00
789.97	2850.00
790.15	2837.00
790.34	2779.00
790.53	2787.00
790.72	2849.00
790.91	2887.00
791.09	2869.00
791.28	2922.00
791.47	2979.00
791.66	2988.00
791.85	2924.00
792.03	2931.00
792.22	2895.00
792.41	2952.00
792.60	2968.00
792.79	2876.00
792.97	2889.00
793.16	2887.00
793.35	2954.00
793.54	2950.00
793.72	3022.00
793.91	3044.00
794.10	2999.00
794.29	3049.00
794.48	3069.00
794.66	2977.00
794.85	3050.00
795.04	3016.00
795.23	3044.00
795.42	2917.00
795.60	2892.00
795.79	2993.00
795.98	2970.00
796.17	2946.00
796.35	3063.00
796.54	3100.00
796.73	2961.00
796.92	2869.00
797.11	2915.00
797.29	2969.00
797.48	3006.00
797.67	2907.00
797.86	2921.00
798.04	2934.00
798.23	3049.00
798.42	2999.00
798.61	2923.00
798.79	2956.00
798.98	3061.00
799.17	3045.00
799.36	3003.00
799.54	2917.00
799.73	2960.00
799.92	2999.00
800.11	2987.00
800.30	2946.00
800.48	2940.00
800.67	2930.00
800.86	2893.00
801.05	2988.00
801.23	2975.00
801.42	2980.00
801.61	3067.00
801.80	3022.00
801.98	2986.00
802.17	3020.00
802.36	3072.00
802.55	3026.00
802.73	2969.00
802.92	3079.00
803.11	3128.00
803.30	3032.00
803.48	3021.00
803.67	3022.00
803.86	2993.00
804.05	3002.00
804.23	2992.00
804.42	2962.00
804.61	3033.00
804.80	3069.00
804.98	3029.00
805.17	3088.00
805.36	3065.00
805.54	3045.00
805.73	3113.00
805.92	3071.00
806.11	3146.00
806.29	3103.00
806.48	3026.00
806.67	3068.00
806.86	3113.00
807.04	3129.00
807.23	3146.00
807.42	3119.00
807.61	3126.00
807.79	3118.00
807.98	3067.00
808.17	3125.00
808.35	3146.00
808.54	3053.00
808.73	3093.00
808.92	3159.00
809.10	3089.00
809.29	3033.00
809.48	3056.00
809.67	3110.00
809.85	3025.00
810.04	3044.00
810.23	3125.00
810.41	3012.00
810.60	3117.00
810.79	3158.00
810.98	3068.00
811.16	3107.00
811.35	3102.00
811.54	2996.00
811.72	3067.00
811.91	3100.00
812.10	2986.00
812.29	2987.00
812.47	3004.00
812.66	3030.00
812.85	3042.00
813.03	3041.00
813.22	2992.00
813.41	3038.00
813.60	3079.00
813.78	2985.00
813.97	2934.00
814.16	2916.00
814.34	2917.00
814.53	2995.00
814.72	3059.00
814.90	3107.00
815.09	3124.00
815.28	3036.00
815.47	3052.00
815.65	3028.00
815.84	2972.00
816.03	2978.00
816.21	3038.00
816.40	3024.00
816.59	3028.00
816.77	3112.00
816.96	3071.00
817.15	3009.00
817.33	2998.00
817.52	2988.00
817.71	3066.00
817.90	2957.00
818.08	2988.00
818.27	3149.00
818.46	3134.00
818.64	3063.00
818.83	3117.00
819.02	3088.00
819.20	3067.00
819.39	3041.00
819.58	3035.00
819.76	3064.00
819.95	3028.00
820.14	3062.00
820.32	3130.00
820.51	3120.00
820.70	3042.00
820.88	3050.00
821.07	3043.00
821.26	3003.00
821.44	3010.00
821.63	3071.00
821.82	3135.00
822.01	3083.00
822.19	3076.00
822.38	3047.00
822.57	3053.00
822.75	3027.00
822.94	3098.00
823.13	3058.00
823.31	3014.00
823.50	2984.00
823.69	2989.00
823.87	3023.00
824.06	3087.00
824.25	3071.00
824.43	2982.00
824.62	2956.00
824.80	2936.00
824.99	3036.00
825.18	3087.00
825.36	2925.00
825.55	2908.00
825.74	2956.00
825.92	2966.00
826.11	2999.00
826.30	2951.00
826.48	2958.00
826.67	3004.00
826.86	2947.00
827.04	2915.00
827.23	2895.00
827.42	2911.00
827.60	2910.00
827.79	2979.00
827.98	3003.00
828.16	2887.00
828.35	2842.00
828.54	2909.00
828.72	2893.00
828.91	2893.00
829.09	2842.00
829.28	2849.00
829.47	2899.00
829.65	2860.00
829.84	2883.00
830.03	2881.00
830.21	2883.00
830.40	2795.00
830.59	2816.00
830.77	2897.00
830.96	2844.00
831.14	2879.00
831.33	2913.00
831.52	2882.00
831.70	2851.00
831.89	2796.00
832.08	2862.00
832.26	2875.00
832.45	2833.00
832.64	2816.00
832.82	2796.00
833.01	2799.00
833.19	2837.00
833.38	2826.00
833.57	2776.00
833.75	2786.00
833.94	2760.00
834.13	2706.00
834.31	2713.00
834.50	2876.00
834.68	2913.00
834.87	2876.00
835.06	2803.00
835.24	2779.00
835.43	2852.00
835.61	2774.00
835.80	2816.00
835.99	2801.00
836.17	2812.00
836.36	2758.00
836.55	2785.00
836.73	2734.00
836.92	2733.00
837.10	2756.00
837.29	2691.00
837.48	2686.00
837.66	2833.00
837.85	2763.00
838.03	2742.00
838.22	2710.00
838.41	2651.00
838.59	2664.00
838.78	2667.00
838.96	2731.00
839.15	2731.00
839.34	2716.00
839.52	2724.00
839.71	2747.00
839.89	2671.00
840.08	2673.00
840.27	2746.00
840.45	2806.00
840.64	2822.00
840.82	2674.00
841.01	2677.00
841.20	2735.00
841.38	2657.00
841.57	2595.00
841.75	2603.00
841.94	2614.00
842.13	2604.00
842.31	2661.00
842.50	2634.00
842.68	2614.00
842.87	2639.00
843.05	2582.00
843.24	2521.00
843.43	2561.00
843.61	2601.00
843.80	2702.00
843.98	2669.00
844.17	2555.00
844.36	2499.00
844.54	2543.00
844.73	2489.00
844.91	2540.00
845.10	2565.00
845.28	2627.00
845.47	2491.00
845.66	2500.00
845.84	2520.00
846.03	2549.00
846.21	2535.00
846.40	2478.00
846.58	2464.00
846.77	2438.00
846.96	2430.00
847.14	2456.00
847.33	2485.00
847.51	2534.00
847.70	2517.00
847.88	2501.00
848.07	2470.00
848.25	2432.00
848.44	2431.00
848.63	2494.00
848.81	2498.00
849.00	2433.00
849.18	2420.00
849.37	2386.00
849.55	2433.00
849.74	2499.00
849.93	2435.00
850.11	2372.00
850.30	2413.00
850.48	2354.00
850.67	2265.00
850.85	2315.00
851.04	2360.00
851.22	2308.00
851.41	2277.00
851.59	2332.00
851.78	2373.00
851.97	2392.00
852.15	2320.00
852.34	2399.00
852.52	2396.00
852.71	2284.00
852.89	2282.00
853.08	2314.00
853.26	2394.00
853.45	2412.00
853.63	2350.00
853.82	2325.00
854.01	2349.00
854.19	2371.00
854.38	2310.00
854.56	2265.00
854.75	2271.00
854.93	2318.00
855.12	2246.00
855.30	2225.00
855.49	2212.00
855.67	2248.00
855.86	2349.00
856.04	2241.00
856.23	2192.00
856.41	2216.00
856.60	2280.00
856.79	2316.00
856.97	2287.00
857.16	2234.00
857.34	2242.00
857.53	2234.00
857.71	2296.00
857.90	2273.00
858.08	2273.00
858.27	2251.00
858.45	2163.00
858.64	2164.00
858.82	2116.00
859.01	2152.00
859.19	2143.00
859.38	2140.00
859.56	2158.00
859.75	2130.00
859.93	2156.00
860.12	2107.00
860.30	2132.00
860.49	2163.00
860.67	2159.00
860.86	2092.00
861.04	2037.00
861.23	1974.00
861.41	2074.00
861.60	2203.00
861.78	2174.00
861.97	2099.00
862.15	2053.00
862.34	2125.00
862.53	2084.00
862.71	2069.00
862.90	2047.00
863.08	2103.00
863.27	2159.00
863.45	2100.00
863.64	2002.00
863.82	2113.00
864.01	2112.00
864.19	2003.00
864.37	1950.00
864.56	2007.00
864.74	1980.00
864.93	2052.00
865.11	2094.00
865.30	2009.00
865.48	1990.00
865.67	1982.00
865.85	1960.00
866.04	2045.00
866.22	2078.00
866.41	1987.00
866.59	1925.00
866.78	1874.00
866.96	1892.00
867.15	1889.00
867.33	1878.00
867.52	1961.00
867.70	1911.00
867.89	1914.00
868.07	1884.00
868.26	1935.00
868.44	1997.00
868.63	1929.00
868.81	1823.00
869.00	1910.00
869.18	1905.00
869.37	1869.00
869.55	1922.00
869.74	1880.00
869.92	1829.00
870.10	1901.00
870.29	1808.00
870.47	1839.00
870.66	1914.00
870.84	1796.00
871.03	1833.00
871.21	1822.00
871.40	1780.00
871.58	1827.00
871.77	1942.00
871.95	1860.00
872.14	1937.00
872.32	1932.00
872.51	1863.00
872.69	1853.00
872.87	1814.00
873.06	1861.00
873.24	1906.00
873.43	1828.00
873.61	1832.00
873.80	1817.00
873.98	1788.00
874.17	1829.00
874.35	1876.00
874.54	1828.00
874.72	1829.00
874.90	1828.00
875.09	1800.00
875.27	1812.00
875.46	1752.00
875.64	1770.00
875.83	1788.00
876.01	1836.00
876.20	1788.00
876.38	1782.00
876.56	1779.00
876.75	1798.00
876.93	1750.00
877.12	1844.00
877.30	1821.00
877.49	1690.00
877.67	1713.00
877.86	1813.00
878.04	1772.00
878.22	1709.00
878.41	1701.00
878.59	1684.00
878.78	1704.00
878.96	1696.00
879.15	1800.00
879.33	1717.00
879.51	1664.00
879.70	1714.00
879.88	1676.00
880.07	1696.00
880.25	1670.00
880.44	1686.00
880.62	1709.00
880.80	1722.00
880.99	1736.00
881.17	1761.00
881.36	1697.00
881.54	1744.00
881.73	1811.00
881.91	1742.00
882.09	1730.00
882.28	1728.00
882.46	1790.00
882.65	1780.00
882.83	1745.00
883.02	1671.00
883.20	1664.00
883.38	1729.00
883.57	1764.00
883.75	1714.00
883.94	1667.00
884.12	1652.00
884.30	1676.00
884.49	1638.00
884.67	1691.00
884.86	1728.00
885.04	1694.00
885.22	1620.00
885.41	1723.00
885.59	1764.00
885.78	1656.00
885.96	1629.00
886.14	1726.00
886.33	1695.00
886.51	1660.00
886.70	1662.00
886.88	1653.00
887.06	1671.00
887.25	1624.00
887.43	1672.00
887.62	1679.00
887.80	1718.00
887.98	1660.00
888.17	1632.00
888.35	1638.00
888.54	1661.00
888.72	1679.00
888.90	1652.00
889.09	1628.00
889.27	1591.00
889.46	1545.00
889.64	1638.00
889.82	1696.00
890.01	1656.00
890.19	1626.00
890.38	1677.00
890.56	1629.00
890.74	1548.00
890.93	1588.00
891.11	1667.00
891.29	1682.00
891.48	1649.00
891.66	1642.00
891.85	1666.00
892.03	1636.00
892.21	1631.00
892.40	1676.00
892.58	1659.00
892.76	1543.00
892.95	1578.00
893.13	1601.00
893.32	1636.00
893.50	1675.00
893.68	1690.00
893.87	1677.00
894.05	1619.00
894.23	1612.00
894.42	1743.00
894.60	1711.00
894.79	1678.00
894.97	1595.00
895.15	1606.00
895.34	1682.00
895.52	1719.00
895.70	1655.00
895.89	1680.00
896.07	1655.00
896.25	1639.00
896.44	1626.00
896.62	1713.00
896.81	1734.00
896.99	1694.00
897.17	1688.00
897.36	1691.00
897.54	1681.00
897.72	1719.00
897.91	1697.00
898.09	1656.00
898.27	1722.00
898.46	1596.00
898.64	1652.00
898.82	1766.00
899.01	1728.00
899.19	1841.00
899.37	1808.00
899.56	1752.00
899.74	1765.00
899.92	1766.00
900.11	1780.00
900.29	1798.00
900.47	1738.00
900.66	1718.00
900.84	1707.00
901.03	1676.00
901.21	1667.00
901.39	1691.00
901.58	1729.00
901.76	1737.00
901.94	1748.00
902.13	1745.00
902.31	1733.00
902.49	1783.00
902.68	1784.00
902.86	1784.00
903.04	1772.00
903.23	1701.00
903.41	1814.00
903.59	1812.00
903.78	1736.00
903.96	1834.00
904.14	1820.00
904.32	1757.00
904.51	1780.00
904.69	1798.00
904.87	1783.00
905.06	1738.00
905.24	1753.00
905.42	1760.00
905.61	1779.00
905.79	1878.00
905.97	1785.00
906.16	1786.00
906.34	1850.00
906.52	1797.00
906.71	1841.00
906.89	1843.00
907.07	1889.00
907.26	1909.00
907.44	1874.00
907.62	1868.00
907.81	1825.00
907.99	1872.00
908.17	1828.00
908.35	1809.00
908.54	1814.00
908.72	1762.00
908.90	1770.00
909.09	1766.00
909.27	1807.00
909.45	1835.00
909.64	1789.00
909.82	1743.00
910.00	1773.00
910.18	1823.00
910.37	1888.00
910.55	1882.00
910.73	1793.00
910.92	1859.00
911.10	1944.00
911.28	1848.00
911.47	1765.00
911.65	1783.00
911.83	1768.00
912.01	1858.00
912.20	1896.00
912.38	1898.00
912.56	1914.00
912.75	1778.00
912.93	1799.00
913.11	1716.00
913.29	1705.00
913.48	1797.00
913.66	1825.00
913.84	1796.00
914.03	1782.00
914.21	1756.00
914.39	1749.00
914.57	1793.00
914.76	1822.00
914.94	1749.00
915.12	1750.00
915.31	1821.00
915.49	1844.00
915.67	1811.00
915.85	1808.00
916.04	1705.00
916.22	1681.00
916.40	1746.00
916.58	1792.00
916.77	1730.00
916.95	1707.00
917.13	1778.00
917.32	1719.00
917.50	1734.00
917.68	1701.00
917.86	1701.00
918.05	1687.00
918.23	1639.00
918.41	1677.00
918.59	1719.00
918.78	1734.00
918.96	1730.00
919.14	1705.00
919.32	1663.00
919.51	1651.00
919.69	1687.00
919.87	1701.00
920.05	1747.00
920.24	1744.00
920.42	1722.00
920.60	1679.00
920.78	1697.00
920.97	1727.00
921.15	1714.00
921.33	1667.00
921.52	1681.00
921.70	1687.00
921.88	1702.00
922.06	1669.00
922.24	1688.00
922.43	1674.00
922.61	1658.00
922.79	1719.00
922.97	1649.00
923.16	1620.00
923.34	1663.00
923.52	1611.00
923.70	1640.00
923.89	1650.00
924.07	1546.00
924.25	1661.00
924.43	1617.00
924.62	1516.00
924.80	1555.00
924.98	1667.00
925.16	1659.00
925.35	1686.00
925.53	1532.00
925.71	1475.00
925.89	1565.00
926.08	1626.00
926.26	1581.00
926.44	1560.00
926.62	1569.00
926.80	1597.00
926.99	1561.00
927.17	1546.00
927.35	1582.00
927.53	1546.00
927.72	1536.00
927.90	1501.00
928.08	1495.00
928.26	1571.00
928.44	1507.00
928.63	1514.00
928.81	1544.00
928.99	1478.00
929.17	1515.00
929.36	1561.00
929.54	1529.00
929.72	1554.00
929.90	1499.00
930.08	1506.00
930.27	1518.00
930.45	1459.00
930.63	1421.00
930.81	1464.00
930.99	1483.00
931.18	1451.00
931.36	1493.00
931.54	1471.00
931.72	1450.00
931.90	1437.00
932.09	1373.00
932.27	1427.00
932.45	1382.00
932.63	1311.00
932.81	1409.00
933.00	1413.00
933.18	1423.00
933.36	1435.00
933.54	1367.00
933.72	1363.00
933.91	1416.00
934.09	1347.00
934.27	1332.00
934.45	1282.00
934.63	1267.00
934.82	1226.00
935.00	1240.00
935.18	1300.00
935.36	1221.00
935.54	1190.00
935.73	1141.00
935.91	1068.00
936.09	1226.00
936.27	1229.00
936.45	1127.00
936.64	1100.00
936.82	1164.00
937.00	1163.00
937.18	1080.00
937.36	1074.00
937.54	1100.00
937.73	1076.00
937.91	1017.00
938.09	1024.00
938.27	1005.00
938.45	1010.00
938.63	1008.00
938.82	914.00
939.00	902.00
939.18	1001.00
939.36	943.00
939.54	886.00
939.73	903.00
939.91	897.00
940.09	888.00
940.27	884.00
940.45	807.00
940.63	814.00
940.82	871.00
941.00	810.00
941.18	724.00
941.36	722.00
941.54	861.00
941.72	848.00
941.91	795.00
942.09	800.00
942.27	761.00
942.45	723.00
942.63	712.00
942.81	773.00
942.99	796.00
943.18	765.00
943.36	711.00
943.54	732.00
943.72	744.00
943.90	738.00
944.08	730.00
944.27	763.00
944.45	766.00
944.63	762.00
944.81	775.00
944.99	747.00
945.17	694.00
945.35	731.00
945.54	769.00
945.72	732.00
945.90	699.00
946.08	691.00
946.26	781.00
946.44	760.00
946.62	752.00
946.81	766.00
946.99	713.00
947.17	657.00
947.35	702.00
947.53	712.00
947.71	719.00
947.89	717.00
948.07	774.00
948.26	717.00
948.44	692.00
948.62	708.00
948.80	744.00
948.98	777.00
949.16	744.00
949.34	718.00
949.53	706.00
949.71	738.00
949.89	814.00
950.07	790.00
950.25	791.00
950.43	759.00
950.61	721.00
950.79	701.00
950.98	769.00
951.16	779.00
951.34	756.00
951.52	783.00
951.70	756.00
951.88	743.00
952.06	758.00
952.24	780.00
952.42	809.00
952.61	750.00
952.79	701.00
952.97	725.00
953.15	776.00
953.33	686.00
953.51	647.00
953.69	710.00
953.87	716.00
954.05	744.00
954.24	723.00
954.42	707.00
954.60	691.00
954.78	686.00
954.96	714.00
955.14	706.00
955.32	687.00
955.50	684.00
955.68	769.00
955.86	777.00
956.05	711.00
956.23	744.00
956.41	750.00
956.59	748.00
956.77	771.00
956.95	736.00
957.13	694.00
957.31	729.00
957.49	758.00
957.67	694.00
957.86	658.00
958.04	679.00
958.22	671.00
958.40	671.00
958.58	699.00
958.76	633.00
958.94	665.00
959.12	697.00
959.30	633.00
959.48	678.00
959.66	687.00
959.84	734.00
960.03	741.00
960.21	677.00
960.39	731.00
960.57	701.00
960.75	663.00
960.93	630.00
961.11	674.00
961.29	710.00
961.47	662.00
961.65	684.00
961.83	629.00
962.01	669.00
962.19	647.00
962.37	651.00
962.56	630.00
962.74	696.00
962.92	682.00
963.10	602.00
963.28	636.00
963.46	673.00
963.64	664.00
963.82	659.00
964.00	669.00
964.18	694.00
964.36	657.00
964.54	628.00
964.72	652.00
964.90	637.00
965.08	601.00
965.27	645.00
965.45	656.00
965.63	658.00
965.81	667.00
965.99	675.00
966.17	581.00
966.35	512.00
966.53	553.00
966.71	653.00
966.89	669.00
967.07	660.00
967.25	584.00
967.43	575.00
967.61	598.00
967.79	615.00
967.97	640.00
968.15	702.00
968.33	674.00
968.51	665.00
968.69	622.00
968.87	648.00
969.06	633.00
969.24	659.00
969.42	589.00
969.60	583.00
969.78	552.00
969.96	591.00
970.14	623.00
970.32	613.00
970.50	620.00
970.68	588.00
970.86	555.00
971.04	567.00
971.22	527.00
971.40	546.00
971.58	550.00
971.76	541.00
971.94	571.00
972.12	536.00
972.30	553.00
972.48	565.00
972.66	532.00
972.84	522.00
973.02	592.00
973.20	611.00
973.38	509.00
973.56	546.00
973.74	617.00
973.92	596.00
974.10	526.00
974.28	535.00
974.46	541.00
974.64	515.00
974.82	560.00
975.00	553.00
975.18	595.00
975.36	565.00
975.54	537.00
975.72	568.00
975.90	565.00
976.08	578.00
976.26	550.00
976.44	562.00
976.62	572.00
976.80	575.00
976.98	561.00
977.16	487.00
977.34	499.00
977.52	494.00
977.70	494.00
977.88	519.00
978.06	516.00
978.24	544.00
978.42	647.00
978.60	551.00
978.78	545.00
978.96	552.00
979.14	498.00
979.32	503.00
979.50	538.00
979.68	537.00
979.86	502.00
980.04	507.00
980.22	478.00
980.40	515.00
980.58	482.00
980.76	427.00
980.94	487.00
981.12	479.00
981.30	512.00
981.48	519.00
981.66	513.00
981.84	470.00
982.02	438.00
982.20	430.00
982.38	472.00
982.56	469.00
982.74	519.00
982.92	459.00
983.10	403.00
983.28	478.00
983.46	498.00
983.64	497.00
983.82	503.00
984.00	523.00
984.18	499.00
984.36	523.00
984.54	525.00
984.72	497.00
984.90	488.00
985.08	489.00
985.26	463.00
985.44	456.00
985.62	478.00
985.80	498.00
985.98	523.00
986.16	405.00
986.34	434.00
986.51	453.00
986.69	479.00
986.87	451.00
987.05	462.00
987.23	421.00
987.41	495.00
987.59	480.00
987.77	397.00
987.95	451.00
988.13	484.00
988.31	480.00
988.49	408.00
988.67	418.00
988.85	443.00
989.03	478.00
989.21	454.00
989.39	380.00
989.57	443.00
989.75	427.00
989.93	363.00
990.11	383.00
990.28	424.00
990.46	428.00
990.64	412.00
990.82	435.00
991.00	423.00
991.18	428.00
991.36	470.00
991.54	418.00
991.72	416.00
991.90	402.00
992.08	372.00
992.26	373.00
992.44	425.00
992.62	462.00
992.80	483.00
992.98	454.00
993.15	468.00
993.33	395.00
993.51	447.00
993.69	513.00
993.87	403.00
994.05	402.00
994.23	363.00
994.41	385.00
994.59	381.00
994.77	419.00
994.95	429.00
995.13	416.00
995.31	471.00
995.48	459.00
995.66	416.00
995.84	404.00
996.02	378.00
996.20	365.00
996.38	353.00
996.56	366.00
996.74	410.00
996.92	303.00
997.10	402.00
997.28	388.00
997.46	409.00
997.63	445.00
997.81	288.00
997.99	283.00
998.17	366.00
998.35	368.00
998.53	333.00
998.71	332.00
998.89	370.00
999.07	357.00
999.25	450.00
999.43	458.00
999.60	388.00
999.78	403.00
999.96	343.00
1000.14	315.00
1000.32	337.00
1000.50	300.00
1000.68	347.00
1000.86	432.00
1001.04	376.00
1001.21	346.00
1001.39	348.00
1001.57	337.00
1001.75	344.00
1001.93	364.00
1002.11	335.00
1002.29	388.00
1002.47	384.00
1002.65	370.00
1002.82	354.00
1003.00	330.00
1003.18	338.00
1003.36	344.00
1003.54	395.00
1003.72	367.00
1003.90	313.00
1004.08	261.00
1004.26	298.00
1004.43	355.00
1004.61	318.00
1004.79	287.00
1004.97	328.00
1005.15	345.00
1005.33	320.00
1005.51	373.00
1005.69	342.00
1005.86	308.00
1006.04	336.00
1006.22	336.00
1006.40	340.00
1006.58	329.00
1006.76	322.00
1006.94	318.00
1007.12	324.00
1007.29	370.00
1007.47	311.00
1007.65	311.00
1007.83	343.00
1008.01	358.00
1008.19	385.00
1008.37	374.00
1008.54	329.00
1008.72	329.00
1008.90	351.00
1009.08	317.00
1009.26	295.00
1009.44	257.00
1009.62	331.00
1009.79	348.00
1009.97	307.00
1010.15	250.00
1010.33	236.00
1010.51	279.00
1010.69	306.00
1010.87	266.00
1011.04	351.00
1011.22	372.00
1011.40	321.00
1011.58	269.00
1011.76	239.00
1011.94	301.00
1012.11	324.00
1012.29	273.00
1012.47	331.00
1012.65	312.00
1012.83	253.00
1013.01	276.00
1013.18	286.00
1013.36	272.00
1013.54	272.00
1013.72	315.00
1013.90	304.00
1014.08	259.00
1014.25	304.00
1014.43	314.00
1014.61	336.00
1014.79	282.00
1014.97	252.00
1015.15	246.00
1015.32	215.00
1015.50	204.00
1015.68	227.00
1015.86	228.00
1016.04	263.00
1016.22	340.00
1016.39	286.00
1016.57	268.00
1016.75	246.00
1016.93	303.00
1017.11	326.00
1017.29	347.00
1017.46	248.00
1017.64	217.00
1017.82	220.00
1018.00	181.00
1018.18	235.00
1018.35	270.00
1018.53	241.00
1018.71	246.00
1018.89	210.00
1019.07	218.00
1019.24	293.00
1019.42	316.00
1019.60	277.00
1019.78	263.00
1019.96	285.00
1020.14	269.00
1020.31	262.00
1020.49	313.00
1020.67	266.00
1020.85	249.00
1021.03	266.00
1021.20	279.00
1021.38	289.00
1021.56	235.00
1021.74	239.00
1021.92	279.00
1022.09	266.00
1022.27	294.00
1022.45	216.00
1022.63	157.00
1022.81	188.00
1022.98	333.00
1023.16	319.00
1023.34	238.00
1023.52	241.00
1023.69	230.00
1023.87	279.00
1024.05	282.00
1024.23	289.00
1024.41	236.00
1024.58	303.00
1024.76	267.00
1024.94	249.00
1025.12	245.00
1025.30	234.00
1025.47	247.00
1025.65	250.00
1025.83	280.00
1026.01	225.00
1026.18	217.00
1026.36	307.00
1026.54	259.00
1026.72	206.00
1026.90	201.00
1027.07	258.00
1027.25	214.00
1027.43	206.00
1027.61	229.00
1027.78	277.00
1027.96	277.00
1028.14	267.00
1028.32	219.00
1028.49	203.00
1028.67	214.00
1028.85	225.00
1029.03	252.00
1029.21	211.00
1029.38	218.00
1029.56	173.00
1029.74	174.00
1029.92	204.00
1030.09	157.00
1030.27	197.00
1030.45	246.00
1030.63	197.00
1030.80	230.00
1030.98	237.00
1031.16	248.00
1031.34	165.00
1031.51	163.00
1031.69	213.00
1031.87	209.00
1032.05	174.00
1032.22	206.00
1032.40	194.00
1032.58	193.00
1032.76	218.00
1032.93	225.00
1033.11	229.00
1033.29	163.00
1033.47	203.00
1033.64	241.00
1033.82	202.00
1034.00	158.00
1034.18	207.00
1034.35	214.00
1034.53	220.00
1034.71	223.00
1034.89	251.00
1035.06	221.00
1035.24	191.00
1035.42	202.00
1035.59	181.00
1035.77	192.00
1035.95	173.00
1036.13	187.00
1036.30	191.00
1036.48	231.00
1036.66	216.00
1036.84	155.00
1037.01	162.00
1037.19	177.00
1037.37	216.00
1037.54	236.00
1037.72	239.00
1037.90	167.00
1038.08	142.00
1038.25	132.00
1038.43	202.00
1038.61	232.00
1038.79	207.00
1038.96	209.00
1039.14	188.00
1039.32	173.00
1039.49	152.00
1039.67	139.00
1039.85	195.00
1040.03	186.00
1040.20	203.00
1040.38	206.00
1040.56	183.00
1040.73	172.00
1040.91	135.00
1041.09	145.00
1041.27	169.00
1041.44	146.00
1041.62	224.00
1041.80	213.00
1041.97	158.00
1042.15	151.00
1042.33	183.00
1042.50	230.00
1042.68	235.00
1042.86	181.00
1043.04	140.00
1043.21	128.00
1043.39	157.00
1043.57	199.00
1043.74	206.00
1043.92	150.00
1044.10	160.00
1044.27	141.00
1044.45	157.00
1044.63	143.00
1044.80	197.00
1044.98	216.00
1045.16	205.00
1045.34	183.00
1045.51	175.00
1045.69	128.00
1045.87	172.00
1046.04	193.00
1046.22	234.00
1046.40	148.00
1046.57	90.00
1046.75	140.00
1046.93	162.00
1047.10	177.00
1047.28	118.00
1047.46	131.00
1047.63	158.00
1047.81	131.00
1047.99	135.00
1048.16	167.00
1048.34	143.00
1048.52	107.00
1048.69	142.00
1048.87	155.00
1049.05	228.00
1049.22	160.00
1049.40	137.00
1049.58	173.00
1049.75	153.00
1049.93	128.00
1050.11	150.00
1050.28	164.00
1050.46	165.00
1050.64	146.00
1050.81	154.00
1050.99	121.00
1051.17	122.00
1051.34	161.00
1051.52	189.00
1051.70	131.00
1051.87	144.00
1052.05	159.00
1052.23	148.00
1052.40	104.00
1052.58	111.00
1052.76	82.00
1052.93	65.00
1053.11	110.00
1053.29	178.00
1053.46	163.00
1053.64	135.00
1053.82	99.00
1053.99	87.00
1054.17	95.00
1054.35	127.00
1054.52	96.00
1054.70	82.00
1054.87	110.00
1055.05	84.00
1055.23	127.00
1055.40	108.00
1055.58	149.00
1055.76	141.00
1055.93	114.00
1056.11	151.00
1056.29	84.00
1056.46	172.00
1056.64	166.00
1056.81	117.00
1056.99	109.00
1057.17	152.00
1057.34	156.00
1057.52	105.00
1057.70	125.00
1057.87	162.00
1058.05	156.00
1058.22	202.00
1058.40	145.00
1058.58	127.00
1058.75	119.00
1058.93	84.00
1059.11	123.00
1059.28	134.00
1059.46	131.00
1059.63	162.00
1059.81	210.00
1059.99	182.00
1060.16	165.00
1060.34	182.00
1060.52	143.00
1060.69	117.00
1060.87	145.00
1061.04	110.00
1061.22	91.00
