367.62	5.00
367.82	3.00
368.02	-17.00
368.23	14.00
368.43	-47.00
368.63	-65.00
368.83	-17.00
369.04	37.00
369.24	21.00
369.44	-38.00
369.65	12.00
369.85	17.00
370.05	2.00
370.25	17.00
370.46	-7.00
370.66	-56.00
370.86	51.00
371.07	47.00
371.27	35.00
371.47	35.00
371.67	10.00
371.88	23.00
372.08	5.00
372.28	-34.00
372.49	-33.00
372.69	-3.00
372.89	18.00
373.09	46.00
373.30	-25.00
373.50	-16.00
373.70	-26.00
373.91	-45.00
374.11	-1.00
374.31	16.00
374.51	4.00
374.72	-41.00
374.92	-8.00
375.12	10.00
375.33	0.00
375.53	-12.00
375.73	-17.00
375.93	-32.00
376.14	-1.00
376.34	-24.00
376.54	42.00
376.74	-4.00
376.95	28.00
377.15	28.00
377.35	12.00
377.55	19.00
377.76	-16.00
377.96	10.00
378.16	68.00
378.37	36.00
378.57	-9.00
378.77	-6.00
378.97	-35.00
379.18	-14.00
379.38	40.00
379.58	66.00
379.78	57.00
379.99	16.00
380.19	13.00
380.39	-32.00
380.59	29.00
380.80	71.00
381.00	18.00
381.20	-63.00
381.40	28.00
381.61	90.00
381.81	60.00
382.01	3.00
382.21	-8.00
382.42	-2.00
382.62	97.00
382.82	16.00
383.02	-67.00
383.23	-18.00
383.43	-31.00
383.63	31.00
383.83	46.00
384.04	21.00
384.24	-47.00
384.44	-24.00
384.64	45.00
384.85	35.00
385.05	-1.00
385.25	30.00
385.45	14.00
385.66	-4.00
385.86	7.00
386.06	64.00
386.26	-25.00
386.47	-37.00
386.67	10.00
386.87	66.00
387.07	32.00
387.27	16.00
387.48	-17.00
387.68	9.00
387.88	3.00
388.08	4.00
388.29	8.00
388.49	18.00
388.69	-18.00
388.89	6.00
389.10	50.00
389.30	42.00
389.50	21.00
389.70	-17.00
389.90	23.00
390.11	83.00
390.31	45.00
390.51	2.00
390.71	-17.00
390.92	2.00
391.12	22.00
391.32	19.00
391.52	-51.00
391.72	18.00
391.93	43.00
392.13	-9.00
392.33	3.00
392.53	33.00
392.74	43.00
392.94	7.00
393.14	6.00
393.34	6.00
393.54	16.00
393.75	28.00
393.95	9.00
394.15	-17.00
394.35	13.00
394.56	28.00
394.76	-12.00
394.96	-33.00
395.16	12.00
395.36	9.00
395.57	-28.00
395.77	18.00
395.97	5.00
396.17	-28.00
396.37	-24.00
396.58	-10.00
396.78	-9.00
396.98	-22.00
397.18	-12.00
397.38	-50.00
397.59	17.00
397.79	1.00
397.99	27.00
398.19	38.00
398.39	43.00
398.60	31.00
398.80	-47.00
399.00	-21.00
399.20	-59.00
399.40	-40.00
399.61	-32.00
399.81	27.00
400.01	39.00
400.21	42.00
400.41	28.00
400.62	-24.00
400.82	-30.00
401.02	-21.00
401.22	7.00
401.42	-26.00
401.63	-10.00
401.83	31.00
402.03	-1.00
402.23	5.00
402.43	-1.00
402.64	41.00
402.84	62.00
403.04	10.00
403.24	5.00
403.44	2.00
403.64	-20.00
403.85	11.00
404.05	1.00
404.25	40.00
404.45	53.00
404.65	18.00
404.86	67.00
405.06	51.00
405.26	4.00
405.46	-17.00
405.66	15.00
405.86	100.00
406.07	37.00
406.27	30.00
406.47	25.00
406.67	7.00
406.87	52.00
407.07	16.00
407.28	55.00
407.48	-5.00
407.68	8.00
407.88	-20.00
408.08	-2.00
408.28	18.00
408.49	29.00
408.69	48.00
408.89	-48.00
409.09	-9.00
409.29	73.00
409.49	44.00
409.70	-50.00
409.90	-18.00
410.10	-4.00
410.30	24.00
410.50	10.00
410.70	-13.00
410.91	-25.00
411.11	16.00
411.31	10.00
411.51	-21.00
411.71	-12.00
411.91	-21.00
412.12	32.00
412.32	73.00
412.52	37.00
412.72	-22.00
412.92	-57.00
413.12	-14.00
413.32	14.00
413.53	36.00
413.73	25.00
413.93	4.00
414.13	9.00
414.33	9.00
414.53	56.00
414.74	26.00
414.94	8.00
415.14	19.00
415.34	5.00
415.54	54.00
415.74	3.00
415.94	48.00
416.15	92.00
416.35	95.00
416.55	61.00
416.75	53.00
416.95	22.00
417.15	-42.00
417.35	0.00
417.56	3.00
417.76	16.00
417.96	57.00
418.16	55.00
418.36	30.00
418.56	31.00
418.76	86.00
418.97	44.00
419.17	-19.00
419.37	-17.00
419.57	-15.00
419.77	-7.00
419.97	46.00
420.17	62.00
420.37	9.00
420.58	-6.00
420.78	30.00
420.98	85.00
421.18	55.00
421.38	45.00
421.58	9.00
421.78	11.00
421.98	33.00
422.19	78.00
422.39	51.00
422.59	56.00
422.79	30.00
422.99	30.00
423.19	-9.00
423.39	-22.00
423.59	6.00
423.80	-9.00
424.00	-37.00
424.20	56.00
424.40	57.00
424.60	61.00
424.80	38.00
425.00	40.00
425.20	28.00
425.40	44.00
425.61	25.00
425.81	65.00
426.01	98.00
426.21	-4.00
426.41	30.00
426.61	19.00
426.81	0.00
427.01	13.00
427.21	44.00
427.42	81.00
427.62	55.00
427.82	-24.00
428.02	-28.00
428.22	-8.00
428.42	45.00
428.62	62.00
428.82	48.00
429.02	38.00
429.23	110.00
429.43	9.00
429.63	-87.00
429.83	-2.00
430.03	17.00
430.23	37.00
430.43	42.00
430.63	17.00
430.83	45.00
431.03	47.00
431.24	40.00
431.44	-11.00
431.64	15.00
431.84	21.00
432.04	0.00
432.24	40.00
432.44	13.00
432.64	-25.00
432.84	-7.00
433.04	18.00
433.24	0.00
433.45	-9.00
433.65	28.00
433.85	23.00
434.05	-13.00
434.25	-32.00
434.45	6.00
434.65	38.00
434.85	16.00
435.05	4.00
435.25	-90.00
435.45	-33.00
435.65	49.00
435.86	24.00
436.06	-34.00
436.26	-47.00
436.46	23.00
436.66	23.00
436.86	-28.00
437.06	9.00
437.26	17.00
437.46	55.00
437.66	5.00
437.86	34.00
438.06	50.00
438.26	17.00
438.47	0.00
438.67	40.00
438.87	19.00
439.07	-33.00
439.27	-28.00
439.47	-6.00
439.67	36.00
439.87	-5.00
440.07	53.00
440.27	102.00
440.47	103.00
440.67	116.00
440.87	31.00
441.07	7.00
441.27	97.00
441.48	38.00
441.68	-4.00
441.88	7.00
442.08	48.00
442.28	31.00
442.48	71.00
442.68	96.00
442.88	110.00
443.08	26.00
443.28	-14.00
443.48	27.00
443.68	68.00
443.88	47.00
444.08	15.00
444.28	39.00
444.48	9.00
444.68	34.00
444.88	6.00
445.09	21.00
445.29	87.00
445.49	92.00
445.69	53.00
445.89	97.00
446.09	57.00
446.29	78.00
446.49	82.00
446.69	33.00
446.89	34.00
447.09	32.00
447.29	73.00
447.49	45.00
447.69	-6.00
447.89	-35.00
448.09	2.00
448.29	53.00
448.49	60.00
448.69	53.00
448.89	-8.00
449.09	15.00
449.29	-13.00
449.49	58.00
449.70	43.00
449.90	22.00
450.10	60.00
450.30	28.00
450.50	65.00
450.70	39.00
450.90	-41.00
451.10	8.00
451.30	60.00
451.50	106.00
451.70	90.00
451.90	69.00
452.10	62.00
452.30	-2.00
452.50	1.00
452.70	47.00
452.90	77.00
453.10	57.00
453.30	67.00
453.50	31.00
453.70	82.00
453.90	86.00
454.10	30.00
454.30	-1.00
454.50	6.00
454.70	41.00
454.90	37.00
455.10	99.00
455.30	125.00
455.50	49.00
455.70	73.00
455.90	109.00
456.10	50.00
456.30	55.00
456.50	36.00
456.70	28.00
456.90	124.00
457.10	113.00
457.30	81.00
457.50	106.00
457.70	130.00
457.90	140.00
458.10	87.00
458.30	29.00
458.50	31.00
458.70	37.00
458.90	68.00
459.10	81.00
459.30	100.00
459.50	119.00
459.70	28.00
459.90	18.00
460.10	36.00
460.30	46.00
460.50	21.00
460.70	86.00
460.90	101.00
461.10	114.00
461.30	95.00
461.50	93.00
461.70	93.00
461.90	66.00
462.10	5.00
462.30	35.00
462.50	111.00
462.70	89.00
462.90	65.00
463.10	18.00
463.30	63.00
463.50	98.00
463.70	71.00
463.90	41.00
464.10	25.00
464.30	82.00
464.50	77.00
464.70	66.00
464.90	29.00
465.10	66.00
465.30	85.00
465.50	49.00
465.70	89.00
465.90	102.00
466.10	125.00
466.30	123.00
466.50	134.00
466.70	152.00
466.90	107.00
467.10	118.00
467.30	72.00
467.50	9.00
467.70	58.00
467.90	39.00
468.10	93.00
468.30	14.00
468.50	55.00
468.70	149.00
468.90	60.00
469.10	61.00
469.30	103.00
469.50	53.00
469.70	21.00
469.90	8.00
470.10	61.00
470.30	65.00
470.50	16.00
470.70	68.00
470.90	84.00
471.10	31.00
471.29	46.00
471.49	84.00
471.69	108.00
471.89	96.00
472.09	104.00
472.29	45.00
472.49	40.00
472.69	24.00
472.89	74.00
473.09	60.00
473.29	86.00
473.49	104.00
473.69	116.00
473.89	137.00
474.09	38.00
474.29	27.00
474.49	66.00
474.69	60.00
474.89	96.00
475.09	91.00
475.29	61.00
475.49	43.00
475.69	42.00
475.88	20.00
476.08	83.00
476.28	102.00
476.48	40.00
476.68	25.00
476.88	148.00
477.08	116.00
477.28	61.00
477.48	72.00
477.68	66.00
477.88	70.00
478.08	56.00
478.28	51.00
478.48	78.00
478.68	65.00
478.88	45.00
479.08	50.00
479.28	63.00
479.47	71.00
479.67	129.00
479.87	103.00
480.07	33.00
480.27	77.00
480.47	92.00
480.67	84.00
480.87	116.00
481.07	72.00
481.27	58.00
481.47	68.00
481.67	66.00
481.87	20.00
482.07	34.00
482.27	71.00
482.46	96.00
482.66	49.00
482.86	140.00
483.06	127.00
483.26	128.00
483.46	72.00
483.66	64.00
483.86	82.00
484.06	77.00
484.26	86.00
484.46	40.00
484.66	32.00
484.86	91.00
485.05	89.00
485.25	59.00
485.45	68.00
485.65	46.00
485.85	16.00
486.05	42.00
486.25	38.00
486.45	38.00
486.65	63.00
486.85	112.00
487.05	97.00
487.25	167.00
487.44	89.00
487.64	71.00
487.84	84.00
488.04	125.00
488.24	58.00
488.44	135.00
488.64	78.00
488.84	94.00
489.04	25.00
489.24	-9.00
489.43	71.00
489.63	167.00
489.83	145.00
490.03	117.00
490.23	117.00
490.43	70.00
490.63	64.00
490.83	106.00
491.03	85.00
491.23	82.00
491.42	113.00
491.62	94.00
491.82	125.00
492.02	126.00
492.22	101.00
492.42	84.00
492.62	139.00
492.82	157.00
493.02	127.00
493.22	156.00
493.41	192.00
493.61	149.00
493.81	91.00
494.01	118.00
494.21	138.00
494.41	130.00
494.61	208.00
494.81	101.00
495.01	51.00
495.20	47.00
495.40	65.00
495.60	98.00
495.80	163.00
496.00	125.00
496.20	131.00
496.40	135.00
496.60	141.00
496.79	137.00
496.99	77.00
497.19	118.00
497.39	143.00
497.59	123.00
497.79	135.00
497.99	140.00
498.19	191.00
498.38	174.00
498.58	51.00
498.78	121.00
498.98	154.00
499.18	151.00
499.38	145.00
499.58	117.00
499.78	128.00
499.97	167.00
500.17	164.00
500.37	160.00
500.57	179.00
500.77	152.00
500.97	168.00
501.17	178.00
501.37	150.00
501.56	129.00
501.76	126.00
501.96	114.00
502.16	143.00
502.36	125.00
502.56	144.00
502.76	187.00
502.95	161.00
503.15	174.00
503.35	196.00
503.55	138.00
503.75	116.00
503.95	105.00
504.15	147.00
504.34	144.00
504.54	161.00
504.74	196.00
504.94	138.00
505.14	80.00
505.34	140.00
505.54	133.00
505.73	202.00
505.93	193.00
506.13	184.00
506.33	124.00
506.53	188.00
506.73	187.00
506.92	158.00
507.12	144.00
507.32	158.00
507.52	222.00
507.72	191.00
507.92	189.00
508.12	170.00
508.31	145.00
508.51	155.00
508.71	108.00
508.91	122.00
509.11	207.00
509.31	178.00
509.50	161.00
509.70	136.00
509.90	153.00
510.10	194.00
510.30	173.00
510.50	109.00
510.69	142.00
510.89	171.00
511.09	111.00
511.29	214.00
511.49	168.00
511.69	147.00
511.88	180.00
512.08	163.00
512.28	97.00
512.48	80.00
512.68	160.00
512.88	146.00
513.07	134.00
513.27	133.00
513.47	118.00
513.67	198.00
513.87	129.00
514.06	91.00
514.26	131.00
514.46	123.00
514.66	125.00
514.86	166.00
515.06	164.00
515.25	112.00
515.45	142.00
515.65	136.00
515.85	73.00
516.05	142.00
516.24	174.00
516.44	205.00
516.64	202.00
516.84	164.00
517.04	205.00
517.23	199.00
517.43	86.00
517.63	167.00
517.83	164.00
518.03	144.00
518.23	138.00
518.42	131.00
518.62	175.00
518.82	272.00
519.02	180.00
519.22	111.00
519.41	115.00
519.61	147.00
519.81	156.00
520.01	148.00
520.21	163.00
520.40	164.00
520.60	122.00
520.80	132.00
521.00	184.00
521.20	234.00
521.39	188.00
521.59	169.00
521.79	162.00
521.99	234.00
522.19	197.00
522.38	114.00
522.58	119.00
522.78	225.00
522.98	207.00
523.17	210.00
523.37	165.00
523.57	252.00
523.77	229.00
523.97	249.00
524.16	233.00
524.36	199.00
524.56	180.00
524.76	196.00
524.96	182.00
525.15	183.00
525.35	220.00
525.55	244.00
525.75	204.00
525.94	127.00
526.14	132.00
526.34	130.00
526.54	194.00
526.74	200.00
526.93	205.00
527.13	214.00
527.33	179.00
527.53	89.00
527.72	144.00
527.92	223.00
528.12	143.00
528.32	210.00
528.52	257.00
528.71	220.00
528.91	277.00
529.11	289.00
529.31	229.00
529.50	231.00
529.70	212.00
529.90	194.00
530.10	223.00
530.29	235.00
530.49	192.00
530.69	218.00
530.89	263.00
531.09	256.00
531.28	295.00
531.48	248.00
531.68	211.00
531.88	232.00
532.07	238.00
532.27	278.00
532.47	292.00
532.67	262.00
532.86	284.00
533.06	269.00
533.26	281.00
533.46	256.00
533.65	239.00
533.85	264.00
534.05	261.00
534.25	211.00
534.44	244.00
534.64	279.00
534.84	290.00
535.04	313.00
535.23	310.00
535.43	332.00
535.63	241.00
535.83	263.00
536.02	317.00
536.22	291.00
536.42	318.00
536.62	355.00
536.81	352.00
537.01	332.00
537.21	302.00
537.41	295.00
537.60	313.00
537.80	324.00
538.00	316.00
538.20	347.00
538.39	369.00
538.59	422.00
538.79	356.00
538.99	292.00
539.18	291.00
539.38	357.00
539.58	315.00
539.77	322.00
539.97	320.00
540.17	315.00
540.37	373.00
540.56	346.00
540.76	315.00
540.96	278.00
541.16	341.00
541.35	326.00
541.55	289.00
541.75	357.00
541.94	317.00
542.14	346.00
542.34	409.00
542.54	414.00
542.73	399.00
542.93	358.00
543.13	361.00
543.33	391.00
543.52	359.00
543.72	351.00
543.92	393.00
544.11	395.00
544.31	357.00
544.51	334.00
544.71	305.00
544.90	402.00
545.10	344.00
545.30	335.00
545.49	347.00
545.69	327.00
545.89	319.00
546.09	338.00
546.28	437.00
546.48	489.00
546.68	436.00
546.87	419.00
547.07	423.00
547.27	431.00
547.47	327.00
547.66	344.00
547.86	361.00
548.06	340.00
548.25	326.00
548.45	404.00
548.65	480.00
548.84	437.00
549.04	482.00
549.24	479.00
549.44	398.00
549.63	444.00
549.83	425.00
550.03	399.00
550.22	456.00
550.42	459.00
550.62	418.00
550.81	440.00
551.01	466.00
551.21	392.00
551.41	346.00
551.60	315.00
551.80	326.00
552.00	367.00
552.19	338.00
552.39	349.00
552.59	382.00
552.78	457.00
552.98	400.00
553.18	375.00
553.37	422.00
553.57	413.00
553.77	397.00
553.96	398.00
554.16	412.00
554.36	367.00
554.56	340.00
554.75	380.00
554.95	409.00
555.15	472.00
555.34	451.00
555.54	362.00
555.74	406.00
555.93	467.00
556.13	326.00
556.33	309.00
556.52	393.00
556.72	401.00
556.92	397.00
557.11	371.00
557.31	437.00
557.51	389.00
557.70	351.00
557.90	345.00
558.10	344.00
558.29	280.00
558.49	267.00
558.69	306.00
558.88	298.00
559.08	312.00
559.28	356.00
559.47	356.00
559.67	377.00
559.87	349.00
560.06	350.00
560.26	400.00
560.46	368.00
560.65	385.00
560.85	356.00
561.05	363.00
561.24	328.00
561.44	370.00
561.64	326.00
561.83	376.00
562.03	356.00
562.23	312.00
562.42	323.00
562.62	333.00
562.82	340.00
563.01	322.00
563.21	326.00
563.40	371.00
563.60	406.00
563.80	378.00
563.99	317.00
564.19	311.00
564.39	358.00
564.58	373.00
564.78	307.00
564.98	355.00
565.17	408.00
565.37	385.00
565.57	437.00
565.76	402.00
565.96	407.00
566.16	384.00
566.35	342.00
566.55	346.00
566.74	355.00
566.94	349.00
567.14	384.00
567.33	391.00
567.53	377.00
567.73	417.00
567.92	472.00
568.12	428.00
568.32	398.00
568.51	399.00
568.71	372.00
568.90	416.00
569.10	380.00
569.30	369.00
569.49	439.00
569.69	468.00
569.89	458.00
570.08	470.00
570.28	454.00
570.47	457.00
570.67	452.00
570.87	455.00
571.06	423.00
571.26	363.00
571.46	402.00
571.65	478.00
571.85	418.00
572.04	383.00
572.24	391.00
572.44	427.00
572.63	407.00
572.83	451.00
573.03	432.00
573.22	410.00
573.42	443.00
573.61	529.00
573.81	511.00
574.01	520.00
574.20	479.00
574.40	437.00
574.59	466.00
574.79	511.00
574.99	478.00
575.18	505.00
575.38	514.00
575.58	537.00
575.77	501.00
575.97	575.00
576.16	567.00
576.36	525.00
576.56	567.00
576.75	623.00
576.95	646.00
577.14	610.00
577.34	629.00
577.54	649.00
577.73	612.00
577.93	591.00
578.12	677.00
578.32	669.00
578.52	650.00
578.71	682.00
578.91	618.00
579.10	632.00
579.30	665.00
579.50	641.00
579.69	661.00
579.89	717.00
580.08	712.00
580.28	681.00
580.48	746.00
580.67	796.00
580.87	766.00
581.06	756.00
581.26	761.00
581.45	807.00
581.65	786.00
581.85	789.00
582.04	762.00
582.24	778.00
582.43	784.00
582.63	841.00
582.83	841.00
583.02	847.00
583.22	831.00
583.41	886.00
583.61	915.00
583.80	927.00
584.00	917.00
584.20	1002.00
584.39	1001.00
584.59	938.00
584.78	995.00
584.98	988.00
585.17	1021.00
585.37	982.00
585.57	965.00
585.76	991.00
585.96	1030.00
586.15	910.00
586.35	915.00
586.54	980.00
586.74	1045.00
586.94	1033.00
587.13	1159.00
587.33	1175.00
587.52	1130.00
587.72	1103.00
587.91	1098.00
588.11	1182.00
588.31	1115.00
588.50	1131.00
588.70	1214.00
588.89	1225.00
589.09	1275.00
589.28	1273.00
589.48	1209.00
589.68	1189.00
589.87	1137.00
590.07	1198.00
590.26	1252.00
590.46	1253.00
590.65	1344.00
590.85	1274.00
591.04	1281.00
591.24	1370.00
591.44	1331.00
591.63	1384.00
591.83	1335.00
592.02	1300.00
592.22	1431.00
592.41	1400.00
592.61	1362.00
592.80	1347.00
593.00	1488.00
593.19	1556.00
593.39	1526.00
593.59	1467.00
593.78	1540.00
593.98	1560.00
594.17	1544.00
594.37	1515.00
594.56	1473.00
594.76	1510.00
594.95	1510.00
595.15	1418.00
595.34	1450.00
595.54	1562.00
595.73	1601.00
595.93	1555.00
596.13	1553.00
596.32	1631.00
596.52	1657.00
596.71	1645.00
596.91	1614.00
597.10	1664.00
597.30	1640.00
597.49	1662.00
597.69	1623.00
597.88	1609.00
598.08	1612.00
598.27	1718.00
598.47	1727.00
598.66	1731.00
598.86	1763.00
599.06	1774.00
599.25	1697.00
599.45	1691.00
599.64	1768.00
599.84	1780.00
600.03	1723.00
600.23	1687.00
600.42	1739.00
600.62	1794.00
600.81	1704.00
601.01	1726.00
601.20	1695.00
601.40	1725.00
601.59	1761.00
601.79	1684.00
601.98	1671.00
602.18	1717.00
602.37	1746.00
602.57	1669.00
602.76	1732.00
602.96	1753.00
603.15	1745.00
603.35	1723.00
603.54	1758.00
603.74	1810.00
603.93	1814.00
604.13	1713.00
604.32	1814.00
604.52	1835.00
604.71	1739.00
604.91	1805.00
605.10	1853.00
605.30	1747.00
605.49	1721.00
605.69	1787.00
605.88	1789.00
606.08	1773.00
606.27	1794.00
606.47	1760.00
606.66	1822.00
606.86	1810.00
607.05	1771.00
607.25	1681.00
607.44	1742.00
607.64	1865.00
607.83	1835.00
608.03	1841.00
608.22	1827.00
608.42	1771.00
608.61	1836.00
608.81	1791.00
609.00	1832.00
609.20	1905.00
609.39	1968.00
609.59	1942.00
609.78	2006.00
609.98	2110.00
610.17	2272.00
610.37	2406.00
610.56	2577.00
610.76	2741.00
610.95	2831.00
611.15	2940.00
611.34	3115.00
611.54	3087.00
611.73	2964.00
611.93	2830.00
612.12	2672.00
612.32	2389.00
612.51	2234.00
612.71	2166.00
612.90	2033.00
613.09	2102.00
613.29	2089.00
613.48	2009.00
613.68	2125.00
613.87	2126.00
614.07	1917.00
614.26	1962.00
614.46	2130.00
614.65	2100.00
614.85	2027.00
615.04	1983.00
615.24	2007.00
615.43	2045.00
615.63	2006.00
615.82	1932.00
616.02	1824.00
616.21	1813.00
616.40	1797.00
616.60	1827.00
616.79	1768.00
616.99	1798.00
617.18	1778.00
617.38	1804.00
617.57	1793.00
617.77	1832.00
617.96	1801.00
618.16	1807.00
618.35	1866.00
618.54	1785.00
618.74	1792.00
618.93	1769.00
619.13	1799.00
619.32	1897.00
619.52	1903.00
619.71	1850.00
619.91	1845.00
620.10	1871.00
620.30	1843.00
620.49	1887.00
620.68	1825.00
620.88	1845.00
621.07	1901.00
621.27	1923.00
621.46	1943.00
621.66	1888.00
621.85	1855.00
622.05	1846.00
622.24	1891.00
622.43	1948.00
622.63	1950.00
622.82	1968.00
623.02	1955.00
623.21	2001.00
623.41	2020.00
623.60	2013.00
623.80	2000.00
623.99	1937.00
624.18	1980.00
624.38	1948.00
624.57	2017.00
624.77	2036.00
624.96	1958.00
625.16	1984.00
625.35	2106.00
625.54	2114.00
625.74	2094.00
625.93	2107.00
626.13	2078.00
626.32	2067.00
626.52	2013.00
626.71	2053.00
626.90	2076.00
627.10	2083.00
627.29	2089.00
627.49	2077.00
627.68	2108.00
627.88	2120.00
628.07	2087.00
628.26	2147.00
628.46	2189.00
628.65	2100.00
628.85	2136.00
629.04	2144.00
629.23	2170.00
629.43	2175.00
629.62	2118.00
629.82	2240.00
630.01	2198.00
630.21	2177.00
630.40	2260.00
630.59	2297.00
630.79	2334.00
630.98	2297.00
631.18	2323.00
631.37	2416.00
631.56	2410.00
631.76	2433.00
631.95	2429.00
632.15	2427.00
632.34	2358.00
632.53	2301.00
632.73	2275.00
632.92	2325.00
633.12	2319.00
633.31	2271.00
633.50	2254.00
633.70	2311.00
633.89	2342.00
634.09	2310.00
634.28	2307.00
634.47	2245.00
634.67	2316.00
634.86	2401.00
635.06	2363.00
635.25	2363.00
635.44	2370.00
635.64	2346.00
635.83	2369.00
636.03	2348.00
636.22	2419.00
636.41	2503.00
636.61	2455.00
636.80	2490.00
637.00	2460.00
637.19	2471.00
637.38	2460.00
637.58	2516.00
637.77	2609.00
637.96	2560.00
638.16	2569.00
638.35	2660.00
638.55	2614.00
638.74	2675.00
638.93	2698.00
639.13	2584.00
639.32	2640.00
639.51	2713.00
639.71	2667.00
639.90	2615.00
640.10	2526.00
640.29	2586.00
640.48	2667.00
640.68	2676.00
640.87	2713.00
641.07	2759.00
641.26	2803.00
641.45	2826.00
641.65	2718.00
641.84	2740.00
642.03	2860.00
642.23	2832.00
642.42	2837.00
642.61	2887.00
642.81	2930.00
643.00	2862.00
643.20	2822.00
643.39	2838.00
643.58	2885.00
643.78	2873.00
643.97	2937.00
644.16	2905.00
644.36	2871.00
644.55	2911.00
644.74	2994.00
644.94	3030.00
645.13	2985.00
645.33	2996.00
645.52	3109.00
645.71	3145.00
645.91	3061.00
646.10	3059.00
646.29	3002.00
646.49	3030.00
646.68	3061.00
646.87	3121.00
647.07	3022.00
647.26	3119.00
647.45	3165.00
647.65	3096.00
647.84	3123.00
648.03	3211.00
648.23	3215.00
648.42	3200.00
648.62	3172.00
648.81	3274.00
649.00	3241.00
649.20	3219.00
649.39	3196.00
649.58	3158.00
649.78	3137.00
649.97	3200.00
650.16	3289.00
650.36	3248.00
650.55	3231.00
650.74	3345.00
650.94	3364.00
651.13	3315.00
651.32	3260.00
651.52	3302.00
651.71	3354.00
651.90	3370.00
652.10	3254.00
652.29	3270.00
652.48	3257.00
652.68	3295.00
652.87	3221.00
653.06	3329.00
653.26	3253.00
653.45	3277.00
653.64	3266.00
653.84	3289.00
654.03	3256.00
654.22	3272.00
654.42	3265.00
654.61	3251.00
654.80	3223.00
654.99	3282.00
655.19	3300.00
655.38	3308.00
655.57	3259.00
655.77	3342.00
655.96	3347.00
656.15	3250.00
656.35	3340.00
656.54	3368.00
656.73	3353.00
656.93	3267.00
657.12	3211.00
657.31	3254.00
657.51	3196.00
657.70	3216.00
657.89	3281.00
658.09	3342.00
658.28	3311.00
658.47	3310.00
658.66	3346.00
658.86	3345.00
659.05	3309.00
659.24	3273.00
659.44	3259.00
659.63	3239.00
659.82	3263.00
660.02	3278.00
660.21	3339.00
660.40	3253.00
660.60	3214.00
660.79	3261.00
660.98	3323.00
661.17	3361.00
661.37	3273.00
661.56	3241.00
661.75	3297.00
661.95	3323.00
662.14	3317.00
662.33	3270.00
662.52	3203.00
662.72	3351.00
662.91	3404.00
663.10	3300.00
663.30	3259.00
663.49	3209.00
663.68	3212.00
663.88	3220.00
664.07	3148.00
664.26	3151.00
664.45	3198.00
664.65	3100.00
664.84	3024.00
665.03	3060.00
665.23	3084.00
665.42	3059.00
665.61	3102.00
665.80	3104.00
666.00	3132.00
666.19	3128.00
666.38	3182.00
666.57	3155.00
666.77	3118.00
666.96	3140.00
667.15	3146.00
667.35	3173.00
667.54	3114.00
667.73	3125.00
667.92	2996.00
668.12	2925.00
668.31	3043.00
668.50	3101.00
668.70	3118.00
668.89	3088.00
669.08	3045.00
669.27	2978.00
669.47	3020.00
669.66	3069.00
669.85	2950.00
670.04	3012.00
670.24	3151.00
670.43	3102.00
670.62	2954.00
670.81	2971.00
671.01	3094.00
671.20	3078.00
671.39	3045.00
671.58	2993.00
671.78	2994.00
671.97	3007.00
672.16	2945.00
672.36	3005.00
672.55	3016.00
672.74	2973.00
672.93	2951.00
673.13	2983.00
673.32	2888.00
673.51	2836.00
673.70	2904.00
673.90	2868.00
674.09	2940.00
674.28	2912.00
674.47	2856.00
674.67	2912.00
674.86	2930.00
675.05	2856.00
675.24	2876.00
675.44	2920.00
675.63	2874.00
675.82	2915.00
676.01	2900.00
676.21	2904.00
676.40	2902.00
676.59	2883.00
676.78	2809.00
676.97	2830.00
677.17	2804.00
677.36	2757.00
677.55	2717.00
677.74	2811.00
677.94	2927.00
678.13	2860.00
678.32	2940.00
678.51	2924.00
678.71	2920.00
678.90	2876.00
679.09	2774.00
679.28	2728.00
679.48	2772.00
679.67	2894.00
679.86	2926.00
680.05	2887.00
680.24	2852.00
680.44	2714.00
680.63	2735.00
680.82	2807.00
681.01	2695.00
681.21	2744.00
681.40	2745.00
681.59	2734.00
681.78	2725.00
681.97	2701.00
682.17	2668.00
682.36	2681.00
682.55	2727.00
682.74	2771.00
682.94	2764.00
683.13	2800.00
683.32	2834.00
683.51	2768.00
683.70	2836.00
683.90	2812.00
684.09	2806.00
684.28	2803.00
684.47	2850.00
684.66	2740.00
684.86	2698.00
685.05	2707.00
685.24	2659.00
685.43	2679.00
685.63	2696.00
685.82	2679.00
686.01	2769.00
686.20	2774.00
686.39	2674.00
686.59	2626.00
686.78	2660.00
686.97	2773.00
687.16	2795.00
687.35	2815.00
687.55	2853.00
687.74	2856.00
687.93	2788.00
688.12	2874.00
688.31	2834.00
688.51	2751.00
688.70	2682.00
688.89	2746.00
689.08	2739.00
689.27	2705.00
689.47	2749.00
689.66	2667.00
689.85	2705.00
690.04	2684.00
690.23	2666.00
690.42	2702.00
690.62	2721.00
690.81	2669.00
691.00	2686.00
691.19	2771.00
691.38	2787.00
691.58	2721.00
691.77	2722.00
691.96	2821.00
692.15	2815.00
692.34	2751.00
692.54	2734.00
692.73	2711.00
692.92	2668.00
693.11	2800.00
693.30	2838.00
693.49	2791.00
693.69	2687.00
693.88	2702.00
694.07	2754.00
694.26	2809.00
694.45	2801.00
694.64	2675.00
694.84	2641.00
695.03	2679.00
695.22	2784.00
695.41	2788.00
695.60	2754.00
695.80	2743.00
695.99	2803.00
696.18	2830.00
696.37	2788.00
696.56	2767.00
696.75	2851.00
696.95	2826.00
697.14	2731.00
697.33	2806.00
697.52	2895.00
697.71	2835.00
697.90	2809.00
698.09	2788.00
698.29	2791.00
698.48	2794.00
698.67	2837.00
698.86	2847.00
699.05	2738.00
699.24	2770.00
699.44	2831.00
699.63	2855.00
699.82	2801.00
700.01	2759.00
700.20	2753.00
700.39	2800.00
700.58	2737.00
700.78	2722.00
700.97	2821.00
701.16	2862.00
701.35	2866.00
701.54	2995.00
701.73	3031.00
701.93	2946.00
702.12	2929.00
702.31	2991.00
702.50	2954.00
702.69	2943.00
702.88	3029.00
703.07	3018.00
703.27	3008.00
703.46	2975.00
703.65	2902.00
703.84	2931.00
704.03	3031.00
704.22	3050.00
704.41	3066.00
704.60	3077.00
704.80	3032.00
704.99	2965.00
705.18	3025.00
705.37	3043.00
705.56	3048.00
705.75	2988.00
705.94	3029.00
706.14	3048.00
706.33	3116.00
706.52	3234.00
706.71	3188.00
706.90	3192.00
707.09	3190.00
707.28	3204.00
707.47	3269.00
707.67	3294.00
707.86	3240.00
708.05	3273.00
708.24	3270.00
708.43	3268.00
708.62	3301.00
708.81	3322.00
709.00	3230.00
709.20	3311.00
709.39	3352.00
709.58	3329.00
709.77	3293.00
709.96	3303.00
710.15	3272.00
710.34	3236.00
710.53	3224.00
710.72	3305.00
710.92	3304.00
711.11	3208.00
711.30	3252.00
711.49	3372.00
711.68	3351.00
711.87	3380.00
712.06	3404.00
712.25	3516.00
712.44	3484.00
712.64	3492.00
712.83	3562.00
713.02	3508.00
713.21	3534.00
713.40	3566.00
713.59	3446.00
713.78	3415.00
713.97	3394.00
714.16	3415.00
714.35	3491.00
714.55	3473.00
714.74	3459.00
714.93	3511.00
715.12	3404.00
715.31	3432.00
715.50	3467.00
715.69	3588.00
715.88	3583.00
716.07	3564.00
716.26	3572.00
716.45	3591.00
716.65	3592.00
716.84	3576.00
717.03	3474.00
717.22	3444.00
717.41	3506.00
717.60	3552.00
717.79	3562.00
717.98	3521.00
718.17	3592.00
718.36	3621.00
718.55	3618.00
718.75	3627.00
718.94	3608.00
719.13	3622.00
719.32	3657.00
719.51	3671.00
719.70	3620.00
719.89	3672.00
720.08	3667.00
720.27	3661.00
720.46	3612.00
720.65	3676.00
720.84	3716.00
721.03	3700.00
721.22	3647.00
721.42	3652.00
721.61	3626.00
721.80	3718.00
721.99	3650.00
722.18	3603.00
722.37	3612.00
722.56	3633.00
722.75	3653.00
722.94	3663.00
723.13	3657.00
723.32	3592.00
723.51	3602.00
723.70	3739.00
723.89	3754.00
724.08	3641.00
724.28	3732.00
724.47	3713.00
724.66	3660.00
724.85	3711.00
725.04	3641.00
725.23	3648.00
725.42	3735.00
725.61	3732.00
725.80	3758.00
725.99	3637.00
726.18	3646.00
726.37	3741.00
726.56	3802.00
726.75	3753.00
726.94	3712.00
727.13	3677.00
727.32	3650.00
727.51	3681.00
727.71	3689.00
727.90	3722.00
728.09	3706.00
728.28	3683.00
728.47	3791.00
728.66	3685.00
728.85	3593.00
729.04	3639.00
729.23	3704.00
729.42	3700.00
729.61	3750.00
729.80	3667.00
729.99	3670.00
730.18	3642.00
730.37	3562.00
730.56	3539.00
730.75	3613.00
730.94	3663.00
731.13	3639.00
731.32	3713.00
731.51	3697.00
731.70	3699.00
731.89	3658.00
732.08	3748.00
732.27	3693.00
732.46	3654.00
732.65	3749.00
732.84	3621.00
733.04	3598.00
733.23	3720.00
733.42	3629.00
733.61	3569.00
733.80	3615.00
733.99	3635.00
734.18	3638.00
734.37	3672.00
734.56	3727.00
734.75	3633.00
734.94	3647.00
735.13	3719.00
735.32	3614.00
735.51	3608.00
735.70	3592.00
735.89	3546.00
736.08	3557.00
736.27	3535.00
736.46	3518.00
736.65	3460.00
736.84	3511.00
737.03	3526.00
737.22	3516.00
737.41	3525.00
737.60	3526.00
737.79	3547.00
737.98	3471.00
738.17	3562.00
738.36	3555.00
738.55	3525.00
738.74	3542.00
738.93	3627.00
739.12	3681.00
739.31	3534.00
739.50	3641.00
739.69	3631.00
739.88	3517.00
740.07	3476.00
740.26	3525.00
740.45	3497.00
740.64	3428.00
740.83	3399.00
741.02	3406.00
741.21	3420.00
741.40	3368.00
741.59	3376.00
741.78	3292.00
741.97	3351.00
742.16	3384.00
742.35	3412.00
742.54	3340.00
742.73	3296.00
742.92	3272.00
743.11	3266.00
743.30	3266.00
743.49	3284.00
743.68	3320.00
743.87	3320.00
744.06	3273.00
744.25	3269.00
744.44	3224.00
744.63	3322.00
744.82	3372.00
745.01	3300.00
745.20	3201.00
745.39	3148.00
745.58	3193.00
745.77	3274.00
745.96	3184.00
746.15	3185.00
746.34	3148.00
746.52	3112.00
746.71	3187.00
746.90	3272.00
747.09	3232.00
747.28	3214.00
747.47	3250.00
747.66	3180.00
747.85	3150.00
748.04	3090.00
748.23	3065.00
748.42	3067.00
748.61	3068.00
748.80	3097.00
748.99	3131.00
749.18	3044.00
749.37	3065.00
749.56	3064.00
749.75	3091.00
749.94	3039.00
750.13	2992.00
750.32	3064.00
750.51	3042.00
750.70	3040.00
750.89	2980.00
751.08	3004.00
751.27	3004.00
751.46	2991.00
751.64	2974.00
751.83	2964.00
752.02	2968.00
752.21	2912.00
752.40	2839.00
752.59	2937.00
752.78	3046.00
752.97	3002.00
753.16	2956.00
753.35	2972.00
753.54	2994.00
753.73	2989.00
753.92	2907.00
754.11	2848.00
754.30	2824.00
754.49	2867.00
754.68	2805.00
754.87	2804.00
755.06	2848.00
755.24	2842.00
755.43	2804.00
755.62	2889.00
755.81	2854.00
756.00	2844.00
756.19	2797.00
756.38	2842.00
756.57	2825.00
756.76	2779.00
756.95	2758.00
757.14	2759.00
757.33	2797.00
757.52	2826.00
757.71	2780.00
757.90	2817.00
758.08	2795.00
758.27	2710.00
758.46	2697.00
758.65	2712.00
758.84	2703.00
759.03	2720.00
759.22	2749.00
759.41	2695.00
759.60	2648.00
759.79	2731.00
759.98	2776.00
760.17	2712.00
760.36	2700.00
760.54	2664.00
760.73	2709.00
760.92	2662.00
761.11	2584.00
761.30	2658.00
761.49	2668.00
761.68	2560.00
761.87	2503.00
762.06	2554.00
762.25	2541.00
762.44	2506.00
762.63	2380.00
762.81	2367.00
763.00	2425.00
763.19	2391.00
763.38	2273.00
763.57	2254.00
763.76	2296.00
763.95	2278.00
764.14	2279.00
764.33	2280.00
764.52	2283.00
764.71	2308.00
764.89	2319.00
765.08	2298.00
765.27	2288.00
765.46	2327.00
765.65	2378.00
765.84	2372.00
766.03	2361.00
766.22	2346.00
766.41	2397.00
766.59	2453.00
766.78	2434.00
766.97	2430.00
767.16	2471.00
767.35	2491.00
767.54	2448.00
767.73	2477.00
767.92	2497.00
768.11	2567.00
768.30	2587.00
768.48	2536.00
768.67	2521.00
768.86	2559.00
769.05	2589.00
769.24	2509.00
769.43	2568.00
769.62	2602.00
769.81	2572.00
769.99	2556.00
770.18	2626.00
770.37	2700.00
770.56	2657.00
770.75	2620.00
770.94	2616.00
771.13	2635.00
771.32	2570.00
771.50	2575.00
771.69	2634.00
771.88	2620.00
772.07	2584.00
772.26	2517.00
772.45	2540.00
772.64	2577.00
772.83	2570.00
773.01	2578.00
773.20	2589.00
773.39	2516.00
773.58	2459.00
773.77	2453.00
773.96	2443.00
774.15	2504.00
774.34	2468.00
774.52	2488.00
774.71	2437.00
774.90	2462.00
775.09	2528.00
775.28	2514.00
775.47	2526.00
775.66	2449.00
775.84	2459.00
776.03	2482.00
776.22	2577.00
776.41	2501.00
776.60	2548.00
776.79	2535.00
776.98	2495.00
777.16	2534.00
777.35	2510.00
777.54	2482.00
777.73	2459.00
777.92	2402.00
778.11	2439.00
778.29	2535.00
778.48	2547.00
778.67	2475.00
778.86	2425.00
779.05	2430.00
779.24	2428.00
779.43	2515.00
779.61	2568.00
779.80	2593.00
779.99	2529.00
780.18	2452.00
780.37	2512.00
780.56	2578.00
780.74	2514.00
780.93	2490.00
781.12	2508.00
781.31	2534.00
781.50	2523.00
781.69	2489.00
781.87	2497.00
782.06	2500.00
782.25	2565.00
782.44	2590.00
782.63	2523.00
782.82	2476.00
783.00	2502.00
783.19	2563.00
783.38	2567.00
783.57	2534.00
783.76	2586.00
783.95	2701.00
784.13	2668.00
784.32	2588.00
784.51	2617.00
784.70	2623.00
784.89	2582.00
785.08	2586.00
785.26	2510.00
785.45	2540.00
785.64	2505.00
785.83	2555.00
786.02	2651.00
786.20	2727.00
786.39	2644.00
786.58	2569.00
786.77	2551.00
786.96	2577.00
787.15	2620.00
787.33	2616.00
787.52	2607.00
787.71	2600.00
787.90	2555.00
788.09	2584.00
788.27	2666.00
788.46	2626.00
788.65	2640.00
788.84	2633.00
789.03	2562.00
789.21	2643.00
789.40	2655.00
789.59	2694.00
789.78	2651.00
789.97	2651.00
790.15	2693.00
790.34	2710.00
790.53	2679.00
790.72	2748.00
790.91	2768.00
791.09	2633.00
791.28	2619.00
791.47	2719.00
791.66	2794.00
791.85	2788.00
792.03	2763.00
792.22	2737.00
792.41	2710.00
792.60	2777.00
792.79	2752.00
792.97	2701.00
793.16	2708.00
793.35	2751.00
793.54	2814.00
793.72	2708.00
793.91	2738.00
794.10	2828.00
794.29	2793.00
794.48	2785.00
794.66	2810.00
794.85	2871.00
795.04	2850.00
795.23	2808.00
795.42	2857.00
795.60	2883.00
795.79	2851.00
795.98	2841.00
796.17	2770.00
796.35	2859.00
796.54	2846.00
796.73	2786.00
796.92	2819.00
797.11	2809.00
797.29	2819.00
797.48	2769.00
797.67	2711.00
797.86	2708.00
798.04	2667.00
798.23	2802.00
798.42	2817.00
798.61	2741.00
798.79	2754.00
798.98	2782.00
799.17	2839.00
799.36	2850.00
799.54	2820.00
799.73	2805.00
799.92	2793.00
800.11	2796.00
800.30	2843.00
800.48	2782.00
800.67	2803.00
800.86	2844.00
801.05	2874.00
801.23	2867.00
801.42	2809.00
801.61	2758.00
801.80	2776.00
801.98	2845.00
802.17	2846.00
802.36	2817.00
802.55	2867.00
802.73	2876.00
802.92	2824.00
803.11	2831.00
803.30	2844.00
803.48	2912.00
803.67	2890.00
803.86	2786.00
804.05	2819.00
804.23	2844.00
804.42	2848.00
804.61	2853.00
804.80	2815.00
804.98	2817.00
805.17	2892.00
805.36	2888.00
805.54	2883.00
805.73	2828.00
805.92	2833.00
806.11	2918.00
806.29	2880.00
806.48	2835.00
806.67	2848.00
806.86	2850.00
807.04	2827.00
807.23	2818.00
807.42	2860.00
807.61	2900.00
807.79	2939.00
807.98	2922.00
808.17	2897.00
808.35	2890.00
808.54	2838.00
808.73	2864.00
808.92	2861.00
809.10	2827.00
809.29	2801.00
809.48	2911.00
809.67	2852.00
809.85	2820.00
810.04	2865.00
810.23	2799.00
810.41	2760.00
810.60	2788.00
810.79	2766.00
810.98	2822.00
811.16	2908.00
811.35	2934.00
811.54	2930.00
811.72	2827.00
811.91	2823.00
812.10	2770.00
812.29	2829.00
812.47	2897.00
812.66	2844.00
812.85	2799.00
813.03	2847.00
813.22	2859.00
813.41	2799.00
813.60	2740.00
813.78	2729.00
813.97	2771.00
814.16	2776.00
814.34	2749.00
814.53	2780.00
814.72	2895.00
814.90	2849.00
815.09	2834.00
815.28	2776.00
815.47	2836.00
815.65	2856.00
815.84	2807.00
816.03	2837.00
816.21	2824.00
816.40	2878.00
816.59	2896.00
816.77	2866.00
816.96	2832.00
817.15	2808.00
817.33	2927.00
817.52	2948.00
817.71	2873.00
817.90	2830.00
818.08	2868.00
818.27	2928.00
818.46	2926.00
818.64	2803.00
818.83	2849.00
819.02	2878.00
819.20	2858.00
819.39	2757.00
819.58	2733.00
819.76	2742.00
819.95	2721.00
820.14	2829.00
820.32	2824.00
820.51	2801.00
820.70	2771.00
820.88	2858.00
821.07	2894.00
821.26	2832.00
821.44	2879.00
821.63	2896.00
821.82	2931.00
822.01	2877.00
822.19	2836.00
822.38	2837.00
822.57	2796.00
822.75	2771.00
822.94	2797.00
823.13	2784.00
823.31	2813.00
823.50	2784.00
823.69	2825.00
823.87	2836.00
824.06	2832.00
824.25	2854.00
824.43	2818.00
824.62	2762.00
824.80	2764.00
824.99	2838.00
825.18	2885.00
825.36	2787.00
825.55	2803.00
825.74	2822.00
825.92	2687.00
826.11	2792.00
826.30	2812.00
826.48	2880.00
826.67	2871.00
826.86	2819.00
827.04	2746.00
827.23	2800.00
827.42	2806.00
827.60	2749.00
827.79	2741.00
827.98	2721.00
828.16	2724.00
828.35	2689.00
828.54	2638.00
828.72	2654.00
828.91	2670.00
829.09	2632.00
829.28	2633.00
829.47	2705.00
829.65	2667.00
829.84	2655.00
830.03	2690.00
830.21	2649.00
830.40	2642.00
830.59	2701.00
830.77	2717.00
830.96	2685.00
831.14	2734.00
831.33	2761.00
831.52	2657.00
831.70	2593.00
831.89	2575.00
832.08	2611.00
832.26	2569.00
832.45	2674.00
832.64	2731.00
832.82	2678.00
833.01	2635.00
833.19	2638.00
833.38	2637.00
833.57	2559.00
833.75	2581.00
833.94	2632.00
834.13	2633.00
834.31	2578.00
834.50	2691.00
834.68	2629.00
834.87	2566.00
835.06	2641.00
835.24	2695.00
835.43	2660.00
835.61	2554.00
835.80	2663.00
835.99	2614.00
836.17	2590.00
836.36	2638.00
836.55	2603.00
836.73	2584.00
836.92	2561.00
837.10	2531.00
837.29	2499.00
837.48	2505.00
837.66	2566.00
837.85	2585.00
838.03	2635.00
838.22	2580.00
838.41	2591.00
838.59	2549.00
838.78	2498.00
838.96	2564.00
839.15	2604.00
839.34	2556.00
839.52	2574.00
839.71	2569.00
839.89	2504.00
840.08	2502.00
840.27	2576.00
840.45	2499.00
840.64	2485.00
840.82	2498.00
841.01	2465.00
841.20	2464.00
841.38	2451.00
841.57	2400.00
841.75	2447.00
841.94	2452.00
842.13	2510.00
842.31	2498.00
842.50	2428.00
842.68	2444.00
842.87	2378.00
843.05	2413.00
843.24	2463.00
843.43	2386.00
843.61	2394.00
843.80	2475.00
843.98	2472.00
844.17	2412.00
844.36	2359.00
844.54	2359.00
844.73	2311.00
844.91	2322.00
845.10	2274.00
845.28	2261.00
845.47	2289.00
845.66	2357.00
845.84	2287.00
846.03	2349.00
846.21	2302.00
846.40	2213.00
846.58	2340.00
846.77	2326.00
846.96	2288.00
847.14	2271.00
847.33	2233.00
847.51	2244.00
847.70	2267.00
847.88	2262.00
848.07	2378.00
848.25	2358.00
848.44	2272.00
848.63	2177.00
848.81	2177.00
849.00	2255.00
849.18	2345.00
849.37	2270.00
849.55	2253.00
849.74	2251.00
849.93	2220.00
850.11	2206.00
850.30	2219.00
850.48	2190.00
850.67	2153.00
850.85	2148.00
851.04	2257.00
851.22	2267.00
851.41	2141.00
851.59	2136.00
851.78	2146.00
851.97	2169.00
852.15	2158.00
852.34	2179.00
852.52	2246.00
852.71	2205.00
852.89	2145.00
853.08	2151.00
853.26	2174.00
853.45	2135.00
853.63	2208.00
853.82	2258.00
854.01	2226.00
854.19	2173.00
854.38	2172.00
854.56	2146.00
854.75	2125.00
854.93	2177.00
855.12	2171.00
855.30	2144.00
855.49	2123.00
855.67	2113.00
855.86	2079.00
856.04	2112.00
856.23	2122.00
856.41	2075.00
856.60	2037.00
856.79	2061.00
856.97	2096.00
857.16	2083.00
857.34	2101.00
857.53	2152.00
857.71	2149.00
857.90	2140.00
858.08	2171.00
858.27	2059.00
858.45	2010.00
858.64	2020.00
858.82	1980.00
859.01	2053.00
859.19	2067.00
859.38	2075.00
859.56	2116.00
859.75	2106.00
859.93	2021.00
860.12	1939.00
860.30	2041.00
860.49	2048.00
860.67	1993.00
860.86	1993.00
861.04	1965.00
861.23	1942.00
861.41	1988.00
861.60	1980.00
861.78	1930.00
861.97	1963.00
862.15	1897.00
862.34	1906.00
862.53	1962.00
862.71	1971.00
862.90	1951.00
863.08	2023.00
863.27	2039.00
863.45	1915.00
863.64	1883.00
863.82	2005.00
864.01	1956.00
864.19	1897.00
864.37	1935.00
864.56	1905.00
864.74	1886.00
864.93	1872.00
865.11	1813.00
865.30	1799.00
865.48	1889.00
865.67	1821.00
865.85	1824.00
866.04	1855.00
866.22	1849.00
866.41	1852.00
866.59	1771.00
866.78	1744.00
866.96	1805.00
867.15	1759.00
867.33	1872.00
867.52	1872.00
867.70	1774.00
867.89	1802.00
868.07	1821.00
868.26	1828.00
868.44	1866.00
868.63	1791.00
868.81	1703.00
869.00	1787.00
869.18	1720.00
869.37	1757.00
869.55	1725.00
869.74	1760.00
869.92	1819.00
870.10	1830.00
870.29	1792.00
870.47	1752.00
870.66	1778.00
870.84	1727.00
871.03	1717.00
871.21	1746.00
871.40	1696.00
871.58	1697.00
871.77	1695.00
871.95	1750.00
872.14	1769.00
872.32	1750.00
872.51	1704.00
872.69	1636.00
872.87	1681.00
873.06	1729.00
873.24	1667.00
873.43	1652.00
873.61	1714.00
873.80	1692.00
873.98	1690.00
874.17	1655.00
874.35	1700.00
874.54	1735.00
874.72	1736.00
874.90	1731.00
875.09	1729.00
875.27	1680.00
875.46	1645.00
875.64	1668.00
875.83	1631.00
876.01	1686.00
876.20	1690.00
876.38	1613.00
876.56	1674.00
876.75	1611.00
876.93	1527.00
877.12	1605.00
877.30	1637.00
877.49	1643.00
877.67	1647.00
877.86	1663.00
878.04	1638.00
878.22	1669.00
878.41	1672.00
878.59	1657.00
878.78	1625.00
878.96	1591.00
879.15	1638.00
879.33	1640.00
879.51	1532.00
879.70	1569.00
879.88	1599.00
880.07	1657.00
880.25	1606.00
880.44	1624.00
880.62	1676.00
880.80	1619.00
880.99	1576.00
881.17	1623.00
881.36	1616.00
881.54	1602.00
881.73	1606.00
881.91	1620.00
882.09	1587.00
882.28	1570.00
882.46	1655.00
882.65	1661.00
882.83	1614.00
883.02	1551.00
883.20	1567.00
883.38	1527.00
883.57	1565.00
883.75	1611.00
883.94	1625.00
884.12	1615.00
884.30	1621.00
884.49	1581.00
884.67	1619.00
884.86	1595.00
885.04	1592.00
885.22	1577.00
885.41	1601.00
885.59	1590.00
885.78	1545.00
885.96	1544.00
886.14	1579.00
886.33	1552.00
886.51	1489.00
886.70	1556.00
886.88	1620.00
887.06	1592.00
887.25	1568.00
887.43	1535.00
887.62	1552.00
887.80	1536.00
887.98	1536.00
888.17	1518.00
888.35	1488.00
888.54	1504.00
888.72	1584.00
888.90	1636.00
889.09	1621.00
889.27	1530.00
889.46	1534.00
889.64	1562.00
889.82	1582.00
890.01	1541.00
890.19	1545.00
890.38	1541.00
890.56	1501.00
890.74	1473.00
890.93	1516.00
891.11	1557.00
891.29	1536.00
891.48	1549.00
891.66	1544.00
891.85	1580.00
892.03	1589.00
892.21	1466.00
892.40	1512.00
892.58	1604.00
892.76	1538.00
892.95	1516.00
893.13	1533.00
893.32	1562.00
893.50	1538.00
893.68	1539.00
893.87	1620.00
894.05	1599.00
894.23	1563.00
894.42	1601.00
894.60	1614.00
894.79	1586.00
894.97	1567.00
895.15	1524.00
895.34	1561.00
895.52	1591.00
895.70	1527.00
895.89	1572.00
896.07	1496.00
896.25	1522.00
896.44	1552.00
896.62	1627.00
896.81	1628.00
896.99	1592.00
897.17	1599.00
897.36	1588.00
897.54	1570.00
897.72	1554.00
897.91	1602.00
898.09	1563.00
898.27	1604.00
898.46	1559.00
898.64	1603.00
898.82	1651.00
899.01	1622.00
899.19	1746.00
899.37	1681.00
899.56	1572.00
899.74	1551.00
899.92	1555.00
900.11	1575.00
900.29	1685.00
900.47	1668.00
900.66	1671.00
900.84	1670.00
901.03	1644.00
901.21	1582.00
901.39	1680.00
901.58	1602.00
901.76	1585.00
901.94	1638.00
902.13	1639.00
902.31	1686.00
902.49	1683.00
902.68	1636.00
902.86	1623.00
903.04	1685.00
903.23	1731.00
903.41	1760.00
903.59	1746.00
903.78	1619.00
903.96	1602.00
904.14	1675.00
904.32	1694.00
904.51	1669.00
904.69	1668.00
904.87	1585.00
905.06	1636.00
905.24	1727.00
905.42	1774.00
905.61	1706.00
905.79	1737.00
905.97	1666.00
906.16	1729.00
906.34	1759.00
906.52	1755.00
906.71	1735.00
906.89	1761.00
907.07	1724.00
907.26	1759.00
907.44	1713.00
907.62	1675.00
907.81	1758.00
907.99	1786.00
908.17	1721.00
908.35	1729.00
908.54	1695.00
908.72	1647.00
908.90	1711.00
909.09	1725.00
909.27	1707.00
909.45	1739.00
909.64	1806.00
909.82	1744.00
910.00	1724.00
910.18	1749.00
910.37	1792.00
910.55	1781.00
910.73	1702.00
910.92	1694.00
911.10	1705.00
911.28	1672.00
911.47	1698.00
911.65	1701.00
911.83	1695.00
912.01	1733.00
912.20	1724.00
912.38	1773.00
912.56	1711.00
912.75	1718.00
912.93	1714.00
913.11	1678.00
913.29	1686.00
913.48	1744.00
913.66	1681.00
913.84	1657.00
914.03	1603.00
914.21	1593.00
914.39	1600.00
914.57	1677.00
914.76	1639.00
914.94	1626.00
915.12	1702.00
915.31	1714.00
915.49	1736.00
915.67	1704.00
915.85	1679.00
916.04	1717.00
916.22	1707.00
916.40	1684.00
916.58	1664.00
916.77	1650.00
916.95	1599.00
917.13	1681.00
917.32	1608.00
917.50	1618.00
917.68	1623.00
917.86	1649.00
918.05	1635.00
918.23	1550.00
918.41	1581.00
918.59	1568.00
918.78	1584.00
918.96	1598.00
919.14	1617.00
919.32	1569.00
919.51	1614.00
919.69	1666.00
919.87	1569.00
920.05	1619.00
920.24	1635.00
920.42	1601.00
920.60	1583.00
920.78	1643.00
920.97	1629.00
921.15	1555.00
921.33	1566.00
921.52	1561.00
921.70	1570.00
921.88	1599.00
922.06	1561.00
922.24	1607.00
922.43	1590.00
922.61	1597.00
922.79	1606.00
922.97	1525.00
923.16	1535.00
923.34	1515.00
923.52	1496.00
923.70	1549.00
923.89	1576.00
924.07	1481.00
924.25	1467.00
924.43	1510.00
924.62	1420.00
924.80	1398.00
924.98	1454.00
925.16	1496.00
925.35	1517.00
925.53	1430.00
925.71	1409.00
925.89	1445.00
926.08	1526.00
926.26	1441.00
926.44	1495.00
926.62	1526.00
926.80	1509.00
926.99	1461.00
927.17	1422.00
927.35	1521.00
927.53	1539.00
927.72	1502.00
927.90	1551.00
928.08	1435.00
928.26	1440.00
928.44	1442.00
928.63	1425.00
928.81	1447.00
928.99	1452.00
929.17	1448.00
929.36	1393.00
929.54	1400.00
929.72	1445.00
929.90	1436.00
930.08	1420.00
930.27	1428.00
930.45	1404.00
930.63	1368.00
930.81	1440.00
930.99	1388.00
931.18	1304.00
931.36	1376.00
931.54	1358.00
931.72	1396.00
931.90	1374.00
932.09	1312.00
932.27	1298.00
932.45	1295.00
932.63	1312.00
932.81	1285.00
933.00	1286.00
933.18	1349.00
933.36	1314.00
933.54	1284.00
933.72	1301.00
933.91	1333.00
934.09	1276.00
934.27	1241.00
934.45	1204.00
934.63	1204.00
934.82	1172.00
935.00	1204.00
935.18	1208.00
935.36	1180.00
935.54	1178.00
935.73	1196.00
935.91	1106.00
936.09	1074.00
936.27	1110.00
936.45	1049.00
936.64	1056.00
936.82	1141.00
937.00	1035.00
937.18	1007.00
937.36	995.00
937.54	1022.00
937.73	992.00
937.91	1067.00
938.09	1016.00
938.27	976.00
938.45	915.00
938.63	936.00
938.82	913.00
939.00	924.00
939.18	916.00
939.36	840.00
939.54	858.00
939.73	876.00
939.91	838.00
940.09	816.00
940.27	834.00
940.45	787.00
940.63	802.00
940.82	809.00
941.00	748.00
941.18	741.00
941.36	744.00
941.54	791.00
941.72	763.00
941.91	706.00
942.09	678.00
942.27	664.00
942.45	726.00
942.63	744.00
942.81	729.00
942.99	669.00
943.18	684.00
943.36	689.00
943.54	642.00
943.72	684.00
943.90	682.00
944.08	718.00
944.27	730.00
944.45	677.00
944.63	690.00
944.81	711.00
944.99	737.00
945.17	753.00
945.35	755.00
945.54	769.00
945.72	724.00
945.90	678.00
946.08	663.00
946.26	695.00
946.44	712.00
946.62	670.00
946.81	625.00
946.99	701.00
947.17	700.00
947.35	664.00
947.53	675.00
947.71	676.00
947.89	699.00
948.07	692.00
948.26	642.00
948.44	703.00
948.62	684.00
948.80	705.00
948.98	778.00
949.16	675.00
949.34	642.00
949.53	664.00
949.71	683.00
949.89	709.00
950.07	678.00
950.25	673.00
950.43	634.00
950.61	599.00
950.79	616.00
950.98	693.00
951.16	694.00
951.34	721.00
951.52	732.00
951.70	720.00
951.88	715.00
952.06	719.00
952.24	774.00
952.42	742.00
952.61	636.00
952.79	677.00
952.97	683.00
953.15	675.00
953.33	673.00
953.51	606.00
953.69	670.00
953.87	729.00
954.05	730.00
954.24	646.00
954.42	655.00
954.60	617.00
954.78	619.00
954.96	655.00
955.14	673.00
955.32	723.00
955.50	719.00
955.68	762.00
955.86	698.00
956.05	637.00
956.23	662.00
956.41	699.00
956.59	743.00
956.77	769.00
956.95	715.00
957.13	643.00
957.31	652.00
957.49	679.00
957.67	627.00
957.86	610.00
958.04	592.00
958.22	616.00
958.40	628.00
958.58	639.00
958.76	593.00
958.94	606.00
959.12	624.00
959.30	616.00
959.48	666.00
959.66	629.00
959.84	565.00
960.03	588.00
960.21	632.00
960.39	725.00
960.57	652.00
960.75	591.00
960.93	604.00
961.11	614.00
961.29	685.00
961.47	676.00
961.65	630.00
961.83	582.00
962.01	665.00
962.19	653.00
962.37	610.00
962.56	621.00
962.74	615.00
962.92	578.00
963.10	595.00
963.28	613.00
963.46	588.00
963.64	553.00
963.82	585.00
964.00	598.00
964.18	555.00
964.36	544.00
964.54	580.00
964.72	645.00
964.90	565.00
965.08	590.00
965.27	662.00
965.45	640.00
965.63	592.00
965.81	621.00
965.99	625.00
966.17	557.00
966.35	536.00
966.53	568.00
966.71	600.00
966.89	640.00
967.07	652.00
967.25	576.00
967.43	558.00
967.61	612.00
967.79	580.00
967.97	574.00
968.15	640.00
968.33	589.00
968.51	578.00
968.69	612.00
968.87	653.00
969.06	590.00
969.24	627.00
969.42	577.00
969.60	562.00
969.78	487.00
969.96	513.00
970.14	597.00
970.32	547.00
970.50	601.00
970.68	507.00
970.86	536.00
971.04	568.00
971.22	516.00
971.40	538.00
971.58	548.00
971.76	536.00
971.94	544.00
972.12	508.00
972.30	529.00
972.48	588.00
972.66	588.00
972.84	488.00
973.02	520.00
973.20	533.00
973.38	508.00
973.56	512.00
973.74	576.00
973.92	494.00
974.10	483.00
974.28	482.00
974.46	524.00
974.64	540.00
974.82	573.00
975.00	559.00
975.18	591.00
975.36	566.00
975.54	484.00
975.72	412.00
975.90	474.00
976.08	480.00
976.26	475.00
976.44	528.00
976.62	560.00
976.80	533.00
976.98	492.00
977.16	453.00
977.34	496.00
977.52	428.00
977.70	489.00
977.88	586.00
978.06	539.00
978.24	570.00
978.42	510.00
978.60	453.00
978.78	465.00
978.96	467.00
979.14	465.00
979.32	505.00
979.50	569.00
979.68	537.00
979.86	496.00
980.04	428.00
980.22	381.00
980.40	462.00
980.58	468.00
980.76	408.00
980.94	424.00
981.12	421.00
981.30	437.00
981.48	472.00
981.66	500.00
981.84	514.00
982.02	459.00
982.20	417.00
982.38	508.00
982.56	480.00
982.74	457.00
982.92	431.00
983.10	442.00
983.28	500.00
983.46	472.00
983.64	428.00
983.82	403.00
984.00	459.00
984.18	442.00
984.36	454.00
984.54	436.00
984.72	407.00
984.90	450.00
985.08	425.00
985.26	463.00
985.44	500.00
985.62	497.00
985.80	417.00
985.98	479.00
986.16	425.00
986.34	454.00
986.51	429.00
986.69	392.00
986.87	383.00
987.05	378.00
987.23	385.00
987.41	421.00
987.59	402.00
987.77	407.00
987.95	425.00
988.13	406.00
988.31	415.00
988.49	381.00
988.67	379.00
988.85	344.00
989.03	359.00
989.21	388.00
989.39	382.00
989.57	416.00
989.75	414.00
989.93	383.00
990.11	442.00
990.28	441.00
990.46	444.00
990.64	409.00
990.82	459.00
991.00	419.00
991.18	393.00
991.36	380.00
991.54	344.00
991.72	326.00
991.90	358.00
992.08	396.00
992.26	366.00
992.44	376.00
992.62	419.00
992.80	377.00
992.98	374.00
993.15	415.00
993.33	366.00
993.51	343.00
993.69	398.00
993.87	393.00
994.05	382.00
994.23	335.00
994.41	333.00
994.59	381.00
994.77	406.00
994.95	425.00
995.13	380.00
995.31	413.00
995.48	457.00
995.66	383.00
995.84	386.00
996.02	412.00
996.20	436.00
996.38	402.00
996.56	379.00
996.74	433.00
996.92	334.00
997.10	430.00
997.28	341.00
997.46	329.00
997.63	369.00
997.81	253.00
997.99	351.00
998.17	389.00
998.35	346.00
998.53	305.00
998.71	369.00
998.89	410.00
999.07	425.00
999.25	383.00
999.43	388.00
999.60	319.00
999.78	331.00
999.96	303.00
1000.14	329.00
1000.32	360.00
1000.50	353.00
1000.68	315.00
1000.86	380.00
1001.04	391.00
1001.21	316.00
1001.39	339.00
1001.57	333.00
1001.75	312.00
1001.93	280.00
1002.11	308.00
1002.29	341.00
1002.47	360.00
1002.65	360.00
1002.82	320.00
1003.00	350.00
1003.18	328.00
1003.36	346.00
1003.54	324.00
1003.72	312.00
1003.90	295.00
1004.08	248.00
1004.26	257.00
1004.43	286.00
1004.61	348.00
1004.79	344.00
1004.97	330.00
1005.15	263.00
1005.33	301.00
1005.51	316.00
1005.69	292.00
1005.86	297.00
1006.04	309.00
1006.22	333.00
1006.40	344.00
1006.58	324.00
1006.76	313.00
1006.94	310.00
1007.12	360.00
1007.29	362.00
1007.47	350.00
1007.65	396.00
1007.83	375.00
1008.01	320.00
1008.19	353.00
1008.37	361.00
1008.54	320.00
1008.72	297.00
1008.90	312.00
1009.08	301.00
1009.26	257.00
1009.44	262.00
1009.62	307.00
1009.79	324.00
1009.97	267.00
1010.15	277.00
1010.33	257.00
1010.51	281.00
1010.69	248.00
1010.87	262.00
1011.04	348.00
1011.22	277.00
1011.40	292.00
1011.58	292.00
1011.76	231.00
1011.94	302.00
1012.11	295.00
1012.29	284.00
1012.47	340.00
1012.65	276.00
1012.83	289.00
1013.01	265.00
1013.18	268.00
1013.36	290.00
1013.54	272.00
1013.72	281.00
1013.90	239.00
1014.08	258.00
1014.25	289.00
1014.43	280.00
1014.61	289.00
1014.79	263.00
1014.97	215.00
1015.15	205.00
1015.32	202.00
1015.50	164.00
1015.68	262.00
1015.86	274.00
1016.04	203.00
1016.22	249.00
1016.39	266.00
1016.57	215.00
1016.75	263.00
1016.93	257.00
1017.11	216.00
1017.29	289.00
1017.46	279.00
1017.64	253.00
1017.82	239.00
1018.00	254.00
1018.18	244.00
1018.35	273.00
1018.53	259.00
1018.71	206.00
1018.89	197.00
1019.07	206.00
1019.24	225.00
1019.42	249.00
1019.60	227.00
1019.78	200.00
1019.96	237.00
1020.14	219.00
1020.31	232.00
1020.49	300.00
1020.67	246.00
1020.85	279.00
1021.03	235.00
1021.20	210.00
1021.38	224.00
1021.56	217.00
1021.74	224.00
1021.92	259.00
1022.09	237.00
1022.27	254.00
1022.45	223.00
1022.63	170.00
1022.81	206.00
1022.98	327.00
1023.16	311.00
1023.34	260.00
1023.52	259.00
1023.69	217.00
1023.87	226.00
1024.05	258.00
1024.23	300.00
1024.41	273.00
1024.58	257.00
1024.76	243.00
1024.94	267.00
1025.12	220.00
1025.30	177.00
1025.47	184.00
1025.65	206.00
1025.83	205.00
1026.01	172.00
1026.18	290.00
1026.36	316.00
1026.54	267.00
1026.72	212.00
1026.90	168.00
1027.07	213.00
1027.25	194.00
1027.43	166.00
1027.61	182.00
1027.78	242.00
1027.96	263.00
1028.14	233.00
1028.32	193.00
1028.49	161.00
1028.67	191.00
1028.85	204.00
1029.03	237.00
1029.21	180.00
1029.38	205.00
1029.56	174.00
1029.74	180.00
1029.92	244.00
1030.09	148.00
1030.27	169.00
1030.45	255.00
1030.63	170.00
1030.80	164.00
1030.98	158.00
1031.16	194.00
1031.34	214.00
1031.51	223.00
1031.69	236.00
1031.87	159.00
1032.05	147.00
1032.22	157.00
1032.40	166.00
1032.58	190.00
1032.76	203.00
1032.93	218.00
1033.11	225.00
1033.29	167.00
1033.47	209.00
1033.64	160.00
1033.82	163.00
1034.00	154.00
1034.18	205.00
1034.35	213.00
1034.53	230.00
1034.71	209.00
1034.89	209.00
1035.06	188.00
1035.24	178.00
1035.42	165.00
1035.59	174.00
1035.77	175.00
1035.95	184.00
1036.13	185.00
1036.30	165.00
1036.48	193.00
1036.66	198.00
1036.84	180.00
1037.01	195.00
1037.19	174.00
1037.37	205.00
1037.54	207.00
1037.72	208.00
1037.90	125.00
1038.08	147.00
1038.25	154.00
1038.43	200.00
1038.61	216.00
1038.79	150.00
1038.96	158.00
1039.14	201.00
1039.32	200.00
1039.49	182.00
1039.67	163.00
1039.85	197.00
1040.03	195.00
1040.20	224.00
1040.38	185.00
1040.56	147.00
1040.73	135.00
1040.91	128.00
1041.09	136.00
1041.27	163.00
1041.44	178.00
1041.62	222.00
1041.80	224.00
1041.97	184.00
1042.15	198.00
1042.33	179.00
1042.50	159.00
1042.68	148.00
1042.86	126.00
1043.04	153.00
1043.21	162.00
1043.39	172.00
1043.57	144.00
1043.74	157.00
1043.92	145.00
1044.10	189.00
1044.27	192.00
1044.45	220.00
1044.63	201.00
1044.80	155.00
1044.98	221.00
1045.16	176.00
1045.34	194.00
1045.51	182.00
1045.69	159.00
1045.87	206.00
1046.04	124.00
1046.22	187.00
1046.40	91.00
1046.57	118.00
1046.75	127.00
1046.93	114.00
1047.10	114.00
1047.28	98.00
1047.46	147.00
1047.63	205.00
1047.81	149.00
1047.99	139.00
1048.16	141.00
1048.34	157.00
1048.52	102.00
1048.69	103.00
1048.87	145.00
1049.05	201.00
1049.22	165.00
1049.40	107.00
1049.58	171.00
1049.75	156.00
1049.93	206.00
1050.11	184.00
1050.28	159.00
1050.46	190.00
1050.64	134.00
1050.81	97.00
1050.99	96.00
1051.17	131.00
1051.34	133.00
1051.52	115.00
1051.70	189.00
1051.87	192.00
1052.05	190.00
1052.23	184.00
1052.40	51.00
1052.58	148.00
1052.76	118.00
1052.93	121.00
1053.11	146.00
1053.29	190.00
1053.46	136.00
1053.64	115.00
1053.82	83.00
1053.99	83.00
1054.17	49.00
1054.35	108.00
1054.52	82.00
1054.70	100.00
1054.87	106.00
1055.05	99.00
1055.23	130.00
1055.40	117.00
1055.58	100.00
1055.76	133.00
1055.93	119.00
1056.11	177.00
1056.29	107.00
1056.46	158.00
1056.64	182.00
1056.81	146.00
1056.99	150.00
1057.17	148.00
1057.34	151.00
1057.52	169.00
1057.70	177.00
1057.87	121.00
1058.05	70.00
1058.22	105.00
1058.40	79.00
1058.58	83.00
1058.75	130.00
1058.93	163.00
1059.11	150.00
1059.28	125.00
1059.46	117.00
1059.63	165.00
1059.81	138.00
1059.99	163.00
1060.16	160.00
1060.34	129.00
1060.52	89.00
1060.69	145.00
1060.87	48.00
1061.04	42.00
1061.22	25.00
