367.62	-30.00
367.82	-62.00
368.02	-36.00
368.23	-15.00
368.43	-11.00
368.63	-65.00
368.83	11.00
369.04	30.00
369.24	22.00
369.44	47.00
369.65	-20.00
369.85	23.00
370.05	19.00
370.25	9.00
370.46	27.00
370.66	-2.00
370.86	0.00
371.07	36.00
371.27	57.00
371.47	39.00
371.67	-37.00
371.88	-58.00
372.08	-18.00
372.28	-48.00
372.49	-55.00
372.69	37.00
372.89	-45.00
373.09	-21.00
373.30	34.00
373.50	49.00
373.70	-1.00
373.91	72.00
374.11	18.00
374.31	-9.00
374.51	-18.00
374.72	-61.00
374.92	22.00
375.12	-3.00
375.33	31.00
375.53	-9.00
375.73	-29.00
375.93	-71.00
376.14	-29.00
376.34	43.00
376.54	53.00
376.74	17.00
376.95	71.00
377.15	47.00
377.35	-31.00
377.55	-54.00
377.76	11.00
377.96	-60.00
378.16	-50.00
378.37	-22.00
378.57	-5.00
378.77	36.00
378.97	-6.00
379.18	13.00
379.38	35.00
379.58	33.00
379.78	12.00
379.99	-41.00
380.19	-36.00
380.39	28.00
380.59	36.00
380.80	-20.00
381.00	34.00
381.20	56.00
381.40	18.00
381.61	-12.00
381.81	18.00
382.01	73.00
382.21	-32.00
382.42	27.00
382.62	28.00
382.82	33.00
383.02	-3.00
383.23	-22.00
383.43	-36.00
383.63	74.00
383.83	27.00
384.04	-19.00
384.24	-7.00
384.44	28.00
384.64	15.00
384.85	28.00
385.05	59.00
385.25	8.00
385.45	-26.00
385.66	-28.00
385.86	-2.00
386.06	50.00
386.26	38.00
386.47	25.00
386.67	-24.00
386.87	-29.00
387.07	-9.00
387.27	-51.00
387.48	-6.00
387.68	-10.00
387.88	35.00
388.08	107.00
388.29	71.00
388.49	71.00
388.69	91.00
388.89	75.00
389.10	22.00
389.30	7.00
389.50	11.00
389.70	69.00
389.90	-18.00
390.11	5.00
390.31	22.00
390.51	4.00
390.71	6.00
390.92	-7.00
391.12	-30.00
391.32	-3.00
391.52	-14.00
391.72	-9.00
391.93	53.00
392.13	21.00
392.33	8.00
392.53	-23.00
392.74	-15.00
392.94	28.00
393.14	26.00
393.34	18.00
393.54	-3.00
393.75	14.00
393.95	32.00
394.15	19.00
394.35	19.00
394.56	-24.00
394.76	-1.00
394.96	-2.00
395.16	57.00
395.36	39.00
395.57	18.00
395.77	57.00
395.97	19.00
396.17	47.00
396.37	44.00
396.58	23.00
396.78	53.00
396.98	-2.00
397.18	8.00
397.38	20.00
397.59	41.00
397.79	9.00
397.99	-23.00
398.19	8.00
398.39	78.00
398.60	118.00
398.80	15.00
399.00	-20.00
399.20	32.00
399.40	7.00
399.61	-49.00
399.81	-54.00
400.01	-40.00
400.21	28.00
400.41	20.00
400.62	15.00
400.82	-7.00
401.02	2.00
401.22	-2.00
401.42	-6.00
401.63	-9.00
401.83	-9.00
402.03	1.00
402.23	9.00
402.43	43.00
402.64	57.00
402.84	13.00
403.04	11.00
403.24	-93.00
403.44	-86.00
403.64	-22.00
403.85	40.00
404.05	25.00
404.25	38.00
404.45	31.00
404.65	23.00
404.86	-14.00
405.06	-61.00
405.26	-39.00
405.46	-30.00
405.66	65.00
405.86	53.00
406.07	11.00
406.27	17.00
406.47	57.00
406.67	8.00
406.87	18.00
407.07	2.00
407.28	22.00
407.48	62.00
407.68	-4.00
407.88	-25.00
408.08	65.00
408.28	23.00
408.49	-9.00
408.69	64.00
408.89	51.00
409.09	8.00
409.29	24.00
409.49	6.00
409.70	4.00
409.90	24.00
410.10	-34.00
410.30	42.00
410.50	59.00
410.70	56.00
410.91	88.00
411.11	65.00
411.31	69.00
411.51	73.00
411.71	18.00
411.91	12.00
412.12	2.00
412.32	7.00
412.52	-7.00
412.72	-15.00
412.92	18.00
413.12	43.00
413.32	76.00
413.53	45.00
413.73	12.00
413.93	7.00
414.13	4.00
414.33	52.00
414.53	40.00
414.74	-6.00
414.94	3.00
415.14	90.00
415.34	58.00
415.54	-18.00
415.74	21.00
415.94	49.00
416.15	27.00
416.35	9.00
416.55	11.00
416.75	5.00
416.95	37.00
417.15	123.00
417.35	47.00
417.56	30.00
417.76	5.00
417.96	61.00
418.16	37.00
418.36	-1.00
418.56	13.00
418.76	68.00
418.97	57.00
419.17	18.00
419.37	3.00
419.57	42.00
419.77	32.00
419.97	45.00
420.17	71.00
420.37	13.00
420.58	-23.00
420.78	24.00
420.98	10.00
421.18	8.00
421.38	0.00
421.58	2.00
421.78	0.00
421.98	31.00
422.19	-46.00
422.39	24.00
422.59	35.00
422.79	30.00
422.99	34.00
423.19	51.00
423.39	20.00
423.59	-1.00
423.80	29.00
424.00	21.00
424.20	38.00
424.40	66.00
424.60	39.00
424.80	39.00
425.00	36.00
425.20	47.00
425.40	71.00
425.61	23.00
425.81	8.00
426.01	36.00
426.21	0.00
426.41	-17.00
426.61	4.00
426.81	64.00
427.01	10.00
427.21	-24.00
427.42	-54.00
427.62	34.00
427.82	62.00
428.02	59.00
428.22	6.00
428.42	39.00
428.62	59.00
428.82	-9.00
429.02	38.00
429.23	-33.00
429.43	-46.00
429.63	-22.00
429.83	54.00
430.03	39.00
430.23	59.00
430.43	61.00
430.63	15.00
430.83	55.00
431.03	20.00
431.24	4.00
431.44	95.00
431.64	36.00
431.84	22.00
432.04	44.00
432.24	42.00
432.44	33.00
432.64	56.00
432.84	3.00
433.04	-8.00
433.24	69.00
433.45	41.00
433.65	18.00
433.85	-23.00
434.05	-60.00
434.25	31.00
434.45	1.00
434.65	-53.00
434.85	13.00
435.05	-28.00
435.25	-28.00
435.45	25.00
435.65	35.00
435.86	2.00
436.06	48.00
436.26	-18.00
436.46	-25.00
436.66	10.00
436.86	47.00
437.06	112.00
437.26	87.00
437.46	9.00
437.66	15.00
437.86	48.00
438.06	70.00
438.26	72.00
438.47	27.00
438.67	35.00
438.87	40.00
439.07	1.00
439.27	4.00
439.47	73.00
439.67	11.00
439.87	-2.00
440.07	59.00
440.27	34.00
440.47	11.00
440.67	-43.00
440.87	-1.00
441.07	18.00
441.27	77.00
441.48	29.00
441.68	37.00
441.88	74.00
442.08	45.00
442.28	45.00
442.48	29.00
442.68	-41.00
442.88	21.00
443.08	39.00
443.28	60.00
443.48	-8.00
443.68	49.00
443.88	69.00
444.08	0.00
444.28	-34.00
444.48	-58.00
444.68	7.00
444.88	11.00
445.09	2.00
445.29	-17.00
445.49	-13.00
445.69	-48.00
445.89	-22.00
446.09	73.00
446.29	87.00
446.49	56.00
446.69	42.00
446.89	63.00
447.09	96.00
447.29	46.00
447.49	24.00
447.69	43.00
447.89	43.00
448.09	62.00
448.29	77.00
448.49	28.00
448.69	31.00
448.89	27.00
449.09	29.00
449.29	13.00
449.49	60.00
449.70	22.00
449.90	44.00
450.10	22.00
450.30	-35.00
450.50	12.00
450.70	59.00
450.90	42.00
451.10	65.00
451.30	58.00
451.50	76.00
451.70	20.00
451.90	41.00
452.10	73.00
452.30	71.00
452.50	82.00
452.70	40.00
452.90	19.00
453.10	53.00
453.30	94.00
453.50	57.00
453.70	78.00
453.90	87.00
454.10	49.00
454.30	37.00
454.50	14.00
454.70	-7.00
454.90	48.00
455.10	49.00
455.30	23.00
455.50	59.00
455.70	43.00
455.90	50.00
456.10	41.00
456.30	41.00
456.50	27.00
456.70	23.00
456.90	105.00
457.10	103.00
457.30	38.00
457.50	81.00
457.70	90.00
457.90	54.00
458.10	43.00
458.30	65.00
458.50	114.00
458.70	87.00
458.90	45.00
459.10	60.00
459.30	75.00
459.50	95.00
459.70	60.00
459.90	45.00
460.10	72.00
460.30	119.00
460.50	116.00
460.70	70.00
460.90	39.00
461.10	86.00
461.30	152.00
461.50	80.00
461.70	51.00
461.90	120.00
462.10	131.00
462.30	72.00
462.50	16.00
462.70	37.00
462.90	92.00
463.10	120.00
463.30	144.00
463.50	134.00
463.70	70.00
463.90	58.00
464.10	0.00
464.30	24.00
464.50	45.00
464.70	21.00
464.90	15.00
465.10	54.00
465.30	76.00
465.50	102.00
465.70	38.00
465.90	63.00
466.10	41.00
466.30	132.00
466.50	55.00
466.70	29.00
466.90	92.00
467.10	160.00
467.30	116.00
467.50	100.00
467.70	101.00
467.90	46.00
468.10	-18.00
468.30	30.00
468.50	134.00
468.70	90.00
468.90	63.00
469.10	87.00
469.30	45.00
469.50	121.00
469.70	85.00
469.90	75.00
470.10	96.00
470.30	115.00
470.50	105.00
470.70	62.00
470.90	44.00
471.10	30.00
471.29	56.00
471.49	81.00
471.69	5.00
471.89	-32.00
472.09	-13.00
472.29	54.00
472.49	78.00
472.69	99.00
472.89	68.00
473.09	56.00
473.29	37.00
473.49	57.00
473.69	87.00
473.89	64.00
474.09	48.00
474.29	118.00
474.49	87.00
474.69	60.00
474.89	74.00
475.09	114.00
475.29	103.00
475.49	17.00
475.69	-14.00
475.88	69.00
476.08	69.00
476.28	108.00
476.48	92.00
476.68	67.00
476.88	98.00
477.08	86.00
477.28	78.00
477.48	78.00
477.68	86.00
477.88	45.00
478.08	81.00
478.28	59.00
478.48	35.00
478.68	37.00
478.88	37.00
479.08	52.00
479.28	28.00
479.47	27.00
479.67	105.00
479.87	75.00
480.07	48.00
480.27	20.00
480.47	12.00
480.67	38.00
480.87	39.00
481.07	60.00
481.27	30.00
481.47	86.00
481.67	89.00
481.87	112.00
482.07	104.00
482.27	107.00
482.46	69.00
482.66	69.00
482.86	48.00
483.06	102.00
483.26	130.00
483.46	95.00
483.66	45.00
483.86	26.00
484.06	17.00
484.26	75.00
484.46	83.00
484.66	47.00
484.86	43.00
485.05	94.00
485.25	129.00
485.45	104.00
485.65	72.00
485.85	73.00
486.05	55.00
486.25	74.00
486.45	90.00
486.65	78.00
486.85	123.00
487.05	75.00
487.25	69.00
487.44	101.00
487.64	151.00
487.84	121.00
488.04	65.00
488.24	92.00
488.44	122.00
488.64	84.00
488.84	85.00
489.04	96.00
489.24	96.00
489.43	25.00
489.63	96.00
489.83	85.00
490.03	110.00
490.23	42.00
490.43	73.00
490.63	78.00
490.83	69.00
491.03	101.00
491.23	145.00
491.42	143.00
491.62	111.00
491.82	142.00
492.02	122.00
492.22	130.00
492.42	152.00
492.62	151.00
492.82	127.00
493.02	203.00
493.22	157.00
493.41	94.00
493.61	60.00
493.81	100.00
494.01	136.00
494.21	197.00
494.41	185.00
494.61	110.00
494.81	140.00
495.01	112.00
495.20	97.00
495.40	118.00
495.60	137.00
495.80	128.00
496.00	166.00
496.20	131.00
496.40	127.00
496.60	159.00
496.79	118.00
496.99	119.00
497.19	171.00
497.39	199.00
497.59	130.00
497.79	175.00
497.99	205.00
498.19	145.00
498.38	62.00
498.58	103.00
498.78	121.00
498.98	142.00
499.18	145.00
499.38	97.00
499.58	107.00
499.78	158.00
499.97	161.00
500.17	259.00
500.37	164.00
500.57	100.00
500.77	113.00
500.97	121.00
501.17	133.00
501.37	176.00
501.56	214.00
501.76	201.00
501.96	125.00
502.16	164.00
502.36	168.00
502.56	203.00
502.76	227.00
502.95	230.00
503.15	158.00
503.35	228.00
503.55	136.00
503.75	136.00
503.95	177.00
504.15	169.00
504.34	162.00
504.54	154.00
504.74	166.00
504.94	223.00
505.14	184.00
505.34	135.00
505.54	131.00
505.73	125.00
505.93	89.00
506.13	98.00
506.33	105.00
506.53	146.00
506.73	179.00
506.92	176.00
507.12	107.00
507.32	98.00
507.52	175.00
507.72	145.00
507.92	142.00
508.12	150.00
508.31	103.00
508.51	123.00
508.71	106.00
508.91	101.00
509.11	159.00
509.31	183.00
509.50	134.00
509.70	153.00
509.90	170.00
510.10	179.00
510.30	190.00
510.50	167.00
510.69	194.00
510.89	185.00
511.09	179.00
511.29	155.00
511.49	167.00
511.69	171.00
511.88	149.00
512.08	196.00
512.28	164.00
512.48	119.00
512.68	206.00
512.88	139.00
513.07	128.00
513.27	146.00
513.47	126.00
513.67	191.00
513.87	175.00
514.06	178.00
514.26	171.00
514.46	113.00
514.66	111.00
514.86	143.00
515.06	139.00
515.25	163.00
515.45	190.00
515.65	135.00
515.85	124.00
516.05	144.00
516.24	178.00
516.44	185.00
516.64	167.00
516.84	186.00
517.04	170.00
517.23	107.00
517.43	123.00
517.63	196.00
517.83	171.00
518.03	179.00
518.23	141.00
518.42	180.00
518.62	180.00
518.82	202.00
519.02	205.00
519.22	146.00
519.41	156.00
519.61	154.00
519.81	139.00
520.01	170.00
520.21	165.00
520.40	110.00
520.60	109.00
520.80	135.00
521.00	103.00
521.20	156.00
521.39	245.00
521.59	198.00
521.79	165.00
521.99	182.00
522.19	178.00
522.38	150.00
522.58	169.00
522.78	221.00
522.98	215.00
523.17	135.00
523.37	143.00
523.57	154.00
523.77	198.00
523.97	221.00
524.16	111.00
524.36	178.00
524.56	165.00
524.76	131.00
524.96	201.00
525.15	142.00
525.35	159.00
525.55	177.00
525.75	186.00
525.94	135.00
526.14	189.00
526.34	177.00
526.54	196.00
526.74	181.00
526.93	153.00
527.13	153.00
527.33	187.00
527.53	218.00
527.72	196.00
527.92	223.00
528.12	199.00
528.32	250.00
528.52	283.00
528.71	200.00
528.91	220.00
529.11	232.00
529.31	239.00
529.50	235.00
529.70	274.00
529.90	286.00
530.10	272.00
530.29	272.00
530.49	266.00
530.69	231.00
530.89	223.00
531.09	262.00
531.28	268.00
531.48	221.00
531.68	192.00
531.88	267.00
532.07	311.00
532.27	284.00
532.47	245.00
532.67	262.00
532.86	298.00
533.06	261.00
533.26	222.00
533.46	247.00
533.65	229.00
533.85	299.00
534.05	322.00
534.25	355.00
534.44	363.00
534.64	286.00
534.84	280.00
535.04	331.00
535.23	215.00
535.43	292.00
535.63	343.00
535.83	356.00
536.02	266.00
536.22	263.00
536.42	284.00
536.62	312.00
536.81	302.00
537.01	307.00
537.21	274.00
537.41	330.00
537.60	312.00
537.80	331.00
538.00	316.00
538.20	313.00
538.39	343.00
538.59	342.00
538.79	328.00
538.99	320.00
539.18	323.00
539.38	300.00
539.58	267.00
539.77	312.00
539.97	316.00
540.17	241.00
540.37	278.00
540.56	356.00
540.76	316.00
540.96	274.00
541.16	301.00
541.35	345.00
541.55	394.00
541.75	460.00
541.94	489.00
542.14	467.00
542.34	458.00
542.54	435.00
542.73	420.00
542.93	430.00
543.13	441.00
543.33	407.00
543.52	465.00
543.72	456.00
543.92	427.00
544.11	415.00
544.31	436.00
544.51	506.00
544.71	422.00
544.90	448.00
545.10	437.00
545.30	368.00
545.49	481.00
545.69	533.00
545.89	436.00
546.09	455.00
546.28	480.00
546.48	485.00
546.68	386.00
546.87	470.00
547.07	507.00
547.27	500.00
547.47	476.00
547.66	423.00
547.86	451.00
548.06	401.00
548.25	416.00
548.45	418.00
548.65	388.00
548.84	373.00
549.04	421.00
549.24	432.00
549.44	351.00
549.63	370.00
549.83	401.00
550.03	430.00
550.22	460.00
550.42	376.00
550.62	401.00
550.81	387.00
551.01	389.00
551.21	354.00
551.41	402.00
551.60	402.00
551.80	374.00
552.00	454.00
552.19	473.00
552.39	423.00
552.59	415.00
552.78	381.00
552.98	409.00
553.18	429.00
553.37	403.00
553.57	320.00
553.77	346.00
553.96	353.00
554.16	401.00
554.36	447.00
554.56	402.00
554.75	375.00
554.95	397.00
555.15	371.00
555.34	355.00
555.54	411.00
555.74	429.00
555.93	397.00
556.13	412.00
556.33	364.00
556.52	381.00
556.72	443.00
556.92	423.00
557.11	382.00
557.31	336.00
557.51	370.00
557.70	350.00
557.90	333.00
558.10	375.00
558.29	344.00
558.49	293.00
558.69	309.00
558.88	365.00
559.08	376.00
559.28	288.00
559.47	323.00
559.67	334.00
559.87	292.00
560.06	314.00
560.26	330.00
560.46	333.00
560.65	359.00
560.85	382.00
561.05	333.00
561.24	341.00
561.44	385.00
561.64	369.00
561.83	369.00
562.03	360.00
562.23	379.00
562.42	377.00
562.62	362.00
562.82	332.00
563.01	316.00
563.21	351.00
563.40	323.00
563.60	343.00
563.80	366.00
563.99	338.00
564.19	312.00
564.39	317.00
564.58	336.00
564.78	343.00
564.98	381.00
565.17	384.00
565.37	354.00
565.57	356.00
565.76	409.00
565.96	400.00
566.16	338.00
566.35	279.00
566.55	342.00
566.74	386.00
566.94	310.00
567.14	339.00
567.33	355.00
567.53	403.00
567.73	383.00
567.92	393.00
568.12	385.00
568.32	425.00
568.51	447.00
568.71	415.00
568.90	370.00
569.10	375.00
569.30	352.00
569.49	356.00
569.69	435.00
569.89	403.00
570.08	387.00
570.28	422.00
570.47	410.00
570.67	362.00
570.87	358.00
571.06	380.00
571.26	397.00
571.46	385.00
571.65	427.00
571.85	469.00
572.04	384.00
572.24	422.00
572.44	424.00
572.63	386.00
572.83	428.00
573.03	460.00
573.22	445.00
573.42	462.00
573.61	423.00
573.81	406.00
574.01	450.00
574.20	467.00
574.40	527.00
574.59	499.00
574.79	469.00
574.99	493.00
575.18	452.00
575.38	502.00
575.58	547.00
575.77	559.00
575.97	523.00
576.16	516.00
576.36	501.00
576.56	493.00
576.75	603.00
576.95	626.00
577.14	566.00
577.34	620.00
577.54	615.00
577.73	550.00
577.93	513.00
578.12	621.00
578.32	700.00
578.52	654.00
578.71	675.00
578.91	635.00
579.10	642.00
579.30	654.00
579.50	677.00
579.69	679.00
579.89	632.00
580.08	581.00
580.28	637.00
580.48	659.00
580.67	714.00
580.87	706.00
581.06	759.00
581.26	679.00
581.45	749.00
581.65	771.00
581.85	789.00
582.04	804.00
582.24	805.00
582.43	792.00
582.63	746.00
582.83	749.00
583.02	850.00
583.22	907.00
583.41	920.00
583.61	925.00
583.80	994.00
584.00	873.00
584.20	934.00
584.39	932.00
584.59	814.00
584.78	817.00
584.98	875.00
585.17	939.00
585.37	886.00
585.57	825.00
585.76	899.00
585.96	936.00
586.15	944.00
586.35	983.00
586.54	1046.00
586.74	995.00
586.94	1086.00
587.13	1054.00
587.33	1078.00
587.52	1085.00
587.72	1147.00
587.91	1079.00
588.11	1137.00
588.31	1155.00
588.50	1141.00
588.70	1102.00
588.89	1131.00
589.09	1117.00
589.28	1083.00
589.48	1157.00
589.68	1181.00
589.87	1140.00
590.07	1202.00
590.26	1234.00
590.46	1235.00
590.65	1230.00
590.85	1298.00
591.04	1269.00
591.24	1271.00
591.44	1276.00
591.63	1311.00
591.83	1329.00
592.02	1375.00
592.22	1399.00
592.41	1352.00
592.61	1330.00
592.80	1352.00
593.00	1503.00
593.19	1486.00
593.39	1482.00
593.59	1505.00
593.78	1498.00
593.98	1440.00
594.17	1437.00
594.37	1481.00
594.56	1437.00
594.76	1421.00
594.95	1476.00
595.15	1548.00
595.34	1550.00
595.54	1535.00
595.73	1518.00
595.93	1466.00
596.13	1486.00
596.32	1597.00
596.52	1608.00
596.71	1569.00
596.91	1527.00
597.10	1545.00
597.30	1587.00
597.49	1572.00
597.69	1674.00
597.88	1646.00
598.08	1640.00
598.27	1586.00
598.47	1642.00
598.66	1667.00
598.86	1701.00
599.06	1756.00
599.25	1717.00
599.45	1655.00
599.64	1663.00
599.84	1723.00
600.03	1774.00
600.23	1680.00
600.42	1673.00
600.62	1765.00
600.81	1770.00
601.01	1707.00
601.20	1698.00
601.40	1729.00
601.59	1736.00
601.79	1751.00
601.98	1727.00
602.18	1681.00
602.37	1660.00
602.57	1688.00
602.76	1744.00
602.96	1737.00
603.15	1697.00
603.35	1682.00
603.54	1658.00
603.74	1696.00
603.93	1699.00
604.13	1760.00
604.32	1733.00
604.52	1719.00
604.71	1802.00
604.91	1719.00
605.10	1730.00
605.30	1784.00
605.49	1707.00
605.69	1659.00
605.88	1749.00
606.08	1765.00
606.27	1706.00
606.47	1767.00
606.66	1693.00
606.86	1685.00
607.05	1763.00
607.25	1759.00
607.44	1703.00
607.64	1686.00
607.83	1731.00
608.03	1795.00
608.22	1811.00
608.42	1798.00
608.61	1767.00
608.81	1816.00
609.00	1910.00
609.20	1894.00
609.39	1881.00
609.59	1938.00
609.78	2012.00
609.98	2029.00
610.17	2167.00
610.37	2376.00
610.56	2517.00
610.76	2620.00
610.95	2734.00
611.15	2987.00
611.34	3072.00
611.54	3074.00
611.73	3146.00
611.93	2937.00
612.12	2674.00
612.32	2496.00
612.51	2265.00
612.71	2111.00
612.90	2032.00
613.09	2047.00
613.29	2060.00
613.48	2013.00
613.68	1993.00
613.87	2104.00
614.07	2018.00
614.26	2076.00
614.46	2055.00
614.65	2068.00
614.85	1980.00
615.04	1953.00
615.24	1902.00
615.43	1940.00
615.63	1816.00
615.82	1840.00
616.02	1797.00
616.21	1685.00
616.40	1752.00
616.60	1782.00
616.79	1758.00
616.99	1791.00
617.18	1776.00
617.38	1742.00
617.57	1747.00
617.77	1777.00
617.96	1780.00
618.16	1792.00
618.35	1739.00
618.54	1741.00
618.74	1763.00
618.93	1798.00
619.13	1740.00
619.32	1738.00
619.52	1762.00
619.71	1848.00
619.91	1891.00
620.10	1846.00
620.30	1803.00
620.49	1803.00
620.68	1776.00
620.88	1951.00
621.07	1897.00
621.27	1865.00
621.46	1810.00
621.66	1852.00
621.85	1918.00
622.05	1829.00
622.24	1814.00
622.43	1799.00
622.63	1862.00
622.82	1875.00
623.02	1887.00
623.21	1907.00
623.41	1945.00
623.60	1953.00
623.80	1916.00
623.99	1936.00
624.18	1969.00
624.38	1940.00
624.57	1909.00
624.77	2026.00
624.96	2014.00
625.16	1986.00
625.35	1930.00
625.54	2009.00
625.74	2081.00
625.93	2043.00
626.13	2025.00
626.32	2011.00
626.52	2086.00
626.71	2175.00
626.90	2115.00
627.10	2099.00
627.29	2010.00
627.49	2013.00
627.68	2128.00
627.88	2090.00
628.07	2075.00
628.26	2055.00
628.46	2046.00
628.65	2104.00
628.85	2115.00
629.04	2085.00
629.23	2014.00
629.43	2117.00
629.62	2200.00
629.82	2145.00
630.01	2145.00
630.21	2225.00
630.40	2274.00
630.59	2306.00
630.79	2325.00
630.98	2310.00
631.18	2312.00
631.37	2337.00
631.56	2319.00
631.76	2244.00
631.95	2249.00
632.15	2316.00
632.34	2330.00
632.53	2269.00
632.73	2276.00
632.92	2179.00
633.12	2154.00
633.31	2241.00
633.50	2254.00
633.70	2182.00
633.89	2135.00
634.09	2189.00
634.28	2232.00
634.47	2283.00
634.67	2289.00
634.86	2299.00
635.06	2292.00
635.25	2344.00
635.44	2306.00
635.64	2404.00
635.83	2397.00
636.03	2328.00
636.22	2358.00
636.41	2341.00
636.61	2302.00
636.80	2338.00
637.00	2440.00
637.19	2441.00
637.38	2413.00
637.58	2423.00
637.77	2427.00
637.96	2532.00
638.16	2490.00
638.35	2433.00
638.55	2518.00
638.74	2578.00
638.93	2596.00
639.13	2547.00
639.32	2539.00
639.51	2503.00
639.71	2593.00
639.90	2596.00
640.10	2607.00
640.29	2546.00
640.48	2498.00
640.68	2586.00
640.87	2686.00
641.07	2712.00
641.26	2733.00
641.45	2705.00
641.65	2673.00
641.84	2715.00
642.03	2792.00
642.23	2803.00
642.42	2785.00
642.61	2770.00
642.81	2810.00
643.00	2772.00
643.20	2789.00
643.39	2841.00
643.58	2735.00
643.78	2771.00
643.97	2830.00
644.16	2875.00
644.36	2780.00
644.55	2861.00
644.74	2882.00
644.94	2891.00
645.13	2880.00
645.33	2838.00
645.52	2869.00
645.71	2859.00
645.91	2941.00
646.10	2926.00
646.29	2887.00
646.49	2926.00
646.68	2942.00
646.87	2854.00
647.07	2891.00
647.26	2951.00
647.45	3043.00
647.65	3057.00
647.84	3093.00
648.03	3022.00
648.23	3095.00
648.42	3066.00
648.62	3047.00
648.81	3051.00
649.00	3019.00
649.20	3019.00
649.39	3019.00
649.58	3056.00
649.78	3074.00
649.97	3105.00
650.16	3089.00
650.36	3119.00
650.55	3086.00
650.74	3175.00
650.94	3184.00
651.13	3147.00
651.32	3193.00
651.52	3185.00
651.71	3167.00
651.90	3110.00
652.10	3200.00
652.29	3225.00
652.48	3192.00
652.68	3205.00
652.87	3293.00
653.06	3198.00
653.26	3127.00
653.45	3110.00
653.64	3202.00
653.84	3135.00
654.03	3061.00
654.22	3126.00
654.42	3153.00
654.61	3185.00
654.80	3117.00
654.99	3224.00
655.19	3207.00
655.38	3171.00
655.57	3184.00
655.77	3225.00
655.96	3150.00
656.15	3091.00
656.35	3159.00
656.54	3192.00
656.73	3222.00
656.93	3219.00
657.12	3164.00
657.31	3182.00
657.51	3144.00
657.70	3149.00
657.89	3192.00
658.09	3266.00
658.28	3201.00
658.47	3236.00
658.66	3244.00
658.86	3244.00
659.05	3163.00
659.24	3143.00
659.44	3170.00
659.63	3116.00
659.82	3192.00
660.02	3298.00
660.21	3195.00
660.40	3089.00
660.60	3120.00
660.79	3130.00
660.98	3151.00
661.17	3192.00
661.37	3112.00
661.56	3136.00
661.75	3141.00
661.95	3141.00
662.14	3094.00
662.33	3150.00
662.52	3170.00
662.72	3196.00
662.91	3186.00
663.10	3101.00
663.30	3185.00
663.49	3165.00
663.68	3106.00
663.88	3117.00
664.07	3143.00
664.26	3016.00
664.45	3013.00
664.65	3049.00
664.84	2946.00
665.03	2945.00
665.23	3050.00
665.42	3024.00
665.61	2966.00
665.80	3001.00
666.00	2985.00
666.19	2939.00
666.38	2986.00
666.57	2971.00
666.77	2985.00
666.96	3074.00
667.15	3012.00
667.35	2989.00
667.54	2995.00
667.73	2971.00
667.92	2911.00
668.12	2976.00
668.31	2988.00
668.50	2906.00
668.70	2860.00
668.89	2810.00
669.08	2830.00
669.27	2862.00
669.47	2911.00
669.66	2922.00
669.85	2849.00
670.04	2959.00
670.24	2987.00
670.43	2923.00
670.62	2873.00
670.81	2874.00
671.01	2870.00
671.20	2848.00
671.39	2835.00
671.58	2850.00
671.78	2911.00
671.97	2791.00
672.16	2808.00
672.36	2855.00
672.55	2817.00
672.74	2873.00
672.93	2804.00
673.13	2786.00
673.32	2800.00
673.51	2770.00
673.70	2773.00
673.90	2820.00
674.09	2845.00
674.28	2898.00
674.47	2809.00
674.67	2798.00
674.86	2776.00
675.05	2777.00
675.24	2901.00
675.44	2805.00
675.63	2773.00
675.82	2816.00
676.01	2783.00
676.21	2806.00
676.40	2754.00
676.59	2766.00
676.78	2748.00
676.97	2727.00
677.17	2727.00
677.36	2689.00
677.55	2707.00
677.74	2690.00
677.94	2633.00
678.13	2588.00
678.32	2641.00
678.51	2593.00
678.71	2655.00
678.90	2635.00
679.09	2662.00
679.28	2804.00
679.48	2779.00
679.67	2791.00
679.86	2746.00
680.05	2723.00
680.24	2706.00
680.44	2701.00
680.63	2738.00
680.82	2683.00
681.01	2542.00
681.21	2553.00
681.40	2659.00
681.59	2611.00
681.78	2584.00
681.97	2639.00
682.17	2648.00
682.36	2643.00
682.55	2609.00
682.74	2620.00
682.94	2659.00
683.13	2652.00
683.32	2579.00
683.51	2615.00
683.70	2662.00
683.90	2701.00
684.09	2706.00
684.28	2666.00
684.47	2617.00
684.66	2673.00
684.86	2723.00
685.05	2653.00
685.24	2583.00
685.43	2597.00
685.63	2654.00
685.82	2577.00
686.01	2637.00
686.20	2612.00
686.39	2623.00
686.59	2631.00
686.78	2604.00
686.97	2664.00
687.16	2680.00
687.35	2611.00
687.55	2523.00
687.74	2548.00
687.93	2574.00
688.12	2626.00
688.31	2711.00
688.51	2680.00
688.70	2708.00
688.89	2657.00
689.08	2635.00
689.27	2588.00
689.47	2564.00
689.66	2636.00
689.85	2657.00
690.04	2520.00
690.23	2558.00
690.42	2542.00
690.62	2562.00
690.81	2582.00
691.00	2568.00
691.19	2563.00
691.38	2603.00
691.58	2625.00
691.77	2627.00
691.96	2588.00
692.15	2505.00
692.34	2581.00
692.54	2655.00
692.73	2638.00
692.92	2646.00
693.11	2658.00
693.30	2671.00
693.49	2688.00
693.69	2651.00
693.88	2665.00
694.07	2689.00
694.26	2676.00
694.45	2626.00
694.64	2605.00
694.84	2678.00
695.03	2624.00
695.22	2558.00
695.41	2573.00
695.60	2593.00
695.80	2563.00
695.99	2658.00
696.18	2687.00
696.37	2578.00
696.56	2602.00
696.75	2663.00
696.95	2607.00
697.14	2599.00
697.33	2629.00
697.52	2633.00
697.71	2714.00
697.90	2689.00
698.09	2736.00
698.29	2737.00
698.48	2747.00
698.67	2747.00
698.86	2770.00
699.05	2718.00
699.24	2706.00
699.44	2747.00
699.63	2749.00
699.82	2691.00
700.01	2657.00
700.20	2693.00
700.39	2722.00
700.58	2719.00
700.78	2700.00
700.97	2730.00
701.16	2779.00
701.35	2717.00
701.54	2726.00
701.73	2784.00
701.93	2829.00
702.12	2822.00
702.31	2811.00
702.50	2815.00
702.69	2830.00
702.88	2857.00
703.07	2861.00
703.27	2895.00
703.46	2819.00
703.65	2787.00
703.84	2841.00
704.03	2859.00
704.22	2828.00
704.41	2896.00
704.60	2925.00
704.80	2920.00
704.99	2879.00
705.18	2856.00
705.37	2848.00
705.56	2863.00
705.75	2880.00
705.94	2881.00
706.14	2876.00
706.33	2888.00
706.52	2945.00
706.71	3036.00
706.90	3088.00
707.09	3096.00
707.28	3112.00
707.47	3153.00
707.67	3202.00
707.86	3148.00
708.05	3116.00
708.24	3074.00
708.43	3129.00
708.62	3197.00
708.81	3192.00
709.00	3032.00
709.20	3091.00
709.39	3227.00
709.58	3164.00
709.77	3212.00
709.96	3212.00
710.15	3189.00
710.34	3199.00
710.53	3140.00
710.72	3110.00
710.92	3136.00
711.11	3192.00
711.30	3259.00
711.49	3292.00
711.68	3227.00
711.87	3182.00
712.06	3268.00
712.25	3235.00
712.44	3260.00
712.64	3363.00
712.83	3419.00
713.02	3406.00
713.21	3409.00
713.40	3422.00
713.59	3337.00
713.78	3260.00
713.97	3283.00
714.16	3363.00
714.35	3375.00
714.55	3379.00
714.74	3308.00
714.93	3325.00
715.12	3325.00
715.31	3268.00
715.50	3335.00
715.69	3292.00
715.88	3211.00
716.07	3227.00
716.26	3288.00
716.45	3420.00
716.65	3410.00
716.84	3251.00
717.03	3294.00
717.22	3350.00
717.41	3312.00
717.60	3369.00
717.79	3427.00
717.98	3435.00
718.17	3433.00
718.36	3488.00
718.55	3473.00
718.75	3380.00
718.94	3427.00
719.13	3522.00
719.32	3496.00
719.51	3404.00
719.70	3374.00
719.89	3407.00
720.08	3499.00
720.27	3452.00
720.46	3448.00
720.65	3519.00
720.84	3521.00
721.03	3459.00
721.22	3486.00
721.42	3520.00
721.61	3485.00
721.80	3481.00
721.99	3507.00
722.18	3405.00
722.37	3466.00
722.56	3409.00
722.75	3330.00
722.94	3341.00
723.13	3329.00
723.32	3427.00
723.51	3476.00
723.70	3443.00
723.89	3396.00
724.08	3409.00
724.28	3431.00
724.47	3470.00
724.66	3473.00
724.85	3496.00
725.04	3509.00
725.23	3541.00
725.42	3495.00
725.61	3459.00
725.80	3508.00
725.99	3565.00
726.18	3629.00
726.37	3676.00
726.56	3521.00
726.75	3494.00
726.94	3487.00
727.13	3477.00
727.32	3498.00
727.51	3509.00
727.71	3423.00
727.90	3520.00
728.09	3531.00
728.28	3487.00
728.47	3352.00
728.66	3346.00
728.85	3372.00
729.04	3379.00
729.23	3479.00
729.42	3444.00
729.61	3439.00
729.80	3468.00
729.99	3519.00
730.18	3522.00
730.37	3456.00
730.56	3392.00
730.75	3508.00
730.94	3519.00
731.13	3535.00
731.32	3572.00
731.51	3476.00
731.70	3488.00
731.89	3486.00
732.08	3514.00
732.27	3442.00
732.46	3458.00
732.65	3524.00
732.84	3553.00
733.04	3523.00
733.23	3531.00
733.42	3433.00
733.61	3360.00
733.80	3382.00
733.99	3497.00
734.18	3439.00
734.37	3473.00
734.56	3432.00
734.75	3409.00
734.94	3438.00
735.13	3497.00
735.32	3497.00
735.51	3456.00
735.70	3441.00
735.89	3349.00
736.08	3402.00
736.27	3362.00
736.46	3350.00
736.65	3312.00
736.84	3302.00
737.03	3439.00
737.22	3379.00
737.41	3281.00
737.60	3338.00
737.79	3375.00
737.98	3355.00
738.17	3466.00
738.36	3415.00
738.55	3349.00
738.74	3313.00
738.93	3372.00
739.12	3315.00
739.31	3277.00
739.50	3250.00
739.69	3286.00
739.88	3296.00
740.07	3244.00
740.26	3214.00
740.45	3293.00
740.64	3309.00
740.83	3162.00
741.02	3192.00
741.21	3203.00
741.40	3265.00
741.59	3221.00
741.78	3191.00
741.97	3146.00
742.16	3246.00
742.35	3172.00
742.54	3116.00
742.73	3176.00
742.92	3169.00
743.11	3181.00
743.30	3140.00
743.49	3080.00
743.68	3138.00
743.87	3093.00
744.06	2985.00
744.25	2962.00
744.44	3020.00
744.63	3113.00
744.82	3125.00
745.01	3120.00
745.20	3213.00
745.39	3174.00
745.58	3013.00
745.77	3017.00
745.96	3024.00
746.15	3077.00
746.34	3083.00
746.52	3059.00
746.71	3062.00
746.90	3122.00
747.09	3121.00
747.28	2973.00
747.47	2940.00
747.66	2997.00
747.85	3067.00
748.04	3039.00
748.23	3081.00
748.42	2960.00
748.61	2893.00
748.80	2894.00
748.99	2853.00
749.18	2920.00
749.37	2872.00
749.56	2819.00
749.75	2791.00
749.94	2870.00
750.13	2866.00
750.32	2784.00
750.51	2806.00
750.70	2855.00
750.89	2753.00
751.08	2791.00
751.27	2878.00
751.46	2817.00
751.64	2818.00
751.83	2804.00
752.02	2774.00
752.21	2847.00
752.40	2854.00
752.59	2725.00
752.78	2708.00
752.97	2745.00
753.16	2787.00
753.35	2819.00
753.54	2742.00
753.73	2704.00
753.92	2709.00
754.11	2786.00
754.30	2841.00
754.49	2859.00
754.68	2804.00
754.87	2797.00
755.06	2753.00
755.24	2721.00
755.43	2685.00
755.62	2632.00
755.81	2595.00
756.00	2682.00
756.19	2727.00
756.38	2583.00
756.57	2550.00
756.76	2619.00
756.95	2621.00
757.14	2585.00
757.33	2576.00
757.52	2673.00
757.71	2709.00
757.90	2629.00
758.08	2652.00
758.27	2612.00
758.46	2519.00
758.65	2524.00
758.84	2606.00
759.03	2644.00
759.22	2614.00
759.41	2615.00
759.60	2612.00
759.79	2585.00
759.98	2560.00
760.17	2495.00
760.36	2551.00
760.54	2494.00
760.73	2468.00
760.92	2536.00
761.11	2606.00
761.30	2505.00
761.49	2485.00
761.68	2412.00
761.87	2336.00
762.06	2411.00
762.25	2435.00
762.44	2341.00
762.63	2370.00
762.81	2244.00
763.00	2186.00
763.19	2171.00
763.38	2206.00
763.57	2177.00
763.76	2140.00
763.95	2139.00
764.14	2197.00
764.33	2099.00
764.52	2126.00
764.71	2174.00
764.89	2081.00
765.08	2063.00
765.27	2132.00
765.46	2151.00
765.65	2165.00
765.84	2186.00
766.03	2261.00
766.22	2182.00
766.41	2223.00
766.59	2229.00
766.78	2181.00
766.97	2243.00
767.16	2271.00
767.35	2257.00
767.54	2322.00
767.73	2407.00
767.92	2371.00
768.11	2339.00
768.30	2350.00
768.48	2355.00
768.67	2465.00
768.86	2491.00
769.05	2428.00
769.24	2505.00
769.43	2546.00
769.62	2470.00
769.81	2408.00
769.99	2430.00
770.18	2436.00
770.37	2431.00
770.56	2461.00
770.75	2454.00
770.94	2515.00
771.13	2420.00
771.32	2390.00
771.50	2406.00
771.69	2431.00
771.88	2404.00
772.07	2474.00
772.26	2479.00
772.45	2431.00
772.64	2450.00
772.83	2436.00
773.01	2395.00
773.20	2441.00
773.39	2456.00
773.58	2415.00
773.77	2310.00
773.96	2363.00
774.15	2364.00
774.34	2366.00
774.52	2365.00
774.71	2369.00
774.90	2358.00
775.09	2332.00
775.28	2313.00
775.47	2428.00
775.66	2359.00
775.84	2295.00
776.03	2298.00
776.22	2308.00
776.41	2386.00
776.60	2431.00
776.79	2332.00
776.98	2293.00
777.16	2314.00
777.35	2333.00
777.54	2388.00
777.73	2352.00
777.92	2265.00
778.11	2255.00
778.29	2423.00
778.48	2400.00
778.67	2256.00
778.86	2225.00
779.05	2252.00
779.24	2325.00
779.43	2374.00
779.61	2398.00
779.80	2315.00
779.99	2312.00
780.18	2422.00
780.37	2397.00
780.56	2375.00
780.74	2413.00
780.93	2428.00
781.12	2429.00
781.31	2487.00
781.50	2463.00
781.69	2411.00
781.87	2334.00
782.06	2416.00
782.25	2377.00
782.44	2299.00
782.63	2333.00
782.82	2341.00
783.00	2352.00
783.19	2400.00
783.38	2383.00
783.57	2405.00
783.76	2386.00
783.95	2314.00
784.13	2426.00
784.32	2396.00
784.51	2332.00
784.70	2313.00
784.89	2401.00
785.08	2401.00
785.26	2398.00
785.45	2400.00
785.64	2499.00
785.83	2470.00
786.02	2359.00
786.20	2351.00
786.39	2322.00
786.58	2283.00
786.77	2345.00
786.96	2408.00
787.15	2489.00
787.33	2407.00
787.52	2392.00
787.71	2399.00
787.90	2414.00
788.09	2461.00
788.27	2523.00
788.46	2430.00
788.65	2414.00
788.84	2475.00
789.03	2417.00
789.21	2395.00
789.40	2455.00
789.59	2567.00
789.78	2568.00
789.97	2440.00
790.15	2473.00
790.34	2496.00
790.53	2528.00
790.72	2504.00
790.91	2460.00
791.09	2498.00
791.28	2558.00
791.47	2512.00
791.66	2532.00
791.85	2534.00
792.03	2463.00
792.22	2535.00
792.41	2638.00
792.60	2600.00
792.79	2537.00
792.97	2598.00
793.16	2647.00
793.35	2635.00
793.54	2572.00
793.72	2608.00
793.91	2617.00
794.10	2599.00
794.29	2612.00
794.48	2620.00
794.66	2608.00
794.85	2665.00
795.04	2672.00
795.23	2674.00
795.42	2638.00
795.60	2640.00
795.79	2642.00
795.98	2600.00
796.17	2681.00
796.35	2645.00
796.54	2560.00
796.73	2593.00
796.92	2690.00
797.11	2684.00
797.29	2569.00
797.48	2612.00
797.67	2658.00
797.86	2645.00
798.04	2654.00
798.23	2599.00
798.42	2572.00
798.61	2563.00
798.79	2559.00
798.98	2575.00
799.17	2588.00
799.36	2494.00
799.54	2491.00
799.73	2700.00
799.92	2688.00
800.11	2614.00
800.30	2665.00
800.48	2677.00
800.67	2716.00
800.86	2760.00
801.05	2659.00
801.23	2660.00
801.42	2634.00
801.61	2574.00
801.80	2646.00
801.98	2656.00
802.17	2682.00
802.36	2711.00
802.55	2585.00
802.73	2513.00
802.92	2640.00
803.11	2695.00
803.30	2723.00
803.48	2761.00
803.67	2738.00
803.86	2704.00
804.05	2726.00
804.23	2761.00
804.42	2655.00
804.61	2719.00
804.80	2646.00
804.98	2601.00
805.17	2624.00
805.36	2740.00
805.54	2682.00
805.73	2635.00
805.92	2610.00
806.11	2634.00
806.29	2644.00
806.48	2699.00
806.67	2669.00
806.86	2713.00
807.04	2695.00
807.23	2646.00
807.42	2630.00
807.61	2729.00
807.79	2783.00
807.98	2745.00
808.17	2685.00
808.35	2633.00
808.54	2725.00
808.73	2691.00
808.92	2621.00
809.10	2700.00
809.29	2725.00
809.48	2726.00
809.67	2685.00
809.85	2685.00
810.04	2690.00
810.23	2664.00
810.41	2695.00
810.60	2657.00
810.79	2677.00
810.98	2653.00
811.16	2618.00
811.35	2675.00
811.54	2723.00
811.72	2712.00
811.91	2657.00
812.10	2683.00
812.29	2594.00
812.47	2572.00
812.66	2646.00
812.85	2666.00
813.03	2656.00
813.22	2663.00
813.41	2674.00
813.60	2637.00
813.78	2647.00
813.97	2698.00
814.16	2684.00
814.34	2665.00
814.53	2620.00
814.72	2647.00
814.90	2657.00
815.09	2576.00
815.28	2565.00
815.47	2656.00
815.65	2698.00
815.84	2682.00
816.03	2652.00
816.21	2632.00
816.40	2626.00
816.59	2595.00
816.77	2611.00
816.96	2732.00
817.15	2752.00
817.33	2671.00
817.52	2700.00
817.71	2693.00
817.90	2626.00
818.08	2664.00
818.27	2619.00
818.46	2588.00
818.64	2626.00
818.83	2665.00
819.02	2726.00
819.20	2752.00
819.39	2656.00
819.58	2747.00
819.76	2790.00
819.95	2723.00
820.14	2728.00
820.32	2806.00
820.51	2700.00
820.70	2637.00
820.88	2623.00
821.07	2650.00
821.26	2597.00
821.44	2596.00
821.63	2684.00
821.82	2771.00
822.01	2707.00
822.19	2624.00
822.38	2652.00
822.57	2622.00
822.75	2594.00
822.94	2576.00
823.13	2742.00
823.31	2634.00
823.50	2543.00
823.69	2599.00
823.87	2622.00
824.06	2637.00
824.25	2611.00
824.43	2628.00
824.62	2619.00
824.80	2601.00
824.99	2525.00
825.18	2514.00
825.36	2556.00
825.55	2579.00
825.74	2598.00
825.92	2576.00
826.11	2603.00
826.30	2600.00
826.48	2525.00
826.67	2549.00
826.86	2546.00
827.04	2644.00
827.23	2540.00
827.42	2540.00
827.60	2665.00
827.79	2693.00
827.98	2556.00
828.16	2490.00
828.35	2554.00
828.54	2454.00
828.72	2488.00
828.91	2480.00
829.09	2515.00
829.28	2555.00
829.47	2529.00
829.65	2502.00
829.84	2396.00
830.03	2424.00
830.21	2378.00
830.40	2442.00
830.59	2427.00
830.77	2406.00
830.96	2466.00
831.14	2537.00
831.33	2465.00
831.52	2446.00
831.70	2453.00
831.89	2529.00
832.08	2468.00
832.26	2443.00
832.45	2409.00
832.64	2350.00
832.82	2370.00
833.01	2394.00
833.19	2397.00
833.38	2457.00
833.57	2455.00
833.75	2453.00
833.94	2453.00
834.13	2435.00
834.31	2468.00
834.50	2562.00
834.68	2517.00
834.87	2488.00
835.06	2456.00
835.24	2452.00
835.43	2467.00
835.61	2424.00
835.80	2316.00
835.99	2414.00
836.17	2450.00
836.36	2506.00
836.55	2474.00
836.73	2362.00
836.92	2339.00
837.10	2359.00
837.29	2409.00
837.48	2425.00
837.66	2473.00
837.85	2444.00
838.03	2448.00
838.22	2444.00
838.41	2447.00
838.59	2413.00
838.78	2324.00
838.96	2332.00
839.15	2366.00
839.34	2379.00
839.52	2325.00
839.71	2276.00
839.89	2320.00
840.08	2343.00
840.27	2410.00
840.45	2290.00
840.64	2228.00
840.82	2264.00
841.01	2353.00
841.20	2319.00
841.38	2297.00
841.57	2326.00
841.75	2230.00
841.94	2269.00
842.13	2241.00
842.31	2181.00
842.50	2159.00
842.68	2133.00
842.87	2184.00
843.05	2219.00
843.24	2165.00
843.43	2225.00
843.61	2297.00
843.80	2298.00
843.98	2189.00
844.17	2162.00
844.36	2198.00
844.54	2270.00
844.73	2211.00
844.91	2278.00
845.10	2235.00
845.28	2223.00
845.47	2173.00
845.66	2167.00
845.84	2181.00
846.03	2198.00
846.21	2187.00
846.40	2179.00
846.58	2094.00
846.77	2100.00
846.96	2107.00
847.14	2252.00
847.33	2134.00
847.51	2111.00
847.70	2214.00
847.88	2139.00
848.07	2164.00
848.25	2151.00
848.44	2180.00
848.63	2097.00
848.81	2101.00
849.00	2112.00
849.18	2111.00
849.37	2096.00
849.55	2087.00
849.74	2052.00
849.93	2098.00
850.11	2065.00
850.30	2056.00
850.48	2068.00
850.67	1992.00
850.85	2067.00
851.04	2082.00
851.22	2054.00
851.41	2002.00
851.59	1954.00
851.78	1982.00
851.97	2027.00
852.15	2091.00
852.34	2097.00
852.52	2117.00
852.71	2105.00
852.89	2018.00
853.08	2004.00
853.26	2016.00
853.45	1957.00
853.63	2009.00
853.82	1987.00
854.01	2010.00
854.19	2040.00
854.38	2060.00
854.56	1982.00
854.75	1947.00
854.93	2003.00
855.12	2038.00
855.30	1962.00
855.49	1983.00
855.67	1976.00
855.86	1928.00
856.04	1963.00
856.23	1931.00
856.41	1983.00
856.60	1998.00
856.79	1914.00
856.97	1947.00
857.16	1889.00
857.34	1911.00
857.53	1887.00
857.71	1925.00
857.90	1901.00
858.08	1847.00
858.27	1859.00
858.45	1963.00
858.64	1960.00
858.82	1929.00
859.01	1911.00
859.19	1936.00
859.38	1907.00
859.56	1854.00
859.75	1826.00
859.93	1814.00
860.12	1836.00
860.30	1859.00
860.49	1835.00
860.67	1889.00
860.86	1897.00
861.04	1828.00
861.23	1895.00
861.41	1877.00
861.60	1768.00
861.78	1818.00
861.97	1816.00
862.15	1804.00
862.34	1768.00
862.53	1808.00
862.71	1797.00
862.90	1752.00
863.08	1846.00
863.27	1852.00
863.45	1806.00
863.64	1823.00
863.82	1786.00
864.01	1787.00
864.19	1818.00
864.37	1749.00
864.56	1799.00
864.74	1789.00
864.93	1782.00
865.11	1815.00
865.30	1760.00
865.48	1800.00
865.67	1792.00
865.85	1727.00
866.04	1691.00
866.22	1728.00
866.41	1698.00
866.59	1680.00
866.78	1685.00
866.96	1692.00
867.15	1710.00
867.33	1681.00
867.52	1706.00
867.70	1723.00
867.89	1718.00
868.07	1725.00
868.26	1627.00
868.44	1677.00
868.63	1616.00
868.81	1597.00
869.00	1611.00
869.18	1594.00
869.37	1591.00
869.55	1654.00
869.74	1699.00
869.92	1637.00
870.10	1651.00
870.29	1720.00
870.47	1661.00
870.66	1643.00
870.84	1653.00
871.03	1606.00
871.21	1614.00
871.40	1684.00
871.58	1770.00
871.77	1693.00
871.95	1617.00
872.14	1649.00
872.32	1580.00
872.51	1565.00
872.69	1625.00
872.87	1586.00
873.06	1608.00
873.24	1582.00
873.43	1586.00
873.61	1605.00
873.80	1551.00
873.98	1418.00
874.17	1493.00
874.35	1511.00
874.54	1606.00
874.72	1676.00
874.90	1537.00
875.09	1455.00
875.27	1557.00
875.46	1533.00
875.64	1504.00
875.83	1431.00
876.01	1513.00
876.20	1525.00
876.38	1457.00
876.56	1492.00
876.75	1482.00
876.93	1510.00
877.12	1623.00
877.30	1617.00
877.49	1568.00
877.67	1503.00
877.86	1535.00
878.04	1532.00
878.22	1522.00
878.41	1506.00
878.59	1476.00
878.78	1469.00
878.96	1508.00
879.15	1527.00
879.33	1529.00
879.51	1516.00
879.70	1533.00
879.88	1562.00
880.07	1478.00
880.25	1467.00
880.44	1434.00
880.62	1533.00
880.80	1521.00
880.99	1475.00
881.17	1519.00
881.36	1601.00
881.54	1570.00
881.73	1544.00
881.91	1514.00
882.09	1528.00
882.28	1495.00
882.46	1527.00
882.65	1540.00
882.83	1545.00
883.02	1474.00
883.20	1529.00
883.38	1528.00
883.57	1456.00
883.75	1442.00
883.94	1415.00
884.12	1486.00
884.30	1484.00
884.49	1540.00
884.67	1497.00
884.86	1438.00
885.04	1453.00
885.22	1468.00
885.41	1458.00
885.59	1449.00
885.78	1451.00
885.96	1423.00
886.14	1478.00
886.33	1443.00
886.51	1429.00
886.70	1412.00
886.88	1374.00
887.06	1453.00
887.25	1435.00
887.43	1461.00
887.62	1478.00
887.80	1399.00
887.98	1347.00
888.17	1422.00
888.35	1434.00
888.54	1451.00
888.72	1517.00
888.90	1450.00
889.09	1429.00
889.27	1395.00
889.46	1428.00
889.64	1392.00
889.82	1353.00
890.01	1431.00
890.19	1463.00
890.38	1330.00
890.56	1382.00
890.74	1430.00
890.93	1433.00
891.11	1420.00
891.29	1381.00
891.48	1351.00
891.66	1401.00
891.85	1474.00
892.03	1508.00
892.21	1508.00
892.40	1467.00
892.58	1424.00
892.76	1463.00
892.95	1432.00
893.13	1390.00
893.32	1430.00
893.50	1466.00
893.68	1373.00
893.87	1338.00
894.05	1389.00
894.23	1451.00
894.42	1457.00
894.60	1393.00
894.79	1367.00
894.97	1441.00
895.15	1398.00
895.34	1393.00
895.52	1466.00
895.70	1457.00
895.89	1381.00
896.07	1405.00
896.25	1479.00
896.44	1507.00
896.62	1484.00
896.81	1481.00
896.99	1431.00
897.17	1442.00
897.36	1481.00
897.54	1470.00
897.72	1451.00
897.91	1432.00
898.09	1443.00
898.27	1518.00
898.46	1499.00
898.64	1446.00
898.82	1438.00
899.01	1456.00
899.19	1471.00
899.37	1456.00
899.56	1515.00
899.74	1483.00
899.92	1468.00
900.11	1571.00
900.29	1616.00
900.47	1524.00
900.66	1495.00
900.84	1490.00
901.03	1486.00
901.21	1426.00
901.39	1474.00
901.58	1513.00
901.76	1509.00
901.94	1517.00
902.13	1501.00
902.31	1541.00
902.49	1643.00
902.68	1663.00
902.86	1568.00
903.04	1499.00
903.23	1479.00
903.41	1558.00
903.59	1639.00
903.78	1588.00
903.96	1512.00
904.14	1516.00
904.32	1593.00
904.51	1584.00
904.69	1554.00
904.87	1554.00
905.06	1514.00
905.24	1579.00
905.42	1588.00
905.61	1541.00
905.79	1565.00
905.97	1561.00
906.16	1584.00
906.34	1584.00
906.52	1604.00
906.71	1636.00
906.89	1515.00
907.07	1548.00
907.26	1614.00
907.44	1650.00
907.62	1624.00
907.81	1543.00
907.99	1558.00
908.17	1563.00
908.35	1585.00
908.54	1524.00
908.72	1530.00
908.90	1585.00
909.09	1642.00
909.27	1635.00
909.45	1678.00
909.64	1667.00
909.82	1640.00
910.00	1643.00
910.18	1637.00
910.37	1641.00
910.55	1571.00
910.73	1560.00
910.92	1563.00
911.10	1596.00
911.28	1542.00
911.47	1567.00
911.65	1548.00
911.83	1467.00
912.01	1536.00
912.20	1603.00
912.38	1518.00
912.56	1582.00
912.75	1599.00
912.93	1594.00
913.11	1554.00
913.29	1587.00
913.48	1531.00
913.66	1551.00
913.84	1593.00
914.03	1569.00
914.21	1566.00
914.39	1555.00
914.57	1576.00
914.76	1499.00
914.94	1546.00
915.12	1561.00
915.31	1514.00
915.49	1502.00
915.67	1540.00
915.85	1537.00
916.04	1475.00
916.22	1471.00
916.40	1477.00
916.58	1522.00
916.77	1518.00
916.95	1536.00
917.13	1532.00
917.32	1466.00
917.50	1431.00
917.68	1475.00
917.86	1530.00
918.05	1446.00
918.23	1521.00
918.41	1518.00
918.59	1501.00
918.78	1461.00
918.96	1441.00
919.14	1525.00
919.32	1515.00
919.51	1472.00
919.69	1583.00
919.87	1473.00
920.05	1427.00
920.24	1405.00
920.42	1452.00
920.60	1411.00
920.78	1359.00
920.97	1407.00
921.15	1354.00
921.33	1428.00
921.52	1429.00
921.70	1467.00
921.88	1440.00
922.06	1401.00
922.24	1388.00
922.43	1396.00
922.61	1391.00
922.79	1340.00
922.97	1355.00
923.16	1422.00
923.34	1524.00
923.52	1491.00
923.70	1452.00
923.89	1416.00
924.07	1393.00
924.25	1438.00
924.43	1353.00
924.62	1336.00
924.80	1398.00
924.98	1387.00
925.16	1387.00
925.35	1423.00
925.53	1364.00
925.71	1263.00
925.89	1376.00
926.08	1350.00
926.26	1277.00
926.44	1352.00
926.62	1440.00
926.80	1392.00
926.99	1291.00
927.17	1331.00
927.35	1360.00
927.53	1414.00
927.72	1446.00
927.90	1396.00
928.08	1284.00
928.26	1318.00
928.44	1307.00
928.63	1253.00
928.81	1332.00
928.99	1334.00
929.17	1359.00
929.36	1389.00
929.54	1277.00
929.72	1184.00
929.90	1181.00
930.08	1258.00
930.27	1322.00
930.45	1308.00
930.63	1302.00
930.81	1355.00
930.99	1301.00
931.18	1285.00
931.36	1216.00
931.54	1251.00
931.72	1273.00
931.90	1216.00
932.09	1174.00
932.27	1252.00
932.45	1287.00
932.63	1271.00
932.81	1182.00
933.00	1189.00
933.18	1190.00
933.36	1213.00
933.54	1155.00
933.72	1199.00
933.91	1142.00
934.09	1143.00
934.27	1162.00
934.45	1097.00
934.63	1184.00
934.82	1245.00
935.00	1177.00
935.18	1123.00
935.36	1103.00
935.54	1122.00
935.73	1102.00
935.91	1076.00
936.09	1045.00
936.27	1011.00
936.45	1005.00
936.64	977.00
936.82	962.00
937.00	1010.00
937.18	1005.00
937.36	885.00
937.54	886.00
937.73	865.00
937.91	861.00
938.09	936.00
938.27	873.00
938.45	869.00
938.63	787.00
938.82	787.00
939.00	842.00
939.18	859.00
939.36	794.00
939.54	739.00
939.73	699.00
939.91	725.00
940.09	727.00
940.27	735.00
940.45	771.00
940.63	812.00
940.82	741.00
941.00	719.00
941.18	728.00
941.36	707.00
941.54	660.00
941.72	622.00
941.91	628.00
942.09	598.00
942.27	600.00
942.45	678.00
942.63	707.00
942.81	700.00
942.99	649.00
943.18	608.00
943.36	625.00
943.54	579.00
943.72	630.00
943.90	671.00
944.08	604.00
944.27	644.00
944.45	652.00
944.63	723.00
944.81	660.00
944.99	590.00
945.17	616.00
945.35	624.00
945.54	643.00
945.72	650.00
945.90	683.00
946.08	658.00
946.26	678.00
946.44	658.00
946.62	665.00
946.81	636.00
946.99	649.00
947.17	579.00
947.35	619.00
947.53	622.00
947.71	586.00
947.89	552.00
948.07	603.00
948.26	622.00
948.44	641.00
948.62	599.00
948.80	604.00
948.98	682.00
949.16	655.00
949.34	652.00
949.53	683.00
949.71	730.00
949.89	677.00
950.07	609.00
950.25	640.00
950.43	619.00
950.61	615.00
950.79	666.00
950.98	581.00
951.16	558.00
951.34	569.00
951.52	511.00
951.70	623.00
951.88	685.00
952.06	677.00
952.24	628.00
952.42	571.00
952.61	618.00
952.79	586.00
952.97	599.00
953.15	648.00
953.33	604.00
953.51	577.00
953.69	587.00
953.87	641.00
954.05	616.00
954.24	682.00
954.42	714.00
954.60	768.00
954.78	730.00
954.96	636.00
955.14	613.00
955.32	603.00
955.50	560.00
955.68	625.00
955.86	640.00
956.05	620.00
956.23	615.00
956.41	664.00
956.59	637.00
956.77	566.00
956.95	602.00
957.13	626.00
957.31	662.00
957.49	614.00
957.67	555.00
957.86	607.00
958.04	579.00
958.22	607.00
958.40	683.00
958.58	656.00
958.76	596.00
958.94	626.00
959.12	647.00
959.30	629.00
959.48	616.00
959.66	590.00
959.84	567.00
960.03	596.00
960.21	610.00
960.39	568.00
960.57	671.00
960.75	629.00
960.93	622.00
961.11	641.00
961.29	628.00
961.47	584.00
961.65	615.00
961.83	547.00
962.01	617.00
962.19	606.00
962.37	594.00
962.56	615.00
962.74	633.00
962.92	551.00
963.10	543.00
963.28	603.00
963.46	590.00
963.64	559.00
963.82	606.00
964.00	548.00
964.18	512.00
964.36	601.00
964.54	631.00
964.72	599.00
964.90	570.00
965.08	542.00
965.27	583.00
965.45	522.00
965.63	524.00
965.81	565.00
965.99	611.00
966.17	555.00
966.35	527.00
966.53	502.00
966.71	557.00
966.89	583.00
967.07	560.00
967.25	558.00
967.43	559.00
967.61	574.00
967.79	517.00
967.97	574.00
968.15	577.00
968.33	503.00
968.51	519.00
968.69	497.00
968.87	565.00
969.06	589.00
969.24	538.00
969.42	536.00
969.60	594.00
969.78	588.00
969.96	555.00
970.14	477.00
970.32	482.00
970.50	589.00
970.68	576.00
970.86	546.00
971.04	502.00
971.22	443.00
971.40	508.00
971.58	526.00
971.76	543.00
971.94	579.00
972.12	533.00
972.30	442.00
972.48	403.00
972.66	478.00
972.84	532.00
973.02	502.00
973.20	529.00
973.38	501.00
973.56	489.00
973.74	470.00
973.92	499.00
974.10	469.00
974.28	514.00
974.46	480.00
974.64	511.00
974.82	468.00
975.00	475.00
975.18	481.00
975.36	490.00
975.54	508.00
975.72	446.00
975.90	407.00
976.08	441.00
976.26	469.00
976.44	534.00
976.62	533.00
976.80	478.00
976.98	453.00
977.16	485.00
977.34	511.00
977.52	439.00
977.70	451.00
977.88	464.00
978.06	414.00
978.24	428.00
978.42	545.00
978.60	550.00
978.78	478.00
978.96	445.00
979.14	490.00
979.32	426.00
979.50	385.00
979.68	373.00
979.86	391.00
980.04	399.00
980.22	429.00
980.40	431.00
980.58	436.00
980.76	417.00
980.94	397.00
981.12	386.00
981.30	443.00
981.48	470.00
981.66	452.00
981.84	429.00
982.02	431.00
982.20	417.00
982.38	395.00
982.56	404.00
982.74	438.00
982.92	454.00
983.10	400.00
983.28	436.00
983.46	472.00
983.64	483.00
983.82	413.00
984.00	440.00
984.18	388.00
984.36	408.00
984.54	435.00
984.72	408.00
984.90	392.00
985.08	362.00
985.26	422.00
985.44	323.00
985.62	302.00
985.80	386.00
985.98	413.00
986.16	391.00
986.34	388.00
986.51	421.00
986.69	449.00
986.87	475.00
987.05	468.00
987.23	430.00
987.41	382.00
987.59	379.00
987.77	377.00
987.95	380.00
988.13	359.00
988.31	357.00
988.49	345.00
988.67	348.00
988.85	432.00
989.03	467.00
989.21	390.00
989.39	357.00
989.57	352.00
989.75	364.00
989.93	362.00
990.11	373.00
990.28	394.00
990.46	430.00
990.64	414.00
990.82	321.00
991.00	327.00
991.18	349.00
991.36	323.00
991.54	381.00
991.72	369.00
991.90	334.00
992.08	408.00
992.26	404.00
992.44	371.00
992.62	311.00
992.80	351.00
992.98	346.00
993.15	310.00
993.33	383.00
993.51	333.00
993.69	298.00
993.87	355.00
994.05	291.00
994.23	366.00
994.41	344.00
994.59	299.00
994.77	345.00
994.95	331.00
995.13	315.00
995.31	314.00
995.48	274.00
995.66	274.00
995.84	313.00
996.02	317.00
996.20	349.00
996.38	345.00
996.56	327.00
996.74	275.00
996.92	293.00
997.10	297.00
997.28	320.00
997.46	355.00
997.63	316.00
997.81	298.00
997.99	366.00
998.17	348.00
998.35	289.00
998.53	258.00
998.71	269.00
998.89	305.00
999.07	302.00
999.25	279.00
999.43	281.00
999.60	299.00
999.78	351.00
999.96	331.00
1000.14	289.00
1000.32	262.00
1000.50	280.00
1000.68	354.00
1000.86	380.00
1001.04	298.00
1001.21	279.00
1001.39	322.00
1001.57	273.00
1001.75	290.00
1001.93	269.00
1002.11	304.00
1002.29	277.00
1002.47	308.00
1002.65	275.00
1002.82	184.00
1003.00	232.00
1003.18	300.00
1003.36	262.00
1003.54	271.00
1003.72	270.00
1003.90	312.00
1004.08	312.00
1004.26	279.00
1004.43	305.00
1004.61	299.00
1004.79	282.00
1004.97	310.00
1005.15	273.00
1005.33	254.00
1005.51	259.00
1005.69	291.00
1005.86	235.00
1006.04	323.00
1006.22	289.00
1006.40	311.00
1006.58	345.00
1006.76	269.00
1006.94	264.00
1007.12	241.00
1007.29	222.00
1007.47	291.00
1007.65	314.00
1007.83	298.00
1008.01	249.00
1008.19	247.00
1008.37	271.00
1008.54	229.00
1008.72	239.00
1008.90	269.00
1009.08	312.00
1009.26	284.00
1009.44	199.00
1009.62	224.00
1009.79	245.00
1009.97	250.00
1010.15	284.00
1010.33	238.00
1010.51	278.00
1010.69	290.00
1010.87	305.00
1011.04	276.00
1011.22	237.00
1011.40	221.00
1011.58	219.00
1011.76	232.00
1011.94	300.00
1012.11	277.00
1012.29	261.00
1012.47	236.00
1012.65	220.00
1012.83	270.00
1013.01	247.00
1013.18	285.00
1013.36	286.00
1013.54	288.00
1013.72	319.00
1013.90	247.00
1014.08	208.00
1014.25	285.00
1014.43	276.00
1014.61	330.00
1014.79	281.00
1014.97	258.00
1015.15	217.00
1015.32	206.00
1015.50	231.00
1015.68	259.00
1015.86	239.00
1016.04	194.00
1016.22	171.00
1016.39	240.00
1016.57	249.00
1016.75	179.00
1016.93	219.00
1017.11	205.00
1017.29	172.00
1017.46	187.00
1017.64	192.00
1017.82	157.00
1018.00	252.00
1018.18	250.00
1018.35	237.00
1018.53	242.00
1018.71	184.00
1018.89	194.00
1019.07	231.00
1019.24	265.00
1019.42	213.00
1019.60	206.00
1019.78	175.00
1019.96	177.00
1020.14	272.00
1020.31	253.00
1020.49	255.00
1020.67	238.00
1020.85	177.00
1021.03	182.00
1021.20	215.00
1021.38	208.00
1021.56	199.00
1021.74	205.00
1021.92	159.00
1022.09	210.00
1022.27	178.00
1022.45	222.00
1022.63	270.00
1022.81	241.00
1022.98	201.00
1023.16	245.00
1023.34	209.00
1023.52	209.00
1023.69	252.00
1023.87	264.00
1024.05	234.00
1024.23	238.00
1024.41	238.00
1024.58	198.00
1024.76	180.00
1024.94	163.00
1025.12	207.00
1025.30	145.00
1025.47	211.00
1025.65	228.00
1025.83	187.00
1026.01	183.00
1026.18	201.00
1026.36	177.00
1026.54	212.00
1026.72	169.00
1026.90	183.00
1027.07	247.00
1027.25	256.00
1027.43	216.00
1027.61	195.00
1027.78	221.00
1027.96	255.00
1028.14	222.00
1028.32	154.00
1028.49	188.00
1028.67	278.00
1028.85	249.00
1029.03	215.00
1029.21	141.00
1029.38	148.00
1029.56	221.00
1029.74	252.00
1029.92	208.00
1030.09	187.00
1030.27	202.00
1030.45	189.00
1030.63	216.00
1030.80	234.00
1030.98	181.00
1031.16	165.00
1031.34	139.00
1031.51	174.00
1031.69	169.00
1031.87	239.00
1032.05	179.00
1032.22	191.00
1032.40	173.00
1032.58	184.00
1032.76	207.00
1032.93	209.00
1033.11	207.00
1033.29	253.00
1033.47	218.00
1033.64	167.00
1033.82	172.00
1034.00	144.00
1034.18	210.00
1034.35	229.00
1034.53	111.00
1034.71	124.00
1034.89	192.00
1035.06	181.00
1035.24	125.00
1035.42	145.00
1035.59	158.00
1035.77	184.00
1035.95	215.00
1036.13	150.00
1036.30	128.00
1036.48	141.00
1036.66	140.00
1036.84	118.00
1037.01	177.00
1037.19	158.00
1037.37	159.00
1037.54	110.00
1037.72	157.00
1037.90	222.00
1038.08	195.00
1038.25	169.00
1038.43	197.00
1038.61	178.00
1038.79	137.00
1038.96	148.00
1039.14	185.00
1039.32	125.00
1039.49	185.00
1039.67	205.00
1039.85	132.00
1040.03	140.00
1040.20	200.00
1040.38	194.00
1040.56	190.00
1040.73	162.00
1040.91	166.00
1041.09	118.00
1041.27	99.00
1041.44	153.00
1041.62	139.00
1041.80	199.00
1041.97	139.00
1042.15	134.00
1042.33	129.00
1042.50	159.00
1042.68	200.00
1042.86	175.00
1043.04	149.00
1043.21	134.00
1043.39	147.00
1043.57	148.00
1043.74	187.00
1043.92	195.00
1044.10	127.00
1044.27	162.00
1044.45	118.00
1044.63	142.00
1044.80	164.00
1044.98	180.00
1045.16	109.00
1045.34	161.00
1045.51	153.00
1045.69	184.00
1045.87	148.00
1046.04	119.00
1046.22	124.00
1046.40	164.00
1046.57	162.00
1046.75	118.00
1046.93	88.00
1047.10	106.00
1047.28	118.00
1047.46	97.00
1047.63	59.00
1047.81	80.00
1047.99	155.00
1048.16	119.00
1048.34	111.00
1048.52	155.00
1048.69	158.00
1048.87	158.00
1049.05	113.00
1049.22	143.00
1049.40	141.00
1049.58	113.00
1049.75	123.00
1049.93	112.00
1050.11	180.00
1050.28	156.00
1050.46	139.00
1050.64	162.00
1050.81	96.00
1050.99	124.00
1051.17	156.00
1051.34	115.00
1051.52	131.00
1051.70	138.00
1051.87	190.00
1052.05	216.00
1052.23	171.00
1052.40	178.00
1052.58	173.00
1052.76	107.00
1052.93	130.00
1053.11	117.00
1053.29	137.00
1053.46	114.00
1053.64	92.00
1053.82	111.00
1053.99	147.00
1054.17	105.00
1054.35	125.00
1054.52	98.00
1054.70	140.00
1054.87	175.00
1055.05	154.00
1055.23	101.00
1055.40	111.00
1055.58	114.00
1055.76	69.00
1055.93	79.00
1056.11	139.00
1056.29	124.00
1056.46	169.00
1056.64	126.00
1056.81	104.00
1056.99	150.00
1057.17	186.00
1057.34	172.00
1057.52	125.00
1057.70	102.00
1057.87	99.00
1058.05	101.00
1058.22	130.00
1058.40	97.00
1058.58	57.00
1058.75	84.00
1058.93	104.00
1059.11	93.00
1059.28	106.00
1059.46	92.00
1059.63	110.00
1059.81	120.00
1059.99	117.00
1060.16	135.00
1060.34	76.00
1060.52	123.00
1060.69	104.00
1060.87	161.00
1061.04	120.00
1061.22	84.00
