367.62	-41.00
367.82	-65.00
368.02	-60.00
368.23	-53.00
368.43	16.00
368.63	-39.00
368.83	-20.00
369.04	42.00
369.24	-1.00
369.44	6.00
369.65	-75.00
369.85	-30.00
370.05	41.00
370.25	-7.00
370.46	-7.00
370.66	10.00
370.86	-19.00
371.07	55.00
371.27	51.00
371.47	44.00
371.67	-39.00
371.88	-26.00
372.08	-10.00
372.28	-13.00
372.49	-44.00
372.69	-36.00
372.89	-33.00
373.09	5.00
373.30	53.00
373.50	50.00
373.70	-4.00
373.91	30.00
374.11	53.00
374.31	13.00
374.51	-19.00
374.72	-2.00
374.92	-13.00
375.12	-9.00
375.33	82.00
375.53	-20.00
375.73	-39.00
375.93	-1.00
376.14	32.00
376.34	53.00
376.54	82.00
376.74	-6.00
376.95	30.00
377.15	-18.00
377.35	-38.00
377.55	-23.00
377.76	37.00
377.96	3.00
378.16	-41.00
378.37	-1.00
378.57	-23.00
378.77	-1.00
378.97	3.00
379.18	33.00
379.38	38.00
379.58	76.00
379.78	16.00
379.99	9.00
380.19	-4.00
380.39	-29.00
380.59	0.00
380.80	20.00
381.00	43.00
381.20	38.00
381.40	43.00
381.61	44.00
381.81	60.00
382.01	55.00
382.21	-29.00
382.42	47.00
382.62	56.00
382.82	-10.00
383.02	-14.00
383.23	46.00
383.43	-18.00
383.63	4.00
383.83	-23.00
384.04	1.00
384.24	1.00
384.44	-1.00
384.64	-8.00
384.85	51.00
385.05	21.00
385.25	-8.00
385.45	28.00
385.66	-6.00
385.86	-45.00
386.06	5.00
386.26	30.00
386.47	6.00
386.67	1.00
386.87	-19.00
387.07	-19.00
387.27	-35.00
387.48	53.00
387.68	6.00
387.88	28.00
388.08	26.00
388.29	33.00
388.49	1.00
388.69	41.00
388.89	10.00
389.10	-19.00
389.30	-18.00
389.50	-22.00
389.70	32.00
389.90	11.00
390.11	21.00
390.31	25.00
390.51	13.00
390.71	28.00
390.92	-57.00
391.12	-46.00
391.32	-5.00
391.52	-43.00
391.72	-42.00
391.93	30.00
392.13	-37.00
392.33	-9.00
392.53	-25.00
392.74	11.00
392.94	11.00
393.14	-37.00
393.34	-25.00
393.54	-18.00
393.75	-45.00
393.95	-16.00
394.15	-17.00
394.35	-27.00
394.56	-33.00
394.76	-1.00
394.96	-4.00
395.16	23.00
395.36	6.00
395.57	17.00
395.77	5.00
395.97	-22.00
396.17	48.00
396.37	43.00
396.58	36.00
396.78	39.00
396.98	-13.00
397.18	52.00
397.38	38.00
397.59	34.00
397.79	-28.00
397.99	-17.00
398.19	24.00
398.39	51.00
398.60	35.00
398.80	-38.00
399.00	-17.00
399.20	16.00
399.40	-25.00
399.61	-66.00
399.81	-47.00
400.01	-25.00
400.21	18.00
400.41	8.00
400.62	1.00
400.82	-14.00
401.02	-30.00
401.22	-21.00
401.42	-10.00
401.63	40.00
401.83	7.00
402.03	-33.00
402.23	-40.00
402.43	-21.00
402.64	26.00
402.84	3.00
403.04	6.00
403.24	-34.00
403.44	-4.00
403.64	-9.00
403.85	25.00
404.05	31.00
404.25	9.00
404.45	28.00
404.65	16.00
404.86	5.00
405.06	-8.00
405.26	-8.00
405.46	-26.00
405.66	4.00
405.86	32.00
406.07	22.00
406.27	2.00
406.47	35.00
406.67	0.00
406.87	-30.00
407.07	-17.00
407.28	19.00
407.48	23.00
407.68	-36.00
407.88	19.00
408.08	59.00
408.28	67.00
408.49	35.00
408.69	60.00
408.89	53.00
409.09	17.00
409.29	4.00
409.49	-48.00
409.70	-28.00
409.90	57.00
410.10	-12.00
410.30	16.00
410.50	60.00
410.70	30.00
410.91	141.00
411.11	50.00
411.31	32.00
411.51	20.00
411.71	1.00
411.91	27.00
412.12	5.00
412.32	4.00
412.52	24.00
412.72	-11.00
412.92	-18.00
413.12	-35.00
413.32	-18.00
413.53	40.00
413.73	16.00
413.93	-21.00
414.13	-33.00
414.33	21.00
414.53	40.00
414.74	32.00
414.94	3.00
415.14	98.00
415.34	83.00
415.54	38.00
415.74	2.00
415.94	9.00
416.15	9.00
416.35	-13.00
416.55	-35.00
416.75	-15.00
416.95	55.00
417.15	62.00
417.35	-6.00
417.56	-11.00
417.76	-29.00
417.96	26.00
418.16	-1.00
418.36	-23.00
418.56	-83.00
418.76	27.00
418.97	61.00
419.17	-49.00
419.37	-12.00
419.57	62.00
419.77	39.00
419.97	57.00
420.17	16.00
420.37	36.00
420.58	3.00
420.78	45.00
420.98	48.00
421.18	2.00
421.38	-12.00
421.58	73.00
421.78	13.00
421.98	-2.00
422.19	-1.00
422.39	64.00
422.59	72.00
422.79	46.00
422.99	23.00
423.19	48.00
423.39	22.00
423.59	24.00
423.80	77.00
424.00	49.00
424.20	98.00
424.40	75.00
424.60	38.00
424.80	9.00
425.00	42.00
425.20	65.00
425.40	56.00
425.61	19.00
425.81	-27.00
426.01	9.00
426.21	-43.00
426.41	-14.00
426.61	40.00
426.81	75.00
427.01	10.00
427.21	-23.00
427.42	-47.00
427.62	56.00
427.82	76.00
428.02	17.00
428.22	37.00
428.42	29.00
428.62	10.00
428.82	22.00
429.02	65.00
429.23	33.00
429.43	5.00
429.63	-63.00
429.83	-21.00
430.03	21.00
430.23	-4.00
430.43	55.00
430.63	62.00
430.83	47.00
431.03	11.00
431.24	-26.00
431.44	24.00
431.64	23.00
431.84	-18.00
432.04	38.00
432.24	87.00
432.44	56.00
432.64	47.00
432.84	15.00
433.04	-21.00
433.24	27.00
433.45	36.00
433.65	87.00
433.85	47.00
434.05	-10.00
434.25	62.00
434.45	12.00
434.65	21.00
434.85	66.00
435.05	27.00
435.25	11.00
435.45	8.00
435.65	24.00
435.86	1.00
436.06	62.00
436.26	60.00
436.46	46.00
436.66	44.00
436.86	46.00
437.06	81.00
437.26	60.00
437.46	-5.00
437.66	30.00
437.86	19.00
438.06	18.00
438.26	20.00
438.47	6.00
438.67	21.00
438.87	47.00
439.07	-3.00
439.27	16.00
439.47	71.00
439.67	28.00
439.87	34.00
440.07	111.00
440.27	100.00
440.47	30.00
440.67	0.00
440.87	5.00
441.07	6.00
441.27	74.00
441.48	25.00
441.68	20.00
441.88	77.00
442.08	25.00
442.28	27.00
442.48	55.00
442.68	-6.00
442.88	27.00
443.08	29.00
443.28	75.00
443.48	45.00
443.68	35.00
443.88	32.00
444.08	27.00
444.28	-14.00
444.48	-60.00
444.68	-16.00
444.88	-8.00
445.09	-37.00
445.29	-45.00
445.49	44.00
445.69	38.00
445.89	4.00
446.09	58.00
446.29	83.00
446.49	52.00
446.69	27.00
446.89	84.00
447.09	101.00
447.29	30.00
447.49	0.00
447.69	-9.00
447.89	44.00
448.09	30.00
448.29	43.00
448.49	46.00
448.69	85.00
448.89	20.00
449.09	3.00
449.29	10.00
449.49	39.00
449.70	31.00
449.90	32.00
450.10	25.00
450.30	39.00
450.50	46.00
450.70	21.00
450.90	24.00
451.10	79.00
451.30	61.00
451.50	137.00
451.70	115.00
451.90	60.00
452.10	30.00
452.30	46.00
452.50	90.00
452.70	74.00
452.90	102.00
453.10	91.00
453.30	95.00
453.50	41.00
453.70	23.00
453.90	59.00
454.10	56.00
454.30	18.00
454.50	34.00
454.70	24.00
454.90	34.00
455.10	100.00
455.30	115.00
455.50	139.00
455.70	86.00
455.90	45.00
456.10	-4.00
456.30	37.00
456.50	23.00
456.70	49.00
456.90	106.00
457.10	116.00
457.30	60.00
457.50	47.00
457.70	83.00
457.90	37.00
458.10	76.00
458.30	96.00
458.50	81.00
458.70	81.00
458.90	121.00
459.10	88.00
459.30	52.00
459.50	26.00
459.70	83.00
459.90	111.00
460.10	110.00
460.30	98.00
460.50	91.00
460.70	89.00
460.90	86.00
461.10	73.00
461.30	89.00
461.50	77.00
461.70	79.00
461.90	131.00
462.10	137.00
462.30	103.00
462.50	71.00
462.70	83.00
462.90	82.00
463.10	61.00
463.30	73.00
463.50	117.00
463.70	107.00
463.90	59.00
464.10	-1.00
464.30	45.00
464.50	52.00
464.70	85.00
464.90	98.00
465.10	61.00
465.30	80.00
465.50	120.00
465.70	116.00
465.90	39.00
466.10	84.00
466.30	82.00
466.50	20.00
466.70	60.00
466.90	98.00
467.10	140.00
467.30	83.00
467.50	96.00
467.70	116.00
467.90	65.00
468.10	-28.00
468.30	6.00
468.50	122.00
468.70	102.00
468.90	65.00
469.10	94.00
469.30	57.00
469.50	95.00
469.70	85.00
469.90	86.00
470.10	53.00
470.30	27.00
470.50	32.00
470.70	98.00
470.90	115.00
471.10	92.00
471.29	64.00
471.49	68.00
471.69	43.00
471.89	-42.00
472.09	-8.00
472.29	70.00
472.49	88.00
472.69	86.00
472.89	55.00
473.09	14.00
473.29	63.00
473.49	68.00
473.69	87.00
473.89	60.00
474.09	11.00
474.29	99.00
474.49	88.00
474.69	56.00
474.89	42.00
475.09	75.00
475.29	116.00
475.49	68.00
475.69	22.00
475.88	81.00
476.08	53.00
476.28	102.00
476.48	72.00
476.68	73.00
476.88	82.00
477.08	86.00
477.28	41.00
477.48	82.00
477.68	163.00
477.88	71.00
478.08	67.00
478.28	73.00
478.48	3.00
478.68	12.00
478.88	52.00
479.08	81.00
479.28	17.00
479.47	-23.00
479.67	64.00
479.87	82.00
480.07	43.00
480.27	45.00
480.47	79.00
480.67	36.00
480.87	-29.00
481.07	94.00
481.27	80.00
481.47	50.00
481.67	40.00
481.87	64.00
482.07	131.00
482.27	130.00
482.46	111.00
482.66	78.00
482.86	70.00
483.06	91.00
483.26	61.00
483.46	48.00
483.66	77.00
483.86	73.00
484.06	59.00
484.26	89.00
484.46	82.00
484.66	67.00
484.86	103.00
485.05	127.00
485.25	104.00
485.45	79.00
485.65	36.00
485.85	81.00
486.05	86.00
486.25	80.00
486.45	57.00
486.65	106.00
486.85	109.00
487.05	61.00
487.25	92.00
487.44	74.00
487.64	91.00
487.84	70.00
488.04	68.00
488.24	68.00
488.44	73.00
488.64	94.00
488.84	103.00
489.04	130.00
489.24	114.00
489.43	81.00
489.63	141.00
489.83	120.00
490.03	73.00
490.23	55.00
490.43	107.00
490.63	108.00
490.83	86.00
491.03	96.00
491.23	113.00
491.42	136.00
491.62	126.00
491.82	77.00
492.02	128.00
492.22	154.00
492.42	142.00
492.62	143.00
492.82	143.00
493.02	142.00
493.22	147.00
493.41	109.00
493.61	76.00
493.81	110.00
494.01	105.00
494.21	178.00
494.41	154.00
494.61	150.00
494.81	127.00
495.01	151.00
495.20	139.00
495.40	169.00
495.60	147.00
495.80	138.00
496.00	166.00
496.20	90.00
496.40	88.00
496.60	124.00
496.79	143.00
496.99	209.00
497.19	183.00
497.39	172.00
497.59	140.00
497.79	144.00
497.99	174.00
498.19	125.00
498.38	118.00
498.58	130.00
498.78	164.00
498.98	187.00
499.18	169.00
499.38	87.00
499.58	85.00
499.78	96.00
499.97	92.00
500.17	187.00
500.37	203.00
500.57	163.00
500.77	142.00
500.97	130.00
501.17	167.00
501.37	127.00
501.56	123.00
501.76	223.00
501.96	169.00
502.16	197.00
502.36	210.00
502.56	181.00
502.76	154.00
502.95	172.00
503.15	147.00
503.35	183.00
503.55	141.00
503.75	197.00
503.95	234.00
504.15	179.00
504.34	119.00
504.54	176.00
504.74	197.00
504.94	207.00
505.14	197.00
505.34	105.00
505.54	132.00
505.73	185.00
505.93	141.00
506.13	178.00
506.33	128.00
506.53	144.00
506.73	191.00
506.92	162.00
507.12	163.00
507.32	162.00
507.52	220.00
507.72	173.00
507.92	141.00
508.12	148.00
508.31	97.00
508.51	114.00
508.71	184.00
508.91	154.00
509.11	164.00
509.31	200.00
509.50	123.00
509.70	86.00
509.90	199.00
510.10	178.00
510.30	204.00
510.50	130.00
510.69	139.00
510.89	151.00
511.09	135.00
511.29	150.00
511.49	149.00
511.69	179.00
511.88	166.00
512.08	164.00
512.28	161.00
512.48	132.00
512.68	196.00
512.88	147.00
513.07	144.00
513.27	205.00
513.47	202.00
513.67	216.00
513.87	143.00
514.06	146.00
514.26	167.00
514.46	127.00
514.66	158.00
514.86	163.00
515.06	123.00
515.25	135.00
515.45	111.00
515.65	125.00
515.85	96.00
516.05	88.00
516.24	128.00
516.44	131.00
516.64	150.00
516.84	118.00
517.04	152.00
517.23	180.00
517.43	192.00
517.63	185.00
517.83	219.00
518.03	228.00
518.23	172.00
518.42	152.00
518.62	201.00
518.82	184.00
519.02	216.00
519.22	174.00
519.41	118.00
519.61	167.00
519.81	142.00
520.01	160.00
520.21	181.00
520.40	183.00
520.60	137.00
520.80	213.00
521.00	186.00
521.20	118.00
521.39	141.00
521.59	182.00
521.79	182.00
521.99	179.00
522.19	189.00
522.38	220.00
522.58	175.00
522.78	181.00
522.98	259.00
523.17	200.00
523.37	176.00
523.57	169.00
523.77	202.00
523.97	217.00
524.16	152.00
524.36	178.00
524.56	150.00
524.76	155.00
524.96	227.00
525.15	180.00
525.35	241.00
525.55	243.00
525.75	192.00
525.94	136.00
526.14	212.00
526.34	202.00
526.54	253.00
526.74	230.00
526.93	180.00
527.13	164.00
527.33	189.00
527.53	193.00
527.72	217.00
527.92	278.00
528.12	262.00
528.32	217.00
528.52	233.00
528.71	216.00
528.91	247.00
529.11	271.00
529.31	253.00
529.50	250.00
529.70	284.00
529.90	250.00
530.10	248.00
530.29	255.00
530.49	207.00
530.69	210.00
530.89	251.00
531.09	238.00
531.28	242.00
531.48	233.00
531.68	249.00
531.88	225.00
532.07	257.00
532.27	303.00
532.47	283.00
532.67	282.00
532.86	283.00
533.06	266.00
533.26	274.00
533.46	292.00
533.65	247.00
533.85	289.00
534.05	357.00
534.25	333.00
534.44	414.00
534.64	389.00
534.84	339.00
535.04	334.00
535.23	326.00
535.43	355.00
535.63	380.00
535.83	368.00
536.02	353.00
536.22	315.00
536.42	338.00
536.62	392.00
536.81	330.00
537.01	313.00
537.21	338.00
537.41	299.00
537.60	376.00
537.80	377.00
538.00	355.00
538.20	383.00
538.39	399.00
538.59	406.00
538.79	387.00
538.99	344.00
539.18	392.00
539.38	356.00
539.58	293.00
539.77	320.00
539.97	362.00
540.17	314.00
540.37	338.00
540.56	387.00
540.76	354.00
540.96	391.00
541.16	317.00
541.35	377.00
541.55	426.00
541.75	461.00
541.94	447.00
542.14	437.00
542.34	442.00
542.54	365.00
542.73	382.00
542.93	429.00
543.13	440.00
543.33	443.00
543.52	422.00
543.72	447.00
543.92	441.00
544.11	420.00
544.31	462.00
544.51	499.00
544.71	426.00
544.90	437.00
545.10	464.00
545.30	525.00
545.49	514.00
545.69	479.00
545.89	477.00
546.09	470.00
546.28	574.00
546.48	539.00
546.68	457.00
546.87	438.00
547.07	459.00
547.27	509.00
547.47	457.00
547.66	393.00
547.86	449.00
548.06	459.00
548.25	434.00
548.45	390.00
548.65	361.00
548.84	342.00
549.04	338.00
549.24	411.00
549.44	387.00
549.63	463.00
549.83	463.00
550.03	467.00
550.22	440.00
550.42	376.00
550.62	433.00
550.81	418.00
551.01	365.00
551.21	412.00
551.41	444.00
551.60	402.00
551.80	399.00
552.00	440.00
552.19	460.00
552.39	444.00
552.59	451.00
552.78	435.00
552.98	446.00
553.18	444.00
553.37	424.00
553.57	326.00
553.77	353.00
553.96	431.00
554.16	444.00
554.36	390.00
554.56	339.00
554.75	337.00
554.95	374.00
555.15	446.00
555.34	431.00
555.54	397.00
555.74	394.00
555.93	389.00
556.13	371.00
556.33	368.00
556.52	358.00
556.72	409.00
556.92	401.00
557.11	367.00
557.31	382.00
557.51	395.00
557.70	369.00
557.90	368.00
558.10	381.00
558.29	297.00
558.49	322.00
558.69	337.00
558.88	370.00
559.08	385.00
559.28	348.00
559.47	337.00
559.67	360.00
559.87	315.00
560.06	316.00
560.26	338.00
560.46	386.00
560.65	366.00
560.85	361.00
561.05	376.00
561.24	403.00
561.44	495.00
561.64	377.00
561.83	376.00
562.03	412.00
562.23	430.00
562.42	438.00
562.62	398.00
562.82	346.00
563.01	318.00
563.21	353.00
563.40	351.00
563.60	359.00
563.80	377.00
563.99	415.00
564.19	373.00
564.39	381.00
564.58	334.00
564.78	349.00
564.98	426.00
565.17	387.00
565.37	362.00
565.57	419.00
565.76	428.00
565.96	387.00
566.16	405.00
566.35	373.00
566.55	353.00
566.74	414.00
566.94	386.00
567.14	400.00
567.33	396.00
567.53	441.00
567.73	481.00
567.92	443.00
568.12	444.00
568.32	402.00
568.51	438.00
568.71	426.00
568.90	387.00
569.10	426.00
569.30	405.00
569.49	423.00
569.69	445.00
569.89	463.00
570.08	401.00
570.28	419.00
570.47	450.00
570.67	467.00
570.87	438.00
571.06	453.00
571.26	367.00
571.46	407.00
571.65	462.00
571.85	455.00
572.04	451.00
572.24	505.00
572.44	529.00
572.63	481.00
572.83	469.00
573.03	494.00
573.22	511.00
573.42	512.00
573.61	485.00
573.81	490.00
574.01	569.00
574.20	534.00
574.40	534.00
574.59	488.00
574.79	525.00
574.99	578.00
575.18	481.00
575.38	499.00
575.58	574.00
575.77	593.00
575.97	555.00
576.16	536.00
576.36	570.00
576.56	547.00
576.75	622.00
576.95	634.00
577.14	646.00
577.34	717.00
577.54	718.00
577.73	675.00
577.93	613.00
578.12	619.00
578.32	715.00
578.52	679.00
578.71	732.00
578.91	731.00
579.10	675.00
579.30	656.00
579.50	687.00
579.69	714.00
579.89	732.00
580.08	720.00
580.28	756.00
580.48	758.00
580.67	765.00
580.87	728.00
581.06	754.00
581.26	736.00
581.45	843.00
581.65	787.00
581.85	788.00
582.04	795.00
582.24	840.00
582.43	829.00
582.63	844.00
582.83	884.00
583.02	917.00
583.22	960.00
583.41	958.00
583.61	948.00
583.80	988.00
584.00	917.00
584.20	924.00
584.39	955.00
584.59	934.00
584.78	914.00
584.98	989.00
585.17	1024.00
585.37	964.00
585.57	991.00
585.76	1031.00
585.96	1021.00
586.15	1092.00
586.35	1044.00
586.54	1043.00
586.74	1097.00
586.94	1163.00
587.13	1136.00
587.33	1206.00
587.52	1232.00
587.72	1170.00
587.91	1107.00
588.11	1204.00
588.31	1253.00
588.50	1236.00
588.70	1195.00
588.89	1187.00
589.09	1218.00
589.28	1214.00
589.48	1250.00
589.68	1210.00
589.87	1200.00
590.07	1203.00
590.26	1275.00
590.46	1373.00
590.65	1267.00
590.85	1286.00
591.04	1363.00
591.24	1343.00
591.44	1413.00
591.63	1361.00
591.83	1355.00
592.02	1442.00
592.22	1491.00
592.41	1468.00
592.61	1407.00
592.80	1487.00
593.00	1575.00
593.19	1572.00
593.39	1538.00
593.59	1585.00
593.78	1501.00
593.98	1476.00
594.17	1482.00
594.37	1521.00
594.56	1519.00
594.76	1547.00
594.95	1592.00
595.15	1589.00
595.34	1590.00
595.54	1588.00
595.73	1579.00
595.93	1594.00
596.13	1612.00
596.32	1649.00
596.52	1694.00
596.71	1659.00
596.91	1619.00
597.10	1594.00
597.30	1691.00
597.49	1705.00
597.69	1759.00
597.88	1798.00
598.08	1727.00
598.27	1710.00
598.47	1761.00
598.66	1782.00
598.86	1771.00
599.06	1731.00
599.25	1697.00
599.45	1704.00
599.64	1673.00
599.84	1724.00
600.03	1802.00
600.23	1788.00
600.42	1800.00
600.62	1820.00
600.81	1828.00
601.01	1879.00
601.20	1890.00
601.40	1780.00
601.59	1730.00
601.79	1790.00
601.98	1763.00
602.18	1809.00
602.37	1828.00
602.57	1727.00
602.76	1795.00
602.96	1891.00
603.15	1815.00
603.35	1776.00
603.54	1733.00
603.74	1757.00
603.93	1808.00
604.13	1809.00
604.32	1770.00
604.52	1725.00
604.71	1796.00
604.91	1838.00
605.10	1864.00
605.30	1783.00
605.49	1746.00
605.69	1780.00
605.88	1875.00
606.08	1824.00
606.27	1837.00
606.47	1845.00
606.66	1834.00
606.86	1752.00
607.05	1884.00
607.25	1881.00
607.44	1748.00
607.64	1765.00
607.83	1802.00
608.03	1846.00
608.22	1776.00
608.42	1830.00
608.61	1861.00
608.81	1855.00
609.00	1957.00
609.20	1960.00
609.39	1985.00
609.59	1983.00
609.78	1976.00
609.98	2128.00
610.17	2302.00
610.37	2390.00
610.56	2555.00
610.76	2776.00
610.95	2966.00
611.15	3145.00
611.34	3175.00
611.54	3273.00
611.73	3244.00
611.93	3003.00
612.12	2759.00
612.32	2482.00
612.51	2293.00
612.71	2272.00
612.90	2199.00
613.09	2095.00
613.29	2109.00
613.48	2125.00
613.68	2088.00
613.87	2074.00
614.07	2132.00
614.26	2143.00
614.46	2123.00
614.65	2114.00
614.85	2029.00
615.04	2010.00
615.24	1976.00
615.43	2004.00
615.63	1949.00
615.82	1957.00
616.02	1841.00
616.21	1826.00
616.40	1900.00
616.60	1858.00
616.79	1876.00
616.99	1829.00
617.18	1833.00
617.38	1850.00
617.57	1911.00
617.77	1882.00
617.96	1829.00
618.16	1835.00
618.35	1789.00
618.54	1717.00
618.74	1741.00
618.93	1818.00
619.13	1846.00
619.32	1853.00
619.52	1822.00
619.71	1831.00
619.91	1855.00
620.10	1845.00
620.30	1839.00
620.49	1865.00
620.68	1887.00
620.88	1907.00
621.07	1834.00
621.27	1851.00
621.46	1875.00
621.66	1922.00
621.85	1952.00
622.05	1887.00
622.24	1883.00
622.43	1930.00
622.63	1955.00
622.82	1928.00
623.02	1950.00
623.21	1969.00
623.41	2003.00
623.60	2076.00
623.80	2088.00
623.99	2057.00
624.18	1968.00
624.38	1949.00
624.57	2012.00
624.77	2016.00
624.96	1960.00
625.16	2102.00
625.35	2019.00
625.54	2030.00
625.74	2008.00
625.93	1976.00
626.13	2037.00
626.32	1996.00
626.52	2079.00
626.71	2142.00
626.90	2124.00
627.10	2111.00
627.29	2092.00
627.49	2080.00
627.68	2139.00
627.88	2202.00
628.07	2213.00
628.26	2194.00
628.46	2156.00
628.65	2109.00
628.85	2141.00
629.04	2180.00
629.23	2175.00
629.43	2274.00
629.62	2205.00
629.82	2114.00
630.01	2190.00
630.21	2301.00
630.40	2301.00
630.59	2352.00
630.79	2253.00
630.98	2315.00
631.18	2404.00
631.37	2394.00
631.56	2394.00
631.76	2364.00
631.95	2360.00
632.15	2442.00
632.34	2363.00
632.53	2241.00
632.73	2238.00
632.92	2298.00
633.12	2363.00
633.31	2320.00
633.50	2360.00
633.70	2289.00
633.89	2245.00
634.09	2277.00
634.28	2236.00
634.47	2328.00
634.67	2359.00
634.86	2414.00
635.06	2404.00
635.25	2436.00
635.44	2380.00
635.64	2401.00
635.83	2483.00
636.03	2480.00
636.22	2434.00
636.41	2364.00
636.61	2481.00
636.80	2521.00
637.00	2608.00
637.19	2555.00
637.38	2434.00
637.58	2498.00
637.77	2638.00
637.96	2728.00
638.16	2615.00
638.35	2527.00
638.55	2645.00
638.74	2685.00
638.93	2710.00
639.13	2622.00
639.32	2656.00
639.51	2685.00
639.71	2714.00
639.90	2685.00
640.10	2713.00
640.29	2628.00
640.48	2621.00
640.68	2683.00
640.87	2723.00
641.07	2829.00
641.26	2872.00
641.45	2794.00
641.65	2819.00
641.84	2894.00
642.03	2893.00
642.23	2842.00
642.42	2849.00
642.61	2925.00
642.81	2883.00
643.00	2916.00
643.20	2881.00
643.39	2885.00
643.58	2877.00
643.78	2831.00
643.97	2812.00
644.16	2889.00
644.36	2896.00
644.55	2862.00
644.74	2962.00
644.94	3000.00
645.13	3021.00
645.33	3046.00
645.52	3003.00
645.71	3009.00
645.91	3068.00
646.10	3034.00
646.29	3055.00
646.49	3039.00
646.68	3051.00
646.87	3082.00
647.07	3199.00
647.26	3199.00
647.45	3200.00
647.65	3146.00
647.84	3147.00
648.03	3146.00
648.23	3205.00
648.42	3282.00
648.62	3239.00
648.81	3194.00
649.00	3217.00
649.20	3156.00
649.39	3187.00
649.58	3248.00
649.78	3229.00
649.97	3214.00
650.16	3222.00
650.36	3297.00
650.55	3268.00
650.74	3269.00
650.94	3369.00
651.13	3343.00
651.32	3284.00
651.52	3282.00
651.71	3278.00
651.90	3269.00
652.10	3334.00
652.29	3298.00
652.48	3315.00
652.68	3327.00
652.87	3281.00
653.06	3271.00
653.26	3197.00
653.45	3285.00
653.64	3253.00
653.84	3237.00
654.03	3367.00
654.22	3339.00
654.42	3270.00
654.61	3274.00
654.80	3266.00
654.99	3283.00
655.19	3250.00
655.38	3329.00
655.57	3389.00
655.77	3293.00
655.96	3319.00
656.15	3305.00
656.35	3324.00
656.54	3296.00
656.73	3300.00
656.93	3259.00
657.12	3287.00
657.31	3240.00
657.51	3288.00
657.70	3326.00
657.89	3314.00
658.09	3314.00
658.28	3326.00
658.47	3328.00
658.66	3331.00
658.86	3327.00
659.05	3333.00
659.24	3341.00
659.44	3368.00
659.63	3343.00
659.82	3226.00
660.02	3217.00
660.21	3242.00
660.40	3202.00
660.60	3249.00
660.79	3273.00
660.98	3295.00
661.17	3235.00
661.37	3217.00
661.56	3260.00
661.75	3193.00
661.95	3247.00
662.14	3246.00
662.33	3210.00
662.52	3216.00
662.72	3250.00
662.91	3295.00
663.10	3277.00
663.30	3351.00
663.49	3310.00
663.68	3259.00
663.88	3196.00
664.07	3171.00
664.26	3137.00
664.45	3121.00
664.65	3160.00
664.84	3090.00
665.03	3115.00
665.23	3171.00
665.42	3068.00
665.61	3018.00
665.80	3097.00
666.00	3116.00
666.19	3010.00
666.38	3078.00
666.57	3095.00
666.77	3113.00
666.96	3160.00
667.15	3157.00
667.35	3135.00
667.54	3087.00
667.73	3069.00
667.92	3002.00
668.12	3001.00
668.31	2957.00
668.50	2906.00
668.70	2887.00
668.89	2841.00
669.08	2973.00
669.27	2996.00
669.47	2997.00
669.66	2994.00
669.85	2967.00
670.04	3046.00
670.24	3068.00
670.43	3016.00
670.62	2961.00
670.81	2941.00
671.01	2939.00
671.20	3018.00
671.39	2920.00
671.58	2900.00
671.78	3029.00
671.97	3000.00
672.16	2985.00
672.36	3018.00
672.55	2890.00
672.74	2792.00
672.93	2930.00
673.13	2922.00
673.32	2855.00
673.51	2869.00
673.70	2850.00
673.90	2843.00
674.09	2897.00
674.28	2923.00
674.47	2950.00
674.67	2937.00
674.86	2987.00
675.05	2969.00
675.24	2973.00
675.44	2915.00
675.63	2787.00
675.82	2849.00
676.01	2871.00
676.21	2812.00
676.40	2827.00
676.59	2855.00
676.78	2858.00
676.97	2769.00
677.17	2796.00
677.36	2716.00
677.55	2755.00
677.74	2779.00
677.94	2768.00
678.13	2788.00
678.32	2906.00
678.51	2863.00
678.71	2833.00
678.90	2860.00
679.09	2832.00
679.28	2855.00
679.48	2866.00
679.67	2840.00
679.86	2832.00
680.05	2836.00
680.24	2796.00
680.44	2777.00
680.63	2848.00
680.82	2748.00
681.01	2694.00
681.21	2692.00
681.40	2771.00
681.59	2774.00
681.78	2722.00
681.97	2667.00
682.17	2688.00
682.36	2831.00
682.55	2811.00
682.74	2787.00
682.94	2789.00
683.13	2810.00
683.32	2783.00
683.51	2756.00
683.70	2738.00
683.90	2812.00
684.09	2801.00
684.28	2710.00
684.47	2668.00
684.66	2651.00
684.86	2768.00
685.05	2740.00
685.24	2687.00
685.43	2684.00
685.63	2707.00
685.82	2708.00
686.01	2714.00
686.20	2696.00
686.39	2682.00
686.59	2677.00
686.78	2718.00
686.97	2727.00
687.16	2730.00
687.35	2731.00
687.55	2696.00
687.74	2683.00
687.93	2728.00
688.12	2647.00
688.31	2691.00
688.51	2720.00
688.70	2792.00
688.89	2810.00
689.08	2738.00
689.27	2628.00
689.47	2638.00
689.66	2704.00
689.85	2651.00
690.04	2601.00
690.23	2554.00
690.42	2659.00
690.62	2686.00
690.81	2609.00
691.00	2626.00
691.19	2695.00
691.38	2703.00
691.58	2675.00
691.77	2627.00
691.96	2601.00
692.15	2707.00
692.34	2771.00
692.54	2728.00
692.73	2720.00
692.92	2747.00
693.11	2725.00
693.30	2710.00
693.49	2680.00
693.69	2748.00
693.88	2778.00
694.07	2675.00
694.26	2625.00
694.45	2738.00
694.64	2788.00
694.84	2767.00
695.03	2677.00
695.22	2735.00
695.41	2789.00
695.60	2728.00
695.80	2623.00
695.99	2718.00
696.18	2812.00
696.37	2778.00
696.56	2736.00
696.75	2781.00
696.95	2819.00
697.14	2720.00
697.33	2745.00
697.52	2782.00
697.71	2767.00
697.90	2735.00
698.09	2744.00
698.29	2779.00
698.48	2783.00
698.67	2796.00
698.86	2815.00
699.05	2752.00
699.24	2787.00
699.44	2803.00
699.63	2770.00
699.82	2739.00
700.01	2818.00
700.20	2841.00
700.39	2792.00
700.58	2831.00
700.78	2814.00
700.97	2831.00
701.16	2807.00
701.35	2756.00
701.54	2836.00
701.73	2849.00
701.93	2819.00
702.12	2868.00
702.31	2858.00
702.50	2886.00
702.69	2892.00
702.88	2932.00
703.07	2920.00
703.27	2953.00
703.46	2857.00
703.65	2894.00
703.84	2842.00
704.03	2954.00
704.22	2959.00
704.41	2955.00
704.60	3039.00
704.80	3003.00
704.99	2949.00
705.18	2951.00
705.37	2964.00
705.56	3054.00
705.75	2963.00
705.94	3000.00
706.14	3015.00
706.33	3076.00
706.52	3113.00
706.71	3167.00
706.90	3184.00
707.09	3206.00
707.28	3266.00
707.47	3253.00
707.67	3217.00
707.86	3202.00
708.05	3249.00
708.24	3209.00
708.43	3231.00
708.62	3227.00
708.81	3215.00
709.00	3204.00
709.20	3296.00
709.39	3294.00
709.58	3307.00
709.77	3357.00
709.96	3252.00
710.15	3300.00
710.34	3299.00
710.53	3269.00
710.72	3231.00
710.92	3186.00
711.11	3228.00
711.30	3253.00
711.49	3259.00
711.68	3275.00
711.87	3265.00
712.06	3280.00
712.25	3454.00
712.44	3438.00
712.64	3399.00
712.83	3430.00
713.02	3522.00
713.21	3459.00
713.40	3393.00
713.59	3435.00
713.78	3439.00
713.97	3375.00
714.16	3390.00
714.35	3461.00
714.55	3404.00
714.74	3357.00
714.93	3437.00
715.12	3491.00
715.31	3389.00
715.50	3422.00
715.69	3471.00
715.88	3371.00
716.07	3348.00
716.26	3395.00
716.45	3379.00
716.65	3445.00
716.84	3523.00
717.03	3448.00
717.22	3436.00
717.41	3418.00
717.60	3399.00
717.79	3501.00
717.98	3538.00
718.17	3520.00
718.36	3523.00
718.55	3572.00
718.75	3545.00
718.94	3509.00
719.13	3532.00
719.32	3589.00
719.51	3580.00
719.70	3607.00
719.89	3606.00
720.08	3640.00
720.27	3658.00
720.46	3598.00
720.65	3602.00
720.84	3569.00
721.03	3538.00
721.22	3509.00
721.42	3535.00
721.61	3467.00
721.80	3537.00
721.99	3575.00
722.18	3500.00
722.37	3533.00
722.56	3508.00
722.75	3454.00
722.94	3575.00
723.13	3650.00
723.32	3640.00
723.51	3598.00
723.70	3641.00
723.89	3607.00
724.08	3641.00
724.28	3640.00
724.47	3653.00
724.66	3612.00
724.85	3630.00
725.04	3591.00
725.23	3656.00
725.42	3697.00
725.61	3652.00
725.80	3527.00
725.99	3660.00
726.18	3600.00
726.37	3551.00
726.56	3612.00
726.75	3665.00
726.94	3746.00
727.13	3718.00
727.32	3686.00
727.51	3622.00
727.71	3619.00
727.90	3659.00
728.09	3581.00
728.28	3569.00
728.47	3639.00
728.66	3618.00
728.85	3565.00
729.04	3574.00
729.23	3550.00
729.42	3544.00
729.61	3527.00
729.80	3577.00
729.99	3531.00
730.18	3521.00
730.37	3576.00
730.56	3626.00
730.75	3652.00
730.94	3649.00
731.13	3665.00
731.32	3638.00
731.51	3665.00
731.70	3668.00
731.89	3673.00
732.08	3719.00
732.27	3561.00
732.46	3524.00
732.65	3598.00
732.84	3679.00
733.04	3670.00
733.23	3603.00
733.42	3524.00
733.61	3645.00
733.80	3563.00
733.99	3563.00
734.18	3527.00
734.37	3454.00
734.56	3447.00
734.75	3483.00
734.94	3509.00
735.13	3511.00
735.32	3497.00
735.51	3530.00
735.70	3442.00
735.89	3431.00
736.08	3511.00
736.27	3448.00
736.46	3495.00
736.65	3459.00
736.84	3403.00
737.03	3412.00
737.22	3422.00
737.41	3563.00
737.60	3535.00
737.79	3481.00
737.98	3416.00
738.17	3475.00
738.36	3508.00
738.55	3397.00
738.74	3450.00
738.93	3454.00
739.12	3475.00
739.31	3486.00
739.50	3432.00
739.69	3407.00
739.88	3407.00
740.07	3346.00
740.26	3305.00
740.45	3278.00
740.64	3344.00
740.83	3366.00
741.02	3373.00
741.21	3373.00
741.40	3329.00
741.59	3338.00
741.78	3285.00
741.97	3187.00
742.16	3267.00
742.35	3232.00
742.54	3251.00
742.73	3297.00
742.92	3327.00
743.11	3290.00
743.30	3260.00
743.49	3224.00
743.68	3250.00
743.87	3180.00
744.06	3191.00
744.25	3122.00
744.44	3170.00
744.63	3181.00
744.82	3214.00
745.01	3125.00
745.20	3135.00
745.39	3193.00
745.58	3169.00
745.77	3201.00
745.96	3148.00
746.15	3186.00
746.34	3163.00
746.52	3213.00
746.71	3226.00
746.90	3244.00
747.09	3191.00
747.28	3141.00
747.47	3039.00
747.66	3047.00
747.85	3128.00
748.04	3056.00
748.23	3011.00
748.42	2980.00
748.61	2938.00
748.80	2984.00
748.99	2964.00
749.18	2979.00
749.37	2966.00
749.56	2915.00
749.75	2918.00
749.94	2896.00
750.13	2977.00
750.32	2971.00
750.51	2862.00
750.70	2893.00
750.89	2936.00
751.08	2897.00
751.27	2934.00
751.46	2985.00
751.64	2905.00
751.83	2864.00
752.02	2901.00
752.21	2845.00
752.40	2854.00
752.59	2812.00
752.78	2914.00
752.97	2901.00
753.16	2904.00
753.35	2877.00
753.54	2806.00
753.73	2817.00
753.92	2827.00
754.11	2922.00
754.30	2886.00
754.49	2859.00
754.68	2862.00
754.87	2888.00
755.06	2925.00
755.24	2807.00
755.43	2747.00
755.62	2707.00
755.81	2650.00
756.00	2722.00
756.19	2762.00
756.38	2684.00
756.57	2662.00
756.76	2755.00
756.95	2769.00
757.14	2729.00
757.33	2676.00
757.52	2689.00
757.71	2657.00
757.90	2609.00
758.08	2680.00
758.27	2696.00
758.46	2651.00
758.65	2650.00
758.84	2660.00
759.03	2654.00
759.22	2646.00
759.41	2627.00
759.60	2699.00
759.79	2708.00
759.98	2659.00
760.17	2613.00
760.36	2583.00
760.54	2606.00
760.73	2608.00
760.92	2647.00
761.11	2701.00
761.30	2609.00
761.49	2545.00
761.68	2448.00
761.87	2468.00
762.06	2411.00
762.25	2363.00
762.44	2401.00
762.63	2454.00
762.81	2314.00
763.00	2324.00
763.19	2217.00
763.38	2216.00
763.57	2227.00
763.76	2209.00
763.95	2166.00
764.14	2200.00
764.33	2234.00
764.52	2261.00
764.71	2315.00
764.89	2239.00
765.08	2206.00
765.27	2245.00
765.46	2263.00
765.65	2238.00
765.84	2257.00
766.03	2273.00
766.22	2222.00
766.41	2215.00
766.59	2281.00
766.78	2297.00
766.97	2373.00
767.16	2417.00
767.35	2403.00
767.54	2446.00
767.73	2475.00
767.92	2422.00
768.11	2474.00
768.30	2543.00
768.48	2511.00
768.67	2481.00
768.86	2543.00
769.05	2553.00
769.24	2509.00
769.43	2560.00
769.62	2536.00
769.81	2468.00
769.99	2494.00
770.18	2548.00
770.37	2504.00
770.56	2504.00
770.75	2498.00
770.94	2575.00
771.13	2530.00
771.32	2508.00
771.50	2528.00
771.69	2545.00
771.88	2458.00
772.07	2439.00
772.26	2548.00
772.45	2664.00
772.64	2591.00
772.83	2487.00
773.01	2530.00
773.20	2480.00
773.39	2468.00
773.58	2533.00
773.77	2465.00
773.96	2455.00
774.15	2462.00
774.34	2452.00
774.52	2428.00
774.71	2538.00
774.90	2550.00
775.09	2483.00
775.28	2474.00
775.47	2482.00
775.66	2489.00
775.84	2463.00
776.03	2466.00
776.22	2469.00
776.41	2443.00
776.60	2418.00
776.79	2350.00
776.98	2421.00
777.16	2406.00
777.35	2397.00
777.54	2475.00
777.73	2417.00
777.92	2347.00
778.11	2355.00
778.29	2367.00
778.48	2323.00
778.67	2377.00
778.86	2480.00
779.05	2514.00
779.24	2461.00
779.43	2432.00
779.61	2392.00
779.80	2376.00
779.99	2467.00
780.18	2500.00
780.37	2484.00
780.56	2434.00
780.74	2452.00
780.93	2509.00
781.12	2512.00
781.31	2516.00
781.50	2533.00
781.69	2500.00
781.87	2401.00
782.06	2386.00
782.25	2434.00
782.44	2420.00
782.63	2488.00
782.82	2432.00
783.00	2411.00
783.19	2423.00
783.38	2388.00
783.57	2472.00
783.76	2478.00
783.95	2407.00
784.13	2429.00
784.32	2484.00
784.51	2532.00
784.70	2519.00
784.89	2596.00
785.08	2541.00
785.26	2454.00
785.45	2420.00
785.64	2462.00
785.83	2452.00
786.02	2463.00
786.20	2583.00
786.39	2522.00
786.58	2535.00
786.77	2486.00
786.96	2526.00
787.15	2573.00
787.33	2443.00
787.52	2448.00
787.71	2453.00
787.90	2465.00
788.09	2515.00
788.27	2615.00
788.46	2638.00
788.65	2493.00
788.84	2518.00
789.03	2540.00
789.21	2631.00
789.40	2733.00
789.59	2692.00
789.78	2569.00
789.97	2554.00
790.15	2621.00
790.34	2643.00
790.53	2566.00
790.72	2592.00
790.91	2585.00
791.09	2592.00
791.28	2618.00
791.47	2641.00
791.66	2646.00
791.85	2644.00
792.03	2654.00
792.22	2617.00
792.41	2500.00
792.60	2575.00
792.79	2784.00
792.97	2757.00
793.16	2714.00
793.35	2726.00
793.54	2715.00
793.72	2668.00
793.91	2682.00
794.10	2671.00
794.29	2697.00
794.48	2720.00
794.66	2628.00
794.85	2705.00
795.04	2760.00
795.23	2766.00
795.42	2678.00
795.60	2660.00
795.79	2622.00
795.98	2690.00
796.17	2743.00
796.35	2741.00
796.54	2616.00
796.73	2657.00
796.92	2775.00
797.11	2747.00
797.29	2691.00
797.48	2738.00
797.67	2784.00
797.86	2778.00
798.04	2760.00
798.23	2776.00
798.42	2703.00
798.61	2722.00
798.79	2739.00
798.98	2632.00
799.17	2612.00
799.36	2630.00
799.54	2663.00
799.73	2704.00
799.92	2772.00
800.11	2692.00
800.30	2679.00
800.48	2681.00
800.67	2718.00
800.86	2766.00
801.05	2746.00
801.23	2741.00
801.42	2768.00
801.61	2731.00
801.80	2757.00
801.98	2761.00
802.17	2822.00
802.36	2780.00
802.55	2689.00
802.73	2738.00
802.92	2779.00
803.11	2723.00
803.30	2746.00
803.48	2785.00
803.67	2775.00
803.86	2684.00
804.05	2762.00
804.23	2763.00
804.42	2665.00
804.61	2699.00
804.80	2750.00
804.98	2721.00
805.17	2719.00
805.36	2781.00
805.54	2770.00
805.73	2753.00
805.92	2724.00
806.11	2719.00
806.29	2843.00
806.48	2787.00
806.67	2748.00
806.86	2804.00
807.04	2905.00
807.23	2898.00
807.42	2796.00
807.61	2794.00
807.79	2834.00
807.98	2802.00
808.17	2801.00
808.35	2788.00
808.54	2819.00
808.73	2831.00
808.92	2807.00
809.10	2698.00
809.29	2674.00
809.48	2665.00
809.67	2697.00
809.85	2770.00
810.04	2805.00
810.23	2763.00
810.41	2772.00
810.60	2755.00
810.79	2707.00
810.98	2711.00
811.16	2640.00
811.35	2686.00
811.54	2736.00
811.72	2763.00
811.91	2712.00
812.10	2726.00
812.29	2735.00
812.47	2734.00
812.66	2729.00
812.85	2774.00
813.03	2731.00
813.22	2695.00
813.41	2719.00
813.60	2732.00
813.78	2745.00
813.97	2732.00
814.16	2734.00
814.34	2734.00
814.53	2714.00
814.72	2754.00
814.90	2754.00
815.09	2733.00
815.28	2709.00
815.47	2701.00
815.65	2691.00
815.84	2761.00
816.03	2766.00
816.21	2722.00
816.40	2692.00
816.59	2782.00
816.77	2771.00
816.96	2733.00
817.15	2743.00
817.33	2728.00
817.52	2681.00
817.71	2721.00
817.90	2728.00
818.08	2653.00
818.27	2630.00
818.46	2739.00
818.64	2754.00
818.83	2772.00
819.02	2732.00
819.20	2737.00
819.39	2727.00
819.58	2729.00
819.76	2844.00
819.95	2762.00
820.14	2725.00
820.32	2801.00
820.51	2753.00
820.70	2808.00
820.88	2793.00
821.07	2765.00
821.26	2749.00
821.44	2741.00
821.63	2806.00
821.82	2826.00
822.01	2804.00
822.19	2754.00
822.38	2799.00
822.57	2717.00
822.75	2723.00
822.94	2734.00
823.13	2681.00
823.31	2663.00
823.50	2665.00
823.69	2699.00
823.87	2763.00
824.06	2651.00
824.25	2648.00
824.43	2719.00
824.62	2737.00
824.80	2747.00
824.99	2722.00
825.18	2758.00
825.36	2763.00
825.55	2706.00
825.74	2689.00
825.92	2595.00
826.11	2597.00
826.30	2592.00
826.48	2641.00
826.67	2693.00
826.86	2715.00
827.04	2767.00
827.23	2660.00
827.42	2662.00
827.60	2653.00
827.79	2660.00
827.98	2690.00
828.16	2638.00
828.35	2635.00
828.54	2632.00
828.72	2608.00
828.91	2599.00
829.09	2627.00
829.28	2653.00
829.47	2642.00
829.65	2688.00
829.84	2637.00
830.03	2566.00
830.21	2505.00
830.40	2561.00
830.59	2554.00
830.77	2584.00
830.96	2659.00
831.14	2700.00
831.33	2637.00
831.52	2511.00
831.70	2560.00
831.89	2616.00
832.08	2580.00
832.26	2611.00
832.45	2613.00
832.64	2510.00
832.82	2578.00
833.01	2576.00
833.19	2499.00
833.38	2547.00
833.57	2599.00
833.75	2591.00
833.94	2518.00
834.13	2500.00
834.31	2549.00
834.50	2566.00
834.68	2524.00
834.87	2521.00
835.06	2478.00
835.24	2458.00
835.43	2469.00
835.61	2554.00
835.80	2448.00
835.99	2491.00
836.17	2535.00
836.36	2593.00
836.55	2551.00
836.73	2370.00
836.92	2399.00
837.10	2445.00
837.29	2423.00
837.48	2419.00
837.66	2419.00
837.85	2472.00
838.03	2519.00
838.22	2431.00
838.41	2392.00
838.59	2476.00
838.78	2368.00
838.96	2392.00
839.15	2468.00
839.34	2502.00
839.52	2478.00
839.71	2380.00
839.89	2410.00
840.08	2448.00
840.27	2503.00
840.45	2433.00
840.64	2312.00
840.82	2383.00
841.01	2478.00
841.20	2460.00
841.38	2335.00
841.57	2312.00
841.75	2442.00
841.94	2523.00
842.13	2420.00
842.31	2356.00
842.50	2312.00
842.68	2259.00
842.87	2337.00
843.05	2372.00
843.24	2296.00
843.43	2318.00
843.61	2350.00
843.80	2316.00
843.98	2264.00
844.17	2214.00
844.36	2233.00
844.54	2365.00
844.73	2320.00
844.91	2332.00
845.10	2323.00
845.28	2308.00
845.47	2192.00
845.66	2194.00
845.84	2214.00
846.03	2242.00
846.21	2272.00
846.40	2274.00
846.58	2217.00
846.77	2199.00
846.96	2181.00
847.14	2252.00
847.33	2257.00
847.51	2181.00
847.70	2186.00
847.88	2188.00
848.07	2174.00
848.25	2160.00
848.44	2153.00
848.63	2099.00
848.81	2114.00
849.00	2181.00
849.18	2248.00
849.37	2180.00
849.55	2128.00
849.74	2125.00
849.93	2158.00
850.11	2190.00
850.30	2154.00
850.48	2136.00
850.67	2177.00
850.85	2211.00
851.04	2175.00
851.22	2033.00
851.41	2088.00
851.59	2138.00
851.78	2126.00
851.97	2115.00
852.15	2067.00
852.34	2062.00
852.52	2115.00
852.71	2141.00
852.89	2058.00
853.08	2124.00
853.26	2129.00
853.45	1994.00
853.63	2005.00
853.82	2087.00
854.01	2086.00
854.19	2066.00
854.38	2135.00
854.56	2110.00
854.75	2045.00
854.93	2013.00
855.12	2109.00
855.30	2086.00
855.49	1977.00
855.67	2071.00
855.86	2063.00
856.04	1993.00
856.23	2015.00
856.41	2080.00
856.60	2072.00
856.79	2038.00
856.97	2004.00
857.16	1951.00
857.34	2018.00
857.53	1944.00
857.71	1989.00
857.90	2062.00
858.08	2004.00
858.27	1929.00
858.45	1902.00
858.64	1988.00
858.82	1981.00
859.01	1950.00
859.19	2037.00
859.38	1957.00
859.56	1894.00
859.75	1958.00
859.93	1959.00
860.12	1988.00
860.30	1930.00
860.49	1869.00
860.67	1941.00
860.86	1921.00
861.04	1896.00
861.23	1995.00
861.41	1952.00
861.60	1868.00
861.78	1852.00
861.97	1804.00
862.15	1832.00
862.34	1834.00
862.53	1852.00
862.71	1844.00
862.90	1850.00
863.08	1864.00
863.27	1887.00
863.45	1836.00
863.64	1788.00
863.82	1755.00
864.01	1838.00
864.19	1786.00
864.37	1784.00
864.56	1810.00
864.74	1805.00
864.93	1845.00
865.11	1885.00
865.30	1812.00
865.48	1755.00
865.67	1772.00
865.85	1741.00
866.04	1764.00
866.22	1780.00
866.41	1762.00
866.59	1716.00
866.78	1740.00
866.96	1756.00
867.15	1724.00
867.33	1687.00
867.52	1718.00
867.70	1760.00
867.89	1754.00
868.07	1762.00
868.26	1706.00
868.44	1721.00
868.63	1716.00
868.81	1661.00
869.00	1691.00
869.18	1683.00
869.37	1671.00
869.55	1726.00
869.74	1793.00
869.92	1723.00
870.10	1647.00
870.29	1676.00
870.47	1679.00
870.66	1688.00
870.84	1656.00
871.03	1670.00
871.21	1748.00
871.40	1755.00
871.58	1770.00
871.77	1648.00
871.95	1691.00
872.14	1704.00
872.32	1686.00
872.51	1677.00
872.69	1642.00
872.87	1595.00
873.06	1684.00
873.24	1659.00
873.43	1634.00
873.61	1701.00
873.80	1674.00
873.98	1620.00
874.17	1585.00
874.35	1605.00
874.54	1606.00
874.72	1575.00
874.90	1576.00
875.09	1577.00
875.27	1636.00
875.46	1547.00
875.64	1556.00
875.83	1624.00
876.01	1626.00
876.20	1570.00
876.38	1586.00
876.56	1542.00
876.75	1538.00
876.93	1557.00
877.12	1591.00
877.30	1537.00
877.49	1553.00
877.67	1487.00
877.86	1537.00
878.04	1542.00
878.22	1566.00
878.41	1583.00
878.59	1570.00
878.78	1578.00
878.96	1581.00
879.15	1573.00
879.33	1567.00
879.51	1495.00
879.70	1551.00
879.88	1612.00
880.07	1555.00
880.25	1542.00
880.44	1534.00
880.62	1524.00
880.80	1560.00
880.99	1507.00
881.17	1585.00
881.36	1621.00
881.54	1544.00
881.73	1536.00
881.91	1544.00
882.09	1587.00
882.28	1527.00
882.46	1502.00
882.65	1512.00
882.83	1512.00
883.02	1458.00
883.20	1489.00
883.38	1509.00
883.57	1572.00
883.75	1598.00
883.94	1519.00
884.12	1542.00
884.30	1523.00
884.49	1542.00
884.67	1481.00
884.86	1494.00
885.04	1589.00
885.22	1603.00
885.41	1479.00
885.59	1463.00
885.78	1489.00
885.96	1509.00
886.14	1619.00
886.33	1551.00
886.51	1470.00
886.70	1453.00
886.88	1433.00
887.06	1476.00
887.25	1527.00
887.43	1547.00
887.62	1498.00
887.80	1479.00
887.98	1454.00
888.17	1458.00
888.35	1453.00
888.54	1457.00
888.72	1441.00
888.90	1413.00
889.09	1443.00
889.27	1428.00
889.46	1417.00
889.64	1378.00
889.82	1376.00
890.01	1480.00
890.19	1472.00
890.38	1456.00
890.56	1531.00
890.74	1528.00
890.93	1508.00
891.11	1478.00
891.29	1456.00
891.48	1464.00
891.66	1506.00
891.85	1462.00
892.03	1449.00
892.21	1520.00
892.40	1542.00
892.58	1487.00
892.76	1495.00
892.95	1444.00
893.13	1386.00
893.32	1423.00
893.50	1424.00
893.68	1413.00
893.87	1448.00
894.05	1511.00
894.23	1546.00
894.42	1552.00
894.60	1445.00
894.79	1400.00
894.97	1456.00
895.15	1509.00
895.34	1556.00
895.52	1604.00
895.70	1512.00
895.89	1510.00
896.07	1551.00
896.25	1518.00
896.44	1536.00
896.62	1480.00
896.81	1481.00
896.99	1490.00
897.17	1469.00
897.36	1530.00
897.54	1492.00
897.72	1491.00
897.91	1479.00
898.09	1467.00
898.27	1527.00
898.46	1544.00
898.64	1504.00
898.82	1478.00
899.01	1568.00
899.19	1518.00
899.37	1544.00
899.56	1560.00
899.74	1563.00
899.92	1542.00
900.11	1583.00
900.29	1558.00
900.47	1550.00
900.66	1545.00
900.84	1531.00
901.03	1574.00
901.21	1539.00
901.39	1549.00
901.58	1658.00
901.76	1634.00
901.94	1559.00
902.13	1579.00
902.31	1660.00
902.49	1647.00
902.68	1645.00
902.86	1559.00
903.04	1620.00
903.23	1626.00
903.41	1582.00
903.59	1544.00
903.78	1599.00
903.96	1634.00
904.14	1623.00
904.32	1683.00
904.51	1624.00
904.69	1600.00
904.87	1599.00
905.06	1592.00
905.24	1586.00
905.42	1680.00
905.61	1652.00
905.79	1577.00
905.97	1570.00
906.16	1585.00
906.34	1666.00
906.52	1650.00
906.71	1580.00
906.89	1571.00
907.07	1683.00
907.26	1643.00
907.44	1609.00
907.62	1692.00
907.81	1689.00
907.99	1708.00
908.17	1647.00
908.35	1636.00
908.54	1622.00
908.72	1597.00
908.90	1606.00
909.09	1640.00
909.27	1626.00
909.45	1649.00
909.64	1596.00
909.82	1663.00
910.00	1634.00
910.18	1651.00
910.37	1739.00
910.55	1676.00
910.73	1559.00
910.92	1617.00
911.10	1647.00
911.28	1633.00
911.47	1666.00
911.65	1611.00
911.83	1572.00
912.01	1575.00
912.20	1615.00
912.38	1629.00
912.56	1610.00
912.75	1632.00
912.93	1614.00
913.11	1622.00
913.29	1609.00
913.48	1613.00
913.66	1580.00
913.84	1587.00
914.03	1573.00
914.21	1553.00
914.39	1604.00
914.57	1638.00
914.76	1556.00
914.94	1498.00
915.12	1549.00
915.31	1604.00
915.49	1559.00
915.67	1558.00
915.85	1575.00
916.04	1521.00
916.22	1464.00
916.40	1543.00
916.58	1547.00
916.77	1525.00
916.95	1549.00
917.13	1528.00
917.32	1543.00
917.50	1529.00
917.68	1582.00
917.86	1594.00
918.05	1484.00
918.23	1525.00
918.41	1587.00
918.59	1503.00
918.78	1477.00
918.96	1478.00
919.14	1475.00
919.32	1496.00
919.51	1529.00
919.69	1569.00
919.87	1477.00
920.05	1484.00
920.24	1446.00
920.42	1448.00
920.60	1496.00
920.78	1477.00
920.97	1458.00
921.15	1467.00
921.33	1534.00
921.52	1554.00
921.70	1546.00
921.88	1517.00
922.06	1497.00
922.24	1449.00
922.43	1489.00
922.61	1523.00
922.79	1484.00
922.97	1493.00
923.16	1458.00
923.34	1423.00
923.52	1427.00
923.70	1440.00
923.89	1439.00
924.07	1487.00
924.25	1449.00
924.43	1389.00
924.62	1480.00
924.80	1489.00
924.98	1450.00
925.16	1485.00
925.35	1431.00
925.53	1412.00
925.71	1411.00
925.89	1447.00
926.08	1389.00
926.26	1393.00
926.44	1374.00
926.62	1412.00
926.80	1437.00
926.99	1372.00
927.17	1415.00
927.35	1427.00
927.53	1452.00
927.72	1398.00
927.90	1416.00
928.08	1382.00
928.26	1335.00
928.44	1372.00
928.63	1323.00
928.81	1368.00
928.99	1375.00
929.17	1373.00
929.36	1420.00
929.54	1382.00
929.72	1286.00
929.90	1300.00
930.08	1359.00
930.27	1370.00
930.45	1263.00
930.63	1303.00
930.81	1330.00
930.99	1334.00
931.18	1373.00
931.36	1350.00
931.54	1352.00
931.72	1329.00
931.90	1259.00
932.09	1238.00
932.27	1289.00
932.45	1252.00
932.63	1279.00
932.81	1263.00
933.00	1205.00
933.18	1238.00
933.36	1256.00
933.54	1251.00
933.72	1231.00
933.91	1208.00
934.09	1207.00
934.27	1160.00
934.45	1195.00
934.63	1240.00
934.82	1240.00
935.00	1159.00
935.18	1136.00
935.36	1080.00
935.54	1102.00
935.73	1074.00
935.91	1125.00
936.09	1114.00
936.27	1038.00
936.45	1005.00
936.64	981.00
936.82	950.00
937.00	967.00
937.18	1029.00
937.36	925.00
937.54	954.00
937.73	897.00
937.91	876.00
938.09	936.00
938.27	927.00
938.45	881.00
938.63	831.00
938.82	788.00
939.00	790.00
939.18	852.00
939.36	780.00
939.54	793.00
939.73	706.00
939.91	763.00
940.09	756.00
940.27	732.00
940.45	774.00
940.63	777.00
940.82	736.00
941.00	666.00
941.18	788.00
941.36	791.00
941.54	709.00
941.72	654.00
941.91	693.00
942.09	654.00
942.27	650.00
942.45	673.00
942.63	671.00
942.81	653.00
942.99	649.00
943.18	681.00
943.36	704.00
943.54	721.00
943.72	722.00
943.90	627.00
944.08	623.00
944.27	622.00
944.45	663.00
944.63	699.00
944.81	684.00
944.99	664.00
945.17	613.00
945.35	633.00
945.54	639.00
945.72	670.00
945.90	666.00
946.08	643.00
946.26	684.00
946.44	742.00
946.62	717.00
946.81	643.00
946.99	634.00
947.17	652.00
947.35	679.00
947.53	628.00
947.71	601.00
947.89	625.00
948.07	686.00
948.26	660.00
948.44	710.00
948.62	698.00
948.80	650.00
948.98	709.00
949.16	652.00
949.34	655.00
949.53	713.00
949.71	721.00
949.89	687.00
950.07	596.00
950.25	610.00
950.43	564.00
950.61	612.00
950.79	653.00
950.98	636.00
951.16	623.00
951.34	594.00
951.52	558.00
951.70	619.00
951.88	664.00
952.06	638.00
952.24	631.00
952.42	629.00
952.61	616.00
952.79	626.00
952.97	641.00
953.15	702.00
953.33	667.00
953.51	594.00
953.69	647.00
953.87	638.00
954.05	585.00
954.24	655.00
954.42	645.00
954.60	680.00
954.78	695.00
954.96	640.00
955.14	625.00
955.32	637.00
955.50	654.00
955.68	644.00
955.86	610.00
956.05	592.00
956.23	592.00
956.41	623.00
956.59	570.00
956.77	593.00
956.95	630.00
957.13	630.00
957.31	633.00
957.49	589.00
957.67	581.00
957.86	623.00
958.04	613.00
958.22	646.00
958.40	725.00
958.58	699.00
958.76	586.00
958.94	623.00
959.12	619.00
959.30	580.00
959.48	630.00
959.66	613.00
959.84	551.00
960.03	550.00
960.21	612.00
960.39	589.00
960.57	598.00
960.75	613.00
960.93	619.00
961.11	612.00
961.29	634.00
961.47	585.00
961.65	561.00
961.83	528.00
962.01	576.00
962.19	609.00
962.37	572.00
962.56	570.00
962.74	592.00
962.92	534.00
963.10	520.00
963.28	554.00
963.46	621.00
963.64	592.00
963.82	597.00
964.00	568.00
964.18	537.00
964.36	610.00
964.54	552.00
964.72	509.00
964.90	540.00
965.08	518.00
965.27	561.00
965.45	564.00
965.63	537.00
965.81	602.00
965.99	661.00
966.17	552.00
966.35	532.00
966.53	558.00
966.71	593.00
966.89	590.00
967.07	566.00
967.25	518.00
967.43	503.00
967.61	476.00
967.79	539.00
967.97	585.00
968.15	547.00
968.33	499.00
968.51	536.00
968.69	502.00
968.87	526.00
969.06	522.00
969.24	542.00
969.42	564.00
969.60	611.00
969.78	615.00
969.96	547.00
970.14	517.00
970.32	522.00
970.50	587.00
970.68	581.00
970.86	582.00
971.04	484.00
971.22	451.00
971.40	523.00
971.58	498.00
971.76	517.00
971.94	558.00
972.12	569.00
972.30	552.00
972.48	469.00
972.66	451.00
972.84	459.00
973.02	490.00
973.20	532.00
973.38	454.00
973.56	433.00
973.74	523.00
973.92	583.00
974.10	554.00
974.28	521.00
974.46	474.00
974.64	500.00
974.82	428.00
975.00	535.00
975.18	498.00
975.36	543.00
975.54	526.00
975.72	488.00
975.90	509.00
976.08	497.00
976.26	505.00
976.44	515.00
976.62	514.00
976.80	527.00
976.98	455.00
977.16	483.00
977.34	451.00
977.52	467.00
977.70	467.00
977.88	483.00
978.06	443.00
978.24	452.00
978.42	539.00
978.60	514.00
978.78	467.00
978.96	459.00
979.14	454.00
979.32	441.00
979.50	467.00
979.68	486.00
979.86	436.00
980.04	445.00
980.22	487.00
980.40	408.00
980.58	443.00
980.76	484.00
980.94	472.00
981.12	457.00
981.30	462.00
981.48	452.00
981.66	438.00
981.84	426.00
982.02	424.00
982.20	457.00
982.38	452.00
982.56	437.00
982.74	433.00
982.92	430.00
983.10	436.00
983.28	438.00
983.46	440.00
983.64	440.00
983.82	391.00
984.00	424.00
984.18	439.00
984.36	428.00
984.54	448.00
984.72	421.00
984.90	460.00
985.08	420.00
985.26	426.00
985.44	384.00
985.62	357.00
985.80	388.00
985.98	448.00
986.16	425.00
986.34	382.00
986.51	377.00
986.69	404.00
986.87	430.00
987.05	429.00
987.23	423.00
987.41	410.00
987.59	420.00
987.77	425.00
987.95	360.00
988.13	337.00
988.31	343.00
988.49	388.00
988.67	382.00
988.85	404.00
989.03	440.00
989.21	367.00
989.39	356.00
989.57	411.00
989.75	358.00
989.93	360.00
990.11	400.00
990.28	450.00
990.46	517.00
990.64	405.00
990.82	332.00
991.00	328.00
991.18	391.00
991.36	340.00
991.54	347.00
991.72	338.00
991.90	346.00
992.08	371.00
992.26	346.00
992.44	372.00
992.62	351.00
992.80	301.00
992.98	288.00
993.15	341.00
993.33	372.00
993.51	355.00
993.69	313.00
993.87	332.00
994.05	359.00
994.23	376.00
994.41	357.00
994.59	357.00
994.77	386.00
994.95	317.00
995.13	300.00
995.31	300.00
995.48	315.00
995.66	337.00
995.84	354.00
996.02	332.00
996.20	368.00
996.38	314.00
996.56	362.00
996.74	327.00
996.92	320.00
997.10	332.00
997.28	301.00
997.46	303.00
997.63	308.00
997.81	280.00
997.99	324.00
998.17	303.00
998.35	315.00
998.53	304.00
998.71	298.00
998.89	308.00
999.07	363.00
999.25	258.00
999.43	284.00
999.60	367.00
999.78	374.00
999.96	307.00
1000.14	277.00
1000.32	288.00
1000.50	302.00
1000.68	375.00
1000.86	410.00
1001.04	302.00
1001.21	266.00
1001.39	281.00
1001.57	276.00
1001.75	279.00
1001.93	263.00
1002.11	271.00
1002.29	277.00
1002.47	332.00
1002.65	293.00
1002.82	239.00
1003.00	253.00
1003.18	268.00
1003.36	352.00
1003.54	350.00
1003.72	308.00
1003.90	297.00
1004.08	316.00
1004.26	294.00
1004.43	303.00
1004.61	292.00
1004.79	306.00
1004.97	328.00
1005.15	285.00
1005.33	283.00
1005.51	302.00
1005.69	289.00
1005.86	284.00
1006.04	289.00
1006.22	286.00
1006.40	345.00
1006.58	354.00
1006.76	280.00
1006.94	279.00
1007.12	279.00
1007.29	297.00
1007.47	285.00
1007.65	292.00
1007.83	343.00
1008.01	270.00
1008.19	270.00
1008.37	286.00
1008.54	264.00
1008.72	200.00
1008.90	217.00
1009.08	279.00
1009.26	263.00
1009.44	246.00
1009.62	318.00
1009.79	301.00
1009.97	317.00
1010.15	311.00
1010.33	275.00
1010.51	259.00
1010.69	298.00
1010.87	268.00
1011.04	253.00
1011.22	271.00
1011.40	286.00
1011.58	223.00
1011.76	204.00
1011.94	251.00
1012.11	214.00
1012.29	209.00
1012.47	210.00
1012.65	246.00
1012.83	267.00
1013.01	223.00
1013.18	243.00
1013.36	267.00
1013.54	271.00
1013.72	318.00
1013.90	271.00
1014.08	223.00
1014.25	306.00
1014.43	300.00
1014.61	259.00
1014.79	233.00
1014.97	222.00
1015.15	223.00
1015.32	198.00
1015.50	282.00
1015.68	285.00
1015.86	237.00
1016.04	189.00
1016.22	255.00
1016.39	217.00
1016.57	260.00
1016.75	278.00
1016.93	289.00
1017.11	245.00
1017.29	200.00
1017.46	190.00
1017.64	221.00
1017.82	210.00
1018.00	260.00
1018.18	260.00
1018.35	225.00
1018.53	280.00
1018.71	235.00
1018.89	230.00
1019.07	290.00
1019.24	281.00
1019.42	208.00
1019.60	162.00
1019.78	169.00
1019.96	147.00
1020.14	222.00
1020.31	244.00
1020.49	281.00
1020.67	253.00
1020.85	208.00
1021.03	205.00
1021.20	190.00
1021.38	197.00
1021.56	196.00
1021.74	218.00
1021.92	182.00
1022.09	197.00
1022.27	177.00
1022.45	228.00
1022.63	279.00
1022.81	233.00
1022.98	194.00
1023.16	268.00
1023.34	226.00
1023.52	232.00
1023.69	234.00
1023.87	215.00
1024.05	188.00
1024.23	217.00
1024.41	230.00
1024.58	259.00
1024.76	212.00
1024.94	186.00
1025.12	219.00
1025.30	221.00
1025.47	249.00
1025.65	248.00
1025.83	165.00
1026.01	177.00
1026.18	233.00
1026.36	202.00
1026.54	200.00
1026.72	144.00
1026.90	170.00
1027.07	249.00
1027.25	265.00
1027.43	254.00
1027.61	170.00
1027.78	199.00
1027.96	268.00
1028.14	277.00
1028.32	173.00
1028.49	171.00
1028.67	209.00
1028.85	228.00
1029.03	172.00
1029.21	193.00
1029.38	229.00
1029.56	217.00
1029.74	234.00
1029.92	240.00
1030.09	255.00
1030.27	197.00
1030.45	179.00
1030.63	205.00
1030.80	200.00
1030.98	239.00
1031.16	197.00
1031.34	152.00
1031.51	139.00
1031.69	168.00
1031.87	222.00
1032.05	171.00
1032.22	200.00
1032.40	141.00
1032.58	190.00
1032.76	207.00
1032.93	223.00
1033.11	216.00
1033.29	207.00
1033.47	173.00
1033.64	237.00
1033.82	229.00
1034.00	192.00
1034.18	197.00
1034.35	207.00
1034.53	164.00
1034.71	157.00
1034.89	220.00
1035.06	240.00
1035.24	188.00
1035.42	150.00
1035.59	115.00
1035.77	174.00
1035.95	164.00
1036.13	144.00
1036.30	133.00
1036.48	215.00
1036.66	149.00
1036.84	144.00
1037.01	266.00
1037.19	208.00
1037.37	148.00
1037.54	133.00
1037.72	152.00
1037.90	199.00
1038.08	224.00
1038.25	162.00
1038.43	136.00
1038.61	150.00
1038.79	171.00
1038.96	132.00
1039.14	139.00
1039.32	150.00
1039.49	223.00
1039.67	226.00
1039.85	162.00
1040.03	163.00
1040.20	223.00
1040.38	171.00
1040.56	117.00
1040.73	107.00
1040.91	131.00
1041.09	105.00
1041.27	156.00
1041.44	213.00
1041.62	172.00
1041.80	185.00
1041.97	149.00
1042.15	178.00
1042.33	175.00
1042.50	122.00
1042.68	161.00
1042.86	128.00
1043.04	135.00
1043.21	127.00
1043.39	161.00
1043.57	139.00
1043.74	172.00
1043.92	208.00
1044.10	123.00
1044.27	139.00
1044.45	132.00
1044.63	138.00
1044.80	158.00
1044.98	184.00
1045.16	183.00
1045.34	192.00
1045.51	179.00
1045.69	217.00
1045.87	118.00
1046.04	74.00
1046.22	160.00
1046.40	201.00
1046.57	153.00
1046.75	113.00
1046.93	115.00
1047.10	188.00
1047.28	167.00
1047.46	124.00
1047.63	115.00
1047.81	121.00
1047.99	128.00
1048.16	127.00
1048.34	188.00
1048.52	251.00
1048.69	167.00
1048.87	140.00
1049.05	139.00
1049.22	178.00
1049.40	183.00
1049.58	126.00
1049.75	78.00
1049.93	81.00
1050.11	183.00
1050.28	129.00
1050.46	123.00
1050.64	139.00
1050.81	76.00
1050.99	87.00
1051.17	144.00
1051.34	107.00
1051.52	141.00
1051.70	200.00
1051.87	192.00
1052.05	140.00
1052.23	111.00
1052.40	155.00
1052.58	186.00
1052.76	148.00
1052.93	128.00
1053.11	97.00
1053.29	133.00
1053.46	105.00
1053.64	76.00
1053.82	82.00
1053.99	137.00
1054.17	139.00
1054.35	154.00
1054.52	144.00
1054.70	119.00
1054.87	134.00
1055.05	129.00
1055.23	113.00
1055.40	110.00
1055.58	72.00
1055.76	67.00
1055.93	89.00
1056.11	121.00
1056.29	115.00
1056.46	134.00
1056.64	123.00
1056.81	151.00
1056.99	153.00
1057.17	149.00
1057.34	85.00
1057.52	77.00
1057.70	123.00
1057.87	168.00
1058.05	131.00
1058.22	76.00
1058.40	121.00
1058.58	110.00
1058.75	44.00
1058.93	113.00
1059.11	146.00
1059.28	124.00
1059.46	85.00
1059.63	60.00
1059.81	123.00
1059.99	117.00
1060.16	152.00
1060.34	105.00
1060.52	128.00
1060.69	116.00
1060.87	161.00
1061.04	104.00
1061.22	98.00
