367.62	-47.00
367.82	-44.00
368.02	-54.00
368.23	-43.00
368.43	-18.00
368.63	-26.00
368.83	-2.00
369.04	9.00
369.24	-16.00
369.44	15.00
369.65	-59.00
369.85	-1.00
370.05	40.00
370.25	16.00
370.46	-23.00
370.66	-32.00
370.86	-18.00
371.07	14.00
371.27	24.00
371.47	38.00
371.67	32.00
371.88	11.00
372.08	35.00
372.28	-54.00
372.49	-71.00
372.69	-72.00
372.89	-26.00
373.09	80.00
373.30	61.00
373.50	39.00
373.70	2.00
373.91	-1.00
374.11	0.00
374.31	-11.00
374.51	-53.00
374.72	-59.00
374.92	-40.00
375.12	-20.00
375.33	58.00
375.53	43.00
375.73	16.00
375.93	-12.00
376.14	6.00
376.34	1.00
376.54	-1.00
376.74	-50.00
376.95	46.00
377.15	27.00
377.35	4.00
377.55	-19.00
377.76	37.00
377.96	25.00
378.16	-26.00
378.37	-26.00
378.57	7.00
378.77	-35.00
378.97	-58.00
379.18	13.00
379.38	-1.00
379.58	3.00
379.78	5.00
379.99	-19.00
380.19	0.00
380.39	58.00
380.59	55.00
380.80	19.00
381.00	63.00
381.20	12.00
381.40	11.00
381.61	34.00
381.81	10.00
382.01	27.00
382.21	-50.00
382.42	7.00
382.62	33.00
382.82	39.00
383.02	6.00
383.23	-47.00
383.43	-20.00
383.63	46.00
383.83	-10.00
384.04	27.00
384.24	10.00
384.44	-2.00
384.64	29.00
384.85	93.00
385.05	38.00
385.25	-23.00
385.45	27.00
385.66	-39.00
385.86	-50.00
386.06	39.00
386.26	62.00
386.47	26.00
386.67	12.00
386.87	43.00
387.07	8.00
387.27	-23.00
387.48	-23.00
387.68	-44.00
387.88	45.00
388.08	8.00
388.29	35.00
388.49	21.00
388.69	72.00
388.89	20.00
389.10	-30.00
389.30	-19.00
389.50	-44.00
389.70	-30.00
389.90	-40.00
390.11	23.00
390.31	-11.00
390.51	4.00
390.71	-1.00
390.92	-40.00
391.12	13.00
391.32	33.00
391.52	-22.00
391.72	-41.00
391.93	40.00
392.13	60.00
392.33	18.00
392.53	37.00
392.74	7.00
392.94	24.00
393.14	28.00
393.34	-1.00
393.54	-49.00
393.75	-89.00
393.95	-8.00
394.15	-16.00
394.35	15.00
394.56	11.00
394.76	1.00
394.96	-24.00
395.16	60.00
395.36	57.00
395.57	-7.00
395.77	-18.00
395.97	-14.00
396.17	74.00
396.37	83.00
396.58	-6.00
396.78	11.00
396.98	27.00
397.18	25.00
397.38	18.00
397.59	79.00
397.79	48.00
397.99	-33.00
398.19	-3.00
398.39	67.00
398.60	41.00
398.80	-40.00
399.00	-49.00
399.20	-9.00
399.40	9.00
399.61	-29.00
399.81	-2.00
400.01	19.00
400.21	50.00
400.41	19.00
400.62	19.00
400.82	17.00
401.02	-20.00
401.22	-7.00
401.42	14.00
401.63	-7.00
401.83	-17.00
402.03	-16.00
402.23	-39.00
402.43	-17.00
402.64	8.00
402.84	-37.00
403.04	40.00
403.24	21.00
403.44	-44.00
403.64	-14.00
403.85	41.00
404.05	4.00
404.25	15.00
404.45	6.00
404.65	-15.00
404.86	39.00
405.06	46.00
405.26	7.00
405.46	9.00
405.66	84.00
405.86	41.00
406.07	-9.00
406.27	-12.00
406.47	26.00
406.67	34.00
406.87	-46.00
407.07	-12.00
407.28	0.00
407.48	69.00
407.68	-29.00
407.88	11.00
408.08	102.00
408.28	80.00
408.49	-12.00
408.69	1.00
408.89	35.00
409.09	17.00
409.29	60.00
409.49	-12.00
409.70	-4.00
409.90	26.00
410.10	-14.00
410.30	48.00
410.50	88.00
410.70	32.00
410.91	109.00
411.11	67.00
411.31	50.00
411.51	18.00
411.71	-66.00
411.91	17.00
412.12	-39.00
412.32	-51.00
412.52	-27.00
412.72	-17.00
412.92	47.00
413.12	41.00
413.32	11.00
413.53	29.00
413.73	1.00
413.93	-11.00
414.13	-53.00
414.33	38.00
414.53	6.00
414.74	24.00
414.94	30.00
415.14	74.00
415.34	11.00
415.54	25.00
415.74	10.00
415.94	3.00
416.15	-15.00
416.35	19.00
416.55	27.00
416.75	31.00
416.95	80.00
417.15	108.00
417.35	44.00
417.56	12.00
417.76	-18.00
417.96	50.00
418.16	38.00
418.36	28.00
418.56	16.00
418.76	79.00
418.97	77.00
419.17	-33.00
419.37	-28.00
419.57	48.00
419.77	-5.00
419.97	9.00
420.17	36.00
420.37	26.00
420.58	34.00
420.78	17.00
420.98	28.00
421.18	48.00
421.38	19.00
421.58	-15.00
421.78	-11.00
421.98	-4.00
422.19	2.00
422.39	86.00
422.59	74.00
422.79	62.00
422.99	38.00
423.19	51.00
423.39	7.00
423.59	-27.00
423.80	45.00
424.00	23.00
424.20	34.00
424.40	7.00
424.60	24.00
424.80	-5.00
425.00	49.00
425.20	73.00
425.40	58.00
425.61	-2.00
425.81	-50.00
426.01	-11.00
426.21	-13.00
426.41	15.00
426.61	19.00
426.81	45.00
427.01	-34.00
427.21	-64.00
427.42	-68.00
427.62	-41.00
427.82	17.00
428.02	69.00
428.22	58.00
428.42	36.00
428.62	9.00
428.82	-34.00
429.02	5.00
429.23	19.00
429.43	-2.00
429.63	-5.00
429.83	-25.00
430.03	43.00
430.23	23.00
430.43	97.00
430.63	89.00
430.83	81.00
431.03	74.00
431.24	-30.00
431.44	-21.00
431.64	-13.00
431.84	-39.00
432.04	7.00
432.24	61.00
432.44	9.00
432.64	57.00
432.84	13.00
433.04	-12.00
433.24	12.00
433.45	1.00
433.65	24.00
433.85	12.00
434.05	-24.00
434.25	28.00
434.45	-3.00
434.65	2.00
434.85	16.00
435.05	-74.00
435.25	-26.00
435.45	55.00
435.65	39.00
435.86	12.00
436.06	61.00
436.26	35.00
436.46	50.00
436.66	38.00
436.86	44.00
437.06	80.00
437.26	24.00
437.46	-19.00
437.66	29.00
437.86	-6.00
438.06	32.00
438.26	52.00
438.47	15.00
438.67	60.00
438.87	25.00
439.07	42.00
439.27	60.00
439.47	107.00
439.67	88.00
439.87	49.00
440.07	89.00
440.27	70.00
440.47	-20.00
440.67	-28.00
440.87	34.00
441.07	11.00
441.27	47.00
441.48	-34.00
441.68	-14.00
441.88	49.00
442.08	71.00
442.28	78.00
442.48	19.00
442.68	-43.00
442.88	19.00
443.08	64.00
443.28	81.00
443.48	9.00
443.68	32.00
443.88	2.00
444.08	-14.00
444.28	-37.00
444.48	-14.00
444.68	26.00
444.88	39.00
445.09	-15.00
445.29	-32.00
445.49	25.00
445.69	31.00
445.89	20.00
446.09	49.00
446.29	50.00
446.49	33.00
446.69	48.00
446.89	92.00
447.09	112.00
447.29	39.00
447.49	-17.00
447.69	18.00
447.89	32.00
448.09	36.00
448.29	47.00
448.49	17.00
448.69	27.00
448.89	24.00
449.09	24.00
449.29	48.00
449.49	-9.00
449.70	-2.00
449.90	42.00
450.10	30.00
450.30	-16.00
450.50	6.00
450.70	21.00
450.90	41.00
451.10	71.00
451.30	18.00
451.50	71.00
451.70	57.00
451.90	21.00
452.10	22.00
452.30	37.00
452.50	59.00
452.70	59.00
452.90	67.00
453.10	83.00
453.30	55.00
453.50	43.00
453.70	23.00
453.90	27.00
454.10	6.00
454.30	10.00
454.50	33.00
454.70	6.00
454.90	4.00
455.10	39.00
455.30	47.00
455.50	43.00
455.70	41.00
455.90	56.00
456.10	26.00
456.30	1.00
456.50	13.00
456.70	16.00
456.90	68.00
457.10	89.00
457.30	16.00
457.50	58.00
457.70	114.00
457.90	64.00
458.10	48.00
458.30	88.00
458.50	89.00
458.70	97.00
458.90	86.00
459.10	92.00
459.30	126.00
459.50	102.00
459.70	37.00
459.90	73.00
460.10	112.00
460.30	129.00
460.50	89.00
460.70	108.00
460.90	79.00
461.10	46.00
461.30	55.00
461.50	44.00
461.70	40.00
461.90	46.00
462.10	97.00
462.30	144.00
462.50	54.00
462.70	34.00
462.90	97.00
463.10	65.00
463.30	94.00
463.50	105.00
463.70	65.00
463.90	60.00
464.10	41.00
464.30	57.00
464.50	82.00
464.70	94.00
464.90	42.00
465.10	52.00
465.30	70.00
465.50	87.00
465.70	55.00
465.90	71.00
466.10	86.00
466.30	117.00
466.50	33.00
466.70	76.00
466.90	140.00
467.10	117.00
467.30	119.00
467.50	101.00
467.70	28.00
467.90	44.00
468.10	6.00
468.30	38.00
468.50	84.00
468.70	40.00
468.90	42.00
469.10	77.00
469.30	57.00
469.50	90.00
469.70	44.00
469.90	47.00
470.10	65.00
470.30	21.00
470.50	67.00
470.70	30.00
470.90	6.00
471.10	74.00
471.29	91.00
471.49	82.00
471.69	43.00
471.89	-21.00
472.09	-5.00
472.29	75.00
472.49	77.00
472.69	74.00
472.89	68.00
473.09	22.00
473.29	68.00
473.49	101.00
473.69	89.00
473.89	76.00
474.09	-1.00
474.29	114.00
474.49	63.00
474.69	-5.00
474.89	32.00
475.09	63.00
475.29	115.00
475.49	55.00
475.69	-7.00
475.88	100.00
476.08	39.00
476.28	34.00
476.48	131.00
476.68	128.00
476.88	150.00
477.08	103.00
477.28	79.00
477.48	69.00
477.68	82.00
477.88	29.00
478.08	93.00
478.28	116.00
478.48	36.00
478.68	-9.00
478.88	1.00
479.08	24.00
479.28	22.00
479.47	68.00
479.67	134.00
479.87	103.00
480.07	50.00
480.27	61.00
480.47	56.00
480.67	89.00
480.87	61.00
481.07	99.00
481.27	40.00
481.47	48.00
481.67	107.00
481.87	99.00
482.07	133.00
482.27	86.00
482.46	124.00
482.66	86.00
482.86	39.00
483.06	56.00
483.26	97.00
483.46	56.00
483.66	41.00
483.86	45.00
484.06	54.00
484.26	57.00
484.46	6.00
484.66	5.00
484.86	87.00
485.05	123.00
485.25	110.00
485.45	47.00
485.65	71.00
485.85	81.00
486.05	118.00
486.25	117.00
486.45	77.00
486.65	25.00
486.85	75.00
487.05	103.00
487.25	77.00
487.44	68.00
487.64	79.00
487.84	121.00
488.04	47.00
488.24	52.00
488.44	114.00
488.64	90.00
488.84	63.00
489.04	105.00
489.24	114.00
489.43	53.00
489.63	153.00
489.83	84.00
490.03	70.00
490.23	105.00
490.43	107.00
490.63	88.00
490.83	78.00
491.03	65.00
491.23	124.00
491.42	146.00
491.62	78.00
491.82	85.00
492.02	118.00
492.22	122.00
492.42	165.00
492.62	167.00
492.82	187.00
493.02	195.00
493.22	147.00
493.41	59.00
493.61	68.00
493.81	134.00
494.01	196.00
494.21	158.00
494.41	149.00
494.61	164.00
494.81	167.00
495.01	106.00
495.20	101.00
495.40	124.00
495.60	108.00
495.80	132.00
496.00	145.00
496.20	95.00
496.40	60.00
496.60	76.00
496.79	140.00
496.99	167.00
497.19	183.00
497.39	154.00
497.59	148.00
497.79	222.00
497.99	185.00
498.19	117.00
498.38	123.00
498.58	174.00
498.78	167.00
498.98	200.00
499.18	201.00
499.38	127.00
499.58	117.00
499.78	125.00
499.97	174.00
500.17	231.00
500.37	151.00
500.57	115.00
500.77	156.00
500.97	133.00
501.17	143.00
501.37	153.00
501.56	167.00
501.76	114.00
501.96	139.00
502.16	179.00
502.36	119.00
502.56	153.00
502.76	135.00
502.95	141.00
503.15	116.00
503.35	167.00
503.55	149.00
503.75	188.00
503.95	213.00
504.15	158.00
504.34	125.00
504.54	152.00
504.74	134.00
504.94	173.00
505.14	207.00
505.34	132.00
505.54	128.00
505.73	157.00
505.93	128.00
506.13	165.00
506.33	176.00
506.53	150.00
506.73	149.00
506.92	144.00
507.12	128.00
507.32	136.00
507.52	147.00
507.72	90.00
507.92	102.00
508.12	120.00
508.31	120.00
508.51	153.00
508.71	181.00
508.91	127.00
509.11	104.00
509.31	164.00
509.50	117.00
509.70	138.00
509.90	145.00
510.10	136.00
510.30	208.00
510.50	161.00
510.69	111.00
510.89	194.00
511.09	212.00
511.29	140.00
511.49	162.00
511.69	215.00
511.88	177.00
512.08	146.00
512.28	122.00
512.48	141.00
512.68	214.00
512.88	161.00
513.07	107.00
513.27	121.00
513.47	135.00
513.67	201.00
513.87	164.00
514.06	194.00
514.26	213.00
514.46	167.00
514.66	134.00
514.86	128.00
515.06	165.00
515.25	146.00
515.45	65.00
515.65	103.00
515.85	144.00
516.05	119.00
516.24	157.00
516.44	164.00
516.64	169.00
516.84	160.00
517.04	188.00
517.23	159.00
517.43	154.00
517.63	155.00
517.83	126.00
518.03	148.00
518.23	179.00
518.42	165.00
518.62	224.00
518.82	169.00
519.02	152.00
519.22	145.00
519.41	180.00
519.61	168.00
519.81	109.00
520.01	80.00
520.21	158.00
520.40	160.00
520.60	152.00
520.80	224.00
521.00	194.00
521.20	153.00
521.39	156.00
521.59	132.00
521.79	150.00
521.99	181.00
522.19	185.00
522.38	182.00
522.58	206.00
522.78	227.00
522.98	276.00
523.17	188.00
523.37	135.00
523.57	185.00
523.77	203.00
523.97	208.00
524.16	140.00
524.36	132.00
524.56	150.00
524.76	131.00
524.96	188.00
525.15	202.00
525.35	258.00
525.55	167.00
525.75	160.00
525.94	190.00
526.14	203.00
526.34	195.00
526.54	223.00
526.74	212.00
526.93	157.00
527.13	150.00
527.33	214.00
527.53	186.00
527.72	214.00
527.92	223.00
528.12	225.00
528.32	219.00
528.52	253.00
528.71	231.00
528.91	274.00
529.11	271.00
529.31	264.00
529.50	256.00
529.70	291.00
529.90	231.00
530.10	266.00
530.29	236.00
530.49	254.00
530.69	239.00
530.89	239.00
531.09	257.00
531.28	230.00
531.48	233.00
531.68	198.00
531.88	263.00
532.07	288.00
532.27	265.00
532.47	239.00
532.67	227.00
532.86	248.00
533.06	236.00
533.26	225.00
533.46	272.00
533.65	231.00
533.85	250.00
534.05	326.00
534.25	307.00
534.44	362.00
534.64	303.00
534.84	271.00
535.04	301.00
535.23	303.00
535.43	325.00
535.63	357.00
535.83	324.00
536.02	265.00
536.22	297.00
536.42	327.00
536.62	345.00
536.81	332.00
537.01	341.00
537.21	319.00
537.41	321.00
537.60	344.00
537.80	388.00
538.00	345.00
538.20	363.00
538.39	302.00
538.59	364.00
538.79	416.00
538.99	379.00
539.18	398.00
539.38	335.00
539.58	320.00
539.77	290.00
539.97	316.00
540.17	261.00
540.37	260.00
540.56	384.00
540.76	365.00
540.96	322.00
541.16	321.00
541.35	388.00
541.55	362.00
541.75	373.00
541.94	459.00
542.14	423.00
542.34	390.00
542.54	381.00
542.73	350.00
542.93	405.00
543.13	403.00
543.33	389.00
543.52	442.00
543.72	383.00
543.92	359.00
544.11	396.00
544.31	479.00
544.51	545.00
544.71	482.00
544.90	484.00
545.10	444.00
545.30	398.00
545.49	449.00
545.69	455.00
545.89	384.00
546.09	390.00
546.28	509.00
546.48	525.00
546.68	529.00
546.87	510.00
547.07	481.00
547.27	481.00
547.47	428.00
547.66	387.00
547.86	497.00
548.06	488.00
548.25	398.00
548.45	438.00
548.65	416.00
548.84	386.00
549.04	394.00
549.24	419.00
549.44	397.00
549.63	432.00
549.83	437.00
550.03	439.00
550.22	398.00
550.42	413.00
550.62	456.00
550.81	347.00
551.01	357.00
551.21	411.00
551.41	444.00
551.60	446.00
551.80	410.00
552.00	412.00
552.19	444.00
552.39	396.00
552.59	385.00
552.78	359.00
552.98	364.00
553.18	380.00
553.37	432.00
553.57	367.00
553.77	363.00
553.96	398.00
554.16	414.00
554.36	460.00
554.56	422.00
554.75	418.00
554.95	373.00
555.15	341.00
555.34	348.00
555.54	409.00
555.74	407.00
555.93	337.00
556.13	347.00
556.33	348.00
556.52	358.00
556.72	374.00
556.92	379.00
557.11	407.00
557.31	384.00
557.51	337.00
557.70	313.00
557.90	319.00
558.10	375.00
558.29	338.00
558.49	317.00
558.69	345.00
558.88	376.00
559.08	396.00
559.28	359.00
559.47	373.00
559.67	406.00
559.87	314.00
560.06	314.00
560.26	325.00
560.46	350.00
560.65	337.00
560.85	381.00
561.05	361.00
561.24	357.00
561.44	399.00
561.64	366.00
561.83	380.00
562.03	372.00
562.23	353.00
562.42	378.00
562.62	377.00
562.82	410.00
563.01	412.00
563.21	382.00
563.40	335.00
563.60	350.00
563.80	347.00
563.99	318.00
564.19	339.00
564.39	375.00
564.58	357.00
564.78	348.00
564.98	371.00
565.17	390.00
565.37	319.00
565.57	378.00
565.76	436.00
565.96	397.00
566.16	343.00
566.35	329.00
566.55	381.00
566.74	386.00
566.94	339.00
567.14	371.00
567.33	406.00
567.53	451.00
567.73	461.00
567.92	386.00
568.12	389.00
568.32	405.00
568.51	433.00
568.71	450.00
568.90	395.00
569.10	397.00
569.30	384.00
569.49	365.00
569.69	429.00
569.89	427.00
570.08	438.00
570.28	448.00
570.47	427.00
570.67	391.00
570.87	368.00
571.06	411.00
571.26	424.00
571.46	440.00
571.65	412.00
571.85	442.00
572.04	434.00
572.24	472.00
572.44	460.00
572.63	424.00
572.83	465.00
573.03	417.00
573.22	414.00
573.42	458.00
573.61	446.00
573.81	440.00
574.01	494.00
574.20	535.00
574.40	559.00
574.59	523.00
574.79	500.00
574.99	557.00
575.18	496.00
575.38	508.00
575.58	525.00
575.77	572.00
575.97	547.00
576.16	526.00
576.36	574.00
576.56	564.00
576.75	590.00
576.95	594.00
577.14	653.00
577.34	639.00
577.54	610.00
577.73	565.00
577.93	561.00
578.12	614.00
578.32	724.00
578.52	687.00
578.71	697.00
578.91	675.00
579.10	639.00
579.30	610.00
579.50	673.00
579.69	728.00
579.89	746.00
580.08	636.00
580.28	703.00
580.48	687.00
580.67	722.00
580.87	755.00
581.06	784.00
581.26	772.00
581.45	781.00
581.65	805.00
581.85	860.00
582.04	830.00
582.24	806.00
582.43	804.00
582.63	885.00
582.83	944.00
583.02	945.00
583.22	975.00
583.41	906.00
583.61	919.00
583.80	990.00
584.00	935.00
584.20	980.00
584.39	913.00
584.59	895.00
584.78	855.00
584.98	934.00
585.17	1032.00
585.37	991.00
585.57	946.00
585.76	1004.00
585.96	1033.00
586.15	1064.00
586.35	1053.00
586.54	1111.00
586.74	1144.00
586.94	1145.00
587.13	1106.00
587.33	1139.00
587.52	1150.00
587.72	1154.00
587.91	1116.00
588.11	1185.00
588.31	1167.00
588.50	1205.00
588.70	1163.00
588.89	1128.00
589.09	1217.00
589.28	1243.00
589.48	1171.00
589.68	1114.00
589.87	1172.00
590.07	1164.00
590.26	1260.00
590.46	1262.00
590.65	1275.00
590.85	1322.00
591.04	1244.00
591.24	1318.00
591.44	1443.00
591.63	1425.00
591.83	1367.00
592.02	1380.00
592.22	1405.00
592.41	1391.00
592.61	1373.00
592.80	1407.00
593.00	1486.00
593.19	1567.00
593.39	1530.00
593.59	1492.00
593.78	1515.00
593.98	1489.00
594.17	1445.00
594.37	1477.00
594.56	1538.00
594.76	1574.00
594.95	1545.00
595.15	1574.00
595.34	1610.00
595.54	1547.00
595.73	1585.00
595.93	1593.00
596.13	1643.00
596.32	1641.00
596.52	1700.00
596.71	1698.00
596.91	1603.00
597.10	1648.00
597.30	1685.00
597.49	1646.00
597.69	1691.00
597.88	1694.00
598.08	1634.00
598.27	1697.00
598.47	1749.00
598.66	1728.00
598.86	1635.00
599.06	1693.00
599.25	1694.00
599.45	1752.00
599.64	1780.00
599.84	1706.00
600.03	1725.00
600.23	1715.00
600.42	1768.00
600.62	1818.00
600.81	1809.00
601.01	1771.00
601.20	1746.00
601.40	1756.00
601.59	1753.00
601.79	1777.00
601.98	1713.00
602.18	1707.00
602.37	1740.00
602.57	1660.00
602.76	1691.00
602.96	1790.00
603.15	1716.00
603.35	1706.00
603.54	1738.00
603.74	1757.00
603.93	1711.00
604.13	1756.00
604.32	1671.00
604.52	1741.00
604.71	1810.00
604.91	1781.00
605.10	1806.00
605.30	1707.00
605.49	1716.00
605.69	1755.00
605.88	1794.00
606.08	1747.00
606.27	1703.00
606.47	1792.00
606.66	1787.00
606.86	1771.00
607.05	1802.00
607.25	1850.00
607.44	1756.00
607.64	1715.00
607.83	1700.00
608.03	1799.00
608.22	1899.00
608.42	1878.00
608.61	1826.00
608.81	1898.00
609.00	1870.00
609.20	1902.00
609.39	1899.00
609.59	1941.00
609.78	1971.00
609.98	2125.00
610.17	2281.00
610.37	2413.00
610.56	2526.00
610.76	2646.00
610.95	2838.00
611.15	3052.00
611.34	3126.00
611.54	3259.00
611.73	3275.00
611.93	3103.00
612.12	2810.00
612.32	2479.00
612.51	2340.00
612.71	2206.00
612.90	2149.00
613.09	2101.00
613.29	2108.00
613.48	2120.00
613.68	2041.00
613.87	2117.00
614.07	2097.00
614.26	2114.00
614.46	2116.00
614.65	2120.00
614.85	2045.00
615.04	2009.00
615.24	1953.00
615.43	1970.00
615.63	1932.00
615.82	1919.00
616.02	1875.00
616.21	1873.00
616.40	1839.00
616.60	1708.00
616.79	1711.00
616.99	1716.00
617.18	1730.00
617.38	1821.00
617.57	1754.00
617.77	1777.00
617.96	1830.00
618.16	1841.00
618.35	1841.00
618.54	1795.00
618.74	1757.00
618.93	1799.00
619.13	1747.00
619.32	1765.00
619.52	1743.00
619.71	1873.00
619.91	1935.00
620.10	1880.00
620.30	1891.00
620.49	1891.00
620.68	1864.00
620.88	1971.00
621.07	1898.00
621.27	1811.00
621.46	1766.00
621.66	1840.00
621.85	1910.00
622.05	1847.00
622.24	1897.00
622.43	2001.00
622.63	2032.00
622.82	1923.00
623.02	1948.00
623.21	1964.00
623.41	1970.00
623.60	1960.00
623.80	2004.00
623.99	1956.00
624.18	1984.00
624.38	2021.00
624.57	2006.00
624.77	1986.00
624.96	1952.00
625.16	2046.00
625.35	2001.00
625.54	2039.00
625.74	2053.00
625.93	2070.00
626.13	2083.00
626.32	2029.00
626.52	2019.00
626.71	2077.00
626.90	2055.00
627.10	2100.00
627.29	2073.00
627.49	2036.00
627.68	2119.00
627.88	2140.00
628.07	2116.00
628.26	2066.00
628.46	2092.00
628.65	2093.00
628.85	2118.00
629.04	2142.00
629.23	2123.00
629.43	2204.00
629.62	2225.00
629.82	2113.00
630.01	2109.00
630.21	2221.00
630.40	2286.00
630.59	2316.00
630.79	2327.00
630.98	2354.00
631.18	2370.00
631.37	2357.00
631.56	2354.00
631.76	2329.00
631.95	2309.00
632.15	2353.00
632.34	2232.00
632.53	2173.00
632.73	2256.00
632.92	2283.00
633.12	2268.00
633.31	2298.00
633.50	2284.00
633.70	2226.00
633.89	2247.00
634.09	2288.00
634.28	2315.00
634.47	2408.00
634.67	2337.00
634.86	2333.00
635.06	2366.00
635.25	2340.00
635.44	2382.00
635.64	2366.00
635.83	2360.00
636.03	2363.00
636.22	2434.00
636.41	2481.00
636.61	2477.00
636.80	2542.00
637.00	2635.00
637.19	2555.00
637.38	2475.00
637.58	2478.00
637.77	2533.00
637.96	2610.00
638.16	2563.00
638.35	2528.00
638.55	2577.00
638.74	2655.00
638.93	2667.00
639.13	2612.00
639.32	2626.00
639.51	2631.00
639.71	2623.00
639.90	2636.00
640.10	2628.00
640.29	2601.00
640.48	2612.00
640.68	2707.00
640.87	2750.00
641.07	2804.00
641.26	2818.00
641.45	2770.00
641.65	2771.00
641.84	2793.00
642.03	2812.00
642.23	2859.00
642.42	2825.00
642.61	2781.00
642.81	2825.00
643.00	2878.00
643.20	2787.00
643.39	2771.00
643.58	2797.00
643.78	2828.00
643.97	2861.00
644.16	2822.00
644.36	2875.00
644.55	2914.00
644.74	2916.00
644.94	2931.00
645.13	3027.00
645.33	2976.00
645.52	2913.00
645.71	2916.00
645.91	2919.00
646.10	2903.00
646.29	2962.00
646.49	2884.00
646.68	2972.00
646.87	3003.00
647.07	2934.00
647.26	3017.00
647.45	3090.00
647.65	3050.00
647.84	3085.00
648.03	3135.00
648.23	3132.00
648.42	3167.00
648.62	3195.00
648.81	3155.00
649.00	3166.00
649.20	3182.00
649.39	3249.00
649.58	3296.00
649.78	3294.00
649.97	3263.00
650.16	3205.00
650.36	3192.00
650.55	3162.00
650.74	3283.00
650.94	3295.00
651.13	3271.00
651.32	3278.00
651.52	3281.00
651.71	3245.00
651.90	3244.00
652.10	3294.00
652.29	3213.00
652.48	3230.00
652.68	3356.00
652.87	3376.00
653.06	3293.00
653.26	3207.00
653.45	3143.00
653.64	3188.00
653.84	3214.00
654.03	3268.00
654.22	3218.00
654.42	3221.00
654.61	3214.00
654.80	3199.00
654.99	3272.00
655.19	3329.00
655.38	3299.00
655.57	3389.00
655.77	3396.00
655.96	3348.00
656.15	3306.00
656.35	3305.00
656.54	3254.00
656.73	3266.00
656.93	3302.00
657.12	3225.00
657.31	3237.00
657.51	3217.00
657.70	3211.00
657.89	3271.00
658.09	3255.00
658.28	3245.00
658.47	3326.00
658.66	3317.00
658.86	3306.00
659.05	3285.00
659.24	3247.00
659.44	3273.00
659.63	3202.00
659.82	3163.00
660.02	3223.00
660.21	3189.00
660.40	3087.00
660.60	3215.00
660.79	3302.00
660.98	3232.00
661.17	3215.00
661.37	3221.00
661.56	3137.00
661.75	3111.00
661.95	3104.00
662.14	3146.00
662.33	3202.00
662.52	3124.00
662.72	3119.00
662.91	3102.00
663.10	3147.00
663.30	3241.00
663.49	3258.00
663.68	3155.00
663.88	3109.00
664.07	3166.00
664.26	3170.00
664.45	3137.00
664.65	3078.00
664.84	3014.00
665.03	3091.00
665.23	3089.00
665.42	3038.00
665.61	3019.00
665.80	3019.00
666.00	3102.00
666.19	3075.00
666.38	3139.00
666.57	3121.00
666.77	3044.00
666.96	3117.00
667.15	3112.00
667.35	3121.00
667.54	3134.00
667.73	3072.00
667.92	2976.00
668.12	3016.00
668.31	3052.00
668.50	2981.00
668.70	3008.00
668.89	2968.00
669.08	3004.00
669.27	2980.00
669.47	2893.00
669.66	2948.00
669.85	2982.00
670.04	2986.00
670.24	2984.00
670.43	3038.00
670.62	3042.00
670.81	2993.00
671.01	2911.00
671.20	2862.00
671.39	2853.00
671.58	2933.00
671.78	2979.00
671.97	2940.00
672.16	2969.00
672.36	2966.00
672.55	2912.00
672.74	2865.00
672.93	2884.00
673.13	2880.00
673.32	2859.00
673.51	2800.00
673.70	2777.00
673.90	2732.00
674.09	2890.00
674.28	2923.00
674.47	2876.00
674.67	2824.00
674.86	2936.00
675.05	2965.00
675.24	2951.00
675.44	2892.00
675.63	2770.00
675.82	2844.00
676.01	2825.00
676.21	2773.00
676.40	2880.00
676.59	2897.00
676.78	2868.00
676.97	2822.00
677.17	2750.00
677.36	2732.00
677.55	2788.00
677.74	2856.00
677.94	2839.00
678.13	2853.00
678.32	2818.00
678.51	2798.00
678.71	2780.00
678.90	2762.00
679.09	2749.00
679.28	2793.00
679.48	2767.00
679.67	2756.00
679.86	2777.00
680.05	2769.00
680.24	2731.00
680.44	2737.00
680.63	2832.00
680.82	2760.00
681.01	2723.00
681.21	2714.00
681.40	2743.00
681.59	2732.00
681.78	2742.00
681.97	2758.00
682.17	2747.00
682.36	2731.00
682.55	2654.00
682.74	2649.00
682.94	2731.00
683.13	2716.00
683.32	2695.00
683.51	2735.00
683.70	2769.00
683.90	2685.00
684.09	2690.00
684.28	2736.00
684.47	2743.00
684.66	2778.00
684.86	2747.00
685.05	2751.00
685.24	2654.00
685.43	2634.00
685.63	2647.00
685.82	2621.00
686.01	2628.00
686.20	2659.00
686.39	2653.00
686.59	2693.00
686.78	2680.00
686.97	2674.00
687.16	2704.00
687.35	2666.00
687.55	2642.00
687.74	2676.00
687.93	2699.00
688.12	2738.00
688.31	2751.00
688.51	2715.00
688.70	2750.00
688.89	2700.00
689.08	2633.00
689.27	2668.00
689.47	2696.00
689.66	2677.00
689.85	2606.00
690.04	2639.00
690.23	2590.00
690.42	2590.00
690.62	2624.00
690.81	2587.00
691.00	2613.00
691.19	2771.00
691.38	2701.00
691.58	2674.00
691.77	2704.00
691.96	2664.00
692.15	2663.00
692.34	2684.00
692.54	2679.00
692.73	2736.00
692.92	2760.00
693.11	2707.00
693.30	2714.00
693.49	2754.00
693.69	2772.00
693.88	2826.00
694.07	2806.00
694.26	2701.00
694.45	2745.00
694.64	2748.00
694.84	2703.00
695.03	2711.00
695.22	2733.00
695.41	2711.00
695.60	2668.00
695.80	2595.00
695.99	2631.00
696.18	2749.00
696.37	2709.00
696.56	2668.00
696.75	2719.00
696.95	2751.00
697.14	2712.00
697.33	2768.00
697.52	2754.00
697.71	2718.00
697.90	2717.00
698.09	2756.00
698.29	2748.00
698.48	2823.00
698.67	2849.00
698.86	2802.00
699.05	2760.00
699.24	2752.00
699.44	2833.00
699.63	2788.00
699.82	2685.00
700.01	2760.00
700.20	2776.00
700.39	2719.00
700.58	2742.00
700.78	2823.00
700.97	2852.00
701.16	2870.00
701.35	2796.00
701.54	2807.00
701.73	2817.00
701.93	2874.00
702.12	2925.00
702.31	2838.00
702.50	2898.00
702.69	2930.00
702.88	2891.00
703.07	2910.00
703.27	2949.00
703.46	2923.00
703.65	3037.00
703.84	2920.00
704.03	2939.00
704.22	2983.00
704.41	2872.00
704.60	2942.00
704.80	2994.00
704.99	2975.00
705.18	2997.00
705.37	3044.00
705.56	3135.00
705.75	3061.00
705.94	3067.00
706.14	3090.00
706.33	3072.00
706.52	3121.00
706.71	3164.00
706.90	3207.00
707.09	3259.00
707.28	3144.00
707.47	3099.00
707.67	3244.00
707.86	3251.00
708.05	3251.00
708.24	3214.00
708.43	3214.00
708.62	3232.00
708.81	3185.00
709.00	3263.00
709.20	3359.00
709.39	3287.00
709.58	3318.00
709.77	3284.00
709.96	3172.00
710.15	3315.00
710.34	3317.00
710.53	3207.00
710.72	3244.00
710.92	3310.00
711.11	3237.00
711.30	3240.00
711.49	3208.00
711.68	3194.00
711.87	3303.00
712.06	3317.00
712.25	3394.00
712.44	3418.00
712.64	3417.00
712.83	3405.00
713.02	3377.00
713.21	3401.00
713.40	3429.00
713.59	3466.00
713.78	3447.00
713.97	3423.00
714.16	3443.00
714.35	3467.00
714.55	3449.00
714.74	3399.00
714.93	3377.00
715.12	3405.00
715.31	3434.00
715.50	3444.00
715.69	3362.00
715.88	3337.00
716.07	3329.00
716.26	3353.00
716.45	3388.00
716.65	3407.00
716.84	3418.00
717.03	3397.00
717.22	3409.00
717.41	3398.00
717.60	3464.00
717.79	3483.00
717.98	3428.00
718.17	3440.00
718.36	3589.00
718.55	3510.00
718.75	3478.00
718.94	3538.00
719.13	3478.00
719.32	3506.00
719.51	3473.00
719.70	3525.00
719.89	3605.00
720.08	3627.00
720.27	3605.00
720.46	3569.00
720.65	3553.00
720.84	3562.00
721.03	3613.00
721.22	3569.00
721.42	3556.00
721.61	3528.00
721.80	3585.00
721.99	3524.00
722.18	3474.00
722.37	3476.00
722.56	3480.00
722.75	3566.00
722.94	3590.00
723.13	3573.00
723.32	3600.00
723.51	3456.00
723.70	3453.00
723.89	3523.00
724.08	3593.00
724.28	3536.00
724.47	3552.00
724.66	3572.00
724.85	3602.00
725.04	3635.00
725.23	3656.00
725.42	3748.00
725.61	3702.00
725.80	3621.00
725.99	3672.00
726.18	3628.00
726.37	3646.00
726.56	3587.00
726.75	3568.00
726.94	3608.00
727.13	3646.00
727.32	3659.00
727.51	3638.00
727.71	3614.00
727.90	3610.00
728.09	3629.00
728.28	3663.00
728.47	3551.00
728.66	3547.00
728.85	3533.00
729.04	3514.00
729.23	3527.00
729.42	3524.00
729.61	3574.00
729.80	3547.00
729.99	3593.00
730.18	3620.00
730.37	3570.00
730.56	3511.00
730.75	3583.00
730.94	3600.00
731.13	3622.00
731.32	3633.00
731.51	3583.00
731.70	3578.00
731.89	3652.00
732.08	3671.00
732.27	3649.00
732.46	3589.00
732.65	3619.00
732.84	3616.00
733.04	3652.00
733.23	3583.00
733.42	3500.00
733.61	3541.00
733.80	3576.00
733.99	3482.00
734.18	3481.00
734.37	3518.00
734.56	3499.00
734.75	3518.00
734.94	3411.00
735.13	3430.00
735.32	3541.00
735.51	3538.00
735.70	3475.00
735.89	3480.00
736.08	3517.00
736.27	3570.00
736.46	3513.00
736.65	3425.00
736.84	3478.00
737.03	3499.00
737.22	3479.00
737.41	3512.00
737.60	3432.00
737.79	3415.00
737.98	3393.00
738.17	3458.00
738.36	3446.00
738.55	3342.00
738.74	3383.00
738.93	3435.00
739.12	3513.00
739.31	3523.00
739.50	3471.00
739.69	3473.00
739.88	3439.00
740.07	3391.00
740.26	3291.00
740.45	3279.00
740.64	3363.00
740.83	3466.00
741.02	3408.00
741.21	3322.00
741.40	3288.00
741.59	3246.00
741.78	3313.00
741.97	3226.00
742.16	3221.00
742.35	3310.00
742.54	3363.00
742.73	3369.00
742.92	3255.00
743.11	3199.00
743.30	3181.00
743.49	3128.00
743.68	3100.00
743.87	3076.00
744.06	3122.00
744.25	3066.00
744.44	3186.00
744.63	3304.00
744.82	3232.00
745.01	3163.00
745.20	3199.00
745.39	3169.00
745.58	3118.00
745.77	3150.00
745.96	3079.00
746.15	3150.00
746.34	3193.00
746.52	3187.00
746.71	3151.00
746.90	3158.00
747.09	3161.00
747.28	3164.00
747.47	3140.00
747.66	3147.00
747.85	3163.00
748.04	3029.00
748.23	3050.00
748.42	3042.00
748.61	3010.00
748.80	2978.00
748.99	2974.00
749.18	3041.00
749.37	2943.00
749.56	2929.00
749.75	2949.00
749.94	2887.00
750.13	2890.00
750.32	2976.00
750.51	2973.00
750.70	2920.00
750.89	2893.00
751.08	2853.00
751.27	2862.00
751.46	2827.00
751.64	2838.00
751.83	2818.00
752.02	2883.00
752.21	2901.00
752.40	2887.00
752.59	2851.00
752.78	2939.00
752.97	2900.00
753.16	2864.00
753.35	2855.00
753.54	2807.00
753.73	2833.00
753.92	2848.00
754.11	2846.00
754.30	2827.00
754.49	2893.00
754.68	2840.00
754.87	2870.00
755.06	2925.00
755.24	2804.00
755.43	2718.00
755.62	2694.00
755.81	2617.00
756.00	2740.00
756.19	2802.00
756.38	2745.00
756.57	2749.00
756.76	2770.00
756.95	2802.00
757.14	2755.00
757.33	2755.00
757.52	2764.00
757.71	2731.00
757.90	2717.00
758.08	2691.00
758.27	2603.00
758.46	2556.00
758.65	2601.00
758.84	2634.00
759.03	2641.00
759.22	2636.00
759.41	2652.00
759.60	2672.00
759.79	2639.00
759.98	2649.00
760.17	2602.00
760.36	2592.00
760.54	2530.00
760.73	2573.00
760.92	2572.00
761.11	2567.00
761.30	2614.00
761.49	2583.00
761.68	2462.00
761.87	2408.00
762.06	2518.00
762.25	2471.00
762.44	2398.00
762.63	2363.00
762.81	2298.00
763.00	2297.00
763.19	2235.00
763.38	2165.00
763.57	2138.00
763.76	2133.00
763.95	2291.00
764.14	2307.00
764.33	2254.00
764.52	2193.00
764.71	2265.00
764.89	2251.00
765.08	2204.00
765.27	2183.00
765.46	2247.00
765.65	2287.00
765.84	2229.00
766.03	2258.00
766.22	2261.00
766.41	2229.00
766.59	2322.00
766.78	2321.00
766.97	2357.00
767.16	2429.00
767.35	2366.00
767.54	2431.00
767.73	2485.00
767.92	2452.00
768.11	2534.00
768.30	2455.00
768.48	2435.00
768.67	2448.00
768.86	2446.00
769.05	2401.00
769.24	2439.00
769.43	2608.00
769.62	2540.00
769.81	2469.00
769.99	2476.00
770.18	2521.00
770.37	2558.00
770.56	2534.00
770.75	2480.00
770.94	2492.00
771.13	2524.00
771.32	2493.00
771.50	2469.00
771.69	2542.00
771.88	2512.00
772.07	2426.00
772.26	2405.00
772.45	2506.00
772.64	2505.00
772.83	2538.00
773.01	2533.00
773.20	2452.00
773.39	2465.00
773.58	2450.00
773.77	2369.00
773.96	2462.00
774.15	2428.00
774.34	2445.00
774.52	2451.00
774.71	2406.00
774.90	2447.00
775.09	2446.00
775.28	2490.00
775.47	2523.00
775.66	2441.00
775.84	2434.00
776.03	2485.00
776.22	2395.00
776.41	2363.00
776.60	2414.00
776.79	2399.00
776.98	2433.00
777.16	2371.00
777.35	2335.00
777.54	2349.00
777.73	2349.00
777.92	2343.00
778.11	2359.00
778.29	2398.00
778.48	2396.00
778.67	2389.00
778.86	2326.00
779.05	2372.00
779.24	2425.00
779.43	2416.00
779.61	2466.00
779.80	2499.00
779.99	2448.00
780.18	2444.00
780.37	2366.00
780.56	2429.00
780.74	2483.00
780.93	2544.00
781.12	2452.00
781.31	2457.00
781.50	2486.00
781.69	2414.00
781.87	2348.00
782.06	2380.00
782.25	2428.00
782.44	2469.00
782.63	2471.00
782.82	2444.00
783.00	2512.00
783.19	2460.00
783.38	2404.00
783.57	2458.00
783.76	2454.00
783.95	2382.00
784.13	2436.00
784.32	2454.00
784.51	2473.00
784.70	2475.00
784.89	2497.00
785.08	2430.00
785.26	2443.00
785.45	2480.00
785.64	2526.00
785.83	2466.00
786.02	2427.00
786.20	2522.00
786.39	2502.00
786.58	2519.00
786.77	2511.00
786.96	2536.00
787.15	2611.00
787.33	2533.00
787.52	2528.00
787.71	2518.00
787.90	2454.00
788.09	2458.00
788.27	2506.00
788.46	2580.00
788.65	2575.00
788.84	2587.00
789.03	2583.00
789.21	2607.00
789.40	2596.00
789.59	2599.00
789.78	2568.00
789.97	2537.00
790.15	2629.00
790.34	2612.00
790.53	2608.00
790.72	2624.00
790.91	2543.00
791.09	2546.00
791.28	2540.00
791.47	2648.00
791.66	2640.00
791.85	2625.00
792.03	2637.00
792.22	2602.00
792.41	2636.00
792.60	2654.00
792.79	2605.00
792.97	2591.00
793.16	2651.00
793.35	2640.00
793.54	2591.00
793.72	2626.00
793.91	2641.00
794.10	2705.00
794.29	2680.00
794.48	2692.00
794.66	2685.00
794.85	2641.00
795.04	2671.00
795.23	2718.00
795.42	2692.00
795.60	2725.00
795.79	2738.00
795.98	2669.00
796.17	2671.00
796.35	2702.00
796.54	2643.00
796.73	2697.00
796.92	2801.00
797.11	2825.00
797.29	2699.00
797.48	2709.00
797.67	2754.00
797.86	2711.00
798.04	2733.00
798.23	2734.00
798.42	2630.00
798.61	2587.00
798.79	2648.00
798.98	2615.00
799.17	2621.00
799.36	2683.00
799.54	2609.00
799.73	2692.00
799.92	2712.00
800.11	2761.00
800.30	2700.00
800.48	2716.00
800.67	2816.00
800.86	2790.00
801.05	2683.00
801.23	2732.00
801.42	2744.00
801.61	2754.00
801.80	2701.00
801.98	2720.00
802.17	2778.00
802.36	2808.00
802.55	2721.00
802.73	2684.00
802.92	2742.00
803.11	2737.00
803.30	2744.00
803.48	2815.00
803.67	2764.00
803.86	2763.00
804.05	2801.00
804.23	2742.00
804.42	2744.00
804.61	2680.00
804.80	2743.00
804.98	2762.00
805.17	2725.00
805.36	2736.00
805.54	2754.00
805.73	2639.00
805.92	2663.00
806.11	2684.00
806.29	2764.00
806.48	2803.00
806.67	2821.00
806.86	2806.00
807.04	2814.00
807.23	2796.00
807.42	2796.00
807.61	2797.00
807.79	2787.00
807.98	2805.00
808.17	2836.00
808.35	2774.00
808.54	2867.00
808.73	2837.00
808.92	2783.00
809.10	2746.00
809.29	2725.00
809.48	2755.00
809.67	2760.00
809.85	2830.00
810.04	2851.00
810.23	2738.00
810.41	2767.00
810.60	2760.00
810.79	2771.00
810.98	2782.00
811.16	2699.00
811.35	2753.00
811.54	2706.00
811.72	2681.00
811.91	2727.00
812.10	2821.00
812.29	2687.00
812.47	2685.00
812.66	2768.00
812.85	2735.00
813.03	2701.00
813.22	2675.00
813.41	2724.00
813.60	2750.00
813.78	2730.00
813.97	2747.00
814.16	2742.00
814.34	2690.00
814.53	2709.00
814.72	2775.00
814.90	2757.00
815.09	2677.00
815.28	2671.00
815.47	2752.00
815.65	2784.00
815.84	2802.00
816.03	2804.00
816.21	2719.00
816.40	2754.00
816.59	2830.00
816.77	2703.00
816.96	2774.00
817.15	2798.00
817.33	2729.00
817.52	2755.00
817.71	2757.00
817.90	2687.00
818.08	2759.00
818.27	2744.00
818.46	2688.00
818.64	2766.00
818.83	2723.00
819.02	2715.00
819.20	2772.00
819.39	2782.00
819.58	2799.00
819.76	2809.00
819.95	2769.00
820.14	2820.00
820.32	2819.00
820.51	2756.00
820.70	2710.00
820.88	2698.00
821.07	2772.00
821.26	2764.00
821.44	2738.00
821.63	2795.00
821.82	2829.00
822.01	2822.00
822.19	2770.00
822.38	2685.00
822.57	2733.00
822.75	2753.00
822.94	2803.00
823.13	2797.00
823.31	2682.00
823.50	2703.00
823.69	2730.00
823.87	2737.00
824.06	2665.00
824.25	2671.00
824.43	2736.00
824.62	2749.00
824.80	2698.00
824.99	2711.00
825.18	2756.00
825.36	2746.00
825.55	2676.00
825.74	2693.00
825.92	2715.00
826.11	2788.00
826.30	2715.00
826.48	2702.00
826.67	2679.00
826.86	2617.00
827.04	2654.00
827.23	2600.00
827.42	2655.00
827.60	2642.00
827.79	2697.00
827.98	2723.00
828.16	2658.00
828.35	2603.00
828.54	2627.00
828.72	2698.00
828.91	2595.00
829.09	2549.00
829.28	2547.00
829.47	2616.00
829.65	2613.00
829.84	2543.00
830.03	2497.00
830.21	2564.00
830.40	2634.00
830.59	2567.00
830.77	2463.00
830.96	2466.00
831.14	2568.00
831.33	2547.00
831.52	2552.00
831.70	2584.00
831.89	2605.00
832.08	2636.00
832.26	2564.00
832.45	2510.00
832.64	2486.00
832.82	2580.00
833.01	2560.00
833.19	2470.00
833.38	2511.00
833.57	2549.00
833.75	2480.00
833.94	2518.00
834.13	2567.00
834.31	2583.00
834.50	2629.00
834.68	2576.00
834.87	2549.00
835.06	2544.00
835.24	2501.00
835.43	2552.00
835.61	2558.00
835.80	2488.00
835.99	2540.00
836.17	2472.00
836.36	2484.00
836.55	2563.00
836.73	2522.00
836.92	2480.00
837.10	2462.00
837.29	2396.00
837.48	2413.00
837.66	2457.00
837.85	2442.00
838.03	2447.00
838.22	2490.00
838.41	2491.00
838.59	2457.00
838.78	2389.00
838.96	2402.00
839.15	2461.00
839.34	2447.00
839.52	2481.00
839.71	2462.00
839.89	2401.00
840.08	2444.00
840.27	2482.00
840.45	2468.00
840.64	2373.00
840.82	2386.00
841.01	2452.00
841.20	2469.00
841.38	2390.00
841.57	2397.00
841.75	2383.00
841.94	2414.00
842.13	2462.00
842.31	2439.00
842.50	2357.00
842.68	2326.00
842.87	2315.00
843.05	2337.00
843.24	2222.00
843.43	2308.00
843.61	2419.00
843.80	2477.00
843.98	2340.00
844.17	2339.00
844.36	2232.00
844.54	2329.00
844.73	2323.00
844.91	2300.00
845.10	2264.00
845.28	2334.00
845.47	2344.00
845.66	2285.00
845.84	2240.00
846.03	2264.00
846.21	2243.00
846.40	2256.00
846.58	2101.00
846.77	2064.00
846.96	2122.00
847.14	2276.00
847.33	2212.00
847.51	2173.00
847.70	2194.00
847.88	2053.00
848.07	2148.00
848.25	2190.00
848.44	2227.00
848.63	2151.00
848.81	2150.00
849.00	2112.00
849.18	2169.00
849.37	2219.00
849.55	2176.00
849.74	2133.00
849.93	2102.00
850.11	2092.00
850.30	2094.00
850.48	2120.00
850.67	2143.00
850.85	2179.00
851.04	2166.00
851.22	2093.00
851.41	2160.00
851.59	2141.00
851.78	2134.00
851.97	2131.00
852.15	2089.00
852.34	2116.00
852.52	2186.00
852.71	2095.00
852.89	2004.00
853.08	2121.00
853.26	2112.00
853.45	2007.00
853.63	2068.00
853.82	2106.00
854.01	2129.00
854.19	2120.00
854.38	2023.00
854.56	2062.00
854.75	2141.00
854.93	2109.00
855.12	2114.00
855.30	1916.00
855.49	1941.00
855.67	2069.00
855.86	2015.00
856.04	2009.00
856.23	2034.00
856.41	2026.00
856.60	2053.00
856.79	2022.00
856.97	1952.00
857.16	1987.00
857.34	2009.00
857.53	1987.00
857.71	2031.00
857.90	1982.00
858.08	2040.00
858.27	2052.00
858.45	2091.00
858.64	2001.00
858.82	1999.00
859.01	2030.00
859.19	2068.00
859.38	2023.00
859.56	1966.00
859.75	1891.00
859.93	1869.00
860.12	1956.00
860.30	1933.00
860.49	1855.00
860.67	1914.00
860.86	1952.00
861.04	1934.00
861.23	1926.00
861.41	1895.00
861.60	1857.00
861.78	1890.00
861.97	1803.00
862.15	1809.00
862.34	1839.00
862.53	1877.00
862.71	1875.00
862.90	1911.00
863.08	1949.00
863.27	1923.00
863.45	1876.00
863.64	1836.00
863.82	1769.00
864.01	1798.00
864.19	1798.00
864.37	1752.00
864.56	1790.00
864.74	1802.00
864.93	1835.00
865.11	1829.00
865.30	1824.00
865.48	1793.00
865.67	1763.00
865.85	1744.00
866.04	1748.00
866.22	1796.00
866.41	1827.00
866.59	1758.00
866.78	1722.00
866.96	1760.00
867.15	1836.00
867.33	1740.00
867.52	1735.00
867.70	1791.00
867.89	1752.00
868.07	1734.00
868.26	1690.00
868.44	1659.00
868.63	1744.00
868.81	1800.00
869.00	1677.00
869.18	1679.00
869.37	1694.00
869.55	1754.00
869.74	1760.00
869.92	1672.00
870.10	1693.00
870.29	1691.00
870.47	1677.00
870.66	1662.00
870.84	1642.00
871.03	1659.00
871.21	1654.00
871.40	1670.00
871.58	1647.00
871.77	1611.00
871.95	1604.00
872.14	1657.00
872.32	1745.00
872.51	1721.00
872.69	1618.00
872.87	1558.00
873.06	1576.00
873.24	1567.00
873.43	1646.00
873.61	1711.00
873.80	1693.00
873.98	1602.00
874.17	1595.00
874.35	1637.00
874.54	1629.00
874.72	1611.00
874.90	1609.00
875.09	1584.00
875.27	1624.00
875.46	1648.00
875.64	1630.00
875.83	1577.00
876.01	1626.00
876.20	1602.00
876.38	1594.00
876.56	1595.00
876.75	1579.00
876.93	1579.00
877.12	1667.00
877.30	1585.00
877.49	1592.00
877.67	1509.00
877.86	1564.00
878.04	1532.00
878.22	1470.00
878.41	1562.00
878.59	1591.00
878.78	1580.00
878.96	1538.00
879.15	1535.00
879.33	1543.00
879.51	1513.00
879.70	1618.00
879.88	1565.00
880.07	1546.00
880.25	1540.00
880.44	1479.00
880.62	1551.00
880.80	1553.00
880.99	1525.00
881.17	1524.00
881.36	1590.00
881.54	1579.00
881.73	1570.00
881.91	1567.00
882.09	1608.00
882.28	1565.00
882.46	1514.00
882.65	1587.00
882.83	1642.00
883.02	1556.00
883.20	1570.00
883.38	1551.00
883.57	1509.00
883.75	1513.00
883.94	1534.00
884.12	1537.00
884.30	1566.00
884.49	1606.00
884.67	1579.00
884.86	1555.00
885.04	1502.00
885.22	1459.00
885.41	1439.00
885.59	1394.00
885.78	1410.00
885.96	1445.00
886.14	1515.00
886.33	1435.00
886.51	1461.00
886.70	1479.00
886.88	1425.00
887.06	1518.00
887.25	1531.00
887.43	1515.00
887.62	1525.00
887.80	1489.00
887.98	1405.00
888.17	1488.00
888.35	1537.00
888.54	1476.00
888.72	1476.00
888.90	1451.00
889.09	1480.00
889.27	1474.00
889.46	1490.00
889.64	1460.00
889.82	1465.00
890.01	1524.00
890.19	1513.00
890.38	1457.00
890.56	1492.00
890.74	1466.00
890.93	1452.00
891.11	1483.00
891.29	1418.00
891.48	1424.00
891.66	1503.00
891.85	1528.00
892.03	1432.00
892.21	1485.00
892.40	1544.00
892.58	1505.00
892.76	1520.00
892.95	1482.00
893.13	1472.00
893.32	1482.00
893.50	1495.00
893.68	1456.00
893.87	1433.00
894.05	1478.00
894.23	1469.00
894.42	1492.00
894.60	1508.00
894.79	1517.00
894.97	1555.00
895.15	1471.00
895.34	1440.00
895.52	1536.00
895.70	1562.00
895.89	1518.00
896.07	1464.00
896.25	1458.00
896.44	1408.00
896.62	1503.00
896.81	1535.00
896.99	1514.00
897.17	1509.00
897.36	1498.00
897.54	1505.00
897.72	1496.00
897.91	1435.00
898.09	1533.00
898.27	1605.00
898.46	1585.00
898.64	1546.00
898.82	1530.00
899.01	1583.00
899.19	1585.00
899.37	1577.00
899.56	1615.00
899.74	1539.00
899.92	1526.00
900.11	1600.00
900.29	1612.00
900.47	1530.00
900.66	1551.00
900.84	1589.00
901.03	1570.00
901.21	1516.00
901.39	1515.00
901.58	1503.00
901.76	1597.00
901.94	1587.00
902.13	1572.00
902.31	1565.00
902.49	1578.00
902.68	1681.00
902.86	1589.00
903.04	1558.00
903.23	1609.00
903.41	1641.00
903.59	1616.00
903.78	1634.00
903.96	1571.00
904.14	1507.00
904.32	1629.00
904.51	1652.00
904.69	1631.00
904.87	1579.00
905.06	1604.00
905.24	1653.00
905.42	1660.00
905.61	1595.00
905.79	1559.00
905.97	1592.00
906.16	1587.00
906.34	1620.00
906.52	1697.00
906.71	1737.00
906.89	1638.00
907.07	1604.00
907.26	1610.00
907.44	1698.00
907.62	1662.00
907.81	1655.00
907.99	1660.00
908.17	1639.00
908.35	1627.00
908.54	1693.00
908.72	1642.00
908.90	1608.00
909.09	1712.00
909.27	1676.00
909.45	1649.00
909.64	1639.00
909.82	1632.00
910.00	1580.00
910.18	1666.00
910.37	1739.00
910.55	1669.00
910.73	1636.00
910.92	1618.00
911.10	1645.00
911.28	1541.00
911.47	1604.00
911.65	1618.00
911.83	1603.00
912.01	1602.00
912.20	1585.00
912.38	1676.00
912.56	1683.00
912.75	1639.00
912.93	1601.00
913.11	1591.00
913.29	1570.00
913.48	1547.00
913.66	1497.00
913.84	1580.00
914.03	1631.00
914.21	1603.00
914.39	1617.00
914.57	1527.00
914.76	1550.00
914.94	1547.00
915.12	1540.00
915.31	1591.00
915.49	1550.00
915.67	1627.00
915.85	1612.00
916.04	1626.00
916.22	1563.00
916.40	1595.00
916.58	1569.00
916.77	1532.00
916.95	1521.00
917.13	1540.00
917.32	1533.00
917.50	1478.00
917.68	1512.00
917.86	1522.00
918.05	1540.00
918.23	1494.00
918.41	1497.00
918.59	1506.00
918.78	1469.00
918.96	1494.00
919.14	1539.00
919.32	1521.00
919.51	1503.00
919.69	1579.00
919.87	1473.00
920.05	1460.00
920.24	1466.00
920.42	1497.00
920.60	1527.00
920.78	1505.00
920.97	1522.00
921.15	1497.00
921.33	1515.00
921.52	1555.00
921.70	1560.00
921.88	1531.00
922.06	1482.00
922.24	1434.00
922.43	1439.00
922.61	1426.00
922.79	1411.00
922.97	1423.00
923.16	1467.00
923.34	1498.00
923.52	1465.00
923.70	1486.00
923.89	1494.00
924.07	1469.00
924.25	1515.00
924.43	1492.00
924.62	1425.00
924.80	1381.00
924.98	1423.00
925.16	1442.00
925.35	1432.00
925.53	1445.00
925.71	1419.00
925.89	1378.00
926.08	1361.00
926.26	1410.00
926.44	1378.00
926.62	1492.00
926.80	1487.00
926.99	1388.00
927.17	1383.00
927.35	1399.00
927.53	1428.00
927.72	1403.00
927.90	1440.00
928.08	1346.00
928.26	1335.00
928.44	1346.00
928.63	1344.00
928.81	1394.00
928.99	1391.00
929.17	1395.00
929.36	1391.00
929.54	1356.00
929.72	1309.00
929.90	1298.00
930.08	1316.00
930.27	1381.00
930.45	1388.00
930.63	1383.00
930.81	1357.00
930.99	1274.00
931.18	1237.00
931.36	1284.00
931.54	1396.00
931.72	1368.00
931.90	1263.00
932.09	1278.00
932.27	1294.00
932.45	1238.00
932.63	1270.00
932.81	1305.00
933.00	1251.00
933.18	1223.00
933.36	1169.00
933.54	1165.00
933.72	1186.00
933.91	1169.00
934.09	1200.00
934.27	1236.00
934.45	1258.00
934.63	1219.00
934.82	1210.00
935.00	1162.00
935.18	1180.00
935.36	1093.00
935.54	1146.00
935.73	1181.00
935.91	1107.00
936.09	1066.00
936.27	1058.00
936.45	1067.00
936.64	1004.00
936.82	929.00
937.00	947.00
937.18	987.00
937.36	932.00
937.54	982.00
937.73	989.00
937.91	948.00
938.09	887.00
938.27	866.00
938.45	903.00
938.63	841.00
938.82	806.00
939.00	852.00
939.18	877.00
939.36	809.00
939.54	776.00
939.73	727.00
939.91	770.00
940.09	748.00
940.27	749.00
940.45	766.00
940.63	762.00
940.82	729.00
941.00	704.00
941.18	733.00
941.36	741.00
941.54	637.00
941.72	604.00
941.91	616.00
942.09	609.00
942.27	655.00
942.45	687.00
942.63	708.00
942.81	696.00
942.99	673.00
943.18	648.00
943.36	641.00
943.54	692.00
943.72	720.00
943.90	707.00
944.08	652.00
944.27	642.00
944.45	672.00
944.63	690.00
944.81	626.00
944.99	618.00
945.17	615.00
945.35	566.00
945.54	577.00
945.72	615.00
945.90	653.00
946.08	644.00
946.26	669.00
946.44	643.00
946.62	659.00
946.81	661.00
946.99	700.00
947.17	648.00
947.35	607.00
947.53	613.00
947.71	640.00
947.89	612.00
948.07	644.00
948.26	642.00
948.44	661.00
948.62	642.00
948.80	700.00
948.98	754.00
949.16	675.00
949.34	664.00
949.53	697.00
949.71	710.00
949.89	641.00
950.07	581.00
950.25	642.00
950.43	612.00
950.61	635.00
950.79	672.00
950.98	613.00
951.16	585.00
951.34	588.00
951.52	567.00
951.70	668.00
951.88	713.00
952.06	609.00
952.24	598.00
952.42	675.00
952.61	690.00
952.79	626.00
952.97	647.00
953.15	747.00
953.33	696.00
953.51	659.00
953.69	651.00
953.87	621.00
954.05	594.00
954.24	632.00
954.42	615.00
954.60	652.00
954.78	686.00
954.96	635.00
955.14	644.00
955.32	600.00
955.50	628.00
955.68	637.00
955.86	603.00
956.05	616.00
956.23	662.00
956.41	680.00
956.59	633.00
956.77	628.00
956.95	646.00
957.13	619.00
957.31	590.00
957.49	600.00
957.67	608.00
957.86	667.00
958.04	635.00
958.22	617.00
958.40	656.00
958.58	630.00
958.76	554.00
958.94	578.00
959.12	604.00
959.30	594.00
959.48	589.00
959.66	599.00
959.84	585.00
960.03	564.00
960.21	579.00
960.39	557.00
960.57	551.00
960.75	562.00
960.93	626.00
961.11	614.00
961.29	642.00
961.47	614.00
961.65	631.00
961.83	551.00
962.01	623.00
962.19	593.00
962.37	585.00
962.56	609.00
962.74	593.00
962.92	514.00
963.10	570.00
963.28	656.00
963.46	653.00
963.64	579.00
963.82	581.00
964.00	525.00
964.18	506.00
964.36	612.00
964.54	623.00
964.72	625.00
964.90	567.00
965.08	517.00
965.27	596.00
965.45	552.00
965.63	537.00
965.81	559.00
965.99	579.00
966.17	554.00
966.35	582.00
966.53	594.00
966.71	558.00
966.89	559.00
967.07	595.00
967.25	561.00
967.43	523.00
967.61	529.00
967.79	557.00
967.97	642.00
968.15	587.00
968.33	497.00
968.51	462.00
968.69	437.00
968.87	519.00
969.06	590.00
969.24	527.00
969.42	533.00
969.60	602.00
969.78	557.00
969.96	497.00
970.14	519.00
970.32	497.00
970.50	549.00
970.68	564.00
970.86	521.00
971.04	493.00
971.22	453.00
971.40	480.00
971.58	496.00
971.76	516.00
971.94	547.00
972.12	548.00
972.30	596.00
972.48	524.00
972.66	484.00
972.84	520.00
973.02	488.00
973.20	550.00
973.38	564.00
973.56	544.00
973.74	574.00
973.92	536.00
974.10	539.00
974.28	478.00
974.46	422.00
974.64	485.00
974.82	466.00
975.00	518.00
975.18	519.00
975.36	513.00
975.54	527.00
975.72	557.00
975.90	491.00
976.08	436.00
976.26	428.00
976.44	469.00
976.62	496.00
976.80	444.00
976.98	460.00
977.16	458.00
977.34	512.00
977.52	508.00
977.70	428.00
977.88	484.00
978.06	465.00
978.24	424.00
978.42	462.00
978.60	498.00
978.78	476.00
978.96	456.00
979.14	522.00
979.32	429.00
979.50	447.00
979.68	400.00
979.86	440.00
980.04	511.00
980.22	501.00
980.40	452.00
980.58	432.00
980.76	440.00
980.94	467.00
981.12	450.00
981.30	424.00
981.48	372.00
981.66	422.00
981.84	412.00
982.02	451.00
982.20	520.00
982.38	470.00
982.56	451.00
982.74	396.00
982.92	410.00
983.10	392.00
983.28	421.00
983.46	459.00
983.64	462.00
983.82	379.00
984.00	470.00
984.18	483.00
984.36	460.00
984.54	483.00
984.72	419.00
984.90	401.00
985.08	398.00
985.26	424.00
985.44	395.00
985.62	364.00
985.80	400.00
985.98	459.00
986.16	394.00
986.34	374.00
986.51	402.00
986.69	420.00
986.87	416.00
987.05	387.00
987.23	407.00
987.41	359.00
987.59	370.00
987.77	372.00
987.95	383.00
988.13	395.00
988.31	367.00
988.49	343.00
988.67	376.00
988.85	449.00
989.03	427.00
989.21	359.00
989.39	364.00
989.57	402.00
989.75	372.00
989.93	380.00
990.11	318.00
990.28	370.00
990.46	483.00
990.64	418.00
990.82	330.00
991.00	347.00
991.18	403.00
991.36	365.00
991.54	375.00
991.72	333.00
991.90	316.00
992.08	367.00
992.26	373.00
992.44	394.00
992.62	323.00
992.80	330.00
992.98	360.00
993.15	359.00
993.33	383.00
993.51	391.00
993.69	363.00
993.87	352.00
994.05	328.00
994.23	386.00
994.41	395.00
994.59	304.00
994.77	364.00
994.95	374.00
995.13	317.00
995.31	327.00
995.48	268.00
995.66	284.00
995.84	349.00
996.02	316.00
996.20	336.00
996.38	306.00
996.56	410.00
996.74	363.00
996.92	314.00
997.10	310.00
997.28	341.00
997.46	347.00
997.63	364.00
997.81	329.00
997.99	381.00
998.17	347.00
998.35	313.00
998.53	280.00
998.71	278.00
998.89	315.00
999.07	341.00
999.25	293.00
999.43	270.00
999.60	351.00
999.78	334.00
999.96	264.00
1000.14	268.00
1000.32	293.00
1000.50	290.00
1000.68	363.00
1000.86	340.00
1001.04	316.00
1001.21	262.00
1001.39	347.00
1001.57	322.00
1001.75	286.00
1001.93	296.00
1002.11	263.00
1002.29	238.00
1002.47	295.00
1002.65	317.00
1002.82	278.00
1003.00	311.00
1003.18	287.00
1003.36	295.00
1003.54	288.00
1003.72	287.00
1003.90	346.00
1004.08	293.00
1004.26	287.00
1004.43	334.00
1004.61	325.00
1004.79	265.00
1004.97	278.00
1005.15	249.00
1005.33	275.00
1005.51	290.00
1005.69	264.00
1005.86	285.00
1006.04	279.00
1006.22	248.00
1006.40	281.00
1006.58	298.00
1006.76	272.00
1006.94	274.00
1007.12	270.00
1007.29	301.00
1007.47	301.00
1007.65	244.00
1007.83	291.00
1008.01	287.00
1008.19	276.00
1008.37	328.00
1008.54	284.00
1008.72	206.00
1008.90	248.00
1009.08	326.00
1009.26	256.00
1009.44	184.00
1009.62	219.00
1009.79	304.00
1009.97	327.00
1010.15	304.00
1010.33	262.00
1010.51	301.00
1010.69	340.00
1010.87	317.00
1011.04	312.00
1011.22	271.00
1011.40	309.00
1011.58	282.00
1011.76	280.00
1011.94	296.00
1012.11	248.00
1012.29	203.00
1012.47	251.00
1012.65	254.00
1012.83	280.00
1013.01	266.00
1013.18	254.00
1013.36	276.00
1013.54	279.00
1013.72	336.00
1013.90	275.00
1014.08	237.00
1014.25	262.00
1014.43	256.00
1014.61	276.00
1014.79	217.00
1014.97	217.00
1015.15	233.00
1015.32	266.00
1015.50	290.00
1015.68	265.00
1015.86	243.00
1016.04	242.00
1016.22	241.00
1016.39	225.00
1016.57	262.00
1016.75	215.00
1016.93	255.00
1017.11	220.00
1017.29	176.00
1017.46	219.00
1017.64	258.00
1017.82	275.00
1018.00	294.00
1018.18	294.00
1018.35	273.00
1018.53	277.00
1018.71	199.00
1018.89	191.00
1019.07	225.00
1019.24	265.00
1019.42	279.00
1019.60	236.00
1019.78	179.00
1019.96	196.00
1020.14	224.00
1020.31	258.00
1020.49	300.00
1020.67	228.00
1020.85	186.00
1021.03	202.00
1021.20	231.00
1021.38	260.00
1021.56	234.00
1021.74	223.00
1021.92	181.00
1022.09	180.00
1022.27	196.00
1022.45	251.00
1022.63	217.00
1022.81	200.00
1022.98	178.00
1023.16	256.00
1023.34	218.00
1023.52	197.00
1023.69	212.00
1023.87	223.00
1024.05	200.00
1024.23	197.00
1024.41	228.00
1024.58	260.00
1024.76	224.00
1024.94	198.00
1025.12	253.00
1025.30	234.00
1025.47	220.00
1025.65	214.00
1025.83	197.00
1026.01	202.00
1026.18	241.00
1026.36	172.00
1026.54	215.00
1026.72	220.00
1026.90	223.00
1027.07	215.00
1027.25	258.00
1027.43	269.00
1027.61	136.00
1027.78	191.00
1027.96	261.00
1028.14	263.00
1028.32	191.00
1028.49	184.00
1028.67	209.00
1028.85	198.00
1029.03	183.00
1029.21	190.00
1029.38	190.00
1029.56	201.00
1029.74	211.00
1029.92	210.00
1030.09	161.00
1030.27	235.00
1030.45	267.00
1030.63	209.00
1030.80	185.00
1030.98	172.00
1031.16	206.00
1031.34	212.00
1031.51	151.00
1031.69	153.00
1031.87	202.00
1032.05	191.00
1032.22	218.00
1032.40	187.00
1032.58	224.00
1032.76	199.00
1032.93	197.00
1033.11	199.00
1033.29	184.00
1033.47	226.00
1033.64	229.00
1033.82	216.00
1034.00	150.00
1034.18	190.00
1034.35	193.00
1034.53	178.00
1034.71	150.00
1034.89	211.00
1035.06	207.00
1035.24	187.00
1035.42	163.00
1035.59	99.00
1035.77	198.00
1035.95	192.00
1036.13	141.00
1036.30	111.00
1036.48	173.00
1036.66	147.00
1036.84	144.00
1037.01	177.00
1037.19	177.00
1037.37	183.00
1037.54	180.00
1037.72	188.00
1037.90	220.00
1038.08	229.00
1038.25	165.00
1038.43	192.00
1038.61	168.00
1038.79	150.00
1038.96	159.00
1039.14	157.00
1039.32	154.00
1039.49	178.00
1039.67	197.00
1039.85	127.00
1040.03	120.00
1040.20	153.00
1040.38	129.00
1040.56	142.00
1040.73	149.00
1040.91	162.00
1041.09	138.00
1041.27	173.00
1041.44	211.00
1041.62	139.00
1041.80	145.00
1041.97	139.00
1042.15	159.00
1042.33	172.00
1042.50	179.00
1042.68	231.00
1042.86	151.00
1043.04	103.00
1043.21	192.00
1043.39	183.00
1043.57	208.00
1043.74	195.00
1043.92	202.00
1044.10	172.00
1044.27	180.00
1044.45	130.00
1044.63	110.00
1044.80	89.00
1044.98	156.00
1045.16	132.00
1045.34	187.00
1045.51	173.00
1045.69	204.00
1045.87	142.00
1046.04	88.00
1046.22	87.00
1046.40	180.00
1046.57	194.00
1046.75	169.00
1046.93	150.00
1047.10	177.00
1047.28	90.00
1047.46	143.00
1047.63	177.00
1047.81	141.00
1047.99	120.00
1048.16	97.00
1048.34	128.00
1048.52	174.00
1048.69	131.00
1048.87	190.00
1049.05	166.00
1049.22	130.00
1049.40	165.00
1049.58	152.00
1049.75	83.00
1049.93	141.00
1050.11	211.00
1050.28	110.00
1050.46	126.00
1050.64	156.00
1050.81	110.00
1050.99	157.00
1051.17	193.00
1051.34	119.00
1051.52	140.00
1051.70	177.00
1051.87	211.00
1052.05	180.00
1052.23	131.00
1052.40	158.00
1052.58	140.00
1052.76	110.00
1052.93	132.00
1053.11	81.00
1053.29	105.00
1053.46	98.00
1053.64	109.00
1053.82	140.00
1053.99	127.00
1054.17	139.00
1054.35	161.00
1054.52	145.00
1054.70	112.00
1054.87	149.00
1055.05	127.00
1055.23	91.00
1055.40	85.00
1055.58	140.00
1055.76	110.00
1055.93	40.00
1056.11	58.00
1056.29	95.00
1056.46	176.00
1056.64	149.00
1056.81	134.00
1056.99	191.00
1057.17	203.00
1057.34	122.00
1057.52	92.00
1057.70	81.00
1057.87	91.00
1058.05	76.00
1058.22	101.00
1058.40	116.00
1058.58	71.00
1058.75	54.00
1058.93	66.00
1059.11	123.00
1059.28	134.00
1059.46	115.00
1059.63	115.00
1059.81	105.00
1059.99	78.00
1060.16	135.00
1060.34	112.00
1060.52	99.00
1060.69	131.00
1060.87	137.00
1061.04	92.00
1061.22	120.00
