367.62	310.00
367.82	351.00
368.02	425.00
368.23	385.00
368.43	419.00
368.63	367.00
368.83	387.00
369.04	365.00
369.24	323.00
369.44	366.00
369.65	364.00
369.85	380.00
370.05	423.00
370.25	420.00
370.46	381.00
370.66	370.00
370.86	362.00
371.07	397.00
371.27	382.00
371.47	341.00
371.67	321.00
371.88	421.00
372.08	472.00
372.28	505.00
372.49	496.00
372.69	413.00
372.89	422.00
373.09	538.00
373.30	562.00
373.50	526.00
373.70	560.00
373.91	561.00
374.11	643.00
374.31	603.00
374.51	577.00
374.72	656.00
374.92	677.00
375.12	605.00
375.33	582.00
375.53	542.00
375.73	596.00
375.93	631.00
376.14	686.00
376.34	733.00
376.54	685.00
376.74	714.00
376.95	727.00
377.15	697.00
377.35	649.00
377.55	670.00
377.76	755.00
377.96	784.00
378.16	758.00
378.37	775.00
378.57	757.00
378.77	783.00
378.97	826.00
379.18	765.00
379.38	778.00
379.58	796.00
379.78	866.00
379.99	857.00
380.19	823.00
380.39	849.00
380.59	796.00
380.80	799.00
381.00	842.00
381.20	844.00
381.40	910.00
381.61	880.00
381.81	837.00
382.01	851.00
382.21	882.00
382.42	875.00
382.62	868.00
382.82	906.00
383.02	863.00
383.23	925.00
383.43	843.00
383.63	898.00
383.83	893.00
384.04	934.00
384.24	893.00
384.44	875.00
384.64	835.00
384.85	909.00
385.05	925.00
385.25	918.00
385.45	927.00
385.66	836.00
385.86	869.00
386.06	894.00
386.26	925.00
386.47	917.00
386.67	850.00
386.87	914.00
387.07	957.00
387.27	860.00
387.48	890.00
387.68	947.00
387.88	951.00
388.08	923.00
388.29	944.00
388.49	939.00
388.69	925.00
388.89	1020.00
389.10	1023.00
389.30	910.00
389.50	922.00
389.70	967.00
389.90	1032.00
390.11	1017.00
390.31	1145.00
390.51	1085.00
390.71	1069.00
390.92	1104.00
391.12	1028.00
391.32	1191.00
391.52	1154.00
391.72	1206.00
391.93	1236.00
392.13	1148.00
392.33	1185.00
392.53	1115.00
392.74	1191.00
392.94	1188.00
393.14	1204.00
393.34	1296.00
393.54	1322.00
393.75	1381.00
393.95	1334.00
394.15	1360.00
394.35	1398.00
394.56	1463.00
394.76	1504.00
394.96	1455.00
395.16	1516.00
395.36	1481.00
395.57	1453.00
395.77	1602.00
395.97	1642.00
396.17	1602.00
396.37	1737.00
396.58	1818.00
396.78	1697.00
396.98	1681.00
397.18	1749.00
397.38	1853.00
397.59	1873.00
397.79	1801.00
397.99	1854.00
398.19	1991.00
398.39	2014.00
398.60	2038.00
398.80	1983.00
399.00	2043.00
399.20	2084.00
399.40	2145.00
399.61	2175.00
399.81	2179.00
400.01	2280.00
400.21	2278.00
400.41	2273.00
400.62	2285.00
400.82	2391.00
401.02	2356.00
401.22	2469.00
401.42	2554.00
401.63	2595.00
401.83	2642.00
402.03	2676.00
402.23	2668.00
402.43	2625.00
402.64	2760.00
402.84	2827.00
403.04	2752.00
403.24	2666.00
403.44	2717.00
403.64	2842.00
403.85	2904.00
404.05	2942.00
404.25	2913.00
404.45	2883.00
404.65	2833.00
404.86	2938.00
405.06	2935.00
405.26	2885.00
405.46	2887.00
405.66	3014.00
405.86	2967.00
406.07	3009.00
406.27	3029.00
406.47	3090.00
406.67	3095.00
406.87	3053.00
407.07	3072.00
407.28	3131.00
407.48	3065.00
407.68	3046.00
407.88	3062.00
408.08	3142.00
408.28	3106.00
408.49	3133.00
408.69	3147.00
408.89	3093.00
409.09	3117.00
409.29	3227.00
409.49	3232.00
409.70	3142.00
409.90	3185.00
410.10	3203.00
410.30	3180.00
410.50	3232.00
410.70	3285.00
410.91	3315.00
411.11	3248.00
411.31	3334.00
411.51	3362.00
411.71	3376.00
411.91	3370.00
412.12	3370.00
412.32	3301.00
412.52	3303.00
412.72	3352.00
412.92	3383.00
413.12	3441.00
413.32	3423.00
413.53	3362.00
413.73	3548.00
413.93	3517.00
414.13	3513.00
414.33	3534.00
414.53	3635.00
414.74	3654.00
414.94	3551.00
415.14	3576.00
415.34	3705.00
415.54	3724.00
415.74	3709.00
415.94	3661.00
416.15	3836.00
416.35	3896.00
416.55	3808.00
416.75	3933.00
416.95	3983.00
417.15	3998.00
417.35	4056.00
417.56	3974.00
417.76	4115.00
417.96	4231.00
418.16	4129.00
418.36	4274.00
418.56	4201.00
418.76	4378.00
418.97	4398.00
419.17	4379.00
419.37	4389.00
419.57	4365.00
419.77	4531.00
419.97	4531.00
420.17	4611.00
420.37	4778.00
420.58	4692.00
420.78	4781.00
420.98	4887.00
421.18	5019.00
421.38	5091.00
421.58	5058.00
421.78	5151.00
421.98	5117.00
422.19	5167.00
422.39	5229.00
422.59	5311.00
422.79	5365.00
422.99	5526.00
423.19	5671.00
423.39	5792.00
423.59	5848.00
423.80	5835.00
424.00	5943.00
424.20	5952.00
424.40	6030.00
424.60	6098.00
424.80	6131.00
425.00	6273.00
425.20	6248.00
425.40	6307.00
425.61	6381.00
425.81	6324.00
426.01	6385.00
426.21	6604.00
426.41	6730.00
426.61	6673.00
426.81	6670.00
427.01	6852.00
427.21	6836.00
427.42	7007.00
427.62	7084.00
427.82	7205.00
428.02	7130.00
428.22	7154.00
428.42	7187.00
428.62	7228.00
428.82	7261.00
429.02	7349.00
429.23	7455.00
429.43	7443.00
429.63	7398.00
429.83	7532.00
430.03	7580.00
430.23	7568.00
430.43	7664.00
430.63	7697.00
430.83	7510.00
431.03	7644.00
431.24	7638.00
431.44	7622.00
431.64	7579.00
431.84	7685.00
432.04	7652.00
432.24	7727.00
432.44	7687.00
432.64	7782.00
432.84	7812.00
433.04	7822.00
433.24	7857.00
433.45	7830.00
433.65	7737.00
433.85	7756.00
434.05	7829.00
434.25	7679.00
434.45	7803.00
434.65	7778.00
434.85	7672.00
435.05	7565.00
435.25	7538.00
435.45	7604.00
435.65	7627.00
435.86	7660.00
436.06	7523.00
436.26	7503.00
436.46	7558.00
436.66	7538.00
436.86	7548.00
437.06	7534.00
437.26	7541.00
437.46	7569.00
437.66	7393.00
437.86	7530.00
438.06	7495.00
438.26	7383.00
438.47	7415.00
438.67	7444.00
438.87	7461.00
439.07	7437.00
439.27	7417.00
439.47	7518.00
439.67	7488.00
439.87	7440.00
440.07	7450.00
440.27	7450.00
440.47	7389.00
440.67	7446.00
440.87	7494.00
441.07	7395.00
441.27	7537.00
441.48	7600.00
441.68	7485.00
441.88	7691.00
442.08	7547.00
442.28	7505.00
442.48	7588.00
442.68	7546.00
442.88	7707.00
443.08	7597.00
443.28	7618.00
443.48	7672.00
443.68	7583.00
443.88	7679.00
444.08	7693.00
444.28	7693.00
444.48	7704.00
444.68	7686.00
444.88	7793.00
445.09	7876.00
445.29	7896.00
445.49	7902.00
445.69	8005.00
445.89	8046.00
446.09	8094.00
446.29	8160.00
446.49	8215.00
446.69	8376.00
446.89	8445.00
447.09	8469.00
447.29	8370.00
447.49	8371.00
447.69	8492.00
447.89	8493.00
448.09	8614.00
448.29	8725.00
448.49	8703.00
448.69	8788.00
448.89	8879.00
449.09	8929.00
449.29	9096.00
449.49	8976.00
449.70	9186.00
449.90	9295.00
450.10	9399.00
450.30	9462.00
450.50	9448.00
450.70	9643.00
450.90	9733.00
451.10	9810.00
451.30	9939.00
451.50	9958.00
451.70	9842.00
451.90	10120.00
452.10	10317.00
452.30	10323.00
452.50	10381.00
452.70	10469.00
452.90	10726.00
453.10	10702.00
453.30	10646.00
453.50	10886.00
453.70	10964.00
453.90	11221.00
454.10	11227.00
454.30	11291.00
454.50	11393.00
454.70	11532.00
454.90	11583.00
455.10	11560.00
455.30	11849.00
455.50	11982.00
455.70	12062.00
455.90	12227.00
456.10	12356.00
456.30	12141.00
456.50	12319.00
456.70	12557.00
456.90	12643.00
457.10	12680.00
457.30	12749.00
457.50	12869.00
457.70	12959.00
457.90	13168.00
458.10	13122.00
458.30	13195.00
458.50	13257.00
458.70	13437.00
458.90	13498.00
459.10	13629.00
459.30	13668.00
459.50	13697.00
459.70	13751.00
459.90	13741.00
460.10	13798.00
460.30	14116.00
460.50	14022.00
460.70	13901.00
460.90	14116.00
461.10	14149.00
461.30	14142.00
461.50	14163.00
461.70	14028.00
461.90	14158.00
462.10	14367.00
462.30	14493.00
462.50	14435.00
462.70	14466.00
462.90	14193.00
463.10	14303.00
463.30	14363.00
463.50	14626.00
463.70	14429.00
463.90	14433.00
464.10	14294.00
464.30	14337.00
464.50	14453.00
464.70	14417.00
464.90	14427.00
465.10	14377.00
465.30	14396.00
465.50	14275.00
465.70	14359.00
465.90	14263.00
466.10	14081.00
466.30	14180.00
466.50	14036.00
466.70	14041.00
466.90	14053.00
467.10	13991.00
467.30	13976.00
467.50	13980.00
467.70	13971.00
467.90	13909.00
468.10	13938.00
468.30	13936.00
468.50	13940.00
468.70	13966.00
468.90	13764.00
469.10	13899.00
469.30	13878.00
469.50	13788.00
469.70	13803.00
469.90	13758.00
470.10	13748.00
470.30	13761.00
470.50	13634.00
470.70	13523.00
470.90	13443.00
471.10	13516.00
471.29	13581.00
471.49	13691.00
471.69	13721.00
471.89	13777.00
472.09	13792.00
472.29	13697.00
472.49	13690.00
472.69	13741.00
472.89	13831.00
473.09	13696.00
473.29	13672.00
473.49	13629.00
473.69	13576.00
473.89	13500.00
474.09	13546.00
474.29	13552.00
474.49	13480.00
474.69	13504.00
474.89	13712.00
475.09	13765.00
475.29	13720.00
475.49	13626.00
475.69	13544.00
475.88	13630.00
476.08	13613.00
476.28	13756.00
476.48	13943.00
476.68	13646.00
476.88	13607.00
477.08	13709.00
477.28	13964.00
477.48	14026.00
477.68	14039.00
477.88	14124.00
478.08	13928.00
478.28	13912.00
478.48	14073.00
478.68	14240.00
478.88	14348.00
479.08	14274.00
479.28	14268.00
479.47	14411.00
479.67	14600.00
479.87	14586.00
480.07	14395.00
480.27	14574.00
480.47	14747.00
480.67	14624.00
480.87	14855.00
481.07	14829.00
481.27	15003.00
481.47	14976.00
481.67	15242.00
481.87	15119.00
482.07	15188.00
482.27	15300.00
482.46	15314.00
482.66	15513.00
482.86	15787.00
483.06	15788.00
483.26	15776.00
483.46	15863.00
483.66	15876.00
483.86	16121.00
484.06	16258.00
484.26	16462.00
484.46	16536.00
484.66	16654.00
484.86	16759.00
485.05	16885.00
485.25	16945.00
485.45	17108.00
485.65	17225.00
485.85	17561.00
486.05	17743.00
486.25	17734.00
486.45	18008.00
486.65	18082.00
486.85	17967.00
487.05	18011.00
487.25	17983.00
487.44	18262.00
487.64	18581.00
487.84	18858.00
488.04	19008.00
488.24	19089.00
488.44	19305.00
488.64	19254.00
488.84	19389.00
489.04	19252.00
489.24	19651.00
489.43	19881.00
489.63	20111.00
489.83	20181.00
490.03	20010.00
490.23	20466.00
490.43	20745.00
490.63	20869.00
490.83	20841.00
491.03	20977.00
491.23	21223.00
491.42	21395.00
491.62	21277.00
491.82	21411.00
492.02	21760.00
492.22	21767.00
492.42	22106.00
492.62	22158.00
492.82	22441.00
493.02	22506.00
493.22	22512.00
493.41	22749.00
493.61	22811.00
493.81	22792.00
494.01	23151.00
494.21	23214.00
494.41	23301.00
494.61	23463.00
494.81	23712.00
495.01	23609.00
495.20	23817.00
495.40	23910.00
495.60	24092.00
495.80	24162.00
496.00	24296.00
496.20	24536.00
496.40	24509.00
496.60	24332.00
496.79	24219.00
496.99	24434.00
497.19	24436.00
497.39	24588.00
497.59	24858.00
497.79	24934.00
497.99	25075.00
498.19	25060.00
498.38	25048.00
498.58	25025.00
498.78	25125.00
498.98	25170.00
499.18	25234.00
499.38	25388.00
499.58	25448.00
499.78	25398.00
499.97	25551.00
500.17	25507.00
500.37	25274.00
500.57	25108.00
500.77	25103.00
500.97	25480.00
501.17	25415.00
501.37	25511.00
501.56	25552.00
501.76	25467.00
501.96	25384.00
502.16	25234.00
502.36	24979.00
502.56	24882.00
502.76	25178.00
502.95	25228.00
503.15	25085.00
503.35	24914.00
503.55	24803.00
503.75	24661.00
503.95	24758.00
504.15	24816.00
504.34	24799.00
504.54	24997.00
504.74	25068.00
504.94	24953.00
505.14	24716.00
505.34	24662.00
505.54	24589.00
505.73	24580.00
505.93	24484.00
506.13	24584.00
506.33	24661.00
506.53	24742.00
506.73	24596.00
506.92	24410.00
507.12	24236.00
507.32	24273.00
507.52	24121.00
507.72	24092.00
507.92	23961.00
508.12	24176.00
508.31	24144.00
508.51	24281.00
508.71	24044.00
508.91	23811.00
509.11	23680.00
509.31	23720.00
509.50	24017.00
509.70	24042.00
509.90	23812.00
510.10	23716.00
510.30	23566.00
510.50	23509.00
510.69	23557.00
510.89	23490.00
511.09	23492.00
511.29	23531.00
511.49	23658.00
511.69	23889.00
511.88	23887.00
512.08	23700.00
512.28	23626.00
512.48	23561.00
512.68	23584.00
512.88	23404.00
513.07	23324.00
513.27	23675.00
513.47	23647.00
513.67	23564.00
513.87	23406.00
514.06	23506.00
514.26	23448.00
514.46	23265.00
514.66	23064.00
514.86	23241.00
515.06	23257.00
515.25	23612.00
515.45	23589.00
515.65	23586.00
515.85	23628.00
516.05	23657.00
516.24	23536.00
516.44	23374.00
516.64	23625.00
516.84	24122.00
517.04	24080.00
517.23	23946.00
517.43	24023.00
517.63	23911.00
517.83	23967.00
518.03	24076.00
518.23	24085.00
518.42	24023.00
518.62	24216.00
518.82	24451.00
519.02	24370.00
519.22	24455.00
519.41	24480.00
519.61	24608.00
519.81	24964.00
520.01	24811.00
520.21	24632.00
520.40	25036.00
520.60	25094.00
520.80	25106.00
521.00	25262.00
521.20	25226.00
521.39	25618.00
521.59	25401.00
521.79	25597.00
521.99	25683.00
522.19	25807.00
522.38	25877.00
522.58	25930.00
522.78	26174.00
522.98	26484.00
523.17	26570.00
523.37	26685.00
523.57	26585.00
523.77	26523.00
523.97	26794.00
524.16	27067.00
524.36	27503.00
524.56	27548.00
524.76	27544.00
524.96	27753.00
525.15	27846.00
525.35	27838.00
525.55	28060.00
525.75	28080.00
525.94	28265.00
526.14	28603.00
526.34	28521.00
526.54	28828.00
526.74	29062.00
526.93	29033.00
527.13	29307.00
527.33	29497.00
527.53	29752.00
527.72	29813.00
527.92	29969.00
528.12	30177.00
528.32	30161.00
528.52	30296.00
528.71	30624.00
528.91	30598.00
529.11	30979.00
529.31	31214.00
529.50	31314.00
529.70	31454.00
529.90	31501.00
530.10	31726.00
530.29	31925.00
530.49	32283.00
530.69	32643.00
530.89	33043.00
531.09	32847.00
531.28	32848.00
531.48	32961.00
531.68	33225.00
531.88	33625.00
532.07	33874.00
532.27	34066.00
532.47	34005.00
532.67	34216.00
532.86	34403.00
533.06	34417.00
533.26	34401.00
533.46	34685.00
533.65	34942.00
533.85	35416.00
534.05	35671.00
534.25	35815.00
534.44	35960.00
534.64	36173.00
534.84	36052.00
535.04	35971.00
535.23	36274.00
535.43	36406.00
535.63	36775.00
535.83	36880.00
536.02	36820.00
536.22	37033.00
536.42	37243.00
536.62	37245.00
536.81	37088.00
537.01	37478.00
537.21	37723.00
537.41	37800.00
537.60	37989.00
537.80	38256.00
538.00	38143.00
538.20	38419.00
538.39	38626.00
538.59	38541.00
538.79	38564.00
538.99	38504.00
539.18	38649.00
539.38	38725.00
539.58	38627.00
539.77	38866.00
539.97	39350.00
540.17	39302.00
540.37	39218.00
540.56	39452.00
540.76	39481.00
540.96	39403.00
541.16	39313.00
541.35	39289.00
541.55	39632.00
541.75	39756.00
541.94	39647.00
542.14	39905.00
542.34	39891.00
542.54	39824.00
542.73	39766.00
542.93	39498.00
543.13	39599.00
543.33	39662.00
543.52	39810.00
543.72	40029.00
543.92	40013.00
544.11	39999.00
544.31	39777.00
544.51	39355.00
544.71	39384.00
544.90	39258.00
545.10	39097.00
545.30	39153.00
545.49	39115.00
545.69	39242.00
545.89	39385.00
546.09	39085.00
546.28	39118.00
546.48	38875.00
546.68	39031.00
546.87	38749.00
547.07	38709.00
547.27	38709.00
547.47	38509.00
547.66	38528.00
547.86	38480.00
548.06	38542.00
548.25	38289.00
548.45	38395.00
548.65	38486.00
548.84	38218.00
549.04	38223.00
549.24	37951.00
549.44	37972.00
549.63	38117.00
549.83	38009.00
550.03	38077.00
550.22	38010.00
550.42	38080.00
550.62	38044.00
550.81	37788.00
551.01	37722.00
551.21	37531.00
551.41	37426.00
551.60	37414.00
551.80	37350.00
552.00	37529.00
552.19	37531.00
552.39	37527.00
552.59	37409.00
552.78	36941.00
552.98	36848.00
553.18	36515.00
553.37	36098.00
553.57	36435.00
553.77	36522.00
553.96	36614.00
554.16	36824.00
554.36	36543.00
554.56	36365.00
554.75	36371.00
554.95	36367.00
555.15	36278.00
555.34	36038.00
555.54	35941.00
555.74	35950.00
555.93	35876.00
556.13	35751.00
556.33	35947.00
556.52	36005.00
556.72	35791.00
556.92	35734.00
557.11	35330.00
557.31	34949.00
557.51	34226.00
557.70	33637.00
557.90	33397.00
558.10	32851.00
558.29	32320.00
558.49	31977.00
558.69	31887.00
558.88	32703.00
559.08	32833.00
559.28	32952.00
559.47	33219.00
559.67	33135.00
559.87	33262.00
560.06	33396.00
560.26	33126.00
560.46	33170.00
560.65	33079.00
560.85	33561.00
561.05	34006.00
561.24	34119.00
561.44	34163.00
561.64	33950.00
561.83	34020.00
562.03	34147.00
562.23	34502.00
562.42	34553.00
562.62	34499.00
562.82	34656.00
563.01	34972.00
563.21	34853.00
563.40	34902.00
563.60	34923.00
563.80	34680.00
563.99	34694.00
564.19	34870.00
564.39	35145.00
564.58	35135.00
564.78	35144.00
564.98	35133.00
565.17	35017.00
565.37	35308.00
565.57	35204.00
565.76	35178.00
565.96	35092.00
566.16	35341.00
566.35	35598.00
566.55	35796.00
566.74	36075.00
566.94	36734.00
567.14	37534.00
567.33	37933.00
567.53	38122.00
567.73	38506.00
567.92	38023.00
568.12	37869.00
568.32	37808.00
568.51	37573.00
568.71	37469.00
568.90	37181.00
569.10	37422.00
569.30	38016.00
569.49	37922.00
569.69	37884.00
569.89	37741.00
570.08	37391.00
570.28	37416.00
570.47	37245.00
570.67	37108.00
570.87	37224.00
571.06	37112.00
571.26	37428.00
571.46	37498.00
571.65	37736.00
571.85	38104.00
572.04	38116.00
572.24	38230.00
572.44	38263.00
572.63	38130.00
572.83	38138.00
573.03	38216.00
573.22	38587.00
573.42	38859.00
573.61	38905.00
573.81	39135.00
574.01	39358.00
574.20	39733.00
574.40	39657.00
574.59	39528.00
574.79	39740.00
574.99	40205.00
575.18	40176.00
575.38	40155.00
575.58	40804.00
575.77	41178.00
575.97	41284.00
576.16	41100.00
576.36	41410.00
576.56	41630.00
576.75	41709.00
576.95	41590.00
577.14	41612.00
577.34	41727.00
577.54	41749.00
577.73	42017.00
577.93	42305.00
578.12	42590.00
578.32	42903.00
578.52	42952.00
578.71	43534.00
578.91	43318.00
579.10	43329.00
579.30	43242.00
579.50	43464.00
579.69	43483.00
579.89	43779.00
580.08	44262.00
580.28	44535.00
580.48	44844.00
580.67	44724.00
580.87	44794.00
581.06	45287.00
581.26	45648.00
581.45	45914.00
581.65	45704.00
581.85	45587.00
582.04	45661.00
582.24	45602.00
582.43	45569.00
582.63	45844.00
582.83	46285.00
583.02	46580.00
583.22	46721.00
583.41	47085.00
583.61	47352.00
583.80	47406.00
584.00	47464.00
584.20	47435.00
584.39	47310.00
584.59	47588.00
584.78	48043.00
584.98	48146.00
585.17	48439.00
585.37	48691.00
585.57	48880.00
585.76	49300.00
585.96	49273.00
586.15	49387.00
586.35	49497.00
586.54	49542.00
586.74	49724.00
586.94	50027.00
587.13	50095.00
587.33	50047.00
587.52	50827.00
587.72	51132.00
587.91	51480.00
588.11	51729.00
588.31	51979.00
588.50	52257.00
588.70	52232.00
588.89	52204.00
589.09	52178.00
589.28	52052.00
589.48	52087.00
589.68	52890.00
589.87	52978.00
590.07	53227.00
590.26	53196.00
590.46	53147.00
590.65	53505.00
590.85	53549.00
591.04	53425.00
591.24	53730.00
591.44	53823.00
591.63	54013.00
591.83	54034.00
592.02	53823.00
592.22	53851.00
592.41	54474.00
592.61	54571.00
592.80	54685.00
593.00	55117.00
593.19	55065.00
593.39	55301.00
593.59	55132.00
593.78	55065.00
593.98	55168.00
594.17	55022.00
594.37	54748.00
594.56	55162.00
594.76	55533.00
594.95	55700.00
595.15	55879.00
595.34	55908.00
595.54	55903.00
595.73	55860.00
595.93	55968.00
596.13	55928.00
596.32	55818.00
596.52	56004.00
596.71	55836.00
596.91	55770.00
597.10	56184.00
597.30	55995.00
597.49	55996.00
597.69	56338.00
597.88	56355.00
598.08	56446.00
598.27	56393.00
598.47	56138.00
598.66	56133.00
598.86	55878.00
599.06	55605.00
599.25	55368.00
599.45	55141.00
599.64	54959.00
599.84	54957.00
600.03	55137.00
600.23	54956.00
600.42	54801.00
600.62	54850.00
600.81	54668.00
601.01	54452.00
601.20	54680.00
601.40	54432.00
601.59	54061.00
601.79	53662.00
601.98	53542.00
602.18	53122.00
602.37	52822.00
602.57	52957.00
602.76	52769.00
602.96	52889.00
603.15	53011.00
603.35	52847.00
603.54	52743.00
603.74	52283.00
603.93	52194.00
604.13	51963.00
604.32	51550.00
604.52	51145.00
604.71	50864.00
604.91	50491.00
605.10	50544.00
605.30	50461.00
605.49	50554.00
605.69	50280.00
605.88	49997.00
606.08	49970.00
606.27	49762.00
606.47	49745.00
606.66	49500.00
606.86	49007.00
607.05	48661.00
607.25	48555.00
607.44	48404.00
607.64	48074.00
607.83	48002.00
608.03	47818.00
608.22	47389.00
608.42	47678.00
608.61	47707.00
608.81	47459.00
609.00	47319.00
609.20	46787.00
609.39	46385.00
609.59	46389.00
609.78	45905.00
609.98	45532.00
610.17	45522.00
610.37	45360.00
610.56	45530.00
610.76	45630.00
610.95	45830.00
611.15	45409.00
611.34	45344.00
611.54	45211.00
611.73	44929.00
611.93	44771.00
612.12	44581.00
612.32	43982.00
612.51	43907.00
612.71	43740.00
612.90	43411.00
613.09	43368.00
613.29	43711.00
613.48	43290.00
613.68	43314.00
613.87	43636.00
614.07	43424.00
614.26	43083.00
614.46	43073.00
614.65	43237.00
614.85	43126.00
615.04	42704.00
615.24	42454.00
615.43	42433.00
615.63	42378.00
615.82	42413.00
616.02	42414.00
616.21	42075.00
616.40	42178.00
616.60	42275.00
616.79	42150.00
616.99	42331.00
617.18	42281.00
617.38	42265.00
617.57	42221.00
617.77	41911.00
617.96	41746.00
618.16	41689.00
618.35	41698.00
618.54	41641.00
618.74	41555.00
618.93	41747.00
619.13	41805.00
619.32	41769.00
619.52	41863.00
619.71	42191.00
619.91	42066.00
620.10	41967.00
620.30	42165.00
620.49	41947.00
620.68	42239.00
620.88	42015.00
621.07	41871.00
621.27	41573.00
621.46	41656.00
621.66	41593.00
621.85	41770.00
622.05	41880.00
622.24	42009.00
622.43	42192.00
622.63	42405.00
622.82	42405.00
623.02	42340.00
623.21	42701.00
623.41	42832.00
623.60	42684.00
623.80	42554.00
623.99	42548.00
624.18	42641.00
624.38	42776.00
624.57	42704.00
624.77	42855.00
624.96	42944.00
625.16	43170.00
625.35	43380.00
625.54	43452.00
625.74	43621.00
625.93	43926.00
626.13	44079.00
626.32	44236.00
626.52	44276.00
626.71	44046.00
626.90	43915.00
627.10	44178.00
627.29	44220.00
627.49	44214.00
627.68	44509.00
627.88	44824.00
628.07	44789.00
628.26	45424.00
628.46	45575.00
628.65	46158.00
628.85	46320.00
629.04	46286.00
629.23	46168.00
629.43	46326.00
629.62	46171.00
629.82	46040.00
630.01	46319.00
630.21	46434.00
630.40	46417.00
630.59	46989.00
630.79	47214.00
630.98	47293.00
631.18	47731.00
631.37	47994.00
631.56	48278.00
631.76	48343.00
631.95	48509.00
632.15	48592.00
632.34	49237.00
632.53	48991.00
632.73	49255.00
632.92	49385.00
633.12	49132.00
633.31	49157.00
633.50	49378.00
633.70	49698.00
633.89	49821.00
634.09	49956.00
634.28	50595.00
634.47	50629.00
634.67	50859.00
634.86	51146.00
635.06	51344.00
635.25	51726.00
635.44	51988.00
635.64	51692.00
635.83	51941.00
636.03	51974.00
636.22	51997.00
636.41	52366.00
636.61	52240.00
636.80	52870.00
637.00	53017.00
637.19	52860.00
637.38	53141.00
637.58	53314.00
637.77	53657.00
637.96	53946.00
638.16	54202.00
638.35	54846.00
638.55	55003.00
638.74	55052.00
638.93	55657.00
639.13	55489.00
639.32	55417.00
639.51	55315.00
639.71	55622.00
639.90	55784.00
640.10	55649.00
640.29	55846.00
640.48	56247.00
640.68	56515.00
640.87	56734.00
641.07	56935.00
641.26	57123.00
641.45	57572.00
641.65	57851.00
641.84	57963.00
642.03	58141.00
642.23	58027.00
642.42	58156.00
642.61	58551.00
642.81	58725.00
643.00	58358.00
643.20	58407.00
643.39	58420.00
643.58	58377.00
643.78	58774.00
643.97	59005.00
644.16	59223.00
644.36	59460.00
644.55	59824.00
644.74	60113.00
644.94	60124.00
645.13	60652.00
645.33	60546.00
645.52	60748.00
645.71	60698.00
645.91	60856.00
646.10	60788.00
646.29	60507.00
646.49	60616.00
646.68	60641.00
646.87	60482.00
647.07	60654.00
647.26	61082.00
647.45	61224.00
647.65	61243.00
647.84	61633.00
648.03	61657.00
648.23	61947.00
648.42	62044.00
648.62	62158.00
648.81	62131.00
649.00	62224.00
649.20	62268.00
649.39	62084.00
649.58	61769.00
649.78	61816.00
649.97	61886.00
650.16	61814.00
650.36	61872.00
650.55	62015.00
650.74	62348.00
650.94	62393.00
651.13	62357.00
651.32	62438.00
651.52	62679.00
651.71	62858.00
651.90	62881.00
652.10	62935.00
652.29	62969.00
652.48	63060.00
652.68	62795.00
652.87	62689.00
653.06	62644.00
653.26	62704.00
653.45	62370.00
653.64	62329.00
653.84	62359.00
654.03	62560.00
654.22	62510.00
654.42	62377.00
654.61	62388.00
654.80	62543.00
654.99	62790.00
655.19	62857.00
655.38	62920.00
655.57	63106.00
655.77	63042.00
655.96	63099.00
656.15	63011.00
656.35	62668.00
656.54	62351.00
656.73	61893.00
656.93	61782.00
657.12	61670.00
657.31	61680.00
657.51	61763.00
657.70	61781.00
657.89	61777.00
658.09	61963.00
658.28	62090.00
658.47	61995.00
658.66	62054.00
658.86	62140.00
659.05	62105.00
659.24	62005.00
659.44	61707.00
659.63	61793.00
659.82	61436.00
660.02	61423.00
660.21	61109.00
660.40	60953.00
660.60	60466.00
660.79	60222.00
660.98	60270.00
661.17	60310.00
661.37	60151.00
661.56	60313.00
661.75	60375.00
661.95	60249.00
662.14	60393.00
662.33	60244.00
662.52	60059.00
662.72	59906.00
662.91	59929.00
663.10	59806.00
663.30	59892.00
663.49	59791.00
663.68	59575.00
663.88	59094.00
664.07	58935.00
664.26	58790.00
664.45	58564.00
664.65	58403.00
664.84	58085.00
665.03	57729.00
665.23	57651.00
665.42	57616.00
665.61	57651.00
665.80	57531.00
666.00	57683.00
666.19	57654.00
666.38	57542.00
666.57	57315.00
666.77	57308.00
666.96	57139.00
667.15	57001.00
667.35	56993.00
667.54	56954.00
667.73	56616.00
667.92	56237.00
668.12	56174.00
668.31	55818.00
668.50	55539.00
668.70	55570.00
668.89	55500.00
669.08	54905.00
669.27	54565.00
669.47	54966.00
669.66	55087.00
669.85	55448.00
670.04	55356.00
670.24	55089.00
670.43	55065.00
670.62	54767.00
670.81	54362.00
671.01	54322.00
671.20	54527.00
671.39	54512.00
671.58	54359.00
671.78	54047.00
671.97	53683.00
672.16	53704.00
672.36	53560.00
672.55	53074.00
672.74	52844.00
672.93	52804.00
673.13	52654.00
673.32	52464.00
673.51	52469.00
673.70	52510.00
673.90	52534.00
674.09	52467.00
674.28	52578.00
674.47	52376.00
674.67	52495.00
674.86	52595.00
675.05	52601.00
675.24	52413.00
675.44	52254.00
675.63	51850.00
675.82	51763.00
676.01	51724.00
676.21	51665.00
676.40	51215.00
676.59	51381.00
676.78	50897.00
676.97	50812.00
677.17	50548.00
677.36	50556.00
677.55	50688.00
677.74	50759.00
677.94	50748.00
678.13	50474.00
678.32	50590.00
678.51	50476.00
678.71	50370.00
678.90	50274.00
679.09	50515.00
679.28	50335.00
679.48	50278.00
679.67	50279.00
679.86	49975.00
680.05	49840.00
680.24	49634.00
680.44	49143.00
680.63	48726.00
680.82	48437.00
681.01	48474.00
681.21	48649.00
681.40	48389.00
681.59	47971.00
681.78	47948.00
681.97	47875.00
682.17	48264.00
682.36	48258.00
682.55	48133.00
682.74	48252.00
682.94	48264.00
683.13	48212.00
683.32	48187.00
683.51	48151.00
683.70	48308.00
683.90	48232.00
684.09	48058.00
684.28	47974.00
684.47	47755.00
684.66	47700.00
684.86	47810.00
685.05	47401.00
685.24	47103.00
685.43	47157.00
685.63	47132.00
685.82	47067.00
686.01	47067.00
686.20	46940.00
686.39	46801.00
686.59	46954.00
686.78	47066.00
686.97	47016.00
687.16	47230.00
687.35	47239.00
687.55	47023.00
687.74	47323.00
687.93	47256.00
688.12	47311.00
688.31	47263.00
688.51	47198.00
688.70	46927.00
688.89	46790.00
689.08	46888.00
689.27	46752.00
689.47	46631.00
689.66	46375.00
689.85	46277.00
690.04	46296.00
690.23	46222.00
690.42	46188.00
690.62	46034.00
690.81	46249.00
691.00	46070.00
691.19	45955.00
691.38	46152.00
691.58	46073.00
691.77	46121.00
691.96	46263.00
692.15	46359.00
692.34	46468.00
692.54	46562.00
692.73	46690.00
692.92	46658.00
693.11	46595.00
693.30	46650.00
693.49	46229.00
693.69	46111.00
693.88	46093.00
694.07	46107.00
694.26	45811.00
694.45	45301.00
694.64	45199.00
694.84	45590.00
695.03	45499.00
695.22	45222.00
695.41	45469.00
695.60	45595.00
695.80	45613.00
695.99	45826.00
696.18	45593.00
696.37	45786.00
696.56	45757.00
696.75	45855.00
696.95	46121.00
697.14	45954.00
697.33	45899.00
697.52	46312.00
697.71	46437.00
697.90	46312.00
698.09	46621.00
698.29	46612.00
698.48	46578.00
698.67	46542.00
698.86	46572.00
699.05	46725.00
699.24	46646.00
699.44	46577.00
699.63	46415.00
699.82	46318.00
700.01	46651.00
700.20	46635.00
700.39	46158.00
700.58	46403.00
700.78	46755.00
700.97	46786.00
701.16	47031.00
701.35	46905.00
701.54	47062.00
701.73	47051.00
701.93	47533.00
702.12	47943.00
702.31	47899.00
702.50	48107.00
702.69	48342.00
702.88	48353.00
703.07	48768.00
703.27	48833.00
703.46	48884.00
703.65	48813.00
703.84	48744.00
704.03	48716.00
704.22	48660.00
704.41	48800.00
704.60	48592.00
704.80	48568.00
704.99	48744.00
705.18	48588.00
705.37	48850.00
705.56	49020.00
705.75	48940.00
705.94	49130.00
706.14	49164.00
706.33	49291.00
706.52	49326.00
706.71	49738.00
706.90	50003.00
707.09	50106.00
707.28	50129.00
707.47	50109.00
707.67	50527.00
707.86	50659.00
708.05	50823.00
708.24	50968.00
708.43	51063.00
708.62	51304.00
708.81	51192.00
709.00	51236.00
709.20	51556.00
709.39	51544.00
709.58	51442.00
709.77	51688.00
709.96	51556.00
710.15	51184.00
710.34	51324.00
710.53	51217.00
710.72	51724.00
710.92	51902.00
711.11	51728.00
711.30	51600.00
711.49	51755.00
711.68	51784.00
711.87	51933.00
712.06	52420.00
712.25	52362.00
712.44	52455.00
712.64	53072.00
712.83	53561.00
713.02	53716.00
713.21	53565.00
713.40	53492.00
713.59	53368.00
713.78	53466.00
713.97	53768.00
714.16	53700.00
714.35	53866.00
714.55	54028.00
714.74	54187.00
714.93	54088.00
715.12	54322.00
715.31	54025.00
715.50	53708.00
715.69	53845.00
715.88	54140.00
716.07	54375.00
716.26	54213.00
716.45	54370.00
716.65	54146.00
716.84	54172.00
717.03	54095.00
717.22	54091.00
717.41	54265.00
717.60	54451.00
717.79	54592.00
717.98	54767.00
718.17	54556.00
718.36	54636.00
718.55	54836.00
718.75	55396.00
718.94	54859.00
719.13	54966.00
719.32	55150.00
719.51	55348.00
719.70	55832.00
719.89	55581.00
720.08	55367.00
720.27	55573.00
720.46	55314.00
720.65	55234.00
720.84	55577.00
721.03	55635.00
721.22	55403.00
721.42	55069.00
721.61	55031.00
721.80	55342.00
721.99	55345.00
722.18	55066.00
722.37	54911.00
722.56	55024.00
722.75	54905.00
722.94	54828.00
723.13	54985.00
723.32	55138.00
723.51	54982.00
723.70	55009.00
723.89	55142.00
724.08	55253.00
724.28	55253.00
724.47	55251.00
724.66	55253.00
724.85	55573.00
725.04	55326.00
725.23	55283.00
725.42	55617.00
725.61	55566.00
725.80	55614.00
725.99	55587.00
726.18	55654.00
726.37	55877.00
726.56	55979.00
726.75	55613.00
726.94	55503.00
727.13	55113.00
727.32	55049.00
727.51	54419.00
727.71	54558.00
727.90	54880.00
728.09	54388.00
728.28	54539.00
728.47	54692.00
728.66	54561.00
728.85	54560.00
729.04	54494.00
729.23	54359.00
729.42	54292.00
729.61	54354.00
729.80	54356.00
729.99	54315.00
730.18	54196.00
730.37	54180.00
730.56	54181.00
730.75	54320.00
730.94	54353.00
731.13	54294.00
731.32	54286.00
731.51	54458.00
731.70	54432.00
731.89	54289.00
732.08	54389.00
732.27	54475.00
732.46	54403.00
732.65	54176.00
732.84	54105.00
733.04	54331.00
733.23	54238.00
733.42	54248.00
733.61	53948.00
733.80	53732.00
733.99	53559.00
734.18	53261.00
734.37	52758.00
734.56	52600.00
734.75	52746.00
734.94	52876.00
735.13	52517.00
735.32	52463.00
735.51	52270.00
735.70	52321.00
735.89	52166.00
736.08	52311.00
736.27	52057.00
736.46	52071.00
736.65	52022.00
736.84	52093.00
737.03	51924.00
737.22	51894.00
737.41	51402.00
737.60	51347.00
737.79	51577.00
737.98	51146.00
738.17	51361.00
738.36	51187.00
738.55	51350.00
738.74	51467.00
738.93	50691.00
739.12	51018.00
739.31	51057.00
739.50	50685.00
739.69	50718.00
739.88	50358.00
740.07	50089.00
740.26	49685.00
740.45	49224.00
740.64	49549.00
740.83	49489.00
741.02	49374.00
741.21	49341.00
741.40	48920.00
741.59	48505.00
741.78	48513.00
741.97	48233.00
742.16	47980.00
742.35	47968.00
742.54	47688.00
742.73	47584.00
742.92	47408.00
743.11	47362.00
743.30	47040.00
743.49	47242.00
743.68	47196.00
743.87	46492.00
744.06	46661.00
744.25	47000.00
744.44	46917.00
744.63	46518.00
744.82	46378.00
745.01	46420.00
745.20	46670.00
745.39	46526.00
745.58	46255.00
745.77	46025.00
745.96	45992.00
746.15	45811.00
746.34	45693.00
746.52	45615.00
746.71	45699.00
746.90	45524.00
747.09	45596.00
747.28	45358.00
747.47	44832.00
747.66	44710.00
747.85	44710.00
748.04	44264.00
748.23	44143.00
748.42	44040.00
748.61	43669.00
748.80	43433.00
748.99	43270.00
749.18	43161.00
749.37	43028.00
749.56	42992.00
749.75	42687.00
749.94	42817.00
750.13	42562.00
750.32	42078.00
750.51	42118.00
750.70	41899.00
750.89	41932.00
751.08	41871.00
751.27	41631.00
751.46	41473.00
751.64	41616.00
751.83	41546.00
752.02	41388.00
752.21	41340.00
752.40	40967.00
752.59	41090.00
752.78	41171.00
752.97	41116.00
753.16	41058.00
753.35	41044.00
753.54	40929.00
753.73	40862.00
753.92	40538.00
754.11	40493.00
754.30	40374.00
754.49	40339.00
754.68	40397.00
754.87	40183.00
755.06	39850.00
755.24	39787.00
755.43	39784.00
755.62	39625.00
755.81	39165.00
756.00	38999.00
756.19	39149.00
756.38	38968.00
756.57	39051.00
756.76	38878.00
756.95	38513.00
757.14	38597.00
757.33	38312.00
757.52	38387.00
757.71	38243.00
757.90	37816.00
758.08	37774.00
758.27	37870.00
758.46	37772.00
758.65	37669.00
758.84	37610.00
759.03	37299.00
759.22	37363.00
759.41	37548.00
759.60	37515.00
759.79	37381.00
759.98	37314.00
760.17	37123.00
760.36	36800.00
760.54	36733.00
760.73	36568.00
760.92	36169.00
761.11	35801.00
761.30	35554.00
761.49	35050.00
761.68	34592.00
761.87	34230.00
762.06	33848.00
762.25	33549.00
762.44	33223.00
762.63	32808.00
762.81	32455.00
763.00	31868.00
763.19	31343.00
763.38	31060.00
763.57	31102.00
763.76	31218.00
763.95	31098.00
764.14	31022.00
764.33	31032.00
764.52	30929.00
764.71	30923.00
764.89	30963.00
765.08	30877.00
765.27	31088.00
765.46	31002.00
765.65	31135.00
765.84	31271.00
766.03	31228.00
766.22	31378.00
766.41	31691.00
766.59	31917.00
766.78	32416.00
766.97	32642.00
767.16	32883.00
767.35	33073.00
767.54	33429.00
767.73	33742.00
767.92	33843.00
768.11	33718.00
768.30	33924.00
768.48	34222.00
768.67	34359.00
768.86	34599.00
769.05	34723.00
769.24	34684.00
769.43	34579.00
769.62	34597.00
769.81	34390.00
769.99	34319.00
770.18	34270.00
770.37	33957.00
770.56	33966.00
770.75	34069.00
770.94	34110.00
771.13	34241.00
771.32	34122.00
771.50	33951.00
771.69	34055.00
771.88	33753.00
772.07	33818.00
772.26	33949.00
772.45	33770.00
772.64	33667.00
772.83	33739.00
773.01	33881.00
773.20	33623.00
773.39	33411.00
773.58	33550.00
773.77	33222.00
773.96	33018.00
774.15	32950.00
774.34	32867.00
774.52	32895.00
774.71	32991.00
774.90	32783.00
775.09	32689.00
775.28	32885.00
775.47	32991.00
775.66	32855.00
775.84	32566.00
776.03	32479.00
776.22	32577.00
776.41	32440.00
776.60	32209.00
776.79	32181.00
776.98	32082.00
777.16	31957.00
777.35	32220.00
777.54	31798.00
777.73	31937.00
777.92	32053.00
778.11	31989.00
778.29	32020.00
778.48	32165.00
778.67	32145.00
778.86	31995.00
779.05	32150.00
779.24	32052.00
779.43	31808.00
779.61	32056.00
779.80	32144.00
779.99	32111.00
780.18	32288.00
780.37	32252.00
780.56	32286.00
780.74	32188.00
780.93	32240.00
781.12	32006.00
781.31	32090.00
781.50	32253.00
781.69	32100.00
781.87	32328.00
782.06	32421.00
782.25	32289.00
782.44	32213.00
782.63	32298.00
782.82	32464.00
783.00	32415.00
783.19	32397.00
783.38	32351.00
783.57	32329.00
783.76	32550.00
783.95	32348.00
784.13	32409.00
784.32	32324.00
784.51	32508.00
784.70	32283.00
784.89	32240.00
785.08	32480.00
785.26	32644.00
785.45	32394.00
785.64	32141.00
785.83	32146.00
786.02	32398.00
786.20	32456.00
786.39	32339.00
786.58	32621.00
786.77	32377.00
786.96	32345.00
787.15	32542.00
787.33	32641.00
787.52	32595.00
787.71	32404.00
787.90	32401.00
788.09	32603.00
788.27	32636.00
788.46	32534.00
788.65	32644.00
788.84	32806.00
789.03	32976.00
789.21	32864.00
789.40	33035.00
789.59	32910.00
789.78	33091.00
789.97	33426.00
790.15	33348.00
790.34	33345.00
790.53	33473.00
790.72	33261.00
790.91	33457.00
791.09	33560.00
791.28	33431.00
791.47	33292.00
791.66	33486.00
791.85	33642.00
792.03	33724.00
792.22	33476.00
792.41	33564.00
792.60	33433.00
792.79	33711.00
792.97	33790.00
793.16	33762.00
793.35	33760.00
793.54	33821.00
793.72	33666.00
793.91	33677.00
794.10	33565.00
794.29	33882.00
794.48	33860.00
794.66	33871.00
794.85	33831.00
795.04	33898.00
795.23	34127.00
795.42	34084.00
795.60	33869.00
795.79	33882.00
795.98	33963.00
796.17	33744.00
796.35	33914.00
796.54	33810.00
796.73	33881.00
796.92	33631.00
797.11	33774.00
797.29	33671.00
797.48	33273.00
797.67	33643.00
797.86	33624.00
798.04	33599.00
798.23	33436.00
798.42	33508.00
798.61	33519.00
798.79	33462.00
798.98	33361.00
799.17	33478.00
799.36	33410.00
799.54	33309.00
799.73	33105.00
799.92	33199.00
800.11	33237.00
800.30	33145.00
800.48	33388.00
800.67	33349.00
800.86	33449.00
801.05	33341.00
801.23	33408.00
801.42	33434.00
801.61	33344.00
801.80	33375.00
801.98	33095.00
802.17	33294.00
802.36	33691.00
802.55	33608.00
802.73	33676.00
802.92	33682.00
803.11	33733.00
803.30	33857.00
803.48	33772.00
803.67	33678.00
803.86	33759.00
804.05	33683.00
804.23	33614.00
804.42	33754.00
804.61	33745.00
804.80	33622.00
804.98	33666.00
805.17	33571.00
805.36	33679.00
805.54	33551.00
805.73	33843.00
805.92	33749.00
806.11	33905.00
806.29	33906.00
806.48	33902.00
806.67	33955.00
806.86	33878.00
807.04	33889.00
807.23	33913.00
807.42	33845.00
807.61	33742.00
807.79	33709.00
807.98	33740.00
808.17	33617.00
808.35	33696.00
808.54	33775.00
808.73	33698.00
808.92	33368.00
809.10	33632.00
809.29	33464.00
809.48	33487.00
809.67	33519.00
809.85	33632.00
810.04	33348.00
810.23	33330.00
810.41	33439.00
810.60	33265.00
810.79	33318.00
810.98	32996.00
811.16	32837.00
811.35	32946.00
811.54	32971.00
811.72	32865.00
811.91	32826.00
812.10	32735.00
812.29	32677.00
812.47	32889.00
812.66	32725.00
812.85	32839.00
813.03	32496.00
813.22	32547.00
813.41	32314.00
813.60	32187.00
813.78	32503.00
813.97	32308.00
814.16	32281.00
814.34	32353.00
814.53	32319.00
814.72	32531.00
814.90	32404.00
815.09	32397.00
815.28	32212.00
815.47	32084.00
815.65	32193.00
815.84	32408.00
816.03	32568.00
816.21	32650.00
816.40	32564.00
816.59	32625.00
816.77	32542.00
816.96	32440.00
817.15	32569.00
817.33	32660.00
817.52	32435.00
817.71	32571.00
817.90	32708.00
818.08	32674.00
818.27	32656.00
818.46	32654.00
818.64	32369.00
818.83	32228.00
819.02	32361.00
819.20	32344.00
819.39	32267.00
819.58	32308.00
819.76	32262.00
819.95	32576.00
820.14	32248.00
820.32	32281.00
820.51	32452.00
820.70	32391.00
820.88	32408.00
821.07	32380.00
821.26	32458.00
821.44	32250.00
821.63	32401.00
821.82	32298.00
822.01	32380.00
822.19	32349.00
822.38	32109.00
822.57	32026.00
822.75	32007.00
822.94	31704.00
823.13	31855.00
823.31	31827.00
823.50	31673.00
823.69	31757.00
823.87	31686.00
824.06	31571.00
824.25	31436.00
824.43	31389.00
824.62	31200.00
824.80	31185.00
824.99	31091.00
825.18	31312.00
825.36	31131.00
825.55	31074.00
825.74	31099.00
825.92	31140.00
826.11	30974.00
826.30	30758.00
826.48	30747.00
826.67	30706.00
826.86	30524.00
827.04	30273.00
827.23	30313.00
827.42	30418.00
827.60	30241.00
827.79	30126.00
827.98	30077.00
828.16	30052.00
828.35	30259.00
828.54	29999.00
828.72	30023.00
828.91	30043.00
829.09	30034.00
829.28	29668.00
829.47	29722.00
829.65	29789.00
829.84	29649.00
830.03	29693.00
830.21	29508.00
830.40	29519.00
830.59	29501.00
830.77	29244.00
830.96	29450.00
831.14	29518.00
831.33	29361.00
831.52	29082.00
831.70	29244.00
831.89	29255.00
832.08	29213.00
832.26	29319.00
832.45	28957.00
832.64	29062.00
832.82	29145.00
833.01	29066.00
833.19	29229.00
833.38	29089.00
833.57	29049.00
833.75	28907.00
833.94	29059.00
834.13	29039.00
834.31	28893.00
834.50	28734.00
834.68	28708.00
834.87	28512.00
835.06	28397.00
835.24	28399.00
835.43	28367.00
835.61	28240.00
835.80	28358.00
835.99	28468.00
836.17	28427.00
836.36	28271.00
836.55	28020.00
836.73	28187.00
836.92	28184.00
837.10	28077.00
837.29	27971.00
837.48	28072.00
837.66	28141.00
837.85	28022.00
838.03	27906.00
838.22	27958.00
838.41	27910.00
838.59	27761.00
838.78	27743.00
838.96	27795.00
839.15	27671.00
839.34	27423.00
839.52	27513.00
839.71	27589.00
839.89	27481.00
840.08	27537.00
840.27	27215.00
840.45	27113.00
840.64	26944.00
840.82	27024.00
841.01	27029.00
841.20	26939.00
841.38	26758.00
841.57	26852.00
841.75	26802.00
841.94	26477.00
842.13	26542.00
842.31	26279.00
842.50	26212.00
842.68	26195.00
842.87	26173.00
843.05	26097.00
843.24	26048.00
843.43	25888.00
843.61	25716.00
843.80	25838.00
843.98	25686.00
844.17	25708.00
844.36	25590.00
844.54	25604.00
844.73	25617.00
844.91	25315.00
845.10	25170.00
845.28	25083.00
845.47	24990.00
845.66	25019.00
845.84	24927.00
846.03	24805.00
846.21	24790.00
846.40	24723.00
846.58	24421.00
846.77	24329.00
846.96	24520.00
847.14	24405.00
847.33	24581.00
847.51	24329.00
847.70	24155.00
847.88	24354.00
848.07	24262.00
848.25	24296.00
848.44	24232.00
848.63	23798.00
848.81	24001.00
849.00	23733.00
849.18	23738.00
849.37	23654.00
849.55	23559.00
849.74	23575.00
849.93	23702.00
850.11	23837.00
850.30	23875.00
850.48	23672.00
850.67	23394.00
850.85	23433.00
851.04	23497.00
851.22	23270.00
851.41	23346.00
851.59	23271.00
851.78	23216.00
851.97	23221.00
852.15	23147.00
852.34	23209.00
852.52	23006.00
852.71	23000.00
852.89	22971.00
853.08	22853.00
853.26	22756.00
853.45	22683.00
853.63	22680.00
853.82	22759.00
854.01	22808.00
854.19	22662.00
854.38	22628.00
854.56	22506.00
854.75	22525.00
854.93	22300.00
855.12	22221.00
855.30	22064.00
855.49	21901.00
855.67	21730.00
855.86	21822.00
856.04	21973.00
856.23	21946.00
856.41	21791.00
856.60	21765.00
856.79	21783.00
856.97	21634.00
857.16	21421.00
857.34	21364.00
857.53	21386.00
857.71	21327.00
857.90	21189.00
858.08	21153.00
858.27	21270.00
858.45	21283.00
858.64	21298.00
858.82	21159.00
859.01	21232.00
859.19	21053.00
859.38	20861.00
859.56	20971.00
859.75	20783.00
859.93	20622.00
860.12	20646.00
860.30	20532.00
860.49	20629.00
860.67	20700.00
860.86	20519.00
861.04	20525.00
861.23	20426.00
861.41	20145.00
861.60	20388.00
861.78	20334.00
861.97	20063.00
862.15	20133.00
862.34	19939.00
862.53	19840.00
862.71	19767.00
862.90	19759.00
863.08	19745.00
863.27	19583.00
863.45	19410.00
863.64	19373.00
863.82	19272.00
864.01	19195.00
864.19	19123.00
864.37	19209.00
864.56	19243.00
864.74	19122.00
864.93	19033.00
865.11	18820.00
865.30	19022.00
865.48	18954.00
865.67	18863.00
865.85	18940.00
866.04	18864.00
866.22	18743.00
866.41	18665.00
866.59	18513.00
866.78	18416.00
866.96	18430.00
867.15	18395.00
867.33	18444.00
867.52	18625.00
867.70	18292.00
867.89	18145.00
868.07	18277.00
868.26	18034.00
868.44	17987.00
868.63	18186.00
868.81	18147.00
869.00	17948.00
869.18	17879.00
869.37	17892.00
869.55	17847.00
869.74	17703.00
869.92	17682.00
870.10	17650.00
870.29	17540.00
870.47	17667.00
870.66	17507.00
870.84	17353.00
871.03	17361.00
871.21	17336.00
871.40	17380.00
871.58	17257.00
871.77	17171.00
871.95	17193.00
872.14	17022.00
872.32	17142.00
872.51	17174.00
872.69	17109.00
872.87	16985.00
873.06	16907.00
873.24	16791.00
873.43	16875.00
873.61	16771.00
873.80	16802.00
873.98	16846.00
874.17	16895.00
874.35	16827.00
874.54	16817.00
874.72	16671.00
874.90	16593.00
875.09	16590.00
875.27	16477.00
875.46	16479.00
875.64	16462.00
875.83	16477.00
876.01	16631.00
876.20	16445.00
876.38	16321.00
876.56	16467.00
876.75	16309.00
876.93	16391.00
877.12	16429.00
877.30	16456.00
877.49	16210.00
877.67	16086.00
877.86	15987.00
878.04	16193.00
878.22	16314.00
878.41	16319.00
878.59	16199.00
878.78	16092.00
878.96	16108.00
879.15	15983.00
879.33	16102.00
879.51	15968.00
879.70	15968.00
879.88	16052.00
880.07	16008.00
880.25	16001.00
880.44	15846.00
880.62	15818.00
880.80	15814.00
880.99	15782.00
881.17	15702.00
881.36	15775.00
881.54	15745.00
881.73	15777.00
881.91	15565.00
882.09	15471.00
882.28	15596.00
882.46	15480.00
882.65	15552.00
882.83	15602.00
883.02	15617.00
883.20	15440.00
883.38	15642.00
883.57	15660.00
883.75	15485.00
883.94	15338.00
884.12	15368.00
884.30	15331.00
884.49	15378.00
884.67	15310.00
884.86	15345.00
885.04	15432.00
885.22	15164.00
885.41	15247.00
885.59	15167.00
885.78	15051.00
885.96	15024.00
886.14	15146.00
886.33	15101.00
886.51	15113.00
886.70	14957.00
886.88	15150.00
887.06	15005.00
887.25	14808.00
887.43	14900.00
887.62	14817.00
887.80	14889.00
887.98	14972.00
888.17	14940.00
888.35	15028.00
888.54	14964.00
888.72	14966.00
888.90	14950.00
889.09	14878.00
889.27	14858.00
889.46	14984.00
889.64	14825.00
889.82	14781.00
890.01	14701.00
890.19	14841.00
890.38	14994.00
890.56	14791.00
890.74	14703.00
890.93	14625.00
891.11	14780.00
891.29	14771.00
891.48	14646.00
891.66	14708.00
891.85	14723.00
892.03	14808.00
892.21	14891.00
892.40	14915.00
892.58	14864.00
892.76	14630.00
892.95	14622.00
893.13	14814.00
893.32	14832.00
893.50	14826.00
893.68	14863.00
893.87	14759.00
894.05	14743.00
894.23	14810.00
894.42	14975.00
894.60	14966.00
894.79	14968.00
894.97	14887.00
895.15	15023.00
895.34	14950.00
895.52	15003.00
895.70	14964.00
895.89	14882.00
896.07	14974.00
896.25	14931.00
896.44	14992.00
896.62	15132.00
896.81	15019.00
896.99	15139.00
897.17	15102.00
897.36	15034.00
897.54	15112.00
897.72	15251.00
897.91	15211.00
898.09	15071.00
898.27	15091.00
898.46	15144.00
898.64	14909.00
898.82	15050.00
899.01	15172.00
899.19	15357.00
899.37	15374.00
899.56	15244.00
899.74	15299.00
899.92	15308.00
900.11	15271.00
900.29	15475.00
900.47	15466.00
900.66	15438.00
900.84	15454.00
901.03	15495.00
901.21	15450.00
901.39	15523.00
901.58	15591.00
901.76	15577.00
901.94	15595.00
902.13	15551.00
902.31	15568.00
902.49	15755.00
902.68	15808.00
902.86	15709.00
903.04	15696.00
903.23	15762.00
903.41	15732.00
903.59	15884.00
903.78	15806.00
903.96	15706.00
904.14	15815.00
904.32	15896.00
904.51	15990.00
904.69	16067.00
904.87	15955.00
905.06	15967.00
905.24	15852.00
905.42	15887.00
905.61	16112.00
905.79	16007.00
905.97	16030.00
906.16	15898.00
906.34	16217.00
906.52	16082.00
906.71	15997.00
906.89	15997.00
907.07	16035.00
907.26	16058.00
907.44	16037.00
907.62	15960.00
907.81	16064.00
907.99	16010.00
908.17	15823.00
908.35	15910.00
908.54	16060.00
908.72	15986.00
908.90	16051.00
909.09	15987.00
909.27	15945.00
909.45	15932.00
909.64	15811.00
909.82	15901.00
910.00	15967.00
910.18	15898.00
910.37	16002.00
910.55	15952.00
910.73	15721.00
910.92	15616.00
911.10	15671.00
911.28	15667.00
911.47	15600.00
911.65	15735.00
911.83	15858.00
912.01	15611.00
912.20	15607.00
912.38	15586.00
912.56	15562.00
912.75	15567.00
912.93	15425.00
913.11	15349.00
913.29	15477.00
913.48	15435.00
913.66	15434.00
913.84	15366.00
914.03	15291.00
914.21	15295.00
914.39	15063.00
914.57	15191.00
914.76	15289.00
914.94	15262.00
915.12	15183.00
915.31	15272.00
915.49	15160.00
915.67	15290.00
915.85	15147.00
916.04	15223.00
916.22	15126.00
916.40	15016.00
916.58	15163.00
916.77	15082.00
916.95	15129.00
917.13	15141.00
917.32	15082.00
917.50	15078.00
917.68	15017.00
917.86	15001.00
918.05	14918.00
918.23	14939.00
918.41	14659.00
918.59	14936.00
918.78	14994.00
918.96	14745.00
919.14	14862.00
919.32	14747.00
919.51	14654.00
919.69	14643.00
919.87	14625.00
920.05	14535.00
920.24	14372.00
920.42	14431.00
920.60	14426.00
920.78	14380.00
920.97	14357.00
921.15	14512.00
921.33	14484.00
921.52	14299.00
921.70	14344.00
921.88	14311.00
922.06	14268.00
922.24	14468.00
922.43	14314.00
922.61	14202.00
922.79	14121.00
922.97	14216.00
923.16	14370.00
923.34	14321.00
923.52	14263.00
923.70	14111.00
923.89	14196.00
924.07	14057.00
924.25	13907.00
924.43	13816.00
924.62	13919.00
924.80	13980.00
924.98	13806.00
925.16	13846.00
925.35	13844.00
925.53	13734.00
925.71	13652.00
925.89	13645.00
926.08	13777.00
926.26	13664.00
926.44	13565.00
926.62	13594.00
926.80	13495.00
926.99	13422.00
927.17	13460.00
927.35	13452.00
927.53	13437.00
927.72	13331.00
927.90	13399.00
928.08	13304.00
928.26	13194.00
928.44	13364.00
928.63	13208.00
928.81	13251.00
928.99	13070.00
929.17	13097.00
929.36	13100.00
929.54	13092.00
929.72	13022.00
929.90	12887.00
930.08	12887.00
930.27	13032.00
930.45	12942.00
930.63	12923.00
930.81	12885.00
930.99	12889.00
931.18	12690.00
931.36	12475.00
931.54	12573.00
931.72	12499.00
931.90	12315.00
932.09	12459.00
932.27	12211.00
932.45	12151.00
932.63	12184.00
932.81	12067.00
933.00	12086.00
933.18	11835.00
933.36	11773.00
933.54	11630.00
933.72	11745.00
933.91	11841.00
934.09	11743.00
934.27	11410.00
934.45	11287.00
934.63	11208.00
934.82	11129.00
935.00	11113.00
935.18	11081.00
935.36	10920.00
935.54	10796.00
935.73	10601.00
935.91	10576.00
936.09	10542.00
936.27	10222.00
936.45	10220.00
936.64	10199.00
936.82	9996.00
937.00	9771.00
937.18	9627.00
937.36	9426.00
937.54	9316.00
937.73	9230.00
937.91	9062.00
938.09	8931.00
938.27	8833.00
938.45	8674.00
938.63	8571.00
938.82	8409.00
939.00	8252.00
939.18	8281.00
939.36	8027.00
939.54	8017.00
939.73	7914.00
939.91	7844.00
940.09	7750.00
940.27	7689.00
940.45	7508.00
940.63	7573.00
940.82	7458.00
941.00	7407.00
941.18	7310.00
941.36	7178.00
941.54	7191.00
941.72	7201.00
941.91	7008.00
942.09	6883.00
942.27	6843.00
942.45	6892.00
942.63	6854.00
942.81	6878.00
942.99	6854.00
943.18	6798.00
943.36	6682.00
943.54	6687.00
943.72	6669.00
943.90	6521.00
944.08	6571.00
944.27	6565.00
944.45	6716.00
944.63	6567.00
944.81	6613.00
944.99	6763.00
945.17	6677.00
945.35	6584.00
945.54	6568.00
945.72	6613.00
945.90	6670.00
946.08	6504.00
946.26	6540.00
946.44	6684.00
946.62	6647.00
946.81	6819.00
946.99	6678.00
947.17	6800.00
947.35	6788.00
947.53	6659.00
947.71	6619.00
947.89	6775.00
948.07	6898.00
948.26	6908.00
948.44	6851.00
948.62	6790.00
948.80	6812.00
948.98	6841.00
949.16	6816.00
949.34	7019.00
949.53	6883.00
949.71	6914.00
949.89	7034.00
950.07	6972.00
950.25	7055.00
950.43	6986.00
950.61	6987.00
950.79	6989.00
950.98	7094.00
951.16	7141.00
951.34	7233.00
951.52	7017.00
951.70	6989.00
951.88	7141.00
952.06	7295.00
952.24	7091.00
952.42	7070.00
952.61	6944.00
952.79	7108.00
952.97	6938.00
953.15	7054.00
953.33	7067.00
953.51	7028.00
953.69	7066.00
953.87	7149.00
954.05	7127.00
954.24	7187.00
954.42	6980.00
954.60	7071.00
954.78	7116.00
954.96	7084.00
955.14	6980.00
955.32	7064.00
955.50	7287.00
955.68	7086.00
955.86	7062.00
956.05	7140.00
956.23	7184.00
956.41	7101.00
956.59	7103.00
956.77	7075.00
956.95	7136.00
957.13	7242.00
957.31	7203.00
957.49	7210.00
957.67	7308.00
957.86	7414.00
958.04	7409.00
958.22	7341.00
958.40	7219.00
958.58	7258.00
958.76	7229.00
958.94	7208.00
959.12	7265.00
959.30	7276.00
959.48	7149.00
959.66	7238.00
959.84	7198.00
960.03	7113.00
960.21	7162.00
960.39	7257.00
960.57	7261.00
960.75	7165.00
960.93	7131.00
961.11	7089.00
961.29	7062.00
961.47	7026.00
961.65	6986.00
961.83	6977.00
962.01	7025.00
962.19	7057.00
962.37	7093.00
962.56	7073.00
962.74	7042.00
962.92	6959.00
963.10	7113.00
963.28	7167.00
963.46	7037.00
963.64	6963.00
963.82	6966.00
964.00	6992.00
964.18	7028.00
964.36	7069.00
964.54	6886.00
964.72	6923.00
964.90	6978.00
965.08	7054.00
965.27	7021.00
965.45	6957.00
965.63	6959.00
965.81	6985.00
965.99	6915.00
966.17	6823.00
966.35	6930.00
966.53	6912.00
966.71	7033.00
966.89	6982.00
967.07	6898.00
967.25	6935.00
967.43	7018.00
967.61	7040.00
967.79	6961.00
967.97	6869.00
968.15	6727.00
968.33	6771.00
968.51	6822.00
968.69	6655.00
968.87	6595.00
969.06	6836.00
969.24	6736.00
969.42	6647.00
969.60	6663.00
969.78	6548.00
969.96	6536.00
970.14	6468.00
970.32	6553.00
970.50	6539.00
970.68	6444.00
970.86	6352.00
971.04	6478.00
971.22	6658.00
971.40	6456.00
971.58	6314.00
971.76	6404.00
971.94	6299.00
972.12	6341.00
972.30	6398.00
972.48	6297.00
972.66	6218.00
972.84	6220.00
973.02	6230.00
973.20	6149.00
973.38	6090.00
973.56	6159.00
973.74	6056.00
973.92	6089.00
974.10	6015.00
974.28	5985.00
974.46	5901.00
974.64	5968.00
974.82	6063.00
975.00	5983.00
975.18	5942.00
975.36	5912.00
975.54	5760.00
975.72	5866.00
975.90	5855.00
976.08	5811.00
976.26	5818.00
976.44	5868.00
976.62	5729.00
976.80	5618.00
976.98	5785.00
977.16	5713.00
977.34	5638.00
977.52	5739.00
977.70	5791.00
977.88	5653.00
978.06	5516.00
978.24	5551.00
978.42	5566.00
978.60	5549.00
978.78	5608.00
978.96	5566.00
979.14	5498.00
979.32	5585.00
979.50	5449.00
979.68	5400.00
979.86	5369.00
980.04	5405.00
980.22	5476.00
980.40	5473.00
980.58	5384.00
980.76	5392.00
980.94	5443.00
981.12	5386.00
981.30	5340.00
981.48	5262.00
981.66	5338.00
981.84	5253.00
982.02	5219.00
982.20	5330.00
982.38	5265.00
982.56	5161.00
982.74	5209.00
982.92	5312.00
983.10	5207.00
983.28	5235.00
983.46	5159.00
983.64	5142.00
983.82	5120.00
984.00	5100.00
984.18	5112.00
984.36	5048.00
984.54	4935.00
984.72	5064.00
984.90	5074.00
985.08	5034.00
985.26	4988.00
985.44	4933.00
985.62	4836.00
985.80	4839.00
985.98	4889.00
986.16	4900.00
986.34	4880.00
986.51	4762.00
986.69	4753.00
986.87	4719.00
987.05	4706.00
987.23	4664.00
987.41	4773.00
987.59	4633.00
987.77	4783.00
987.95	4671.00
988.13	4562.00
988.31	4596.00
988.49	4559.00
988.67	4500.00
988.85	4566.00
989.03	4569.00
989.21	4472.00
989.39	4439.00
989.57	4434.00
989.75	4427.00
989.93	4302.00
990.11	4400.00
990.28	4439.00
990.46	4491.00
990.64	4491.00
990.82	4379.00
991.00	4388.00
991.18	4451.00
991.36	4434.00
991.54	4303.00
991.72	4241.00
991.90	4328.00
992.08	4263.00
992.26	4271.00
992.44	4222.00
992.62	4206.00
992.80	4286.00
992.98	4214.00
993.15	4232.00
993.33	4149.00
993.51	4129.00
993.69	4125.00
993.87	4011.00
994.05	4078.00
994.23	4064.00
994.41	4115.00
994.59	4023.00
994.77	4084.00
994.95	4047.00
995.13	4072.00
995.31	4053.00
995.48	4059.00
995.66	3958.00
995.84	3842.00
996.02	3844.00
996.20	3908.00
996.38	3762.00
996.56	3867.00
996.74	3829.00
996.92	3836.00
997.10	3742.00
997.28	3803.00
997.46	3727.00
997.63	3793.00
997.81	3696.00
997.99	3701.00
998.17	3653.00
998.35	3658.00
998.53	3679.00
998.71	3616.00
998.89	3622.00
999.07	3607.00
999.25	3565.00
999.43	3568.00
999.60	3506.00
999.78	3429.00
999.96	3543.00
1000.14	3478.00
1000.32	3412.00
1000.50	3459.00
1000.68	3495.00
1000.86	3358.00
1001.04	3407.00
1001.21	3460.00
1001.39	3409.00
1001.57	3425.00
1001.75	3437.00
1001.93	3448.00
1002.11	3408.00
1002.29	3378.00
1002.47	3292.00
1002.65	3313.00
1002.82	3312.00
1003.00	3390.00
1003.18	3437.00
1003.36	3306.00
1003.54	3185.00
1003.72	3178.00
1003.90	3311.00
1004.08	3308.00
1004.26	3319.00
1004.43	3226.00
1004.61	3247.00
1004.79	3210.00
1004.97	3322.00
1005.15	3237.00
1005.33	3201.00
1005.51	3112.00
1005.69	3127.00
1005.86	3103.00
1006.04	3121.00
1006.22	3135.00
1006.40	3160.00
1006.58	3153.00
1006.76	3098.00
1006.94	3166.00
1007.12	3074.00
1007.29	3058.00
1007.47	3061.00
1007.65	2953.00
1007.83	2939.00
1008.01	2895.00
1008.19	2919.00
1008.37	2943.00
1008.54	2905.00
1008.72	2965.00
1008.90	2936.00
1009.08	2838.00
1009.26	2739.00
1009.44	2806.00
1009.62	2840.00
1009.79	2818.00
1009.97	2819.00
1010.15	2870.00
1010.33	2839.00
1010.51	2798.00
1010.69	2769.00
1010.87	2698.00
1011.04	2777.00
1011.22	2808.00
1011.40	2695.00
1011.58	2657.00
1011.76	2695.00
1011.94	2694.00
1012.11	2678.00
1012.29	2676.00
1012.47	2708.00
1012.65	2692.00
1012.83	2627.00
1013.01	2611.00
1013.18	2600.00
1013.36	2518.00
1013.54	2602.00
1013.72	2569.00
1013.90	2565.00
1014.08	2614.00
1014.25	2569.00
1014.43	2543.00
1014.61	2513.00
1014.79	2545.00
1014.97	2529.00
1015.15	2539.00
1015.32	2521.00
1015.50	2512.00
1015.68	2589.00
1015.86	2465.00
1016.04	2467.00
1016.22	2479.00
1016.39	2378.00
1016.57	2374.00
1016.75	2435.00
1016.93	2369.00
1017.11	2428.00
1017.29	2421.00
1017.46	2579.00
1017.64	2467.00
1017.82	2327.00
1018.00	2328.00
1018.18	2340.00
1018.35	2360.00
1018.53	2363.00
1018.71	2232.00
1018.89	2284.00
1019.07	2230.00
1019.24	2228.00
1019.42	2217.00
1019.60	2242.00
1019.78	2292.00
1019.96	2211.00
1020.14	2172.00
1020.31	2181.00
1020.49	2207.00
1020.67	2290.00
1020.85	2217.00
1021.03	2110.00
1021.20	2182.00
1021.38	2130.00
1021.56	2047.00
1021.74	2024.00
1021.92	2025.00
1022.09	2087.00
1022.27	2093.00
1022.45	2117.00
1022.63	2092.00
1022.81	2052.00
1022.98	2085.00
1023.16	2012.00
1023.34	2163.00
1023.52	2192.00
1023.69	2140.00
1023.87	2128.00
1024.05	2154.00
1024.23	2121.00
1024.41	2054.00
1024.58	1982.00
1024.76	2036.00
1024.94	2091.00
1025.12	2076.00
1025.30	2015.00
1025.47	1911.00
1025.65	2026.00
1025.83	2003.00
1026.01	2040.00
1026.18	1927.00
1026.36	1922.00
1026.54	1851.00
1026.72	1933.00
1026.90	1982.00
1027.07	1924.00
1027.25	1987.00
1027.43	1941.00
1027.61	1952.00
1027.78	1929.00
1027.96	1914.00
1028.14	2073.00
1028.32	1906.00
1028.49	1860.00
1028.67	1877.00
1028.85	1887.00
1029.03	1882.00
1029.21	1899.00
1029.38	1830.00
1029.56	1830.00
1029.74	1816.00
1029.92	1771.00
1030.09	1791.00
1030.27	1747.00
1030.45	1767.00
1030.63	1828.00
1030.80	1808.00
1030.98	1727.00
1031.16	1714.00
1031.34	1661.00
1031.51	1752.00
1031.69	1764.00
1031.87	1661.00
1032.05	1789.00
1032.22	1747.00
1032.40	1754.00
1032.58	1676.00
1032.76	1657.00
1032.93	1646.00
1033.11	1690.00
1033.29	1679.00
1033.47	1672.00
1033.64	1647.00
1033.82	1671.00
1034.00	1741.00
1034.18	1671.00
1034.35	1642.00
1034.53	1705.00
1034.71	1591.00
1034.89	1624.00
1035.06	1570.00
1035.24	1553.00
1035.42	1551.00
1035.59	1626.00
1035.77	1588.00
1035.95	1537.00
1036.13	1517.00
1036.30	1599.00
1036.48	1545.00
1036.66	1470.00
1036.84	1496.00
1037.01	1550.00
1037.19	1600.00
1037.37	1522.00
1037.54	1549.00
1037.72	1536.00
1037.90	1543.00
1038.08	1558.00
1038.25	1587.00
1038.43	1466.00
1038.61	1456.00
1038.79	1442.00
1038.96	1413.00
1039.14	1450.00
1039.32	1435.00
1039.49	1460.00
1039.67	1421.00
1039.85	1422.00
1040.03	1461.00
1040.20	1399.00
1040.38	1408.00
1040.56	1435.00
1040.73	1411.00
1040.91	1427.00
1041.09	1394.00
1041.27	1402.00
1041.44	1387.00
1041.62	1408.00
1041.80	1375.00
1041.97	1401.00
1042.15	1391.00
1042.33	1391.00
1042.50	1362.00
1042.68	1419.00
1042.86	1453.00
1043.04	1374.00
1043.21	1351.00
1043.39	1369.00
1043.57	1391.00
1043.74	1361.00
1043.92	1369.00
1044.10	1354.00
1044.27	1378.00
1044.45	1372.00
1044.63	1324.00
1044.80	1415.00
1044.98	1331.00
1045.16	1343.00
1045.34	1328.00
1045.51	1274.00
1045.69	1327.00
1045.87	1356.00
1046.04	1297.00
1046.22	1308.00
1046.40	1293.00
1046.57	1270.00
1046.75	1228.00
1046.93	1268.00
1047.10	1250.00
1047.28	1190.00
1047.46	1217.00
1047.63	1232.00
1047.81	1238.00
1047.99	1161.00
1048.16	1275.00
1048.34	1243.00
1048.52	1170.00
1048.69	1233.00
1048.87	1317.00
1049.05	1239.00
1049.22	1223.00
1049.40	1249.00
1049.58	1266.00
1049.75	1228.00
1049.93	1239.00
1050.11	1171.00
1050.28	1183.00
1050.46	1161.00
1050.64	1172.00
1050.81	1199.00
1050.99	1200.00
1051.17	1190.00
1051.34	1223.00
1051.52	1210.00
1051.70	1236.00
1051.87	1216.00
1052.05	1225.00
1052.23	1199.00
1052.40	1255.00
1052.58	1134.00
1052.76	1094.00
1052.93	1213.00
1053.11	1274.00
1053.29	1226.00
1053.46	1119.00
1053.64	1137.00
1053.82	1152.00
1053.99	1159.00
1054.17	1145.00
1054.35	1120.00
1054.52	1085.00
1054.70	1140.00
1054.87	1181.00
1055.05	1162.00
1055.23	1122.00
1055.40	1090.00
1055.58	1102.00
1055.76	1027.00
1055.93	1083.00
1056.11	1207.00
1056.29	1111.00
1056.46	1087.00
1056.64	1069.00
1056.81	1056.00
1056.99	1120.00
1057.17	1128.00
1057.34	1004.00
1057.52	987.00
1057.70	1078.00
1057.87	1014.00
1058.05	1018.00
1058.22	1112.00
1058.40	1146.00
1058.58	1049.00
1058.75	1027.00
1058.93	1085.00
1059.11	1070.00
1059.28	999.00
1059.46	1016.00
1059.63	955.00
1059.81	989.00
1059.99	985.00
1060.16	942.00
1060.34	952.00
1060.52	970.00
1060.69	989.00
1060.87	1027.00
1061.04	1043.00
1061.22	960.00
