367.62	-37.00
367.82	-50.00
368.02	75.00
368.23	43.00
368.43	55.00
368.63	1.00
368.83	39.00
369.04	0.00
369.24	2.00
369.44	20.00
369.65	13.00
369.85	6.00
370.05	14.00
370.25	11.00
370.46	-48.00
370.66	-20.00
370.86	3.00
371.07	15.00
371.27	-6.00
371.47	4.00
371.67	8.00
371.88	6.00
372.08	35.00
372.28	37.00
372.49	-46.00
372.69	-106.00
372.89	-65.00
373.09	22.00
373.30	12.00
373.50	31.00
373.70	3.00
373.91	-9.00
374.11	29.00
374.31	8.00
374.51	50.00
374.72	24.00
374.92	-34.00
375.12	-46.00
375.33	-44.00
375.53	-37.00
375.73	2.00
375.93	41.00
376.14	19.00
376.34	64.00
376.54	57.00
376.74	89.00
376.95	-20.00
377.15	27.00
377.35	-42.00
377.55	-20.00
377.76	-30.00
377.96	-2.00
378.16	-19.00
378.37	31.00
378.57	24.00
378.77	11.00
378.97	-1.00
379.18	7.00
379.38	6.00
379.58	12.00
379.78	4.00
379.99	-7.00
380.19	16.00
380.39	21.00
380.59	-92.00
380.80	-78.00
381.00	-16.00
381.20	14.00
381.40	44.00
381.61	-14.00
381.81	-5.00
382.01	-20.00
382.21	7.00
382.42	12.00
382.62	3.00
382.82	-13.00
383.02	-2.00
383.23	2.00
383.43	-10.00
383.63	-7.00
383.83	25.00
384.04	35.00
384.24	1.00
384.44	-1.00
384.64	-40.00
384.85	11.00
385.05	33.00
385.25	-18.00
385.45	-19.00
385.66	-54.00
385.86	70.00
386.06	58.00
386.26	97.00
386.47	12.00
386.67	-75.00
386.87	1.00
387.07	33.00
387.27	-34.00
387.48	-2.00
387.68	-3.00
387.88	7.00
388.08	-21.00
388.29	31.00
388.49	-25.00
388.69	-12.00
388.89	48.00
389.10	7.00
389.30	-52.00
389.50	50.00
389.70	22.00
389.90	28.00
390.11	-9.00
390.31	12.00
390.51	-1.00
390.71	-41.00
390.92	-22.00
391.12	-45.00
391.32	42.00
391.52	31.00
391.72	89.00
391.93	89.00
392.13	30.00
392.33	-45.00
392.53	-5.00
392.74	-44.00
392.94	-16.00
393.14	-13.00
393.34	61.00
393.54	70.00
393.75	72.00
393.95	-10.00
394.15	-37.00
394.35	-32.00
394.56	49.00
394.76	82.00
394.96	33.00
395.16	12.00
395.36	-46.00
395.57	-38.00
395.77	55.00
395.97	1.00
396.17	8.00
396.37	77.00
396.58	47.00
396.78	-30.00
396.98	4.00
397.18	-46.00
397.38	7.00
397.59	-6.00
397.79	-17.00
397.99	22.00
398.19	-35.00
398.39	-43.00
398.60	-49.00
398.80	-40.00
399.00	-47.00
399.20	-33.00
399.40	49.00
399.61	41.00
399.81	-4.00
400.01	49.00
400.21	43.00
400.41	3.00
400.62	2.00
400.82	2.00
401.02	-20.00
401.22	62.00
401.42	87.00
401.63	81.00
401.83	69.00
402.03	10.00
402.23	1.00
402.43	3.00
402.64	29.00
402.84	6.00
403.04	11.00
403.24	-29.00
403.44	-24.00
403.64	-4.00
403.85	19.00
404.05	-14.00
404.25	-111.00
404.45	-10.00
404.65	44.00
404.86	-11.00
405.06	-81.00
405.26	-67.00
405.46	5.00
405.66	24.00
405.86	-19.00
406.07	-45.00
406.27	1.00
406.47	29.00
406.67	56.00
406.87	40.00
407.07	11.00
407.28	-25.00
407.48	-32.00
407.68	14.00
407.88	6.00
408.08	19.00
408.28	16.00
408.49	26.00
408.69	-27.00
408.89	-5.00
409.09	18.00
409.29	12.00
409.49	63.00
409.70	55.00
409.90	36.00
410.10	-43.00
410.30	-46.00
410.50	-20.00
410.70	3.00
410.91	32.00
411.11	-5.00
411.31	31.00
411.51	-6.00
411.71	43.00
411.91	36.00
412.12	77.00
412.32	53.00
412.52	47.00
412.72	34.00
412.92	-48.00
413.12	-30.00
413.32	-41.00
413.53	-76.00
413.73	13.00
413.93	16.00
414.13	49.00
414.33	48.00
414.53	82.00
414.74	19.00
414.94	-64.00
415.14	52.00
415.34	46.00
415.54	-7.00
415.74	-24.00
415.94	6.00
416.15	30.00
416.35	1.00
416.55	23.00
416.75	82.00
416.95	77.00
417.15	39.00
417.35	67.00
417.56	65.00
417.76	17.00
417.96	20.00
418.16	-45.00
418.36	11.00
418.56	-5.00
418.76	49.00
418.97	34.00
419.17	36.00
419.37	40.00
419.57	22.00
419.77	15.00
419.97	51.00
420.17	48.00
420.37	108.00
420.58	137.00
420.78	37.00
420.98	25.00
421.18	4.00
421.38	-2.00
421.58	52.00
421.78	49.00
421.98	54.00
422.19	40.00
422.39	7.00
422.59	-6.00
422.79	46.00
422.99	115.00
423.19	46.00
423.39	29.00
423.59	21.00
423.80	43.00
424.00	32.00
424.20	5.00
424.40	49.00
424.60	50.00
424.80	49.00
425.00	110.00
425.20	79.00
425.40	35.00
425.61	-41.00
425.81	33.00
426.01	-35.00
426.21	47.00
426.41	56.00
426.61	-20.00
426.81	2.00
427.01	48.00
427.21	-2.00
427.42	42.00
427.62	-48.00
427.82	51.00
428.02	80.00
428.22	9.00
428.42	55.00
428.62	26.00
428.82	28.00
429.02	-38.00
429.23	24.00
429.43	15.00
429.63	-55.00
429.83	66.00
430.03	105.00
430.23	78.00
430.43	40.00
430.63	56.00
430.83	5.00
431.03	-29.00
431.24	-3.00
431.44	52.00
431.64	54.00
431.84	44.00
432.04	52.00
432.24	87.00
432.44	-30.00
432.64	29.00
432.84	94.00
433.04	98.00
433.24	135.00
433.45	79.00
433.65	46.00
433.85	29.00
434.05	37.00
434.25	6.00
434.45	30.00
434.65	55.00
434.85	-10.00
435.05	-23.00
435.25	-85.00
435.45	-115.00
435.65	73.00
435.86	103.00
436.06	25.00
436.26	-17.00
436.46	-12.00
436.66	-15.00
436.86	10.00
437.06	27.00
437.26	19.00
437.46	60.00
437.66	-16.00
437.86	-13.00
438.06	48.00
438.26	36.00
438.47	14.00
438.67	20.00
438.87	23.00
439.07	40.00
439.27	28.00
439.47	-21.00
439.67	-16.00
439.87	25.00
440.07	16.00
440.27	30.00
440.47	70.00
440.67	84.00
440.87	59.00
441.07	46.00
441.27	19.00
441.48	59.00
441.68	8.00
441.88	86.00
442.08	33.00
442.28	6.00
442.48	36.00
442.68	-12.00
442.88	89.00
443.08	40.00
443.28	61.00
443.48	18.00
443.68	20.00
443.88	62.00
444.08	-24.00
444.28	-37.00
444.48	-37.00
444.68	10.00
444.88	-11.00
445.09	72.00
445.29	119.00
445.49	108.00
445.69	49.00
445.89	60.00
446.09	34.00
446.29	-29.00
446.49	16.00
446.69	66.00
446.89	30.00
447.09	-11.00
447.29	41.00
447.49	52.00
447.69	29.00
447.89	57.00
448.09	24.00
448.29	69.00
448.49	62.00
448.69	31.00
448.89	-5.00
449.09	14.00
449.29	114.00
449.49	5.00
449.70	63.00
449.90	37.00
450.10	11.00
450.30	67.00
450.50	-10.00
450.70	50.00
450.90	28.00
451.10	64.00
451.30	-3.00
451.50	23.00
451.70	39.00
451.90	6.00
452.10	78.00
452.30	12.00
452.50	52.00
452.70	62.00
452.90	55.00
453.10	-25.00
453.30	30.00
453.50	68.00
453.70	29.00
453.90	6.00
454.10	9.00
454.30	83.00
454.50	92.00
454.70	26.00
454.90	-37.00
455.10	93.00
455.30	89.00
455.50	58.00
455.70	19.00
455.90	53.00
456.10	75.00
456.30	101.00
456.50	43.00
456.70	55.00
456.90	74.00
457.10	60.00
457.30	67.00
457.50	45.00
457.70	96.00
457.90	75.00
458.10	58.00
458.30	72.00
458.50	61.00
458.70	58.00
458.90	66.00
459.10	37.00
459.30	68.00
459.50	75.00
459.70	89.00
459.90	29.00
460.10	52.00
460.30	38.00
460.50	29.00
460.70	4.00
460.90	-18.00
461.10	12.00
461.30	35.00
461.50	35.00
461.70	68.00
461.90	23.00
462.10	60.00
462.30	152.00
462.50	127.00
462.70	112.00
462.90	74.00
463.10	112.00
463.30	122.00
463.50	50.00
463.70	34.00
463.90	95.00
464.10	108.00
464.30	85.00
464.50	89.00
464.70	85.00
464.90	150.00
465.10	92.00
465.30	32.00
465.50	13.00
465.70	77.00
465.90	137.00
466.10	80.00
466.30	84.00
466.50	101.00
466.70	104.00
466.90	104.00
467.10	16.00
467.30	78.00
467.50	83.00
467.70	110.00
467.90	136.00
468.10	94.00
468.30	55.00
468.50	34.00
468.70	83.00
468.90	90.00
469.10	89.00
469.30	113.00
469.50	61.00
469.70	3.00
469.90	49.00
470.10	77.00
470.30	115.00
470.50	69.00
470.70	137.00
470.90	110.00
471.10	92.00
471.29	64.00
471.49	109.00
471.69	102.00
471.89	79.00
472.09	94.00
472.29	74.00
472.49	21.00
472.69	89.00
472.89	90.00
473.09	61.00
473.29	129.00
473.49	113.00
473.69	80.00
473.89	23.00
474.09	16.00
474.29	66.00
474.49	94.00
474.69	74.00
474.89	90.00
475.09	128.00
475.29	131.00
475.49	105.00
475.69	-3.00
475.88	117.00
476.08	134.00
476.28	103.00
476.48	95.00
476.68	60.00
476.88	30.00
477.08	67.00
477.28	56.00
477.48	66.00
477.68	68.00
477.88	119.00
478.08	35.00
478.28	0.00
478.48	83.00
478.68	94.00
478.88	55.00
479.08	58.00
479.28	28.00
479.47	134.00
479.67	147.00
479.87	125.00
480.07	69.00
480.27	86.00
480.47	75.00
480.67	124.00
480.87	160.00
481.07	110.00
481.27	125.00
481.47	74.00
481.67	84.00
481.87	68.00
482.07	79.00
482.27	85.00
482.46	27.00
482.66	0.00
482.86	70.00
483.06	57.00
483.26	69.00
483.46	49.00
483.66	74.00
483.86	83.00
484.06	141.00
484.26	137.00
484.46	53.00
484.66	81.00
484.86	76.00
485.05	99.00
485.25	54.00
485.45	63.00
485.65	119.00
485.85	154.00
486.05	138.00
486.25	83.00
486.45	123.00
486.65	121.00
486.85	145.00
487.05	145.00
487.25	129.00
487.44	100.00
487.64	75.00
487.84	65.00
488.04	91.00
488.24	110.00
488.44	96.00
488.64	111.00
488.84	78.00
489.04	28.00
489.24	51.00
489.43	82.00
489.63	69.00
489.83	13.00
490.03	102.00
490.23	144.00
490.43	131.00
490.63	104.00
490.83	77.00
491.03	73.00
491.23	92.00
491.42	142.00
491.62	78.00
491.82	115.00
492.02	108.00
492.22	88.00
492.42	177.00
492.62	141.00
492.82	121.00
493.02	186.00
493.22	124.00
493.41	88.00
493.61	50.00
493.81	136.00
494.01	125.00
494.21	118.00
494.41	60.00
494.61	35.00
494.81	50.00
495.01	134.00
495.20	135.00
495.40	176.00
495.60	108.00
495.80	147.00
496.00	149.00
496.20	117.00
496.40	230.00
496.60	138.00
496.79	102.00
496.99	111.00
497.19	141.00
497.39	137.00
497.59	165.00
497.79	137.00
497.99	180.00
498.19	168.00
498.38	137.00
498.58	116.00
498.78	100.00
498.98	192.00
499.18	204.00
499.38	162.00
499.58	114.00
499.78	138.00
499.97	190.00
500.17	154.00
500.37	159.00
500.57	151.00
500.77	167.00
500.97	165.00
501.17	115.00
501.37	151.00
501.56	145.00
501.76	175.00
501.96	136.00
502.16	140.00
502.36	101.00
502.56	161.00
502.76	104.00
502.95	188.00
503.15	116.00
503.35	123.00
503.55	172.00
503.75	138.00
503.95	190.00
504.15	154.00
504.34	220.00
504.54	248.00
504.74	207.00
504.94	153.00
505.14	95.00
505.34	150.00
505.54	178.00
505.73	152.00
505.93	134.00
506.13	180.00
506.33	177.00
506.53	145.00
506.73	182.00
506.92	179.00
507.12	176.00
507.32	155.00
507.52	159.00
507.72	147.00
507.92	140.00
508.12	170.00
508.31	225.00
508.51	162.00
508.71	178.00
508.91	170.00
509.11	151.00
509.31	145.00
509.50	207.00
509.70	133.00
509.90	101.00
510.10	91.00
510.30	100.00
510.50	106.00
510.69	169.00
510.89	161.00
511.09	186.00
511.29	134.00
511.49	149.00
511.69	249.00
511.88	232.00
512.08	207.00
512.28	171.00
512.48	101.00
512.68	130.00
512.88	150.00
513.07	192.00
513.27	195.00
513.47	137.00
513.67	157.00
513.87	189.00
514.06	156.00
514.26	98.00
514.46	160.00
514.66	111.00
514.86	153.00
515.06	222.00
515.25	175.00
515.45	108.00
515.65	59.00
515.85	110.00
516.05	203.00
516.24	214.00
516.44	186.00
516.64	142.00
516.84	197.00
517.04	181.00
517.23	97.00
517.43	143.00
517.63	197.00
517.83	123.00
518.03	111.00
518.23	198.00
518.42	167.00
518.62	213.00
518.82	193.00
519.02	197.00
519.22	209.00
519.41	210.00
519.61	202.00
519.81	223.00
520.01	209.00
520.21	191.00
520.40	149.00
520.60	109.00
520.80	160.00
521.00	153.00
521.20	115.00
521.39	171.00
521.59	127.00
521.79	184.00
521.99	144.00
522.19	166.00
522.38	176.00
522.58	199.00
522.78	158.00
522.98	142.00
523.17	183.00
523.37	202.00
523.57	178.00
523.77	147.00
523.97	193.00
524.16	206.00
524.36	211.00
524.56	207.00
524.76	194.00
524.96	224.00
525.15	221.00
525.35	178.00
525.55	174.00
525.75	161.00
525.94	186.00
526.14	221.00
526.34	115.00
526.54	193.00
526.74	232.00
526.93	167.00
527.13	172.00
527.33	178.00
527.53	224.00
527.72	216.00
527.92	176.00
528.12	216.00
528.32	183.00
528.52	232.00
528.71	232.00
528.91	192.00
529.11	256.00
529.31	255.00
529.50	214.00
529.70	248.00
529.90	266.00
530.10	202.00
530.29	172.00
530.49	183.00
530.69	200.00
530.89	247.00
531.09	215.00
531.28	236.00
531.48	219.00
531.68	206.00
531.88	291.00
532.07	300.00
532.27	322.00
532.47	308.00
532.67	337.00
532.86	276.00
533.06	136.00
533.26	245.00
533.46	328.00
533.65	263.00
533.85	206.00
534.05	276.00
534.25	341.00
534.44	304.00
534.64	272.00
534.84	317.00
535.04	310.00
535.23	297.00
535.43	298.00
535.63	352.00
535.83	302.00
536.02	231.00
536.22	199.00
536.42	323.00
536.62	256.00
536.81	255.00
537.01	361.00
537.21	418.00
537.41	416.00
537.60	368.00
537.80	316.00
538.00	303.00
538.20	353.00
538.39	392.00
538.59	354.00
538.79	378.00
538.99	292.00
539.18	306.00
539.38	354.00
539.58	321.00
539.77	317.00
539.97	330.00
540.17	377.00
540.37	327.00
540.56	413.00
540.76	495.00
540.96	503.00
541.16	324.00
541.35	318.00
541.55	318.00
541.75	371.00
541.94	377.00
542.14	374.00
542.34	463.00
542.54	469.00
542.73	388.00
542.93	421.00
543.13	363.00
543.33	432.00
543.52	492.00
543.72	424.00
543.92	403.00
544.11	401.00
544.31	432.00
544.51	462.00
544.71	434.00
544.90	385.00
545.10	442.00
545.30	450.00
545.49	441.00
545.69	449.00
545.89	435.00
546.09	451.00
546.28	439.00
546.48	536.00
546.68	544.00
546.87	498.00
547.07	482.00
547.27	422.00
547.47	378.00
547.66	432.00
547.86	427.00
548.06	421.00
548.25	329.00
548.45	447.00
548.65	428.00
548.84	403.00
549.04	427.00
549.24	549.00
549.44	460.00
549.63	404.00
549.83	350.00
550.03	347.00
550.22	375.00
550.42	460.00
550.62	440.00
550.81	405.00
551.01	463.00
551.21	471.00
551.41	382.00
551.60	426.00
551.80	432.00
552.00	422.00
552.19	373.00
552.39	327.00
552.59	389.00
552.78	374.00
552.98	451.00
553.18	422.00
553.37	406.00
553.57	379.00
553.77	409.00
553.96	397.00
554.16	429.00
554.36	393.00
554.56	353.00
554.75	326.00
554.95	317.00
555.15	398.00
555.34	317.00
555.54	325.00
555.74	359.00
555.93	393.00
556.13	393.00
556.33	360.00
556.52	379.00
556.72	429.00
556.92	381.00
557.11	381.00
557.31	366.00
557.51	395.00
557.70	336.00
557.90	344.00
558.10	311.00
558.29	353.00
558.49	302.00
558.69	302.00
558.88	272.00
559.08	291.00
559.28	272.00
559.47	319.00
559.67	347.00
559.87	336.00
560.06	353.00
560.26	318.00
560.46	340.00
560.65	341.00
560.85	376.00
561.05	394.00
561.24	399.00
561.44	412.00
561.64	369.00
561.83	336.00
562.03	329.00
562.23	298.00
562.42	274.00
562.62	325.00
562.82	318.00
563.01	351.00
563.21	349.00
563.40	297.00
563.60	334.00
563.80	331.00
563.99	312.00
564.19	336.00
564.39	352.00
564.58	319.00
564.78	296.00
564.98	330.00
565.17	366.00
565.37	342.00
565.57	302.00
565.76	380.00
565.96	321.00
566.16	393.00
566.35	355.00
566.55	377.00
566.74	390.00
566.94	346.00
567.14	336.00
567.33	375.00
567.53	392.00
567.73	447.00
567.92	363.00
568.12	432.00
568.32	421.00
568.51	370.00
568.71	345.00
568.90	367.00
569.10	408.00
569.30	370.00
569.49	373.00
569.69	462.00
569.89	408.00
570.08	450.00
570.28	473.00
570.47	355.00
570.67	347.00
570.87	420.00
571.06	451.00
571.26	447.00
571.46	423.00
571.65	413.00
571.85	462.00
572.04	417.00
572.24	424.00
572.44	424.00
572.63	394.00
572.83	415.00
573.03	467.00
573.22	512.00
573.42	466.00
573.61	399.00
573.81	350.00
574.01	510.00
574.20	478.00
574.40	495.00
574.59	505.00
574.79	417.00
574.99	505.00
575.18	513.00
575.38	548.00
575.58	514.00
575.77	531.00
575.97	518.00
576.16	523.00
576.36	494.00
576.56	541.00
576.75	586.00
576.95	623.00
577.14	603.00
577.34	577.00
577.54	594.00
577.73	667.00
577.93	530.00
578.12	566.00
578.32	664.00
578.52	739.00
578.71	617.00
578.91	525.00
579.10	637.00
579.30	716.00
579.50	726.00
579.69	721.00
579.89	701.00
580.08	658.00
580.28	706.00
580.48	707.00
580.67	721.00
580.87	719.00
581.06	701.00
581.26	801.00
581.45	788.00
581.65	843.00
581.85	755.00
582.04	786.00
582.24	757.00
582.43	856.00
582.63	851.00
582.83	855.00
583.02	841.00
583.22	825.00
583.41	848.00
583.61	831.00
583.80	909.00
584.00	914.00
584.20	887.00
584.39	896.00
584.59	859.00
584.78	906.00
584.98	963.00
585.17	969.00
585.37	968.00
585.57	840.00
585.76	937.00
585.96	1018.00
586.15	992.00
586.35	970.00
586.54	924.00
586.74	1003.00
586.94	1035.00
587.13	1028.00
587.33	1029.00
587.52	1096.00
587.72	1089.00
587.91	1142.00
588.11	1062.00
588.31	1122.00
588.50	1096.00
588.70	1115.00
588.89	1203.00
589.09	1181.00
589.28	1213.00
589.48	1212.00
589.68	1218.00
589.87	1219.00
590.07	1210.00
590.26	1146.00
590.46	1148.00
590.65	1271.00
590.85	1302.00
591.04	1233.00
591.24	1265.00
591.44	1268.00
591.63	1318.00
591.83	1365.00
592.02	1327.00
592.22	1375.00
592.41	1398.00
592.61	1467.00
592.80	1490.00
593.00	1463.00
593.19	1497.00
593.39	1461.00
593.59	1512.00
593.78	1457.00
593.98	1473.00
594.17	1492.00
594.37	1402.00
594.56	1392.00
594.76	1397.00
594.95	1543.00
595.15	1488.00
595.34	1463.00
595.54	1482.00
595.73	1562.00
595.93	1615.00
596.13	1594.00
596.32	1599.00
596.52	1593.00
596.71	1563.00
596.91	1550.00
597.10	1593.00
597.30	1545.00
597.49	1572.00
597.69	1659.00
597.88	1637.00
598.08	1614.00
598.27	1674.00
598.47	1612.00
598.66	1595.00
598.86	1617.00
599.06	1731.00
599.25	1689.00
599.45	1748.00
599.64	1874.00
599.84	1781.00
600.03	1758.00
600.23	1722.00
600.42	1636.00
600.62	1723.00
600.81	1744.00
601.01	1727.00
601.20	1739.00
601.40	1632.00
601.59	1642.00
601.79	1618.00
601.98	1626.00
602.18	1690.00
602.37	1638.00
602.57	1679.00
602.76	1725.00
602.96	1767.00
603.15	1677.00
603.35	1727.00
603.54	1832.00
603.74	1773.00
603.93	1845.00
604.13	1704.00
604.32	1774.00
604.52	1740.00
604.71	1727.00
604.91	1735.00
605.10	1826.00
605.30	1693.00
605.49	1664.00
605.69	1768.00
605.88	1753.00
606.08	1725.00
606.27	1726.00
606.47	1752.00
606.66	1652.00
606.86	1797.00
607.05	1821.00
607.25	1785.00
607.44	1884.00
607.64	1762.00
607.83	1721.00
608.03	1718.00
608.22	1698.00
608.42	1776.00
608.61	1669.00
608.81	1743.00
609.00	1827.00
609.20	1815.00
609.39	1866.00
609.59	1836.00
609.78	1971.00
609.98	2046.00
610.17	2190.00
610.37	2389.00
610.56	2498.00
610.76	2739.00
610.95	2933.00
611.15	3083.00
611.34	3079.00
611.54	3181.00
611.73	3139.00
611.93	2919.00
612.12	2526.00
612.32	2294.00
612.51	2280.00
612.71	2255.00
612.90	2009.00
613.09	1989.00
613.29	2057.00
613.48	2140.00
613.68	2139.00
613.87	2077.00
614.07	2034.00
614.26	2024.00
614.46	1994.00
614.65	2100.00
614.85	1956.00
615.04	1919.00
615.24	1840.00
615.43	1823.00
615.63	1886.00
615.82	1818.00
616.02	1802.00
616.21	1862.00
616.40	1797.00
616.60	1689.00
616.79	1807.00
616.99	1855.00
617.18	1811.00
617.38	1749.00
617.57	1746.00
617.77	1763.00
617.96	1756.00
618.16	1700.00
618.35	1690.00
618.54	1791.00
618.74	1819.00
618.93	1842.00
619.13	1820.00
619.32	1685.00
619.52	1792.00
619.71	1835.00
619.91	1863.00
620.10	1794.00
620.30	1727.00
620.49	1736.00
620.68	1793.00
620.88	1901.00
621.07	1859.00
621.27	1806.00
621.46	1876.00
621.66	1786.00
621.85	1809.00
622.05	1858.00
622.24	1831.00
622.43	1878.00
622.63	1841.00
622.82	1957.00
623.02	1955.00
623.21	1924.00
623.41	1919.00
623.60	2040.00
623.80	1962.00
623.99	1919.00
624.18	1928.00
624.38	1938.00
624.57	2018.00
624.77	1971.00
624.96	1969.00
625.16	2022.00
625.35	1955.00
625.54	1931.00
625.74	2019.00
625.93	1973.00
626.13	2019.00
626.32	2014.00
626.52	2069.00
626.71	2051.00
626.90	2021.00
627.10	2028.00
627.29	2045.00
627.49	2033.00
627.68	2116.00
627.88	2101.00
628.07	2094.00
628.26	2158.00
628.46	2084.00
628.65	2080.00
628.85	2107.00
629.04	2085.00
629.23	2107.00
629.43	2140.00
629.62	2066.00
629.82	2144.00
630.01	2105.00
630.21	2178.00
630.40	2166.00
630.59	2213.00
630.79	2272.00
630.98	2292.00
631.18	2351.00
631.37	2243.00
631.56	2188.00
631.76	2202.00
631.95	2280.00
632.15	2278.00
632.34	2233.00
632.53	2282.00
632.73	2285.00
632.92	2294.00
633.12	2223.00
633.31	2129.00
633.50	2297.00
633.70	2273.00
633.89	2205.00
634.09	2229.00
634.28	2351.00
634.47	2264.00
634.67	2282.00
634.86	2284.00
635.06	2354.00
635.25	2394.00
635.44	2384.00
635.64	2367.00
635.83	2356.00
636.03	2359.00
636.22	2375.00
636.41	2318.00
636.61	2389.00
636.80	2426.00
637.00	2401.00
637.19	2419.00
637.38	2505.00
637.58	2456.00
637.77	2427.00
637.96	2446.00
638.16	2530.00
638.35	2568.00
638.55	2480.00
638.74	2455.00
638.93	2467.00
639.13	2599.00
639.32	2610.00
639.51	2544.00
639.71	2524.00
639.90	2473.00
640.10	2586.00
640.29	2573.00
640.48	2552.00
640.68	2622.00
640.87	2642.00
641.07	2753.00
641.26	2675.00
641.45	2736.00
641.65	2675.00
641.84	2689.00
642.03	2726.00
642.23	2735.00
642.42	2794.00
642.61	2727.00
642.81	2770.00
643.00	2855.00
643.20	2787.00
643.39	2853.00
643.58	2759.00
643.78	2713.00
643.97	2833.00
644.16	2885.00
644.36	2874.00
644.55	2887.00
644.74	2953.00
644.94	2896.00
645.13	2951.00
645.33	2833.00
645.52	2847.00
645.71	2974.00
645.91	2982.00
646.10	2978.00
646.29	2998.00
646.49	2924.00
646.68	2861.00
646.87	2827.00
647.07	2951.00
647.26	2891.00
647.45	2956.00
647.65	3029.00
647.84	3092.00
648.03	3076.00
648.23	3120.00
648.42	3172.00
648.62	3113.00
648.81	3150.00
649.00	3074.00
649.20	3026.00
649.39	2978.00
649.58	3084.00
649.78	3197.00
649.97	3091.00
650.16	3095.00
650.36	3141.00
650.55	3152.00
650.74	3054.00
650.94	3095.00
651.13	3045.00
651.32	3111.00
651.52	3154.00
651.71	3183.00
651.90	3146.00
652.10	3211.00
652.29	3200.00
652.48	3189.00
652.68	3160.00
652.87	3187.00
653.06	3214.00
653.26	3230.00
653.45	3135.00
653.64	3100.00
653.84	3146.00
654.03	3079.00
654.22	3115.00
654.42	3127.00
654.61	3198.00
654.80	3241.00
654.99	3225.00
655.19	3146.00
655.38	3059.00
655.57	3157.00
655.77	3193.00
655.96	3138.00
656.15	3125.00
656.35	3121.00
656.54	3089.00
656.73	3163.00
656.93	3153.00
657.12	3093.00
657.31	3131.00
657.51	3110.00
657.70	3166.00
657.89	3182.00
658.09	3304.00
658.28	3200.00
658.47	3241.00
658.66	3179.00
658.86	3255.00
659.05	3162.00
659.24	3162.00
659.44	3084.00
659.63	3184.00
659.82	3186.00
660.02	3071.00
660.21	3029.00
660.40	3112.00
660.60	3120.00
660.79	3075.00
660.98	3090.00
661.17	3078.00
661.37	3072.00
661.56	3148.00
661.75	3177.00
661.95	3041.00
662.14	3199.00
662.33	3154.00
662.52	3138.00
662.72	3181.00
662.91	3145.00
663.10	3131.00
663.30	3135.00
663.49	3113.00
663.68	3061.00
663.88	3006.00
664.07	2896.00
664.26	2929.00
664.45	3019.00
664.65	3034.00
664.84	2943.00
665.03	2938.00
665.23	2954.00
665.42	2998.00
665.61	2899.00
665.80	3006.00
666.00	2945.00
666.19	2897.00
666.38	2971.00
666.57	3003.00
666.77	2953.00
666.96	3048.00
667.15	3011.00
667.35	2955.00
667.54	2964.00
667.73	3006.00
667.92	3052.00
668.12	2935.00
668.31	2883.00
668.50	2864.00
668.70	2831.00
668.89	2862.00
669.08	2816.00
669.27	2845.00
669.47	2856.00
669.66	2919.00
669.85	2821.00
670.04	2820.00
670.24	2869.00
670.43	2968.00
670.62	2881.00
670.81	2904.00
671.01	2898.00
671.20	2737.00
671.39	2890.00
671.58	2906.00
671.78	2824.00
671.97	2799.00
672.16	2893.00
672.36	2829.00
672.55	2859.00
672.74	2848.00
672.93	2754.00
673.13	2729.00
673.32	2768.00
673.51	2832.00
673.70	2730.00
673.90	2705.00
674.09	2802.00
674.28	2768.00
674.47	2804.00
674.67	2763.00
674.86	2693.00
675.05	2775.00
675.24	2662.00
675.44	2730.00
675.63	2858.00
675.82	2716.00
676.01	2717.00
676.21	2659.00
676.40	2659.00
676.59	2733.00
676.78	2776.00
676.97	2699.00
677.17	2709.00
677.36	2700.00
677.55	2716.00
677.74	2806.00
677.94	2749.00
678.13	2679.00
678.32	2746.00
678.51	2726.00
678.71	2719.00
678.90	2747.00
679.09	2799.00
679.28	2737.00
679.48	2737.00
679.67	2709.00
679.86	2697.00
680.05	2702.00
680.24	2641.00
680.44	2633.00
680.63	2641.00
680.82	2554.00
681.01	2575.00
681.21	2610.00
681.40	2594.00
681.59	2544.00
681.78	2555.00
681.97	2547.00
682.17	2623.00
682.36	2695.00
682.55	2748.00
682.74	2679.00
682.94	2664.00
683.13	2541.00
683.32	2597.00
683.51	2632.00
683.70	2624.00
683.90	2666.00
684.09	2514.00
684.28	2513.00
684.47	2482.00
684.66	2632.00
684.86	2657.00
685.05	2677.00
685.24	2582.00
685.43	2541.00
685.63	2544.00
685.82	2557.00
686.01	2563.00
686.20	2591.00
686.39	2609.00
686.59	2524.00
686.78	2559.00
686.97	2650.00
687.16	2767.00
687.35	2713.00
687.55	2618.00
687.74	2588.00
687.93	2603.00
688.12	2715.00
688.31	2694.00
688.51	2663.00
688.70	2684.00
688.89	2694.00
689.08	2650.00
689.27	2641.00
689.47	2494.00
689.66	2540.00
689.85	2585.00
690.04	2615.00
690.23	2518.00
690.42	2587.00
690.62	2548.00
690.81	2591.00
691.00	2518.00
691.19	2497.00
691.38	2563.00
691.58	2564.00
691.77	2584.00
691.96	2641.00
692.15	2556.00
692.34	2525.00
692.54	2678.00
692.73	2668.00
692.92	2633.00
693.11	2628.00
693.30	2611.00
693.49	2619.00
693.69	2684.00
693.88	2674.00
694.07	2538.00
694.26	2513.00
694.45	2502.00
694.64	2504.00
694.84	2463.00
695.03	2637.00
695.22	2599.00
695.41	2669.00
695.60	2634.00
695.80	2714.00
695.99	2623.00
696.18	2572.00
696.37	2580.00
696.56	2583.00
696.75	2653.00
696.95	2604.00
697.14	2634.00
697.33	2634.00
697.52	2671.00
697.71	2552.00
697.90	2556.00
698.09	2631.00
698.29	2627.00
698.48	2599.00
698.67	2696.00
698.86	2590.00
699.05	2658.00
699.24	2559.00
699.44	2629.00
699.63	2644.00
699.82	2601.00
700.01	2661.00
700.20	2612.00
700.39	2590.00
700.58	2526.00
700.78	2706.00
700.97	2751.00
701.16	2764.00
701.35	2679.00
701.54	2759.00
701.73	2781.00
701.93	2750.00
702.12	2838.00
702.31	2822.00
702.50	2821.00
702.69	2831.00
702.88	2885.00
703.07	2833.00
703.27	2917.00
703.46	2841.00
703.65	2791.00
703.84	2774.00
704.03	2792.00
704.22	2862.00
704.41	2772.00
704.60	2883.00
704.80	2855.00
704.99	2914.00
705.18	2793.00
705.37	2842.00
705.56	2879.00
705.75	2922.00
705.94	2999.00
706.14	3061.00
706.33	2985.00
706.52	3049.00
706.71	3167.00
706.90	3037.00
707.09	3049.00
707.28	3034.00
707.47	3070.00
707.67	2968.00
707.86	3046.00
708.05	3109.00
708.24	3187.00
708.43	3195.00
708.62	3122.00
708.81	3113.00
709.00	3083.00
709.20	3154.00
709.39	3180.00
709.58	3207.00
709.77	3129.00
709.96	3125.00
710.15	3075.00
710.34	3156.00
710.53	3121.00
710.72	3142.00
710.92	3058.00
711.11	3096.00
711.30	3118.00
711.49	3103.00
711.68	3131.00
711.87	3201.00
712.06	3284.00
712.25	3243.00
712.44	3207.00
712.64	3217.00
712.83	3309.00
713.02	3294.00
713.21	3390.00
713.40	3308.00
713.59	3235.00
713.78	3252.00
713.97	3243.00
714.16	3223.00
714.35	3226.00
714.55	3283.00
714.74	3270.00
714.93	3273.00
715.12	3358.00
715.31	3389.00
715.50	3236.00
715.69	3169.00
715.88	3347.00
716.07	3325.00
716.26	3305.00
716.45	3290.00
716.65	3246.00
716.84	3315.00
717.03	3272.00
717.22	3301.00
717.41	3265.00
717.60	3371.00
717.79	3357.00
717.98	3270.00
718.17	3273.00
718.36	3418.00
718.55	3334.00
718.75	3390.00
718.94	3371.00
719.13	3329.00
719.32	3407.00
719.51	3453.00
719.70	3483.00
719.89	3429.00
720.08	3392.00
720.27	3403.00
720.46	3494.00
720.65	3523.00
720.84	3511.00
721.03	3440.00
721.22	3462.00
721.42	3515.00
721.61	3486.00
721.80	3489.00
721.99	3362.00
722.18	3397.00
722.37	3458.00
722.56	3473.00
722.75	3400.00
722.94	3365.00
723.13	3379.00
723.32	3405.00
723.51	3439.00
723.70	3406.00
723.89	3414.00
724.08	3468.00
724.28	3459.00
724.47	3430.00
724.66	3409.00
724.85	3429.00
725.04	3494.00
725.23	3466.00
725.42	3433.00
725.61	3482.00
725.80	3546.00
725.99	3499.00
726.18	3439.00
726.37	3491.00
726.56	3559.00
726.75	3469.00
726.94	3581.00
727.13	3491.00
727.32	3378.00
727.51	3329.00
727.71	3364.00
727.90	3373.00
728.09	3443.00
728.28	3389.00
728.47	3389.00
728.66	3428.00
728.85	3463.00
729.04	3496.00
729.23	3456.00
729.42	3443.00
729.61	3438.00
729.80	3452.00
729.99	3504.00
730.18	3536.00
730.37	3443.00
730.56	3431.00
730.75	3472.00
730.94	3450.00
731.13	3470.00
731.32	3492.00
731.51	3471.00
731.70	3488.00
731.89	3377.00
732.08	3375.00
732.27	3414.00
732.46	3595.00
732.65	3516.00
732.84	3441.00
733.04	3440.00
733.23	3443.00
733.42	3464.00
733.61	3462.00
733.80	3442.00
733.99	3432.00
734.18	3425.00
734.37	3418.00
734.56	3303.00
734.75	3353.00
734.94	3356.00
735.13	3441.00
735.32	3349.00
735.51	3448.00
735.70	3353.00
735.89	3346.00
736.08	3269.00
736.27	3126.00
736.46	3286.00
736.65	3262.00
736.84	3303.00
737.03	3195.00
737.22	3225.00
737.41	3247.00
737.60	3255.00
737.79	3302.00
737.98	3353.00
738.17	3360.00
738.36	3253.00
738.55	3280.00
738.74	3299.00
738.93	3332.00
739.12	3294.00
739.31	3238.00
739.50	3270.00
739.69	3360.00
739.88	3262.00
740.07	3219.00
740.26	3221.00
740.45	3189.00
740.64	3292.00
740.83	3199.00
741.02	3179.00
741.21	3277.00
741.40	3135.00
741.59	3082.00
741.78	3202.00
741.97	3131.00
742.16	3022.00
742.35	3037.00
742.54	3103.00
742.73	3133.00
742.92	3105.00
743.11	3065.00
743.30	3090.00
743.49	3121.00
743.68	3082.00
743.87	3062.00
744.06	3108.00
744.25	3059.00
744.44	3111.00
744.63	3045.00
744.82	3067.00
745.01	3146.00
745.20	3116.00
745.39	3117.00
745.58	3226.00
745.77	3095.00
745.96	3045.00
746.15	2996.00
746.34	2948.00
746.52	2957.00
746.71	2988.00
746.90	3011.00
747.09	2976.00
747.28	3106.00
747.47	3033.00
747.66	2834.00
747.85	2909.00
748.04	2916.00
748.23	2867.00
748.42	2983.00
748.61	2881.00
748.80	2863.00
748.99	2906.00
749.18	2869.00
749.37	2923.00
749.56	2874.00
749.75	2804.00
749.94	2753.00
750.13	2730.00
750.32	2742.00
750.51	2829.00
750.70	2772.00
750.89	2676.00
751.08	2753.00
751.27	2721.00
751.46	2686.00
751.64	2656.00
751.83	2690.00
752.02	2683.00
752.21	2703.00
752.40	2647.00
752.59	2688.00
752.78	2763.00
752.97	2806.00
753.16	2755.00
753.35	2640.00
753.54	2708.00
753.73	2736.00
753.92	2683.00
754.11	2656.00
754.30	2764.00
754.49	2670.00
754.68	2660.00
754.87	2682.00
755.06	2658.00
755.24	2690.00
755.43	2777.00
755.62	2670.00
755.81	2587.00
756.00	2629.00
756.19	2601.00
756.38	2669.00
756.57	2671.00
756.76	2657.00
756.95	2630.00
757.14	2611.00
757.33	2541.00
757.52	2619.00
757.71	2546.00
757.90	2505.00
758.08	2535.00
758.27	2532.00
758.46	2476.00
758.65	2465.00
758.84	2524.00
759.03	2494.00
759.22	2480.00
759.41	2542.00
759.60	2545.00
759.79	2448.00
759.98	2475.00
760.17	2482.00
760.36	2487.00
760.54	2408.00
760.73	2446.00
760.92	2466.00
761.11	2481.00
761.30	2404.00
761.49	2512.00
761.68	2407.00
761.87	2295.00
762.06	2288.00
762.25	2220.00
762.44	2282.00
762.63	2301.00
762.81	2158.00
763.00	2120.00
763.19	2110.00
763.38	2183.00
763.57	2270.00
763.76	2119.00
763.95	2060.00
764.14	2115.00
764.33	2113.00
764.52	2089.00
764.71	2089.00
764.89	2140.00
765.08	2099.00
765.27	2103.00
765.46	2086.00
765.65	2130.00
765.84	2290.00
766.03	2155.00
766.22	2100.00
766.41	2095.00
766.59	2169.00
766.78	2289.00
766.97	2358.00
767.16	2362.00
767.35	2315.00
767.54	2425.00
767.73	2314.00
767.92	2329.00
768.11	2415.00
768.30	2365.00
768.48	2408.00
768.67	2373.00
768.86	2358.00
769.05	2403.00
769.24	2422.00
769.43	2428.00
769.62	2426.00
769.81	2347.00
769.99	2261.00
770.18	2441.00
770.37	2422.00
770.56	2365.00
770.75	2342.00
770.94	2421.00
771.13	2417.00
771.32	2379.00
771.50	2342.00
771.69	2463.00
771.88	2460.00
772.07	2370.00
772.26	2430.00
772.45	2371.00
772.64	2431.00
772.83	2366.00
773.01	2371.00
773.20	2465.00
773.39	2455.00
773.58	2354.00
773.77	2395.00
773.96	2429.00
774.15	2427.00
774.34	2413.00
774.52	2411.00
774.71	2398.00
774.90	2355.00
775.09	2421.00
775.28	2372.00
775.47	2277.00
775.66	2255.00
775.84	2294.00
776.03	2343.00
776.22	2248.00
776.41	2361.00
776.60	2319.00
776.79	2277.00
776.98	2300.00
777.16	2388.00
777.35	2262.00
777.54	2293.00
777.73	2255.00
777.92	2274.00
778.11	2304.00
778.29	2247.00
778.48	2276.00
778.67	2288.00
778.86	2299.00
779.05	2340.00
779.24	2316.00
779.43	2286.00
779.61	2346.00
779.80	2240.00
779.99	2290.00
780.18	2382.00
780.37	2251.00
780.56	2363.00
780.74	2390.00
780.93	2341.00
781.12	2289.00
781.31	2319.00
781.50	2347.00
781.69	2249.00
781.87	2267.00
782.06	2412.00
782.25	2375.00
782.44	2324.00
782.63	2302.00
782.82	2396.00
783.00	2448.00
783.19	2356.00
783.38	2344.00
783.57	2307.00
783.76	2294.00
783.95	2332.00
784.13	2456.00
784.32	2436.00
784.51	2453.00
784.70	2477.00
784.89	2304.00
785.08	2352.00
785.26	2350.00
785.45	2287.00
785.64	2414.00
785.83	2368.00
786.02	2346.00
786.20	2367.00
786.39	2488.00
786.58	2355.00
786.77	2422.00
786.96	2331.00
787.15	2336.00
787.33	2434.00
787.52	2444.00
787.71	2399.00
787.90	2450.00
788.09	2424.00
788.27	2421.00
788.46	2438.00
788.65	2325.00
788.84	2395.00
789.03	2460.00
789.21	2407.00
789.40	2383.00
789.59	2477.00
789.78	2558.00
789.97	2502.00
790.15	2539.00
790.34	2533.00
790.53	2480.00
790.72	2423.00
790.91	2531.00
791.09	2473.00
791.28	2487.00
791.47	2548.00
791.66	2479.00
791.85	2447.00
792.03	2464.00
792.22	2552.00
792.41	2560.00
792.60	2540.00
792.79	2501.00
792.97	2546.00
793.16	2470.00
793.35	2492.00
793.54	2590.00
793.72	2567.00
793.91	2583.00
794.10	2621.00
794.29	2630.00
794.48	2645.00
794.66	2534.00
794.85	2548.00
795.04	2552.00
795.23	2643.00
795.42	2570.00
795.60	2519.00
795.79	2632.00
795.98	2674.00
796.17	2584.00
796.35	2583.00
796.54	2561.00
796.73	2524.00
796.92	2433.00
797.11	2586.00
797.29	2694.00
797.48	2619.00
797.67	2552.00
797.86	2521.00
798.04	2525.00
798.23	2521.00
798.42	2569.00
798.61	2648.00
798.79	2621.00
798.98	2534.00
799.17	2503.00
799.36	2647.00
799.54	2622.00
799.73	2601.00
799.92	2497.00
800.11	2640.00
800.30	2631.00
800.48	2485.00
800.67	2521.00
800.86	2560.00
801.05	2486.00
801.23	2461.00
801.42	2502.00
801.61	2620.00
801.80	2622.00
801.98	2563.00
802.17	2582.00
802.36	2559.00
802.55	2568.00
802.73	2571.00
802.92	2584.00
803.11	2655.00
803.30	2565.00
803.48	2652.00
803.67	2712.00
803.86	2678.00
804.05	2686.00
804.23	2666.00
804.42	2704.00
804.61	2692.00
804.80	2725.00
804.98	2651.00
805.17	2591.00
805.36	2624.00
805.54	2682.00
805.73	2694.00
805.92	2655.00
806.11	2681.00
806.29	2622.00
806.48	2613.00
806.67	2735.00
806.86	2721.00
807.04	2731.00
807.23	2703.00
807.42	2676.00
807.61	2620.00
807.79	2689.00
807.98	2667.00
808.17	2614.00
808.35	2630.00
808.54	2654.00
808.73	2594.00
808.92	2605.00
809.10	2661.00
809.29	2651.00
809.48	2605.00
809.67	2629.00
809.85	2683.00
810.04	2655.00
810.23	2611.00
810.41	2620.00
810.60	2562.00
810.79	2634.00
810.98	2645.00
811.16	2618.00
811.35	2620.00
811.54	2699.00
811.72	2665.00
811.91	2644.00
812.10	2605.00
812.29	2602.00
812.47	2627.00
812.66	2683.00
812.85	2616.00
813.03	2615.00
813.22	2657.00
813.41	2585.00
813.60	2654.00
813.78	2614.00
813.97	2750.00
814.16	2682.00
814.34	2656.00
814.53	2719.00
814.72	2745.00
814.90	2621.00
815.09	2609.00
815.28	2604.00
815.47	2546.00
815.65	2562.00
815.84	2587.00
816.03	2648.00
816.21	2620.00
816.40	2599.00
816.59	2585.00
816.77	2582.00
816.96	2586.00
817.15	2606.00
817.33	2620.00
817.52	2559.00
817.71	2607.00
817.90	2693.00
818.08	2557.00
818.27	2696.00
818.46	2570.00
818.64	2591.00
818.83	2643.00
819.02	2647.00
819.20	2728.00
819.39	2653.00
819.58	2755.00
819.76	2651.00
819.95	2671.00
820.14	2622.00
820.32	2722.00
820.51	2716.00
820.70	2651.00
820.88	2642.00
821.07	2695.00
821.26	2665.00
821.44	2626.00
821.63	2647.00
821.82	2691.00
822.01	2683.00
822.19	2590.00
822.38	2673.00
822.57	2691.00
822.75	2664.00
822.94	2625.00
823.13	2573.00
823.31	2593.00
823.50	2578.00
823.69	2678.00
823.87	2581.00
824.06	2544.00
824.25	2587.00
824.43	2563.00
824.62	2599.00
824.80	2655.00
824.99	2588.00
825.18	2575.00
825.36	2554.00
825.55	2496.00
825.74	2516.00
825.92	2560.00
826.11	2571.00
826.30	2465.00
826.48	2530.00
826.67	2586.00
826.86	2570.00
827.04	2544.00
827.23	2572.00
827.42	2503.00
827.60	2631.00
827.79	2489.00
827.98	2512.00
828.16	2562.00
828.35	2515.00
828.54	2530.00
828.72	2433.00
828.91	2486.00
829.09	2515.00
829.28	2466.00
829.47	2581.00
829.65	2564.00
829.84	2599.00
830.03	2454.00
830.21	2451.00
830.40	2417.00
830.59	2522.00
830.77	2439.00
830.96	2449.00
831.14	2390.00
831.33	2466.00
831.52	2383.00
831.70	2443.00
831.89	2423.00
832.08	2467.00
832.26	2499.00
832.45	2442.00
832.64	2382.00
832.82	2401.00
833.01	2383.00
833.19	2413.00
833.38	2417.00
833.57	2441.00
833.75	2487.00
833.94	2475.00
834.13	2429.00
834.31	2323.00
834.50	2406.00
834.68	2368.00
834.87	2354.00
835.06	2450.00
835.24	2416.00
835.43	2413.00
835.61	2398.00
835.80	2381.00
835.99	2401.00
836.17	2402.00
836.36	2342.00
836.55	2377.00
836.73	2357.00
836.92	2448.00
837.10	2357.00
837.29	2399.00
837.48	2444.00
837.66	2362.00
837.85	2378.00
838.03	2338.00
838.22	2344.00
838.41	2224.00
838.59	2349.00
838.78	2257.00
838.96	2287.00
839.15	2412.00
839.34	2380.00
839.52	2325.00
839.71	2348.00
839.89	2347.00
840.08	2184.00
840.27	2316.00
840.45	2357.00
840.64	2332.00
840.82	2409.00
841.01	2346.00
841.20	2288.00
841.38	2300.00
841.57	2316.00
841.75	2299.00
841.94	2289.00
842.13	2282.00
842.31	2226.00
842.50	2134.00
842.68	2151.00
842.87	2253.00
843.05	2179.00
843.24	2115.00
843.43	2207.00
843.61	2276.00
843.80	2232.00
843.98	2137.00
844.17	2129.00
844.36	2180.00
844.54	2198.00
844.73	2136.00
844.91	2087.00
845.10	2083.00
845.28	2120.00
845.47	2171.00
845.66	2106.00
845.84	2055.00
846.03	2155.00
846.21	2226.00
846.40	2157.00
846.58	2067.00
846.77	2057.00
846.96	2239.00
847.14	2165.00
847.33	2006.00
847.51	2096.00
847.70	2149.00
847.88	2183.00
848.07	2198.00
848.25	2151.00
848.44	2104.00
848.63	2087.00
848.81	2081.00
849.00	2103.00
849.18	2093.00
849.37	2116.00
849.55	2080.00
849.74	2067.00
849.93	2127.00
850.11	2092.00
850.30	2088.00
850.48	2058.00
850.67	1990.00
850.85	1997.00
851.04	2034.00
851.22	2020.00
851.41	2025.00
851.59	1969.00
851.78	1982.00
851.97	2055.00
852.15	1966.00
852.34	2036.00
852.52	2039.00
852.71	2049.00
852.89	2068.00
853.08	2127.00
853.26	1956.00
853.45	1973.00
853.63	1967.00
853.82	2056.00
854.01	2003.00
854.19	1972.00
854.38	2023.00
854.56	2009.00
854.75	1950.00
854.93	1909.00
855.12	1916.00
855.30	1966.00
855.49	1912.00
855.67	1967.00
855.86	1898.00
856.04	1888.00
856.23	1889.00
856.41	1946.00
856.60	1966.00
856.79	1977.00
856.97	1904.00
857.16	1900.00
857.34	1883.00
857.53	1927.00
857.71	1888.00
857.90	1840.00
858.08	1888.00
858.27	1851.00
858.45	1941.00
858.64	1926.00
858.82	1942.00
859.01	1900.00
859.19	1933.00
859.38	1832.00
859.56	1857.00
859.75	1847.00
859.93	1776.00
860.12	1760.00
860.30	1788.00
860.49	1932.00
860.67	1918.00
860.86	1816.00
861.04	1822.00
861.23	1798.00
861.41	1730.00
861.60	1859.00
861.78	1824.00
861.97	1795.00
862.15	1785.00
862.34	1783.00
862.53	1697.00
862.71	1778.00
862.90	1863.00
863.08	1771.00
863.27	1755.00
863.45	1702.00
863.64	1711.00
863.82	1784.00
864.01	1824.00
864.19	1759.00
864.37	1717.00
864.56	1764.00
864.74	1786.00
864.93	1708.00
865.11	1694.00
865.30	1740.00
865.48	1674.00
865.67	1737.00
865.85	1710.00
866.04	1665.00
866.22	1668.00
866.41	1739.00
866.59	1710.00
866.78	1649.00
866.96	1646.00
867.15	1556.00
867.33	1535.00
867.52	1717.00
867.70	1704.00
867.89	1601.00
868.07	1602.00
868.26	1712.00
868.44	1683.00
868.63	1672.00
868.81	1671.00
869.00	1599.00
869.18	1542.00
869.37	1546.00
869.55	1606.00
869.74	1599.00
869.92	1606.00
870.10	1647.00
870.29	1719.00
870.47	1603.00
870.66	1571.00
870.84	1559.00
871.03	1579.00
871.21	1562.00
871.40	1616.00
871.58	1621.00
871.77	1580.00
871.95	1610.00
872.14	1573.00
872.32	1608.00
872.51	1586.00
872.69	1582.00
872.87	1587.00
873.06	1588.00
873.24	1610.00
873.43	1485.00
873.61	1535.00
873.80	1589.00
873.98	1604.00
874.17	1567.00
874.35	1542.00
874.54	1481.00
874.72	1524.00
874.90	1448.00
875.09	1488.00
875.27	1575.00
875.46	1573.00
875.64	1540.00
875.83	1558.00
876.01	1554.00
876.20	1472.00
876.38	1524.00
876.56	1604.00
876.75	1615.00
876.93	1603.00
877.12	1562.00
877.30	1504.00
877.49	1490.00
877.67	1503.00
877.86	1461.00
878.04	1529.00
878.22	1498.00
878.41	1489.00
878.59	1493.00
878.78	1475.00
878.96	1486.00
879.15	1505.00
879.33	1463.00
879.51	1513.00
879.70	1532.00
879.88	1493.00
880.07	1585.00
880.25	1472.00
880.44	1442.00
880.62	1482.00
880.80	1523.00
880.99	1533.00
881.17	1442.00
881.36	1409.00
881.54	1465.00
881.73	1561.00
881.91	1443.00
882.09	1483.00
882.28	1419.00
882.46	1436.00
882.65	1470.00
882.83	1463.00
883.02	1449.00
883.20	1444.00
883.38	1488.00
883.57	1437.00
883.75	1439.00
883.94	1422.00
884.12	1442.00
884.30	1420.00
884.49	1425.00
884.67	1457.00
884.86	1481.00
885.04	1469.00
885.22	1440.00
885.41	1480.00
885.59	1462.00
885.78	1419.00
885.96	1436.00
886.14	1370.00
886.33	1408.00
886.51	1391.00
886.70	1455.00
886.88	1442.00
887.06	1429.00
887.25	1434.00
887.43	1459.00
887.62	1398.00
887.80	1399.00
887.98	1442.00
888.17	1365.00
888.35	1331.00
888.54	1383.00
888.72	1461.00
888.90	1417.00
889.09	1324.00
889.27	1431.00
889.46	1423.00
889.64	1401.00
889.82	1361.00
890.01	1472.00
890.19	1388.00
890.38	1349.00
890.56	1401.00
890.74	1433.00
890.93	1410.00
891.11	1438.00
891.29	1379.00
891.48	1411.00
891.66	1413.00
891.85	1459.00
892.03	1345.00
892.21	1401.00
892.40	1420.00
892.58	1465.00
892.76	1426.00
892.95	1368.00
893.13	1359.00
893.32	1410.00
893.50	1424.00
893.68	1381.00
893.87	1446.00
894.05	1435.00
894.23	1463.00
894.42	1476.00
894.60	1421.00
894.79	1391.00
894.97	1383.00
895.15	1443.00
895.34	1492.00
895.52	1477.00
895.70	1563.00
895.89	1546.00
896.07	1476.00
896.25	1416.00
896.44	1359.00
896.62	1436.00
896.81	1473.00
896.99	1468.00
897.17	1494.00
897.36	1508.00
897.54	1500.00
897.72	1492.00
897.91	1456.00
898.09	1385.00
898.27	1452.00
898.46	1462.00
898.64	1456.00
898.82	1528.00
899.01	1451.00
899.19	1486.00
899.37	1517.00
899.56	1434.00
899.74	1484.00
899.92	1514.00
900.11	1483.00
900.29	1495.00
900.47	1471.00
900.66	1440.00
900.84	1489.00
901.03	1545.00
901.21	1486.00
901.39	1519.00
901.58	1476.00
901.76	1478.00
901.94	1480.00
902.13	1485.00
902.31	1516.00
902.49	1574.00
902.68	1503.00
902.86	1556.00
903.04	1593.00
903.23	1514.00
903.41	1545.00
903.59	1593.00
903.78	1570.00
903.96	1559.00
904.14	1561.00
904.32	1531.00
904.51	1581.00
904.69	1537.00
904.87	1572.00
905.06	1566.00
905.24	1538.00
905.42	1504.00
905.61	1559.00
905.79	1600.00
905.97	1625.00
906.16	1487.00
906.34	1586.00
906.52	1530.00
906.71	1548.00
906.89	1576.00
907.07	1647.00
907.26	1591.00
907.44	1555.00
907.62	1496.00
907.81	1452.00
907.99	1578.00
908.17	1518.00
908.35	1601.00
908.54	1616.00
908.72	1586.00
908.90	1569.00
909.09	1587.00
909.27	1585.00
909.45	1568.00
909.64	1621.00
909.82	1606.00
910.00	1639.00
910.18	1618.00
910.37	1590.00
910.55	1537.00
910.73	1521.00
910.92	1538.00
911.10	1559.00
911.28	1585.00
911.47	1613.00
911.65	1571.00
911.83	1541.00
912.01	1517.00
912.20	1594.00
912.38	1507.00
912.56	1514.00
912.75	1464.00
912.93	1474.00
913.11	1485.00
913.29	1461.00
913.48	1465.00
913.66	1572.00
913.84	1583.00
914.03	1591.00
914.21	1537.00
914.39	1484.00
914.57	1466.00
914.76	1473.00
914.94	1448.00
915.12	1496.00
915.31	1498.00
915.49	1507.00
915.67	1554.00
915.85	1564.00
916.04	1518.00
916.22	1499.00
916.40	1518.00
916.58	1529.00
916.77	1406.00
916.95	1447.00
917.13	1549.00
917.32	1489.00
917.50	1537.00
917.68	1487.00
917.86	1500.00
918.05	1560.00
918.23	1451.00
918.41	1387.00
918.59	1449.00
918.78	1472.00
918.96	1404.00
919.14	1458.00
919.32	1381.00
919.51	1523.00
919.69	1502.00
919.87	1466.00
920.05	1459.00
920.24	1359.00
920.42	1366.00
920.60	1441.00
920.78	1443.00
920.97	1433.00
921.15	1462.00
921.33	1449.00
921.52	1386.00
921.70	1406.00
921.88	1411.00
922.06	1415.00
922.24	1430.00
922.43	1461.00
922.61	1415.00
922.79	1463.00
922.97	1455.00
923.16	1409.00
923.34	1361.00
923.52	1359.00
923.70	1352.00
923.89	1449.00
924.07	1414.00
924.25	1429.00
924.43	1416.00
924.62	1414.00
924.80	1416.00
924.98	1447.00
925.16	1417.00
925.35	1396.00
925.53	1375.00
925.71	1300.00
925.89	1294.00
926.08	1353.00
926.26	1352.00
926.44	1424.00
926.62	1384.00
926.80	1375.00
926.99	1288.00
927.17	1342.00
927.35	1266.00
927.53	1346.00
927.72	1363.00
927.90	1418.00
928.08	1335.00
928.26	1343.00
928.44	1243.00
928.63	1248.00
928.81	1305.00
928.99	1261.00
929.17	1335.00
929.36	1232.00
929.54	1320.00
929.72	1311.00
929.90	1262.00
930.08	1292.00
930.27	1228.00
930.45	1318.00
930.63	1329.00
930.81	1197.00
930.99	1220.00
931.18	1302.00
931.36	1237.00
931.54	1234.00
931.72	1193.00
931.90	1128.00
932.09	1199.00
932.27	1190.00
932.45	1235.00
932.63	1237.00
932.81	1200.00
933.00	1096.00
933.18	1161.00
933.36	1175.00
933.54	1173.00
933.72	1130.00
933.91	1134.00
934.09	1128.00
934.27	1083.00
934.45	1104.00
934.63	1087.00
934.82	1029.00
935.00	1046.00
935.18	1175.00
935.36	1134.00
935.54	1050.00
935.73	1011.00
935.91	971.00
936.09	957.00
936.27	865.00
936.45	893.00
936.64	1034.00
936.82	986.00
937.00	929.00
937.18	890.00
937.36	829.00
937.54	871.00
937.73	893.00
937.91	921.00
938.09	979.00
938.27	883.00
938.45	910.00
938.63	757.00
938.82	748.00
939.00	806.00
939.18	802.00
939.36	773.00
939.54	736.00
939.73	742.00
939.91	795.00
940.09	739.00
940.27	732.00
940.45	758.00
940.63	691.00
940.82	655.00
941.00	664.00
941.18	628.00
941.36	667.00
941.54	722.00
941.72	665.00
941.91	670.00
942.09	596.00
942.27	622.00
942.45	659.00
942.63	620.00
942.81	601.00
942.99	716.00
943.18	669.00
943.36	659.00
943.54	610.00
943.72	604.00
943.90	674.00
944.08	645.00
944.27	606.00
944.45	565.00
944.63	588.00
944.81	633.00
944.99	666.00
945.17	629.00
945.35	586.00
945.54	602.00
945.72	575.00
945.90	639.00
946.08	658.00
946.26	663.00
946.44	655.00
946.62	652.00
946.81	595.00
946.99	561.00
947.17	523.00
947.35	624.00
947.53	658.00
947.71	621.00
947.89	609.00
948.07	631.00
948.26	598.00
948.44	663.00
948.62	641.00
948.80	615.00
948.98	607.00
949.16	533.00
949.34	541.00
949.53	592.00
949.71	680.00
949.89	687.00
950.07	648.00
950.25	570.00
950.43	550.00
950.61	586.00
950.79	596.00
950.98	590.00
951.16	617.00
951.34	633.00
951.52	589.00
951.70	608.00
951.88	687.00
952.06	687.00
952.24	639.00
952.42	652.00
952.61	622.00
952.79	585.00
952.97	548.00
953.15	608.00
953.33	604.00
953.51	579.00
953.69	607.00
953.87	628.00
954.05	588.00
954.24	622.00
954.42	567.00
954.60	574.00
954.78	658.00
954.96	600.00
955.14	593.00
955.32	561.00
955.50	571.00
955.68	507.00
955.86	556.00
956.05	560.00
956.23	505.00
956.41	553.00
956.59	641.00
956.77	586.00
956.95	592.00
957.13	590.00
957.31	587.00
957.49	635.00
957.67	599.00
957.86	652.00
958.04	639.00
958.22	637.00
958.40	565.00
958.58	606.00
958.76	656.00
958.94	609.00
959.12	605.00
959.30	565.00
959.48	609.00
959.66	602.00
959.84	551.00
960.03	565.00
960.21	566.00
960.39	619.00
960.57	539.00
960.75	499.00
960.93	527.00
961.11	579.00
961.29	577.00
961.47	621.00
961.65	621.00
961.83	571.00
962.01	572.00
962.19	570.00
962.37	561.00
962.56	531.00
962.74	507.00
962.92	492.00
963.10	505.00
963.28	595.00
963.46	536.00
963.64	519.00
963.82	558.00
964.00	624.00
964.18	548.00
964.36	568.00
964.54	548.00
964.72	525.00
964.90	560.00
965.08	602.00
965.27	542.00
965.45	436.00
965.63	466.00
965.81	518.00
965.99	549.00
966.17	495.00
966.35	508.00
966.53	579.00
966.71	597.00
966.89	533.00
967.07	544.00
967.25	490.00
967.43	572.00
967.61	652.00
967.79	557.00
967.97	568.00
968.15	539.00
968.33	526.00
968.51	560.00
968.69	461.00
968.87	476.00
969.06	498.00
969.24	499.00
969.42	500.00
969.60	460.00
969.78	460.00
969.96	575.00
970.14	573.00
970.32	498.00
970.50	474.00
970.68	440.00
970.86	439.00
971.04	529.00
971.22	513.00
971.40	541.00
971.58	508.00
971.76	473.00
971.94	444.00
972.12	469.00
972.30	523.00
972.48	508.00
972.66	520.00
972.84	514.00
973.02	530.00
973.20	482.00
973.38	540.00
973.56	546.00
973.74	491.00
973.92	481.00
974.10	499.00
974.28	526.00
974.46	513.00
974.64	495.00
974.82	455.00
975.00	423.00
975.18	463.00
975.36	460.00
975.54	389.00
975.72	406.00
975.90	417.00
976.08	501.00
976.26	544.00
976.44	448.00
976.62	399.00
976.80	361.00
976.98	442.00
977.16	446.00
977.34	466.00
977.52	456.00
977.70	505.00
977.88	491.00
978.06	431.00
978.24	443.00
978.42	422.00
978.60	456.00
978.78	431.00
978.96	422.00
979.14	396.00
979.32	413.00
979.50	390.00
979.68	427.00
979.86	423.00
980.04	468.00
980.22	390.00
980.40	387.00
980.58	408.00
980.76	427.00
980.94	450.00
981.12	423.00
981.30	401.00
981.48	438.00
981.66	405.00
981.84	391.00
982.02	451.00
982.20	444.00
982.38	471.00
982.56	451.00
982.74	402.00
982.92	460.00
983.10	440.00
983.28	414.00
983.46	400.00
983.64	435.00
983.82	450.00
984.00	422.00
984.18	461.00
984.36	428.00
984.54	328.00
984.72	389.00
984.90	399.00
985.08	353.00
985.26	394.00
985.44	368.00
985.62	376.00
985.80	392.00
985.98	389.00
986.16	371.00
986.34	368.00
986.51	364.00
986.69	330.00
986.87	369.00
987.05	315.00
987.23	336.00
987.41	424.00
987.59	383.00
987.77	448.00
987.95	354.00
988.13	446.00
988.31	426.00
988.49	394.00
988.67	410.00
988.85	387.00
989.03	371.00
989.21	323.00
989.39	333.00
989.57	371.00
989.75	426.00
989.93	291.00
990.11	349.00
990.28	368.00
990.46	385.00
990.64	429.00
990.82	413.00
991.00	483.00
991.18	402.00
991.36	415.00
991.54	384.00
991.72	360.00
991.90	418.00
992.08	341.00
992.26	366.00
992.44	296.00
992.62	276.00
992.80	309.00
992.98	355.00
993.15	379.00
993.33	368.00
993.51	368.00
993.69	307.00
993.87	278.00
994.05	308.00
994.23	406.00
994.41	316.00
994.59	338.00
994.77	367.00
994.95	350.00
995.13	429.00
995.31	412.00
995.48	339.00
995.66	362.00
995.84	295.00
996.02	309.00
996.20	382.00
996.38	370.00
996.56	339.00
996.74	347.00
996.92	401.00
997.10	309.00
997.28	371.00
997.46	331.00
997.63	336.00
997.81	302.00
997.99	320.00
998.17	329.00
998.35	322.00
998.53	310.00
998.71	241.00
998.89	346.00
999.07	357.00
999.25	365.00
999.43	369.00
999.60	315.00
999.78	257.00
999.96	298.00
1000.14	296.00
1000.32	321.00
1000.50	288.00
1000.68	307.00
1000.86	271.00
1001.04	274.00
1001.21	302.00
1001.39	308.00
1001.57	313.00
1001.75	247.00
1001.93	309.00
1002.11	369.00
1002.29	312.00
1002.47	274.00
1002.65	372.00
1002.82	324.00
1003.00	223.00
1003.18	282.00
1003.36	289.00
1003.54	252.00
1003.72	326.00
1003.90	323.00
1004.08	341.00
1004.26	306.00
1004.43	282.00
1004.61	297.00
1004.79	290.00
1004.97	298.00
1005.15	331.00
1005.33	313.00
1005.51	243.00
1005.69	303.00
1005.86	347.00
1006.04	274.00
1006.22	307.00
1006.40	305.00
1006.58	233.00
1006.76	268.00
1006.94	291.00
1007.12	238.00
1007.29	221.00
1007.47	245.00
1007.65	276.00
1007.83	240.00
1008.01	243.00
1008.19	268.00
1008.37	299.00
1008.54	202.00
1008.72	216.00
1008.90	280.00
1009.08	202.00
1009.26	183.00
1009.44	171.00
1009.62	210.00
1009.79	314.00
1009.97	235.00
1010.15	258.00
1010.33	262.00
1010.51	217.00
1010.69	279.00
1010.87	206.00
1011.04	253.00
1011.22	241.00
1011.40	290.00
1011.58	270.00
1011.76	251.00
1011.94	242.00
1012.11	264.00
1012.29	293.00
1012.47	335.00
1012.65	308.00
1012.83	331.00
1013.01	272.00
1013.18	241.00
1013.36	299.00
1013.54	236.00
1013.72	241.00
1013.90	196.00
1014.08	188.00
1014.25	248.00
1014.43	328.00
1014.61	327.00
1014.79	276.00
1014.97	232.00
1015.15	248.00
1015.32	284.00
1015.50	277.00
1015.68	264.00
1015.86	196.00
1016.04	222.00
1016.22	274.00
1016.39	293.00
1016.57	252.00
1016.75	220.00
1016.93	213.00
1017.11	235.00
1017.29	254.00
1017.46	312.00
1017.64	314.00
1017.82	275.00
1018.00	332.00
1018.18	241.00
1018.35	224.00
1018.53	235.00
1018.71	196.00
1018.89	228.00
1019.07	197.00
1019.24	184.00
1019.42	181.00
1019.60	180.00
1019.78	216.00
1019.96	221.00
1020.14	214.00
1020.31	221.00
1020.49	286.00
1020.67	318.00
1020.85	182.00
1021.03	109.00
1021.20	222.00
1021.38	201.00
1021.56	163.00
1021.74	183.00
1021.92	168.00
1022.09	161.00
1022.27	197.00
1022.45	241.00
1022.63	221.00
1022.81	188.00
1022.98	240.00
1023.16	220.00
1023.34	223.00
1023.52	197.00
1023.69	240.00
1023.87	234.00
1024.05	182.00
1024.23	201.00
1024.41	247.00
1024.58	220.00
1024.76	181.00
1024.94	199.00
1025.12	192.00
1025.30	169.00
1025.47	170.00
1025.65	109.00
1025.83	151.00
1026.01	242.00
1026.18	158.00
1026.36	187.00
1026.54	166.00
1026.72	181.00
1026.90	219.00
1027.07	209.00
1027.25	187.00
1027.43	235.00
1027.61	188.00
1027.78	219.00
1027.96	221.00
1028.14	237.00
1028.32	155.00
1028.49	150.00
1028.67	186.00
1028.85	184.00
1029.03	260.00
1029.21	222.00
1029.38	205.00
1029.56	263.00
1029.74	170.00
1029.92	200.00
1030.09	171.00
1030.27	188.00
1030.45	148.00
1030.63	163.00
1030.80	188.00
1030.98	193.00
1031.16	162.00
1031.34	172.00
1031.51	185.00
1031.69	170.00
1031.87	206.00
1032.05	201.00
1032.22	168.00
1032.40	245.00
1032.58	177.00
1032.76	147.00
1032.93	162.00
1033.11	180.00
1033.29	177.00
1033.47	181.00
1033.64	188.00
1033.82	201.00
1034.00	230.00
1034.18	158.00
1034.35	184.00
1034.53	168.00
1034.71	140.00
1034.89	183.00
1035.06	189.00
1035.24	212.00
1035.42	118.00
1035.59	172.00
1035.77	142.00
1035.95	138.00
1036.13	134.00
1036.30	159.00
1036.48	190.00
1036.66	159.00
1036.84	151.00
1037.01	245.00
1037.19	236.00
1037.37	155.00
1037.54	184.00
1037.72	156.00
1037.90	169.00
1038.08	178.00
1038.25	207.00
1038.43	174.00
1038.61	190.00
1038.79	153.00
1038.96	121.00
1039.14	104.00
1039.32	159.00
1039.49	115.00
1039.67	94.00
1039.85	132.00
1040.03	138.00
1040.20	65.00
1040.38	68.00
1040.56	103.00
1040.73	136.00
1040.91	161.00
1041.09	97.00
1041.27	126.00
1041.44	103.00
1041.62	124.00
1041.80	148.00
1041.97	186.00
1042.15	167.00
1042.33	117.00
1042.50	88.00
1042.68	204.00
1042.86	229.00
1043.04	162.00
1043.21	98.00
1043.39	164.00
1043.57	146.00
1043.74	163.00
1043.92	165.00
1044.10	107.00
1044.27	216.00
1044.45	213.00
1044.63	221.00
1044.80	213.00
1044.98	154.00
1045.16	190.00
1045.34	186.00
1045.51	139.00
1045.69	174.00
1045.87	193.00
1046.04	213.00
1046.22	155.00
1046.40	106.00
1046.57	97.00
1046.75	106.00
1046.93	142.00
1047.10	150.00
1047.28	131.00
1047.46	148.00
1047.63	109.00
1047.81	159.00
1047.99	133.00
1048.16	163.00
1048.34	154.00
1048.52	82.00
1048.69	109.00
1048.87	167.00
1049.05	137.00
1049.22	151.00
1049.40	157.00
1049.58	144.00
1049.75	131.00
1049.93	100.00
1050.11	81.00
1050.28	101.00
1050.46	100.00
1050.64	159.00
1050.81	200.00
1050.99	173.00
1051.17	135.00
1051.34	114.00
1051.52	105.00
1051.70	104.00
1051.87	101.00
1052.05	110.00
1052.23	119.00
1052.40	159.00
1052.58	150.00
1052.76	107.00
1052.93	223.00
1053.11	134.00
1053.29	144.00
1053.46	159.00
1053.64	152.00
1053.82	135.00
1053.99	159.00
1054.17	168.00
1054.35	140.00
1054.52	128.00
1054.70	197.00
1054.87	213.00
1055.05	158.00
1055.23	146.00
1055.40	124.00
1055.58	107.00
1055.76	33.00
1055.93	43.00
1056.11	123.00
1056.29	110.00
1056.46	112.00
1056.64	92.00
1056.81	86.00
1056.99	136.00
1057.17	189.00
1057.34	114.00
1057.52	126.00
1057.70	137.00
1057.87	130.00
1058.05	148.00
1058.22	173.00
1058.40	149.00
1058.58	147.00
1058.75	79.00
1058.93	138.00
1059.11	121.00
1059.28	129.00
1059.46	115.00
1059.63	73.00
1059.81	115.00
1059.99	124.00
1060.16	127.00
1060.34	139.00
1060.52	127.00
1060.69	72.00
1060.87	116.00
1061.04	149.00
1061.22	72.00
