367.62	-44.00
367.82	-56.00
368.02	82.00
368.23	65.00
368.43	16.00
368.63	2.00
368.83	30.00
369.04	-23.00
369.24	65.00
369.44	-10.00
369.65	-9.00
369.85	-7.00
370.05	57.00
370.25	31.00
370.46	5.00
370.66	-45.00
370.86	-55.00
371.07	48.00
371.27	48.00
371.47	39.00
371.67	22.00
371.88	-55.00
372.08	16.00
372.28	62.00
372.49	15.00
372.69	-73.00
372.89	-68.00
373.09	36.00
373.30	39.00
373.50	25.00
373.70	27.00
373.91	20.00
374.11	84.00
374.31	40.00
374.51	27.00
374.72	14.00
374.92	64.00
375.12	12.00
375.33	58.00
375.53	-37.00
375.73	-7.00
375.93	48.00
376.14	2.00
376.34	39.00
376.54	87.00
376.74	56.00
376.95	-38.00
377.15	3.00
377.35	-58.00
377.55	11.00
377.76	6.00
377.96	27.00
378.16	23.00
378.37	47.00
378.57	23.00
378.77	-9.00
378.97	35.00
379.18	-42.00
379.38	-40.00
379.58	-55.00
379.78	-12.00
379.99	3.00
380.19	31.00
380.39	2.00
380.59	-17.00
380.80	-12.00
381.00	-23.00
381.20	14.00
381.40	41.00
381.61	-40.00
381.81	22.00
382.01	-47.00
382.21	-41.00
382.42	1.00
382.62	-30.00
382.82	-29.00
383.02	-32.00
383.23	8.00
383.43	-14.00
383.63	-43.00
383.83	15.00
384.04	36.00
384.24	38.00
384.44	67.00
384.64	-38.00
384.85	46.00
385.05	70.00
385.25	-31.00
385.45	-35.00
385.66	-51.00
385.86	51.00
386.06	93.00
386.26	44.00
386.47	-46.00
386.67	-93.00
386.87	-27.00
387.07	5.00
387.27	54.00
387.48	41.00
387.68	46.00
387.88	59.00
388.08	-19.00
388.29	23.00
388.49	26.00
388.69	-3.00
388.89	42.00
389.10	14.00
389.30	-84.00
389.50	-17.00
389.70	-5.00
389.90	3.00
390.11	33.00
390.31	34.00
390.51	-26.00
390.71	15.00
390.92	7.00
391.12	18.00
391.32	79.00
391.52	109.00
391.72	71.00
391.93	66.00
392.13	-27.00
392.33	-61.00
392.53	-60.00
392.74	-49.00
392.94	-15.00
393.14	10.00
393.34	83.00
393.54	60.00
393.75	47.00
393.95	55.00
394.15	79.00
394.35	53.00
394.56	16.00
394.76	41.00
394.96	3.00
395.16	26.00
395.36	9.00
395.57	-48.00
395.77	40.00
395.97	24.00
396.17	49.00
396.37	39.00
396.58	32.00
396.78	-64.00
396.98	-6.00
397.18	-14.00
397.38	60.00
397.59	74.00
397.79	-20.00
397.99	-29.00
398.19	-1.00
398.39	8.00
398.60	-23.00
398.80	-48.00
399.00	-3.00
399.20	36.00
399.40	34.00
399.61	30.00
399.81	42.00
400.01	29.00
400.21	46.00
400.41	-5.00
400.62	31.00
400.82	15.00
401.02	-24.00
401.22	29.00
401.42	63.00
401.63	58.00
401.83	112.00
402.03	32.00
402.23	26.00
402.43	37.00
402.64	23.00
402.84	0.00
403.04	38.00
403.24	-79.00
403.44	-63.00
403.64	87.00
403.85	34.00
404.05	-3.00
404.25	-30.00
404.45	-53.00
404.65	32.00
404.86	-1.00
405.06	-28.00
405.26	-31.00
405.46	-35.00
405.66	56.00
405.86	-30.00
406.07	-14.00
406.27	-29.00
406.47	19.00
406.67	8.00
406.87	7.00
407.07	19.00
407.28	-50.00
407.48	-13.00
407.68	-2.00
407.88	-55.00
408.08	-11.00
408.28	5.00
408.49	-2.00
408.69	17.00
408.89	27.00
409.09	15.00
409.29	49.00
409.49	93.00
409.70	59.00
409.90	38.00
410.10	68.00
410.30	21.00
410.50	21.00
410.70	29.00
410.91	-5.00
411.11	6.00
411.31	-6.00
411.51	24.00
411.71	38.00
411.91	22.00
412.12	-7.00
412.32	47.00
412.52	38.00
412.72	63.00
412.92	-39.00
413.12	-36.00
413.32	-26.00
413.53	-73.00
413.73	-4.00
413.93	14.00
414.13	38.00
414.33	-9.00
414.53	33.00
414.74	78.00
414.94	-9.00
415.14	-23.00
415.34	-8.00
415.54	49.00
415.74	21.00
415.94	3.00
416.15	56.00
416.35	16.00
416.55	-39.00
416.75	53.00
416.95	76.00
417.15	32.00
417.35	-28.00
417.56	-10.00
417.76	77.00
417.96	-26.00
418.16	-40.00
418.36	48.00
418.56	-9.00
418.76	35.00
418.97	35.00
419.17	72.00
419.37	122.00
419.57	82.00
419.77	42.00
419.97	-52.00
420.17	-14.00
420.37	57.00
420.58	79.00
420.78	33.00
420.98	20.00
421.18	47.00
421.38	56.00
421.58	63.00
421.78	55.00
421.98	62.00
422.19	11.00
422.39	-14.00
422.59	-22.00
422.79	29.00
422.99	77.00
423.19	39.00
423.39	31.00
423.59	41.00
423.80	59.00
424.00	83.00
424.20	10.00
424.40	34.00
424.60	48.00
424.80	-7.00
425.00	5.00
425.20	45.00
425.40	55.00
425.61	52.00
425.81	-29.00
426.01	-83.00
426.21	32.00
426.41	78.00
426.61	-6.00
426.81	-13.00
427.01	72.00
427.21	76.00
427.42	77.00
427.62	1.00
427.82	26.00
428.02	70.00
428.22	30.00
428.42	22.00
428.62	51.00
428.82	9.00
429.02	-25.00
429.23	79.00
429.43	27.00
429.63	17.00
429.83	58.00
430.03	129.00
430.23	134.00
430.43	108.00
430.63	32.00
430.83	49.00
431.03	33.00
431.24	35.00
431.44	110.00
431.64	74.00
431.84	32.00
432.04	19.00
432.24	26.00
432.44	1.00
432.64	33.00
432.84	40.00
433.04	35.00
433.24	41.00
433.45	103.00
433.65	30.00
433.85	36.00
434.05	78.00
434.25	-11.00
434.45	-30.00
434.65	59.00
434.85	42.00
435.05	-15.00
435.25	-69.00
435.45	-73.00
435.65	67.00
435.86	69.00
436.06	47.00
436.26	9.00
436.46	3.00
436.66	-44.00
436.86	11.00
437.06	34.00
437.26	22.00
437.46	78.00
437.66	30.00
437.86	25.00
438.06	47.00
438.26	35.00
438.47	13.00
438.67	97.00
438.87	38.00
439.07	-7.00
439.27	-51.00
439.47	-41.00
439.67	4.00
439.87	31.00
440.07	34.00
440.27	24.00
440.47	82.00
440.67	64.00
440.87	42.00
441.07	37.00
441.27	14.00
441.48	17.00
441.68	-18.00
441.88	85.00
442.08	28.00
442.28	-5.00
442.48	37.00
442.68	23.00
442.88	130.00
443.08	58.00
443.28	91.00
443.48	90.00
443.68	24.00
443.88	91.00
444.08	17.00
444.28	-28.00
444.48	-27.00
444.68	-56.00
444.88	-57.00
445.09	74.00
445.29	98.00
445.49	45.00
445.69	74.00
445.89	67.00
446.09	29.00
446.29	-25.00
446.49	19.00
446.69	115.00
446.89	92.00
447.09	13.00
447.29	95.00
447.49	123.00
447.69	40.00
447.89	24.00
448.09	58.00
448.29	50.00
448.49	41.00
448.69	12.00
448.89	16.00
449.09	31.00
449.29	85.00
449.49	13.00
449.70	46.00
449.90	76.00
450.10	36.00
450.30	47.00
450.50	76.00
450.70	103.00
450.90	38.00
451.10	62.00
451.30	63.00
451.50	86.00
451.70	56.00
451.90	3.00
452.10	21.00
452.30	39.00
452.50	77.00
452.70	30.00
452.90	89.00
453.10	46.00
453.30	78.00
453.50	14.00
453.70	7.00
453.90	47.00
454.10	89.00
454.30	63.00
454.50	61.00
454.70	105.00
454.90	-12.00
455.10	11.00
455.30	-25.00
455.50	-22.00
455.70	30.00
455.90	112.00
456.10	66.00
456.30	24.00
456.50	7.00
456.70	15.00
456.90	42.00
457.10	13.00
457.30	26.00
457.50	61.00
457.70	92.00
457.90	39.00
458.10	71.00
458.30	9.00
458.50	11.00
458.70	84.00
458.90	108.00
459.10	50.00
459.30	85.00
459.50	44.00
459.70	76.00
459.90	58.00
460.10	151.00
460.30	69.00
460.50	32.00
460.70	50.00
460.90	57.00
461.10	57.00
461.30	86.00
461.50	88.00
461.70	77.00
461.90	67.00
462.10	103.00
462.30	173.00
462.50	130.00
462.70	87.00
462.90	80.00
463.10	103.00
463.30	75.00
463.50	43.00
463.70	45.00
463.90	156.00
464.10	122.00
464.30	141.00
464.50	85.00
464.70	99.00
464.90	118.00
465.10	75.00
465.30	62.00
465.50	61.00
465.70	88.00
465.90	43.00
466.10	44.00
466.30	97.00
466.50	89.00
466.70	88.00
466.90	101.00
467.10	64.00
467.30	101.00
467.50	113.00
467.70	80.00
467.90	107.00
468.10	134.00
468.30	75.00
468.50	33.00
468.70	42.00
468.90	65.00
469.10	141.00
469.30	157.00
469.50	106.00
469.70	55.00
469.90	61.00
470.10	121.00
470.30	119.00
470.50	81.00
470.70	91.00
470.90	124.00
471.10	104.00
471.29	152.00
471.49	153.00
471.69	69.00
471.89	60.00
472.09	80.00
472.29	60.00
472.49	27.00
472.69	43.00
472.89	94.00
473.09	104.00
473.29	52.00
473.49	62.00
473.69	61.00
473.89	19.00
474.09	24.00
474.29	66.00
474.49	151.00
474.69	102.00
474.89	66.00
475.09	30.00
475.29	81.00
475.49	121.00
475.69	27.00
475.88	87.00
476.08	93.00
476.28	72.00
476.48	89.00
476.68	39.00
476.88	87.00
477.08	75.00
477.28	66.00
477.48	49.00
477.68	73.00
477.88	120.00
478.08	99.00
478.28	57.00
478.48	122.00
478.68	85.00
478.88	78.00
479.08	54.00
479.28	32.00
479.47	61.00
479.67	45.00
479.87	109.00
480.07	121.00
480.27	154.00
480.47	88.00
480.67	107.00
480.87	136.00
481.07	84.00
481.27	75.00
481.47	84.00
481.67	111.00
481.87	104.00
482.07	152.00
482.27	70.00
482.46	32.00
482.66	38.00
482.86	82.00
483.06	78.00
483.26	77.00
483.46	68.00
483.66	41.00
483.86	41.00
484.06	75.00
484.26	49.00
484.46	4.00
484.66	143.00
484.86	81.00
485.05	42.00
485.25	38.00
485.45	84.00
485.65	78.00
485.85	132.00
486.05	125.00
486.25	49.00
486.45	144.00
486.65	137.00
486.85	144.00
487.05	102.00
487.25	64.00
487.44	62.00
487.64	81.00
487.84	42.00
488.04	83.00
488.24	144.00
488.44	87.00
488.64	118.00
488.84	165.00
489.04	56.00
489.24	76.00
489.43	98.00
489.63	115.00
489.83	35.00
490.03	68.00
490.23	126.00
490.43	87.00
490.63	117.00
490.83	100.00
491.03	126.00
491.23	69.00
491.42	86.00
491.62	99.00
491.82	106.00
492.02	51.00
492.22	106.00
492.42	123.00
492.62	161.00
492.82	151.00
493.02	147.00
493.22	109.00
493.41	51.00
493.61	78.00
493.81	147.00
494.01	147.00
494.21	119.00
494.41	86.00
494.61	119.00
494.81	140.00
495.01	159.00
495.20	190.00
495.40	163.00
495.60	162.00
495.80	170.00
496.00	159.00
496.20	113.00
496.40	169.00
496.60	117.00
496.79	75.00
496.99	170.00
497.19	141.00
497.39	84.00
497.59	130.00
497.79	82.00
497.99	119.00
498.19	86.00
498.38	182.00
498.58	175.00
498.78	131.00
498.98	174.00
499.18	203.00
499.38	187.00
499.58	127.00
499.78	111.00
499.97	151.00
500.17	220.00
500.37	186.00
500.57	125.00
500.77	203.00
500.97	244.00
501.17	142.00
501.37	187.00
501.56	160.00
501.76	183.00
501.96	148.00
502.16	169.00
502.36	135.00
502.56	168.00
502.76	112.00
502.95	178.00
503.15	141.00
503.35	72.00
503.55	190.00
503.75	138.00
503.95	183.00
504.15	150.00
504.34	180.00
504.54	229.00
504.74	227.00
504.94	132.00
505.14	113.00
505.34	158.00
505.54	127.00
505.73	200.00
505.93	136.00
506.13	145.00
506.33	169.00
506.53	169.00
506.73	152.00
506.92	168.00
507.12	221.00
507.32	227.00
507.52	179.00
507.72	200.00
507.92	164.00
508.12	157.00
508.31	219.00
508.51	168.00
508.71	182.00
508.91	198.00
509.11	75.00
509.31	132.00
509.50	204.00
509.70	153.00
509.90	165.00
510.10	129.00
510.30	118.00
510.50	128.00
510.69	161.00
510.89	219.00
511.09	225.00
511.29	173.00
511.49	152.00
511.69	231.00
511.88	155.00
512.08	197.00
512.28	135.00
512.48	158.00
512.68	163.00
512.88	180.00
513.07	221.00
513.27	205.00
513.47	135.00
513.67	218.00
513.87	210.00
514.06	112.00
514.26	111.00
514.46	177.00
514.66	129.00
514.86	175.00
515.06	176.00
515.25	163.00
515.45	147.00
515.65	88.00
515.85	155.00
516.05	236.00
516.24	194.00
516.44	133.00
516.64	176.00
516.84	253.00
517.04	206.00
517.23	123.00
517.43	135.00
517.63	182.00
517.83	147.00
518.03	123.00
518.23	199.00
518.42	229.00
518.62	225.00
518.82	215.00
519.02	231.00
519.22	232.00
519.41	133.00
519.61	212.00
519.81	272.00
520.01	252.00
520.21	186.00
520.40	169.00
520.60	222.00
520.80	236.00
521.00	180.00
521.20	143.00
521.39	167.00
521.59	175.00
521.79	200.00
521.99	160.00
522.19	164.00
522.38	184.00
522.58	193.00
522.78	176.00
522.98	186.00
523.17	228.00
523.37	242.00
523.57	225.00
523.77	158.00
523.97	177.00
524.16	204.00
524.36	209.00
524.56	186.00
524.76	201.00
524.96	234.00
525.15	270.00
525.35	219.00
525.55	197.00
525.75	137.00
525.94	165.00
526.14	189.00
526.34	167.00
526.54	295.00
526.74	240.00
526.93	205.00
527.13	160.00
527.33	174.00
527.53	257.00
527.72	274.00
527.92	271.00
528.12	266.00
528.32	215.00
528.52	241.00
528.71	227.00
528.91	183.00
529.11	221.00
529.31	215.00
529.50	248.00
529.70	220.00
529.90	223.00
530.10	231.00
530.29	260.00
530.49	226.00
530.69	264.00
530.89	280.00
531.09	231.00
531.28	270.00
531.48	237.00
531.68	210.00
531.88	276.00
532.07	274.00
532.27	305.00
532.47	307.00
532.67	307.00
532.86	294.00
533.06	225.00
533.26	244.00
533.46	362.00
533.65	312.00
533.85	203.00
534.05	275.00
534.25	284.00
534.44	267.00
534.64	304.00
534.84	355.00
535.04	345.00
535.23	356.00
535.43	295.00
535.63	326.00
535.83	323.00
536.02	283.00
536.22	254.00
536.42	295.00
536.62	273.00
536.81	299.00
537.01	405.00
537.21	435.00
537.41	406.00
537.60	335.00
537.80	392.00
538.00	377.00
538.20	383.00
538.39	331.00
538.59	416.00
538.79	444.00
538.99	303.00
539.18	275.00
539.38	296.00
539.58	388.00
539.77	344.00
539.97	369.00
540.17	323.00
540.37	300.00
540.56	468.00
540.76	438.00
540.96	436.00
541.16	417.00
541.35	426.00
541.55	432.00
541.75	441.00
541.94	374.00
542.14	405.00
542.34	451.00
542.54	526.00
542.73	401.00
542.93	393.00
543.13	359.00
543.33	494.00
543.52	427.00
543.72	416.00
543.92	487.00
544.11	427.00
544.31	447.00
544.51	519.00
544.71	472.00
544.90	435.00
545.10	327.00
545.30	380.00
545.49	467.00
545.69	436.00
545.89	472.00
546.09	508.00
546.28	452.00
546.48	507.00
546.68	558.00
546.87	540.00
547.07	494.00
547.27	426.00
547.47	455.00
547.66	417.00
547.86	464.00
548.06	457.00
548.25	411.00
548.45	460.00
548.65	453.00
548.84	432.00
549.04	447.00
549.24	568.00
549.44	482.00
549.63	420.00
549.83	386.00
550.03	453.00
550.22	368.00
550.42	499.00
550.62	496.00
550.81	483.00
551.01	434.00
551.21	492.00
551.41	399.00
551.60	400.00
551.80	345.00
552.00	393.00
552.19	402.00
552.39	382.00
552.59	414.00
552.78	352.00
552.98	422.00
553.18	411.00
553.37	395.00
553.57	397.00
553.77	386.00
553.96	409.00
554.16	422.00
554.36	381.00
554.56	352.00
554.75	399.00
554.95	399.00
555.15	369.00
555.34	349.00
555.54	396.00
555.74	378.00
555.93	446.00
556.13	415.00
556.33	376.00
556.52	370.00
556.72	431.00
556.92	415.00
557.11	406.00
557.31	380.00
557.51	409.00
557.70	373.00
557.90	345.00
558.10	303.00
558.29	336.00
558.49	341.00
558.69	393.00
558.88	353.00
559.08	399.00
559.28	350.00
559.47	345.00
559.67	368.00
559.87	375.00
560.06	373.00
560.26	339.00
560.46	347.00
560.65	370.00
560.85	396.00
561.05	362.00
561.24	405.00
561.44	464.00
561.64	401.00
561.83	380.00
562.03	387.00
562.23	343.00
562.42	336.00
562.62	399.00
562.82	372.00
563.01	318.00
563.21	391.00
563.40	332.00
563.60	319.00
563.80	384.00
563.99	377.00
564.19	369.00
564.39	354.00
564.58	361.00
564.78	328.00
564.98	379.00
565.17	381.00
565.37	423.00
565.57	383.00
565.76	424.00
565.96	401.00
566.16	395.00
566.35	301.00
566.55	384.00
566.74	416.00
566.94	374.00
567.14	347.00
567.33	410.00
567.53	436.00
567.73	472.00
567.92	433.00
568.12	467.00
568.32	435.00
568.51	440.00
568.71	474.00
568.90	440.00
569.10	465.00
569.30	423.00
569.49	420.00
569.69	467.00
569.89	458.00
570.08	485.00
570.28	454.00
570.47	374.00
570.67	469.00
570.87	487.00
571.06	507.00
571.26	473.00
571.46	505.00
571.65	522.00
571.85	470.00
572.04	401.00
572.24	453.00
572.44	519.00
572.63	441.00
572.83	399.00
573.03	487.00
573.22	515.00
573.42	463.00
573.61	439.00
573.81	432.00
574.01	504.00
574.20	491.00
574.40	569.00
574.59	517.00
574.79	484.00
574.99	558.00
575.18	573.00
575.38	587.00
575.58	554.00
575.77	602.00
575.97	619.00
576.16	617.00
576.36	588.00
576.56	577.00
576.75	627.00
576.95	672.00
577.14	562.00
577.34	534.00
577.54	584.00
577.73	642.00
577.93	626.00
578.12	647.00
578.32	701.00
578.52	752.00
578.71	689.00
578.91	635.00
579.10	659.00
579.30	665.00
579.50	638.00
579.69	647.00
579.89	688.00
580.08	663.00
580.28	768.00
580.48	757.00
580.67	834.00
580.87	748.00
581.06	752.00
581.26	840.00
581.45	723.00
581.65	767.00
581.85	724.00
582.04	828.00
582.24	828.00
582.43	885.00
582.63	841.00
582.83	890.00
583.02	856.00
583.22	874.00
583.41	895.00
583.61	910.00
583.80	955.00
584.00	858.00
584.20	957.00
584.39	907.00
584.59	883.00
584.78	949.00
584.98	977.00
585.17	1020.00
585.37	991.00
585.57	878.00
585.76	1033.00
585.96	1057.00
586.15	1000.00
586.35	1037.00
586.54	1047.00
586.74	1091.00
586.94	1055.00
587.13	1154.00
587.33	1127.00
587.52	1107.00
587.72	1131.00
587.91	1162.00
588.11	1125.00
588.31	1263.00
588.50	1133.00
588.70	1096.00
588.89	1211.00
589.09	1274.00
589.28	1244.00
589.48	1265.00
589.68	1296.00
589.87	1223.00
590.07	1255.00
590.26	1196.00
590.46	1210.00
590.65	1276.00
590.85	1216.00
591.04	1249.00
591.24	1302.00
591.44	1383.00
591.63	1364.00
591.83	1394.00
592.02	1451.00
592.22	1417.00
592.41	1386.00
592.61	1484.00
592.80	1471.00
593.00	1537.00
593.19	1538.00
593.39	1545.00
593.59	1548.00
593.78	1518.00
593.98	1470.00
594.17	1473.00
594.37	1478.00
594.56	1492.00
594.76	1455.00
594.95	1559.00
595.15	1592.00
595.34	1577.00
595.54	1498.00
595.73	1601.00
595.93	1621.00
596.13	1560.00
596.32	1550.00
596.52	1481.00
596.71	1536.00
596.91	1551.00
597.10	1604.00
597.30	1603.00
597.49	1594.00
597.69	1616.00
597.88	1695.00
598.08	1660.00
598.27	1635.00
598.47	1703.00
598.66	1720.00
598.86	1710.00
599.06	1734.00
599.25	1693.00
599.45	1732.00
599.64	1706.00
599.84	1701.00
600.03	1717.00
600.23	1706.00
600.42	1678.00
600.62	1769.00
600.81	1830.00
601.01	1752.00
601.20	1727.00
601.40	1723.00
601.59	1669.00
601.79	1671.00
601.98	1656.00
602.18	1758.00
602.37	1766.00
602.57	1709.00
602.76	1748.00
602.96	1732.00
603.15	1705.00
603.35	1773.00
603.54	1829.00
603.74	1734.00
603.93	1728.00
604.13	1784.00
604.32	1749.00
604.52	1744.00
604.71	1773.00
604.91	1794.00
605.10	1800.00
605.30	1758.00
605.49	1726.00
605.69	1715.00
605.88	1765.00
606.08	1760.00
606.27	1831.00
606.47	1817.00
606.66	1825.00
606.86	1821.00
607.05	1770.00
607.25	1782.00
607.44	1822.00
607.64	1785.00
607.83	1803.00
608.03	1751.00
608.22	1829.00
608.42	1873.00
608.61	1743.00
608.81	1812.00
609.00	1837.00
609.20	1889.00
609.39	1836.00
609.59	1917.00
609.78	2036.00
609.98	2107.00
610.17	2185.00
610.37	2362.00
610.56	2546.00
610.76	2762.00
610.95	2981.00
611.15	3138.00
611.34	3245.00
611.54	3237.00
611.73	3057.00
611.93	2813.00
612.12	2567.00
612.32	2375.00
612.51	2228.00
612.71	2208.00
612.90	2136.00
613.09	2159.00
613.29	2118.00
613.48	2112.00
613.68	2024.00
613.87	2046.00
614.07	2043.00
614.26	2045.00
614.46	2024.00
614.65	2018.00
614.85	1923.00
615.04	1945.00
615.24	1919.00
615.43	1908.00
615.63	1945.00
615.82	1842.00
616.02	1839.00
616.21	1882.00
616.40	1866.00
616.60	1828.00
616.79	1773.00
616.99	1749.00
617.18	1735.00
617.38	1899.00
617.57	1834.00
617.77	1764.00
617.96	1703.00
618.16	1740.00
618.35	1733.00
618.54	1721.00
618.74	1806.00
618.93	1807.00
619.13	1738.00
619.32	1705.00
619.52	1731.00
619.71	1749.00
619.91	1886.00
620.10	1835.00
620.30	1845.00
620.49	1805.00
620.68	1844.00
620.88	1881.00
621.07	1917.00
621.27	1791.00
621.46	1821.00
621.66	1878.00
621.85	1855.00
622.05	1933.00
622.24	1936.00
622.43	1946.00
622.63	1887.00
622.82	1916.00
623.02	1950.00
623.21	2022.00
623.41	1963.00
623.60	1965.00
623.80	1914.00
623.99	1919.00
624.18	1909.00
624.38	1972.00
624.57	2054.00
624.77	1957.00
624.96	1925.00
625.16	1984.00
625.35	2044.00
625.54	2005.00
625.74	1986.00
625.93	1971.00
626.13	2020.00
626.32	2060.00
626.52	2062.00
626.71	2013.00
626.90	2018.00
627.10	2068.00
627.29	2116.00
627.49	2065.00
627.68	2061.00
627.88	1989.00
628.07	2084.00
628.26	2010.00
628.46	2064.00
628.65	2186.00
628.85	2183.00
629.04	2132.00
629.23	2121.00
629.43	2162.00
629.62	2133.00
629.82	2134.00
630.01	2178.00
630.21	2175.00
630.40	2257.00
630.59	2218.00
630.79	2213.00
630.98	2281.00
631.18	2442.00
631.37	2330.00
631.56	2287.00
631.76	2255.00
631.95	2211.00
632.15	2243.00
632.34	2215.00
632.53	2285.00
632.73	2277.00
632.92	2238.00
633.12	2287.00
633.31	2320.00
633.50	2181.00
633.70	2247.00
633.89	2177.00
634.09	2233.00
634.28	2300.00
634.47	2268.00
634.67	2325.00
634.86	2332.00
635.06	2410.00
635.25	2350.00
635.44	2352.00
635.64	2373.00
635.83	2420.00
636.03	2397.00
636.22	2403.00
636.41	2388.00
636.61	2362.00
636.80	2342.00
637.00	2416.00
637.19	2449.00
637.38	2484.00
637.58	2521.00
637.77	2483.00
637.96	2408.00
638.16	2485.00
638.35	2480.00
638.55	2479.00
638.74	2527.00
638.93	2558.00
639.13	2576.00
639.32	2586.00
639.51	2565.00
639.71	2528.00
639.90	2571.00
640.10	2638.00
640.29	2579.00
640.48	2570.00
640.68	2628.00
640.87	2697.00
641.07	2737.00
641.26	2756.00
641.45	2685.00
641.65	2706.00
641.84	2719.00
642.03	2740.00
642.23	2776.00
642.42	2830.00
642.61	2771.00
642.81	2835.00
643.00	2748.00
643.20	2774.00
643.39	2827.00
643.58	2723.00
643.78	2801.00
643.97	2868.00
644.16	2851.00
644.36	2931.00
644.55	2829.00
644.74	2893.00
644.94	2954.00
645.13	2930.00
645.33	2819.00
645.52	2908.00
645.71	2894.00
645.91	2873.00
646.10	2929.00
646.29	2935.00
646.49	2978.00
646.68	2959.00
646.87	2901.00
647.07	2929.00
647.26	2994.00
647.45	2971.00
647.65	2964.00
647.84	3021.00
648.03	2985.00
648.23	3057.00
648.42	3154.00
648.62	3104.00
648.81	3031.00
649.00	3084.00
649.20	3039.00
649.39	3055.00
649.58	3014.00
649.78	3066.00
649.97	3092.00
650.16	3148.00
650.36	3065.00
650.55	3099.00
650.74	3203.00
650.94	3198.00
651.13	3142.00
651.32	3171.00
651.52	3133.00
651.71	3182.00
651.90	3189.00
652.10	3115.00
652.29	3172.00
652.48	3177.00
652.68	3181.00
652.87	3191.00
653.06	3206.00
653.26	3222.00
653.45	3109.00
653.64	3070.00
653.84	3158.00
654.03	3167.00
654.22	3173.00
654.42	3098.00
654.61	3173.00
654.80	3169.00
654.99	3289.00
655.19	3191.00
655.38	3113.00
655.57	3136.00
655.77	3231.00
655.96	3188.00
656.15	3138.00
656.35	3074.00
656.54	3066.00
656.73	3116.00
656.93	3160.00
657.12	3089.00
657.31	3127.00
657.51	3107.00
657.70	3092.00
657.89	3228.00
658.09	3252.00
658.28	3146.00
658.47	3185.00
658.66	3300.00
658.86	3262.00
659.05	3140.00
659.24	3145.00
659.44	3184.00
659.63	3186.00
659.82	3105.00
660.02	3060.00
660.21	3069.00
660.40	3130.00
660.60	3173.00
660.79	3122.00
660.98	3022.00
661.17	3174.00
661.37	3069.00
661.56	3059.00
661.75	3029.00
661.95	3011.00
662.14	3209.00
662.33	3161.00
662.52	3114.00
662.72	3119.00
662.91	3048.00
663.10	3172.00
663.30	3053.00
663.49	3065.00
663.68	3118.00
663.88	3046.00
664.07	3002.00
664.26	3092.00
664.45	3065.00
664.65	3079.00
664.84	3093.00
665.03	2969.00
665.23	2972.00
665.42	3029.00
665.61	2945.00
665.80	2921.00
666.00	2997.00
666.19	3118.00
666.38	3068.00
666.57	3100.00
666.77	3087.00
666.96	3028.00
667.15	2987.00
667.35	2878.00
667.54	2940.00
667.73	3027.00
667.92	2942.00
668.12	2897.00
668.31	2905.00
668.50	2982.00
668.70	2933.00
668.89	2911.00
669.08	2855.00
669.27	2860.00
669.47	2899.00
669.66	2842.00
669.85	2846.00
670.04	2861.00
670.24	2888.00
670.43	2871.00
670.62	2875.00
670.81	2933.00
671.01	2889.00
671.20	2900.00
671.39	2931.00
671.58	2871.00
671.78	2784.00
671.97	2740.00
672.16	2772.00
672.36	2815.00
672.55	2802.00
672.74	2784.00
672.93	2814.00
673.13	2776.00
673.32	2765.00
673.51	2725.00
673.70	2722.00
673.90	2855.00
674.09	2842.00
674.28	2828.00
674.47	2766.00
674.67	2819.00
674.86	2776.00
675.05	2841.00
675.24	2726.00
675.44	2835.00
675.63	2766.00
675.82	2764.00
676.01	2756.00
676.21	2743.00
676.40	2715.00
676.59	2727.00
676.78	2734.00
676.97	2644.00
677.17	2607.00
677.36	2646.00
677.55	2735.00
677.74	2737.00
677.94	2762.00
678.13	2764.00
678.32	2737.00
678.51	2670.00
678.71	2735.00
678.90	2715.00
679.09	2724.00
679.28	2677.00
679.48	2769.00
679.67	2689.00
679.86	2695.00
680.05	2706.00
680.24	2615.00
680.44	2617.00
680.63	2661.00
680.82	2623.00
681.01	2617.00
681.21	2617.00
681.40	2570.00
681.59	2464.00
681.78	2497.00
681.97	2598.00
682.17	2588.00
682.36	2553.00
682.55	2552.00
682.74	2592.00
682.94	2673.00
683.13	2632.00
683.32	2626.00
683.51	2648.00
683.70	2600.00
683.90	2661.00
684.09	2492.00
684.28	2441.00
684.47	2524.00
684.66	2562.00
684.86	2621.00
685.05	2532.00
685.24	2600.00
685.43	2512.00
685.63	2591.00
685.82	2691.00
686.01	2648.00
686.20	2604.00
686.39	2620.00
686.59	2612.00
686.78	2638.00
686.97	2592.00
687.16	2646.00
687.35	2612.00
687.55	2638.00
687.74	2787.00
687.93	2780.00
688.12	2671.00
688.31	2708.00
688.51	2659.00
688.70	2667.00
688.89	2634.00
689.08	2682.00
689.27	2588.00
689.47	2494.00
689.66	2473.00
689.85	2539.00
690.04	2611.00
690.23	2564.00
690.42	2557.00
690.62	2643.00
690.81	2572.00
691.00	2554.00
691.19	2568.00
691.38	2642.00
691.58	2542.00
691.77	2626.00
691.96	2607.00
692.15	2552.00
692.34	2537.00
692.54	2567.00
692.73	2583.00
692.92	2502.00
693.11	2594.00
693.30	2595.00
693.49	2593.00
693.69	2684.00
693.88	2593.00
694.07	2589.00
694.26	2625.00
694.45	2633.00
694.64	2540.00
694.84	2584.00
695.03	2608.00
695.22	2669.00
695.41	2641.00
695.60	2546.00
695.80	2516.00
695.99	2642.00
696.18	2559.00
696.37	2570.00
696.56	2585.00
696.75	2674.00
696.95	2597.00
697.14	2597.00
697.33	2627.00
697.52	2678.00
697.71	2701.00
697.90	2546.00
698.09	2662.00
698.29	2694.00
698.48	2779.00
698.67	2754.00
698.86	2607.00
699.05	2629.00
699.24	2581.00
699.44	2631.00
699.63	2633.00
699.82	2566.00
700.01	2617.00
700.20	2699.00
700.39	2547.00
700.58	2614.00
700.78	2627.00
700.97	2687.00
701.16	2699.00
701.35	2624.00
701.54	2723.00
701.73	2733.00
701.93	2744.00
702.12	2741.00
702.31	2816.00
702.50	2745.00
702.69	2765.00
702.88	2864.00
703.07	2847.00
703.27	2896.00
703.46	2817.00
703.65	2822.00
703.84	2818.00
704.03	2849.00
704.22	2876.00
704.41	2810.00
704.60	2827.00
704.80	2831.00
704.99	2908.00
705.18	2868.00
705.37	2865.00
705.56	2851.00
705.75	2902.00
705.94	2940.00
706.14	2924.00
706.33	2960.00
706.52	2999.00
706.71	3085.00
706.90	2994.00
707.09	3032.00
707.28	2968.00
707.47	3111.00
707.67	3035.00
707.86	3043.00
708.05	3018.00
708.24	3160.00
708.43	3162.00
708.62	3184.00
708.81	3238.00
709.00	3217.00
709.20	3110.00
709.39	3243.00
709.58	3260.00
709.77	3191.00
709.96	3186.00
710.15	3099.00
710.34	3103.00
710.53	3126.00
710.72	3073.00
710.92	3053.00
711.11	3110.00
711.30	3207.00
711.49	3163.00
711.68	3143.00
711.87	3223.00
712.06	3201.00
712.25	3209.00
712.44	3215.00
712.64	3257.00
712.83	3246.00
713.02	3306.00
713.21	3379.00
713.40	3322.00
713.59	3233.00
713.78	3271.00
713.97	3201.00
714.16	3231.00
714.35	3301.00
714.55	3272.00
714.74	3240.00
714.93	3346.00
715.12	3340.00
715.31	3344.00
715.50	3272.00
715.69	3256.00
715.88	3321.00
716.07	3350.00
716.26	3270.00
716.45	3352.00
716.65	3240.00
716.84	3258.00
717.03	3329.00
717.22	3261.00
717.41	3320.00
717.60	3300.00
717.79	3347.00
717.98	3434.00
718.17	3373.00
718.36	3412.00
718.55	3392.00
718.75	3417.00
718.94	3393.00
719.13	3515.00
719.32	3404.00
719.51	3424.00
719.70	3494.00
719.89	3496.00
720.08	3421.00
720.27	3386.00
720.46	3474.00
720.65	3447.00
720.84	3418.00
721.03	3480.00
721.22	3531.00
721.42	3453.00
721.61	3522.00
721.80	3461.00
721.99	3368.00
722.18	3322.00
722.37	3413.00
722.56	3505.00
722.75	3462.00
722.94	3406.00
723.13	3331.00
723.32	3373.00
723.51	3427.00
723.70	3583.00
723.89	3483.00
724.08	3432.00
724.28	3459.00
724.47	3480.00
724.66	3462.00
724.85	3456.00
725.04	3508.00
725.23	3470.00
725.42	3464.00
725.61	3497.00
725.80	3594.00
725.99	3436.00
726.18	3595.00
726.37	3492.00
726.56	3494.00
726.75	3543.00
726.94	3552.00
727.13	3585.00
727.32	3530.00
727.51	3339.00
727.71	3319.00
727.90	3404.00
728.09	3514.00
728.28	3437.00
728.47	3444.00
728.66	3469.00
728.85	3446.00
729.04	3357.00
729.23	3356.00
729.42	3356.00
729.61	3416.00
729.80	3387.00
729.99	3436.00
730.18	3464.00
730.37	3338.00
730.56	3394.00
730.75	3422.00
730.94	3324.00
731.13	3392.00
731.32	3497.00
731.51	3533.00
731.70	3459.00
731.89	3490.00
732.08	3430.00
732.27	3429.00
732.46	3498.00
732.65	3436.00
732.84	3415.00
733.04	3431.00
733.23	3489.00
733.42	3417.00
733.61	3426.00
733.80	3403.00
733.99	3395.00
734.18	3432.00
734.37	3404.00
734.56	3401.00
734.75	3426.00
734.94	3490.00
735.13	3446.00
735.32	3386.00
735.51	3327.00
735.70	3389.00
735.89	3343.00
736.08	3375.00
736.27	3327.00
736.46	3314.00
736.65	3328.00
736.84	3194.00
737.03	3180.00
737.22	3381.00
737.41	3333.00
737.60	3394.00
737.79	3399.00
737.98	3380.00
738.17	3312.00
738.36	3326.00
738.55	3343.00
738.74	3322.00
738.93	3330.00
739.12	3286.00
739.31	3247.00
739.50	3348.00
739.69	3315.00
739.88	3199.00
740.07	3283.00
740.26	3208.00
740.45	3250.00
740.64	3285.00
740.83	3159.00
741.02	3289.00
741.21	3178.00
741.40	3181.00
741.59	3115.00
741.78	3186.00
741.97	3096.00
742.16	3015.00
742.35	2990.00
742.54	3011.00
742.73	3097.00
742.92	3142.00
743.11	3204.00
743.30	3063.00
743.49	3093.00
743.68	3102.00
743.87	3123.00
744.06	3022.00
744.25	3045.00
744.44	3067.00
744.63	3041.00
744.82	3036.00
745.01	3015.00
745.20	3071.00
745.39	3113.00
745.58	3152.00
745.77	3022.00
745.96	2944.00
746.15	3023.00
746.34	3006.00
746.52	3020.00
746.71	2961.00
746.90	2972.00
747.09	2952.00
747.28	3069.00
747.47	3006.00
747.66	2897.00
747.85	2798.00
748.04	2830.00
748.23	2969.00
748.42	3029.00
748.61	2866.00
748.80	2901.00
748.99	2863.00
749.18	2778.00
749.37	2870.00
749.56	2815.00
749.75	2725.00
749.94	2729.00
750.13	2749.00
750.32	2729.00
750.51	2784.00
750.70	2812.00
750.89	2746.00
751.08	2710.00
751.27	2716.00
751.46	2688.00
751.64	2706.00
751.83	2765.00
752.02	2787.00
752.21	2768.00
752.40	2700.00
752.59	2815.00
752.78	2768.00
752.97	2746.00
753.16	2678.00
753.35	2736.00
753.54	2759.00
753.73	2830.00
753.92	2777.00
754.11	2715.00
754.30	2776.00
754.49	2584.00
754.68	2679.00
754.87	2741.00
755.06	2687.00
755.24	2610.00
755.43	2660.00
755.62	2678.00
755.81	2668.00
756.00	2661.00
756.19	2607.00
756.38	2690.00
756.57	2757.00
756.76	2698.00
756.95	2672.00
757.14	2610.00
757.33	2613.00
757.52	2560.00
757.71	2507.00
757.90	2576.00
758.08	2569.00
758.27	2594.00
758.46	2614.00
758.65	2517.00
758.84	2598.00
759.03	2567.00
759.22	2523.00
759.41	2495.00
759.60	2513.00
759.79	2441.00
759.98	2490.00
760.17	2561.00
760.36	2513.00
760.54	2574.00
760.73	2472.00
760.92	2471.00
761.11	2482.00
761.30	2421.00
761.49	2477.00
761.68	2408.00
761.87	2287.00
762.06	2263.00
762.25	2321.00
762.44	2243.00
762.63	2270.00
762.81	2248.00
763.00	2196.00
763.19	2169.00
763.38	2160.00
763.57	2115.00
763.76	2128.00
763.95	2178.00
764.14	2165.00
764.33	2168.00
764.52	2154.00
764.71	2116.00
764.89	2161.00
765.08	2104.00
765.27	2132.00
765.46	2117.00
765.65	2248.00
765.84	2266.00
766.03	2238.00
766.22	2194.00
766.41	2083.00
766.59	2148.00
766.78	2259.00
766.97	2269.00
767.16	2327.00
767.35	2297.00
767.54	2372.00
767.73	2311.00
767.92	2243.00
768.11	2290.00
768.30	2252.00
768.48	2304.00
768.67	2444.00
768.86	2479.00
769.05	2517.00
769.24	2402.00
769.43	2344.00
769.62	2422.00
769.81	2316.00
769.99	2290.00
770.18	2411.00
770.37	2422.00
770.56	2325.00
770.75	2402.00
770.94	2461.00
771.13	2488.00
771.32	2379.00
771.50	2370.00
771.69	2375.00
771.88	2340.00
772.07	2342.00
772.26	2426.00
772.45	2497.00
772.64	2473.00
772.83	2458.00
773.01	2457.00
773.20	2455.00
773.39	2438.00
773.58	2405.00
773.77	2353.00
773.96	2346.00
774.15	2326.00
774.34	2307.00
774.52	2346.00
774.71	2375.00
774.90	2401.00
775.09	2325.00
775.28	2283.00
775.47	2333.00
775.66	2343.00
775.84	2301.00
776.03	2387.00
776.22	2352.00
776.41	2353.00
776.60	2277.00
776.79	2227.00
776.98	2260.00
777.16	2248.00
777.35	2310.00
777.54	2380.00
777.73	2340.00
777.92	2302.00
778.11	2292.00
778.29	2341.00
778.48	2352.00
778.67	2348.00
778.86	2323.00
779.05	2348.00
779.24	2337.00
779.43	2194.00
779.61	2300.00
779.80	2424.00
779.99	2338.00
780.18	2338.00
780.37	2339.00
780.56	2354.00
780.74	2332.00
780.93	2315.00
781.12	2345.00
781.31	2361.00
781.50	2441.00
781.69	2332.00
781.87	2368.00
782.06	2360.00
782.25	2272.00
782.44	2313.00
782.63	2310.00
782.82	2308.00
783.00	2366.00
783.19	2424.00
783.38	2463.00
783.57	2339.00
783.76	2324.00
783.95	2331.00
784.13	2416.00
784.32	2310.00
784.51	2425.00
784.70	2396.00
784.89	2338.00
785.08	2290.00
785.26	2413.00
785.45	2423.00
785.64	2366.00
785.83	2195.00
786.02	2377.00
786.20	2393.00
786.39	2324.00
786.58	2313.00
786.77	2482.00
786.96	2424.00
787.15	2391.00
787.33	2350.00
787.52	2371.00
787.71	2485.00
787.90	2460.00
788.09	2488.00
788.27	2441.00
788.46	2354.00
788.65	2290.00
788.84	2336.00
789.03	2332.00
789.21	2389.00
789.40	2395.00
789.59	2431.00
789.78	2456.00
789.97	2550.00
790.15	2504.00
790.34	2479.00
790.53	2525.00
790.72	2462.00
790.91	2473.00
791.09	2496.00
791.28	2502.00
791.47	2540.00
791.66	2443.00
791.85	2528.00
792.03	2430.00
792.22	2491.00
792.41	2542.00
792.60	2542.00
792.79	2482.00
792.97	2685.00
793.16	2626.00
793.35	2431.00
793.54	2471.00
793.72	2469.00
793.91	2511.00
794.10	2657.00
794.29	2629.00
794.48	2585.00
794.66	2559.00
794.85	2522.00
795.04	2528.00
795.23	2527.00
795.42	2556.00
795.60	2629.00
795.79	2649.00
795.98	2582.00
796.17	2526.00
796.35	2572.00
796.54	2534.00
796.73	2572.00
796.92	2589.00
797.11	2569.00
797.29	2664.00
797.48	2601.00
797.67	2624.00
797.86	2639.00
798.04	2566.00
798.23	2538.00
798.42	2632.00
798.61	2636.00
798.79	2482.00
798.98	2531.00
799.17	2527.00
799.36	2598.00
799.54	2542.00
799.73	2571.00
799.92	2540.00
800.11	2534.00
800.30	2535.00
800.48	2469.00
800.67	2532.00
800.86	2586.00
801.05	2593.00
801.23	2543.00
801.42	2504.00
801.61	2618.00
801.80	2639.00
801.98	2559.00
802.17	2557.00
802.36	2582.00
802.55	2511.00
802.73	2594.00
802.92	2608.00
803.11	2587.00
803.30	2721.00
803.48	2684.00
803.67	2571.00
803.86	2600.00
804.05	2602.00
804.23	2576.00
804.42	2570.00
804.61	2543.00
804.80	2550.00
804.98	2633.00
805.17	2654.00
805.36	2633.00
805.54	2602.00
805.73	2605.00
805.92	2670.00
806.11	2631.00
806.29	2757.00
806.48	2695.00
806.67	2744.00
806.86	2751.00
807.04	2614.00
807.23	2640.00
807.42	2687.00
807.61	2632.00
807.79	2566.00
807.98	2657.00
808.17	2662.00
808.35	2645.00
808.54	2722.00
808.73	2713.00
808.92	2614.00
809.10	2665.00
809.29	2611.00
809.48	2717.00
809.67	2719.00
809.85	2589.00
810.04	2633.00
810.23	2705.00
810.41	2628.00
810.60	2607.00
810.79	2647.00
810.98	2636.00
811.16	2607.00
811.35	2632.00
811.54	2638.00
811.72	2654.00
811.91	2650.00
812.10	2562.00
812.29	2578.00
812.47	2617.00
812.66	2593.00
812.85	2617.00
813.03	2683.00
813.22	2669.00
813.41	2600.00
813.60	2635.00
813.78	2580.00
813.97	2596.00
814.16	2620.00
814.34	2528.00
814.53	2697.00
814.72	2616.00
814.90	2622.00
815.09	2636.00
815.28	2596.00
815.47	2523.00
815.65	2518.00
815.84	2617.00
816.03	2622.00
816.21	2632.00
816.40	2636.00
816.59	2669.00
816.77	2623.00
816.96	2575.00
817.15	2604.00
817.33	2618.00
817.52	2675.00
817.71	2670.00
817.90	2655.00
818.08	2552.00
818.27	2679.00
818.46	2656.00
818.64	2643.00
818.83	2616.00
819.02	2654.00
819.20	2711.00
819.39	2664.00
819.58	2717.00
819.76	2714.00
819.95	2705.00
820.14	2647.00
820.32	2606.00
820.51	2573.00
820.70	2621.00
820.88	2597.00
821.07	2531.00
821.26	2619.00
821.44	2507.00
821.63	2582.00
821.82	2670.00
822.01	2631.00
822.19	2527.00
822.38	2719.00
822.57	2675.00
822.75	2591.00
822.94	2601.00
823.13	2566.00
823.31	2564.00
823.50	2676.00
823.69	2741.00
823.87	2611.00
824.06	2487.00
824.25	2548.00
824.43	2572.00
824.62	2664.00
824.80	2562.00
824.99	2513.00
825.18	2556.00
825.36	2538.00
825.55	2582.00
825.74	2539.00
825.92	2557.00
826.11	2484.00
826.30	2487.00
826.48	2449.00
826.67	2514.00
826.86	2562.00
827.04	2598.00
827.23	2643.00
827.42	2583.00
827.60	2485.00
827.79	2505.00
827.98	2463.00
828.16	2595.00
828.35	2623.00
828.54	2523.00
828.72	2487.00
828.91	2470.00
829.09	2397.00
829.28	2448.00
829.47	2472.00
829.65	2451.00
829.84	2525.00
830.03	2499.00
830.21	2538.00
830.40	2506.00
830.59	2470.00
830.77	2434.00
830.96	2411.00
831.14	2495.00
831.33	2443.00
831.52	2443.00
831.70	2363.00
831.89	2376.00
832.08	2386.00
832.26	2464.00
832.45	2422.00
832.64	2380.00
832.82	2440.00
833.01	2387.00
833.19	2422.00
833.38	2457.00
833.57	2498.00
833.75	2466.00
833.94	2519.00
834.13	2395.00
834.31	2313.00
834.50	2385.00
834.68	2355.00
834.87	2320.00
835.06	2427.00
835.24	2379.00
835.43	2399.00
835.61	2368.00
835.80	2404.00
835.99	2357.00
836.17	2435.00
836.36	2417.00
836.55	2338.00
836.73	2286.00
836.92	2332.00
837.10	2313.00
837.29	2354.00
837.48	2393.00
837.66	2415.00
837.85	2332.00
838.03	2290.00
838.22	2247.00
838.41	2379.00
838.59	2394.00
838.78	2366.00
838.96	2275.00
839.15	2344.00
839.34	2362.00
839.52	2301.00
839.71	2299.00
839.89	2347.00
840.08	2282.00
840.27	2307.00
840.45	2313.00
840.64	2345.00
840.82	2407.00
841.01	2339.00
841.20	2289.00
841.38	2312.00
841.57	2247.00
841.75	2280.00
841.94	2278.00
842.13	2311.00
842.31	2236.00
842.50	2183.00
842.68	2288.00
842.87	2267.00
843.05	2202.00
843.24	2206.00
843.43	2204.00
843.61	2244.00
843.80	2285.00
843.98	2287.00
844.17	2243.00
844.36	2144.00
844.54	2274.00
844.73	2251.00
844.91	2198.00
845.10	2160.00
845.28	2152.00
845.47	2173.00
845.66	2138.00
845.84	2099.00
846.03	2082.00
846.21	2130.00
846.40	2116.00
846.58	2093.00
846.77	2155.00
846.96	2143.00
847.14	2103.00
847.33	2042.00
847.51	2103.00
847.70	2074.00
847.88	2041.00
848.07	2123.00
848.25	2157.00
848.44	2185.00
848.63	2081.00
848.81	2060.00
849.00	1998.00
849.18	2082.00
849.37	1995.00
849.55	2073.00
849.74	1994.00
849.93	2027.00
850.11	1993.00
850.30	1984.00
850.48	2033.00
850.67	2021.00
850.85	2035.00
851.04	2025.00
851.22	1996.00
851.41	1971.00
851.59	1992.00
851.78	1989.00
851.97	1937.00
852.15	1974.00
852.34	1971.00
852.52	2062.00
852.71	2054.00
852.89	1909.00
853.08	2041.00
853.26	1969.00
853.45	2035.00
853.63	2057.00
853.82	2104.00
854.01	2050.00
854.19	2028.00
854.38	1990.00
854.56	1872.00
854.75	1850.00
854.93	1955.00
855.12	2024.00
855.30	2067.00
855.49	1948.00
855.67	1961.00
855.86	1915.00
856.04	1840.00
856.23	1930.00
856.41	1942.00
856.60	1945.00
856.79	1964.00
856.97	1862.00
857.16	1833.00
857.34	1907.00
857.53	1916.00
857.71	1892.00
857.90	1835.00
858.08	1911.00
858.27	1925.00
858.45	1862.00
858.64	1974.00
858.82	2038.00
859.01	1913.00
859.19	1908.00
859.38	1835.00
859.56	1859.00
859.75	1933.00
859.93	1868.00
860.12	1816.00
860.30	1781.00
860.49	1841.00
860.67	1803.00
860.86	1774.00
861.04	1800.00
861.23	1758.00
861.41	1713.00
861.60	1826.00
861.78	1741.00
861.97	1750.00
862.15	1749.00
862.34	1709.00
862.53	1687.00
862.71	1769.00
862.90	1793.00
863.08	1725.00
863.27	1738.00
863.45	1743.00
863.64	1690.00
863.82	1691.00
864.01	1731.00
864.19	1653.00
864.37	1646.00
864.56	1681.00
864.74	1697.00
864.93	1691.00
865.11	1701.00
865.30	1759.00
865.48	1783.00
865.67	1706.00
865.85	1709.00
866.04	1637.00
866.22	1605.00
866.41	1778.00
866.59	1791.00
866.78	1734.00
866.96	1686.00
867.15	1620.00
867.33	1673.00
867.52	1766.00
867.70	1667.00
867.89	1575.00
868.07	1562.00
868.26	1631.00
868.44	1615.00
868.63	1628.00
868.81	1662.00
869.00	1635.00
869.18	1680.00
869.37	1618.00
869.55	1598.00
869.74	1633.00
869.92	1594.00
870.10	1624.00
870.29	1685.00
870.47	1665.00
870.66	1616.00
870.84	1501.00
871.03	1584.00
871.21	1641.00
871.40	1573.00
871.58	1552.00
871.77	1561.00
871.95	1494.00
872.14	1536.00
872.32	1588.00
872.51	1576.00
872.69	1582.00
872.87	1631.00
873.06	1520.00
873.24	1596.00
873.43	1572.00
873.61	1531.00
873.80	1513.00
873.98	1564.00
874.17	1586.00
874.35	1574.00
874.54	1555.00
874.72	1496.00
874.90	1500.00
875.09	1585.00
875.27	1523.00
875.46	1466.00
875.64	1464.00
875.83	1488.00
876.01	1479.00
876.20	1472.00
876.38	1505.00
876.56	1498.00
876.75	1470.00
876.93	1571.00
877.12	1588.00
877.30	1526.00
877.49	1481.00
877.67	1495.00
877.86	1451.00
878.04	1536.00
878.22	1525.00
878.41	1557.00
878.59	1487.00
878.78	1458.00
878.96	1494.00
879.15	1570.00
879.33	1511.00
879.51	1454.00
879.70	1407.00
879.88	1455.00
880.07	1523.00
880.25	1524.00
880.44	1497.00
880.62	1429.00
880.80	1494.00
880.99	1498.00
881.17	1498.00
881.36	1460.00
881.54	1456.00
881.73	1551.00
881.91	1419.00
882.09	1435.00
882.28	1462.00
882.46	1462.00
882.65	1477.00
882.83	1463.00
883.02	1465.00
883.20	1493.00
883.38	1513.00
883.57	1528.00
883.75	1473.00
883.94	1480.00
884.12	1383.00
884.30	1389.00
884.49	1376.00
884.67	1432.00
884.86	1490.00
885.04	1443.00
885.22	1399.00
885.41	1422.00
885.59	1442.00
885.78	1425.00
885.96	1471.00
886.14	1457.00
886.33	1453.00
886.51	1409.00
886.70	1450.00
886.88	1437.00
887.06	1483.00
887.25	1370.00
887.43	1368.00
887.62	1361.00
887.80	1350.00
887.98	1401.00
888.17	1507.00
888.35	1450.00
888.54	1408.00
888.72	1485.00
888.90	1399.00
889.09	1337.00
889.27	1485.00
889.46	1424.00
889.64	1403.00
889.82	1322.00
890.01	1299.00
890.19	1397.00
890.38	1412.00
890.56	1394.00
890.74	1371.00
890.93	1376.00
891.11	1402.00
891.29	1364.00
891.48	1367.00
891.66	1398.00
891.85	1408.00
892.03	1439.00
892.21	1386.00
892.40	1448.00
892.58	1439.00
892.76	1460.00
892.95	1379.00
893.13	1419.00
893.32	1456.00
893.50	1413.00
893.68	1386.00
893.87	1359.00
894.05	1377.00
894.23	1404.00
894.42	1434.00
894.60	1357.00
894.79	1380.00
894.97	1368.00
895.15	1420.00
895.34	1465.00
895.52	1467.00
895.70	1460.00
895.89	1496.00
896.07	1378.00
896.25	1384.00
896.44	1400.00
896.62	1308.00
896.81	1410.00
896.99	1419.00
897.17	1520.00
897.36	1500.00
897.54	1438.00
897.72	1433.00
897.91	1475.00
898.09	1488.00
898.27	1438.00
898.46	1337.00
898.64	1378.00
898.82	1424.00
899.01	1410.00
899.19	1453.00
899.37	1475.00
899.56	1427.00
899.74	1520.00
899.92	1487.00
900.11	1455.00
900.29	1444.00
900.47	1452.00
900.66	1510.00
900.84	1530.00
901.03	1579.00
901.21	1520.00
901.39	1522.00
901.58	1505.00
901.76	1513.00
901.94	1533.00
902.13	1490.00
902.31	1541.00
902.49	1542.00
902.68	1526.00
902.86	1542.00
903.04	1543.00
903.23	1517.00
903.41	1623.00
903.59	1609.00
903.78	1529.00
903.96	1464.00
904.14	1494.00
904.32	1520.00
904.51	1557.00
904.69	1487.00
904.87	1538.00
905.06	1485.00
905.24	1534.00
905.42	1552.00
905.61	1618.00
905.79	1617.00
905.97	1603.00
906.16	1595.00
906.34	1574.00
906.52	1467.00
906.71	1512.00
906.89	1545.00
907.07	1549.00
907.26	1517.00
907.44	1475.00
907.62	1526.00
907.81	1578.00
907.99	1607.00
908.17	1605.00
908.35	1649.00
908.54	1653.00
908.72	1575.00
908.90	1566.00
909.09	1626.00
909.27	1599.00
909.45	1506.00
909.64	1575.00
909.82	1673.00
910.00	1597.00
910.18	1533.00
910.37	1577.00
910.55	1544.00
910.73	1505.00
910.92	1537.00
911.10	1508.00
911.28	1571.00
911.47	1558.00
911.65	1499.00
911.83	1573.00
912.01	1526.00
912.20	1595.00
912.38	1565.00
912.56	1592.00
912.75	1582.00
912.93	1501.00
913.11	1497.00
913.29	1620.00
913.48	1564.00
913.66	1551.00
913.84	1556.00
914.03	1515.00
914.21	1580.00
914.39	1452.00
914.57	1457.00
914.76	1438.00
914.94	1452.00
915.12	1432.00
915.31	1512.00
915.49	1563.00
915.67	1541.00
915.85	1514.00
916.04	1528.00
916.22	1606.00
916.40	1512.00
916.58	1454.00
916.77	1381.00
916.95	1472.00
917.13	1495.00
917.32	1438.00
917.50	1475.00
917.68	1452.00
917.86	1456.00
918.05	1497.00
918.23	1453.00
918.41	1404.00
918.59	1518.00
918.78	1442.00
918.96	1428.00
919.14	1479.00
919.32	1490.00
919.51	1527.00
919.69	1407.00
919.87	1394.00
920.05	1413.00
920.24	1353.00
920.42	1414.00
920.60	1490.00
920.78	1441.00
920.97	1356.00
921.15	1465.00
921.33	1447.00
921.52	1403.00
921.70	1485.00
921.88	1410.00
922.06	1392.00
922.24	1403.00
922.43	1444.00
922.61	1391.00
922.79	1359.00
922.97	1396.00
923.16	1461.00
923.34	1492.00
923.52	1387.00
923.70	1334.00
923.89	1440.00
924.07	1420.00
924.25	1454.00
924.43	1356.00
924.62	1409.00
924.80	1344.00
924.98	1318.00
925.16	1421.00
925.35	1424.00
925.53	1391.00
925.71	1330.00
925.89	1315.00
926.08	1385.00
926.26	1344.00
926.44	1406.00
926.62	1385.00
926.80	1362.00
926.99	1300.00
927.17	1354.00
927.35	1351.00
927.53	1349.00
927.72	1293.00
927.90	1376.00
928.08	1357.00
928.26	1356.00
928.44	1352.00
928.63	1247.00
928.81	1346.00
928.99	1406.00
929.17	1336.00
929.36	1280.00
929.54	1305.00
929.72	1301.00
929.90	1285.00
930.08	1256.00
930.27	1230.00
930.45	1287.00
930.63	1318.00
930.81	1258.00
930.99	1274.00
931.18	1235.00
931.36	1151.00
931.54	1187.00
931.72	1171.00
931.90	1181.00
932.09	1176.00
932.27	1203.00
932.45	1204.00
932.63	1234.00
932.81	1138.00
933.00	1182.00
933.18	1183.00
933.36	1214.00
933.54	1153.00
933.72	1129.00
933.91	1199.00
934.09	1163.00
934.27	1091.00
934.45	1050.00
934.63	1090.00
934.82	1036.00
935.00	1045.00
935.18	1147.00
935.36	1101.00
935.54	1053.00
935.73	1020.00
935.91	1110.00
936.09	1039.00
936.27	1010.00
936.45	955.00
936.64	1038.00
936.82	951.00
937.00	966.00
937.18	917.00
937.36	900.00
937.54	837.00
937.73	854.00
937.91	915.00
938.09	878.00
938.27	806.00
938.45	881.00
938.63	829.00
938.82	755.00
939.00	743.00
939.18	797.00
939.36	813.00
939.54	726.00
939.73	751.00
939.91	727.00
940.09	742.00
940.27	774.00
940.45	761.00
940.63	673.00
940.82	695.00
941.00	765.00
941.18	683.00
941.36	647.00
941.54	711.00
941.72	699.00
941.91	631.00
942.09	571.00
942.27	624.00
942.45	628.00
942.63	643.00
942.81	661.00
942.99	704.00
943.18	656.00
943.36	606.00
943.54	671.00
943.72	610.00
943.90	626.00
944.08	616.00
944.27	627.00
944.45	556.00
944.63	543.00
944.81	591.00
944.99	652.00
945.17	624.00
945.35	598.00
945.54	554.00
945.72	596.00
945.90	614.00
946.08	548.00
946.26	603.00
946.44	589.00
946.62	618.00
946.81	645.00
946.99	560.00
947.17	611.00
947.35	687.00
947.53	657.00
947.71	558.00
947.89	616.00
948.07	621.00
948.26	545.00
948.44	610.00
948.62	617.00
948.80	592.00
948.98	620.00
949.16	577.00
949.34	567.00
949.53	614.00
949.71	652.00
949.89	656.00
950.07	646.00
950.25	575.00
950.43	597.00
950.61	594.00
950.79	638.00
950.98	613.00
951.16	571.00
951.34	550.00
951.52	557.00
951.70	613.00
951.88	679.00
952.06	720.00
952.24	695.00
952.42	598.00
952.61	616.00
952.79	585.00
952.97	566.00
953.15	636.00
953.33	643.00
953.51	594.00
953.69	555.00
953.87	571.00
954.05	520.00
954.24	513.00
954.42	541.00
954.60	576.00
954.78	649.00
954.96	658.00
955.14	619.00
955.32	624.00
955.50	714.00
955.68	644.00
955.86	661.00
956.05	573.00
956.23	600.00
956.41	595.00
956.59	600.00
956.77	562.00
956.95	540.00
957.13	492.00
957.31	528.00
957.49	584.00
957.67	627.00
957.86	672.00
958.04	594.00
958.22	670.00
958.40	602.00
958.58	604.00
958.76	618.00
958.94	641.00
959.12	669.00
959.30	601.00
959.48	628.00
959.66	593.00
959.84	613.00
960.03	577.00
960.21	580.00
960.39	596.00
960.57	573.00
960.75	514.00
960.93	569.00
961.11	584.00
961.29	554.00
961.47	568.00
961.65	599.00
961.83	604.00
962.01	578.00
962.19	577.00
962.37	566.00
962.56	562.00
962.74	552.00
962.92	495.00
963.10	559.00
963.28	545.00
963.46	513.00
963.64	576.00
963.82	600.00
964.00	553.00
964.18	525.00
964.36	563.00
964.54	550.00
964.72	526.00
964.90	567.00
965.08	573.00
965.27	516.00
965.45	489.00
965.63	531.00
965.81	566.00
965.99	606.00
966.17	506.00
966.35	518.00
966.53	536.00
966.71	555.00
966.89	521.00
967.07	557.00
967.25	567.00
967.43	578.00
967.61	563.00
967.79	497.00
967.97	548.00
968.15	561.00
968.33	583.00
968.51	589.00
968.69	437.00
968.87	492.00
969.06	545.00
969.24	442.00
969.42	444.00
969.60	524.00
969.78	506.00
969.96	511.00
970.14	553.00
970.32	544.00
970.50	566.00
970.68	509.00
970.86	497.00
971.04	481.00
971.22	516.00
971.40	547.00
971.58	518.00
971.76	468.00
971.94	482.00
972.12	512.00
972.30	466.00
972.48	493.00
972.66	506.00
972.84	515.00
973.02	494.00
973.20	441.00
973.38	480.00
973.56	583.00
973.74	548.00
973.92	517.00
974.10	531.00
974.28	426.00
974.46	429.00
974.64	470.00
974.82	423.00
975.00	435.00
975.18	453.00
975.36	516.00
975.54	431.00
975.72	420.00
975.90	457.00
976.08	474.00
976.26	498.00
976.44	515.00
976.62	394.00
976.80	353.00
976.98	409.00
977.16	445.00
977.34	473.00
977.52	451.00
977.70	547.00
977.88	531.00
978.06	460.00
978.24	450.00
978.42	418.00
978.60	419.00
978.78	451.00
978.96	446.00
979.14	429.00
979.32	413.00
979.50	456.00
979.68	491.00
979.86	443.00
980.04	463.00
980.22	414.00
980.40	476.00
980.58	452.00
980.76	449.00
980.94	468.00
981.12	455.00
981.30	434.00
981.48	422.00
981.66	430.00
981.84	382.00
982.02	439.00
982.20	445.00
982.38	483.00
982.56	487.00
982.74	397.00
982.92	440.00
983.10	466.00
983.28	470.00
983.46	454.00
983.64	450.00
983.82	410.00
984.00	383.00
984.18	429.00
984.36	353.00
984.54	341.00
984.72	375.00
984.90	372.00
985.08	389.00
985.26	401.00
985.44	374.00
985.62	369.00
985.80	428.00
985.98	417.00
986.16	347.00
986.34	305.00
986.51	372.00
986.69	352.00
986.87	373.00
987.05	333.00
987.23	327.00
987.41	314.00
987.59	408.00
987.77	428.00
987.95	385.00
988.13	427.00
988.31	427.00
988.49	352.00
988.67	380.00
988.85	377.00
989.03	390.00
989.21	288.00
989.39	330.00
989.57	358.00
989.75	379.00
989.93	353.00
990.11	366.00
990.28	331.00
990.46	345.00
990.64	351.00
990.82	326.00
991.00	397.00
991.18	355.00
991.36	369.00
991.54	349.00
991.72	367.00
991.90	377.00
992.08	335.00
992.26	423.00
992.44	379.00
992.62	361.00
992.80	370.00
992.98	346.00
993.15	356.00
993.33	321.00
993.51	324.00
993.69	349.00
993.87	361.00
994.05	324.00
994.23	360.00
994.41	390.00
994.59	333.00
994.77	339.00
994.95	348.00
995.13	368.00
995.31	389.00
995.48	384.00
995.66	364.00
995.84	310.00
996.02	302.00
996.20	406.00
996.38	366.00
996.56	360.00
996.74	345.00
996.92	321.00
997.10	281.00
997.28	331.00
997.46	286.00
997.63	337.00
997.81	322.00
997.99	328.00
998.17	325.00
998.35	341.00
998.53	355.00
998.71	347.00
998.89	338.00
999.07	361.00
999.25	364.00
999.43	316.00
999.60	300.00
999.78	293.00
999.96	342.00
1000.14	378.00
1000.32	376.00
1000.50	302.00
1000.68	309.00
1000.86	279.00
1001.04	255.00
1001.21	260.00
1001.39	299.00
1001.57	302.00
1001.75	291.00
1001.93	298.00
1002.11	296.00
1002.29	261.00
1002.47	285.00
1002.65	370.00
1002.82	277.00
1003.00	256.00
1003.18	321.00
1003.36	242.00
1003.54	245.00
1003.72	327.00
1003.90	334.00
1004.08	314.00
1004.26	343.00
1004.43	244.00
1004.61	317.00
1004.79	289.00
1004.97	363.00
1005.15	363.00
1005.33	348.00
1005.51	263.00
1005.69	269.00
1005.86	331.00
1006.04	338.00
1006.22	358.00
1006.40	329.00
1006.58	306.00
1006.76	288.00
1006.94	327.00
1007.12	223.00
1007.29	257.00
1007.47	263.00
1007.65	206.00
1007.83	272.00
1008.01	257.00
1008.19	216.00
1008.37	278.00
1008.54	213.00
1008.72	268.00
1008.90	277.00
1009.08	186.00
1009.26	169.00
1009.44	208.00
1009.62	296.00
1009.79	303.00
1009.97	259.00
1010.15	307.00
1010.33	302.00
1010.51	276.00
1010.69	314.00
1010.87	290.00
1011.04	321.00
1011.22	253.00
1011.40	284.00
1011.58	273.00
1011.76	239.00
1011.94	234.00
1012.11	306.00
1012.29	310.00
1012.47	262.00
1012.65	256.00
1012.83	209.00
1013.01	243.00
1013.18	231.00
1013.36	245.00
1013.54	254.00
1013.72	266.00
1013.90	267.00
1014.08	265.00
1014.25	153.00
1014.43	249.00
1014.61	257.00
1014.79	268.00
1014.97	259.00
1015.15	255.00
1015.32	306.00
1015.50	280.00
1015.68	308.00
1015.86	238.00
1016.04	195.00
1016.22	209.00
1016.39	228.00
1016.57	170.00
1016.75	223.00
1016.93	275.00
1017.11	229.00
1017.29	266.00
1017.46	323.00
1017.64	289.00
1017.82	178.00
1018.00	213.00
1018.18	191.00
1018.35	220.00
1018.53	214.00
1018.71	189.00
1018.89	200.00
1019.07	258.00
1019.24	254.00
1019.42	231.00
1019.60	145.00
1019.78	200.00
1019.96	283.00
1020.14	291.00
1020.31	214.00
1020.49	207.00
1020.67	244.00
1020.85	205.00
1021.03	181.00
1021.20	247.00
1021.38	216.00
1021.56	142.00
1021.74	152.00
1021.92	152.00
1022.09	196.00
1022.27	214.00
1022.45	269.00
1022.63	250.00
1022.81	180.00
1022.98	232.00
1023.16	195.00
1023.34	225.00
1023.52	219.00
1023.69	258.00
1023.87	218.00
1024.05	212.00
1024.23	186.00
1024.41	214.00
1024.58	193.00
1024.76	265.00
1024.94	280.00
1025.12	169.00
1025.30	229.00
1025.47	185.00
1025.65	149.00
1025.83	196.00
1026.01	190.00
1026.18	178.00
1026.36	187.00
1026.54	166.00
1026.72	202.00
1026.90	235.00
1027.07	181.00
1027.25	233.00
1027.43	221.00
1027.61	213.00
1027.78	265.00
1027.96	245.00
1028.14	260.00
1028.32	228.00
1028.49	215.00
1028.67	237.00
1028.85	150.00
1029.03	190.00
1029.21	190.00
1029.38	243.00
1029.56	180.00
1029.74	199.00
1029.92	203.00
1030.09	183.00
1030.27	145.00
1030.45	152.00
1030.63	200.00
1030.80	172.00
1030.98	165.00
1031.16	173.00
1031.34	182.00
1031.51	156.00
1031.69	174.00
1031.87	148.00
1032.05	175.00
1032.22	209.00
1032.40	246.00
1032.58	215.00
1032.76	190.00
1032.93	199.00
1033.11	157.00
1033.29	97.00
1033.47	154.00
1033.64	183.00
1033.82	242.00
1034.00	207.00
1034.18	142.00
1034.35	125.00
1034.53	129.00
1034.71	129.00
1034.89	187.00
1035.06	223.00
1035.24	218.00
1035.42	157.00
1035.59	201.00
1035.77	214.00
1035.95	171.00
1036.13	165.00
1036.30	166.00
1036.48	142.00
1036.66	75.00
1036.84	169.00
1037.01	202.00
1037.19	191.00
1037.37	115.00
1037.54	196.00
1037.72	177.00
1037.90	215.00
1038.08	225.00
1038.25	237.00
1038.43	172.00
1038.61	179.00
1038.79	200.00
1038.96	140.00
1039.14	115.00
1039.32	152.00
1039.49	174.00
1039.67	120.00
1039.85	122.00
1040.03	148.00
1040.20	112.00
1040.38	115.00
1040.56	152.00
1040.73	143.00
1040.91	164.00
1041.09	146.00
1041.27	192.00
1041.44	174.00
1041.62	156.00
1041.80	154.00
1041.97	247.00
1042.15	188.00
1042.33	173.00
1042.50	132.00
1042.68	179.00
1042.86	228.00
1043.04	144.00
1043.21	120.00
1043.39	178.00
1043.57	147.00
1043.74	122.00
1043.92	134.00
1044.10	184.00
1044.27	169.00
1044.45	148.00
1044.63	231.00
1044.80	173.00
1044.98	182.00
1045.16	185.00
1045.34	154.00
1045.51	134.00
1045.69	170.00
1045.87	191.00
1046.04	148.00
1046.22	161.00
1046.40	161.00
1046.57	91.00
1046.75	157.00
1046.93	184.00
1047.10	167.00
1047.28	166.00
1047.46	135.00
1047.63	86.00
1047.81	128.00
1047.99	115.00
1048.16	129.00
1048.34	94.00
1048.52	119.00
1048.69	94.00
1048.87	166.00
1049.05	148.00
1049.22	143.00
1049.40	136.00
1049.58	147.00
1049.75	97.00
1049.93	118.00
1050.11	151.00
1050.28	102.00
1050.46	105.00
1050.64	126.00
1050.81	163.00
1050.99	124.00
1051.17	113.00
1051.34	165.00
1051.52	211.00
1051.70	158.00
1051.87	92.00
1052.05	121.00
1052.23	102.00
1052.40	192.00
1052.58	137.00
1052.76	108.00
1052.93	161.00
1053.11	171.00
1053.29	170.00
1053.46	149.00
1053.64	182.00
1053.82	158.00
1053.99	154.00
1054.17	131.00
1054.35	157.00
1054.52	127.00
1054.70	181.00
1054.87	233.00
1055.05	209.00
1055.23	168.00
1055.40	183.00
1055.58	91.00
1055.76	37.00
1055.93	102.00
1056.11	116.00
1056.29	128.00
1056.46	92.00
1056.64	86.00
1056.81	97.00
1056.99	182.00
1057.17	178.00
1057.34	82.00
1057.52	101.00
1057.70	128.00
1057.87	121.00
1058.05	117.00
1058.22	157.00
1058.40	143.00
1058.58	116.00
1058.75	70.00
1058.93	130.00
1059.11	155.00
1059.28	134.00
1059.46	120.00
1059.63	95.00
1059.81	149.00
1059.99	99.00
1060.16	117.00
1060.34	110.00
1060.52	106.00
1060.69	85.00
1060.87	126.00
1061.04	100.00
1061.22	65.00
