367.62	26.00
367.82	12.00
368.02	-25.00
368.23	-35.00
368.43	-72.00
368.63	-23.00
368.83	8.00
369.04	33.00
369.24	21.00
369.44	-2.00
369.65	20.00
369.85	-4.00
370.05	13.00
370.25	33.00
370.46	-3.00
370.66	34.00
370.86	82.00
371.07	19.00
371.27	20.00
371.47	42.00
371.67	25.00
371.88	-19.00
372.08	-39.00
372.28	-38.00
372.49	-11.00
372.69	-39.00
372.89	-36.00
373.09	-70.00
373.30	25.00
373.50	73.00
373.70	14.00
373.91	-2.00
374.11	19.00
374.31	-25.00
374.51	-19.00
374.72	7.00
374.92	-5.00
375.12	-11.00
375.33	3.00
375.53	18.00
375.73	78.00
375.93	0.00
376.14	-24.00
376.34	-35.00
376.54	-3.00
376.74	-11.00
376.95	-14.00
377.15	4.00
377.35	18.00
377.55	51.00
377.76	66.00
377.96	11.00
378.16	24.00
378.37	33.00
378.57	32.00
378.77	-21.00
378.97	-27.00
379.18	-54.00
379.38	-38.00
379.58	44.00
379.78	34.00
379.99	-31.00
380.19	-3.00
380.39	33.00
380.59	46.00
380.80	-19.00
381.00	-93.00
381.20	-17.00
381.40	9.00
381.61	21.00
381.81	-25.00
382.01	-9.00
382.21	90.00
382.42	-27.00
382.62	-31.00
382.82	-39.00
383.02	13.00
383.23	-23.00
383.43	-54.00
383.63	-62.00
383.83	-21.00
384.04	49.00
384.24	12.00
384.44	-35.00
384.64	65.00
384.85	49.00
385.05	13.00
385.25	-4.00
385.45	8.00
385.66	-9.00
385.86	-40.00
386.06	-36.00
386.26	-46.00
386.47	8.00
386.67	13.00
386.87	-34.00
387.07	-14.00
387.27	29.00
387.48	-30.00
387.68	-20.00
387.88	-7.00
388.08	3.00
388.29	26.00
388.49	33.00
388.69	-6.00
388.89	34.00
389.10	48.00
389.30	29.00
389.50	60.00
389.70	53.00
389.90	3.00
390.11	-50.00
390.31	-40.00
390.51	-64.00
390.71	-13.00
390.92	32.00
391.12	31.00
391.32	44.00
391.52	6.00
391.72	-12.00
391.93	-4.00
392.13	-2.00
392.33	16.00
392.53	7.00
392.74	22.00
392.94	32.00
393.14	-7.00
393.34	-44.00
393.54	-15.00
393.75	71.00
393.95	2.00
394.15	-31.00
394.35	4.00
394.56	86.00
394.76	25.00
394.96	-37.00
395.16	-7.00
395.36	-8.00
395.57	-17.00
395.77	-39.00
395.97	-46.00
396.17	3.00
396.37	-24.00
396.58	-12.00
396.78	8.00
396.98	29.00
397.18	60.00
397.38	56.00
397.59	0.00
397.79	94.00
397.99	53.00
398.19	-24.00
398.39	-18.00
398.60	2.00
398.80	13.00
399.00	-12.00
399.20	12.00
399.40	77.00
399.61	55.00
399.81	51.00
400.01	48.00
400.21	26.00
400.41	14.00
400.62	-28.00
400.82	29.00
401.02	42.00
401.22	63.00
401.42	45.00
401.63	24.00
401.83	36.00
402.03	51.00
402.23	94.00
402.43	81.00
402.64	16.00
402.84	-20.00
403.04	17.00
403.24	31.00
403.44	42.00
403.64	6.00
403.85	54.00
404.05	27.00
404.25	15.00
404.45	49.00
404.65	-9.00
404.86	-37.00
405.06	4.00
405.26	-15.00
405.46	-24.00
405.66	-45.00
405.86	-26.00
406.07	-34.00
406.27	31.00
406.47	24.00
406.67	42.00
406.87	-11.00
407.07	-21.00
407.28	-10.00
407.48	-54.00
407.68	-69.00
407.88	-46.00
408.08	5.00
408.28	-13.00
408.49	53.00
408.69	55.00
408.89	17.00
409.09	42.00
409.29	30.00
409.49	9.00
409.70	-36.00
409.90	-25.00
410.10	-17.00
410.30	25.00
410.50	46.00
410.70	28.00
410.91	62.00
411.11	60.00
411.31	44.00
411.51	61.00
411.71	28.00
411.91	89.00
412.12	32.00
412.32	8.00
412.52	1.00
412.72	26.00
412.92	-37.00
413.12	-68.00
413.32	-18.00
413.53	1.00
413.73	-17.00
413.93	14.00
414.13	58.00
414.33	35.00
414.53	28.00
414.74	-9.00
414.94	-11.00
415.14	11.00
415.34	23.00
415.54	-2.00
415.74	-28.00
415.94	15.00
416.15	16.00
416.35	15.00
416.55	-19.00
416.75	48.00
416.95	12.00
417.15	82.00
417.35	39.00
417.56	7.00
417.76	12.00
417.96	40.00
418.16	9.00
418.36	-32.00
418.56	-9.00
418.76	48.00
418.97	42.00
419.17	9.00
419.37	16.00
419.57	49.00
419.77	98.00
419.97	49.00
420.17	9.00
420.37	30.00
420.58	70.00
420.78	25.00
420.98	-10.00
421.18	-32.00
421.38	31.00
421.58	37.00
421.78	45.00
421.98	23.00
422.19	90.00
422.39	73.00
422.59	12.00
422.79	20.00
422.99	29.00
423.19	5.00
423.39	-18.00
423.59	28.00
423.80	60.00
424.00	23.00
424.20	-47.00
424.40	31.00
424.60	8.00
424.80	92.00
425.00	65.00
425.20	18.00
425.40	24.00
425.61	82.00
425.81	88.00
426.01	87.00
426.21	39.00
426.41	28.00
426.61	75.00
426.81	20.00
427.01	101.00
427.21	154.00
427.42	38.00
427.62	31.00
427.82	62.00
428.02	51.00
428.22	71.00
428.42	75.00
428.62	27.00
428.82	-15.00
429.02	11.00
429.23	69.00
429.43	78.00
429.63	58.00
429.83	28.00
430.03	31.00
430.23	-10.00
430.43	81.00
430.63	69.00
430.83	72.00
431.03	52.00
431.24	43.00
431.44	25.00
431.64	1.00
431.84	74.00
432.04	56.00
432.24	-4.00
432.44	19.00
432.64	64.00
432.84	51.00
433.04	62.00
433.24	34.00
433.45	54.00
433.65	16.00
433.85	19.00
434.05	3.00
434.25	15.00
434.45	69.00
434.65	64.00
434.85	79.00
435.05	-22.00
435.25	-38.00
435.45	13.00
435.65	38.00
435.86	19.00
436.06	-11.00
436.26	27.00
436.46	15.00
436.66	3.00
436.86	-1.00
437.06	32.00
437.26	41.00
437.46	39.00
437.66	62.00
437.86	19.00
438.06	-6.00
438.26	21.00
438.47	47.00
438.67	37.00
438.87	92.00
439.07	113.00
439.27	126.00
439.47	39.00
439.67	54.00
439.87	52.00
440.07	40.00
440.27	27.00
440.47	34.00
440.67	77.00
440.87	-8.00
441.07	-4.00
441.27	64.00
441.48	53.00
441.68	62.00
441.88	36.00
442.08	6.00
442.28	62.00
442.48	89.00
442.68	63.00
442.88	78.00
443.08	91.00
443.28	-17.00
443.48	22.00
443.68	57.00
443.88	45.00
444.08	7.00
444.28	22.00
444.48	3.00
444.68	13.00
444.88	54.00
445.09	81.00
445.29	39.00
445.49	70.00
445.69	49.00
445.89	61.00
446.09	-14.00
446.29	48.00
446.49	85.00
446.69	92.00
446.89	69.00
447.09	63.00
447.29	56.00
447.49	74.00
447.69	14.00
447.89	40.00
448.09	92.00
448.29	80.00
448.49	17.00
448.69	59.00
448.89	76.00
449.09	32.00
449.29	68.00
449.49	76.00
449.70	106.00
449.90	44.00
450.10	52.00
450.30	46.00
450.50	28.00
450.70	-11.00
450.90	38.00
451.10	54.00
451.30	77.00
451.50	92.00
451.70	100.00
451.90	87.00
452.10	95.00
452.30	116.00
452.50	38.00
452.70	62.00
452.90	99.00
453.10	29.00
453.30	16.00
453.50	-1.00
453.70	-17.00
453.90	8.00
454.10	78.00
454.30	40.00
454.50	8.00
454.70	-12.00
454.90	60.00
455.10	121.00
455.30	72.00
455.50	90.00
455.70	36.00
455.90	46.00
456.10	78.00
456.30	54.00
456.50	77.00
456.70	84.00
456.90	175.00
457.10	129.00
457.30	119.00
457.50	157.00
457.70	94.00
457.90	80.00
458.10	100.00
458.30	100.00
458.50	135.00
458.70	143.00
458.90	116.00
459.10	118.00
459.30	140.00
459.50	103.00
459.70	60.00
459.90	18.00
460.10	105.00
460.30	50.00
460.50	88.00
460.70	50.00
460.90	87.00
461.10	134.00
461.30	133.00
461.50	126.00
461.70	141.00
461.90	142.00
462.10	39.00
462.30	19.00
462.50	51.00
462.70	74.00
462.90	71.00
463.10	37.00
463.30	76.00
463.50	79.00
463.70	89.00
463.90	105.00
464.10	134.00
464.30	102.00
464.50	92.00
464.70	134.00
464.90	106.00
465.10	31.00
465.30	31.00
465.50	90.00
465.70	139.00
465.90	163.00
466.10	169.00
466.30	155.00
466.50	119.00
466.70	92.00
466.90	61.00
467.10	65.00
467.30	118.00
467.50	122.00
467.70	94.00
467.90	82.00
468.10	72.00
468.30	99.00
468.50	113.00
468.70	75.00
468.90	63.00
469.10	68.00
469.30	64.00
469.50	113.00
469.70	65.00
469.90	124.00
470.10	106.00
470.30	80.00
470.50	45.00
470.70	84.00
470.90	74.00
471.10	131.00
471.29	128.00
471.49	100.00
471.69	78.00
471.89	51.00
472.09	85.00
472.29	100.00
472.49	110.00
472.69	83.00
472.89	149.00
473.09	111.00
473.29	84.00
473.49	69.00
473.69	45.00
473.89	62.00
474.09	69.00
474.29	92.00
474.49	89.00
474.69	89.00
474.89	97.00
475.09	154.00
475.29	146.00
475.49	106.00
475.69	60.00
475.88	130.00
476.08	81.00
476.28	81.00
476.48	83.00
476.68	94.00
476.88	157.00
477.08	64.00
477.28	53.00
477.48	153.00
477.68	103.00
477.88	30.00
478.08	60.00
478.28	106.00
478.48	126.00
478.68	67.00
478.88	87.00
479.08	168.00
479.28	207.00
479.47	141.00
479.67	97.00
479.87	71.00
480.07	122.00
480.27	32.00
480.47	39.00
480.67	87.00
480.87	69.00
481.07	39.00
481.27	66.00
481.47	85.00
481.67	127.00
481.87	92.00
482.07	101.00
482.27	101.00
482.46	111.00
482.66	117.00
482.86	76.00
483.06	69.00
483.26	45.00
483.46	54.00
483.66	50.00
483.86	128.00
484.06	109.00
484.26	98.00
484.46	139.00
484.66	103.00
484.86	112.00
485.05	161.00
485.25	123.00
485.45	68.00
485.65	151.00
485.85	114.00
486.05	108.00
486.25	134.00
486.45	112.00
486.65	88.00
486.85	19.00
487.05	130.00
487.25	117.00
487.44	86.00
487.64	152.00
487.84	86.00
488.04	57.00
488.24	67.00
488.44	101.00
488.64	64.00
488.84	53.00
489.04	60.00
489.24	114.00
489.43	152.00
489.63	134.00
489.83	76.00
490.03	92.00
490.23	111.00
490.43	108.00
490.63	123.00
490.83	94.00
491.03	164.00
491.23	163.00
491.42	102.00
491.62	139.00
491.82	145.00
492.02	162.00
492.22	149.00
492.42	151.00
492.62	191.00
492.82	161.00
493.02	137.00
493.22	72.00
493.41	91.00
493.61	162.00
493.81	115.00
494.01	130.00
494.21	110.00
494.41	96.00
494.61	107.00
494.81	80.00
495.01	109.00
495.20	139.00
495.40	216.00
495.60	160.00
495.80	156.00
496.00	141.00
496.20	148.00
496.40	176.00
496.60	146.00
496.79	188.00
496.99	155.00
497.19	190.00
497.39	190.00
497.59	225.00
497.79	202.00
497.99	165.00
498.19	165.00
498.38	81.00
498.58	160.00
498.78	155.00
498.98	177.00
499.18	150.00
499.38	109.00
499.58	204.00
499.78	200.00
499.97	209.00
500.17	139.00
500.37	131.00
500.57	196.00
500.77	180.00
500.97	227.00
501.17	192.00
501.37	175.00
501.56	212.00
501.76	146.00
501.96	166.00
502.16	196.00
502.36	203.00
502.56	236.00
502.76	203.00
502.95	233.00
503.15	208.00
503.35	172.00
503.55	206.00
503.75	222.00
503.95	153.00
504.15	158.00
504.34	192.00
504.54	143.00
504.74	105.00
504.94	199.00
505.14	171.00
505.34	182.00
505.54	172.00
505.73	199.00
505.93	225.00
506.13	210.00
506.33	161.00
506.53	204.00
506.73	239.00
506.92	150.00
507.12	193.00
507.32	234.00
507.52	132.00
507.72	123.00
507.92	181.00
508.12	198.00
508.31	209.00
508.51	68.00
508.71	154.00
508.91	186.00
509.11	199.00
509.31	187.00
509.50	152.00
509.70	169.00
509.90	201.00
510.10	166.00
510.30	105.00
510.50	138.00
510.69	150.00
510.89	129.00
511.09	151.00
511.29	187.00
511.49	197.00
511.69	113.00
511.88	178.00
512.08	212.00
512.28	191.00
512.48	166.00
512.68	154.00
512.88	247.00
513.07	200.00
513.27	155.00
513.47	177.00
513.67	141.00
513.87	154.00
514.06	148.00
514.26	180.00
514.46	174.00
514.66	178.00
514.86	199.00
515.06	228.00
515.25	198.00
515.45	153.00
515.65	129.00
515.85	148.00
516.05	248.00
516.24	215.00
516.44	207.00
516.64	202.00
516.84	240.00
517.04	194.00
517.23	182.00
517.43	178.00
517.63	253.00
517.83	200.00
518.03	151.00
518.23	189.00
518.42	247.00
518.62	263.00
518.82	276.00
519.02	182.00
519.22	197.00
519.41	186.00
519.61	140.00
519.81	186.00
520.01	247.00
520.21	198.00
520.40	183.00
520.60	216.00
520.80	131.00
521.00	134.00
521.20	197.00
521.39	243.00
521.59	228.00
521.79	190.00
521.99	157.00
522.19	206.00
522.38	215.00
522.58	224.00
522.78	245.00
522.98	296.00
523.17	283.00
523.37	189.00
523.57	148.00
523.77	158.00
523.97	146.00
524.16	179.00
524.36	217.00
524.56	238.00
524.76	185.00
524.96	193.00
525.15	223.00
525.35	203.00
525.55	187.00
525.75	262.00
525.94	290.00
526.14	211.00
526.34	198.00
526.54	274.00
526.74	237.00
526.93	229.00
527.13	191.00
527.33	235.00
527.53	275.00
527.72	246.00
527.92	284.00
528.12	347.00
528.32	323.00
528.52	269.00
528.71	237.00
528.91	236.00
529.11	286.00
529.31	318.00
529.50	291.00
529.70	264.00
529.90	232.00
530.10	255.00
530.29	277.00
530.49	270.00
530.69	296.00
530.89	320.00
531.09	294.00
531.28	339.00
531.48	263.00
531.68	322.00
531.88	262.00
532.07	351.00
532.27	325.00
532.47	318.00
532.67	355.00
532.86	267.00
533.06	324.00
533.26	301.00
533.46	343.00
533.65	337.00
533.85	349.00
534.05	326.00
534.25	354.00
534.44	356.00
534.64	327.00
534.84	350.00
535.04	345.00
535.23	335.00
535.43	368.00
535.63	317.00
535.83	301.00
536.02	352.00
536.22	305.00
536.42	316.00
536.62	355.00
536.81	316.00
537.01	322.00
537.21	388.00
537.41	386.00
537.60	382.00
537.80	398.00
538.00	411.00
538.20	368.00
538.39	387.00
538.59	375.00
538.79	397.00
538.99	415.00
539.18	508.00
539.38	449.00
539.58	400.00
539.77	382.00
539.97	378.00
540.17	398.00
540.37	384.00
540.56	354.00
540.76	357.00
540.96	415.00
541.16	403.00
541.35	438.00
541.55	437.00
541.75	458.00
541.94	464.00
542.14	478.00
542.34	457.00
542.54	438.00
542.73	427.00
542.93	374.00
543.13	421.00
543.33	402.00
543.52	451.00
543.72	492.00
543.92	463.00
544.11	434.00
544.31	421.00
544.51	470.00
544.71	486.00
544.90	532.00
545.10	479.00
545.30	341.00
545.49	427.00
545.69	497.00
545.89	500.00
546.09	479.00
546.28	474.00
546.48	459.00
546.68	497.00
546.87	422.00
547.07	425.00
547.27	381.00
547.47	351.00
547.66	367.00
547.86	447.00
548.06	449.00
548.25	431.00
548.45	491.00
548.65	557.00
548.84	513.00
549.04	456.00
549.24	481.00
549.44	437.00
549.63	471.00
549.83	467.00
550.03	520.00
550.22	543.00
550.42	484.00
550.62	423.00
550.81	405.00
551.01	388.00
551.21	468.00
551.41	388.00
551.60	400.00
551.80	399.00
552.00	420.00
552.19	472.00
552.39	470.00
552.59	468.00
552.78	412.00
552.98	350.00
553.18	384.00
553.37	397.00
553.57	416.00
553.77	442.00
553.96	437.00
554.16	468.00
554.36	431.00
554.56	438.00
554.75	391.00
554.95	441.00
555.15	430.00
555.34	436.00
555.54	405.00
555.74	419.00
555.93	472.00
556.13	369.00
556.33	396.00
556.52	464.00
556.72	433.00
556.92	412.00
557.11	364.00
557.31	392.00
557.51	392.00
557.70	369.00
557.90	326.00
558.10	326.00
558.29	356.00
558.49	344.00
558.69	339.00
558.88	357.00
559.08	285.00
559.28	324.00
559.47	392.00
559.67	357.00
559.87	308.00
560.06	265.00
560.26	248.00
560.46	280.00
560.65	395.00
560.85	320.00
561.05	378.00
561.24	412.00
561.44	432.00
561.64	355.00
561.83	344.00
562.03	419.00
562.23	362.00
562.42	398.00
562.62	345.00
562.82	358.00
563.01	353.00
563.21	365.00
563.40	363.00
563.60	345.00
563.80	311.00
563.99	348.00
564.19	420.00
564.39	419.00
564.58	377.00
564.78	400.00
564.98	394.00
565.17	372.00
565.37	378.00
565.57	365.00
565.76	364.00
565.96	407.00
566.16	428.00
566.35	411.00
566.55	441.00
566.74	474.00
566.94	392.00
567.14	380.00
567.33	429.00
567.53	466.00
567.73	457.00
567.92	482.00
568.12	544.00
568.32	483.00
568.51	407.00
568.71	436.00
568.90	433.00
569.10	372.00
569.30	353.00
569.49	409.00
569.69	490.00
569.89	487.00
570.08	472.00
570.28	455.00
570.47	447.00
570.67	427.00
570.87	468.00
571.06	466.00
571.26	433.00
571.46	401.00
571.65	421.00
571.85	474.00
572.04	505.00
572.24	417.00
572.44	462.00
572.63	486.00
572.83	499.00
573.03	516.00
573.22	464.00
573.42	421.00
573.61	477.00
573.81	488.00
574.01	506.00
574.20	518.00
574.40	561.00
574.59	515.00
574.79	538.00
574.99	551.00
575.18	525.00
575.38	561.00
575.58	564.00
575.77	567.00
575.97	575.00
576.16	543.00
576.36	564.00
576.56	628.00
576.75	580.00
576.95	619.00
577.14	668.00
577.34	646.00
577.54	690.00
577.73	678.00
577.93	639.00
578.12	624.00
578.32	571.00
578.52	591.00
578.71	645.00
578.91	609.00
579.10	640.00
579.30	644.00
579.50	686.00
579.69	693.00
579.89	749.00
580.08	730.00
580.28	634.00
580.48	649.00
580.67	719.00
580.87	795.00
581.06	775.00
581.26	703.00
581.45	776.00
581.65	770.00
581.85	811.00
582.04	754.00
582.24	867.00
582.43	826.00
582.63	765.00
582.83	786.00
583.02	871.00
583.22	910.00
583.41	833.00
583.61	859.00
583.80	923.00
584.00	931.00
584.20	883.00
584.39	832.00
584.59	871.00
584.78	850.00
584.98	921.00
585.17	969.00
585.37	952.00
585.57	1026.00
585.76	1041.00
585.96	1011.00
586.15	1026.00
586.35	986.00
586.54	999.00
586.74	1009.00
586.94	1141.00
587.13	1187.00
587.33	1129.00
587.52	1055.00
587.72	1169.00
587.91	1228.00
588.11	1141.00
588.31	1102.00
588.50	1132.00
588.70	1163.00
588.89	1110.00
589.09	1091.00
589.28	1125.00
589.48	1136.00
589.68	1246.00
589.87	1149.00
590.07	1246.00
590.26	1241.00
590.46	1264.00
590.65	1179.00
590.85	1220.00
591.04	1221.00
591.24	1267.00
591.44	1368.00
591.63	1374.00
591.83	1336.00
592.02	1356.00
592.22	1357.00
592.41	1346.00
592.61	1379.00
592.80	1396.00
593.00	1434.00
593.19	1524.00
593.39	1511.00
593.59	1506.00
593.78	1442.00
593.98	1457.00
594.17	1526.00
594.37	1478.00
594.56	1455.00
594.76	1457.00
594.95	1475.00
595.15	1437.00
595.34	1525.00
595.54	1562.00
595.73	1456.00
595.93	1497.00
596.13	1565.00
596.32	1488.00
596.52	1561.00
596.71	1618.00
596.91	1553.00
597.10	1593.00
597.30	1592.00
597.49	1649.00
597.69	1643.00
597.88	1652.00
598.08	1730.00
598.27	1678.00
598.47	1668.00
598.66	1676.00
598.86	1770.00
599.06	1749.00
599.25	1701.00
599.45	1638.00
599.64	1668.00
599.84	1755.00
600.03	1717.00
600.23	1682.00
600.42	1713.00
600.62	1768.00
600.81	1844.00
601.01	1709.00
601.20	1659.00
601.40	1622.00
601.59	1654.00
601.79	1648.00
601.98	1656.00
602.18	1656.00
602.37	1677.00
602.57	1705.00
602.76	1704.00
602.96	1674.00
603.15	1728.00
603.35	1747.00
603.54	1769.00
603.74	1700.00
603.93	1645.00
604.13	1648.00
604.32	1595.00
604.52	1630.00
604.71	1644.00
604.91	1615.00
605.10	1622.00
605.30	1708.00
605.49	1841.00
605.69	1698.00
605.88	1593.00
606.08	1671.00
606.27	1734.00
606.47	1694.00
606.66	1733.00
606.86	1723.00
607.05	1672.00
607.25	1621.00
607.44	1669.00
607.64	1729.00
607.83	1781.00
608.03	1812.00
608.22	1920.00
608.42	1779.00
608.61	1755.00
608.81	1833.00
609.00	1888.00
609.20	1846.00
609.39	1908.00
609.59	1960.00
609.78	2034.00
609.98	2096.00
610.17	2181.00
610.37	2324.00
610.56	2504.00
610.76	2481.00
610.95	2570.00
611.15	2685.00
611.34	2726.00
611.54	2894.00
611.73	2880.00
611.93	2803.00
612.12	2706.00
612.32	2401.00
612.51	2243.00
612.71	2142.00
612.90	2079.00
613.09	2139.00
613.29	2019.00
613.48	2007.00
613.68	2053.00
613.87	1984.00
614.07	2000.00
614.26	2052.00
614.46	2023.00
614.65	1958.00
614.85	1964.00
615.04	1850.00
615.24	1854.00
615.43	1843.00
615.63	1819.00
615.82	1748.00
616.02	1775.00
616.21	1757.00
616.40	1740.00
616.60	1783.00
616.79	1796.00
616.99	1728.00
617.18	1722.00
617.38	1790.00
617.57	1657.00
617.77	1606.00
617.96	1632.00
618.16	1669.00
618.35	1701.00
618.54	1741.00
618.74	1741.00
618.93	1670.00
619.13	1708.00
619.32	1759.00
619.52	1720.00
619.71	1745.00
619.91	1819.00
620.10	1810.00
620.30	1824.00
620.49	1830.00
620.68	1872.00
620.88	1878.00
621.07	1809.00
621.27	1780.00
621.46	1769.00
621.66	1830.00
621.85	1715.00
622.05	1812.00
622.24	1914.00
622.43	1898.00
622.63	1849.00
622.82	1763.00
623.02	1866.00
623.21	1923.00
623.41	1867.00
623.60	1902.00
623.80	1914.00
623.99	1863.00
624.18	1856.00
624.38	1906.00
624.57	1901.00
624.77	1893.00
624.96	1910.00
625.16	1830.00
625.35	1895.00
625.54	1940.00
625.74	1949.00
625.93	1933.00
626.13	1965.00
626.32	1887.00
626.52	1916.00
626.71	1931.00
626.90	1915.00
627.10	1981.00
627.29	1996.00
627.49	1888.00
627.68	2052.00
627.88	2092.00
628.07	2025.00
628.26	1972.00
628.46	1994.00
628.65	1996.00
628.85	2040.00
629.04	2113.00
629.23	2044.00
629.43	2089.00
629.62	2108.00
629.82	2042.00
630.01	2097.00
630.21	2128.00
630.40	2081.00
630.59	2182.00
630.79	2287.00
630.98	2286.00
631.18	2224.00
631.37	2235.00
631.56	2275.00
631.76	2281.00
631.95	2273.00
632.15	2280.00
632.34	2223.00
632.53	2084.00
632.73	2154.00
632.92	2229.00
633.12	2240.00
633.31	2187.00
633.50	2120.00
633.70	2155.00
633.89	2191.00
634.09	2230.00
634.28	2210.00
634.47	2216.00
634.67	2257.00
634.86	2315.00
635.06	2349.00
635.25	2383.00
635.44	2338.00
635.64	2256.00
635.83	2309.00
636.03	2361.00
636.22	2272.00
636.41	2221.00
636.61	2322.00
636.80	2401.00
637.00	2410.00
637.19	2488.00
637.38	2540.00
637.58	2415.00
637.77	2371.00
637.96	2449.00
638.16	2514.00
638.35	2450.00
638.55	2475.00
638.74	2535.00
638.93	2563.00
639.13	2527.00
639.32	2493.00
639.51	2536.00
639.71	2441.00
639.90	2465.00
640.10	2514.00
640.29	2483.00
640.48	2492.00
640.68	2614.00
640.87	2547.00
641.07	2631.00
641.26	2719.00
641.45	2646.00
641.65	2647.00
641.84	2709.00
642.03	2745.00
642.23	2727.00
642.42	2731.00
642.61	2783.00
642.81	2798.00
643.00	2703.00
643.20	2667.00
643.39	2708.00
643.58	2704.00
643.78	2697.00
643.97	2740.00
644.16	2860.00
644.36	2850.00
644.55	2894.00
644.74	2863.00
644.94	2820.00
645.13	2820.00
645.33	2801.00
645.52	2827.00
645.71	2895.00
645.91	2836.00
646.10	2866.00
646.29	2941.00
646.49	2904.00
646.68	2844.00
646.87	2798.00
647.07	2869.00
647.26	2944.00
647.45	2900.00
647.65	2838.00
647.84	2837.00
648.03	2974.00
648.23	2932.00
648.42	2908.00
648.62	2913.00
648.81	3014.00
649.00	3067.00
649.20	3030.00
649.39	2946.00
649.58	3032.00
649.78	2981.00
649.97	2967.00
650.16	3041.00
650.36	3021.00
650.55	3064.00
650.74	3192.00
650.94	3150.00
651.13	3103.00
651.32	3061.00
651.52	3116.00
651.71	3150.00
651.90	3179.00
652.10	3109.00
652.29	3122.00
652.48	3006.00
652.68	2931.00
652.87	3051.00
653.06	3122.00
653.26	3169.00
653.45	3103.00
653.64	2968.00
653.84	3041.00
654.03	3051.00
654.22	3057.00
654.42	3091.00
654.61	3054.00
654.80	3141.00
654.99	3181.00
655.19	3089.00
655.38	3097.00
655.57	3197.00
655.77	3238.00
655.96	3181.00
656.15	3086.00
656.35	3107.00
656.54	3140.00
656.73	3187.00
656.93	3100.00
657.12	3065.00
657.31	3144.00
657.51	3014.00
657.70	3028.00
657.89	3034.00
658.09	3004.00
658.28	3136.00
658.47	3099.00
658.66	3116.00
658.86	3107.00
659.05	3074.00
659.24	3112.00
659.44	3173.00
659.63	3106.00
659.82	3034.00
660.02	3055.00
660.21	3014.00
660.40	3063.00
660.60	3137.00
660.79	3081.00
660.98	3085.00
661.17	3037.00
661.37	3049.00
661.56	3049.00
661.75	3066.00
661.95	3109.00
662.14	3126.00
662.33	3098.00
662.52	3040.00
662.72	3099.00
662.91	3064.00
663.10	3067.00
663.30	3051.00
663.49	3068.00
663.68	3054.00
663.88	3000.00
664.07	2982.00
664.26	2952.00
664.45	2920.00
664.65	2919.00
664.84	2976.00
665.03	2845.00
665.23	2872.00
665.42	2898.00
665.61	2856.00
665.80	2890.00
666.00	2857.00
666.19	2876.00
666.38	2959.00
666.57	2932.00
666.77	2889.00
666.96	2845.00
667.15	2990.00
667.35	3059.00
667.54	2960.00
667.73	2964.00
667.92	2901.00
668.12	2827.00
668.31	2858.00
668.50	2910.00
668.70	2848.00
668.89	2797.00
669.08	2792.00
669.27	2793.00
669.47	2789.00
669.66	2830.00
669.85	2845.00
670.04	2798.00
670.24	2777.00
670.43	2768.00
670.62	2831.00
670.81	2783.00
671.01	2685.00
671.20	2704.00
671.39	2758.00
671.58	2808.00
671.78	2813.00
671.97	2862.00
672.16	2830.00
672.36	2759.00
672.55	2726.00
672.74	2789.00
672.93	2767.00
673.13	2787.00
673.32	2806.00
673.51	2721.00
673.70	2690.00
673.90	2650.00
674.09	2664.00
674.28	2699.00
674.47	2735.00
674.67	2693.00
674.86	2785.00
675.05	2790.00
675.24	2697.00
675.44	2693.00
675.63	2713.00
675.82	2755.00
676.01	2679.00
676.21	2676.00
676.40	2650.00
676.59	2562.00
676.78	2580.00
676.97	2615.00
677.17	2548.00
677.36	2607.00
677.55	2677.00
677.74	2638.00
677.94	2655.00
678.13	2636.00
678.32	2685.00
678.51	2695.00
678.71	2709.00
678.90	2725.00
679.09	2632.00
679.28	2725.00
679.48	2726.00
679.67	2566.00
679.86	2551.00
680.05	2588.00
680.24	2654.00
680.44	2653.00
680.63	2615.00
680.82	2629.00
681.01	2508.00
681.21	2607.00
681.40	2562.00
681.59	2565.00
681.78	2600.00
681.97	2498.00
682.17	2620.00
682.36	2591.00
682.55	2523.00
682.74	2530.00
682.94	2559.00
683.13	2584.00
683.32	2553.00
683.51	2616.00
683.70	2645.00
683.90	2638.00
684.09	2562.00
684.28	2538.00
684.47	2544.00
684.66	2626.00
684.86	2573.00
685.05	2563.00
685.24	2547.00
685.43	2498.00
685.63	2487.00
685.82	2463.00
686.01	2533.00
686.20	2604.00
686.39	2537.00
686.59	2533.00
686.78	2565.00
686.97	2534.00
687.16	2498.00
687.35	2503.00
687.55	2513.00
687.74	2559.00
687.93	2685.00
688.12	2715.00
688.31	2622.00
688.51	2599.00
688.70	2598.00
688.89	2612.00
689.08	2635.00
689.27	2641.00
689.47	2541.00
689.66	2553.00
689.85	2556.00
690.04	2602.00
690.23	2573.00
690.42	2507.00
690.62	2488.00
690.81	2562.00
691.00	2489.00
691.19	2469.00
691.38	2545.00
691.58	2650.00
691.77	2573.00
691.96	2503.00
692.15	2516.00
692.34	2540.00
692.54	2625.00
692.73	2598.00
692.92	2591.00
693.11	2586.00
693.30	2530.00
693.49	2645.00
693.69	2589.00
693.88	2632.00
694.07	2617.00
694.26	2501.00
694.45	2462.00
694.64	2515.00
694.84	2542.00
695.03	2465.00
695.22	2488.00
695.41	2503.00
695.60	2461.00
695.80	2455.00
695.99	2540.00
696.18	2506.00
696.37	2470.00
696.56	2527.00
696.75	2596.00
696.95	2654.00
697.14	2649.00
697.33	2575.00
697.52	2500.00
697.71	2540.00
697.90	2639.00
698.09	2654.00
698.29	2666.00
698.48	2654.00
698.67	2586.00
698.86	2628.00
699.05	2615.00
699.24	2581.00
699.44	2601.00
699.63	2577.00
699.82	2594.00
700.01	2589.00
700.20	2595.00
700.39	2563.00
700.58	2579.00
700.78	2611.00
700.97	2666.00
701.16	2616.00
701.35	2516.00
701.54	2529.00
701.73	2630.00
701.93	2663.00
702.12	2624.00
702.31	2646.00
702.50	2726.00
702.69	2731.00
702.88	2760.00
703.07	2762.00
703.27	2771.00
703.46	2791.00
703.65	2691.00
703.84	2724.00
704.03	2721.00
704.22	2678.00
704.41	2766.00
704.60	2803.00
704.80	2826.00
704.99	2776.00
705.18	2787.00
705.37	2783.00
705.56	2805.00
705.75	2781.00
705.94	2806.00
706.14	2849.00
706.33	2853.00
706.52	2888.00
706.71	2881.00
706.90	2931.00
707.09	2930.00
707.28	2828.00
707.47	2894.00
707.67	3039.00
707.86	3005.00
708.05	2977.00
708.24	2960.00
708.43	3027.00
708.62	3038.00
708.81	3046.00
709.00	3024.00
709.20	3102.00
709.39	3156.00
709.58	3073.00
709.77	3141.00
709.96	3132.00
710.15	3097.00
710.34	3100.00
710.53	3038.00
710.72	3034.00
710.92	2970.00
711.11	2962.00
711.30	3026.00
711.49	3089.00
711.68	3067.00
711.87	3083.00
712.06	3089.00
712.25	3113.00
712.44	3193.00
712.64	3228.00
712.83	3105.00
713.02	3166.00
713.21	3213.00
713.40	3240.00
713.59	3242.00
713.78	3215.00
713.97	3203.00
714.16	3212.00
714.35	3200.00
714.55	3225.00
714.74	3258.00
714.93	3169.00
715.12	3222.00
715.31	3272.00
715.50	3148.00
715.69	3185.00
715.88	3241.00
716.07	3205.00
716.26	3206.00
716.45	3174.00
716.65	3186.00
716.84	3283.00
717.03	3312.00
717.22	3325.00
717.41	3351.00
717.60	3315.00
717.79	3240.00
717.98	3316.00
718.17	3361.00
718.36	3298.00
718.55	3291.00
718.75	3230.00
718.94	3346.00
719.13	3341.00
719.32	3457.00
719.51	3446.00
719.70	3363.00
719.89	3373.00
720.08	3307.00
720.27	3295.00
720.46	3385.00
720.65	3363.00
720.84	3379.00
721.03	3315.00
721.22	3310.00
721.42	3335.00
721.61	3284.00
721.80	3363.00
721.99	3399.00
722.18	3401.00
722.37	3380.00
722.56	3338.00
722.75	3241.00
722.94	3199.00
723.13	3276.00
723.32	3406.00
723.51	3427.00
723.70	3340.00
723.89	3292.00
724.08	3416.00
724.28	3391.00
724.47	3318.00
724.66	3296.00
724.85	3330.00
725.04	3390.00
725.23	3440.00
725.42	3421.00
725.61	3426.00
725.80	3447.00
725.99	3513.00
726.18	3514.00
726.37	3393.00
726.56	3361.00
726.75	3385.00
726.94	3440.00
727.13	3477.00
727.32	3390.00
727.51	3339.00
727.71	3412.00
727.90	3440.00
728.09	3382.00
728.28	3435.00
728.47	3371.00
728.66	3306.00
728.85	3392.00
729.04	3479.00
729.23	3384.00
729.42	3416.00
729.61	3425.00
729.80	3340.00
729.99	3381.00
730.18	3354.00
730.37	3396.00
730.56	3410.00
730.75	3342.00
730.94	3357.00
731.13	3397.00
731.32	3422.00
731.51	3375.00
731.70	3367.00
731.89	3421.00
732.08	3406.00
732.27	3379.00
732.46	3447.00
732.65	3407.00
732.84	3432.00
733.04	3351.00
733.23	3318.00
733.42	3350.00
733.61	3328.00
733.80	3378.00
733.99	3388.00
734.18	3323.00
734.37	3361.00
734.56	3312.00
734.75	3271.00
734.94	3252.00
735.13	3169.00
735.32	3199.00
735.51	3236.00
735.70	3280.00
735.89	3274.00
736.08	3241.00
736.27	3189.00
736.46	3258.00
736.65	3240.00
736.84	3189.00
737.03	3205.00
737.22	3152.00
737.41	3103.00
737.60	3154.00
737.79	3169.00
737.98	3268.00
738.17	3282.00
738.36	3225.00
738.55	3275.00
738.74	3308.00
738.93	3174.00
739.12	3109.00
739.31	3281.00
739.50	3178.00
739.69	3180.00
739.88	3175.00
740.07	3265.00
740.26	3261.00
740.45	3095.00
740.64	3120.00
740.83	3071.00
741.02	3098.00
741.21	3089.00
741.40	3032.00
741.59	3080.00
741.78	3013.00
741.97	2989.00
742.16	3041.00
742.35	3060.00
742.54	3002.00
742.73	2985.00
742.92	2966.00
743.11	2973.00
743.30	2974.00
743.49	2989.00
743.68	2888.00
743.87	2941.00
744.06	2936.00
744.25	2989.00
744.44	2977.00
744.63	2886.00
744.82	2867.00
745.01	2996.00
745.20	3003.00
745.39	2919.00
745.58	2941.00
745.77	3010.00
745.96	3060.00
746.15	2975.00
746.34	2891.00
746.52	2939.00
746.71	2881.00
746.90	2978.00
747.09	2974.00
747.28	2913.00
747.47	2867.00
747.66	2907.00
747.85	2869.00
748.04	2811.00
748.23	2879.00
748.42	2925.00
748.61	2780.00
748.80	2770.00
748.99	2790.00
749.18	2787.00
749.37	2735.00
749.56	2730.00
749.75	2747.00
749.94	2813.00
750.13	2715.00
750.32	2682.00
750.51	2697.00
750.70	2747.00
750.89	2830.00
751.08	2723.00
751.27	2703.00
751.46	2748.00
751.64	2735.00
751.83	2731.00
752.02	2678.00
752.21	2678.00
752.40	2650.00
752.59	2650.00
752.78	2695.00
752.97	2645.00
753.16	2567.00
753.35	2687.00
753.54	2721.00
753.73	2600.00
753.92	2620.00
754.11	2588.00
754.30	2567.00
754.49	2557.00
754.68	2628.00
754.87	2652.00
755.06	2656.00
755.24	2696.00
755.43	2574.00
755.62	2682.00
755.81	2536.00
756.00	2602.00
756.19	2570.00
756.38	2563.00
756.57	2555.00
756.76	2536.00
756.95	2547.00
757.14	2445.00
757.33	2383.00
757.52	2502.00
757.71	2554.00
757.90	2529.00
758.08	2499.00
758.27	2483.00
758.46	2489.00
758.65	2501.00
758.84	2544.00
759.03	2539.00
759.22	2481.00
759.41	2444.00
759.60	2490.00
759.79	2422.00
759.98	2340.00
760.17	2428.00
760.36	2444.00
760.54	2443.00
760.73	2427.00
760.92	2402.00
761.11	2340.00
761.30	2318.00
761.49	2235.00
761.68	2283.00
761.87	2349.00
762.06	2302.00
762.25	2231.00
762.44	2215.00
762.63	2120.00
762.81	2166.00
763.00	2237.00
763.19	2160.00
763.38	2084.00
763.57	2084.00
763.76	2075.00
763.95	2043.00
764.14	2020.00
764.33	1962.00
764.52	2038.00
764.71	2061.00
764.89	2095.00
765.08	2078.00
765.27	2103.00
765.46	2169.00
765.65	2131.00
765.84	2063.00
766.03	2067.00
766.22	2105.00
766.41	2224.00
766.59	2168.00
766.78	2178.00
766.97	2173.00
767.16	2206.00
767.35	2272.00
767.54	2298.00
767.73	2317.00
767.92	2365.00
768.11	2271.00
768.30	2284.00
768.48	2383.00
768.67	2331.00
768.86	2293.00
769.05	2331.00
769.24	2396.00
769.43	2392.00
769.62	2358.00
769.81	2345.00
769.99	2278.00
770.18	2290.00
770.37	2264.00
770.56	2359.00
770.75	2361.00
770.94	2383.00
771.13	2345.00
771.32	2298.00
771.50	2326.00
771.69	2311.00
771.88	2291.00
772.07	2391.00
772.26	2365.00
772.45	2221.00
772.64	2250.00
772.83	2298.00
773.01	2289.00
773.20	2352.00
773.39	2309.00
773.58	2343.00
773.77	2293.00
773.96	2295.00
774.15	2250.00
774.34	2292.00
774.52	2271.00
774.71	2243.00
774.90	2211.00
775.09	2181.00
775.28	2186.00
775.47	2269.00
775.66	2247.00
775.84	2186.00
776.03	2215.00
776.22	2263.00
776.41	2252.00
776.60	2238.00
776.79	2229.00
776.98	2237.00
777.16	2320.00
777.35	2282.00
777.54	2233.00
777.73	2312.00
777.92	2313.00
778.11	2230.00
778.29	2205.00
778.48	2145.00
778.67	2212.00
778.86	2217.00
779.05	2215.00
779.24	2184.00
779.43	2241.00
779.61	2228.00
779.80	2282.00
779.99	2224.00
780.18	2270.00
780.37	2276.00
780.56	2210.00
780.74	2273.00
780.93	2272.00
781.12	2311.00
781.31	2318.00
781.50	2291.00
781.69	2280.00
781.87	2276.00
782.06	2295.00
782.25	2259.00
782.44	2303.00
782.63	2260.00
782.82	2294.00
783.00	2392.00
783.19	2366.00
783.38	2312.00
783.57	2272.00
783.76	2321.00
783.95	2334.00
784.13	2317.00
784.32	2354.00
784.51	2334.00
784.70	2330.00
784.89	2315.00
785.08	2312.00
785.26	2335.00
785.45	2287.00
785.64	2253.00
785.83	2267.00
786.02	2282.00
786.20	2334.00
786.39	2315.00
786.58	2297.00
786.77	2223.00
786.96	2281.00
787.15	2367.00
787.33	2334.00
787.52	2302.00
787.71	2328.00
787.90	2299.00
788.09	2266.00
788.27	2253.00
788.46	2333.00
788.65	2332.00
788.84	2345.00
789.03	2279.00
789.21	2298.00
789.40	2355.00
789.59	2384.00
789.78	2319.00
789.97	2322.00
790.15	2411.00
790.34	2313.00
790.53	2322.00
790.72	2369.00
790.91	2391.00
791.09	2378.00
791.28	2388.00
791.47	2369.00
791.66	2381.00
791.85	2407.00
792.03	2341.00
792.22	2336.00
792.41	2469.00
792.60	2432.00
792.79	2390.00
792.97	2426.00
793.16	2494.00
793.35	2482.00
793.54	2436.00
793.72	2483.00
793.91	2587.00
794.10	2559.00
794.29	2539.00
794.48	2546.00
794.66	2492.00
794.85	2482.00
795.04	2490.00
795.23	2496.00
795.42	2487.00
795.60	2512.00
795.79	2459.00
795.98	2481.00
796.17	2486.00
796.35	2503.00
796.54	2476.00
796.73	2479.00
796.92	2434.00
797.11	2465.00
797.29	2450.00
797.48	2496.00
797.67	2490.00
797.86	2449.00
798.04	2429.00
798.23	2449.00
798.42	2440.00
798.61	2401.00
798.79	2463.00
798.98	2521.00
799.17	2508.00
799.36	2492.00
799.54	2401.00
799.73	2422.00
799.92	2521.00
800.11	2438.00
800.30	2366.00
800.48	2518.00
800.67	2571.00
800.86	2467.00
801.05	2513.00
801.23	2503.00
801.42	2491.00
801.61	2478.00
801.80	2467.00
801.98	2525.00
802.17	2483.00
802.36	2503.00
802.55	2577.00
802.73	2576.00
802.92	2540.00
803.11	2481.00
803.30	2509.00
803.48	2457.00
803.67	2494.00
803.86	2578.00
804.05	2527.00
804.23	2535.00
804.42	2524.00
804.61	2565.00
804.80	2565.00
804.98	2509.00
805.17	2585.00
805.36	2562.00
805.54	2472.00
805.73	2553.00
805.92	2554.00
806.11	2594.00
806.29	2643.00
806.48	2698.00
806.67	2586.00
806.86	2547.00
807.04	2529.00
807.23	2572.00
807.42	2505.00
807.61	2511.00
807.79	2625.00
807.98	2577.00
808.17	2554.00
808.35	2511.00
808.54	2506.00
808.73	2594.00
808.92	2680.00
809.10	2607.00
809.29	2548.00
809.48	2569.00
809.67	2533.00
809.85	2584.00
810.04	2600.00
810.23	2582.00
810.41	2592.00
810.60	2516.00
810.79	2540.00
810.98	2526.00
811.16	2537.00
811.35	2538.00
811.54	2520.00
811.72	2586.00
811.91	2665.00
812.10	2658.00
812.29	2537.00
812.47	2536.00
812.66	2519.00
812.85	2552.00
813.03	2525.00
813.22	2453.00
813.41	2530.00
813.60	2483.00
813.78	2464.00
813.97	2480.00
814.16	2457.00
814.34	2491.00
814.53	2532.00
814.72	2596.00
814.90	2546.00
815.09	2486.00
815.28	2525.00
815.47	2598.00
815.65	2566.00
815.84	2491.00
816.03	2489.00
816.21	2494.00
816.40	2559.00
816.59	2523.00
816.77	2439.00
816.96	2449.00
817.15	2479.00
817.33	2488.00
817.52	2478.00
817.71	2448.00
817.90	2519.00
818.08	2506.00
818.27	2496.00
818.46	2477.00
818.64	2464.00
818.83	2485.00
819.02	2455.00
819.20	2438.00
819.39	2529.00
819.58	2548.00
819.76	2604.00
819.95	2550.00
820.14	2563.00
820.32	2520.00
820.51	2538.00
820.70	2538.00
820.88	2501.00
821.07	2526.00
821.26	2520.00
821.44	2529.00
821.63	2515.00
821.82	2509.00
822.01	2537.00
822.19	2612.00
822.38	2492.00
822.57	2480.00
822.75	2462.00
822.94	2575.00
823.13	2566.00
823.31	2514.00
823.50	2528.00
823.69	2525.00
823.87	2478.00
824.06	2463.00
824.25	2489.00
824.43	2420.00
824.62	2484.00
824.80	2485.00
824.99	2425.00
825.18	2444.00
825.36	2486.00
825.55	2546.00
825.74	2545.00
825.92	2441.00
826.11	2454.00
826.30	2459.00
826.48	2473.00
826.67	2483.00
826.86	2454.00
827.04	2431.00
827.23	2498.00
827.42	2540.00
827.60	2527.00
827.79	2403.00
827.98	2352.00
828.16	2331.00
828.35	2288.00
828.54	2358.00
828.72	2429.00
828.91	2418.00
829.09	2425.00
829.28	2356.00
829.47	2343.00
829.65	2345.00
829.84	2323.00
830.03	2351.00
830.21	2428.00
830.40	2402.00
830.59	2356.00
830.77	2331.00
830.96	2335.00
831.14	2316.00
831.33	2331.00
831.52	2414.00
831.70	2384.00
831.89	2287.00
832.08	2276.00
832.26	2378.00
832.45	2379.00
832.64	2386.00
832.82	2344.00
833.01	2334.00
833.19	2349.00
833.38	2301.00
833.57	2259.00
833.75	2398.00
833.94	2375.00
834.13	2294.00
834.31	2321.00
834.50	2269.00
834.68	2299.00
834.87	2319.00
835.06	2245.00
835.24	2356.00
835.43	2380.00
835.61	2281.00
835.80	2344.00
835.99	2336.00
836.17	2310.00
836.36	2262.00
836.55	2270.00
836.73	2242.00
836.92	2158.00
837.10	2187.00
837.29	2179.00
837.48	2171.00
837.66	2203.00
837.85	2245.00
838.03	2316.00
838.22	2243.00
838.41	2257.00
838.59	2330.00
838.78	2275.00
838.96	2248.00
839.15	2236.00
839.34	2197.00
839.52	2211.00
839.71	2232.00
839.89	2240.00
840.08	2252.00
840.27	2243.00
840.45	2194.00
840.64	2210.00
840.82	2208.00
841.01	2192.00
841.20	2187.00
841.38	2149.00
841.57	2093.00
841.75	2092.00
841.94	2096.00
842.13	2133.00
842.31	2168.00
842.50	2160.00
842.68	2174.00
842.87	2112.00
843.05	2059.00
843.24	2046.00
843.43	2066.00
843.61	2097.00
843.80	2084.00
843.98	2109.00
844.17	2155.00
844.36	2223.00
844.54	2134.00
844.73	2042.00
844.91	2059.00
845.10	2042.00
845.28	2003.00
845.47	2089.00
845.66	2043.00
845.84	1987.00
846.03	1979.00
846.21	1930.00
846.40	2032.00
846.58	2028.00
846.77	2021.00
846.96	2048.00
847.14	2007.00
847.33	2020.00
847.51	1990.00
847.70	2006.00
847.88	2062.00
848.07	2023.00
848.25	2016.00
848.44	2019.00
848.63	2003.00
848.81	1991.00
849.00	2012.00
849.18	1948.00
849.37	1971.00
849.55	2054.00
849.74	1967.00
849.93	1902.00
850.11	1872.00
850.30	1883.00
850.48	1931.00
850.67	1969.00
850.85	1889.00
851.04	1876.00
851.22	1921.00
851.41	1895.00
851.59	1882.00
851.78	1929.00
851.97	1958.00
852.15	1901.00
852.34	1902.00
852.52	1965.00
852.71	1872.00
852.89	1921.00
853.08	1903.00
853.26	1873.00
853.45	1856.00
853.63	1838.00
853.82	1941.00
854.01	1911.00
854.19	1862.00
854.38	1896.00
854.56	1919.00
854.75	1919.00
854.93	1868.00
855.12	1875.00
855.30	1898.00
855.49	1874.00
855.67	1846.00
855.86	1890.00
856.04	1907.00
856.23	1851.00
856.41	1865.00
856.60	1837.00
856.79	1745.00
856.97	1813.00
857.16	1882.00
857.34	1845.00
857.53	1845.00
857.71	1793.00
857.90	1782.00
858.08	1763.00
858.27	1764.00
858.45	1701.00
858.64	1724.00
858.82	1751.00
859.01	1852.00
859.19	1806.00
859.38	1831.00
859.56	1846.00
859.75	1769.00
859.93	1792.00
860.12	1713.00
860.30	1841.00
860.49	1797.00
860.67	1812.00
860.86	1790.00
861.04	1714.00
861.23	1687.00
861.41	1682.00
861.60	1718.00
861.78	1715.00
861.97	1681.00
862.15	1738.00
862.34	1719.00
862.53	1685.00
862.71	1715.00
862.90	1717.00
863.08	1739.00
863.27	1678.00
863.45	1692.00
863.64	1774.00
863.82	1725.00
864.01	1759.00
864.19	1721.00
864.37	1658.00
864.56	1705.00
864.74	1719.00
864.93	1655.00
865.11	1689.00
865.30	1689.00
865.48	1624.00
865.67	1624.00
865.85	1614.00
866.04	1649.00
866.22	1608.00
866.41	1646.00
866.59	1626.00
866.78	1661.00
866.96	1610.00
867.15	1578.00
867.33	1635.00
867.52	1625.00
867.70	1585.00
867.89	1565.00
868.07	1535.00
868.26	1611.00
868.44	1561.00
868.63	1530.00
868.81	1574.00
869.00	1607.00
869.18	1550.00
869.37	1592.00
869.55	1613.00
869.74	1617.00
869.92	1481.00
870.10	1495.00
870.29	1544.00
870.47	1536.00
870.66	1601.00
870.84	1619.00
871.03	1512.00
871.21	1500.00
871.40	1472.00
871.58	1539.00
871.77	1515.00
871.95	1486.00
872.14	1548.00
872.32	1500.00
872.51	1500.00
872.69	1501.00
872.87	1497.00
873.06	1458.00
873.24	1392.00
873.43	1470.00
873.61	1458.00
873.80	1449.00
873.98	1427.00
874.17	1492.00
874.35	1471.00
874.54	1421.00
874.72	1362.00
874.90	1457.00
875.09	1436.00
875.27	1439.00
875.46	1489.00
875.64	1465.00
875.83	1409.00
876.01	1410.00
876.20	1401.00
876.38	1425.00
876.56	1390.00
876.75	1491.00
876.93	1467.00
877.12	1454.00
877.30	1499.00
877.49	1485.00
877.67	1412.00
877.86	1423.00
878.04	1387.00
878.22	1410.00
878.41	1446.00
878.59	1468.00
878.78	1398.00
878.96	1424.00
879.15	1435.00
879.33	1453.00
879.51	1492.00
879.70	1463.00
879.88	1476.00
880.07	1449.00
880.25	1388.00
880.44	1440.00
880.62	1408.00
880.80	1380.00
880.99	1356.00
881.17	1360.00
881.36	1316.00
881.54	1366.00
881.73	1482.00
881.91	1508.00
882.09	1464.00
882.28	1278.00
882.46	1345.00
882.65	1437.00
882.83	1464.00
883.02	1394.00
883.20	1353.00
883.38	1405.00
883.57	1376.00
883.75	1378.00
883.94	1367.00
884.12	1413.00
884.30	1335.00
884.49	1332.00
884.67	1375.00
884.86	1456.00
885.04	1412.00
885.22	1328.00
885.41	1376.00
885.59	1410.00
885.78	1318.00
885.96	1292.00
886.14	1342.00
886.33	1388.00
886.51	1333.00
886.70	1375.00
886.88	1434.00
887.06	1369.00
887.25	1382.00
887.43	1393.00
887.62	1350.00
887.80	1349.00
887.98	1338.00
888.17	1311.00
888.35	1331.00
888.54	1385.00
888.72	1416.00
888.90	1421.00
889.09	1448.00
889.27	1405.00
889.46	1408.00
889.64	1386.00
889.82	1338.00
890.01	1280.00
890.19	1252.00
890.38	1342.00
890.56	1369.00
890.74	1303.00
890.93	1314.00
891.11	1406.00
891.29	1411.00
891.48	1389.00
891.66	1427.00
891.85	1333.00
892.03	1295.00
892.21	1277.00
892.40	1322.00
892.58	1355.00
892.76	1369.00
892.95	1382.00
893.13	1353.00
893.32	1343.00
893.50	1393.00
893.68	1362.00
893.87	1353.00
894.05	1320.00
894.23	1310.00
894.42	1336.00
894.60	1347.00
894.79	1359.00
894.97	1316.00
895.15	1349.00
895.34	1352.00
895.52	1399.00
895.70	1411.00
895.89	1404.00
896.07	1416.00
896.25	1472.00
896.44	1363.00
896.62	1270.00
896.81	1298.00
896.99	1400.00
897.17	1302.00
897.36	1312.00
897.54	1411.00
897.72	1415.00
897.91	1366.00
898.09	1399.00
898.27	1436.00
898.46	1321.00
898.64	1309.00
898.82	1329.00
899.01	1392.00
899.19	1382.00
899.37	1419.00
899.56	1457.00
899.74	1428.00
899.92	1432.00
900.11	1461.00
900.29	1497.00
900.47	1449.00
900.66	1458.00
900.84	1414.00
901.03	1375.00
901.21	1416.00
901.39	1426.00
901.58	1451.00
901.76	1369.00
901.94	1358.00
902.13	1394.00
902.31	1463.00
902.49	1379.00
902.68	1430.00
902.86	1445.00
903.04	1451.00
903.23	1483.00
903.41	1510.00
903.59	1443.00
903.78	1398.00
903.96	1417.00
904.14	1512.00
904.32	1507.00
904.51	1447.00
904.69	1507.00
904.87	1535.00
905.06	1496.00
905.24	1494.00
905.42	1524.00
905.61	1542.00
905.79	1507.00
905.97	1464.00
906.16	1495.00
906.34	1418.00
906.52	1483.00
906.71	1504.00
906.89	1498.00
907.07	1554.00
907.26	1513.00
907.44	1575.00
907.62	1564.00
907.81	1467.00
907.99	1515.00
908.17	1479.00
908.35	1527.00
908.54	1522.00
908.72	1575.00
908.90	1534.00
909.09	1473.00
909.27	1519.00
909.45	1495.00
909.64	1438.00
909.82	1579.00
910.00	1500.00
910.18	1499.00
910.37	1465.00
910.55	1401.00
910.73	1529.00
910.92	1544.00
911.10	1435.00
911.28	1447.00
911.47	1437.00
911.65	1458.00
911.83	1400.00
912.01	1450.00
912.20	1451.00
912.38	1456.00
912.56	1505.00
912.75	1554.00
912.93	1439.00
913.11	1463.00
913.29	1502.00
913.48	1455.00
913.66	1439.00
913.84	1452.00
914.03	1481.00
914.21	1513.00
914.39	1460.00
914.57	1479.00
914.76	1438.00
914.94	1473.00
915.12	1462.00
915.31	1390.00
915.49	1385.00
915.67	1371.00
915.85	1469.00
916.04	1461.00
916.22	1451.00
916.40	1460.00
916.58	1401.00
916.77	1447.00
916.95	1527.00
917.13	1460.00
917.32	1424.00
917.50	1376.00
917.68	1368.00
917.86	1454.00
918.05	1422.00
918.23	1402.00
918.41	1392.00
918.59	1412.00
918.78	1443.00
918.96	1359.00
919.14	1349.00
919.32	1348.00
919.51	1334.00
919.69	1385.00
919.87	1487.00
920.05	1390.00
920.24	1302.00
920.42	1339.00
920.60	1346.00
920.78	1316.00
920.97	1313.00
921.15	1311.00
921.33	1355.00
921.52	1303.00
921.70	1248.00
921.88	1274.00
922.06	1274.00
922.24	1286.00
922.43	1310.00
922.61	1334.00
922.79	1369.00
922.97	1421.00
923.16	1343.00
923.34	1343.00
923.52	1367.00
923.70	1340.00
923.89	1311.00
924.07	1268.00
924.25	1325.00
924.43	1298.00
924.62	1296.00
924.80	1274.00
924.98	1234.00
925.16	1323.00
925.35	1383.00
925.53	1352.00
925.71	1321.00
925.89	1375.00
926.08	1333.00
926.26	1266.00
926.44	1316.00
926.62	1284.00
926.80	1239.00
926.99	1235.00
927.17	1247.00
927.35	1298.00
927.53	1250.00
927.72	1267.00
927.90	1194.00
928.08	1187.00
928.26	1293.00
928.44	1371.00
928.63	1300.00
928.81	1189.00
928.99	1288.00
929.17	1327.00
929.36	1211.00
929.54	1214.00
929.72	1294.00
929.90	1246.00
930.08	1203.00
930.27	1169.00
930.45	1205.00
930.63	1163.00
930.81	1147.00
930.99	1177.00
931.18	1185.00
931.36	1257.00
931.54	1257.00
931.72	1250.00
931.90	1172.00
932.09	1209.00
932.27	1158.00
932.45	1163.00
932.63	1119.00
932.81	1134.00
933.00	1185.00
933.18	1155.00
933.36	1146.00
933.54	1126.00
933.72	1141.00
933.91	1155.00
934.09	1151.00
934.27	1059.00
934.45	1029.00
934.63	1044.00
934.82	1038.00
935.00	1038.00
935.18	1024.00
935.36	1056.00
935.54	1070.00
935.73	1021.00
935.91	967.00
936.09	908.00
936.27	960.00
936.45	925.00
936.64	958.00
936.82	960.00
937.00	950.00
937.18	890.00
937.36	900.00
937.54	911.00
937.73	806.00
937.91	837.00
938.09	837.00
938.27	788.00
938.45	776.00
938.63	807.00
938.82	725.00
939.00	685.00
939.18	680.00
939.36	738.00
939.54	716.00
939.73	687.00
939.91	661.00
940.09	674.00
940.27	727.00
940.45	724.00
940.63	650.00
940.82	648.00
941.00	635.00
941.18	704.00
941.36	680.00
941.54	681.00
941.72	660.00
941.91	615.00
942.09	590.00
942.27	634.00
942.45	623.00
942.63	642.00
942.81	555.00
942.99	599.00
943.18	633.00
943.36	609.00
943.54	641.00
943.72	613.00
943.90	617.00
944.08	594.00
944.27	556.00
944.45	635.00
944.63	696.00
944.81	679.00
944.99	633.00
945.17	630.00
945.35	584.00
945.54	620.00
945.72	616.00
945.90	535.00
946.08	551.00
946.26	550.00
946.44	532.00
946.62	532.00
946.81	611.00
946.99	660.00
947.17	631.00
947.35	622.00
947.53	556.00
947.71	636.00
947.89	638.00
948.07	581.00
948.26	577.00
948.44	606.00
948.62	586.00
948.80	603.00
948.98	570.00
949.16	534.00
949.34	567.00
949.53	567.00
949.71	622.00
949.89	635.00
950.07	565.00
950.25	598.00
950.43	635.00
950.61	631.00
950.79	621.00
950.98	632.00
951.16	679.00
951.34	653.00
951.52	608.00
951.70	555.00
951.88	568.00
952.06	519.00
952.24	573.00
952.42	632.00
952.61	539.00
952.79	536.00
952.97	596.00
953.15	612.00
953.33	580.00
953.51	589.00
953.69	612.00
953.87	562.00
954.05	530.00
954.24	644.00
954.42	548.00
954.60	540.00
954.78	623.00
954.96	587.00
955.14	594.00
955.32	564.00
955.50	552.00
955.68	552.00
955.86	503.00
956.05	589.00
956.23	550.00
956.41	544.00
956.59	562.00
956.77	599.00
956.95	628.00
957.13	547.00
957.31	620.00
957.49	597.00
957.67	572.00
957.86	594.00
958.04	591.00
958.22	612.00
958.40	538.00
958.58	546.00
958.76	545.00
958.94	563.00
959.12	590.00
959.30	515.00
959.48	601.00
959.66	562.00
959.84	515.00
960.03	527.00
960.21	594.00
960.39	551.00
960.57	537.00
960.75	517.00
960.93	500.00
961.11	491.00
961.29	541.00
961.47	567.00
961.65	545.00
961.83	566.00
962.01	566.00
962.19	480.00
962.37	440.00
962.56	503.00
962.74	521.00
962.92	563.00
963.10	544.00
963.28	572.00
963.46	508.00
963.64	512.00
963.82	574.00
964.00	562.00
964.18	532.00
964.36	576.00
964.54	558.00
964.72	559.00
964.90	525.00
965.08	482.00
965.27	534.00
965.45	553.00
965.63	530.00
965.81	583.00
965.99	545.00
966.17	539.00
966.35	486.00
966.53	449.00
966.71	439.00
966.89	551.00
967.07	597.00
967.25	507.00
967.43	525.00
967.61	484.00
967.79	502.00
967.97	510.00
968.15	556.00
968.33	546.00
968.51	512.00
968.69	521.00
968.87	549.00
969.06	472.00
969.24	423.00
969.42	514.00
969.60	480.00
969.78	471.00
969.96	434.00
970.14	465.00
970.32	509.00
970.50	488.00
970.68	558.00
970.86	477.00
971.04	514.00
971.22	568.00
971.40	504.00
971.58	489.00
971.76	533.00
971.94	533.00
972.12	476.00
972.30	492.00
972.48	502.00
972.66	433.00
972.84	521.00
973.02	468.00
973.20	418.00
973.38	409.00
973.56	452.00
973.74	406.00
973.92	428.00
974.10	465.00
974.28	504.00
974.46	486.00
974.64	405.00
974.82	426.00
975.00	482.00
975.18	486.00
975.36	419.00
975.54	461.00
975.72	445.00
975.90	439.00
976.08	457.00
976.26	495.00
976.44	449.00
976.62	397.00
976.80	435.00
976.98	426.00
977.16	407.00
977.34	380.00
977.52	440.00
977.70	404.00
977.88	469.00
978.06	497.00
978.24	374.00
978.42	394.00
978.60	422.00
978.78	466.00
978.96	440.00
979.14	421.00
979.32	399.00
979.50	433.00
979.68	381.00
979.86	380.00
980.04	434.00
980.22	440.00
980.40	410.00
980.58	384.00
980.76	386.00
980.94	393.00
981.12	398.00
981.30	451.00
981.48	454.00
981.66	453.00
981.84	405.00
982.02	345.00
982.20	414.00
982.38	493.00
982.56	349.00
982.74	320.00
982.92	370.00
983.10	413.00
983.28	433.00
983.46	441.00
983.64	432.00
983.82	443.00
984.00	429.00
984.18	391.00
984.36	346.00
984.54	354.00
984.72	386.00
984.90	399.00
985.08	422.00
985.26	371.00
985.44	401.00
985.62	359.00
985.80	452.00
985.98	449.00
986.16	425.00
986.34	350.00
986.51	342.00
986.69	386.00
986.87	437.00
987.05	464.00
987.23	437.00
987.41	373.00
987.59	321.00
987.77	350.00
987.95	374.00
988.13	307.00
988.31	337.00
988.49	405.00
988.67	441.00
988.85	377.00
989.03	404.00
989.21	381.00
989.39	332.00
989.57	313.00
989.75	289.00
989.93	334.00
990.11	380.00
990.28	326.00
990.46	349.00
990.64	373.00
990.82	357.00
991.00	358.00
991.18	333.00
991.36	314.00
991.54	297.00
991.72	347.00
991.90	357.00
992.08	378.00
992.26	347.00
992.44	345.00
992.62	346.00
992.80	312.00
992.98	307.00
993.15	338.00
993.33	355.00
993.51	375.00
993.69	314.00
993.87	294.00
994.05	359.00
994.23	315.00
994.41	349.00
994.59	295.00
994.77	291.00
994.95	325.00
995.13	290.00
995.31	281.00
995.48	289.00
995.66	288.00
995.84	325.00
996.02	307.00
996.20	300.00
996.38	258.00
996.56	292.00
996.74	307.00
996.92	366.00
997.10	348.00
997.28	359.00
997.46	338.00
997.63	300.00
997.81	265.00
997.99	284.00
998.17	331.00
998.35	323.00
998.53	268.00
998.71	248.00
998.89	256.00
999.07	291.00
999.25	288.00
999.43	286.00
999.60	230.00
999.78	234.00
999.96	248.00
1000.14	284.00
1000.32	273.00
1000.50	287.00
1000.68	287.00
1000.86	352.00
1001.04	324.00
1001.21	250.00
1001.39	228.00
1001.57	268.00
1001.75	366.00
1001.93	318.00
1002.11	323.00
1002.29	320.00
1002.47	292.00
1002.65	291.00
1002.82	271.00
1003.00	239.00
1003.18	216.00
1003.36	278.00
1003.54	297.00
1003.72	302.00
1003.90	254.00
1004.08	290.00
1004.26	269.00
1004.43	249.00
1004.61	273.00
1004.79	315.00
1004.97	273.00
1005.15	291.00
1005.33	328.00
1005.51	276.00
1005.69	284.00
1005.86	270.00
1006.04	293.00
1006.22	302.00
1006.40	270.00
1006.58	240.00
1006.76	229.00
1006.94	251.00
1007.12	245.00
1007.29	247.00
1007.47	234.00
1007.65	234.00
1007.83	260.00
1008.01	205.00
1008.19	199.00
1008.37	235.00
1008.54	229.00
1008.72	234.00
1008.90	292.00
1009.08	246.00
1009.26	247.00
1009.44	229.00
1009.62	257.00
1009.79	290.00
1009.97	305.00
1010.15	266.00
1010.33	240.00
1010.51	237.00
1010.69	277.00
1010.87	231.00
1011.04	241.00
1011.22	206.00
1011.40	169.00
1011.58	201.00
1011.76	233.00
1011.94	299.00
1012.11	275.00
1012.29	205.00
1012.47	250.00
1012.65	253.00
1012.83	215.00
1013.01	183.00
1013.18	221.00
1013.36	253.00
1013.54	255.00
1013.72	325.00
1013.90	290.00
1014.08	219.00
1014.25	250.00
1014.43	276.00
1014.61	287.00
1014.79	261.00
1014.97	220.00
1015.15	203.00
1015.32	232.00
1015.50	270.00
1015.68	287.00
1015.86	264.00
1016.04	250.00
1016.22	284.00
1016.39	299.00
1016.57	272.00
1016.75	296.00
1016.93	279.00
1017.11	192.00
1017.29	226.00
1017.46	248.00
1017.64	232.00
1017.82	185.00
1018.00	228.00
1018.18	209.00
1018.35	218.00
1018.53	184.00
1018.71	213.00
1018.89	224.00
1019.07	220.00
1019.24	255.00
1019.42	202.00
1019.60	160.00
1019.78	180.00
1019.96	200.00
1020.14	203.00
1020.31	213.00
1020.49	162.00
1020.67	160.00
1020.85	238.00
1021.03	208.00
1021.20	186.00
1021.38	167.00
1021.56	204.00
1021.74	195.00
1021.92	208.00
1022.09	229.00
1022.27	217.00
1022.45	156.00
1022.63	184.00
1022.81	50.00
1022.98	120.00
1023.16	146.00
1023.34	162.00
1023.52	212.00
1023.69	171.00
1023.87	210.00
1024.05	183.00
1024.23	197.00
1024.41	190.00
1024.58	173.00
1024.76	173.00
1024.94	202.00
1025.12	206.00
1025.30	207.00
1025.47	220.00
1025.65	251.00
1025.83	227.00
1026.01	217.00
1026.18	180.00
1026.36	184.00
1026.54	157.00
1026.72	177.00
1026.90	232.00
1027.07	226.00
1027.25	180.00
1027.43	264.00
1027.61	213.00
1027.78	88.00
1027.96	167.00
1028.14	166.00
1028.32	164.00
1028.49	160.00
1028.67	186.00
1028.85	220.00
1029.03	199.00
1029.21	218.00
1029.38	158.00
1029.56	101.00
1029.74	182.00
1029.92	263.00
1030.09	249.00
1030.27	207.00
1030.45	148.00
1030.63	135.00
1030.80	144.00
1030.98	159.00
1031.16	201.00
1031.34	196.00
1031.51	187.00
1031.69	156.00
1031.87	195.00
1032.05	239.00
1032.22	212.00
1032.40	177.00
1032.58	216.00
1032.76	188.00
1032.93	161.00
1033.11	136.00
1033.29	134.00
1033.47	170.00
1033.64	196.00
1033.82	215.00
1034.00	222.00
1034.18	199.00
1034.35	207.00
1034.53	172.00
1034.71	175.00
1034.89	231.00
1035.06	208.00
1035.24	204.00
1035.42	244.00
1035.59	159.00
1035.77	127.00
1035.95	168.00
1036.13	128.00
1036.30	160.00
1036.48	201.00
1036.66	200.00
1036.84	150.00
1037.01	172.00
1037.19	138.00
1037.37	135.00
1037.54	188.00
1037.72	147.00
1037.90	144.00
1038.08	193.00
1038.25	134.00
1038.43	126.00
1038.61	154.00
1038.79	206.00
1038.96	176.00
1039.14	159.00
1039.32	187.00
1039.49	225.00
1039.67	191.00
1039.85	200.00
1040.03	219.00
1040.20	157.00
1040.38	141.00
1040.56	108.00
1040.73	82.00
1040.91	129.00
1041.09	138.00
1041.27	147.00
1041.44	164.00
1041.62	207.00
1041.80	121.00
1041.97	129.00
1042.15	107.00
1042.33	118.00
1042.50	193.00
1042.68	196.00
1042.86	206.00
1043.04	151.00
1043.21	199.00
1043.39	205.00
1043.57	138.00
1043.74	99.00
1043.92	152.00
1044.10	144.00
1044.27	169.00
1044.45	205.00
1044.63	247.00
1044.80	180.00
1044.98	134.00
1045.16	173.00
1045.34	157.00
1045.51	161.00
1045.69	190.00
1045.87	145.00
1046.04	100.00
1046.22	137.00
1046.40	110.00
1046.57	175.00
1046.75	148.00
1046.93	118.00
1047.10	135.00
1047.28	111.00
1047.46	131.00
1047.63	110.00
1047.81	139.00
1047.99	98.00
1048.16	96.00
1048.34	115.00
1048.52	153.00
1048.69	161.00
1048.87	97.00
1049.05	118.00
1049.22	121.00
1049.40	109.00
1049.58	111.00
1049.75	126.00
1049.93	133.00
1050.11	151.00
1050.28	121.00
1050.46	159.00
1050.64	207.00
1050.81	160.00
1050.99	110.00
1051.17	117.00
1051.34	173.00
1051.52	175.00
1051.70	130.00
1051.87	121.00
1052.05	174.00
1052.23	96.00
1052.40	71.00
1052.58	123.00
1052.76	182.00
1052.93	159.00
1053.11	92.00
1053.29	118.00
1053.46	177.00
1053.64	157.00
1053.82	106.00
1053.99	106.00
1054.17	85.00
1054.35	122.00
1054.52	126.00
1054.70	111.00
1054.87	127.00
1055.05	174.00
1055.23	135.00
1055.40	215.00
1055.58	177.00
1055.76	116.00
1055.93	85.00
1056.11	94.00
1056.29	96.00
1056.46	61.00
1056.64	114.00
1056.81	92.00
1056.99	111.00
1057.17	128.00
1057.34	128.00
1057.52	129.00
1057.70	112.00
1057.87	93.00
1058.05	152.00
1058.22	72.00
1058.40	120.00
1058.58	158.00
1058.75	69.00
1058.93	36.00
1059.11	70.00
1059.28	164.00
1059.46	151.00
1059.63	135.00
1059.81	196.00
1059.99	113.00
1060.16	48.00
1060.34	80.00
1060.52	92.00
1060.69	132.00
1060.87	166.00
1061.04	134.00
1061.22	144.00
