367.62	43.00
367.82	7.00
368.02	13.00
368.23	-12.00
368.43	-23.00
368.63	-43.00
368.83	-45.00
369.04	64.00
369.24	14.00
369.44	-9.00
369.65	20.00
369.85	58.00
370.05	64.00
370.25	5.00
370.46	-1.00
370.66	40.00
370.86	67.00
371.07	14.00
371.27	32.00
371.47	-19.00
371.67	-26.00
371.88	0.00
372.08	5.00
372.28	22.00
372.49	30.00
372.69	-9.00
372.89	-76.00
373.09	-60.00
373.30	27.00
373.50	65.00
373.70	-49.00
373.91	-114.00
374.11	-40.00
374.31	-20.00
374.51	-41.00
374.72	-21.00
374.92	3.00
375.12	-32.00
375.33	16.00
375.53	43.00
375.73	76.00
375.93	28.00
376.14	-8.00
376.34	-44.00
376.54	-36.00
376.74	-76.00
376.95	-18.00
377.15	-2.00
377.35	50.00
377.55	102.00
377.76	98.00
377.96	55.00
378.16	7.00
378.37	-5.00
378.57	11.00
378.77	-3.00
378.97	-17.00
379.18	-59.00
379.38	17.00
379.58	77.00
379.78	13.00
379.99	-24.00
380.19	-16.00
380.39	16.00
380.59	17.00
380.80	-28.00
381.00	-36.00
381.20	-20.00
381.40	-42.00
381.61	18.00
381.81	-18.00
382.01	-8.00
382.21	20.00
382.42	-43.00
382.62	53.00
382.82	-33.00
383.02	-20.00
383.23	-28.00
383.43	-30.00
383.63	-10.00
383.83	46.00
384.04	2.00
384.24	-32.00
384.44	5.00
384.64	97.00
384.85	41.00
385.05	13.00
385.25	-4.00
385.45	4.00
385.66	-27.00
385.86	-62.00
386.06	-38.00
386.26	14.00
386.47	66.00
386.67	-14.00
386.87	-11.00
387.07	-37.00
387.27	-11.00
387.48	13.00
387.68	-13.00
387.88	7.00
388.08	-18.00
388.29	30.00
388.49	16.00
388.69	-14.00
388.89	25.00
389.10	19.00
389.30	-39.00
389.50	-36.00
389.70	-3.00
389.90	-13.00
390.11	-64.00
390.31	-70.00
390.51	-54.00
390.71	45.00
390.92	28.00
391.12	40.00
391.32	49.00
391.52	27.00
391.72	13.00
391.93	-2.00
392.13	0.00
392.33	-14.00
392.53	-5.00
392.74	65.00
392.94	21.00
393.14	-8.00
393.34	-45.00
393.54	-11.00
393.75	51.00
393.95	45.00
394.15	34.00
394.35	-8.00
394.56	60.00
394.76	43.00
394.96	5.00
395.16	49.00
395.36	70.00
395.57	2.00
395.77	2.00
395.97	-27.00
396.17	-67.00
396.37	-19.00
396.58	23.00
396.78	-1.00
396.98	59.00
397.18	93.00
397.38	39.00
397.59	-61.00
397.79	66.00
397.99	54.00
398.19	-13.00
398.39	-26.00
398.60	59.00
398.80	-15.00
399.00	-3.00
399.20	45.00
399.40	43.00
399.61	49.00
399.81	3.00
400.01	-1.00
400.21	21.00
400.41	5.00
400.62	-1.00
400.82	81.00
401.02	100.00
401.22	38.00
401.42	6.00
401.63	4.00
401.83	68.00
402.03	42.00
402.23	3.00
402.43	83.00
402.64	-16.00
402.84	-60.00
403.04	27.00
403.24	56.00
403.44	55.00
403.64	-20.00
403.85	52.00
404.05	44.00
404.25	8.00
404.45	38.00
404.65	-22.00
404.86	-38.00
405.06	16.00
405.26	32.00
405.46	-17.00
405.66	-11.00
405.86	-21.00
406.07	0.00
406.27	38.00
406.47	44.00
406.67	37.00
406.87	-1.00
407.07	-6.00
407.28	7.00
407.48	-46.00
407.68	-44.00
407.88	-1.00
408.08	-7.00
408.28	-36.00
408.49	63.00
408.69	48.00
408.89	-14.00
409.09	54.00
409.29	30.00
409.49	10.00
409.70	-30.00
409.90	25.00
410.10	65.00
410.30	63.00
410.50	-21.00
410.70	-9.00
410.91	81.00
411.11	65.00
411.31	21.00
411.51	38.00
411.71	32.00
411.91	107.00
412.12	10.00
412.32	-24.00
412.52	5.00
412.72	36.00
412.92	-20.00
413.12	29.00
413.32	6.00
413.53	19.00
413.73	14.00
413.93	12.00
414.13	20.00
414.33	49.00
414.53	21.00
414.74	-45.00
414.94	-6.00
415.14	42.00
415.34	-12.00
415.54	-28.00
415.74	24.00
415.94	27.00
416.15	-5.00
416.35	-20.00
416.55	-36.00
416.75	52.00
416.95	38.00
417.15	38.00
417.35	12.00
417.56	34.00
417.76	38.00
417.96	59.00
418.16	49.00
418.36	10.00
418.56	31.00
418.76	53.00
418.97	39.00
419.17	59.00
419.37	15.00
419.57	63.00
419.77	81.00
419.97	30.00
420.17	18.00
420.37	13.00
420.58	61.00
420.78	56.00
420.98	59.00
421.18	25.00
421.38	-10.00
421.58	6.00
421.78	-20.00
421.98	40.00
422.19	48.00
422.39	75.00
422.59	89.00
422.79	52.00
422.99	28.00
423.19	-44.00
423.39	-13.00
423.59	-38.00
423.80	28.00
424.00	30.00
424.20	44.00
424.40	27.00
424.60	11.00
424.80	68.00
425.00	49.00
425.20	-58.00
425.40	12.00
425.61	88.00
425.81	94.00
426.01	99.00
426.21	51.00
426.41	54.00
426.61	38.00
426.81	13.00
427.01	63.00
427.21	124.00
427.42	27.00
427.62	81.00
427.82	83.00
428.02	70.00
428.22	60.00
428.42	43.00
428.62	42.00
428.82	45.00
429.02	23.00
429.23	56.00
429.43	38.00
429.63	-1.00
429.83	8.00
430.03	73.00
430.23	36.00
430.43	77.00
430.63	35.00
430.83	92.00
431.03	91.00
431.24	86.00
431.44	69.00
431.64	26.00
431.84	68.00
432.04	-8.00
432.24	11.00
432.44	11.00
432.64	99.00
432.84	74.00
433.04	80.00
433.24	-1.00
433.45	-22.00
433.65	-38.00
433.85	7.00
434.05	20.00
434.25	40.00
434.45	75.00
434.65	75.00
434.85	107.00
435.05	30.00
435.25	12.00
435.45	50.00
435.65	5.00
435.86	-1.00
436.06	-5.00
436.26	-6.00
436.46	15.00
436.66	55.00
436.86	25.00
437.06	-3.00
437.26	43.00
437.46	45.00
437.66	64.00
437.86	-12.00
438.06	18.00
438.26	42.00
438.47	6.00
438.67	22.00
438.87	82.00
439.07	91.00
439.27	71.00
439.47	-15.00
439.67	33.00
439.87	77.00
440.07	83.00
440.27	77.00
440.47	37.00
440.67	-11.00
440.87	16.00
441.07	50.00
441.27	65.00
441.48	-6.00
441.68	4.00
441.88	152.00
442.08	117.00
442.28	15.00
442.48	-25.00
442.68	-2.00
442.88	14.00
443.08	52.00
443.28	4.00
443.48	23.00
443.68	103.00
443.88	105.00
444.08	104.00
444.28	18.00
444.48	6.00
444.68	24.00
444.88	48.00
445.09	72.00
445.29	41.00
445.49	49.00
445.69	74.00
445.89	114.00
446.09	78.00
446.29	57.00
446.49	23.00
446.69	83.00
446.89	115.00
447.09	105.00
447.29	15.00
447.49	69.00
447.69	46.00
447.89	7.00
448.09	89.00
448.29	125.00
448.49	65.00
448.69	65.00
448.89	107.00
449.09	24.00
449.29	54.00
449.49	18.00
449.70	57.00
449.90	25.00
450.10	14.00
450.30	63.00
450.50	57.00
450.70	-19.00
450.90	69.00
451.10	83.00
451.30	76.00
451.50	104.00
451.70	74.00
451.90	72.00
452.10	89.00
452.30	76.00
452.50	30.00
452.70	93.00
452.90	114.00
453.10	58.00
453.30	78.00
453.50	43.00
453.70	-1.00
453.90	7.00
454.10	79.00
454.30	59.00
454.50	72.00
454.70	-6.00
454.90	-6.00
455.10	43.00
455.30	20.00
455.50	6.00
455.70	43.00
455.90	71.00
456.10	75.00
456.30	28.00
456.50	51.00
456.70	34.00
456.90	82.00
457.10	74.00
457.30	66.00
457.50	96.00
457.70	87.00
457.90	13.00
458.10	87.00
458.30	73.00
458.50	86.00
458.70	96.00
458.90	73.00
459.10	9.00
459.30	47.00
459.50	121.00
459.70	70.00
459.90	52.00
460.10	114.00
460.30	113.00
460.50	157.00
460.70	103.00
460.90	76.00
461.10	115.00
461.30	162.00
461.50	115.00
461.70	104.00
461.90	94.00
462.10	83.00
462.30	55.00
462.50	51.00
462.70	110.00
462.90	65.00
463.10	59.00
463.30	82.00
463.50	89.00
463.70	103.00
463.90	98.00
464.10	105.00
464.30	89.00
464.50	109.00
464.70	105.00
464.90	91.00
465.10	63.00
465.30	-7.00
465.50	56.00
465.70	129.00
465.90	75.00
466.10	101.00
466.30	152.00
466.50	168.00
466.70	97.00
466.90	41.00
467.10	105.00
467.30	132.00
467.50	140.00
467.70	116.00
467.90	98.00
468.10	152.00
468.30	128.00
468.50	76.00
468.70	60.00
468.90	61.00
469.10	52.00
469.30	4.00
469.50	86.00
469.70	38.00
469.90	85.00
470.10	88.00
470.30	58.00
470.50	55.00
470.70	117.00
470.90	83.00
471.10	74.00
471.29	65.00
471.49	77.00
471.69	123.00
471.89	69.00
472.09	87.00
472.29	106.00
472.49	124.00
472.69	128.00
472.89	126.00
473.09	112.00
473.29	81.00
473.49	84.00
473.69	52.00
473.89	71.00
474.09	98.00
474.29	79.00
474.49	106.00
474.69	84.00
474.89	84.00
475.09	79.00
475.29	121.00
475.49	143.00
475.69	58.00
475.88	114.00
476.08	95.00
476.28	88.00
476.48	88.00
476.68	69.00
476.88	117.00
477.08	53.00
477.28	36.00
477.48	140.00
477.68	107.00
477.88	6.00
478.08	40.00
478.28	142.00
478.48	122.00
478.68	71.00
478.88	39.00
479.08	106.00
479.28	161.00
479.47	123.00
479.67	31.00
479.87	89.00
480.07	143.00
480.27	107.00
480.47	54.00
480.67	90.00
480.87	82.00
481.07	100.00
481.27	109.00
481.47	43.00
481.67	115.00
481.87	75.00
482.07	66.00
482.27	86.00
482.46	56.00
482.66	65.00
482.86	84.00
483.06	57.00
483.26	13.00
483.46	-8.00
483.66	28.00
483.86	122.00
484.06	85.00
484.26	86.00
484.46	136.00
484.66	138.00
484.86	117.00
485.05	127.00
485.25	91.00
485.45	86.00
485.65	113.00
485.85	91.00
486.05	109.00
486.25	120.00
486.45	113.00
486.65	73.00
486.85	79.00
487.05	127.00
487.25	106.00
487.44	93.00
487.64	140.00
487.84	52.00
488.04	39.00
488.24	105.00
488.44	139.00
488.64	122.00
488.84	130.00
489.04	125.00
489.24	105.00
489.43	171.00
489.63	151.00
489.83	71.00
490.03	84.00
490.23	70.00
490.43	59.00
490.63	135.00
490.83	108.00
491.03	138.00
491.23	153.00
491.42	124.00
491.62	123.00
491.82	174.00
492.02	131.00
492.22	138.00
492.42	152.00
492.62	181.00
492.82	157.00
493.02	101.00
493.22	109.00
493.41	122.00
493.61	163.00
493.81	127.00
494.01	86.00
494.21	68.00
494.41	101.00
494.61	119.00
494.81	72.00
495.01	69.00
495.20	138.00
495.40	175.00
495.60	206.00
495.80	184.00
496.00	155.00
496.20	147.00
496.40	169.00
496.60	215.00
496.79	222.00
496.99	192.00
497.19	193.00
497.39	131.00
497.59	150.00
497.79	155.00
497.99	122.00
498.19	112.00
498.38	168.00
498.58	197.00
498.78	142.00
498.98	169.00
499.18	152.00
499.38	156.00
499.58	249.00
499.78	163.00
499.97	183.00
500.17	110.00
500.37	110.00
500.57	145.00
500.77	193.00
500.97	192.00
501.17	187.00
501.37	215.00
501.56	228.00
501.76	203.00
501.96	138.00
502.16	172.00
502.36	201.00
502.56	234.00
502.76	215.00
502.95	191.00
503.15	182.00
503.35	173.00
503.55	179.00
503.75	178.00
503.95	204.00
504.15	173.00
504.34	191.00
504.54	167.00
504.74	115.00
504.94	152.00
505.14	131.00
505.34	122.00
505.54	184.00
505.73	200.00
505.93	172.00
506.13	206.00
506.33	153.00
506.53	192.00
506.73	232.00
506.92	184.00
507.12	137.00
507.32	190.00
507.52	172.00
507.72	198.00
507.92	182.00
508.12	132.00
508.31	145.00
508.51	152.00
508.71	221.00
508.91	179.00
509.11	226.00
509.31	213.00
509.50	172.00
509.70	139.00
509.90	180.00
510.10	169.00
510.30	154.00
510.50	182.00
510.69	135.00
510.89	188.00
511.09	182.00
511.29	141.00
511.49	185.00
511.69	150.00
511.88	156.00
512.08	155.00
512.28	204.00
512.48	172.00
512.68	51.00
512.88	146.00
513.07	183.00
513.27	118.00
513.47	174.00
513.67	130.00
513.87	159.00
514.06	193.00
514.26	217.00
514.46	137.00
514.66	145.00
514.86	178.00
515.06	172.00
515.25	174.00
515.45	164.00
515.65	156.00
515.85	143.00
516.05	168.00
516.24	135.00
516.44	146.00
516.64	222.00
516.84	204.00
517.04	194.00
517.23	182.00
517.43	155.00
517.63	185.00
517.83	176.00
518.03	167.00
518.23	189.00
518.42	177.00
518.62	197.00
518.82	216.00
519.02	184.00
519.22	187.00
519.41	195.00
519.61	173.00
519.81	246.00
520.01	260.00
520.21	167.00
520.40	220.00
520.60	233.00
520.80	185.00
521.00	166.00
521.20	209.00
521.39	232.00
521.59	252.00
521.79	181.00
521.99	173.00
522.19	238.00
522.38	222.00
522.58	164.00
522.78	175.00
522.98	250.00
523.17	251.00
523.37	173.00
523.57	140.00
523.77	209.00
523.97	201.00
524.16	153.00
524.36	191.00
524.56	204.00
524.76	230.00
524.96	205.00
525.15	228.00
525.35	218.00
525.55	172.00
525.75	163.00
525.94	230.00
526.14	238.00
526.34	207.00
526.54	222.00
526.74	229.00
526.93	241.00
527.13	201.00
527.33	252.00
527.53	271.00
527.72	208.00
527.92	230.00
528.12	250.00
528.32	248.00
528.52	215.00
528.71	240.00
528.91	295.00
529.11	289.00
529.31	300.00
529.50	280.00
529.70	260.00
529.90	289.00
530.10	313.00
530.29	264.00
530.49	250.00
530.69	294.00
530.89	316.00
531.09	273.00
531.28	316.00
531.48	269.00
531.68	323.00
531.88	314.00
532.07	347.00
532.27	322.00
532.47	353.00
532.67	316.00
532.86	287.00
533.06	298.00
533.26	275.00
533.46	290.00
533.65	292.00
533.85	319.00
534.05	355.00
534.25	407.00
534.44	365.00
534.64	320.00
534.84	313.00
535.04	325.00
535.23	328.00
535.43	305.00
535.63	302.00
535.83	323.00
536.02	370.00
536.22	310.00
536.42	362.00
536.62	401.00
536.81	339.00
537.01	297.00
537.21	257.00
537.41	353.00
537.60	457.00
537.80	421.00
538.00	362.00
538.20	328.00
538.39	389.00
538.59	383.00
538.79	388.00
538.99	389.00
539.18	486.00
539.38	426.00
539.58	412.00
539.77	406.00
539.97	387.00
540.17	377.00
540.37	391.00
540.56	408.00
540.76	357.00
540.96	395.00
541.16	403.00
541.35	431.00
541.55	454.00
541.75	460.00
541.94	426.00
542.14	452.00
542.34	429.00
542.54	445.00
542.73	408.00
542.93	455.00
543.13	496.00
543.33	450.00
543.52	489.00
543.72	490.00
543.92	385.00
544.11	404.00
544.31	399.00
544.51	409.00
544.71	411.00
544.90	501.00
545.10	466.00
545.30	426.00
545.49	529.00
545.69	534.00
545.89	503.00
546.09	465.00
546.28	451.00
546.48	470.00
546.68	555.00
546.87	477.00
547.07	396.00
547.27	410.00
547.47	423.00
547.66	346.00
547.86	368.00
548.06	450.00
548.25	381.00
548.45	463.00
548.65	517.00
548.84	500.00
549.04	453.00
549.24	498.00
549.44	505.00
549.63	439.00
549.83	414.00
550.03	388.00
550.22	479.00
550.42	484.00
550.62	429.00
550.81	407.00
551.01	356.00
551.21	372.00
551.41	382.00
551.60	377.00
551.80	334.00
552.00	434.00
552.19	478.00
552.39	431.00
552.59	413.00
552.78	377.00
552.98	377.00
553.18	385.00
553.37	406.00
553.57	375.00
553.77	421.00
553.96	406.00
554.16	404.00
554.36	363.00
554.56	414.00
554.75	438.00
554.95	435.00
555.15	388.00
555.34	364.00
555.54	371.00
555.74	475.00
555.93	455.00
556.13	382.00
556.33	400.00
556.52	425.00
556.72	409.00
556.92	361.00
557.11	405.00
557.31	388.00
557.51	318.00
557.70	299.00
557.90	312.00
558.10	332.00
558.29	356.00
558.49	333.00
558.69	328.00
558.88	316.00
559.08	354.00
559.28	390.00
559.47	406.00
559.67	342.00
559.87	312.00
560.06	315.00
560.26	277.00
560.46	327.00
560.65	355.00
560.85	330.00
561.05	385.00
561.24	389.00
561.44	428.00
561.64	383.00
561.83	385.00
562.03	392.00
562.23	360.00
562.42	394.00
562.62	387.00
562.82	347.00
563.01	316.00
563.21	364.00
563.40	371.00
563.60	390.00
563.80	334.00
563.99	392.00
564.19	406.00
564.39	399.00
564.58	351.00
564.78	403.00
564.98	348.00
565.17	355.00
565.37	384.00
565.57	350.00
565.76	370.00
565.96	406.00
566.16	426.00
566.35	436.00
566.55	431.00
566.74	441.00
566.94	413.00
567.14	427.00
567.33	482.00
567.53	453.00
567.73	454.00
567.92	482.00
568.12	454.00
568.32	415.00
568.51	412.00
568.71	457.00
568.90	423.00
569.10	423.00
569.30	427.00
569.49	416.00
569.69	393.00
569.89	406.00
570.08	413.00
570.28	442.00
570.47	420.00
570.67	406.00
570.87	441.00
571.06	449.00
571.26	435.00
571.46	430.00
571.65	447.00
571.85	400.00
572.04	451.00
572.24	488.00
572.44	505.00
572.63	471.00
572.83	442.00
573.03	449.00
573.22	422.00
573.42	373.00
573.61	454.00
573.81	519.00
574.01	534.00
574.20	493.00
574.40	601.00
574.59	525.00
574.79	486.00
574.99	529.00
575.18	521.00
575.38	523.00
575.58	559.00
575.77	573.00
575.97	552.00
576.16	527.00
576.36	535.00
576.56	589.00
576.75	549.00
576.95	570.00
577.14	646.00
577.34	690.00
577.54	671.00
577.73	603.00
577.93	547.00
578.12	607.00
578.32	551.00
578.52	555.00
578.71	618.00
578.91	639.00
579.10	677.00
579.30	602.00
579.50	648.00
579.69	703.00
579.89	734.00
580.08	704.00
580.28	673.00
580.48	630.00
580.67	694.00
580.87	771.00
581.06	738.00
581.26	679.00
581.45	737.00
581.65	785.00
581.85	831.00
582.04	815.00
582.24	863.00
582.43	804.00
582.63	744.00
582.83	762.00
583.02	797.00
583.22	848.00
583.41	820.00
583.61	900.00
583.80	947.00
584.00	896.00
584.20	848.00
584.39	872.00
584.59	866.00
584.78	920.00
584.98	902.00
585.17	876.00
585.37	960.00
585.57	961.00
585.76	1002.00
585.96	1055.00
586.15	1022.00
586.35	950.00
586.54	1036.00
586.74	1047.00
586.94	1063.00
587.13	1083.00
587.33	1117.00
587.52	1108.00
587.72	1138.00
587.91	1159.00
588.11	1111.00
588.31	1108.00
588.50	1144.00
588.70	1167.00
588.89	1170.00
589.09	1132.00
589.28	1118.00
589.48	1158.00
589.68	1224.00
589.87	1151.00
590.07	1198.00
590.26	1225.00
590.46	1233.00
590.65	1196.00
590.85	1225.00
591.04	1267.00
591.24	1301.00
591.44	1317.00
591.63	1344.00
591.83	1387.00
592.02	1337.00
592.22	1324.00
592.41	1355.00
592.61	1402.00
592.80	1407.00
593.00	1424.00
593.19	1386.00
593.39	1420.00
593.59	1401.00
593.78	1396.00
593.98	1448.00
594.17	1461.00
594.37	1464.00
594.56	1401.00
594.76	1364.00
594.95	1442.00
595.15	1472.00
595.34	1520.00
595.54	1521.00
595.73	1440.00
595.93	1477.00
596.13	1538.00
596.32	1526.00
596.52	1516.00
596.71	1534.00
596.91	1499.00
597.10	1537.00
597.30	1627.00
597.49	1640.00
597.69	1547.00
597.88	1573.00
598.08	1630.00
598.27	1616.00
598.47	1590.00
598.66	1664.00
598.86	1753.00
599.06	1707.00
599.25	1702.00
599.45	1697.00
599.64	1696.00
599.84	1673.00
600.03	1604.00
600.23	1631.00
600.42	1623.00
600.62	1666.00
600.81	1733.00
601.01	1648.00
601.20	1619.00
601.40	1645.00
601.59	1739.00
601.79	1657.00
601.98	1564.00
602.18	1642.00
602.37	1646.00
602.57	1651.00
602.76	1597.00
602.96	1642.00
603.15	1665.00
603.35	1607.00
603.54	1618.00
603.74	1580.00
603.93	1607.00
604.13	1561.00
604.32	1525.00
604.52	1583.00
604.71	1608.00
604.91	1650.00
605.10	1684.00
605.30	1697.00
605.49	1719.00
605.69	1626.00
605.88	1645.00
606.08	1674.00
606.27	1695.00
606.47	1689.00
606.66	1727.00
606.86	1657.00
607.05	1603.00
607.25	1600.00
607.44	1638.00
607.64	1682.00
607.83	1656.00
608.03	1709.00
608.22	1786.00
608.42	1665.00
608.61	1685.00
608.81	1774.00
609.00	1783.00
609.20	1873.00
609.39	1917.00
609.59	1887.00
609.78	2043.00
609.98	2126.00
610.17	2180.00
610.37	2285.00
610.56	2371.00
610.76	2418.00
610.95	2509.00
611.15	2656.00
611.34	2674.00
611.54	2785.00
611.73	2863.00
611.93	2697.00
612.12	2448.00
612.32	2271.00
612.51	2232.00
612.71	2209.00
612.90	2144.00
613.09	2112.00
613.29	2042.00
613.48	2062.00
613.68	1965.00
613.87	1846.00
614.07	1908.00
614.26	1887.00
614.46	1911.00
614.65	1896.00
614.85	1857.00
615.04	1866.00
615.24	1850.00
615.43	1777.00
615.63	1712.00
615.82	1758.00
616.02	1741.00
616.21	1683.00
616.40	1715.00
616.60	1778.00
616.79	1759.00
616.99	1747.00
617.18	1775.00
617.38	1736.00
617.57	1663.00
617.77	1678.00
617.96	1657.00
618.16	1696.00
618.35	1718.00
618.54	1668.00
618.74	1647.00
618.93	1640.00
619.13	1668.00
619.32	1719.00
619.52	1694.00
619.71	1762.00
619.91	1786.00
620.10	1800.00
620.30	1864.00
620.49	1789.00
620.68	1675.00
620.88	1749.00
621.07	1754.00
621.27	1750.00
621.46	1819.00
621.66	1769.00
621.85	1750.00
622.05	1751.00
622.24	1755.00
622.43	1837.00
622.63	1800.00
622.82	1755.00
623.02	1817.00
623.21	1882.00
623.41	1836.00
623.60	1824.00
623.80	1850.00
623.99	1822.00
624.18	1797.00
624.38	1862.00
624.57	1870.00
624.77	1831.00
624.96	1851.00
625.16	1841.00
625.35	1881.00
625.54	1947.00
625.74	1950.00
625.93	1933.00
626.13	1888.00
626.32	1904.00
626.52	1944.00
626.71	1917.00
626.90	1965.00
627.10	1916.00
627.29	1868.00
627.49	1878.00
627.68	1903.00
627.88	1961.00
628.07	1980.00
628.26	1974.00
628.46	1961.00
628.65	1964.00
628.85	1952.00
629.04	2046.00
629.23	2089.00
629.43	2093.00
629.62	2060.00
629.82	2042.00
630.01	2091.00
630.21	2118.00
630.40	2123.00
630.59	2170.00
630.79	2195.00
630.98	2213.00
631.18	2197.00
631.37	2204.00
631.56	2209.00
631.76	2169.00
631.95	2227.00
632.15	2173.00
632.34	2170.00
632.53	2021.00
632.73	2110.00
632.92	2168.00
633.12	2174.00
633.31	2091.00
633.50	2073.00
633.70	2155.00
633.89	2194.00
634.09	2121.00
634.28	2156.00
634.47	2218.00
634.67	2143.00
634.86	2213.00
635.06	2291.00
635.25	2202.00
635.44	2207.00
635.64	2245.00
635.83	2164.00
636.03	2206.00
636.22	2249.00
636.41	2322.00
636.61	2313.00
636.80	2318.00
637.00	2301.00
637.19	2318.00
637.38	2313.00
637.58	2351.00
637.77	2445.00
637.96	2467.00
638.16	2415.00
638.35	2410.00
638.55	2461.00
638.74	2512.00
638.93	2512.00
639.13	2515.00
639.32	2529.00
639.51	2553.00
639.71	2408.00
639.90	2338.00
640.10	2426.00
640.29	2491.00
640.48	2462.00
640.68	2446.00
640.87	2477.00
641.07	2515.00
641.26	2581.00
641.45	2585.00
641.65	2655.00
641.84	2656.00
642.03	2629.00
642.23	2644.00
642.42	2648.00
642.61	2777.00
642.81	2802.00
643.00	2705.00
643.20	2726.00
643.39	2734.00
643.58	2707.00
643.78	2619.00
643.97	2681.00
644.16	2695.00
644.36	2711.00
644.55	2817.00
644.74	2824.00
644.94	2768.00
645.13	2742.00
645.33	2771.00
645.52	2717.00
645.71	2816.00
645.91	2896.00
646.10	2843.00
646.29	2754.00
646.49	2737.00
646.68	2796.00
646.87	2808.00
647.07	2866.00
647.26	2777.00
647.45	2759.00
647.65	2796.00
647.84	2860.00
648.03	2917.00
648.23	2919.00
648.42	2922.00
648.62	2942.00
648.81	2982.00
649.00	3021.00
649.20	3005.00
649.39	2871.00
649.58	2965.00
649.78	2947.00
649.97	2986.00
650.16	2899.00
650.36	2798.00
650.55	2886.00
650.74	3001.00
650.94	3089.00
651.13	3102.00
651.32	3005.00
651.52	3023.00
651.71	3087.00
651.90	3106.00
652.10	3007.00
652.29	3034.00
652.48	3023.00
652.68	2986.00
652.87	2969.00
653.06	2955.00
653.26	2949.00
653.45	2953.00
653.64	2939.00
653.84	3004.00
654.03	3000.00
654.22	2961.00
654.42	2964.00
654.61	3017.00
654.80	3104.00
654.99	3086.00
655.19	3111.00
655.38	3124.00
655.57	3154.00
655.77	3066.00
655.96	3071.00
656.15	3033.00
656.35	3048.00
656.54	3057.00
656.73	3035.00
656.93	2961.00
657.12	2987.00
657.31	3054.00
657.51	3011.00
657.70	2904.00
657.89	2994.00
658.09	2981.00
658.28	3007.00
658.47	2932.00
658.66	2872.00
658.86	2971.00
659.05	2999.00
659.24	2982.00
659.44	3066.00
659.63	3112.00
659.82	3128.00
660.02	2997.00
660.21	2975.00
660.40	3013.00
660.60	3050.00
660.79	2948.00
660.98	2950.00
661.17	2869.00
661.37	2924.00
661.56	2907.00
661.75	2980.00
661.95	2975.00
662.14	2908.00
662.33	2906.00
662.52	2979.00
662.72	3034.00
662.91	3039.00
663.10	3004.00
663.30	2985.00
663.49	3058.00
663.68	3049.00
663.88	2933.00
664.07	2858.00
664.26	2827.00
664.45	2821.00
664.65	2819.00
664.84	2879.00
665.03	2741.00
665.23	2795.00
665.42	2799.00
665.61	2884.00
665.80	2909.00
666.00	2783.00
666.19	2845.00
666.38	2851.00
666.57	2854.00
666.77	2882.00
666.96	2842.00
667.15	2869.00
667.35	2855.00
667.54	2803.00
667.73	2837.00
667.92	2901.00
668.12	2840.00
668.31	2836.00
668.50	2812.00
668.70	2808.00
668.89	2777.00
669.08	2772.00
669.27	2696.00
669.47	2702.00
669.66	2800.00
669.85	2865.00
670.04	2814.00
670.24	2754.00
670.43	2749.00
670.62	2746.00
670.81	2791.00
671.01	2693.00
671.20	2673.00
671.39	2741.00
671.58	2735.00
671.78	2737.00
671.97	2696.00
672.16	2714.00
672.36	2735.00
672.55	2645.00
672.74	2707.00
672.93	2760.00
673.13	2633.00
673.32	2652.00
673.51	2648.00
673.70	2669.00
673.90	2660.00
674.09	2533.00
674.28	2500.00
674.47	2658.00
674.67	2736.00
674.86	2740.00
675.05	2683.00
675.24	2634.00
675.44	2647.00
675.63	2712.00
675.82	2750.00
676.01	2706.00
676.21	2689.00
676.40	2641.00
676.59	2622.00
676.78	2609.00
676.97	2605.00
677.17	2515.00
677.36	2574.00
677.55	2549.00
677.74	2536.00
677.94	2602.00
678.13	2584.00
678.32	2577.00
678.51	2567.00
678.71	2486.00
678.90	2605.00
679.09	2584.00
679.28	2623.00
679.48	2614.00
679.67	2579.00
679.86	2549.00
680.05	2572.00
680.24	2643.00
680.44	2651.00
680.63	2591.00
680.82	2568.00
681.01	2550.00
681.21	2608.00
681.40	2565.00
681.59	2493.00
681.78	2542.00
681.97	2475.00
682.17	2504.00
682.36	2575.00
682.55	2553.00
682.74	2475.00
682.94	2514.00
683.13	2484.00
683.32	2429.00
683.51	2467.00
683.70	2585.00
683.90	2585.00
684.09	2502.00
684.28	2530.00
684.47	2442.00
684.66	2446.00
684.86	2473.00
685.05	2549.00
685.24	2523.00
685.43	2475.00
685.63	2459.00
685.82	2481.00
686.01	2426.00
686.20	2426.00
686.39	2393.00
686.59	2487.00
686.78	2442.00
686.97	2467.00
687.16	2561.00
687.35	2557.00
687.55	2510.00
687.74	2537.00
687.93	2537.00
688.12	2574.00
688.31	2565.00
688.51	2563.00
688.70	2593.00
688.89	2496.00
689.08	2531.00
689.27	2553.00
689.47	2421.00
689.66	2408.00
689.85	2434.00
690.04	2476.00
690.23	2543.00
690.42	2473.00
690.62	2466.00
690.81	2427.00
691.00	2408.00
691.19	2376.00
691.38	2436.00
691.58	2599.00
691.77	2509.00
691.96	2414.00
692.15	2482.00
692.34	2396.00
692.54	2464.00
692.73	2502.00
692.92	2485.00
693.11	2521.00
693.30	2442.00
693.49	2442.00
693.69	2481.00
693.88	2525.00
694.07	2483.00
694.26	2471.00
694.45	2441.00
694.64	2435.00
694.84	2446.00
695.03	2406.00
695.22	2449.00
695.41	2498.00
695.60	2477.00
695.80	2483.00
695.99	2523.00
696.18	2598.00
696.37	2507.00
696.56	2415.00
696.75	2446.00
696.95	2508.00
697.14	2559.00
697.33	2597.00
697.52	2588.00
697.71	2545.00
697.90	2588.00
698.09	2569.00
698.29	2543.00
698.48	2536.00
698.67	2512.00
698.86	2510.00
699.05	2533.00
699.24	2577.00
699.44	2518.00
699.63	2496.00
699.82	2525.00
700.01	2500.00
700.20	2481.00
700.39	2527.00
700.58	2566.00
700.78	2596.00
700.97	2640.00
701.16	2609.00
701.35	2522.00
701.54	2549.00
701.73	2616.00
701.93	2646.00
702.12	2577.00
702.31	2575.00
702.50	2626.00
702.69	2696.00
702.88	2717.00
703.07	2695.00
703.27	2751.00
703.46	2689.00
703.65	2700.00
703.84	2705.00
704.03	2682.00
704.22	2670.00
704.41	2685.00
704.60	2656.00
704.80	2726.00
704.99	2717.00
705.18	2745.00
705.37	2805.00
705.56	2770.00
705.75	2719.00
705.94	2789.00
706.14	2752.00
706.33	2798.00
706.52	2879.00
706.71	2772.00
706.90	2735.00
707.09	2856.00
707.28	2885.00
707.47	2877.00
707.67	2916.00
707.86	2973.00
708.05	2896.00
708.24	2965.00
708.43	3070.00
708.62	3030.00
708.81	2986.00
709.00	3004.00
709.20	3060.00
709.39	3079.00
709.58	3083.00
709.77	3133.00
709.96	3028.00
710.15	2966.00
710.34	2918.00
710.53	2959.00
710.72	3044.00
710.92	2996.00
711.11	3031.00
711.30	2985.00
711.49	2965.00
711.68	2922.00
711.87	3000.00
712.06	3014.00
712.25	3019.00
712.44	3141.00
712.64	3175.00
712.83	3106.00
713.02	3147.00
713.21	3154.00
713.40	3166.00
713.59	3141.00
713.78	3097.00
713.97	3105.00
714.16	3121.00
714.35	3111.00
714.55	3127.00
714.74	3077.00
714.93	3074.00
715.12	3106.00
715.31	3114.00
715.50	3079.00
715.69	3143.00
715.88	3185.00
716.07	3191.00
716.26	3169.00
716.45	3089.00
716.65	3003.00
716.84	3099.00
717.03	3137.00
717.22	3158.00
717.41	3183.00
717.60	3192.00
717.79	3156.00
717.98	3129.00
718.17	3265.00
718.36	3258.00
718.55	3158.00
718.75	3262.00
718.94	3362.00
719.13	3345.00
719.32	3263.00
719.51	3337.00
719.70	3305.00
719.89	3231.00
720.08	3269.00
720.27	3220.00
720.46	3366.00
720.65	3332.00
720.84	3210.00
721.03	3200.00
721.22	3228.00
721.42	3265.00
721.61	3280.00
721.80	3259.00
721.99	3350.00
722.18	3352.00
722.37	3327.00
722.56	3290.00
722.75	3263.00
722.94	3235.00
723.13	3204.00
723.32	3159.00
723.51	3145.00
723.70	3253.00
723.89	3214.00
724.08	3316.00
724.28	3300.00
724.47	3249.00
724.66	3197.00
724.85	3237.00
725.04	3318.00
725.23	3402.00
725.42	3428.00
725.61	3441.00
725.80	3376.00
725.99	3299.00
726.18	3241.00
726.37	3276.00
726.56	3344.00
726.75	3276.00
726.94	3369.00
727.13	3394.00
727.32	3246.00
727.51	3230.00
727.71	3298.00
727.90	3321.00
728.09	3255.00
728.28	3289.00
728.47	3293.00
728.66	3341.00
728.85	3261.00
729.04	3237.00
729.23	3225.00
729.42	3249.00
729.61	3233.00
729.80	3197.00
729.99	3146.00
730.18	3175.00
730.37	3232.00
730.56	3276.00
730.75	3307.00
730.94	3331.00
731.13	3235.00
731.32	3330.00
731.51	3418.00
731.70	3253.00
731.89	3296.00
732.08	3311.00
732.27	3215.00
732.46	3263.00
732.65	3284.00
732.84	3292.00
733.04	3232.00
733.23	3250.00
733.42	3268.00
733.61	3254.00
733.80	3228.00
733.99	3216.00
734.18	3199.00
734.37	3210.00
734.56	3189.00
734.75	3106.00
734.94	3164.00
735.13	3159.00
735.32	3143.00
735.51	3191.00
735.70	3131.00
735.89	3026.00
736.08	3078.00
736.27	3135.00
736.46	3240.00
736.65	3153.00
736.84	3131.00
737.03	3089.00
737.22	3127.00
737.41	3122.00
737.60	3076.00
737.79	3130.00
737.98	3162.00
738.17	3132.00
738.36	3099.00
738.55	3122.00
738.74	3173.00
738.93	3201.00
739.12	3166.00
739.31	3166.00
739.50	3101.00
739.69	3119.00
739.88	3110.00
740.07	3169.00
740.26	3145.00
740.45	3116.00
740.64	3134.00
740.83	3075.00
741.02	3070.00
741.21	3111.00
741.40	2940.00
741.59	2955.00
741.78	2979.00
741.97	2995.00
742.16	2924.00
742.35	2836.00
742.54	2855.00
742.73	2896.00
742.92	2865.00
743.11	2864.00
743.30	2776.00
743.49	2719.00
743.68	2728.00
743.87	2841.00
744.06	2916.00
744.25	2892.00
744.44	2850.00
744.63	2790.00
744.82	2861.00
745.01	2972.00
745.20	2894.00
745.39	2799.00
745.58	2805.00
745.77	2835.00
745.96	2904.00
746.15	2793.00
746.34	2851.00
746.52	2869.00
746.71	2756.00
746.90	2784.00
747.09	2779.00
747.28	2877.00
747.47	2852.00
747.66	2894.00
747.85	2964.00
748.04	2861.00
748.23	2773.00
748.42	2760.00
748.61	2719.00
748.80	2690.00
748.99	2709.00
749.18	2698.00
749.37	2648.00
749.56	2676.00
749.75	2699.00
749.94	2683.00
750.13	2603.00
750.32	2616.00
750.51	2566.00
750.70	2517.00
750.89	2581.00
751.08	2625.00
751.27	2622.00
751.46	2561.00
751.64	2628.00
751.83	2609.00
752.02	2535.00
752.21	2567.00
752.40	2575.00
752.59	2552.00
752.78	2618.00
752.97	2571.00
753.16	2493.00
753.35	2527.00
753.54	2566.00
753.73	2571.00
753.92	2563.00
754.11	2515.00
754.30	2541.00
754.49	2539.00
754.68	2531.00
754.87	2510.00
755.06	2545.00
755.24	2529.00
755.43	2459.00
755.62	2520.00
755.81	2529.00
756.00	2555.00
756.19	2504.00
756.38	2475.00
756.57	2446.00
756.76	2521.00
756.95	2517.00
757.14	2484.00
757.33	2431.00
757.52	2553.00
757.71	2481.00
757.90	2396.00
758.08	2422.00
758.27	2421.00
758.46	2436.00
758.65	2462.00
758.84	2386.00
759.03	2323.00
759.22	2316.00
759.41	2384.00
759.60	2441.00
759.79	2457.00
759.98	2426.00
760.17	2384.00
760.36	2356.00
760.54	2348.00
760.73	2341.00
760.92	2291.00
761.11	2274.00
761.30	2266.00
761.49	2204.00
761.68	2208.00
761.87	2217.00
762.06	2209.00
762.25	2185.00
762.44	2192.00
762.63	2160.00
762.81	2176.00
763.00	2169.00
763.19	2149.00
763.38	2118.00
763.57	2106.00
763.76	2072.00
763.95	1951.00
764.14	1982.00
764.33	2077.00
764.52	2011.00
764.71	1958.00
764.89	1965.00
765.08	1965.00
765.27	2046.00
765.46	2071.00
765.65	2029.00
765.84	2062.00
766.03	2143.00
766.22	2111.00
766.41	2081.00
766.59	2033.00
766.78	2109.00
766.97	2173.00
767.16	2181.00
767.35	2149.00
767.54	2222.00
767.73	2195.00
767.92	2287.00
768.11	2245.00
768.30	2292.00
768.48	2223.00
768.67	2204.00
768.86	2232.00
769.05	2240.00
769.24	2268.00
769.43	2372.00
769.62	2414.00
769.81	2304.00
769.99	2224.00
770.18	2176.00
770.37	2196.00
770.56	2203.00
770.75	2258.00
770.94	2328.00
771.13	2336.00
771.32	2354.00
771.50	2230.00
771.69	2183.00
771.88	2246.00
772.07	2284.00
772.26	2275.00
772.45	2199.00
772.64	2232.00
772.83	2225.00
773.01	2272.00
773.20	2291.00
773.39	2248.00
773.58	2232.00
773.77	2198.00
773.96	2272.00
774.15	2316.00
774.34	2290.00
774.52	2260.00
774.71	2189.00
774.90	2138.00
775.09	2168.00
775.28	2219.00
775.47	2208.00
775.66	2166.00
775.84	2211.00
776.03	2244.00
776.22	2206.00
776.41	2102.00
776.60	2169.00
776.79	2164.00
776.98	2086.00
777.16	2159.00
777.35	2203.00
777.54	2199.00
777.73	2220.00
777.92	2241.00
778.11	2156.00
778.29	2104.00
778.48	2072.00
778.67	2232.00
778.86	2213.00
779.05	2188.00
779.24	2212.00
779.43	2164.00
779.61	2186.00
779.80	2214.00
779.99	2176.00
780.18	2260.00
780.37	2204.00
780.56	2199.00
780.74	2243.00
780.93	2190.00
781.12	2184.00
781.31	2198.00
781.50	2185.00
781.69	2197.00
781.87	2277.00
782.06	2262.00
782.25	2211.00
782.44	2296.00
782.63	2237.00
782.82	2224.00
783.00	2231.00
783.19	2232.00
783.38	2260.00
783.57	2195.00
783.76	2162.00
783.95	2202.00
784.13	2184.00
784.32	2202.00
784.51	2294.00
784.70	2287.00
784.89	2247.00
785.08	2306.00
785.26	2293.00
785.45	2297.00
785.64	2185.00
785.83	2179.00
786.02	2263.00
786.20	2203.00
786.39	2186.00
786.58	2253.00
786.77	2275.00
786.96	2259.00
787.15	2247.00
787.33	2285.00
787.52	2244.00
787.71	2168.00
787.90	2190.00
788.09	2238.00
788.27	2197.00
788.46	2288.00
788.65	2236.00
788.84	2297.00
789.03	2291.00
789.21	2244.00
789.40	2216.00
789.59	2262.00
789.78	2337.00
789.97	2308.00
790.15	2298.00
790.34	2292.00
790.53	2365.00
790.72	2358.00
790.91	2450.00
791.09	2345.00
791.28	2240.00
791.47	2286.00
791.66	2349.00
791.85	2395.00
792.03	2365.00
792.22	2386.00
792.41	2385.00
792.60	2230.00
792.79	2266.00
792.97	2362.00
793.16	2383.00
793.35	2384.00
793.54	2391.00
793.72	2437.00
793.91	2399.00
794.10	2376.00
794.29	2412.00
794.48	2507.00
794.66	2459.00
794.85	2368.00
795.04	2418.00
795.23	2442.00
795.42	2458.00
795.60	2448.00
795.79	2370.00
795.98	2393.00
796.17	2403.00
796.35	2421.00
796.54	2396.00
796.73	2393.00
796.92	2456.00
797.11	2381.00
797.29	2371.00
797.48	2494.00
797.67	2455.00
797.86	2414.00
798.04	2431.00
798.23	2431.00
798.42	2385.00
798.61	2396.00
798.79	2459.00
798.98	2468.00
799.17	2405.00
799.36	2367.00
799.54	2350.00
799.73	2350.00
799.92	2368.00
800.11	2341.00
800.30	2377.00
800.48	2405.00
800.67	2419.00
800.86	2376.00
801.05	2409.00
801.23	2407.00
801.42	2384.00
801.61	2254.00
801.80	2282.00
801.98	2369.00
802.17	2407.00
802.36	2502.00
802.55	2463.00
802.73	2495.00
802.92	2470.00
803.11	2469.00
803.30	2465.00
803.48	2442.00
803.67	2450.00
803.86	2525.00
804.05	2447.00
804.23	2425.00
804.42	2421.00
804.61	2445.00
804.80	2414.00
804.98	2435.00
805.17	2474.00
805.36	2466.00
805.54	2504.00
805.73	2573.00
805.92	2541.00
806.11	2571.00
806.29	2511.00
806.48	2488.00
806.67	2540.00
806.86	2534.00
807.04	2508.00
807.23	2490.00
807.42	2466.00
807.61	2412.00
807.79	2393.00
807.98	2354.00
808.17	2443.00
808.35	2457.00
808.54	2452.00
808.73	2430.00
808.92	2499.00
809.10	2562.00
809.29	2493.00
809.48	2556.00
809.67	2471.00
809.85	2485.00
810.04	2445.00
810.23	2431.00
810.41	2544.00
810.60	2511.00
810.79	2529.00
810.98	2499.00
811.16	2468.00
811.35	2450.00
811.54	2404.00
811.72	2496.00
811.91	2527.00
812.10	2504.00
812.29	2463.00
812.47	2434.00
812.66	2410.00
812.85	2453.00
813.03	2456.00
813.22	2446.00
813.41	2467.00
813.60	2473.00
813.78	2489.00
813.97	2468.00
814.16	2435.00
814.34	2546.00
814.53	2451.00
814.72	2438.00
814.90	2404.00
815.09	2421.00
815.28	2461.00
815.47	2409.00
815.65	2429.00
815.84	2404.00
816.03	2363.00
816.21	2412.00
816.40	2415.00
816.59	2423.00
816.77	2410.00
816.96	2362.00
817.15	2446.00
817.33	2448.00
817.52	2482.00
817.71	2487.00
817.90	2415.00
818.08	2415.00
818.27	2468.00
818.46	2497.00
818.64	2467.00
818.83	2445.00
819.02	2382.00
819.20	2432.00
819.39	2475.00
819.58	2463.00
819.76	2496.00
819.95	2491.00
820.14	2466.00
820.32	2473.00
820.51	2477.00
820.70	2452.00
820.88	2474.00
821.07	2385.00
821.26	2341.00
821.44	2454.00
821.63	2504.00
821.82	2441.00
822.01	2481.00
822.19	2545.00
822.38	2501.00
822.57	2456.00
822.75	2402.00
822.94	2415.00
823.13	2443.00
823.31	2393.00
823.50	2418.00
823.69	2465.00
823.87	2392.00
824.06	2358.00
824.25	2429.00
824.43	2433.00
824.62	2512.00
824.80	2434.00
824.99	2339.00
825.18	2314.00
825.36	2357.00
825.55	2376.00
825.74	2429.00
825.92	2490.00
826.11	2489.00
826.30	2421.00
826.48	2382.00
826.67	2367.00
826.86	2305.00
827.04	2342.00
827.23	2385.00
827.42	2365.00
827.60	2397.00
827.79	2360.00
827.98	2319.00
828.16	2280.00
828.35	2288.00
828.54	2359.00
828.72	2322.00
828.91	2335.00
829.09	2370.00
829.28	2378.00
829.47	2359.00
829.65	2301.00
829.84	2329.00
830.03	2317.00
830.21	2375.00
830.40	2320.00
830.59	2264.00
830.77	2318.00
830.96	2298.00
831.14	2268.00
831.33	2314.00
831.52	2324.00
831.70	2231.00
831.89	2227.00
832.08	2226.00
832.26	2267.00
832.45	2252.00
832.64	2320.00
832.82	2334.00
833.01	2255.00
833.19	2269.00
833.38	2288.00
833.57	2270.00
833.75	2291.00
833.94	2191.00
834.13	2208.00
834.31	2220.00
834.50	2181.00
834.68	2181.00
834.87	2181.00
835.06	2202.00
835.24	2288.00
835.43	2284.00
835.61	2258.00
835.80	2253.00
835.99	2281.00
836.17	2294.00
836.36	2202.00
836.55	2213.00
836.73	2258.00
836.92	2227.00
837.10	2129.00
837.29	2185.00
837.48	2206.00
837.66	2167.00
837.85	2190.00
838.03	2203.00
838.22	2154.00
838.41	2209.00
838.59	2270.00
838.78	2231.00
838.96	2207.00
839.15	2209.00
839.34	2231.00
839.52	2149.00
839.71	2076.00
839.89	2163.00
840.08	2285.00
840.27	2180.00
840.45	2113.00
840.64	2178.00
840.82	2180.00
841.01	2103.00
841.20	2050.00
841.38	2127.00
841.57	2107.00
841.75	2106.00
841.94	2083.00
842.13	2099.00
842.31	2065.00
842.50	2115.00
842.68	2185.00
842.87	2117.00
843.05	2088.00
843.24	2043.00
843.43	1992.00
843.61	2020.00
843.80	1997.00
843.98	2024.00
844.17	2000.00
844.36	2012.00
844.54	1930.00
844.73	1925.00
844.91	1944.00
845.10	2020.00
845.28	2044.00
845.47	1999.00
845.66	1976.00
845.84	1992.00
846.03	2016.00
846.21	1934.00
846.40	2003.00
846.58	1998.00
846.77	1944.00
846.96	1988.00
847.14	2045.00
847.33	1980.00
847.51	1897.00
847.70	1936.00
847.88	1962.00
848.07	1920.00
848.25	1928.00
848.44	1875.00
848.63	1942.00
848.81	1929.00
849.00	1896.00
849.18	1926.00
849.37	1913.00
849.55	1945.00
849.74	1944.00
849.93	1920.00
850.11	1871.00
850.30	1874.00
850.48	1885.00
850.67	1870.00
850.85	1834.00
851.04	1803.00
851.22	1809.00
851.41	1832.00
851.59	1841.00
851.78	1969.00
851.97	1890.00
852.15	1853.00
852.34	1848.00
852.52	1909.00
852.71	1846.00
852.89	1867.00
853.08	1859.00
853.26	1808.00
853.45	1788.00
853.63	1813.00
853.82	1866.00
854.01	1823.00
854.19	1844.00
854.38	1826.00
854.56	1803.00
854.75	1767.00
854.93	1756.00
855.12	1736.00
855.30	1737.00
855.49	1822.00
855.67	1846.00
855.86	1894.00
856.04	1874.00
856.23	1804.00
856.41	1827.00
856.60	1797.00
856.79	1771.00
856.97	1781.00
857.16	1766.00
857.34	1730.00
857.53	1755.00
857.71	1740.00
857.90	1742.00
858.08	1727.00
858.27	1783.00
858.45	1760.00
858.64	1716.00
858.82	1733.00
859.01	1822.00
859.19	1837.00
859.38	1780.00
859.56	1710.00
859.75	1702.00
859.93	1725.00
860.12	1712.00
860.30	1786.00
860.49	1679.00
860.67	1701.00
860.86	1795.00
861.04	1684.00
861.23	1663.00
861.41	1695.00
861.60	1684.00
861.78	1638.00
861.97	1644.00
862.15	1724.00
862.34	1645.00
862.53	1586.00
862.71	1627.00
862.90	1630.00
863.08	1694.00
863.27	1661.00
863.45	1667.00
863.64	1696.00
863.82	1649.00
864.01	1643.00
864.19	1650.00
864.37	1624.00
864.56	1592.00
864.74	1599.00
864.93	1597.00
865.11	1593.00
865.30	1656.00
865.48	1654.00
865.67	1604.00
865.85	1547.00
866.04	1579.00
866.22	1596.00
866.41	1653.00
866.59	1622.00
866.78	1599.00
866.96	1515.00
867.15	1540.00
867.33	1624.00
867.52	1633.00
867.70	1578.00
867.89	1506.00
868.07	1494.00
868.26	1550.00
868.44	1535.00
868.63	1477.00
868.81	1525.00
869.00	1583.00
869.18	1503.00
869.37	1497.00
869.55	1521.00
869.74	1469.00
869.92	1505.00
870.10	1523.00
870.29	1496.00
870.47	1454.00
870.66	1491.00
870.84	1557.00
871.03	1552.00
871.21	1574.00
871.40	1473.00
871.58	1482.00
871.77	1462.00
871.95	1466.00
872.14	1481.00
872.32	1484.00
872.51	1495.00
872.69	1505.00
872.87	1511.00
873.06	1368.00
873.24	1344.00
873.43	1378.00
873.61	1402.00
873.80	1384.00
873.98	1414.00
874.17	1428.00
874.35	1407.00
874.54	1423.00
874.72	1396.00
874.90	1455.00
875.09	1438.00
875.27	1395.00
875.46	1428.00
875.64	1410.00
875.83	1368.00
876.01	1351.00
876.20	1371.00
876.38	1462.00
876.56	1513.00
876.75	1484.00
876.93	1465.00
877.12	1435.00
877.30	1383.00
877.49	1355.00
877.67	1294.00
877.86	1420.00
878.04	1388.00
878.22	1358.00
878.41	1365.00
878.59	1471.00
878.78	1444.00
878.96	1422.00
879.15	1403.00
879.33	1391.00
879.51	1411.00
879.70	1420.00
879.88	1431.00
880.07	1423.00
880.25	1447.00
880.44	1398.00
880.62	1384.00
880.80	1431.00
880.99	1383.00
881.17	1358.00
881.36	1339.00
881.54	1334.00
881.73	1365.00
881.91	1331.00
882.09	1359.00
882.28	1288.00
882.46	1289.00
882.65	1455.00
882.83	1410.00
883.02	1317.00
883.20	1320.00
883.38	1269.00
883.57	1279.00
883.75	1315.00
883.94	1280.00
884.12	1366.00
884.30	1371.00
884.49	1345.00
884.67	1349.00
884.86	1414.00
885.04	1365.00
885.22	1314.00
885.41	1386.00
885.59	1385.00
885.78	1251.00
885.96	1224.00
886.14	1357.00
886.33	1371.00
886.51	1354.00
886.70	1400.00
886.88	1390.00
887.06	1310.00
887.25	1379.00
887.43	1363.00
887.62	1398.00
887.80	1359.00
887.98	1277.00
888.17	1331.00
888.35	1298.00
888.54	1333.00
888.72	1317.00
888.90	1239.00
889.09	1280.00
889.27	1289.00
889.46	1332.00
889.64	1336.00
889.82	1283.00
890.01	1298.00
890.19	1268.00
890.38	1298.00
890.56	1294.00
890.74	1301.00
890.93	1307.00
891.11	1348.00
891.29	1355.00
891.48	1323.00
891.66	1352.00
891.85	1292.00
892.03	1306.00
892.21	1221.00
892.40	1263.00
892.58	1330.00
892.76	1332.00
892.95	1363.00
893.13	1289.00
893.32	1276.00
893.50	1335.00
893.68	1308.00
893.87	1278.00
894.05	1294.00
894.23	1292.00
894.42	1379.00
894.60	1388.00
894.79	1373.00
894.97	1271.00
895.15	1298.00
895.34	1274.00
895.52	1282.00
895.70	1336.00
895.89	1307.00
896.07	1381.00
896.25	1395.00
896.44	1359.00
896.62	1332.00
896.81	1347.00
896.99	1424.00
897.17	1309.00
897.36	1224.00
897.54	1322.00
897.72	1365.00
897.91	1270.00
898.09	1319.00
898.27	1372.00
898.46	1317.00
898.64	1282.00
898.82	1385.00
899.01	1366.00
899.19	1430.00
899.37	1495.00
899.56	1447.00
899.74	1438.00
899.92	1369.00
900.11	1365.00
900.29	1435.00
900.47	1446.00
900.66	1411.00
900.84	1412.00
901.03	1403.00
901.21	1347.00
901.39	1305.00
901.58	1358.00
901.76	1374.00
901.94	1398.00
902.13	1391.00
902.31	1425.00
902.49	1383.00
902.68	1389.00
902.86	1369.00
903.04	1397.00
903.23	1404.00
903.41	1466.00
903.59	1387.00
903.78	1356.00
903.96	1438.00
904.14	1466.00
904.32	1415.00
904.51	1477.00
904.69	1518.00
904.87	1455.00
905.06	1451.00
905.24	1394.00
905.42	1425.00
905.61	1463.00
905.79	1439.00
905.97	1397.00
906.16	1411.00
906.34	1397.00
906.52	1423.00
906.71	1488.00
906.89	1432.00
907.07	1492.00
907.26	1437.00
907.44	1431.00
907.62	1474.00
907.81	1412.00
907.99	1408.00
908.17	1425.00
908.35	1501.00
908.54	1459.00
908.72	1472.00
908.90	1482.00
909.09	1420.00
909.27	1392.00
909.45	1416.00
909.64	1448.00
909.82	1543.00
910.00	1430.00
910.18	1366.00
910.37	1362.00
910.55	1374.00
910.73	1409.00
910.92	1413.00
911.10	1469.00
911.28	1471.00
911.47	1455.00
911.65	1410.00
911.83	1387.00
912.01	1407.00
912.20	1447.00
912.38	1451.00
912.56	1443.00
912.75	1521.00
912.93	1425.00
913.11	1369.00
913.29	1432.00
913.48	1402.00
913.66	1392.00
913.84	1385.00
914.03	1422.00
914.21	1494.00
914.39	1437.00
914.57	1408.00
914.76	1397.00
914.94	1399.00
915.12	1415.00
915.31	1446.00
915.49	1392.00
915.67	1305.00
915.85	1368.00
916.04	1448.00
916.22	1483.00
916.40	1466.00
916.58	1342.00
916.77	1382.00
916.95	1450.00
917.13	1412.00
917.32	1427.00
917.50	1351.00
917.68	1351.00
917.86	1431.00
918.05	1412.00
918.23	1394.00
918.41	1366.00
918.59	1338.00
918.78	1345.00
918.96	1340.00
919.14	1365.00
919.32	1351.00
919.51	1309.00
919.69	1264.00
919.87	1326.00
920.05	1348.00
920.24	1408.00
920.42	1326.00
920.60	1278.00
920.78	1353.00
920.97	1376.00
921.15	1342.00
921.33	1277.00
921.52	1265.00
921.70	1341.00
921.88	1410.00
922.06	1367.00
922.24	1269.00
922.43	1287.00
922.61	1318.00
922.79	1379.00
922.97	1370.00
923.16	1317.00
923.34	1292.00
923.52	1331.00
923.70	1347.00
923.89	1273.00
924.07	1235.00
924.25	1240.00
924.43	1180.00
924.62	1162.00
924.80	1211.00
924.98	1230.00
925.16	1248.00
925.35	1292.00
925.53	1287.00
925.71	1259.00
925.89	1237.00
926.08	1238.00
926.26	1270.00
926.44	1307.00
926.62	1203.00
926.80	1184.00
926.99	1205.00
927.17	1189.00
927.35	1225.00
927.53	1197.00
927.72	1190.00
927.90	1147.00
928.08	1224.00
928.26	1279.00
928.44	1259.00
928.63	1209.00
928.81	1131.00
928.99	1218.00
929.17	1258.00
929.36	1235.00
929.54	1189.00
929.72	1221.00
929.90	1225.00
930.08	1209.00
930.27	1211.00
930.45	1174.00
930.63	1165.00
930.81	1166.00
930.99	1200.00
931.18	1166.00
931.36	1159.00
931.54	1200.00
931.72	1199.00
931.90	1204.00
932.09	1149.00
932.27	1133.00
932.45	1136.00
932.63	1101.00
932.81	1110.00
933.00	1063.00
933.18	1093.00
933.36	1104.00
933.54	1069.00
933.72	1069.00
933.91	1074.00
934.09	1064.00
934.27	1022.00
934.45	963.00
934.63	996.00
934.82	973.00
935.00	946.00
935.18	959.00
935.36	985.00
935.54	1032.00
935.73	989.00
935.91	949.00
936.09	897.00
936.27	896.00
936.45	888.00
936.64	872.00
936.82	825.00
937.00	875.00
937.18	846.00
937.36	838.00
937.54	862.00
937.73	836.00
937.91	806.00
938.09	813.00
938.27	751.00
938.45	725.00
938.63	720.00
938.82	719.00
939.00	699.00
939.18	683.00
939.36	710.00
939.54	702.00
939.73	710.00
939.91	682.00
940.09	655.00
940.27	647.00
940.45	651.00
940.63	637.00
940.82	599.00
941.00	597.00
941.18	654.00
941.36	621.00
941.54	601.00
941.72	578.00
941.91	616.00
942.09	547.00
942.27	603.00
942.45	575.00
942.63	645.00
942.81	590.00
942.99	560.00
943.18	535.00
943.36	579.00
943.54	581.00
943.72	545.00
943.90	552.00
944.08	581.00
944.27	529.00
944.45	523.00
944.63	524.00
944.81	592.00
944.99	570.00
945.17	553.00
945.35	518.00
945.54	554.00
945.72	580.00
945.90	587.00
946.08	538.00
946.26	527.00
946.44	509.00
946.62	526.00
946.81	583.00
946.99	593.00
947.17	568.00
947.35	575.00
947.53	599.00
947.71	582.00
947.89	559.00
948.07	566.00
948.26	526.00
948.44	635.00
948.62	603.00
948.80	613.00
948.98	577.00
949.16	587.00
949.34	614.00
949.53	544.00
949.71	585.00
949.89	561.00
950.07	568.00
950.25	639.00
950.43	652.00
950.61	584.00
950.79	584.00
950.98	580.00
951.16	582.00
951.34	540.00
951.52	616.00
951.70	642.00
951.88	590.00
952.06	567.00
952.24	584.00
952.42	590.00
952.61	559.00
952.79	589.00
952.97	578.00
953.15	576.00
953.33	563.00
953.51	547.00
953.69	572.00
953.87	559.00
954.05	532.00
954.24	628.00
954.42	523.00
954.60	492.00
954.78	523.00
954.96	524.00
955.14	550.00
955.32	540.00
955.50	560.00
955.68	520.00
955.86	566.00
956.05	637.00
956.23	574.00
956.41	512.00
956.59	526.00
956.77	567.00
956.95	540.00
957.13	475.00
957.31	584.00
957.49	593.00
957.67	600.00
957.86	550.00
958.04	531.00
958.22	568.00
958.40	570.00
958.58	604.00
958.76	577.00
958.94	481.00
959.12	482.00
959.30	515.00
959.48	592.00
959.66	554.00
959.84	534.00
960.03	527.00
960.21	590.00
960.39	590.00
960.57	525.00
960.75	449.00
960.93	532.00
961.11	559.00
961.29	577.00
961.47	595.00
961.65	477.00
961.83	546.00
962.01	526.00
962.19	492.00
962.37	452.00
962.56	477.00
962.74	497.00
962.92	493.00
963.10	522.00
963.28	544.00
963.46	513.00
963.64	568.00
963.82	587.00
964.00	515.00
964.18	520.00
964.36	540.00
964.54	506.00
964.72	583.00
964.90	522.00
965.08	506.00
965.27	522.00
965.45	521.00
965.63	498.00
965.81	567.00
965.99	577.00
966.17	559.00
966.35	518.00
966.53	447.00
966.71	395.00
966.89	521.00
967.07	529.00
967.25	503.00
967.43	506.00
967.61	534.00
967.79	485.00
967.97	468.00
968.15	492.00
968.33	515.00
968.51	461.00
968.69	457.00
968.87	546.00
969.06	484.00
969.24	451.00
969.42	547.00
969.60	516.00
969.78	471.00
969.96	434.00
970.14	449.00
970.32	489.00
970.50	478.00
970.68	486.00
970.86	391.00
971.04	436.00
971.22	456.00
971.40	493.00
971.58	519.00
971.76	542.00
971.94	462.00
972.12	434.00
972.30	484.00
972.48	471.00
972.66	453.00
972.84	485.00
973.02	381.00
973.20	458.00
973.38	489.00
973.56	496.00
973.74	426.00
973.92	483.00
974.10	493.00
974.28	480.00
974.46	424.00
974.64	373.00
974.82	408.00
975.00	422.00
975.18	430.00
975.36	424.00
975.54	449.00
975.72	418.00
975.90	403.00
976.08	405.00
976.26	494.00
976.44	401.00
976.62	391.00
976.80	435.00
976.98	444.00
977.16	423.00
977.34	380.00
977.52	421.00
977.70	408.00
977.88	448.00
978.06	429.00
978.24	378.00
978.42	417.00
978.60	426.00
978.78	448.00
978.96	434.00
979.14	429.00
979.32	376.00
979.50	425.00
979.68	372.00
979.86	365.00
980.04	434.00
980.22	380.00
980.40	390.00
980.58	422.00
980.76	431.00
980.94	423.00
981.12	368.00
981.30	403.00
981.48	419.00
981.66	381.00
981.84	400.00
982.02	382.00
982.20	410.00
982.38	439.00
982.56	389.00
982.74	354.00
982.92	323.00
983.10	385.00
983.28	440.00
983.46	435.00
983.64	407.00
983.82	433.00
984.00	441.00
984.18	432.00
984.36	371.00
984.54	344.00
984.72	353.00
984.90	381.00
985.08	358.00
985.26	370.00
985.44	370.00
985.62	341.00
985.80	377.00
985.98	347.00
986.16	301.00
986.34	293.00
986.51	333.00
986.69	368.00
986.87	386.00
987.05	404.00
987.23	358.00
987.41	328.00
987.59	318.00
987.77	309.00
987.95	276.00
988.13	315.00
988.31	362.00
988.49	307.00
988.67	349.00
988.85	338.00
989.03	350.00
989.21	373.00
989.39	361.00
989.57	395.00
989.75	329.00
989.93	307.00
990.11	330.00
990.28	312.00
990.46	320.00
990.64	323.00
990.82	309.00
991.00	273.00
991.18	294.00
991.36	326.00
991.54	294.00
991.72	307.00
991.90	356.00
992.08	369.00
992.26	315.00
992.44	297.00
992.62	298.00
992.80	328.00
992.98	315.00
993.15	334.00
993.33	291.00
993.51	331.00
993.69	286.00
993.87	322.00
994.05	331.00
994.23	305.00
994.41	313.00
994.59	279.00
994.77	261.00
994.95	263.00
995.13	279.00
995.31	357.00
995.48	343.00
995.66	271.00
995.84	258.00
996.02	279.00
996.20	304.00
996.38	295.00
996.56	283.00
996.74	275.00
996.92	346.00
997.10	432.00
997.28	367.00
997.46	326.00
997.63	284.00
997.81	277.00
997.99	284.00
998.17	301.00
998.35	339.00
998.53	332.00
998.71	260.00
998.89	278.00
999.07	328.00
999.25	342.00
999.43	342.00
999.60	260.00
999.78	251.00
999.96	238.00
1000.14	295.00
1000.32	281.00
1000.50	252.00
1000.68	259.00
1000.86	305.00
1001.04	313.00
1001.21	282.00
1001.39	240.00
1001.57	284.00
1001.75	274.00
1001.93	274.00
1002.11	317.00
1002.29	360.00
1002.47	312.00
1002.65	269.00
1002.82	253.00
1003.00	212.00
1003.18	178.00
1003.36	248.00
1003.54	336.00
1003.72	375.00
1003.90	312.00
1004.08	291.00
1004.26	278.00
1004.43	274.00
1004.61	222.00
1004.79	236.00
1004.97	269.00
1005.15	239.00
1005.33	227.00
1005.51	215.00
1005.69	228.00
1005.86	234.00
1006.04	279.00
1006.22	286.00
1006.40	294.00
1006.58	228.00
1006.76	187.00
1006.94	252.00
1007.12	221.00
1007.29	243.00
1007.47	232.00
1007.65	251.00
1007.83	256.00
1008.01	219.00
1008.19	177.00
1008.37	214.00
1008.54	251.00
1008.72	170.00
1008.90	209.00
1009.08	195.00
1009.26	207.00
1009.44	256.00
1009.62	257.00
1009.79	285.00
1009.97	312.00
1010.15	262.00
1010.33	272.00
1010.51	239.00
1010.69	263.00
1010.87	254.00
1011.04	253.00
1011.22	224.00
1011.40	152.00
1011.58	140.00
1011.76	181.00
1011.94	275.00
1012.11	192.00
1012.29	166.00
1012.47	234.00
1012.65	223.00
1012.83	169.00
1013.01	200.00
1013.18	189.00
1013.36	227.00
1013.54	206.00
1013.72	234.00
1013.90	244.00
1014.08	247.00
1014.25	239.00
1014.43	223.00
1014.61	213.00
1014.79	238.00
1014.97	202.00
1015.15	215.00
1015.32	182.00
1015.50	251.00
1015.68	305.00
1015.86	271.00
1016.04	272.00
1016.22	263.00
1016.39	299.00
1016.57	305.00
1016.75	307.00
1016.93	270.00
1017.11	234.00
1017.29	186.00
1017.46	226.00
1017.64	227.00
1017.82	145.00
1018.00	201.00
1018.18	213.00
1018.35	201.00
1018.53	206.00
1018.71	237.00
1018.89	169.00
1019.07	154.00
1019.24	200.00
1019.42	209.00
1019.60	210.00
1019.78	219.00
1019.96	191.00
1020.14	186.00
1020.31	198.00
1020.49	177.00
1020.67	178.00
1020.85	163.00
1021.03	227.00
1021.20	261.00
1021.38	180.00
1021.56	189.00
1021.74	187.00
1021.92	195.00
1022.09	196.00
1022.27	238.00
1022.45	147.00
1022.63	156.00
1022.81	154.00
1022.98	236.00
1023.16	207.00
1023.34	182.00
1023.52	184.00
1023.69	149.00
1023.87	158.00
1024.05	140.00
1024.23	171.00
1024.41	158.00
1024.58	160.00
1024.76	147.00
1024.94	182.00
1025.12	177.00
1025.30	129.00
1025.47	192.00
1025.65	228.00
1025.83	133.00
1026.01	139.00
1026.18	163.00
1026.36	148.00
1026.54	168.00
1026.72	248.00
1026.90	271.00
1027.07	251.00
1027.25	148.00
1027.43	236.00
1027.61	256.00
1027.78	156.00
1027.96	160.00
1028.14	150.00
1028.32	172.00
1028.49	128.00
1028.67	162.00
1028.85	212.00
1029.03	231.00
1029.21	210.00
1029.38	174.00
1029.56	107.00
1029.74	154.00
1029.92	245.00
1030.09	241.00
1030.27	177.00
1030.45	157.00
1030.63	143.00
1030.80	123.00
1030.98	109.00
1031.16	176.00
1031.34	195.00
1031.51	201.00
1031.69	180.00
1031.87	164.00
1032.05	138.00
1032.22	184.00
1032.40	164.00
1032.58	148.00
1032.76	188.00
1032.93	189.00
1033.11	116.00
1033.29	114.00
1033.47	156.00
1033.64	180.00
1033.82	177.00
1034.00	188.00
1034.18	249.00
1034.35	248.00
1034.53	188.00
1034.71	140.00
1034.89	210.00
1035.06	159.00
1035.24	156.00
1035.42	244.00
1035.59	184.00
1035.77	203.00
1035.95	205.00
1036.13	164.00
1036.30	180.00
1036.48	162.00
1036.66	180.00
1036.84	127.00
1037.01	164.00
1037.19	142.00
1037.37	133.00
1037.54	164.00
1037.72	105.00
1037.90	148.00
1038.08	167.00
1038.25	141.00
1038.43	104.00
1038.61	115.00
1038.79	146.00
1038.96	117.00
1039.14	124.00
1039.32	166.00
1039.49	165.00
1039.67	163.00
1039.85	205.00
1040.03	192.00
1040.20	105.00
1040.38	135.00
1040.56	80.00
1040.73	117.00
1040.91	186.00
1041.09	130.00
1041.27	96.00
1041.44	144.00
1041.62	169.00
1041.80	59.00
1041.97	91.00
1042.15	162.00
1042.33	156.00
1042.50	188.00
1042.68	205.00
1042.86	213.00
1043.04	69.00
1043.21	152.00
1043.39	216.00
1043.57	177.00
1043.74	121.00
1043.92	167.00
1044.10	180.00
1044.27	126.00
1044.45	160.00
1044.63	190.00
1044.80	181.00
1044.98	90.00
1045.16	155.00
1045.34	126.00
1045.51	155.00
1045.69	169.00
1045.87	187.00
1046.04	133.00
1046.22	145.00
1046.40	123.00
1046.57	133.00
1046.75	175.00
1046.93	161.00
1047.10	129.00
1047.28	93.00
1047.46	130.00
1047.63	157.00
1047.81	163.00
1047.99	151.00
1048.16	111.00
1048.34	123.00
1048.52	134.00
1048.69	95.00
1048.87	90.00
1049.05	119.00
1049.22	147.00
1049.40	99.00
1049.58	100.00
1049.75	129.00
1049.93	76.00
1050.11	68.00
1050.28	96.00
1050.46	134.00
1050.64	156.00
1050.81	192.00
1050.99	158.00
1051.17	132.00
1051.34	133.00
1051.52	146.00
1051.70	116.00
1051.87	111.00
1052.05	118.00
1052.23	72.00
1052.40	77.00
1052.58	82.00
1052.76	123.00
1052.93	133.00
1053.11	68.00
1053.29	83.00
1053.46	185.00
1053.64	188.00
1053.82	149.00
1053.99	128.00
1054.17	97.00
1054.35	142.00
1054.52	88.00
1054.70	20.00
1054.87	108.00
1055.05	108.00
1055.23	39.00
1055.40	176.00
1055.58	144.00
1055.76	122.00
1055.93	96.00
1056.11	96.00
1056.29	108.00
1056.46	116.00
1056.64	83.00
1056.81	60.00
1056.99	134.00
1057.17	110.00
1057.34	78.00
1057.52	96.00
1057.70	138.00
1057.87	107.00
1058.05	175.00
1058.22	111.00
1058.40	96.00
1058.58	119.00
1058.75	78.00
1058.93	80.00
1059.11	109.00
1059.28	160.00
1059.46	136.00
1059.63	169.00
1059.81	120.00
1059.99	92.00
1060.16	90.00
1060.34	32.00
1060.52	25.00
1060.69	60.00
1060.87	130.00
1061.04	159.00
1061.22	170.00
