367.62	1.00
367.82	29.00
368.02	21.00
368.23	13.00
368.43	39.00
368.63	64.00
368.83	42.00
369.04	44.00
369.24	-1.00
369.44	22.00
369.65	54.00
369.85	77.00
370.05	68.00
370.25	60.00
370.46	41.00
370.66	27.00
370.86	28.00
371.07	18.00
371.27	56.00
371.47	6.00
371.67	-33.00
371.88	12.00
372.08	27.00
372.28	42.00
372.49	1.00
372.69	-34.00
372.89	-28.00
373.09	-21.00
373.30	31.00
373.50	67.00
373.70	53.00
373.91	-12.00
374.11	-2.00
374.31	-16.00
374.51	-14.00
374.72	54.00
374.92	68.00
375.12	-25.00
375.33	-4.00
375.53	9.00
375.73	63.00
375.93	-6.00
376.14	-57.00
376.34	-72.00
376.54	-33.00
376.74	-29.00
376.95	-21.00
377.15	-17.00
377.35	-22.00
377.55	34.00
377.76	47.00
377.96	-23.00
378.16	-12.00
378.37	-11.00
378.57	43.00
378.77	11.00
378.97	-10.00
379.18	20.00
379.38	44.00
379.58	15.00
379.78	14.00
379.99	-3.00
380.19	-4.00
380.39	30.00
380.59	-4.00
380.80	9.00
381.00	7.00
381.20	4.00
381.40	29.00
381.61	64.00
381.81	-23.00
382.01	-79.00
382.21	42.00
382.42	-9.00
382.62	54.00
382.82	22.00
383.02	6.00
383.23	-23.00
383.43	-29.00
383.63	17.00
383.83	41.00
384.04	-7.00
384.24	-2.00
384.44	15.00
384.64	147.00
384.85	68.00
385.05	11.00
385.25	33.00
385.45	45.00
385.66	40.00
385.86	-20.00
386.06	3.00
386.26	61.00
386.47	38.00
386.67	38.00
386.87	-30.00
387.07	-31.00
387.27	4.00
387.48	-19.00
387.68	-19.00
387.88	5.00
388.08	-29.00
388.29	36.00
388.49	76.00
388.69	7.00
388.89	26.00
389.10	6.00
389.30	-42.00
389.50	-20.00
389.70	30.00
389.90	3.00
390.11	-23.00
390.31	9.00
390.51	-34.00
390.71	-29.00
390.92	-30.00
391.12	-1.00
391.32	51.00
391.52	53.00
391.72	42.00
391.93	11.00
392.13	-8.00
392.33	15.00
392.53	32.00
392.74	21.00
392.94	39.00
393.14	24.00
393.34	10.00
393.54	38.00
393.75	35.00
393.95	26.00
394.15	-16.00
394.35	-1.00
394.56	53.00
394.76	31.00
394.96	33.00
395.16	74.00
395.36	45.00
395.57	53.00
395.77	18.00
395.97	-19.00
396.17	53.00
396.37	44.00
396.58	29.00
396.78	9.00
396.98	41.00
397.18	57.00
397.38	36.00
397.59	0.00
397.79	91.00
397.99	7.00
398.19	-53.00
398.39	-32.00
398.60	70.00
398.80	28.00
399.00	35.00
399.20	79.00
399.40	68.00
399.61	23.00
399.81	-20.00
400.01	-4.00
400.21	20.00
400.41	38.00
400.62	-28.00
400.82	46.00
401.02	94.00
401.22	84.00
401.42	33.00
401.63	-34.00
401.83	-19.00
402.03	-21.00
402.23	58.00
402.43	39.00
402.64	37.00
402.84	19.00
403.04	-9.00
403.24	15.00
403.44	63.00
403.64	19.00
403.85	44.00
404.05	-4.00
404.25	21.00
404.45	20.00
404.65	-7.00
404.86	-6.00
405.06	48.00
405.26	-14.00
405.46	12.00
405.66	4.00
405.86	-11.00
406.07	-32.00
406.27	29.00
406.47	-44.00
406.67	8.00
406.87	20.00
407.07	8.00
407.28	33.00
407.48	-2.00
407.68	4.00
407.88	32.00
408.08	14.00
408.28	-3.00
408.49	35.00
408.69	30.00
408.89	0.00
409.09	53.00
409.29	71.00
409.49	8.00
409.70	-65.00
409.90	42.00
410.10	56.00
410.30	63.00
410.50	-8.00
410.70	21.00
410.91	55.00
411.11	20.00
411.31	7.00
411.51	52.00
411.71	-9.00
411.91	98.00
412.12	40.00
412.32	37.00
412.52	28.00
412.72	3.00
412.92	23.00
413.12	20.00
413.32	25.00
413.53	-8.00
413.73	-3.00
413.93	-20.00
414.13	-14.00
414.33	69.00
414.53	28.00
414.74	-56.00
414.94	-2.00
415.14	57.00
415.34	10.00
415.54	-16.00
415.74	0.00
415.94	-25.00
416.15	-47.00
416.35	25.00
416.55	44.00
416.75	16.00
416.95	-34.00
417.15	11.00
417.35	42.00
417.56	44.00
417.76	56.00
417.96	53.00
418.16	-1.00
418.36	19.00
418.56	10.00
418.76	76.00
418.97	64.00
419.17	78.00
419.37	51.00
419.57	31.00
419.77	34.00
419.97	18.00
420.17	23.00
420.37	-33.00
420.58	35.00
420.78	19.00
420.98	19.00
421.18	47.00
421.38	27.00
421.58	-5.00
421.78	18.00
421.98	38.00
422.19	77.00
422.39	111.00
422.59	81.00
422.79	61.00
422.99	33.00
423.19	35.00
423.39	51.00
423.59	48.00
423.80	67.00
424.00	47.00
424.20	16.00
424.40	55.00
424.60	72.00
424.80	91.00
425.00	79.00
425.20	-14.00
425.40	-2.00
425.61	92.00
425.81	82.00
426.01	38.00
426.21	15.00
426.41	63.00
426.61	80.00
426.81	47.00
427.01	17.00
427.21	92.00
427.42	44.00
427.62	12.00
427.82	80.00
428.02	47.00
428.22	62.00
428.42	40.00
428.62	36.00
428.82	22.00
429.02	19.00
429.23	41.00
429.43	44.00
429.63	14.00
429.83	19.00
430.03	7.00
430.23	32.00
430.43	112.00
430.63	59.00
430.83	99.00
431.03	26.00
431.24	44.00
431.44	10.00
431.64	-12.00
431.84	37.00
432.04	11.00
432.24	12.00
432.44	13.00
432.64	50.00
432.84	72.00
433.04	51.00
433.24	36.00
433.45	59.00
433.65	-7.00
433.85	-6.00
434.05	7.00
434.25	74.00
434.45	63.00
434.65	42.00
434.85	51.00
435.05	-4.00
435.25	31.00
435.45	30.00
435.65	51.00
435.86	29.00
436.06	2.00
436.26	-39.00
436.46	-23.00
436.66	52.00
436.86	2.00
437.06	-35.00
437.26	0.00
437.46	24.00
437.66	62.00
437.86	57.00
438.06	82.00
438.26	82.00
438.47	82.00
438.67	31.00
438.87	79.00
439.07	119.00
439.27	73.00
439.47	63.00
439.67	67.00
439.87	33.00
440.07	31.00
440.27	2.00
440.47	24.00
440.67	52.00
440.87	16.00
441.07	38.00
441.27	41.00
441.48	-8.00
441.68	20.00
441.88	30.00
442.08	51.00
442.28	77.00
442.48	26.00
442.68	12.00
442.88	41.00
443.08	117.00
443.28	27.00
443.48	51.00
443.68	58.00
443.88	22.00
444.08	22.00
444.28	56.00
444.48	68.00
444.68	37.00
444.88	19.00
445.09	41.00
445.29	74.00
445.49	50.00
445.69	7.00
445.89	84.00
446.09	46.00
446.29	35.00
446.49	95.00
446.69	93.00
446.89	68.00
447.09	53.00
447.29	90.00
447.49	53.00
447.69	-11.00
447.89	-28.00
448.09	39.00
448.29	139.00
448.49	75.00
448.69	74.00
448.89	114.00
449.09	45.00
449.29	39.00
449.49	45.00
449.70	39.00
449.90	1.00
450.10	22.00
450.30	50.00
450.50	56.00
450.70	-10.00
450.90	63.00
451.10	65.00
451.30	13.00
451.50	100.00
451.70	109.00
451.90	83.00
452.10	78.00
452.30	58.00
452.50	44.00
452.70	86.00
452.90	81.00
453.10	5.00
453.30	-5.00
453.50	26.00
453.70	25.00
453.90	29.00
454.10	68.00
454.30	90.00
454.50	39.00
454.70	37.00
454.90	19.00
455.10	40.00
455.30	13.00
455.50	91.00
455.70	45.00
455.90	49.00
456.10	88.00
456.30	62.00
456.50	62.00
456.70	59.00
456.90	85.00
457.10	88.00
457.30	83.00
457.50	123.00
457.70	97.00
457.90	67.00
458.10	102.00
458.30	98.00
458.50	106.00
458.70	103.00
458.90	84.00
459.10	83.00
459.30	89.00
459.50	125.00
459.70	110.00
459.90	42.00
460.10	99.00
460.30	82.00
460.50	79.00
460.70	59.00
460.90	39.00
461.10	39.00
461.30	43.00
461.50	66.00
461.70	70.00
461.90	94.00
462.10	63.00
462.30	88.00
462.50	63.00
462.70	71.00
462.90	19.00
463.10	39.00
463.30	94.00
463.50	95.00
463.70	80.00
463.90	67.00
464.10	99.00
464.30	109.00
464.50	140.00
464.70	144.00
464.90	111.00
465.10	62.00
465.30	47.00
465.50	102.00
465.70	124.00
465.90	99.00
466.10	155.00
466.30	153.00
466.50	139.00
466.70	102.00
466.90	41.00
467.10	82.00
467.30	107.00
467.50	132.00
467.70	111.00
467.90	102.00
468.10	125.00
468.30	95.00
468.50	40.00
468.70	23.00
468.90	61.00
469.10	67.00
469.30	52.00
469.50	46.00
469.70	-5.00
469.90	79.00
470.10	62.00
470.30	68.00
470.50	83.00
470.70	89.00
470.90	154.00
471.10	131.00
471.29	74.00
471.49	127.00
471.69	95.00
471.89	45.00
472.09	83.00
472.29	67.00
472.49	85.00
472.69	94.00
472.89	114.00
473.09	140.00
473.29	146.00
473.49	107.00
473.69	65.00
473.89	47.00
474.09	54.00
474.29	101.00
474.49	120.00
474.69	107.00
474.89	102.00
475.09	81.00
475.29	122.00
475.49	156.00
475.69	53.00
475.88	79.00
476.08	110.00
476.28	117.00
476.48	114.00
476.68	140.00
476.88	182.00
477.08	39.00
477.28	59.00
477.48	175.00
477.68	124.00
477.88	-45.00
478.08	51.00
478.28	125.00
478.48	91.00
478.68	42.00
478.88	5.00
479.08	111.00
479.28	185.00
479.47	103.00
479.67	43.00
479.87	46.00
480.07	16.00
480.27	7.00
480.47	46.00
480.67	110.00
480.87	43.00
481.07	58.00
481.27	81.00
481.47	107.00
481.67	151.00
481.87	131.00
482.07	57.00
482.27	68.00
482.46	136.00
482.66	131.00
482.86	88.00
483.06	83.00
483.26	30.00
483.46	34.00
483.66	77.00
483.86	140.00
484.06	76.00
484.26	73.00
484.46	83.00
484.66	26.00
484.86	64.00
485.05	102.00
485.25	108.00
485.45	96.00
485.65	137.00
485.85	146.00
486.05	115.00
486.25	148.00
486.45	150.00
486.65	107.00
486.85	31.00
487.05	68.00
487.25	76.00
487.44	111.00
487.64	167.00
487.84	90.00
488.04	36.00
488.24	18.00
488.44	78.00
488.64	112.00
488.84	85.00
489.04	114.00
489.24	97.00
489.43	151.00
489.63	126.00
489.83	92.00
490.03	101.00
490.23	94.00
490.43	75.00
490.63	83.00
490.83	88.00
491.03	86.00
491.23	117.00
491.42	114.00
491.62	119.00
491.82	112.00
492.02	149.00
492.22	150.00
492.42	161.00
492.62	149.00
492.82	108.00
493.02	112.00
493.22	91.00
493.41	120.00
493.61	177.00
493.81	166.00
494.01	156.00
494.21	109.00
494.41	86.00
494.61	132.00
494.81	127.00
495.01	150.00
495.20	122.00
495.40	219.00
495.60	210.00
495.80	166.00
496.00	111.00
496.20	149.00
496.40	201.00
496.60	163.00
496.79	197.00
496.99	162.00
497.19	210.00
497.39	139.00
497.59	136.00
497.79	156.00
497.99	127.00
498.19	93.00
498.38	88.00
498.58	144.00
498.78	120.00
498.98	172.00
499.18	108.00
499.38	164.00
499.58	210.00
499.78	126.00
499.97	152.00
500.17	140.00
500.37	230.00
500.57	179.00
500.77	183.00
500.97	204.00
501.17	204.00
501.37	185.00
501.56	187.00
501.76	184.00
501.96	198.00
502.16	134.00
502.36	144.00
502.56	187.00
502.76	188.00
502.95	227.00
503.15	229.00
503.35	136.00
503.55	172.00
503.75	124.00
503.95	162.00
504.15	190.00
504.34	176.00
504.54	126.00
504.74	80.00
504.94	179.00
505.14	135.00
505.34	70.00
505.54	103.00
505.73	200.00
505.93	227.00
506.13	200.00
506.33	147.00
506.53	183.00
506.73	276.00
506.92	229.00
507.12	194.00
507.32	211.00
507.52	160.00
507.72	168.00
507.92	185.00
508.12	201.00
508.31	202.00
508.51	102.00
508.71	196.00
508.91	208.00
509.11	162.00
509.31	179.00
509.50	153.00
509.70	150.00
509.90	192.00
510.10	177.00
510.30	123.00
510.50	157.00
510.69	141.00
510.89	146.00
511.09	144.00
511.29	84.00
511.49	139.00
511.69	109.00
511.88	175.00
512.08	146.00
512.28	96.00
512.48	171.00
512.68	174.00
512.88	213.00
513.07	193.00
513.27	146.00
513.47	160.00
513.67	87.00
513.87	173.00
514.06	172.00
514.26	203.00
514.46	126.00
514.66	103.00
514.86	169.00
515.06	142.00
515.25	123.00
515.45	149.00
515.65	143.00
515.85	127.00
516.05	205.00
516.24	173.00
516.44	147.00
516.64	191.00
516.84	190.00
517.04	104.00
517.23	139.00
517.43	156.00
517.63	148.00
517.83	123.00
518.03	130.00
518.23	139.00
518.42	176.00
518.62	228.00
518.82	221.00
519.02	161.00
519.22	108.00
519.41	124.00
519.61	132.00
519.81	192.00
520.01	235.00
520.21	174.00
520.40	206.00
520.60	204.00
520.80	152.00
521.00	148.00
521.20	185.00
521.39	221.00
521.59	222.00
521.79	106.00
521.99	144.00
522.19	232.00
522.38	242.00
522.58	215.00
522.78	239.00
522.98	286.00
523.17	260.00
523.37	197.00
523.57	192.00
523.77	205.00
523.97	173.00
524.16	160.00
524.36	207.00
524.56	186.00
524.76	178.00
524.96	149.00
525.15	242.00
525.35	266.00
525.55	215.00
525.75	205.00
525.94	262.00
526.14	239.00
526.34	223.00
526.54	202.00
526.74	220.00
526.93	193.00
527.13	151.00
527.33	212.00
527.53	269.00
527.72	264.00
527.92	238.00
528.12	239.00
528.32	284.00
528.52	224.00
528.71	184.00
528.91	197.00
529.11	294.00
529.31	276.00
529.50	224.00
529.70	188.00
529.90	248.00
530.10	293.00
530.29	260.00
530.49	238.00
530.69	280.00
530.89	272.00
531.09	257.00
531.28	308.00
531.48	243.00
531.68	284.00
531.88	300.00
532.07	317.00
532.27	310.00
532.47	308.00
532.67	280.00
532.86	306.00
533.06	321.00
533.26	225.00
533.46	222.00
533.65	288.00
533.85	297.00
534.05	302.00
534.25	364.00
534.44	361.00
534.64	368.00
534.84	350.00
535.04	287.00
535.23	284.00
535.43	257.00
535.63	288.00
535.83	341.00
536.02	385.00
536.22	284.00
536.42	366.00
536.62	322.00
536.81	284.00
537.01	363.00
537.21	352.00
537.41	395.00
537.60	435.00
537.80	360.00
538.00	381.00
538.20	360.00
538.39	324.00
538.59	392.00
538.79	450.00
538.99	442.00
539.18	490.00
539.38	452.00
539.58	428.00
539.77	391.00
539.97	335.00
540.17	335.00
540.37	366.00
540.56	408.00
540.76	371.00
540.96	431.00
541.16	392.00
541.35	385.00
541.55	370.00
541.75	405.00
541.94	430.00
542.14	488.00
542.34	400.00
542.54	403.00
542.73	376.00
542.93	345.00
543.13	366.00
543.33	370.00
543.52	458.00
543.72	458.00
543.92	390.00
544.11	365.00
544.31	429.00
544.51	459.00
544.71	455.00
544.90	537.00
545.10	470.00
545.30	343.00
545.49	452.00
545.69	446.00
545.89	495.00
546.09	465.00
546.28	401.00
546.48	482.00
546.68	511.00
546.87	467.00
547.07	464.00
547.27	419.00
547.47	427.00
547.66	394.00
547.86	379.00
548.06	448.00
548.25	448.00
548.45	439.00
548.65	443.00
548.84	485.00
549.04	444.00
549.24	432.00
549.44	451.00
549.63	474.00
549.83	399.00
550.03	416.00
550.22	436.00
550.42	395.00
550.62	407.00
550.81	423.00
551.01	392.00
551.21	364.00
551.41	406.00
551.60	400.00
551.80	380.00
552.00	422.00
552.19	474.00
552.39	409.00
552.59	378.00
552.78	392.00
552.98	365.00
553.18	399.00
553.37	429.00
553.57	375.00
553.77	436.00
553.96	478.00
554.16	363.00
554.36	373.00
554.56	394.00
554.75	414.00
554.95	373.00
555.15	343.00
555.34	385.00
555.54	369.00
555.74	443.00
555.93	472.00
556.13	404.00
556.33	448.00
556.52	498.00
556.72	441.00
556.92	380.00
557.11	410.00
557.31	430.00
557.51	361.00
557.70	349.00
557.90	324.00
558.10	321.00
558.29	343.00
558.49	342.00
558.69	307.00
558.88	284.00
559.08	263.00
559.28	302.00
559.47	315.00
559.67	349.00
559.87	336.00
560.06	318.00
560.26	263.00
560.46	307.00
560.65	375.00
560.85	310.00
561.05	347.00
561.24	356.00
561.44	356.00
561.64	301.00
561.83	299.00
562.03	309.00
562.23	314.00
562.42	390.00
562.62	382.00
562.82	354.00
563.01	308.00
563.21	293.00
563.40	263.00
563.60	251.00
563.80	337.00
563.99	394.00
564.19	414.00
564.39	427.00
564.58	418.00
564.78	455.00
564.98	375.00
565.17	373.00
565.37	366.00
565.57	301.00
565.76	354.00
565.96	422.00
566.16	393.00
566.35	369.00
566.55	411.00
566.74	407.00
566.94	363.00
567.14	384.00
567.33	438.00
567.53	419.00
567.73	409.00
567.92	457.00
568.12	514.00
568.32	469.00
568.51	331.00
568.71	338.00
568.90	372.00
569.10	387.00
569.30	376.00
569.49	347.00
569.69	451.00
569.89	442.00
570.08	403.00
570.28	420.00
570.47	454.00
570.67	411.00
570.87	429.00
571.06	438.00
571.26	446.00
571.46	363.00
571.65	385.00
571.85	424.00
572.04	493.00
572.24	463.00
572.44	499.00
572.63	460.00
572.83	390.00
573.03	440.00
573.22	457.00
573.42	412.00
573.61	510.00
573.81	455.00
574.01	444.00
574.20	442.00
574.40	524.00
574.59	513.00
574.79	484.00
574.99	534.00
575.18	523.00
575.38	536.00
575.58	601.00
575.77	566.00
575.97	507.00
576.16	594.00
576.36	594.00
576.56	574.00
576.75	603.00
576.95	569.00
577.14	689.00
577.34	661.00
577.54	637.00
577.73	598.00
577.93	570.00
578.12	624.00
578.32	616.00
578.52	608.00
578.71	639.00
578.91	665.00
579.10	666.00
579.30	582.00
579.50	686.00
579.69	700.00
579.89	729.00
580.08	669.00
580.28	609.00
580.48	659.00
580.67	724.00
580.87	717.00
581.06	713.00
581.26	707.00
581.45	703.00
581.65	696.00
581.85	792.00
582.04	831.00
582.24	869.00
582.43	859.00
582.63	766.00
582.83	746.00
583.02	797.00
583.22	829.00
583.41	770.00
583.61	859.00
583.80	883.00
584.00	794.00
584.20	805.00
584.39	871.00
584.59	913.00
584.78	872.00
584.98	857.00
585.17	886.00
585.37	936.00
585.57	987.00
585.76	930.00
585.96	939.00
586.15	1015.00
586.35	960.00
586.54	1035.00
586.74	995.00
586.94	985.00
587.13	1081.00
587.33	1140.00
587.52	1087.00
587.72	1112.00
587.91	1146.00
588.11	1118.00
588.31	1080.00
588.50	1094.00
588.70	1088.00
588.89	1085.00
589.09	1099.00
589.28	1126.00
589.48	1129.00
589.68	1188.00
589.87	1124.00
590.07	1176.00
590.26	1213.00
590.46	1272.00
590.65	1210.00
590.85	1212.00
591.04	1194.00
591.24	1265.00
591.44	1302.00
591.63	1257.00
591.83	1260.00
592.02	1237.00
592.22	1306.00
592.41	1409.00
592.61	1288.00
592.80	1280.00
593.00	1342.00
593.19	1397.00
593.39	1485.00
593.59	1374.00
593.78	1352.00
593.98	1471.00
594.17	1494.00
594.37	1495.00
594.56	1421.00
594.76	1432.00
594.95	1410.00
595.15	1369.00
595.34	1458.00
595.54	1455.00
595.73	1450.00
595.93	1421.00
596.13	1391.00
596.32	1439.00
596.52	1473.00
596.71	1487.00
596.91	1445.00
597.10	1598.00
597.30	1631.00
597.49	1593.00
597.69	1537.00
597.88	1544.00
598.08	1569.00
598.27	1542.00
598.47	1548.00
598.66	1623.00
598.86	1722.00
599.06	1670.00
599.25	1655.00
599.45	1684.00
599.64	1714.00
599.84	1659.00
600.03	1667.00
600.23	1653.00
600.42	1646.00
600.62	1645.00
600.81	1692.00
601.01	1650.00
601.20	1614.00
601.40	1621.00
601.59	1598.00
601.79	1568.00
601.98	1581.00
602.18	1651.00
602.37	1584.00
602.57	1595.00
602.76	1508.00
602.96	1564.00
603.15	1680.00
603.35	1670.00
603.54	1646.00
603.74	1582.00
603.93	1532.00
604.13	1554.00
604.32	1567.00
604.52	1627.00
604.71	1623.00
604.91	1576.00
605.10	1633.00
605.30	1656.00
605.49	1635.00
605.69	1561.00
605.88	1604.00
606.08	1618.00
606.27	1692.00
606.47	1719.00
606.66	1740.00
606.86	1692.00
607.05	1685.00
607.25	1632.00
607.44	1627.00
607.64	1638.00
607.83	1674.00
608.03	1726.00
608.22	1758.00
608.42	1688.00
608.61	1653.00
608.81	1707.00
609.00	1771.00
609.20	1825.00
609.39	1866.00
609.59	1923.00
609.78	1985.00
609.98	2008.00
610.17	2188.00
610.37	2253.00
610.56	2425.00
610.76	2503.00
610.95	2570.00
611.15	2724.00
611.34	2722.00
611.54	2768.00
611.73	2785.00
611.93	2667.00
612.12	2506.00
612.32	2333.00
612.51	2144.00
612.71	2114.00
612.90	1991.00
613.09	1955.00
613.29	1923.00
613.48	1950.00
613.68	1937.00
613.87	1858.00
614.07	1894.00
614.26	1834.00
614.46	1943.00
614.65	1890.00
614.85	1785.00
615.04	1787.00
615.24	1771.00
615.43	1759.00
615.63	1765.00
615.82	1766.00
616.02	1707.00
616.21	1673.00
616.40	1650.00
616.60	1662.00
616.79	1685.00
616.99	1652.00
617.18	1698.00
617.38	1725.00
617.57	1737.00
617.77	1647.00
617.96	1628.00
618.16	1627.00
618.35	1696.00
618.54	1735.00
618.74	1675.00
618.93	1640.00
619.13	1583.00
619.32	1656.00
619.52	1639.00
619.71	1660.00
619.91	1714.00
620.10	1755.00
620.30	1792.00
620.49	1772.00
620.68	1724.00
620.88	1739.00
621.07	1782.00
621.27	1766.00
621.46	1744.00
621.66	1774.00
621.85	1731.00
622.05	1709.00
622.24	1779.00
622.43	1820.00
622.63	1755.00
622.82	1657.00
623.02	1714.00
623.21	1852.00
623.41	1836.00
623.60	1783.00
623.80	1831.00
623.99	1801.00
624.18	1778.00
624.38	1756.00
624.57	1784.00
624.77	1858.00
624.96	1845.00
625.16	1799.00
625.35	1818.00
625.54	1866.00
625.74	1917.00
625.93	1880.00
626.13	1863.00
626.32	1975.00
626.52	1959.00
626.71	1869.00
626.90	1834.00
627.10	1826.00
627.29	1846.00
627.49	1927.00
627.68	1941.00
627.88	1899.00
628.07	1867.00
628.26	1937.00
628.46	1945.00
628.65	1955.00
628.85	1959.00
629.04	1980.00
629.23	1937.00
629.43	2017.00
629.62	2036.00
629.82	2015.00
630.01	2084.00
630.21	2054.00
630.40	2089.00
630.59	2206.00
630.79	2163.00
630.98	2122.00
631.18	2121.00
631.37	2173.00
631.56	2139.00
631.76	2157.00
631.95	2227.00
632.15	2129.00
632.34	2134.00
632.53	2032.00
632.73	2068.00
632.92	2076.00
633.12	2036.00
633.31	2081.00
633.50	2032.00
633.70	2028.00
633.89	2068.00
634.09	2126.00
634.28	2179.00
634.47	2182.00
634.67	2184.00
634.86	2158.00
635.06	2191.00
635.25	2171.00
635.44	2159.00
635.64	2170.00
635.83	2181.00
636.03	2198.00
636.22	2188.00
636.41	2180.00
636.61	2213.00
636.80	2243.00
637.00	2239.00
637.19	2250.00
637.38	2356.00
637.58	2327.00
637.77	2332.00
637.96	2340.00
638.16	2323.00
638.35	2346.00
638.55	2397.00
638.74	2470.00
638.93	2430.00
639.13	2351.00
639.32	2365.00
639.51	2393.00
639.71	2363.00
639.90	2365.00
640.10	2466.00
640.29	2483.00
640.48	2466.00
640.68	2427.00
640.87	2489.00
641.07	2553.00
641.26	2553.00
641.45	2525.00
641.65	2573.00
641.84	2578.00
642.03	2590.00
642.23	2592.00
642.42	2540.00
642.61	2570.00
642.81	2617.00
643.00	2619.00
643.20	2592.00
643.39	2610.00
643.58	2565.00
643.78	2541.00
643.97	2574.00
644.16	2660.00
644.36	2663.00
644.55	2756.00
644.74	2769.00
644.94	2745.00
645.13	2782.00
645.33	2817.00
645.52	2690.00
645.71	2652.00
645.91	2740.00
646.10	2781.00
646.29	2727.00
646.49	2735.00
646.68	2746.00
646.87	2732.00
647.07	2723.00
647.26	2719.00
647.45	2786.00
647.65	2895.00
647.84	2852.00
648.03	2833.00
648.23	2836.00
648.42	2809.00
648.62	2800.00
648.81	2910.00
649.00	2973.00
649.20	2942.00
649.39	2862.00
649.58	2866.00
649.78	2879.00
649.97	2934.00
650.16	2909.00
650.36	2855.00
650.55	2771.00
650.74	2955.00
650.94	3085.00
651.13	2971.00
651.32	2854.00
651.52	2991.00
651.71	3010.00
651.90	3006.00
652.10	3021.00
652.29	2927.00
652.48	2861.00
652.68	3011.00
652.87	3027.00
653.06	2858.00
653.26	2884.00
653.45	2850.00
653.64	2808.00
653.84	2901.00
654.03	2901.00
654.22	2856.00
654.42	2889.00
654.61	2914.00
654.80	2889.00
654.99	2902.00
655.19	2968.00
655.38	2980.00
655.57	3055.00
655.77	3050.00
655.96	2965.00
656.15	2968.00
656.35	2934.00
656.54	2965.00
656.73	3017.00
656.93	2988.00
657.12	3006.00
657.31	3055.00
657.51	2951.00
657.70	2923.00
657.89	2954.00
658.09	2929.00
658.28	2965.00
658.47	2952.00
658.66	2978.00
658.86	3033.00
659.05	3037.00
659.24	3003.00
659.44	3046.00
659.63	2961.00
659.82	2937.00
660.02	2974.00
660.21	2825.00
660.40	2843.00
660.60	2956.00
660.79	2990.00
660.98	2969.00
661.17	2938.00
661.37	2933.00
661.56	2952.00
661.75	3005.00
661.95	2943.00
662.14	2935.00
662.33	2958.00
662.52	2878.00
662.72	2930.00
662.91	2949.00
663.10	2984.00
663.30	2967.00
663.49	2915.00
663.68	2887.00
663.88	2812.00
664.07	2786.00
664.26	2808.00
664.45	2844.00
664.65	2814.00
664.84	2830.00
665.03	2729.00
665.23	2716.00
665.42	2726.00
665.61	2789.00
665.80	2751.00
666.00	2797.00
666.19	2770.00
666.38	2725.00
666.57	2711.00
666.77	2753.00
666.96	2781.00
667.15	2803.00
667.35	2838.00
667.54	2789.00
667.73	2760.00
667.92	2755.00
668.12	2823.00
668.31	2749.00
668.50	2677.00
668.70	2612.00
668.89	2644.00
669.08	2666.00
669.27	2633.00
669.47	2642.00
669.66	2648.00
669.85	2744.00
670.04	2785.00
670.24	2705.00
670.43	2683.00
670.62	2678.00
670.81	2664.00
671.01	2615.00
671.20	2630.00
671.39	2720.00
671.58	2739.00
671.78	2656.00
671.97	2665.00
672.16	2633.00
672.36	2562.00
672.55	2603.00
672.74	2628.00
672.93	2595.00
673.13	2537.00
673.32	2607.00
673.51	2561.00
673.70	2594.00
673.90	2618.00
674.09	2573.00
674.28	2521.00
674.47	2605.00
674.67	2631.00
674.86	2647.00
675.05	2591.00
675.24	2566.00
675.44	2592.00
675.63	2612.00
675.82	2624.00
676.01	2630.00
676.21	2533.00
676.40	2516.00
676.59	2474.00
676.78	2528.00
676.97	2575.00
677.17	2497.00
677.36	2524.00
677.55	2541.00
677.74	2450.00
677.94	2485.00
678.13	2509.00
678.32	2488.00
678.51	2553.00
678.71	2515.00
678.90	2610.00
679.09	2536.00
679.28	2532.00
679.48	2611.00
679.67	2549.00
679.86	2549.00
680.05	2562.00
680.24	2602.00
680.44	2483.00
680.63	2516.00
680.82	2592.00
681.01	2527.00
681.21	2513.00
681.40	2475.00
681.59	2464.00
681.78	2492.00
681.97	2423.00
682.17	2487.00
682.36	2406.00
682.55	2326.00
682.74	2358.00
682.94	2418.00
683.13	2506.00
683.32	2519.00
683.51	2501.00
683.70	2545.00
683.90	2543.00
684.09	2491.00
684.28	2487.00
684.47	2495.00
684.66	2510.00
684.86	2386.00
685.05	2410.00
685.24	2332.00
685.43	2251.00
685.63	2325.00
685.82	2379.00
686.01	2407.00
686.20	2388.00
686.39	2375.00
686.59	2434.00
686.78	2473.00
686.97	2387.00
687.16	2432.00
687.35	2408.00
687.55	2415.00
687.74	2423.00
687.93	2523.00
688.12	2518.00
688.31	2458.00
688.51	2488.00
688.70	2486.00
688.89	2501.00
689.08	2517.00
689.27	2443.00
689.47	2330.00
689.66	2425.00
689.85	2533.00
690.04	2515.00
690.23	2400.00
690.42	2377.00
690.62	2434.00
690.81	2337.00
691.00	2329.00
691.19	2390.00
691.38	2374.00
691.58	2497.00
691.77	2494.00
691.96	2429.00
692.15	2455.00
692.34	2351.00
692.54	2449.00
692.73	2433.00
692.92	2388.00
693.11	2435.00
693.30	2423.00
693.49	2435.00
693.69	2435.00
693.88	2466.00
694.07	2354.00
694.26	2361.00
694.45	2341.00
694.64	2330.00
694.84	2335.00
695.03	2289.00
695.22	2382.00
695.41	2364.00
695.60	2353.00
695.80	2276.00
695.99	2356.00
696.18	2401.00
696.37	2316.00
696.56	2331.00
696.75	2422.00
696.95	2428.00
697.14	2463.00
697.33	2494.00
697.52	2464.00
697.71	2499.00
697.90	2484.00
698.09	2467.00
698.29	2453.00
698.48	2468.00
698.67	2529.00
698.86	2476.00
699.05	2508.00
699.24	2436.00
699.44	2428.00
699.63	2471.00
699.82	2474.00
700.01	2490.00
700.20	2520.00
700.39	2460.00
700.58	2392.00
700.78	2471.00
700.97	2549.00
701.16	2516.00
701.35	2466.00
701.54	2576.00
701.73	2604.00
701.93	2576.00
702.12	2566.00
702.31	2497.00
702.50	2478.00
702.69	2544.00
702.88	2558.00
703.07	2575.00
703.27	2628.00
703.46	2569.00
703.65	2612.00
703.84	2621.00
704.03	2610.00
704.22	2662.00
704.41	2707.00
704.60	2666.00
704.80	2678.00
704.99	2647.00
705.18	2697.00
705.37	2772.00
705.56	2735.00
705.75	2659.00
705.94	2676.00
706.14	2678.00
706.33	2782.00
706.52	2805.00
706.71	2698.00
706.90	2770.00
707.09	2839.00
707.28	2753.00
707.47	2852.00
707.67	2895.00
707.86	2845.00
708.05	2837.00
708.24	2993.00
708.43	2914.00
708.62	2840.00
708.81	2852.00
709.00	2896.00
709.20	2864.00
709.39	2929.00
709.58	2902.00
709.77	2898.00
709.96	2900.00
710.15	2904.00
710.34	2835.00
710.53	2879.00
710.72	2901.00
710.92	2924.00
711.11	2936.00
711.30	2906.00
711.49	2827.00
711.68	2902.00
711.87	3014.00
712.06	3002.00
712.25	3003.00
712.44	3104.00
712.64	3119.00
712.83	3079.00
713.02	3073.00
713.21	3046.00
713.40	3096.00
713.59	3129.00
713.78	3042.00
713.97	3026.00
714.16	2979.00
714.35	2982.00
714.55	3047.00
714.74	3097.00
714.93	3059.00
715.12	3061.00
715.31	3031.00
715.50	3095.00
715.69	3085.00
715.88	3050.00
716.07	2960.00
716.26	2991.00
716.45	3001.00
716.65	2986.00
716.84	3079.00
717.03	3052.00
717.22	3047.00
717.41	3103.00
717.60	3113.00
717.79	3034.00
717.98	3068.00
718.17	3122.00
718.36	3116.00
718.55	3140.00
718.75	3167.00
718.94	3124.00
719.13	3153.00
719.32	3126.00
719.51	3156.00
719.70	3150.00
719.89	3196.00
720.08	3193.00
720.27	3157.00
720.46	3158.00
720.65	3167.00
720.84	3174.00
721.03	3218.00
721.22	3245.00
721.42	3257.00
721.61	3236.00
721.80	3221.00
721.99	3239.00
722.18	3189.00
722.37	3099.00
722.56	3062.00
722.75	3080.00
722.94	3097.00
723.13	3144.00
723.32	3173.00
723.51	3133.00
723.70	3256.00
723.89	3265.00
724.08	3206.00
724.28	3199.00
724.47	3153.00
724.66	3114.00
724.85	3188.00
725.04	3185.00
725.23	3204.00
725.42	3242.00
725.61	3297.00
725.80	3278.00
725.99	3278.00
726.18	3244.00
726.37	3249.00
726.56	3250.00
726.75	3257.00
726.94	3259.00
727.13	3204.00
727.32	3090.00
727.51	3227.00
727.71	3268.00
727.90	3320.00
728.09	3266.00
728.28	3179.00
728.47	3187.00
728.66	3248.00
728.85	3200.00
729.04	3153.00
729.23	3152.00
729.42	3170.00
729.61	3106.00
729.80	3176.00
729.99	3130.00
730.18	3096.00
730.37	3163.00
730.56	3301.00
730.75	3172.00
730.94	3199.00
731.13	3180.00
731.32	3262.00
731.51	3267.00
731.70	3198.00
731.89	3280.00
732.08	3238.00
732.27	3175.00
732.46	3167.00
732.65	3211.00
732.84	3270.00
733.04	3203.00
733.23	3200.00
733.42	3152.00
733.61	3110.00
733.80	3137.00
733.99	3156.00
734.18	3152.00
734.37	3210.00
734.56	3107.00
734.75	3107.00
734.94	3148.00
735.13	2980.00
735.32	3107.00
735.51	3102.00
735.70	3034.00
735.89	3054.00
736.08	3134.00
736.27	3025.00
736.46	3047.00
736.65	3097.00
736.84	3069.00
737.03	3063.00
737.22	3024.00
737.41	3061.00
737.60	3014.00
737.79	3107.00
737.98	3131.00
738.17	3180.00
738.36	3154.00
738.55	3087.00
738.74	3051.00
738.93	3049.00
739.12	3062.00
739.31	3059.00
739.50	3010.00
739.69	3022.00
739.88	3014.00
740.07	3045.00
740.26	3032.00
740.45	2989.00
740.64	2989.00
740.83	2903.00
741.02	3010.00
741.21	2984.00
741.40	2905.00
741.59	2942.00
741.78	2923.00
741.97	2939.00
742.16	2810.00
742.35	2654.00
742.54	2701.00
742.73	2790.00
742.92	2819.00
743.11	2831.00
743.30	2873.00
743.49	2888.00
743.68	2801.00
743.87	2844.00
744.06	2859.00
744.25	2841.00
744.44	2806.00
744.63	2785.00
744.82	2816.00
745.01	2883.00
745.20	2833.00
745.39	2705.00
745.58	2710.00
745.77	2744.00
745.96	2783.00
746.15	2802.00
746.34	2840.00
746.52	2771.00
746.71	2678.00
746.90	2700.00
747.09	2715.00
747.28	2710.00
747.47	2737.00
747.66	2751.00
747.85	2744.00
748.04	2725.00
748.23	2687.00
748.42	2680.00
748.61	2638.00
748.80	2682.00
748.99	2625.00
749.18	2597.00
749.37	2588.00
749.56	2661.00
749.75	2641.00
749.94	2597.00
750.13	2544.00
750.32	2488.00
750.51	2500.00
750.70	2502.00
750.89	2628.00
751.08	2548.00
751.27	2500.00
751.46	2568.00
751.64	2575.00
751.83	2550.00
752.02	2498.00
752.21	2506.00
752.40	2446.00
752.59	2480.00
752.78	2579.00
752.97	2553.00
753.16	2505.00
753.35	2487.00
753.54	2518.00
753.73	2426.00
753.92	2396.00
754.11	2469.00
754.30	2463.00
754.49	2461.00
754.68	2487.00
754.87	2482.00
755.06	2496.00
755.24	2524.00
755.43	2498.00
755.62	2600.00
755.81	2563.00
756.00	2522.00
756.19	2426.00
756.38	2423.00
756.57	2412.00
756.76	2442.00
756.95	2431.00
757.14	2405.00
757.33	2383.00
757.52	2434.00
757.71	2431.00
757.90	2401.00
758.08	2391.00
758.27	2323.00
758.46	2355.00
758.65	2409.00
758.84	2368.00
759.03	2261.00
759.22	2253.00
759.41	2313.00
759.60	2304.00
759.79	2308.00
759.98	2297.00
760.17	2408.00
760.36	2398.00
760.54	2346.00
760.73	2274.00
760.92	2280.00
761.11	2284.00
761.30	2225.00
761.49	2105.00
761.68	2047.00
761.87	2056.00
762.06	2174.00
762.25	2207.00
762.44	2168.00
762.63	2062.00
762.81	1962.00
763.00	2089.00
763.19	2080.00
763.38	2020.00
763.57	1931.00
763.76	1991.00
763.95	2045.00
764.14	1984.00
764.33	1920.00
764.52	1946.00
764.71	1981.00
764.89	1934.00
765.08	1922.00
765.27	2086.00
765.46	2045.00
765.65	1959.00
765.84	1963.00
766.03	2019.00
766.22	2055.00
766.41	2064.00
766.59	1980.00
766.78	2056.00
766.97	2053.00
767.16	2053.00
767.35	2070.00
767.54	2062.00
767.73	2082.00
767.92	2097.00
768.11	2189.00
768.30	2271.00
768.48	2197.00
768.67	2189.00
768.86	2177.00
769.05	2250.00
769.24	2208.00
769.43	2209.00
769.62	2253.00
769.81	2161.00
769.99	2087.00
770.18	2210.00
770.37	2178.00
770.56	2219.00
770.75	2213.00
770.94	2163.00
771.13	2213.00
771.32	2259.00
771.50	2254.00
771.69	2239.00
771.88	2231.00
772.07	2213.00
772.26	2211.00
772.45	2137.00
772.64	2156.00
772.83	2090.00
773.01	2146.00
773.20	2191.00
773.39	2247.00
773.58	2258.00
773.77	2183.00
773.96	2187.00
774.15	2250.00
774.34	2187.00
774.52	2193.00
774.71	2206.00
774.90	2155.00
775.09	2147.00
775.28	2146.00
775.47	2204.00
775.66	2219.00
775.84	2098.00
776.03	2098.00
776.22	2149.00
776.41	2086.00
776.60	2110.00
776.79	2129.00
776.98	2143.00
777.16	2115.00
777.35	2095.00
777.54	2059.00
777.73	2100.00
777.92	2076.00
778.11	2072.00
778.29	2132.00
778.48	2072.00
778.67	2082.00
778.86	2100.00
779.05	2080.00
779.24	2128.00
779.43	2136.00
779.61	2129.00
779.80	2160.00
779.99	2168.00
780.18	2266.00
780.37	2186.00
780.56	2140.00
780.74	2228.00
780.93	2246.00
781.12	2183.00
781.31	2193.00
781.50	2212.00
781.69	2208.00
781.87	2237.00
782.06	2231.00
782.25	2175.00
782.44	2264.00
782.63	2212.00
782.82	2106.00
783.00	2128.00
783.19	2212.00
783.38	2178.00
783.57	2244.00
783.76	2233.00
783.95	2236.00
784.13	2224.00
784.32	2215.00
784.51	2170.00
784.70	2148.00
784.89	2114.00
785.08	2200.00
785.26	2201.00
785.45	2239.00
785.64	2174.00
785.83	2195.00
786.02	2222.00
786.20	2161.00
786.39	2207.00
786.58	2161.00
786.77	2167.00
786.96	2161.00
787.15	2216.00
787.33	2292.00
787.52	2252.00
787.71	2248.00
787.90	2193.00
788.09	2138.00
788.27	2184.00
788.46	2238.00
788.65	2234.00
788.84	2244.00
789.03	2199.00
789.21	2158.00
789.40	2223.00
789.59	2335.00
789.78	2354.00
789.97	2336.00
790.15	2295.00
790.34	2223.00
790.53	2238.00
790.72	2317.00
790.91	2384.00
791.09	2298.00
791.28	2265.00
791.47	2279.00
791.66	2303.00
791.85	2280.00
792.03	2313.00
792.22	2358.00
792.41	2300.00
792.60	2307.00
792.79	2272.00
792.97	2252.00
793.16	2397.00
793.35	2388.00
793.54	2319.00
793.72	2372.00
793.91	2468.00
794.10	2449.00
794.29	2396.00
794.48	2387.00
794.66	2314.00
794.85	2350.00
795.04	2317.00
795.23	2272.00
795.42	2302.00
795.60	2409.00
795.79	2389.00
795.98	2409.00
796.17	2348.00
796.35	2319.00
796.54	2360.00
796.73	2414.00
796.92	2370.00
797.11	2320.00
797.29	2336.00
797.48	2400.00
797.67	2377.00
797.86	2401.00
798.04	2324.00
798.23	2292.00
798.42	2360.00
798.61	2363.00
798.79	2363.00
798.98	2310.00
799.17	2346.00
799.36	2350.00
799.54	2240.00
799.73	2238.00
799.92	2327.00
800.11	2277.00
800.30	2287.00
800.48	2324.00
800.67	2415.00
800.86	2398.00
801.05	2421.00
801.23	2388.00
801.42	2302.00
801.61	2230.00
801.80	2317.00
801.98	2339.00
802.17	2336.00
802.36	2327.00
802.55	2313.00
802.73	2407.00
802.92	2365.00
803.11	2354.00
803.30	2501.00
803.48	2467.00
803.67	2402.00
803.86	2484.00
804.05	2411.00
804.23	2351.00
804.42	2451.00
804.61	2513.00
804.80	2502.00
804.98	2411.00
805.17	2395.00
805.36	2453.00
805.54	2452.00
805.73	2461.00
805.92	2423.00
806.11	2471.00
806.29	2486.00
806.48	2468.00
806.67	2408.00
806.86	2465.00
807.04	2462.00
807.23	2459.00
807.42	2478.00
807.61	2382.00
807.79	2360.00
807.98	2427.00
808.17	2516.00
808.35	2419.00
808.54	2421.00
808.73	2422.00
808.92	2513.00
809.10	2476.00
809.29	2422.00
809.48	2499.00
809.67	2435.00
809.85	2430.00
810.04	2450.00
810.23	2439.00
810.41	2455.00
810.60	2393.00
810.79	2357.00
810.98	2419.00
811.16	2454.00
811.35	2373.00
811.54	2359.00
811.72	2492.00
811.91	2441.00
812.10	2457.00
812.29	2374.00
812.47	2345.00
812.66	2352.00
812.85	2406.00
813.03	2468.00
813.22	2353.00
813.41	2380.00
813.60	2386.00
813.78	2339.00
813.97	2400.00
814.16	2417.00
814.34	2486.00
814.53	2445.00
814.72	2371.00
814.90	2276.00
815.09	2328.00
815.28	2401.00
815.47	2468.00
815.65	2420.00
815.84	2306.00
816.03	2324.00
816.21	2306.00
816.40	2374.00
816.59	2356.00
816.77	2311.00
816.96	2336.00
817.15	2371.00
817.33	2339.00
817.52	2390.00
817.71	2422.00
817.90	2368.00
818.08	2388.00
818.27	2335.00
818.46	2335.00
818.64	2389.00
818.83	2328.00
819.02	2346.00
819.20	2393.00
819.39	2456.00
819.58	2428.00
819.76	2400.00
819.95	2329.00
820.14	2392.00
820.32	2450.00
820.51	2400.00
820.70	2376.00
820.88	2353.00
821.07	2482.00
821.26	2411.00
821.44	2410.00
821.63	2438.00
821.82	2479.00
822.01	2481.00
822.19	2486.00
822.38	2367.00
822.57	2361.00
822.75	2341.00
822.94	2421.00
823.13	2389.00
823.31	2436.00
823.50	2440.00
823.69	2350.00
823.87	2377.00
824.06	2379.00
824.25	2412.00
824.43	2370.00
824.62	2395.00
824.80	2364.00
824.99	2315.00
825.18	2362.00
825.36	2311.00
825.55	2269.00
825.74	2280.00
825.92	2334.00
826.11	2441.00
826.30	2404.00
826.48	2314.00
826.67	2298.00
826.86	2295.00
827.04	2302.00
827.23	2338.00
827.42	2353.00
827.60	2333.00
827.79	2345.00
827.98	2277.00
828.16	2267.00
828.35	2210.00
828.54	2219.00
828.72	2276.00
828.91	2268.00
829.09	2285.00
829.28	2231.00
829.47	2259.00
829.65	2268.00
829.84	2286.00
830.03	2271.00
830.21	2320.00
830.40	2268.00
830.59	2192.00
830.77	2253.00
830.96	2303.00
831.14	2200.00
831.33	2252.00
831.52	2342.00
831.70	2299.00
831.89	2241.00
832.08	2220.00
832.26	2252.00
832.45	2219.00
832.64	2158.00
832.82	2151.00
833.01	2146.00
833.19	2288.00
833.38	2251.00
833.57	2193.00
833.75	2199.00
833.94	2219.00
834.13	2214.00
834.31	2168.00
834.50	2178.00
834.68	2175.00
834.87	2145.00
835.06	2135.00
835.24	2240.00
835.43	2249.00
835.61	2161.00
835.80	2209.00
835.99	2141.00
836.17	2154.00
836.36	2165.00
836.55	2180.00
836.73	2154.00
836.92	2113.00
837.10	2115.00
837.29	2122.00
837.48	2106.00
837.66	2105.00
837.85	2033.00
838.03	2078.00
838.22	2149.00
838.41	2221.00
838.59	2183.00
838.78	2067.00
838.96	2111.00
839.15	2203.00
839.34	2201.00
839.52	2180.00
839.71	2138.00
839.89	2167.00
840.08	2172.00
840.27	2087.00
840.45	2036.00
840.64	2099.00
840.82	2160.00
841.01	2110.00
841.20	2105.00
841.38	2140.00
841.57	2033.00
841.75	2042.00
841.94	2017.00
842.13	2000.00
842.31	2044.00
842.50	2008.00
842.68	2055.00
842.87	2098.00
843.05	2132.00
843.24	2004.00
843.43	1926.00
843.61	1971.00
843.80	2013.00
843.98	2022.00
844.17	1960.00
844.36	1905.00
844.54	1871.00
844.73	1903.00
844.91	1927.00
845.10	1962.00
845.28	1966.00
845.47	1968.00
845.66	1945.00
845.84	1955.00
846.03	1935.00
846.21	1909.00
846.40	2002.00
846.58	2017.00
846.77	1955.00
846.96	1962.00
847.14	1828.00
847.33	1831.00
847.51	1892.00
847.70	1961.00
847.88	1949.00
848.07	1904.00
848.25	1963.00
848.44	1930.00
848.63	1853.00
848.81	1819.00
849.00	1890.00
849.18	1887.00
849.37	1897.00
849.55	1889.00
849.74	1921.00
849.93	1897.00
850.11	1837.00
850.30	1862.00
850.48	1837.00
850.67	1856.00
850.85	1818.00
851.04	1796.00
851.22	1747.00
851.41	1768.00
851.59	1814.00
851.78	1859.00
851.97	1836.00
852.15	1736.00
852.34	1792.00
852.52	1801.00
852.71	1757.00
852.89	1792.00
853.08	1828.00
853.26	1812.00
853.45	1774.00
853.63	1723.00
853.82	1762.00
854.01	1728.00
854.19	1818.00
854.38	1805.00
854.56	1792.00
854.75	1811.00
854.93	1776.00
855.12	1809.00
855.30	1781.00
855.49	1798.00
855.67	1802.00
855.86	1774.00
856.04	1808.00
856.23	1786.00
856.41	1853.00
856.60	1799.00
856.79	1733.00
856.97	1792.00
857.16	1783.00
857.34	1695.00
857.53	1726.00
857.71	1713.00
857.90	1718.00
858.08	1726.00
858.27	1731.00
858.45	1635.00
858.64	1656.00
858.82	1667.00
859.01	1719.00
859.19	1645.00
859.38	1652.00
859.56	1714.00
859.75	1627.00
859.93	1585.00
860.12	1586.00
860.30	1688.00
860.49	1709.00
860.67	1713.00
860.86	1699.00
861.04	1691.00
861.23	1696.00
861.41	1696.00
861.60	1674.00
861.78	1616.00
861.97	1667.00
862.15	1724.00
862.34	1638.00
862.53	1575.00
862.71	1558.00
862.90	1596.00
863.08	1606.00
863.27	1493.00
863.45	1517.00
863.64	1695.00
863.82	1666.00
864.01	1635.00
864.19	1592.00
864.37	1539.00
864.56	1554.00
864.74	1557.00
864.93	1487.00
865.11	1546.00
865.30	1709.00
865.48	1653.00
865.67	1527.00
865.85	1504.00
866.04	1545.00
866.22	1510.00
866.41	1582.00
866.59	1602.00
866.78	1558.00
866.96	1482.00
867.15	1507.00
867.33	1555.00
867.52	1557.00
867.70	1547.00
867.89	1527.00
868.07	1544.00
868.26	1479.00
868.44	1413.00
868.63	1435.00
868.81	1565.00
869.00	1542.00
869.18	1468.00
869.37	1470.00
869.55	1500.00
869.74	1421.00
869.92	1423.00
870.10	1456.00
870.29	1459.00
870.47	1490.00
870.66	1505.00
870.84	1472.00
871.03	1420.00
871.21	1363.00
871.40	1421.00
871.58	1495.00
871.77	1426.00
871.95	1384.00
872.14	1443.00
872.32	1382.00
872.51	1422.00
872.69	1481.00
872.87	1534.00
873.06	1437.00
873.24	1381.00
873.43	1453.00
873.61	1426.00
873.80	1403.00
873.98	1411.00
874.17	1436.00
874.35	1468.00
874.54	1413.00
874.72	1333.00
874.90	1369.00
875.09	1394.00
875.27	1416.00
875.46	1451.00
875.64	1401.00
875.83	1435.00
876.01	1393.00
876.20	1310.00
876.38	1364.00
876.56	1358.00
876.75	1406.00
876.93	1388.00
877.12	1431.00
877.30	1428.00
877.49	1391.00
877.67	1327.00
877.86	1398.00
878.04	1322.00
878.22	1342.00
878.41	1361.00
878.59	1432.00
878.78	1459.00
878.96	1391.00
879.15	1337.00
879.33	1371.00
879.51	1378.00
879.70	1365.00
879.88	1345.00
880.07	1380.00
880.25	1345.00
880.44	1395.00
880.62	1359.00
880.80	1352.00
880.99	1348.00
881.17	1325.00
881.36	1370.00
881.54	1361.00
881.73	1364.00
881.91	1330.00
882.09	1401.00
882.28	1307.00
882.46	1307.00
882.65	1338.00
882.83	1339.00
883.02	1360.00
883.20	1331.00
883.38	1292.00
883.57	1273.00
883.75	1354.00
883.94	1330.00
884.12	1330.00
884.30	1324.00
884.49	1340.00
884.67	1281.00
884.86	1343.00
885.04	1369.00
885.22	1304.00
885.41	1286.00
885.59	1267.00
885.78	1265.00
885.96	1272.00
886.14	1310.00
886.33	1311.00
886.51	1229.00
886.70	1273.00
886.88	1362.00
887.06	1353.00
887.25	1323.00
887.43	1311.00
887.62	1255.00
887.80	1211.00
887.98	1270.00
888.17	1245.00
888.35	1194.00
888.54	1270.00
888.72	1265.00
888.90	1223.00
889.09	1227.00
889.27	1195.00
889.46	1231.00
889.64	1274.00
889.82	1223.00
890.01	1210.00
890.19	1227.00
890.38	1284.00
890.56	1245.00
890.74	1221.00
890.93	1283.00
891.11	1382.00
891.29	1336.00
891.48	1267.00
891.66	1308.00
891.85	1320.00
892.03	1297.00
892.21	1298.00
892.40	1327.00
892.58	1296.00
892.76	1266.00
892.95	1323.00
893.13	1287.00
893.32	1314.00
893.50	1314.00
893.68	1289.00
893.87	1240.00
894.05	1251.00
894.23	1237.00
894.42	1281.00
894.60	1313.00
894.79	1308.00
894.97	1273.00
895.15	1313.00
895.34	1311.00
895.52	1294.00
895.70	1282.00
895.89	1236.00
896.07	1300.00
896.25	1330.00
896.44	1267.00
896.62	1291.00
896.81	1324.00
896.99	1360.00
897.17	1309.00
897.36	1264.00
897.54	1319.00
897.72	1296.00
897.91	1318.00
898.09	1327.00
898.27	1340.00
898.46	1305.00
898.64	1294.00
898.82	1335.00
899.01	1382.00
899.19	1400.00
899.37	1361.00
899.56	1313.00
899.74	1319.00
899.92	1273.00
900.11	1338.00
900.29	1416.00
900.47	1357.00
900.66	1337.00
900.84	1298.00
901.03	1307.00
901.21	1312.00
901.39	1332.00
901.58	1371.00
901.76	1283.00
901.94	1326.00
902.13	1350.00
902.31	1392.00
902.49	1335.00
902.68	1357.00
902.86	1363.00
903.04	1433.00
903.23	1386.00
903.41	1362.00
903.59	1373.00
903.78	1343.00
903.96	1364.00
904.14	1407.00
904.32	1421.00
904.51	1424.00
904.69	1403.00
904.87	1402.00
905.06	1404.00
905.24	1335.00
905.42	1438.00
905.61	1474.00
905.79	1397.00
905.97	1354.00
906.16	1359.00
906.34	1389.00
906.52	1419.00
906.71	1445.00
906.89	1389.00
907.07	1392.00
907.26	1411.00
907.44	1449.00
907.62	1428.00
907.81	1425.00
907.99	1358.00
908.17	1420.00
908.35	1480.00
908.54	1484.00
908.72	1492.00
908.90	1449.00
909.09	1424.00
909.27	1394.00
909.45	1348.00
909.64	1354.00
909.82	1440.00
910.00	1416.00
910.18	1347.00
910.37	1328.00
910.55	1363.00
910.73	1432.00
910.92	1436.00
911.10	1413.00
911.28	1428.00
911.47	1422.00
911.65	1400.00
911.83	1348.00
912.01	1387.00
912.20	1440.00
912.38	1403.00
912.56	1418.00
912.75	1476.00
912.93	1371.00
913.11	1328.00
913.29	1422.00
913.48	1411.00
913.66	1406.00
913.84	1390.00
914.03	1380.00
914.21	1509.00
914.39	1436.00
914.57	1393.00
914.76	1433.00
914.94	1416.00
915.12	1346.00
915.31	1332.00
915.49	1354.00
915.67	1367.00
915.85	1432.00
916.04	1407.00
916.22	1368.00
916.40	1309.00
916.58	1293.00
916.77	1328.00
916.95	1408.00
917.13	1438.00
917.32	1350.00
917.50	1344.00
917.68	1374.00
917.86	1348.00
918.05	1283.00
918.23	1297.00
918.41	1258.00
918.59	1289.00
918.78	1334.00
918.96	1300.00
919.14	1215.00
919.32	1293.00
919.51	1342.00
919.69	1289.00
919.87	1352.00
920.05	1331.00
920.24	1287.00
920.42	1253.00
920.60	1276.00
920.78	1328.00
920.97	1277.00
921.15	1289.00
921.33	1226.00
921.52	1232.00
921.70	1264.00
921.88	1286.00
922.06	1247.00
922.24	1231.00
922.43	1282.00
922.61	1280.00
922.79	1301.00
922.97	1266.00
923.16	1254.00
923.34	1233.00
923.52	1246.00
923.70	1214.00
923.89	1197.00
924.07	1175.00
924.25	1170.00
924.43	1165.00
924.62	1229.00
924.80	1255.00
924.98	1212.00
925.16	1235.00
925.35	1262.00
925.53	1265.00
925.71	1259.00
925.89	1248.00
926.08	1243.00
926.26	1233.00
926.44	1284.00
926.62	1209.00
926.80	1196.00
926.99	1204.00
927.17	1166.00
927.35	1212.00
927.53	1160.00
927.72	1132.00
927.90	1174.00
928.08	1233.00
928.26	1268.00
928.44	1246.00
928.63	1202.00
928.81	1153.00
928.99	1177.00
929.17	1188.00
929.36	1209.00
929.54	1157.00
929.72	1144.00
929.90	1126.00
930.08	1140.00
930.27	1182.00
930.45	1212.00
930.63	1116.00
930.81	1047.00
930.99	1108.00
931.18	1105.00
931.36	1100.00
931.54	1188.00
931.72	1226.00
931.90	1182.00
932.09	1173.00
932.27	1148.00
932.45	1132.00
932.63	1147.00
932.81	1101.00
933.00	1125.00
933.18	1190.00
933.36	1124.00
933.54	1060.00
933.72	1064.00
933.91	1009.00
934.09	1023.00
934.27	1042.00
934.45	1026.00
934.63	1012.00
934.82	933.00
935.00	824.00
935.18	911.00
935.36	941.00
935.54	964.00
935.73	969.00
935.91	914.00
936.09	849.00
936.27	930.00
936.45	922.00
936.64	946.00
936.82	881.00
937.00	857.00
937.18	835.00
937.36	809.00
937.54	837.00
937.73	806.00
937.91	837.00
938.09	759.00
938.27	750.00
938.45	761.00
938.63	783.00
938.82	759.00
939.00	690.00
939.18	663.00
939.36	674.00
939.54	660.00
939.73	738.00
939.91	675.00
940.09	611.00
940.27	653.00
940.45	660.00
940.63	619.00
940.82	637.00
941.00	661.00
941.18	681.00
941.36	656.00
941.54	608.00
941.72	533.00
941.91	594.00
942.09	554.00
942.27	660.00
942.45	594.00
942.63	596.00
942.81	559.00
942.99	587.00
943.18	570.00
943.36	587.00
943.54	590.00
943.72	541.00
943.90	567.00
944.08	579.00
944.27	563.00
944.45	541.00
944.63	518.00
944.81	596.00
944.99	571.00
945.17	564.00
945.35	517.00
945.54	565.00
945.72	540.00
945.90	478.00
946.08	502.00
946.26	527.00
946.44	536.00
946.62	474.00
946.81	569.00
946.99	643.00
947.17	598.00
947.35	592.00
947.53	505.00
947.71	589.00
947.89	582.00
948.07	557.00
948.26	524.00
948.44	570.00
948.62	567.00
948.80	603.00
948.98	570.00
949.16	590.00
949.34	561.00
949.53	568.00
949.71	628.00
949.89	629.00
950.07	563.00
950.25	539.00
950.43	590.00
950.61	588.00
950.79	586.00
950.98	595.00
951.16	592.00
951.34	525.00
951.52	564.00
951.70	557.00
951.88	566.00
952.06	508.00
952.24	535.00
952.42	632.00
952.61	584.00
952.79	573.00
952.97	624.00
953.15	609.00
953.33	566.00
953.51	566.00
953.69	562.00
953.87	542.00
954.05	481.00
954.24	565.00
954.42	545.00
954.60	511.00
954.78	465.00
954.96	519.00
955.14	496.00
955.32	535.00
955.50	549.00
955.68	523.00
955.86	549.00
956.05	628.00
956.23	562.00
956.41	542.00
956.59	548.00
956.77	566.00
956.95	504.00
957.13	427.00
957.31	567.00
957.49	522.00
957.67	509.00
957.86	536.00
958.04	537.00
958.22	561.00
958.40	509.00
958.58	540.00
958.76	566.00
958.94	532.00
959.12	513.00
959.30	502.00
959.48	550.00
959.66	549.00
959.84	524.00
960.03	515.00
960.21	485.00
960.39	475.00
960.57	484.00
960.75	440.00
960.93	486.00
961.11	489.00
961.29	469.00
961.47	526.00
961.65	490.00
961.83	493.00
962.01	469.00
962.19	482.00
962.37	479.00
962.56	563.00
962.74	565.00
962.92	511.00
963.10	487.00
963.28	524.00
963.46	554.00
963.64	530.00
963.82	530.00
964.00	545.00
964.18	530.00
964.36	521.00
964.54	487.00
964.72	549.00
964.90	539.00
965.08	489.00
965.27	537.00
965.45	524.00
965.63	487.00
965.81	522.00
965.99	475.00
966.17	456.00
966.35	434.00
966.53	462.00
966.71	445.00
966.89	540.00
967.07	550.00
967.25	463.00
967.43	515.00
967.61	499.00
967.79	502.00
967.97	445.00
968.15	496.00
968.33	473.00
968.51	414.00
968.69	405.00
968.87	494.00
969.06	470.00
969.24	442.00
969.42	541.00
969.60	422.00
969.78	429.00
969.96	413.00
970.14	449.00
970.32	452.00
970.50	485.00
970.68	495.00
970.86	414.00
971.04	448.00
971.22	518.00
971.40	527.00
971.58	479.00
971.76	481.00
971.94	518.00
972.12	455.00
972.30	443.00
972.48	463.00
972.66	433.00
972.84	427.00
973.02	412.00
973.20	481.00
973.38	479.00
973.56	436.00
973.74	373.00
973.92	448.00
974.10	423.00
974.28	427.00
974.46	438.00
974.64	366.00
974.82	402.00
975.00	443.00
975.18	409.00
975.36	357.00
975.54	369.00
975.72	407.00
975.90	409.00
976.08	366.00
976.26	404.00
976.44	361.00
976.62	392.00
976.80	452.00
976.98	403.00
977.16	362.00
977.34	352.00
977.52	392.00
977.70	350.00
977.88	367.00
978.06	403.00
978.24	330.00
978.42	322.00
978.60	377.00
978.78	415.00
978.96	375.00
979.14	411.00
979.32	345.00
979.50	304.00
979.68	292.00
979.86	360.00
980.04	421.00
980.22	445.00
980.40	408.00
980.58	374.00
980.76	384.00
980.94	354.00
981.12	354.00
981.30	420.00
981.48	395.00
981.66	376.00
981.84	415.00
982.02	367.00
982.20	388.00
982.38	419.00
982.56	350.00
982.74	321.00
982.92	331.00
983.10	386.00
983.28	378.00
983.46	317.00
983.64	345.00
983.82	365.00
984.00	367.00
984.18	375.00
984.36	360.00
984.54	343.00
984.72	339.00
984.90	354.00
985.08	344.00
985.26	368.00
985.44	381.00
985.62	402.00
985.80	415.00
985.98	392.00
986.16	356.00
986.34	302.00
986.51	313.00
986.69	327.00
986.87	354.00
987.05	368.00
987.23	375.00
987.41	346.00
987.59	311.00
987.77	343.00
987.95	332.00
988.13	286.00
988.31	341.00
988.49	310.00
988.67	324.00
988.85	342.00
989.03	371.00
989.21	361.00
989.39	355.00
989.57	362.00
989.75	313.00
989.93	321.00
990.11	374.00
990.28	351.00
990.46	349.00
990.64	329.00
990.82	380.00
991.00	397.00
991.18	330.00
991.36	300.00
991.54	279.00
991.72	272.00
991.90	354.00
992.08	381.00
992.26	310.00
992.44	314.00
992.62	338.00
992.80	319.00
992.98	279.00
993.15	329.00
993.33	341.00
993.51	357.00
993.69	302.00
993.87	350.00
994.05	304.00
994.23	274.00
994.41	296.00
994.59	265.00
994.77	239.00
994.95	288.00
995.13	317.00
995.31	316.00
995.48	308.00
995.66	294.00
995.84	354.00
996.02	326.00
996.20	350.00
996.38	312.00
996.56	323.00
996.74	237.00
996.92	281.00
997.10	339.00
997.28	340.00
997.46	292.00
997.63	261.00
997.81	263.00
997.99	315.00
998.17	312.00
998.35	274.00
998.53	311.00
998.71	333.00
998.89	272.00
999.07	260.00
999.25	277.00
999.43	308.00
999.60	237.00
999.78	226.00
999.96	238.00
1000.14	252.00
1000.32	242.00
1000.50	229.00
1000.68	255.00
1000.86	287.00
1001.04	310.00
1001.21	311.00
1001.39	227.00
1001.57	272.00
1001.75	273.00
1001.93	277.00
1002.11	283.00
1002.29	353.00
1002.47	312.00
1002.65	231.00
1002.82	234.00
1003.00	195.00
1003.18	198.00
1003.36	292.00
1003.54	313.00
1003.72	401.00
1003.90	326.00
1004.08	271.00
1004.26	292.00
1004.43	217.00
1004.61	213.00
1004.79	275.00
1004.97	265.00
1005.15	286.00
1005.33	284.00
1005.51	246.00
1005.69	260.00
1005.86	262.00
1006.04	305.00
1006.22	266.00
1006.40	269.00
1006.58	260.00
1006.76	211.00
1006.94	275.00
1007.12	243.00
1007.29	242.00
1007.47	222.00
1007.65	225.00
1007.83	238.00
1008.01	212.00
1008.19	253.00
1008.37	251.00
1008.54	230.00
1008.72	195.00
1008.90	276.00
1009.08	205.00
1009.26	227.00
1009.44	251.00
1009.62	262.00
1009.79	262.00
1009.97	291.00
1010.15	246.00
1010.33	251.00
1010.51	265.00
1010.69	279.00
1010.87	244.00
1011.04	243.00
1011.22	203.00
1011.40	173.00
1011.58	188.00
1011.76	220.00
1011.94	266.00
1012.11	230.00
1012.29	175.00
1012.47	210.00
1012.65	218.00
1012.83	167.00
1013.01	171.00
1013.18	220.00
1013.36	283.00
1013.54	283.00
1013.72	257.00
1013.90	270.00
1014.08	232.00
1014.25	269.00
1014.43	306.00
1014.61	205.00
1014.79	237.00
1014.97	214.00
1015.15	144.00
1015.32	187.00
1015.50	277.00
1015.68	255.00
1015.86	237.00
1016.04	258.00
1016.22	299.00
1016.39	264.00
1016.57	236.00
1016.75	274.00
1016.93	239.00
1017.11	210.00
1017.29	268.00
1017.46	264.00
1017.64	229.00
1017.82	167.00
1018.00	195.00
1018.18	190.00
1018.35	192.00
1018.53	201.00
1018.71	198.00
1018.89	208.00
1019.07	205.00
1019.24	244.00
1019.42	235.00
1019.60	247.00
1019.78	182.00
1019.96	227.00
1020.14	212.00
1020.31	237.00
1020.49	186.00
1020.67	203.00
1020.85	239.00
1021.03	254.00
1021.20	218.00
1021.38	159.00
1021.56	191.00
1021.74	203.00
1021.92	151.00
1022.09	181.00
1022.27	193.00
1022.45	150.00
1022.63	220.00
1022.81	148.00
1022.98	132.00
1023.16	186.00
1023.34	231.00
1023.52	186.00
1023.69	174.00
1023.87	288.00
1024.05	267.00
1024.23	175.00
1024.41	143.00
1024.58	155.00
1024.76	162.00
1024.94	208.00
1025.12	163.00
1025.30	88.00
1025.47	159.00
1025.65	211.00
1025.83	162.00
1026.01	164.00
1026.18	172.00
1026.36	181.00
1026.54	209.00
1026.72	247.00
1026.90	250.00
1027.07	214.00
1027.25	173.00
1027.43	242.00
1027.61	260.00
1027.78	135.00
1027.96	181.00
1028.14	159.00
1028.32	131.00
1028.49	114.00
1028.67	173.00
1028.85	167.00
1029.03	158.00
1029.21	250.00
1029.38	167.00
1029.56	130.00
1029.74	198.00
1029.92	205.00
1030.09	165.00
1030.27	209.00
1030.45	167.00
1030.63	117.00
1030.80	171.00
1030.98	179.00
1031.16	174.00
1031.34	172.00
1031.51	174.00
1031.69	140.00
1031.87	203.00
1032.05	137.00
1032.22	202.00
1032.40	233.00
1032.58	224.00
1032.76	220.00
1032.93	208.00
1033.11	107.00
1033.29	94.00
1033.47	208.00
1033.64	192.00
1033.82	156.00
1034.00	169.00
1034.18	149.00
1034.35	202.00
1034.53	162.00
1034.71	172.00
1034.89	230.00
1035.06	179.00
1035.24	163.00
1035.42	191.00
1035.59	158.00
1035.77	143.00
1035.95	145.00
1036.13	114.00
1036.30	148.00
1036.48	179.00
1036.66	182.00
1036.84	85.00
1037.01	137.00
1037.19	126.00
1037.37	148.00
1037.54	217.00
1037.72	94.00
1037.90	57.00
1038.08	119.00
1038.25	182.00
1038.43	141.00
1038.61	87.00
1038.79	100.00
1038.96	135.00
1039.14	169.00
1039.32	171.00
1039.49	131.00
1039.67	176.00
1039.85	138.00
1040.03	156.00
1040.20	137.00
1040.38	130.00
1040.56	112.00
1040.73	111.00
1040.91	162.00
1041.09	156.00
1041.27	105.00
1041.44	104.00
1041.62	188.00
1041.80	117.00
1041.97	160.00
1042.15	124.00
1042.33	106.00
1042.50	160.00
1042.68	194.00
1042.86	126.00
1043.04	110.00
1043.21	161.00
1043.39	168.00
1043.57	137.00
1043.74	149.00
1043.92	157.00
1044.10	145.00
1044.27	100.00
1044.45	128.00
1044.63	200.00
1044.80	188.00
1044.98	100.00
1045.16	156.00
1045.34	138.00
1045.51	144.00
1045.69	148.00
1045.87	128.00
1046.04	108.00
1046.22	137.00
1046.40	124.00
1046.57	150.00
1046.75	136.00
1046.93	122.00
1047.10	99.00
1047.28	110.00
1047.46	95.00
1047.63	78.00
1047.81	141.00
1047.99	136.00
1048.16	89.00
1048.34	81.00
1048.52	115.00
1048.69	80.00
1048.87	96.00
1049.05	144.00
1049.22	134.00
1049.40	108.00
1049.58	112.00
1049.75	94.00
1049.93	116.00
1050.11	153.00
1050.28	164.00
1050.46	178.00
1050.64	171.00
1050.81	130.00
1050.99	143.00
1051.17	162.00
1051.34	133.00
1051.52	167.00
1051.70	167.00
1051.87	191.00
1052.05	189.00
1052.23	132.00
1052.40	119.00
1052.58	125.00
1052.76	107.00
1052.93	87.00
1053.11	70.00
1053.29	120.00
1053.46	116.00
1053.64	112.00
1053.82	116.00
1053.99	155.00
1054.17	86.00
1054.35	58.00
1054.52	80.00
1054.70	58.00
1054.87	123.00
1055.05	91.00
1055.23	93.00
1055.40	148.00
1055.58	103.00
1055.76	142.00
1055.93	136.00
1056.11	127.00
1056.29	38.00
1056.46	94.00
1056.64	135.00
1056.81	68.00
1056.99	127.00
1057.17	157.00
1057.34	113.00
1057.52	134.00
1057.70	200.00
1057.87	101.00
1058.05	118.00
1058.22	114.00
1058.40	113.00
1058.58	160.00
1058.75	97.00
1058.93	101.00
1059.11	69.00
1059.28	115.00
1059.46	144.00
1059.63	123.00
1059.81	120.00
1059.99	98.00
1060.16	44.00
1060.34	-14.00
1060.52	22.00
1060.69	110.00
1060.87	155.00
1061.04	108.00
1061.22	105.00
