367.62	35.00
367.82	28.00
368.02	18.00
368.23	7.00
368.43	-12.00
368.63	-29.00
368.83	-8.00
369.04	33.00
369.24	-16.00
369.44	-20.00
369.65	23.00
369.85	28.00
370.05	61.00
370.25	42.00
370.46	-14.00
370.66	7.00
370.86	66.00
371.07	37.00
371.27	27.00
371.47	9.00
371.67	-25.00
371.88	-11.00
372.08	10.00
372.28	2.00
372.49	22.00
372.69	-6.00
372.89	-16.00
373.09	-21.00
373.30	63.00
373.50	85.00
373.70	15.00
373.91	12.00
374.11	32.00
374.31	-8.00
374.51	-41.00
374.72	-37.00
374.92	-34.00
375.12	8.00
375.33	40.00
375.53	13.00
375.73	58.00
375.93	-29.00
376.14	-56.00
376.34	-68.00
376.54	1.00
376.74	7.00
376.95	-21.00
377.15	-56.00
377.35	-42.00
377.55	53.00
377.76	63.00
377.96	-5.00
378.16	54.00
378.37	41.00
378.57	15.00
378.77	-15.00
378.97	-51.00
379.18	-63.00
379.38	30.00
379.58	73.00
379.78	41.00
379.99	-9.00
380.19	-22.00
380.39	9.00
380.59	-1.00
380.80	-66.00
381.00	-32.00
381.20	9.00
381.40	-7.00
381.61	65.00
381.81	21.00
382.01	-32.00
382.21	27.00
382.42	-51.00
382.62	-39.00
382.82	-82.00
383.02	-56.00
383.23	-7.00
383.43	-6.00
383.63	-26.00
383.83	45.00
384.04	8.00
384.24	-12.00
384.44	-17.00
384.64	59.00
384.85	-38.00
385.05	-14.00
385.25	12.00
385.45	39.00
385.66	-8.00
385.86	-13.00
386.06	-29.00
386.26	-50.00
386.47	-13.00
386.67	28.00
386.87	-20.00
387.07	-45.00
387.27	-19.00
387.48	25.00
387.68	40.00
387.88	-20.00
388.08	-30.00
388.29	8.00
388.49	-2.00
388.69	-58.00
388.89	6.00
389.10	67.00
389.30	-10.00
389.50	11.00
389.70	-1.00
389.90	-5.00
390.11	-30.00
390.31	-45.00
390.51	-76.00
390.71	22.00
390.92	-18.00
391.12	57.00
391.32	46.00
391.52	58.00
391.72	31.00
391.93	33.00
392.13	-1.00
392.33	35.00
392.53	-5.00
392.74	20.00
392.94	58.00
393.14	20.00
393.34	-34.00
393.54	-17.00
393.75	60.00
393.95	49.00
394.15	12.00
394.35	-1.00
394.56	49.00
394.76	8.00
394.96	-9.00
395.16	8.00
395.36	15.00
395.57	1.00
395.77	-4.00
395.97	-16.00
396.17	-14.00
396.37	5.00
396.58	-1.00
396.78	-8.00
396.98	18.00
397.18	23.00
397.38	13.00
397.59	19.00
397.79	114.00
397.99	29.00
398.19	-16.00
398.39	31.00
398.60	19.00
398.80	17.00
399.00	24.00
399.20	24.00
399.40	54.00
399.61	53.00
399.81	15.00
400.01	30.00
400.21	12.00
400.41	19.00
400.62	-29.00
400.82	31.00
401.02	19.00
401.22	2.00
401.42	-21.00
401.63	22.00
401.83	37.00
402.03	81.00
402.23	93.00
402.43	82.00
402.64	29.00
402.84	-27.00
403.04	6.00
403.24	-25.00
403.44	35.00
403.64	-5.00
403.85	45.00
404.05	57.00
404.25	35.00
404.45	-20.00
404.65	11.00
404.86	16.00
405.06	57.00
405.26	29.00
405.46	-4.00
405.66	-27.00
405.86	-70.00
406.07	-45.00
406.27	-21.00
406.47	0.00
406.67	37.00
406.87	49.00
407.07	-10.00
407.28	-44.00
407.48	-48.00
407.68	-48.00
407.88	-34.00
408.08	-15.00
408.28	-50.00
408.49	66.00
408.69	104.00
408.89	3.00
409.09	44.00
409.29	31.00
409.49	39.00
409.70	-32.00
409.90	0.00
410.10	76.00
410.30	97.00
410.50	-1.00
410.70	-2.00
410.91	58.00
411.11	104.00
411.31	20.00
411.51	46.00
411.71	49.00
411.91	67.00
412.12	14.00
412.32	2.00
412.52	7.00
412.72	62.00
412.92	20.00
413.12	9.00
413.32	49.00
413.53	62.00
413.73	35.00
413.93	42.00
414.13	24.00
414.33	95.00
414.53	11.00
414.74	-29.00
414.94	7.00
415.14	34.00
415.34	31.00
415.54	-39.00
415.74	-46.00
415.94	20.00
416.15	3.00
416.35	45.00
416.55	-28.00
416.75	-5.00
416.95	-4.00
417.15	60.00
417.35	42.00
417.56	12.00
417.76	53.00
417.96	26.00
418.16	10.00
418.36	-19.00
418.56	74.00
418.76	76.00
418.97	71.00
419.17	51.00
419.37	-30.00
419.57	13.00
419.77	50.00
419.97	12.00
420.17	-8.00
420.37	-1.00
420.58	44.00
420.78	-7.00
420.98	-4.00
421.18	26.00
421.38	-7.00
421.58	16.00
421.78	1.00
421.98	36.00
422.19	127.00
422.39	92.00
422.59	50.00
422.79	96.00
422.99	84.00
423.19	26.00
423.39	8.00
423.59	-17.00
423.80	30.00
424.00	48.00
424.20	35.00
424.40	50.00
424.60	19.00
424.80	99.00
425.00	108.00
425.20	55.00
425.40	47.00
425.61	54.00
425.81	86.00
426.01	92.00
426.21	53.00
426.41	59.00
426.61	77.00
426.81	27.00
427.01	54.00
427.21	107.00
427.42	32.00
427.62	24.00
427.82	44.00
428.02	39.00
428.22	60.00
428.42	64.00
428.62	28.00
428.82	56.00
429.02	21.00
429.23	34.00
429.43	74.00
429.63	54.00
429.83	22.00
430.03	42.00
430.23	51.00
430.43	73.00
430.63	19.00
430.83	111.00
431.03	43.00
431.24	38.00
431.44	5.00
431.64	-20.00
431.84	69.00
432.04	78.00
432.24	69.00
432.44	21.00
432.64	72.00
432.84	32.00
433.04	39.00
433.24	0.00
433.45	25.00
433.65	-10.00
433.85	2.00
434.05	61.00
434.25	60.00
434.45	-12.00
434.65	55.00
434.85	85.00
435.05	13.00
435.25	6.00
435.45	26.00
435.65	45.00
435.86	36.00
436.06	1.00
436.26	15.00
436.46	53.00
436.66	51.00
436.86	10.00
437.06	14.00
437.26	59.00
437.46	28.00
437.66	20.00
437.86	11.00
438.06	87.00
438.26	98.00
438.47	50.00
438.67	18.00
438.87	94.00
439.07	156.00
439.27	105.00
439.47	41.00
439.67	63.00
439.87	43.00
440.07	8.00
440.27	-14.00
440.47	3.00
440.67	12.00
440.87	3.00
441.07	32.00
441.27	79.00
441.48	17.00
441.68	76.00
441.88	162.00
442.08	110.00
442.28	104.00
442.48	45.00
442.68	110.00
442.88	111.00
443.08	51.00
443.28	0.00
443.48	14.00
443.68	125.00
443.88	105.00
444.08	9.00
444.28	42.00
444.48	33.00
444.68	37.00
444.88	60.00
445.09	40.00
445.29	41.00
445.49	33.00
445.69	45.00
445.89	70.00
446.09	-16.00
446.29	21.00
446.49	93.00
446.69	104.00
446.89	91.00
447.09	84.00
447.29	55.00
447.49	66.00
447.69	50.00
447.89	9.00
448.09	112.00
448.29	161.00
448.49	51.00
448.69	51.00
448.89	22.00
449.09	2.00
449.29	82.00
449.49	71.00
449.70	56.00
449.90	5.00
450.10	15.00
450.30	75.00
450.50	51.00
450.70	10.00
450.90	47.00
451.10	84.00
451.30	88.00
451.50	77.00
451.70	55.00
451.90	77.00
452.10	74.00
452.30	74.00
452.50	50.00
452.70	93.00
452.90	86.00
453.10	29.00
453.30	49.00
453.50	43.00
453.70	-11.00
453.90	-53.00
454.10	62.00
454.30	3.00
454.50	18.00
454.70	-9.00
454.90	-12.00
455.10	19.00
455.30	14.00
455.50	37.00
455.70	50.00
455.90	78.00
456.10	97.00
456.30	35.00
456.50	37.00
456.70	81.00
456.90	157.00
457.10	129.00
457.30	116.00
457.50	101.00
457.70	72.00
457.90	49.00
458.10	98.00
458.30	78.00
458.50	79.00
458.70	114.00
458.90	103.00
459.10	95.00
459.30	145.00
459.50	139.00
459.70	43.00
459.90	-1.00
460.10	89.00
460.30	112.00
460.50	76.00
460.70	45.00
460.90	99.00
461.10	86.00
461.30	130.00
461.50	102.00
461.70	109.00
461.90	136.00
462.10	101.00
462.30	5.00
462.50	53.00
462.70	130.00
462.90	48.00
463.10	40.00
463.30	41.00
463.50	68.00
463.70	95.00
463.90	66.00
464.10	80.00
464.30	90.00
464.50	124.00
464.70	117.00
464.90	83.00
465.10	58.00
465.30	13.00
465.50	74.00
465.70	127.00
465.90	167.00
466.10	177.00
466.30	142.00
466.50	97.00
466.70	94.00
466.90	61.00
467.10	87.00
467.30	111.00
467.50	159.00
467.70	115.00
467.90	72.00
468.10	69.00
468.30	77.00
468.50	88.00
468.70	25.00
468.90	66.00
469.10	117.00
469.30	33.00
469.50	98.00
469.70	122.00
469.90	131.00
470.10	99.00
470.30	74.00
470.50	73.00
470.70	85.00
470.90	60.00
471.10	53.00
471.29	91.00
471.49	128.00
471.69	135.00
471.89	100.00
472.09	96.00
472.29	109.00
472.49	118.00
472.69	96.00
472.89	84.00
473.09	90.00
473.29	115.00
473.49	85.00
473.69	72.00
473.89	52.00
474.09	61.00
474.29	96.00
474.49	97.00
474.69	80.00
474.89	164.00
475.09	112.00
475.29	158.00
475.49	152.00
475.69	48.00
475.88	68.00
476.08	80.00
476.28	85.00
476.48	124.00
476.68	114.00
476.88	186.00
477.08	72.00
477.28	47.00
477.48	152.00
477.68	113.00
477.88	47.00
478.08	98.00
478.28	107.00
478.48	110.00
478.68	60.00
478.88	49.00
479.08	139.00
479.28	152.00
479.47	115.00
479.67	66.00
479.87	60.00
480.07	96.00
480.27	122.00
480.47	36.00
480.67	59.00
480.87	48.00
481.07	90.00
481.27	105.00
481.47	108.00
481.67	121.00
481.87	98.00
482.07	87.00
482.27	148.00
482.46	106.00
482.66	120.00
482.86	103.00
483.06	138.00
483.26	112.00
483.46	-9.00
483.66	-20.00
483.86	72.00
484.06	57.00
484.26	84.00
484.46	83.00
484.66	60.00
484.86	136.00
485.05	143.00
485.25	86.00
485.45	106.00
485.65	182.00
485.85	128.00
486.05	133.00
486.25	163.00
486.45	143.00
486.65	77.00
486.85	0.00
487.05	69.00
487.25	83.00
487.44	116.00
487.64	120.00
487.84	62.00
488.04	62.00
488.24	100.00
488.44	168.00
488.64	108.00
488.84	37.00
489.04	103.00
489.24	100.00
489.43	118.00
489.63	206.00
489.83	158.00
490.03	173.00
490.23	146.00
490.43	127.00
490.63	121.00
490.83	89.00
491.03	134.00
491.23	131.00
491.42	144.00
491.62	136.00
491.82	112.00
492.02	137.00
492.22	147.00
492.42	158.00
492.62	208.00
492.82	162.00
493.02	142.00
493.22	157.00
493.41	181.00
493.61	204.00
493.81	161.00
494.01	91.00
494.21	78.00
494.41	109.00
494.61	96.00
494.81	57.00
495.01	80.00
495.20	161.00
495.40	163.00
495.60	134.00
495.80	195.00
496.00	202.00
496.20	163.00
496.40	163.00
496.60	177.00
496.79	146.00
496.99	125.00
497.19	169.00
497.39	128.00
497.59	145.00
497.79	195.00
497.99	114.00
498.19	158.00
498.38	174.00
498.58	154.00
498.78	160.00
498.98	235.00
499.18	169.00
499.38	161.00
499.58	197.00
499.78	140.00
499.97	166.00
500.17	142.00
500.37	145.00
500.57	201.00
500.77	216.00
500.97	231.00
501.17	219.00
501.37	188.00
501.56	210.00
501.76	174.00
501.96	192.00
502.16	204.00
502.36	154.00
502.56	197.00
502.76	225.00
502.95	216.00
503.15	190.00
503.35	185.00
503.55	223.00
503.75	197.00
503.95	210.00
504.15	207.00
504.34	179.00
504.54	143.00
504.74	159.00
504.94	183.00
505.14	174.00
505.34	148.00
505.54	180.00
505.73	184.00
505.93	227.00
506.13	207.00
506.33	188.00
506.53	178.00
506.73	208.00
506.92	193.00
507.12	195.00
507.32	186.00
507.52	129.00
507.72	152.00
507.92	191.00
508.12	177.00
508.31	187.00
508.51	122.00
508.71	174.00
508.91	177.00
509.11	164.00
509.31	182.00
509.50	161.00
509.70	129.00
509.90	145.00
510.10	166.00
510.30	145.00
510.50	169.00
510.69	172.00
510.89	177.00
511.09	133.00
511.29	167.00
511.49	245.00
511.69	170.00
511.88	158.00
512.08	183.00
512.28	201.00
512.48	184.00
512.68	179.00
512.88	223.00
513.07	187.00
513.27	158.00
513.47	202.00
513.67	172.00
513.87	148.00
514.06	185.00
514.26	233.00
514.46	181.00
514.66	186.00
514.86	192.00
515.06	198.00
515.25	194.00
515.45	200.00
515.65	227.00
515.85	200.00
516.05	205.00
516.24	151.00
516.44	154.00
516.64	193.00
516.84	222.00
517.04	182.00
517.23	184.00
517.43	183.00
517.63	213.00
517.83	159.00
518.03	197.00
518.23	198.00
518.42	169.00
518.62	199.00
518.82	229.00
519.02	197.00
519.22	185.00
519.41	153.00
519.61	148.00
519.81	164.00
520.01	211.00
520.21	174.00
520.40	165.00
520.60	198.00
520.80	206.00
521.00	178.00
521.20	187.00
521.39	216.00
521.59	203.00
521.79	219.00
521.99	173.00
522.19	197.00
522.38	188.00
522.58	215.00
522.78	184.00
522.98	218.00
523.17	223.00
523.37	184.00
523.57	212.00
523.77	230.00
523.97	189.00
524.16	177.00
524.36	214.00
524.56	218.00
524.76	173.00
524.96	191.00
525.15	232.00
525.35	201.00
525.55	191.00
525.75	230.00
525.94	267.00
526.14	246.00
526.34	211.00
526.54	224.00
526.74	257.00
526.93	216.00
527.13	175.00
527.33	218.00
527.53	258.00
527.72	276.00
527.92	214.00
528.12	223.00
528.32	253.00
528.52	235.00
528.71	220.00
528.91	249.00
529.11	288.00
529.31	289.00
529.50	258.00
529.70	262.00
529.90	234.00
530.10	246.00
530.29	246.00
530.49	219.00
530.69	291.00
530.89	297.00
531.09	317.00
531.28	345.00
531.48	309.00
531.68	301.00
531.88	238.00
532.07	321.00
532.27	312.00
532.47	299.00
532.67	323.00
532.86	295.00
533.06	337.00
533.26	302.00
533.46	259.00
533.65	287.00
533.85	351.00
534.05	354.00
534.25	393.00
534.44	360.00
534.64	316.00
534.84	299.00
535.04	289.00
535.23	327.00
535.43	304.00
535.63	338.00
535.83	354.00
536.02	344.00
536.22	339.00
536.42	404.00
536.62	377.00
536.81	313.00
537.01	396.00
537.21	399.00
537.41	386.00
537.60	407.00
537.80	454.00
538.00	412.00
538.20	367.00
538.39	403.00
538.59	378.00
538.79	343.00
538.99	398.00
539.18	466.00
539.38	397.00
539.58	365.00
539.77	393.00
539.97	399.00
540.17	383.00
540.37	336.00
540.56	337.00
540.76	338.00
540.96	413.00
541.16	398.00
541.35	396.00
541.55	404.00
541.75	399.00
541.94	377.00
542.14	459.00
542.34	474.00
542.54	420.00
542.73	375.00
542.93	366.00
543.13	438.00
543.33	425.00
543.52	456.00
543.72	470.00
543.92	447.00
544.11	411.00
544.31	434.00
544.51	434.00
544.71	411.00
544.90	466.00
545.10	447.00
545.30	363.00
545.49	467.00
545.69	546.00
545.89	435.00
546.09	377.00
546.28	423.00
546.48	477.00
546.68	507.00
546.87	473.00
547.07	436.00
547.27	416.00
547.47	442.00
547.66	428.00
547.86	414.00
548.06	444.00
548.25	364.00
548.45	443.00
548.65	476.00
548.84	489.00
549.04	458.00
549.24	492.00
549.44	429.00
549.63	434.00
549.83	457.00
550.03	449.00
550.22	532.00
550.42	510.00
550.62	421.00
550.81	426.00
551.01	400.00
551.21	388.00
551.41	345.00
551.60	323.00
551.80	393.00
552.00	456.00
552.19	446.00
552.39	422.00
552.59	432.00
552.78	407.00
552.98	360.00
553.18	427.00
553.37	423.00
553.57	440.00
553.77	514.00
553.96	488.00
554.16	449.00
554.36	384.00
554.56	438.00
554.75	455.00
554.95	442.00
555.15	430.00
555.34	378.00
555.54	347.00
555.74	435.00
555.93	421.00
556.13	351.00
556.33	367.00
556.52	407.00
556.72	403.00
556.92	352.00
557.11	343.00
557.31	410.00
557.51	423.00
557.70	352.00
557.90	328.00
558.10	323.00
558.29	355.00
558.49	393.00
558.69	362.00
558.88	354.00
559.08	326.00
559.28	314.00
559.47	328.00
559.67	287.00
559.87	323.00
560.06	305.00
560.26	265.00
560.46	336.00
560.65	378.00
560.85	290.00
561.05	374.00
561.24	401.00
561.44	404.00
561.64	367.00
561.83	401.00
562.03	467.00
562.23	374.00
562.42	370.00
562.62	391.00
562.82	351.00
563.01	339.00
563.21	343.00
563.40	347.00
563.60	320.00
563.80	330.00
563.99	413.00
564.19	467.00
564.39	427.00
564.58	394.00
564.78	407.00
564.98	393.00
565.17	363.00
565.37	358.00
565.57	305.00
565.76	334.00
565.96	391.00
566.16	402.00
566.35	387.00
566.55	413.00
566.74	433.00
566.94	402.00
567.14	457.00
567.33	467.00
567.53	426.00
567.73	406.00
567.92	447.00
568.12	509.00
568.32	444.00
568.51	391.00
568.71	405.00
568.90	431.00
569.10	442.00
569.30	350.00
569.49	377.00
569.69	487.00
569.89	440.00
570.08	381.00
570.28	407.00
570.47	441.00
570.67	413.00
570.87	424.00
571.06	473.00
571.26	443.00
571.46	422.00
571.65	504.00
571.85	508.00
572.04	497.00
572.24	426.00
572.44	473.00
572.63	466.00
572.83	476.00
573.03	470.00
573.22	457.00
573.42	443.00
573.61	487.00
573.81	506.00
574.01	535.00
574.20	494.00
574.40	588.00
574.59	564.00
574.79	529.00
574.99	518.00
575.18	529.00
575.38	518.00
575.58	576.00
575.77	598.00
575.97	591.00
576.16	523.00
576.36	501.00
576.56	522.00
576.75	577.00
576.95	563.00
577.14	646.00
577.34	689.00
577.54	619.00
577.73	579.00
577.93	535.00
578.12	599.00
578.32	596.00
578.52	569.00
578.71	662.00
578.91	659.00
579.10	647.00
579.30	658.00
579.50	769.00
579.69	801.00
579.89	766.00
580.08	715.00
580.28	683.00
580.48	701.00
580.67	735.00
580.87	741.00
581.06	718.00
581.26	664.00
581.45	736.00
581.65	786.00
581.85	836.00
582.04	851.00
582.24	878.00
582.43	824.00
582.63	743.00
582.83	780.00
583.02	857.00
583.22	851.00
583.41	784.00
583.61	876.00
583.80	958.00
584.00	864.00
584.20	820.00
584.39	846.00
584.59	870.00
584.78	871.00
584.98	892.00
585.17	888.00
585.37	927.00
585.57	985.00
585.76	967.00
585.96	944.00
586.15	1032.00
586.35	993.00
586.54	1020.00
586.74	1020.00
586.94	1054.00
587.13	1114.00
587.33	1061.00
587.52	1064.00
587.72	1088.00
587.91	1111.00
588.11	1169.00
588.31	1148.00
588.50	1156.00
588.70	1152.00
588.89	1122.00
589.09	1073.00
589.28	1114.00
589.48	1174.00
589.68	1172.00
589.87	1173.00
590.07	1209.00
590.26	1209.00
590.46	1315.00
590.65	1242.00
590.85	1240.00
591.04	1212.00
591.24	1229.00
591.44	1338.00
591.63	1305.00
591.83	1254.00
592.02	1334.00
592.22	1352.00
592.41	1297.00
592.61	1320.00
592.80	1363.00
593.00	1365.00
593.19	1482.00
593.39	1513.00
593.59	1462.00
593.78	1400.00
593.98	1437.00
594.17	1455.00
594.37	1469.00
594.56	1409.00
594.76	1400.00
594.95	1475.00
595.15	1501.00
595.34	1525.00
595.54	1475.00
595.73	1434.00
595.93	1515.00
596.13	1569.00
596.32	1544.00
596.52	1503.00
596.71	1533.00
596.91	1482.00
597.10	1517.00
597.30	1584.00
597.49	1610.00
597.69	1622.00
597.88	1591.00
598.08	1642.00
598.27	1664.00
598.47	1649.00
598.66	1673.00
598.86	1716.00
599.06	1697.00
599.25	1696.00
599.45	1708.00
599.64	1695.00
599.84	1684.00
600.03	1651.00
600.23	1660.00
600.42	1708.00
600.62	1694.00
600.81	1712.00
601.01	1698.00
601.20	1718.00
601.40	1668.00
601.59	1677.00
601.79	1716.00
601.98	1651.00
602.18	1627.00
602.37	1588.00
602.57	1646.00
602.76	1608.00
602.96	1613.00
603.15	1608.00
603.35	1678.00
603.54	1723.00
603.74	1660.00
603.93	1674.00
604.13	1660.00
604.32	1591.00
604.52	1653.00
604.71	1680.00
604.91	1663.00
605.10	1716.00
605.30	1686.00
605.49	1616.00
605.69	1584.00
605.88	1621.00
606.08	1686.00
606.27	1721.00
606.47	1764.00
606.66	1712.00
606.86	1709.00
607.05	1741.00
607.25	1693.00
607.44	1678.00
607.64	1634.00
607.83	1606.00
608.03	1668.00
608.22	1708.00
608.42	1653.00
608.61	1711.00
608.81	1827.00
609.00	1888.00
609.20	1954.00
609.39	1927.00
609.59	1954.00
609.78	2073.00
609.98	2104.00
610.17	2187.00
610.37	2250.00
610.56	2415.00
610.76	2459.00
610.95	2478.00
611.15	2626.00
611.34	2671.00
611.54	2841.00
611.73	2879.00
611.93	2731.00
612.12	2559.00
612.32	2342.00
612.51	2146.00
612.71	2115.00
612.90	2043.00
613.09	2049.00
613.29	2001.00
613.48	2011.00
613.68	2002.00
613.87	1970.00
614.07	1929.00
614.26	1915.00
614.46	2015.00
614.65	2013.00
614.85	1927.00
615.04	1886.00
615.24	1840.00
615.43	1767.00
615.63	1774.00
615.82	1783.00
616.02	1691.00
616.21	1750.00
616.40	1766.00
616.60	1721.00
616.79	1739.00
616.99	1706.00
617.18	1737.00
617.38	1785.00
617.57	1634.00
617.77	1626.00
617.96	1669.00
618.16	1709.00
618.35	1734.00
618.54	1743.00
618.74	1747.00
618.93	1668.00
619.13	1690.00
619.32	1779.00
619.52	1719.00
619.71	1670.00
619.91	1692.00
620.10	1769.00
620.30	1808.00
620.49	1816.00
620.68	1833.00
620.88	1812.00
621.07	1751.00
621.27	1736.00
621.46	1866.00
621.66	1844.00
621.85	1876.00
622.05	1805.00
622.24	1804.00
622.43	1903.00
622.63	1856.00
622.82	1790.00
623.02	1800.00
623.21	1870.00
623.41	1863.00
623.60	1872.00
623.80	1851.00
623.99	1844.00
624.18	1851.00
624.38	1834.00
624.57	1810.00
624.77	1852.00
624.96	1906.00
625.16	1896.00
625.35	1847.00
625.54	1915.00
625.74	1946.00
625.93	1985.00
626.13	1984.00
626.32	2017.00
626.52	1932.00
626.71	1889.00
626.90	1907.00
627.10	1874.00
627.29	1877.00
627.49	1926.00
627.68	2009.00
627.88	1976.00
628.07	1945.00
628.26	1951.00
628.46	1935.00
628.65	1989.00
628.85	2018.00
629.04	2051.00
629.23	2092.00
629.43	2190.00
629.62	2183.00
629.82	2051.00
630.01	2030.00
630.21	2116.00
630.40	2095.00
630.59	2183.00
630.79	2187.00
630.98	2185.00
631.18	2154.00
631.37	2250.00
631.56	2236.00
631.76	2199.00
631.95	2195.00
632.15	2187.00
632.34	2233.00
632.53	2110.00
632.73	2101.00
632.92	2100.00
633.12	2147.00
633.31	2080.00
633.50	2071.00
633.70	2108.00
633.89	2210.00
634.09	2205.00
634.28	2188.00
634.47	2245.00
634.67	2254.00
634.86	2327.00
635.06	2313.00
635.25	2274.00
635.44	2285.00
635.64	2283.00
635.83	2273.00
636.03	2261.00
636.22	2291.00
636.41	2295.00
636.61	2246.00
636.80	2281.00
637.00	2350.00
637.19	2345.00
637.38	2385.00
637.58	2337.00
637.77	2335.00
637.96	2405.00
638.16	2450.00
638.35	2464.00
638.55	2512.00
638.74	2553.00
638.93	2585.00
639.13	2497.00
639.32	2468.00
639.51	2480.00
639.71	2400.00
639.90	2470.00
640.10	2519.00
640.29	2510.00
640.48	2514.00
640.68	2600.00
640.87	2607.00
641.07	2584.00
641.26	2645.00
641.45	2655.00
641.65	2610.00
641.84	2591.00
642.03	2594.00
642.23	2626.00
642.42	2637.00
642.61	2689.00
642.81	2733.00
643.00	2669.00
643.20	2611.00
643.39	2685.00
643.58	2713.00
643.78	2615.00
643.97	2619.00
644.16	2778.00
644.36	2709.00
644.55	2738.00
644.74	2748.00
644.94	2789.00
645.13	2803.00
645.33	2830.00
645.52	2747.00
645.71	2808.00
645.91	2818.00
646.10	2762.00
646.29	2805.00
646.49	2804.00
646.68	2812.00
646.87	2811.00
647.07	2801.00
647.26	2840.00
647.45	2842.00
647.65	2792.00
647.84	2882.00
648.03	2960.00
648.23	2944.00
648.42	2875.00
648.62	2864.00
648.81	2929.00
649.00	3006.00
649.20	2932.00
649.39	2885.00
649.58	2962.00
649.78	3008.00
649.97	2951.00
650.16	2944.00
650.36	2885.00
650.55	2917.00
650.74	3058.00
650.94	3034.00
651.13	3044.00
651.32	3025.00
651.52	3052.00
651.71	3045.00
651.90	3117.00
652.10	3102.00
652.29	3102.00
652.48	3008.00
652.68	3039.00
652.87	3120.00
653.06	3075.00
653.26	2999.00
653.45	3000.00
653.64	2942.00
653.84	2948.00
654.03	2980.00
654.22	2994.00
654.42	2998.00
654.61	3067.00
654.80	3088.00
654.99	3070.00
655.19	3045.00
655.38	3059.00
655.57	3171.00
655.77	3026.00
655.96	3011.00
656.15	3052.00
656.35	2978.00
656.54	3047.00
656.73	3179.00
656.93	3111.00
657.12	3050.00
657.31	3045.00
657.51	2960.00
657.70	2960.00
657.89	3019.00
658.09	3083.00
658.28	3028.00
658.47	2980.00
658.66	3010.00
658.86	3017.00
659.05	3006.00
659.24	3012.00
659.44	3062.00
659.63	3133.00
659.82	3053.00
660.02	2983.00
660.21	2954.00
660.40	3019.00
660.60	3148.00
660.79	3034.00
660.98	3003.00
661.17	2953.00
661.37	2979.00
661.56	3004.00
661.75	3027.00
661.95	3074.00
662.14	3034.00
662.33	3027.00
662.52	3052.00
662.72	3117.00
662.91	3059.00
663.10	3041.00
663.30	3094.00
663.49	3022.00
663.68	2923.00
663.88	2977.00
664.07	3071.00
664.26	2981.00
664.45	2873.00
664.65	2838.00
664.84	2867.00
665.03	2796.00
665.23	2838.00
665.42	2889.00
665.61	2859.00
665.80	2777.00
666.00	2802.00
666.19	2871.00
666.38	2898.00
666.57	2918.00
666.77	2870.00
666.96	2807.00
667.15	2926.00
667.35	2981.00
667.54	2839.00
667.73	2813.00
667.92	2922.00
668.12	2995.00
668.31	2881.00
668.50	2820.00
668.70	2700.00
668.89	2725.00
669.08	2818.00
669.27	2757.00
669.47	2752.00
669.66	2782.00
669.85	2795.00
670.04	2849.00
670.24	2815.00
670.43	2740.00
670.62	2729.00
670.81	2752.00
671.01	2643.00
671.20	2631.00
671.39	2740.00
671.58	2809.00
671.78	2784.00
671.97	2789.00
672.16	2723.00
672.36	2696.00
672.55	2734.00
672.74	2674.00
672.93	2671.00
673.13	2688.00
673.32	2710.00
673.51	2669.00
673.70	2667.00
673.90	2616.00
674.09	2650.00
674.28	2643.00
674.47	2681.00
674.67	2647.00
674.86	2700.00
675.05	2729.00
675.24	2723.00
675.44	2684.00
675.63	2628.00
675.82	2706.00
676.01	2731.00
676.21	2589.00
676.40	2556.00
676.59	2548.00
676.78	2565.00
676.97	2579.00
677.17	2559.00
677.36	2650.00
677.55	2592.00
677.74	2566.00
677.94	2587.00
678.13	2582.00
678.32	2603.00
678.51	2596.00
678.71	2617.00
678.90	2709.00
679.09	2635.00
679.28	2618.00
679.48	2570.00
679.67	2516.00
679.86	2595.00
680.05	2589.00
680.24	2653.00
680.44	2599.00
680.63	2474.00
680.82	2467.00
681.01	2486.00
681.21	2501.00
681.40	2531.00
681.59	2573.00
681.78	2571.00
681.97	2493.00
682.17	2463.00
682.36	2470.00
682.55	2505.00
682.74	2455.00
682.94	2589.00
683.13	2606.00
683.32	2503.00
683.51	2477.00
683.70	2625.00
683.90	2605.00
684.09	2479.00
684.28	2477.00
684.47	2531.00
684.66	2504.00
684.86	2409.00
685.05	2552.00
685.24	2475.00
685.43	2445.00
685.63	2442.00
685.82	2481.00
686.01	2520.00
686.20	2482.00
686.39	2414.00
686.59	2483.00
686.78	2456.00
686.97	2438.00
687.16	2493.00
687.35	2511.00
687.55	2444.00
687.74	2508.00
687.93	2575.00
688.12	2448.00
688.31	2554.00
688.51	2666.00
688.70	2560.00
688.89	2467.00
689.08	2460.00
689.27	2497.00
689.47	2471.00
689.66	2526.00
689.85	2518.00
690.04	2480.00
690.23	2475.00
690.42	2384.00
690.62	2395.00
690.81	2469.00
691.00	2446.00
691.19	2464.00
691.38	2452.00
691.58	2555.00
691.77	2506.00
691.96	2469.00
692.15	2502.00
692.34	2508.00
692.54	2546.00
692.73	2503.00
692.92	2488.00
693.11	2533.00
693.30	2530.00
693.49	2555.00
693.69	2504.00
693.88	2414.00
694.07	2463.00
694.26	2489.00
694.45	2419.00
694.64	2434.00
694.84	2457.00
695.03	2416.00
695.22	2462.00
695.41	2445.00
695.60	2451.00
695.80	2413.00
695.99	2442.00
696.18	2479.00
696.37	2487.00
696.56	2458.00
696.75	2495.00
696.95	2483.00
697.14	2528.00
697.33	2563.00
697.52	2519.00
697.71	2467.00
697.90	2509.00
698.09	2588.00
698.29	2562.00
698.48	2517.00
698.67	2523.00
698.86	2599.00
699.05	2578.00
699.24	2549.00
699.44	2672.00
699.63	2652.00
699.82	2553.00
700.01	2589.00
700.20	2647.00
700.39	2536.00
700.58	2500.00
700.78	2576.00
700.97	2606.00
701.16	2524.00
701.35	2558.00
701.54	2538.00
701.73	2628.00
701.93	2677.00
702.12	2658.00
702.31	2643.00
702.50	2639.00
702.69	2690.00
702.88	2795.00
703.07	2711.00
703.27	2721.00
703.46	2714.00
703.65	2703.00
703.84	2770.00
704.03	2846.00
704.22	2873.00
704.41	2807.00
704.60	2725.00
704.80	2759.00
704.99	2743.00
705.18	2754.00
705.37	2744.00
705.56	2758.00
705.75	2700.00
705.94	2760.00
706.14	2797.00
706.33	2820.00
706.52	2887.00
706.71	2934.00
706.90	2844.00
707.09	2934.00
707.28	2940.00
707.47	2893.00
707.67	2933.00
707.86	2978.00
708.05	2997.00
708.24	3084.00
708.43	3082.00
708.62	3091.00
708.81	3045.00
709.00	2928.00
709.20	3056.00
709.39	3109.00
709.58	3033.00
709.77	3075.00
709.96	3070.00
710.15	3020.00
710.34	3077.00
710.53	3052.00
710.72	2995.00
710.92	2991.00
711.11	2956.00
711.30	2911.00
711.49	2986.00
711.68	2967.00
711.87	3001.00
712.06	2990.00
712.25	2996.00
712.44	3071.00
712.64	3156.00
712.83	3162.00
713.02	3191.00
713.21	3206.00
713.40	3183.00
713.59	3180.00
713.78	3115.00
713.97	3111.00
714.16	3125.00
714.35	3115.00
714.55	3200.00
714.74	3154.00
714.93	3133.00
715.12	3132.00
715.31	3116.00
715.50	3102.00
715.69	3141.00
715.88	3127.00
716.07	3104.00
716.26	3192.00
716.45	3115.00
716.65	3038.00
716.84	3070.00
717.03	3238.00
717.22	3216.00
717.41	3198.00
717.60	3145.00
717.79	3147.00
717.98	3155.00
718.17	3212.00
718.36	3233.00
718.55	3176.00
718.75	3245.00
718.94	3343.00
719.13	3322.00
719.32	3332.00
719.51	3310.00
719.70	3225.00
719.89	3179.00
720.08	3337.00
720.27	3350.00
720.46	3283.00
720.65	3348.00
720.84	3318.00
721.03	3310.00
721.22	3293.00
721.42	3238.00
721.61	3212.00
721.80	3275.00
721.99	3355.00
722.18	3317.00
722.37	3329.00
722.56	3250.00
722.75	3251.00
722.94	3253.00
723.13	3290.00
723.32	3270.00
723.51	3265.00
723.70	3255.00
723.89	3199.00
724.08	3307.00
724.28	3301.00
724.47	3267.00
724.66	3212.00
724.85	3329.00
725.04	3420.00
725.23	3323.00
725.42	3285.00
725.61	3364.00
725.80	3430.00
725.99	3376.00
726.18	3285.00
726.37	3317.00
726.56	3338.00
726.75	3277.00
726.94	3302.00
727.13	3358.00
727.32	3392.00
727.51	3433.00
727.71	3428.00
727.90	3337.00
728.09	3321.00
728.28	3350.00
728.47	3290.00
728.66	3332.00
728.85	3311.00
729.04	3326.00
729.23	3325.00
729.42	3259.00
729.61	3282.00
729.80	3288.00
729.99	3315.00
730.18	3283.00
730.37	3267.00
730.56	3233.00
730.75	3234.00
730.94	3312.00
731.13	3307.00
731.32	3308.00
731.51	3261.00
731.70	3303.00
731.89	3398.00
732.08	3305.00
732.27	3276.00
732.46	3302.00
732.65	3327.00
732.84	3237.00
733.04	3193.00
733.23	3324.00
733.42	3301.00
733.61	3174.00
733.80	3220.00
733.99	3305.00
734.18	3230.00
734.37	3295.00
734.56	3315.00
734.75	3282.00
734.94	3235.00
735.13	3175.00
735.32	3184.00
735.51	3250.00
735.70	3249.00
735.89	3136.00
736.08	3218.00
736.27	3278.00
736.46	3211.00
736.65	3148.00
736.84	3082.00
737.03	3097.00
737.22	3099.00
737.41	3121.00
737.60	3142.00
737.79	3165.00
737.98	3172.00
738.17	3164.00
738.36	3124.00
738.55	3147.00
738.74	3198.00
738.93	3172.00
739.12	3144.00
739.31	3192.00
739.50	3082.00
739.69	3061.00
739.88	3060.00
740.07	3048.00
740.26	3124.00
740.45	3197.00
740.64	3171.00
740.83	3090.00
741.02	3104.00
741.21	3142.00
741.40	3097.00
741.59	3019.00
741.78	2993.00
741.97	2980.00
742.16	2927.00
742.35	2954.00
742.54	2945.00
742.73	2877.00
742.92	2934.00
743.11	3040.00
743.30	2927.00
743.49	2870.00
743.68	2818.00
743.87	2857.00
744.06	2924.00
744.25	2886.00
744.44	2905.00
744.63	2883.00
744.82	2901.00
745.01	3010.00
745.20	2951.00
745.39	2845.00
745.58	2901.00
745.77	2937.00
745.96	2923.00
746.15	2915.00
746.34	2938.00
746.52	2929.00
746.71	2835.00
746.90	2904.00
747.09	2900.00
747.28	2887.00
747.47	2928.00
747.66	2804.00
747.85	2906.00
748.04	2826.00
748.23	2730.00
748.42	2740.00
748.61	2676.00
748.80	2737.00
748.99	2775.00
749.18	2717.00
749.37	2628.00
749.56	2730.00
749.75	2733.00
749.94	2720.00
750.13	2696.00
750.32	2658.00
750.51	2581.00
750.70	2620.00
750.89	2756.00
751.08	2698.00
751.27	2659.00
751.46	2680.00
751.64	2720.00
751.83	2760.00
752.02	2687.00
752.21	2690.00
752.40	2606.00
752.59	2582.00
752.78	2638.00
752.97	2589.00
753.16	2611.00
753.35	2625.00
753.54	2593.00
753.73	2599.00
753.92	2560.00
754.11	2516.00
754.30	2594.00
754.49	2591.00
754.68	2567.00
754.87	2564.00
755.06	2566.00
755.24	2635.00
755.43	2617.00
755.62	2636.00
755.81	2554.00
756.00	2533.00
756.19	2499.00
756.38	2494.00
756.57	2510.00
756.76	2471.00
756.95	2356.00
757.14	2401.00
757.33	2415.00
757.52	2551.00
757.71	2574.00
757.90	2490.00
758.08	2417.00
758.27	2391.00
758.46	2389.00
758.65	2431.00
758.84	2361.00
759.03	2366.00
759.22	2393.00
759.41	2334.00
759.60	2401.00
759.79	2430.00
759.98	2469.00
760.17	2444.00
760.36	2419.00
760.54	2392.00
760.73	2387.00
760.92	2390.00
761.11	2366.00
761.30	2263.00
761.49	2182.00
761.68	2233.00
761.87	2257.00
762.06	2247.00
762.25	2190.00
762.44	2167.00
762.63	2177.00
762.81	2106.00
763.00	2146.00
763.19	2123.00
763.38	2054.00
763.57	2081.00
763.76	2083.00
763.95	1979.00
764.14	2021.00
764.33	2029.00
764.52	2081.00
764.71	2059.00
764.89	1991.00
765.08	1983.00
765.27	2086.00
765.46	2118.00
765.65	2072.00
765.84	2131.00
766.03	2132.00
766.22	2095.00
766.41	2175.00
766.59	2168.00
766.78	2222.00
766.97	2204.00
767.16	2209.00
767.35	2196.00
767.54	2212.00
767.73	2275.00
767.92	2296.00
768.11	2185.00
768.30	2208.00
768.48	2254.00
768.67	2314.00
768.86	2342.00
769.05	2322.00
769.24	2244.00
769.43	2303.00
769.62	2335.00
769.81	2335.00
769.99	2307.00
770.18	2250.00
770.37	2219.00
770.56	2268.00
770.75	2344.00
770.94	2341.00
771.13	2311.00
771.32	2299.00
771.50	2302.00
771.69	2276.00
771.88	2246.00
772.07	2248.00
772.26	2321.00
772.45	2231.00
772.64	2238.00
772.83	2227.00
773.01	2278.00
773.20	2308.00
773.39	2294.00
773.58	2257.00
773.77	2281.00
773.96	2341.00
774.15	2284.00
774.34	2253.00
774.52	2238.00
774.71	2235.00
774.90	2202.00
775.09	2194.00
775.28	2219.00
775.47	2255.00
775.66	2221.00
775.84	2167.00
776.03	2205.00
776.22	2174.00
776.41	2185.00
776.60	2189.00
776.79	2226.00
776.98	2214.00
777.16	2181.00
777.35	2154.00
777.54	2155.00
777.73	2199.00
777.92	2305.00
778.11	2189.00
778.29	2177.00
778.48	2156.00
778.67	2153.00
778.86	2167.00
779.05	2207.00
779.24	2164.00
779.43	2206.00
779.61	2225.00
779.80	2255.00
779.99	2220.00
780.18	2214.00
780.37	2191.00
780.56	2220.00
780.74	2258.00
780.93	2236.00
781.12	2227.00
781.31	2220.00
781.50	2240.00
781.69	2245.00
781.87	2244.00
782.06	2191.00
782.25	2174.00
782.44	2202.00
782.63	2181.00
782.82	2280.00
783.00	2274.00
783.19	2195.00
783.38	2147.00
783.57	2175.00
783.76	2232.00
783.95	2209.00
784.13	2202.00
784.32	2227.00
784.51	2240.00
784.70	2280.00
784.89	2240.00
785.08	2233.00
785.26	2253.00
785.45	2222.00
785.64	2212.00
785.83	2260.00
786.02	2276.00
786.20	2213.00
786.39	2207.00
786.58	2234.00
786.77	2270.00
786.96	2254.00
787.15	2236.00
787.33	2286.00
787.52	2279.00
787.71	2257.00
787.90	2257.00
788.09	2262.00
788.27	2183.00
788.46	2265.00
788.65	2321.00
788.84	2318.00
789.03	2309.00
789.21	2277.00
789.40	2243.00
789.59	2342.00
789.78	2421.00
789.97	2343.00
790.15	2366.00
790.34	2341.00
790.53	2373.00
790.72	2378.00
790.91	2467.00
791.09	2485.00
791.28	2430.00
791.47	2360.00
791.66	2345.00
791.85	2457.00
792.03	2411.00
792.22	2445.00
792.41	2420.00
792.60	2318.00
792.79	2343.00
792.97	2369.00
793.16	2412.00
793.35	2380.00
793.54	2325.00
793.72	2403.00
793.91	2472.00
794.10	2520.00
794.29	2460.00
794.48	2392.00
794.66	2438.00
794.85	2464.00
795.04	2426.00
795.23	2422.00
795.42	2480.00
795.60	2523.00
795.79	2478.00
795.98	2465.00
796.17	2439.00
796.35	2476.00
796.54	2491.00
796.73	2431.00
796.92	2434.00
797.11	2403.00
797.29	2382.00
797.48	2403.00
797.67	2420.00
797.86	2451.00
798.04	2420.00
798.23	2469.00
798.42	2407.00
798.61	2468.00
798.79	2494.00
798.98	2516.00
799.17	2446.00
799.36	2400.00
799.54	2364.00
799.73	2393.00
799.92	2388.00
800.11	2339.00
800.30	2340.00
800.48	2418.00
800.67	2486.00
800.86	2490.00
801.05	2570.00
801.23	2470.00
801.42	2411.00
801.61	2385.00
801.80	2427.00
801.98	2483.00
802.17	2439.00
802.36	2457.00
802.55	2488.00
802.73	2500.00
802.92	2439.00
803.11	2403.00
803.30	2454.00
803.48	2466.00
803.67	2396.00
803.86	2403.00
804.05	2448.00
804.23	2509.00
804.42	2497.00
804.61	2554.00
804.80	2521.00
804.98	2506.00
805.17	2444.00
805.36	2552.00
805.54	2627.00
805.73	2635.00
805.92	2567.00
806.11	2560.00
806.29	2578.00
806.48	2628.00
806.67	2531.00
806.86	2559.00
807.04	2590.00
807.23	2571.00
807.42	2530.00
807.61	2475.00
807.79	2481.00
807.98	2477.00
808.17	2462.00
808.35	2483.00
808.54	2498.00
808.73	2486.00
808.92	2602.00
809.10	2573.00
809.29	2478.00
809.48	2483.00
809.67	2451.00
809.85	2461.00
810.04	2465.00
810.23	2515.00
810.41	2513.00
810.60	2441.00
810.79	2411.00
810.98	2493.00
811.16	2538.00
811.35	2478.00
811.54	2477.00
811.72	2497.00
811.91	2540.00
812.10	2571.00
812.29	2453.00
812.47	2500.00
812.66	2519.00
812.85	2472.00
813.03	2491.00
813.22	2379.00
813.41	2380.00
813.60	2487.00
813.78	2464.00
813.97	2431.00
814.16	2396.00
814.34	2414.00
814.53	2430.00
814.72	2496.00
814.90	2442.00
815.09	2436.00
815.28	2509.00
815.47	2459.00
815.65	2444.00
815.84	2405.00
816.03	2370.00
816.21	2394.00
816.40	2452.00
816.59	2472.00
816.77	2388.00
816.96	2405.00
817.15	2461.00
817.33	2446.00
817.52	2412.00
817.71	2418.00
817.90	2461.00
818.08	2431.00
818.27	2433.00
818.46	2474.00
818.64	2507.00
818.83	2484.00
819.02	2532.00
819.20	2502.00
819.39	2437.00
819.58	2415.00
819.76	2524.00
819.95	2528.00
820.14	2481.00
820.32	2486.00
820.51	2429.00
820.70	2466.00
820.88	2490.00
821.07	2525.00
821.26	2433.00
821.44	2538.00
821.63	2477.00
821.82	2465.00
822.01	2553.00
822.19	2603.00
822.38	2545.00
822.57	2495.00
822.75	2458.00
822.94	2495.00
823.13	2450.00
823.31	2455.00
823.50	2471.00
823.69	2519.00
823.87	2478.00
824.06	2501.00
824.25	2488.00
824.43	2354.00
824.62	2385.00
824.80	2487.00
824.99	2432.00
825.18	2414.00
825.36	2391.00
825.55	2460.00
825.74	2472.00
825.92	2370.00
826.11	2473.00
826.30	2494.00
826.48	2414.00
826.67	2384.00
826.86	2371.00
827.04	2394.00
827.23	2429.00
827.42	2455.00
827.60	2464.00
827.79	2433.00
827.98	2351.00
828.16	2252.00
828.35	2261.00
828.54	2292.00
828.72	2380.00
828.91	2421.00
829.09	2370.00
829.28	2321.00
829.47	2356.00
829.65	2328.00
829.84	2310.00
830.03	2287.00
830.21	2399.00
830.40	2398.00
830.59	2300.00
830.77	2331.00
830.96	2349.00
831.14	2336.00
831.33	2363.00
831.52	2332.00
831.70	2258.00
831.89	2252.00
832.08	2256.00
832.26	2376.00
832.45	2346.00
832.64	2329.00
832.82	2360.00
833.01	2318.00
833.19	2302.00
833.38	2345.00
833.57	2313.00
833.75	2262.00
833.94	2205.00
834.13	2323.00
834.31	2273.00
834.50	2228.00
834.68	2295.00
834.87	2280.00
835.06	2231.00
835.24	2272.00
835.43	2188.00
835.61	2189.00
835.80	2270.00
835.99	2303.00
836.17	2352.00
836.36	2282.00
836.55	2230.00
836.73	2229.00
836.92	2168.00
837.10	2132.00
837.29	2241.00
837.48	2271.00
837.66	2153.00
837.85	2168.00
838.03	2262.00
838.22	2258.00
838.41	2257.00
838.59	2287.00
838.78	2232.00
838.96	2233.00
839.15	2229.00
839.34	2237.00
839.52	2232.00
839.71	2166.00
839.89	2162.00
840.08	2151.00
840.27	2125.00
840.45	2156.00
840.64	2159.00
840.82	2257.00
841.01	2130.00
841.20	2054.00
841.38	2194.00
841.57	2215.00
841.75	2153.00
841.94	2113.00
842.13	2115.00
842.31	2207.00
842.50	2145.00
842.68	2147.00
842.87	2134.00
843.05	2110.00
843.24	1998.00
843.43	2077.00
843.61	2105.00
843.80	2067.00
843.98	2123.00
844.17	2031.00
844.36	2027.00
844.54	2010.00
844.73	1978.00
844.91	1998.00
845.10	2014.00
845.28	1971.00
845.47	2009.00
845.66	1991.00
845.84	1993.00
846.03	1985.00
846.21	1978.00
846.40	2086.00
846.58	2030.00
846.77	1946.00
846.96	2013.00
847.14	2021.00
847.33	1981.00
847.51	1991.00
847.70	2073.00
847.88	2017.00
848.07	1902.00
848.25	1920.00
848.44	1902.00
848.63	1969.00
848.81	1883.00
849.00	1891.00
849.18	1944.00
849.37	1995.00
849.55	1953.00
849.74	1959.00
849.93	1972.00
850.11	1926.00
850.30	1891.00
850.48	1895.00
850.67	1905.00
850.85	1844.00
851.04	1855.00
851.22	1797.00
851.41	1837.00
851.59	1858.00
851.78	1922.00
851.97	1862.00
852.15	1853.00
852.34	1895.00
852.52	1909.00
852.71	1855.00
852.89	1925.00
853.08	1963.00
853.26	1891.00
853.45	1868.00
853.63	1818.00
853.82	1857.00
854.01	1829.00
854.19	1817.00
854.38	1864.00
854.56	1893.00
854.75	1941.00
854.93	1899.00
855.12	1798.00
855.30	1722.00
855.49	1737.00
855.67	1853.00
855.86	1881.00
856.04	1857.00
856.23	1839.00
856.41	1843.00
856.60	1813.00
856.79	1714.00
856.97	1780.00
857.16	1834.00
857.34	1790.00
857.53	1813.00
857.71	1805.00
857.90	1844.00
858.08	1745.00
858.27	1755.00
858.45	1749.00
858.64	1752.00
858.82	1758.00
859.01	1771.00
859.19	1713.00
859.38	1705.00
859.56	1764.00
859.75	1721.00
859.93	1661.00
860.12	1726.00
860.30	1806.00
860.49	1736.00
860.67	1730.00
860.86	1777.00
861.04	1761.00
861.23	1751.00
861.41	1712.00
861.60	1675.00
861.78	1723.00
861.97	1758.00
862.15	1776.00
862.34	1690.00
862.53	1603.00
862.71	1669.00
862.90	1651.00
863.08	1680.00
863.27	1625.00
863.45	1633.00
863.64	1709.00
863.82	1700.00
864.01	1714.00
864.19	1674.00
864.37	1675.00
864.56	1615.00
864.74	1528.00
864.93	1587.00
865.11	1575.00
865.30	1627.00
865.48	1687.00
865.67	1666.00
865.85	1670.00
866.04	1610.00
866.22	1579.00
866.41	1621.00
866.59	1657.00
866.78	1645.00
866.96	1573.00
867.15	1537.00
867.33	1594.00
867.52	1558.00
867.70	1519.00
867.89	1573.00
868.07	1605.00
868.26	1595.00
868.44	1515.00
868.63	1515.00
868.81	1598.00
869.00	1586.00
869.18	1510.00
869.37	1531.00
869.55	1594.00
869.74	1549.00
869.92	1479.00
870.10	1471.00
870.29	1461.00
870.47	1421.00
870.66	1517.00
870.84	1612.00
871.03	1538.00
871.21	1470.00
871.40	1509.00
871.58	1519.00
871.77	1424.00
871.95	1401.00
872.14	1483.00
872.32	1458.00
872.51	1450.00
872.69	1424.00
872.87	1425.00
873.06	1379.00
873.24	1387.00
873.43	1481.00
873.61	1504.00
873.80	1441.00
873.98	1498.00
874.17	1519.00
874.35	1454.00
874.54	1490.00
874.72	1470.00
874.90	1439.00
875.09	1429.00
875.27	1445.00
875.46	1475.00
875.64	1363.00
875.83	1374.00
876.01	1414.00
876.20	1406.00
876.38	1442.00
876.56	1447.00
876.75	1365.00
876.93	1417.00
877.12	1421.00
877.30	1405.00
877.49	1438.00
877.67	1399.00
877.86	1414.00
878.04	1337.00
878.22	1347.00
878.41	1457.00
878.59	1520.00
878.78	1453.00
878.96	1471.00
879.15	1423.00
879.33	1347.00
879.51	1412.00
879.70	1442.00
879.88	1415.00
880.07	1507.00
880.25	1443.00
880.44	1444.00
880.62	1419.00
880.80	1401.00
880.99	1311.00
881.17	1350.00
881.36	1388.00
881.54	1365.00
881.73	1402.00
881.91	1403.00
882.09	1369.00
882.28	1302.00
882.46	1371.00
882.65	1395.00
882.83	1326.00
883.02	1336.00
883.20	1361.00
883.38	1330.00
883.57	1307.00
883.75	1365.00
883.94	1332.00
884.12	1347.00
884.30	1349.00
884.49	1351.00
884.67	1352.00
884.86	1364.00
885.04	1379.00
885.22	1357.00
885.41	1325.00
885.59	1304.00
885.78	1384.00
885.96	1315.00
886.14	1338.00
886.33	1312.00
886.51	1300.00
886.70	1290.00
886.88	1332.00
887.06	1269.00
887.25	1284.00
887.43	1308.00
887.62	1321.00
887.80	1286.00
887.98	1354.00
888.17	1340.00
888.35	1290.00
888.54	1363.00
888.72	1367.00
888.90	1343.00
889.09	1300.00
889.27	1317.00
889.46	1387.00
889.64	1329.00
889.82	1253.00
890.01	1252.00
890.19	1262.00
890.38	1344.00
890.56	1275.00
890.74	1252.00
890.93	1280.00
891.11	1357.00
891.29	1366.00
891.48	1324.00
891.66	1374.00
891.85	1330.00
892.03	1338.00
892.21	1337.00
892.40	1332.00
892.58	1317.00
892.76	1279.00
892.95	1307.00
893.13	1227.00
893.32	1270.00
893.50	1334.00
893.68	1309.00
893.87	1324.00
894.05	1309.00
894.23	1259.00
894.42	1295.00
894.60	1341.00
894.79	1326.00
894.97	1352.00
895.15	1348.00
895.34	1326.00
895.52	1356.00
895.70	1345.00
895.89	1264.00
896.07	1318.00
896.25	1369.00
896.44	1346.00
896.62	1327.00
896.81	1312.00
896.99	1423.00
897.17	1326.00
897.36	1305.00
897.54	1415.00
897.72	1408.00
897.91	1322.00
898.09	1313.00
898.27	1418.00
898.46	1363.00
898.64	1272.00
898.82	1359.00
899.01	1401.00
899.19	1459.00
899.37	1456.00
899.56	1396.00
899.74	1383.00
899.92	1410.00
900.11	1414.00
900.29	1422.00
900.47	1426.00
900.66	1411.00
900.84	1387.00
901.03	1385.00
901.21	1341.00
901.39	1371.00
901.58	1386.00
901.76	1382.00
901.94	1423.00
902.13	1396.00
902.31	1474.00
902.49	1417.00
902.68	1469.00
902.86	1453.00
903.04	1444.00
903.23	1427.00
903.41	1469.00
903.59	1417.00
903.78	1414.00
903.96	1362.00
904.14	1386.00
904.32	1411.00
904.51	1440.00
904.69	1553.00
904.87	1567.00
905.06	1513.00
905.24	1456.00
905.42	1452.00
905.61	1477.00
905.79	1469.00
905.97	1354.00
906.16	1370.00
906.34	1416.00
906.52	1492.00
906.71	1451.00
906.89	1437.00
907.07	1547.00
907.26	1522.00
907.44	1498.00
907.62	1543.00
907.81	1471.00
907.99	1387.00
908.17	1431.00
908.35	1447.00
908.54	1458.00
908.72	1539.00
908.90	1522.00
909.09	1493.00
909.27	1487.00
909.45	1475.00
909.64	1448.00
909.82	1479.00
910.00	1426.00
910.18	1419.00
910.37	1429.00
910.55	1442.00
910.73	1477.00
910.92	1457.00
911.10	1429.00
911.28	1481.00
911.47	1425.00
911.65	1458.00
911.83	1453.00
912.01	1399.00
912.20	1406.00
912.38	1484.00
912.56	1469.00
912.75	1470.00
912.93	1451.00
913.11	1467.00
913.29	1462.00
913.48	1471.00
913.66	1421.00
913.84	1432.00
914.03	1443.00
914.21	1491.00
914.39	1456.00
914.57	1432.00
914.76	1326.00
914.94	1364.00
915.12	1459.00
915.31	1432.00
915.49	1410.00
915.67	1325.00
915.85	1360.00
916.04	1474.00
916.22	1472.00
916.40	1425.00
916.58	1384.00
916.77	1412.00
916.95	1411.00
917.13	1428.00
917.32	1396.00
917.50	1424.00
917.68	1442.00
917.86	1402.00
918.05	1376.00
918.23	1386.00
918.41	1352.00
918.59	1417.00
918.78	1413.00
918.96	1360.00
919.14	1345.00
919.32	1450.00
919.51	1482.00
919.69	1296.00
919.87	1328.00
920.05	1308.00
920.24	1345.00
920.42	1417.00
920.60	1374.00
920.78	1356.00
920.97	1264.00
921.15	1236.00
921.33	1248.00
921.52	1291.00
921.70	1262.00
921.88	1306.00
922.06	1312.00
922.24	1300.00
922.43	1326.00
922.61	1337.00
922.79	1335.00
922.97	1364.00
923.16	1300.00
923.34	1247.00
923.52	1354.00
923.70	1335.00
923.89	1310.00
924.07	1310.00
924.25	1283.00
924.43	1253.00
924.62	1230.00
924.80	1289.00
924.98	1291.00
925.16	1226.00
925.35	1280.00
925.53	1325.00
925.71	1290.00
925.89	1246.00
926.08	1291.00
926.26	1282.00
926.44	1300.00
926.62	1209.00
926.80	1207.00
926.99	1158.00
927.17	1185.00
927.35	1220.00
927.53	1194.00
927.72	1223.00
927.90	1237.00
928.08	1228.00
928.26	1200.00
928.44	1287.00
928.63	1300.00
928.81	1232.00
928.99	1224.00
929.17	1256.00
929.36	1189.00
929.54	1192.00
929.72	1180.00
929.90	1150.00
930.08	1200.00
930.27	1276.00
930.45	1254.00
930.63	1152.00
930.81	1087.00
930.99	1138.00
931.18	1152.00
931.36	1187.00
931.54	1220.00
931.72	1192.00
931.90	1157.00
932.09	1190.00
932.27	1207.00
932.45	1142.00
932.63	1128.00
932.81	1044.00
933.00	1065.00
933.18	1100.00
933.36	1099.00
933.54	1096.00
933.72	1076.00
933.91	1057.00
934.09	1092.00
934.27	1124.00
934.45	1084.00
934.63	1100.00
934.82	1099.00
935.00	988.00
935.18	1000.00
935.36	1034.00
935.54	1042.00
935.73	1024.00
935.91	982.00
936.09	890.00
936.27	957.00
936.45	887.00
936.64	894.00
936.82	921.00
937.00	895.00
937.18	844.00
937.36	861.00
937.54	813.00
937.73	812.00
937.91	858.00
938.09	816.00
938.27	844.00
938.45	859.00
938.63	824.00
938.82	743.00
939.00	736.00
939.18	716.00
939.36	703.00
939.54	726.00
939.73	828.00
939.91	772.00
940.09	680.00
940.27	723.00
940.45	753.00
940.63	664.00
940.82	724.00
941.00	734.00
941.18	738.00
941.36	676.00
941.54	642.00
941.72	644.00
941.91	647.00
942.09	605.00
942.27	624.00
942.45	625.00
942.63	620.00
942.81	601.00
942.99	567.00
943.18	556.00
943.36	570.00
943.54	626.00
943.72	596.00
943.90	601.00
944.08	610.00
944.27	563.00
944.45	575.00
944.63	552.00
944.81	587.00
944.99	589.00
945.17	586.00
945.35	596.00
945.54	588.00
945.72	582.00
945.90	535.00
946.08	587.00
946.26	612.00
946.44	570.00
946.62	521.00
946.81	599.00
946.99	670.00
947.17	632.00
947.35	617.00
947.53	585.00
947.71	608.00
947.89	625.00
948.07	628.00
948.26	613.00
948.44	638.00
948.62	566.00
948.80	568.00
948.98	522.00
949.16	574.00
949.34	539.00
949.53	503.00
949.71	532.00
949.89	559.00
950.07	513.00
950.25	554.00
950.43	629.00
950.61	574.00
950.79	571.00
950.98	596.00
951.16	611.00
951.34	582.00
951.52	599.00
951.70	644.00
951.88	578.00
952.06	535.00
952.24	633.00
952.42	631.00
952.61	554.00
952.79	573.00
952.97	528.00
953.15	544.00
953.33	507.00
953.51	509.00
953.69	606.00
953.87	614.00
954.05	586.00
954.24	590.00
954.42	542.00
954.60	551.00
954.78	565.00
954.96	573.00
955.14	585.00
955.32	501.00
955.50	519.00
955.68	533.00
955.86	500.00
956.05	570.00
956.23	579.00
956.41	551.00
956.59	543.00
956.77	516.00
956.95	579.00
957.13	538.00
957.31	584.00
957.49	573.00
957.67	590.00
957.86	583.00
958.04	563.00
958.22	520.00
958.40	504.00
958.58	533.00
958.76	505.00
958.94	535.00
959.12	586.00
959.30	548.00
959.48	574.00
959.66	578.00
959.84	555.00
960.03	551.00
960.21	558.00
960.39	517.00
960.57	559.00
960.75	531.00
960.93	514.00
961.11	491.00
961.29	528.00
961.47	570.00
961.65	492.00
961.83	517.00
962.01	510.00
962.19	470.00
962.37	457.00
962.56	558.00
962.74	561.00
962.92	497.00
963.10	483.00
963.28	557.00
963.46	521.00
963.64	500.00
963.82	539.00
964.00	533.00
964.18	532.00
964.36	522.00
964.54	460.00
964.72	509.00
964.90	505.00
965.08	488.00
965.27	505.00
965.45	512.00
965.63	471.00
965.81	523.00
965.99	520.00
966.17	558.00
966.35	500.00
966.53	464.00
966.71	453.00
966.89	460.00
967.07	509.00
967.25	488.00
967.43	530.00
967.61	497.00
967.79	454.00
967.97	402.00
968.15	484.00
968.33	525.00
968.51	433.00
968.69	479.00
968.87	559.00
969.06	456.00
969.24	466.00
969.42	543.00
969.60	467.00
969.78	462.00
969.96	448.00
970.14	427.00
970.32	423.00
970.50	440.00
970.68	517.00
970.86	432.00
971.04	413.00
971.22	477.00
971.40	490.00
971.58	522.00
971.76	530.00
971.94	496.00
972.12	457.00
972.30	439.00
972.48	489.00
972.66	491.00
972.84	480.00
973.02	429.00
973.20	403.00
973.38	470.00
973.56	487.00
973.74	404.00
973.92	497.00
974.10	458.00
974.28	401.00
974.46	428.00
974.64	386.00
974.82	395.00
975.00	417.00
975.18	430.00
975.36	366.00
975.54	373.00
975.72	431.00
975.90	402.00
976.08	397.00
976.26	445.00
976.44	405.00
976.62	460.00
976.80	465.00
976.98	406.00
977.16	410.00
977.34	358.00
977.52	434.00
977.70	377.00
977.88	417.00
978.06	455.00
978.24	355.00
978.42	403.00
978.60	408.00
978.78	402.00
978.96	431.00
979.14	384.00
979.32	395.00
979.50	414.00
979.68	355.00
979.86	376.00
980.04	442.00
980.22	400.00
980.40	393.00
980.58	459.00
980.76	422.00
980.94	405.00
981.12	362.00
981.30	395.00
981.48	408.00
981.66	389.00
981.84	411.00
982.02	397.00
982.20	380.00
982.38	386.00
982.56	373.00
982.74	337.00
982.92	318.00
983.10	348.00
983.28	361.00
983.46	407.00
983.64	425.00
983.82	415.00
984.00	372.00
984.18	397.00
984.36	345.00
984.54	347.00
984.72	362.00
984.90	352.00
985.08	369.00
985.26	371.00
985.44	419.00
985.62	419.00
985.80	450.00
985.98	415.00
986.16	403.00
986.34	341.00
986.51	354.00
986.69	367.00
986.87	352.00
987.05	377.00
987.23	352.00
987.41	299.00
987.59	281.00
987.77	370.00
987.95	331.00
988.13	300.00
988.31	354.00
988.49	359.00
988.67	427.00
988.85	389.00
989.03	356.00
989.21	325.00
989.39	303.00
989.57	378.00
989.75	371.00
989.93	382.00
990.11	378.00
990.28	297.00
990.46	283.00
990.64	292.00
990.82	367.00
991.00	389.00
991.18	371.00
991.36	345.00
991.54	316.00
991.72	330.00
991.90	398.00
992.08	373.00
992.26	252.00
992.44	288.00
992.62	323.00
992.80	347.00
992.98	337.00
993.15	372.00
993.33	364.00
993.51	346.00
993.69	336.00
993.87	319.00
994.05	308.00
994.23	286.00
994.41	311.00
994.59	338.00
994.77	278.00
994.95	278.00
995.13	311.00
995.31	308.00
995.48	261.00
995.66	285.00
995.84	265.00
996.02	289.00
996.20	314.00
996.38	246.00
996.56	274.00
996.74	287.00
996.92	353.00
997.10	401.00
997.28	353.00
997.46	361.00
997.63	312.00
997.81	293.00
997.99	350.00
998.17	258.00
998.35	292.00
998.53	306.00
998.71	308.00
998.89	297.00
999.07	307.00
999.25	330.00
999.43	327.00
999.60	278.00
999.78	247.00
999.96	254.00
1000.14	315.00
1000.32	261.00
1000.50	219.00
1000.68	325.00
1000.86	333.00
1001.04	283.00
1001.21	272.00
1001.39	234.00
1001.57	261.00
1001.75	276.00
1001.93	191.00
1002.11	242.00
1002.29	321.00
1002.47	304.00
1002.65	230.00
1002.82	229.00
1003.00	221.00
1003.18	170.00
1003.36	260.00
1003.54	353.00
1003.72	379.00
1003.90	327.00
1004.08	285.00
1004.26	254.00
1004.43	259.00
1004.61	300.00
1004.79	312.00
1004.97	298.00
1005.15	263.00
1005.33	297.00
1005.51	238.00
1005.69	264.00
1005.86	247.00
1006.04	257.00
1006.22	269.00
1006.40	243.00
1006.58	252.00
1006.76	270.00
1006.94	293.00
1007.12	220.00
1007.29	239.00
1007.47	224.00
1007.65	263.00
1007.83	277.00
1008.01	190.00
1008.19	201.00
1008.37	250.00
1008.54	295.00
1008.72	254.00
1008.90	287.00
1009.08	221.00
1009.26	245.00
1009.44	244.00
1009.62	253.00
1009.79	330.00
1009.97	319.00
1010.15	267.00
1010.33	318.00
1010.51	285.00
1010.69	309.00
1010.87	236.00
1011.04	220.00
1011.22	179.00
1011.40	141.00
1011.58	163.00
1011.76	190.00
1011.94	202.00
1012.11	184.00
1012.29	189.00
1012.47	231.00
1012.65	215.00
1012.83	199.00
1013.01	202.00
1013.18	223.00
1013.36	241.00
1013.54	224.00
1013.72	207.00
1013.90	233.00
1014.08	198.00
1014.25	236.00
1014.43	198.00
1014.61	198.00
1014.79	270.00
1014.97	245.00
1015.15	214.00
1015.32	219.00
1015.50	263.00
1015.68	285.00
1015.86	253.00
1016.04	289.00
1016.22	343.00
1016.39	283.00
1016.57	281.00
1016.75	292.00
1016.93	277.00
1017.11	260.00
1017.29	206.00
1017.46	278.00
1017.64	244.00
1017.82	164.00
1018.00	194.00
1018.18	205.00
1018.35	183.00
1018.53	184.00
1018.71	214.00
1018.89	163.00
1019.07	200.00
1019.24	241.00
1019.42	252.00
1019.60	195.00
1019.78	214.00
1019.96	236.00
1020.14	190.00
1020.31	208.00
1020.49	234.00
1020.67	229.00
1020.85	232.00
1021.03	245.00
1021.20	262.00
1021.38	239.00
1021.56	176.00
1021.74	182.00
1021.92	212.00
1022.09	245.00
1022.27	243.00
1022.45	194.00
1022.63	221.00
1022.81	146.00
1022.98	176.00
1023.16	213.00
1023.34	169.00
1023.52	195.00
1023.69	119.00
1023.87	160.00
1024.05	173.00
1024.23	174.00
1024.41	134.00
1024.58	147.00
1024.76	168.00
1024.94	229.00
1025.12	205.00
1025.30	145.00
1025.47	233.00
1025.65	224.00
1025.83	183.00
1026.01	193.00
1026.18	157.00
1026.36	138.00
1026.54	194.00
1026.72	227.00
1026.90	222.00
1027.07	168.00
1027.25	121.00
1027.43	247.00
1027.61	228.00
1027.78	153.00
1027.96	214.00
1028.14	155.00
1028.32	122.00
1028.49	160.00
1028.67	218.00
1028.85	191.00
1029.03	136.00
1029.21	201.00
1029.38	142.00
1029.56	71.00
1029.74	136.00
1029.92	220.00
1030.09	191.00
1030.27	173.00
1030.45	133.00
1030.63	140.00
1030.80	136.00
1030.98	138.00
1031.16	162.00
1031.34	221.00
1031.51	224.00
1031.69	182.00
1031.87	181.00
1032.05	157.00
1032.22	231.00
1032.40	234.00
1032.58	191.00
1032.76	173.00
1032.93	180.00
1033.11	149.00
1033.29	99.00
1033.47	133.00
1033.64	159.00
1033.82	162.00
1034.00	186.00
1034.18	183.00
1034.35	181.00
1034.53	117.00
1034.71	161.00
1034.89	217.00
1035.06	178.00
1035.24	197.00
1035.42	222.00
1035.59	140.00
1035.77	180.00
1035.95	235.00
1036.13	155.00
1036.30	137.00
1036.48	154.00
1036.66	224.00
1036.84	186.00
1037.01	194.00
1037.19	200.00
1037.37	201.00
1037.54	222.00
1037.72	123.00
1037.90	81.00
1038.08	154.00
1038.25	105.00
1038.43	109.00
1038.61	120.00
1038.79	118.00
1038.96	73.00
1039.14	114.00
1039.32	143.00
1039.49	118.00
1039.67	165.00
1039.85	177.00
1040.03	145.00
1040.20	125.00
1040.38	157.00
1040.56	125.00
1040.73	137.00
1040.91	184.00
1041.09	112.00
1041.27	105.00
1041.44	116.00
1041.62	197.00
1041.80	126.00
1041.97	136.00
1042.15	140.00
1042.33	122.00
1042.50	206.00
1042.68	189.00
1042.86	164.00
1043.04	138.00
1043.21	143.00
1043.39	207.00
1043.57	153.00
1043.74	172.00
1043.92	163.00
1044.10	130.00
1044.27	124.00
1044.45	168.00
1044.63	222.00
1044.80	165.00
1044.98	121.00
1045.16	146.00
1045.34	120.00
1045.51	141.00
1045.69	149.00
1045.87	144.00
1046.04	91.00
1046.22	112.00
1046.40	118.00
1046.57	111.00
1046.75	82.00
1046.93	156.00
1047.10	186.00
1047.28	135.00
1047.46	107.00
1047.63	141.00
1047.81	150.00
1047.99	125.00
1048.16	124.00
1048.34	95.00
1048.52	124.00
1048.69	113.00
1048.87	77.00
1049.05	116.00
1049.22	109.00
1049.40	80.00
1049.58	89.00
1049.75	108.00
1049.93	144.00
1050.11	161.00
1050.28	170.00
1050.46	162.00
1050.64	170.00
1050.81	118.00
1050.99	57.00
1051.17	103.00
1051.34	131.00
1051.52	167.00
1051.70	131.00
1051.87	140.00
1052.05	171.00
1052.23	87.00
1052.40	49.00
1052.58	51.00
1052.76	94.00
1052.93	108.00
1053.11	60.00
1053.29	69.00
1053.46	137.00
1053.64	167.00
1053.82	84.00
1053.99	70.00
1054.17	70.00
1054.35	122.00
1054.52	89.00
1054.70	52.00
1054.87	145.00
1055.05	163.00
1055.23	139.00
1055.40	214.00
1055.58	160.00
1055.76	141.00
1055.93	98.00
1056.11	78.00
1056.29	51.00
1056.46	94.00
1056.64	57.00
1056.81	49.00
1056.99	123.00
1057.17	167.00
1057.34	101.00
1057.52	19.00
1057.70	83.00
1057.87	149.00
1058.05	103.00
1058.22	58.00
1058.40	121.00
1058.58	154.00
1058.75	51.00
1058.93	72.00
1059.11	97.00
1059.28	131.00
1059.46	143.00
1059.63	146.00
1059.81	144.00
1059.99	134.00
1060.16	92.00
1060.34	32.00
1060.52	117.00
1060.69	144.00
1060.87	159.00
1061.04	140.00
1061.22	126.00
