367.62	2.00
367.82	13.00
368.02	-36.00
368.23	-40.00
368.43	-43.00
368.63	-23.00
368.83	12.00
369.04	50.00
369.24	40.00
369.44	-1.00
369.65	34.00
369.85	34.00
370.05	33.00
370.25	-12.00
370.46	19.00
370.66	27.00
370.86	57.00
371.07	-21.00
371.27	44.00
371.47	17.00
371.67	19.00
371.88	41.00
372.08	43.00
372.28	4.00
372.49	26.00
372.69	-34.00
372.89	-46.00
373.09	-65.00
373.30	36.00
373.50	43.00
373.70	-15.00
373.91	19.00
374.11	-8.00
374.31	-2.00
374.51	-16.00
374.72	-22.00
374.92	35.00
375.12	16.00
375.33	31.00
375.53	8.00
375.73	35.00
375.93	-30.00
376.14	-2.00
376.34	-27.00
376.54	-46.00
376.74	-79.00
376.95	-49.00
377.15	-17.00
377.35	46.00
377.55	113.00
377.76	54.00
377.96	-17.00
378.16	-8.00
378.37	-17.00
378.57	-11.00
378.77	-35.00
378.97	-31.00
379.18	-14.00
379.38	19.00
379.58	36.00
379.78	29.00
379.99	-25.00
380.19	25.00
380.39	19.00
380.59	62.00
380.80	14.00
381.00	-40.00
381.20	-7.00
381.40	-14.00
381.61	25.00
381.81	-1.00
382.01	-36.00
382.21	27.00
382.42	-27.00
382.62	-5.00
382.82	-89.00
383.02	-62.00
383.23	-17.00
383.43	-20.00
383.63	29.00
383.83	48.00
384.04	-3.00
384.24	-23.00
384.44	-34.00
384.64	77.00
384.85	16.00
385.05	3.00
385.25	3.00
385.45	53.00
385.66	41.00
385.86	0.00
386.06	7.00
386.26	12.00
386.47	58.00
386.67	12.00
386.87	-18.00
387.07	-11.00
387.27	54.00
387.48	55.00
387.68	20.00
387.88	5.00
388.08	19.00
388.29	53.00
388.49	3.00
388.69	8.00
388.89	30.00
389.10	-8.00
389.30	7.00
389.50	-5.00
389.70	46.00
389.90	7.00
390.11	-42.00
390.31	-9.00
390.51	-18.00
390.71	-5.00
390.92	2.00
391.12	61.00
391.32	26.00
391.52	-11.00
391.72	14.00
391.93	9.00
392.13	1.00
392.33	-39.00
392.53	-10.00
392.74	57.00
392.94	30.00
393.14	-17.00
393.34	-25.00
393.54	39.00
393.75	103.00
393.95	37.00
394.15	10.00
394.35	-18.00
394.56	33.00
394.76	1.00
394.96	-3.00
395.16	37.00
395.36	47.00
395.57	3.00
395.77	15.00
395.97	1.00
396.17	47.00
396.37	9.00
396.58	-30.00
396.78	-9.00
396.98	41.00
397.18	40.00
397.38	-5.00
397.59	-13.00
397.79	118.00
397.99	13.00
398.19	-6.00
398.39	30.00
398.60	57.00
398.80	39.00
399.00	0.00
399.20	-5.00
399.40	21.00
399.61	-8.00
399.81	12.00
400.01	-2.00
400.21	44.00
400.41	72.00
400.62	4.00
400.82	36.00
401.02	49.00
401.22	16.00
401.42	20.00
401.63	34.00
401.83	64.00
402.03	44.00
402.23	18.00
402.43	68.00
402.64	63.00
402.84	0.00
403.04	0.00
403.24	11.00
403.44	46.00
403.64	0.00
403.85	28.00
404.05	68.00
404.25	45.00
404.45	71.00
404.65	36.00
404.86	-4.00
405.06	6.00
405.26	32.00
405.46	35.00
405.66	-4.00
405.86	-8.00
406.07	-15.00
406.27	-36.00
406.47	-20.00
406.67	36.00
406.87	52.00
407.07	29.00
407.28	26.00
407.48	44.00
407.68	-10.00
407.88	18.00
408.08	-32.00
408.28	-15.00
408.49	42.00
408.69	47.00
408.89	-11.00
409.09	60.00
409.29	61.00
409.49	25.00
409.70	4.00
409.90	43.00
410.10	42.00
410.30	80.00
410.50	-14.00
410.70	0.00
410.91	16.00
411.11	55.00
411.31	-28.00
411.51	-1.00
411.71	-2.00
411.91	72.00
412.12	57.00
412.32	28.00
412.52	24.00
412.72	89.00
412.92	-12.00
413.12	33.00
413.32	20.00
413.53	34.00
413.73	-16.00
413.93	-30.00
414.13	-36.00
414.33	40.00
414.53	11.00
414.74	-72.00
414.94	13.00
415.14	22.00
415.34	-4.00
415.54	-11.00
415.74	4.00
415.94	-1.00
416.15	-5.00
416.35	-24.00
416.55	2.00
416.75	38.00
416.95	4.00
417.15	42.00
417.35	44.00
417.56	13.00
417.76	49.00
417.96	38.00
418.16	-9.00
418.36	10.00
418.56	-2.00
418.76	44.00
418.97	35.00
419.17	64.00
419.37	35.00
419.57	49.00
419.77	48.00
419.97	-14.00
420.17	2.00
420.37	37.00
420.58	76.00
420.78	-16.00
420.98	21.00
421.18	87.00
421.38	44.00
421.58	-36.00
421.78	-50.00
421.98	-35.00
422.19	85.00
422.39	94.00
422.59	36.00
422.79	13.00
422.99	36.00
423.19	11.00
423.39	-1.00
423.59	58.00
423.80	99.00
424.00	56.00
424.20	16.00
424.40	19.00
424.60	5.00
424.80	55.00
425.00	54.00
425.20	-50.00
425.40	18.00
425.61	109.00
425.81	80.00
426.01	95.00
426.21	43.00
426.41	15.00
426.61	35.00
426.81	28.00
427.01	75.00
427.21	92.00
427.42	66.00
427.62	33.00
427.82	20.00
428.02	14.00
428.22	74.00
428.42	77.00
428.62	10.00
428.82	30.00
429.02	59.00
429.23	97.00
429.43	45.00
429.63	41.00
429.83	31.00
430.03	39.00
430.23	22.00
430.43	63.00
430.63	2.00
430.83	69.00
431.03	52.00
431.24	51.00
431.44	36.00
431.64	-1.00
431.84	70.00
432.04	28.00
432.24	20.00
432.44	-12.00
432.64	65.00
432.84	23.00
433.04	8.00
433.24	-4.00
433.45	32.00
433.65	-21.00
433.85	-3.00
434.05	10.00
434.25	38.00
434.45	26.00
434.65	-1.00
434.85	54.00
435.05	29.00
435.25	11.00
435.45	39.00
435.65	-23.00
435.86	-23.00
436.06	-29.00
436.26	15.00
436.46	40.00
436.66	61.00
436.86	50.00
437.06	27.00
437.26	25.00
437.46	0.00
437.66	5.00
437.86	13.00
438.06	9.00
438.26	41.00
438.47	-2.00
438.67	-11.00
438.87	71.00
439.07	125.00
439.27	104.00
439.47	43.00
439.67	40.00
439.87	-1.00
440.07	4.00
440.27	-38.00
440.47	-46.00
440.67	0.00
440.87	-33.00
441.07	4.00
441.27	-5.00
441.48	5.00
441.68	48.00
441.88	62.00
442.08	32.00
442.28	40.00
442.48	47.00
442.68	54.00
442.88	57.00
443.08	106.00
443.28	22.00
443.48	17.00
443.68	87.00
443.88	74.00
444.08	29.00
444.28	29.00
444.48	-17.00
444.68	2.00
444.88	15.00
445.09	36.00
445.29	53.00
445.49	34.00
445.69	25.00
445.89	110.00
446.09	76.00
446.29	61.00
446.49	35.00
446.69	80.00
446.89	37.00
447.09	38.00
447.29	85.00
447.49	63.00
447.69	36.00
447.89	22.00
448.09	55.00
448.29	104.00
448.49	22.00
448.69	18.00
448.89	71.00
449.09	-9.00
449.29	50.00
449.49	33.00
449.70	47.00
449.90	5.00
450.10	-37.00
450.30	55.00
450.50	42.00
450.70	18.00
450.90	25.00
451.10	4.00
451.30	22.00
451.50	77.00
451.70	101.00
451.90	72.00
452.10	42.00
452.30	49.00
452.50	18.00
452.70	80.00
452.90	92.00
453.10	37.00
453.30	53.00
453.50	39.00
453.70	16.00
453.90	-18.00
454.10	78.00
454.30	63.00
454.50	52.00
454.70	12.00
454.90	-39.00
455.10	39.00
455.30	40.00
455.50	38.00
455.70	48.00
455.90	48.00
456.10	63.00
456.30	14.00
456.50	9.00
456.70	90.00
456.90	162.00
457.10	74.00
457.30	45.00
457.50	77.00
457.70	97.00
457.90	71.00
458.10	101.00
458.30	83.00
458.50	67.00
458.70	55.00
458.90	82.00
459.10	86.00
459.30	84.00
459.50	93.00
459.70	68.00
459.90	55.00
460.10	79.00
460.30	80.00
460.50	89.00
460.70	78.00
460.90	45.00
461.10	79.00
461.30	140.00
461.50	153.00
461.70	93.00
461.90	71.00
462.10	45.00
462.30	42.00
462.50	70.00
462.70	94.00
462.90	78.00
463.10	64.00
463.30	35.00
463.50	55.00
463.70	85.00
463.90	65.00
464.10	94.00
464.30	57.00
464.50	64.00
464.70	100.00
464.90	80.00
465.10	41.00
465.30	51.00
465.50	32.00
465.70	70.00
465.90	110.00
466.10	114.00
466.30	91.00
466.50	116.00
466.70	75.00
466.90	-17.00
467.10	79.00
467.30	92.00
467.50	50.00
467.70	65.00
467.90	91.00
468.10	131.00
468.30	98.00
468.50	65.00
468.70	74.00
468.90	71.00
469.10	74.00
469.30	79.00
469.50	75.00
469.70	51.00
469.90	104.00
470.10	67.00
470.30	59.00
470.50	54.00
470.70	73.00
470.90	70.00
471.10	81.00
471.29	90.00
471.49	83.00
471.69	137.00
471.89	29.00
472.09	70.00
472.29	137.00
472.49	113.00
472.69	71.00
472.89	116.00
473.09	107.00
473.29	57.00
473.49	75.00
473.69	47.00
473.89	32.00
474.09	-7.00
474.29	55.00
474.49	122.00
474.69	82.00
474.89	98.00
475.09	92.00
475.29	91.00
475.49	77.00
475.69	29.00
475.88	63.00
476.08	66.00
476.28	89.00
476.48	89.00
476.68	52.00
476.88	190.00
477.08	89.00
477.28	59.00
477.48	144.00
477.68	128.00
477.88	-19.00
478.08	66.00
478.28	125.00
478.48	112.00
478.68	106.00
478.88	94.00
479.08	133.00
479.28	175.00
479.47	118.00
479.67	19.00
479.87	45.00
480.07	75.00
480.27	14.00
480.47	1.00
480.67	54.00
480.87	52.00
481.07	74.00
481.27	105.00
481.47	56.00
481.67	59.00
481.87	78.00
482.07	67.00
482.27	102.00
482.46	98.00
482.66	95.00
482.86	91.00
483.06	96.00
483.26	85.00
483.46	3.00
483.66	19.00
483.86	116.00
484.06	82.00
484.26	88.00
484.46	105.00
484.66	55.00
484.86	112.00
485.05	115.00
485.25	54.00
485.45	41.00
485.65	89.00
485.85	64.00
486.05	95.00
486.25	127.00
486.45	155.00
486.65	81.00
486.85	20.00
487.05	82.00
487.25	89.00
487.44	130.00
487.64	126.00
487.84	34.00
488.04	27.00
488.24	75.00
488.44	145.00
488.64	113.00
488.84	59.00
489.04	89.00
489.24	116.00
489.43	148.00
489.63	129.00
489.83	89.00
490.03	100.00
490.23	82.00
490.43	110.00
490.63	100.00
490.83	101.00
491.03	208.00
491.23	211.00
491.42	107.00
491.62	106.00
491.82	138.00
492.02	160.00
492.22	153.00
492.42	141.00
492.62	149.00
492.82	97.00
493.02	68.00
493.22	110.00
493.41	128.00
493.61	159.00
493.81	153.00
494.01	132.00
494.21	99.00
494.41	84.00
494.61	73.00
494.81	103.00
495.01	96.00
495.20	105.00
495.40	146.00
495.60	161.00
495.80	138.00
496.00	138.00
496.20	145.00
496.40	153.00
496.60	173.00
496.79	179.00
496.99	111.00
497.19	170.00
497.39	163.00
497.59	165.00
497.79	137.00
497.99	141.00
498.19	129.00
498.38	116.00
498.58	120.00
498.78	157.00
498.98	205.00
499.18	162.00
499.38	140.00
499.58	152.00
499.78	59.00
499.97	125.00
500.17	151.00
500.37	168.00
500.57	146.00
500.77	163.00
500.97	171.00
501.17	174.00
501.37	224.00
501.56	221.00
501.76	162.00
501.96	158.00
502.16	173.00
502.36	202.00
502.56	188.00
502.76	165.00
502.95	205.00
503.15	182.00
503.35	173.00
503.55	218.00
503.75	177.00
503.95	193.00
504.15	163.00
504.34	169.00
504.54	115.00
504.74	97.00
504.94	153.00
505.14	176.00
505.34	149.00
505.54	140.00
505.73	141.00
505.93	180.00
506.13	188.00
506.33	142.00
506.53	148.00
506.73	216.00
506.92	218.00
507.12	218.00
507.32	183.00
507.52	122.00
507.72	184.00
507.92	165.00
508.12	161.00
508.31	216.00
508.51	75.00
508.71	140.00
508.91	170.00
509.11	162.00
509.31	174.00
509.50	135.00
509.70	170.00
509.90	183.00
510.10	133.00
510.30	143.00
510.50	148.00
510.69	137.00
510.89	176.00
511.09	96.00
511.29	68.00
511.49	178.00
511.69	169.00
511.88	200.00
512.08	142.00
512.28	164.00
512.48	229.00
512.68	152.00
512.88	186.00
513.07	221.00
513.27	142.00
513.47	149.00
513.67	106.00
513.87	137.00
514.06	104.00
514.26	171.00
514.46	184.00
514.66	183.00
514.86	171.00
515.06	162.00
515.25	181.00
515.45	184.00
515.65	167.00
515.85	162.00
516.05	193.00
516.24	168.00
516.44	172.00
516.64	183.00
516.84	227.00
517.04	130.00
517.23	138.00
517.43	146.00
517.63	166.00
517.83	175.00
518.03	197.00
518.23	175.00
518.42	155.00
518.62	215.00
518.82	223.00
519.02	161.00
519.22	158.00
519.41	198.00
519.61	142.00
519.81	155.00
520.01	227.00
520.21	175.00
520.40	137.00
520.60	147.00
520.80	134.00
521.00	104.00
521.20	171.00
521.39	250.00
521.59	243.00
521.79	139.00
521.99	136.00
522.19	207.00
522.38	189.00
522.58	189.00
522.78	174.00
522.98	218.00
523.17	258.00
523.37	214.00
523.57	151.00
523.77	137.00
523.97	151.00
524.16	203.00
524.36	245.00
524.56	221.00
524.76	184.00
524.96	206.00
525.15	197.00
525.35	159.00
525.55	176.00
525.75	236.00
525.94	245.00
526.14	214.00
526.34	190.00
526.54	234.00
526.74	220.00
526.93	231.00
527.13	175.00
527.33	183.00
527.53	213.00
527.72	196.00
527.92	229.00
528.12	237.00
528.32	261.00
528.52	240.00
528.71	194.00
528.91	256.00
529.11	297.00
529.31	285.00
529.50	224.00
529.70	209.00
529.90	246.00
530.10	243.00
530.29	238.00
530.49	230.00
530.69	306.00
530.89	301.00
531.09	314.00
531.28	333.00
531.48	287.00
531.68	257.00
531.88	250.00
532.07	293.00
532.27	266.00
532.47	278.00
532.67	319.00
532.86	261.00
533.06	293.00
533.26	255.00
533.46	277.00
533.65	297.00
533.85	300.00
534.05	266.00
534.25	309.00
534.44	355.00
534.64	339.00
534.84	356.00
535.04	275.00
535.23	271.00
535.43	284.00
535.63	333.00
535.83	324.00
536.02	319.00
536.22	295.00
536.42	338.00
536.62	319.00
536.81	304.00
537.01	316.00
537.21	331.00
537.41	369.00
537.60	404.00
537.80	382.00
538.00	338.00
538.20	257.00
538.39	305.00
538.59	364.00
538.79	365.00
538.99	363.00
539.18	389.00
539.38	358.00
539.58	400.00
539.77	396.00
539.97	308.00
540.17	277.00
540.37	345.00
540.56	392.00
540.76	366.00
540.96	404.00
541.16	365.00
541.35	374.00
541.55	398.00
541.75	387.00
541.94	408.00
542.14	459.00
542.34	389.00
542.54	385.00
542.73	377.00
542.93	398.00
543.13	410.00
543.33	372.00
543.52	345.00
543.72	429.00
543.92	419.00
544.11	427.00
544.31	418.00
544.51	437.00
544.71	459.00
544.90	504.00
545.10	405.00
545.30	349.00
545.49	443.00
545.69	464.00
545.89	418.00
546.09	428.00
546.28	442.00
546.48	479.00
546.68	446.00
546.87	383.00
547.07	378.00
547.27	381.00
547.47	409.00
547.66	351.00
547.86	337.00
548.06	429.00
548.25	429.00
548.45	436.00
548.65	423.00
548.84	426.00
549.04	414.00
549.24	378.00
549.44	338.00
549.63	404.00
549.83	431.00
550.03	393.00
550.22	473.00
550.42	425.00
550.62	386.00
550.81	399.00
551.01	334.00
551.21	409.00
551.41	381.00
551.60	359.00
551.80	374.00
552.00	393.00
552.19	410.00
552.39	452.00
552.59	414.00
552.78	431.00
552.98	360.00
553.18	335.00
553.37	382.00
553.57	369.00
553.77	408.00
553.96	406.00
554.16	361.00
554.36	313.00
554.56	371.00
554.75	348.00
554.95	351.00
555.15	330.00
555.34	361.00
555.54	375.00
555.74	388.00
555.93	415.00
556.13	415.00
556.33	352.00
556.52	371.00
556.72	362.00
556.92	355.00
557.11	387.00
557.31	396.00
557.51	341.00
557.70	333.00
557.90	315.00
558.10	317.00
558.29	312.00
558.49	342.00
558.69	375.00
558.88	337.00
559.08	315.00
559.28	320.00
559.47	385.00
559.67	311.00
559.87	212.00
560.06	238.00
560.26	262.00
560.46	280.00
560.65	356.00
560.85	320.00
561.05	357.00
561.24	411.00
561.44	380.00
561.64	322.00
561.83	350.00
562.03	412.00
562.23	381.00
562.42	350.00
562.62	333.00
562.82	355.00
563.01	364.00
563.21	345.00
563.40	279.00
563.60	289.00
563.80	300.00
563.99	364.00
564.19	412.00
564.39	405.00
564.58	385.00
564.78	416.00
564.98	362.00
565.17	298.00
565.37	357.00
565.57	309.00
565.76	352.00
565.96	417.00
566.16	409.00
566.35	368.00
566.55	393.00
566.74	432.00
566.94	375.00
567.14	442.00
567.33	502.00
567.53	450.00
567.73	406.00
567.92	435.00
568.12	469.00
568.32	467.00
568.51	387.00
568.71	425.00
568.90	409.00
569.10	372.00
569.30	339.00
569.49	407.00
569.69	505.00
569.89	475.00
570.08	414.00
570.28	442.00
570.47	430.00
570.67	384.00
570.87	438.00
571.06	415.00
571.26	341.00
571.46	319.00
571.65	394.00
571.85	407.00
572.04	436.00
572.24	481.00
572.44	465.00
572.63	419.00
572.83	436.00
573.03	474.00
573.22	388.00
573.42	345.00
573.61	470.00
573.81	486.00
574.01	467.00
574.20	424.00
574.40	469.00
574.59	505.00
574.79	503.00
574.99	442.00
575.18	496.00
575.38	487.00
575.58	527.00
575.77	575.00
575.97	559.00
576.16	510.00
576.36	573.00
576.56	597.00
576.75	562.00
576.95	541.00
577.14	601.00
577.34	641.00
577.54	585.00
577.73	561.00
577.93	572.00
578.12	578.00
578.32	590.00
578.52	518.00
578.71	575.00
578.91	570.00
579.10	571.00
579.30	589.00
579.50	665.00
579.69	644.00
579.89	659.00
580.08	679.00
580.28	636.00
580.48	641.00
580.67	726.00
580.87	676.00
581.06	696.00
581.26	646.00
581.45	682.00
581.65	715.00
581.85	768.00
582.04	770.00
582.24	791.00
582.43	777.00
582.63	731.00
582.83	770.00
583.02	851.00
583.22	868.00
583.41	829.00
583.61	820.00
583.80	867.00
584.00	903.00
584.20	860.00
584.39	842.00
584.59	844.00
584.78	916.00
584.98	961.00
585.17	948.00
585.37	913.00
585.57	948.00
585.76	926.00
585.96	975.00
586.15	1014.00
586.35	956.00
586.54	990.00
586.74	929.00
586.94	967.00
587.13	1031.00
587.33	1076.00
587.52	1047.00
587.72	1117.00
587.91	1145.00
588.11	1143.00
588.31	1082.00
588.50	1084.00
588.70	1105.00
588.89	1079.00
589.09	1048.00
589.28	1079.00
589.48	1080.00
589.68	1131.00
589.87	1039.00
590.07	1118.00
590.26	1134.00
590.46	1150.00
590.65	1150.00
590.85	1159.00
591.04	1237.00
591.24	1239.00
591.44	1231.00
591.63	1191.00
591.83	1234.00
592.02	1300.00
592.22	1323.00
592.41	1296.00
592.61	1351.00
592.80	1321.00
593.00	1354.00
593.19	1353.00
593.39	1452.00
593.59	1454.00
593.78	1333.00
593.98	1415.00
594.17	1438.00
594.37	1434.00
594.56	1401.00
594.76	1369.00
594.95	1340.00
595.15	1309.00
595.34	1491.00
595.54	1501.00
595.73	1360.00
595.93	1402.00
596.13	1503.00
596.32	1469.00
596.52	1448.00
596.71	1562.00
596.91	1541.00
597.10	1508.00
597.30	1518.00
597.49	1556.00
597.69	1493.00
597.88	1568.00
598.08	1614.00
598.27	1543.00
598.47	1540.00
598.66	1631.00
598.86	1654.00
599.06	1585.00
599.25	1678.00
599.45	1700.00
599.64	1638.00
599.84	1607.00
600.03	1549.00
600.23	1597.00
600.42	1628.00
600.62	1637.00
600.81	1682.00
601.01	1615.00
601.20	1632.00
601.40	1632.00
601.59	1644.00
601.79	1615.00
601.98	1611.00
602.18	1626.00
602.37	1582.00
602.57	1594.00
602.76	1584.00
602.96	1595.00
603.15	1585.00
603.35	1619.00
603.54	1639.00
603.74	1582.00
603.93	1575.00
604.13	1627.00
604.32	1617.00
604.52	1619.00
604.71	1577.00
604.91	1550.00
605.10	1615.00
605.30	1605.00
605.49	1581.00
605.69	1578.00
605.88	1597.00
606.08	1675.00
606.27	1685.00
606.47	1666.00
606.66	1617.00
606.86	1633.00
607.05	1626.00
607.25	1637.00
607.44	1679.00
607.64	1677.00
607.83	1664.00
608.03	1707.00
608.22	1746.00
608.42	1668.00
608.61	1751.00
608.81	1862.00
609.00	1870.00
609.20	1809.00
609.39	1856.00
609.59	1946.00
609.78	2017.00
609.98	2159.00
610.17	2260.00
610.37	2336.00
610.56	2385.00
610.76	2393.00
610.95	2594.00
611.15	2742.00
611.34	2712.00
611.54	2842.00
611.73	2872.00
611.93	2729.00
612.12	2577.00
612.32	2268.00
612.51	2125.00
612.71	2124.00
612.90	2056.00
613.09	1996.00
613.29	1910.00
613.48	1988.00
613.68	1958.00
613.87	1924.00
614.07	1922.00
614.26	1859.00
614.46	1914.00
614.65	1891.00
614.85	1896.00
615.04	1825.00
615.24	1798.00
615.43	1781.00
615.63	1801.00
615.82	1724.00
616.02	1678.00
616.21	1665.00
616.40	1677.00
616.60	1704.00
616.79	1696.00
616.99	1649.00
617.18	1644.00
617.38	1637.00
617.57	1546.00
617.77	1588.00
617.96	1610.00
618.16	1570.00
618.35	1594.00
618.54	1631.00
618.74	1674.00
618.93	1647.00
619.13	1665.00
619.32	1685.00
619.52	1619.00
619.71	1659.00
619.91	1716.00
620.10	1790.00
620.30	1851.00
620.49	1776.00
620.68	1727.00
620.88	1758.00
621.07	1745.00
621.27	1774.00
621.46	1796.00
621.66	1741.00
621.85	1719.00
622.05	1720.00
622.24	1845.00
622.43	1808.00
622.63	1746.00
622.82	1707.00
623.02	1780.00
623.21	1821.00
623.41	1738.00
623.60	1695.00
623.80	1760.00
623.99	1726.00
624.18	1781.00
624.38	1821.00
624.57	1790.00
624.77	1828.00
624.96	1865.00
625.16	1919.00
625.35	1897.00
625.54	1843.00
625.74	1858.00
625.93	1844.00
626.13	1887.00
626.32	1892.00
626.52	1898.00
626.71	1901.00
626.90	1834.00
627.10	1830.00
627.29	1860.00
627.49	1825.00
627.68	1953.00
627.88	2009.00
628.07	1937.00
628.26	1888.00
628.46	1918.00
628.65	1905.00
628.85	1912.00
629.04	1957.00
629.23	1958.00
629.43	2043.00
629.62	2069.00
629.82	2052.00
630.01	2125.00
630.21	2141.00
630.40	2076.00
630.59	2146.00
630.79	2150.00
630.98	2166.00
631.18	2106.00
631.37	2180.00
631.56	2173.00
631.76	2179.00
631.95	2143.00
632.15	2145.00
632.34	2150.00
632.53	2049.00
632.73	2043.00
632.92	2060.00
633.12	2036.00
633.31	2051.00
633.50	2125.00
633.70	2077.00
633.89	2034.00
634.09	2062.00
634.28	2112.00
634.47	2192.00
634.67	2152.00
634.86	2115.00
635.06	2201.00
635.25	2174.00
635.44	2232.00
635.64	2182.00
635.83	2211.00
636.03	2269.00
636.22	2217.00
636.41	2182.00
636.61	2187.00
636.80	2250.00
637.00	2278.00
637.19	2210.00
637.38	2263.00
637.58	2286.00
637.77	2281.00
637.96	2279.00
638.16	2311.00
638.35	2327.00
638.55	2319.00
638.74	2422.00
638.93	2378.00
639.13	2405.00
639.32	2461.00
639.51	2446.00
639.71	2291.00
639.90	2323.00
640.10	2449.00
640.29	2441.00
640.48	2423.00
640.68	2451.00
640.87	2440.00
641.07	2407.00
641.26	2496.00
641.45	2483.00
641.65	2521.00
641.84	2552.00
642.03	2501.00
642.23	2522.00
642.42	2615.00
642.61	2638.00
642.81	2608.00
643.00	2575.00
643.20	2611.00
643.39	2674.00
643.58	2601.00
643.78	2504.00
643.97	2496.00
644.16	2550.00
644.36	2533.00
644.55	2662.00
644.74	2610.00
644.94	2628.00
645.13	2687.00
645.33	2720.00
645.52	2745.00
645.71	2805.00
645.91	2714.00
646.10	2712.00
646.29	2740.00
646.49	2701.00
646.68	2673.00
646.87	2679.00
647.07	2726.00
647.26	2732.00
647.45	2781.00
647.65	2858.00
647.84	2788.00
648.03	2735.00
648.23	2682.00
648.42	2739.00
648.62	2833.00
648.81	2902.00
649.00	2884.00
649.20	2955.00
649.39	2789.00
649.58	2786.00
649.78	2847.00
649.97	2790.00
650.16	2758.00
650.36	2841.00
650.55	2803.00
650.74	2911.00
650.94	3041.00
651.13	2993.00
651.32	2821.00
651.52	2881.00
651.71	2958.00
651.90	2960.00
652.10	2952.00
652.29	3002.00
652.48	3000.00
652.68	2965.00
652.87	2952.00
653.06	2940.00
653.26	2941.00
653.45	2888.00
653.64	2865.00
653.84	2902.00
654.03	2930.00
654.22	2811.00
654.42	2796.00
654.61	2856.00
654.80	2845.00
654.99	2893.00
655.19	2978.00
655.38	2970.00
655.57	2916.00
655.77	2888.00
655.96	2919.00
656.15	2867.00
656.35	2899.00
656.54	2948.00
656.73	3036.00
656.93	2975.00
657.12	2930.00
657.31	2944.00
657.51	2832.00
657.70	2812.00
657.89	2925.00
658.09	2871.00
658.28	2898.00
658.47	2948.00
658.66	2858.00
658.86	2862.00
659.05	2908.00
659.24	2939.00
659.44	3026.00
659.63	3019.00
659.82	2983.00
660.02	2862.00
660.21	2861.00
660.40	2957.00
660.60	2911.00
660.79	2863.00
660.98	2879.00
661.17	2842.00
661.37	2918.00
661.56	2840.00
661.75	2931.00
661.95	2990.00
662.14	2903.00
662.33	2907.00
662.52	2970.00
662.72	2911.00
662.91	2871.00
663.10	2864.00
663.30	2912.00
663.49	2863.00
663.68	2876.00
663.88	2901.00
664.07	2816.00
664.26	2808.00
664.45	2786.00
664.65	2758.00
664.84	2743.00
665.03	2738.00
665.23	2800.00
665.42	2755.00
665.61	2803.00
665.80	2789.00
666.00	2755.00
666.19	2760.00
666.38	2749.00
666.57	2718.00
666.77	2744.00
666.96	2644.00
667.15	2698.00
667.35	2738.00
667.54	2739.00
667.73	2790.00
667.92	2804.00
668.12	2861.00
668.31	2823.00
668.50	2736.00
668.70	2595.00
668.89	2614.00
669.08	2669.00
669.27	2660.00
669.47	2658.00
669.66	2592.00
669.85	2629.00
670.04	2667.00
670.24	2614.00
670.43	2635.00
670.62	2716.00
670.81	2667.00
671.01	2652.00
671.20	2605.00
671.39	2600.00
671.58	2642.00
671.78	2691.00
671.97	2668.00
672.16	2606.00
672.36	2586.00
672.55	2547.00
672.74	2572.00
672.93	2602.00
673.13	2501.00
673.32	2627.00
673.51	2587.00
673.70	2524.00
673.90	2581.00
674.09	2625.00
674.28	2535.00
674.47	2582.00
674.67	2574.00
674.86	2639.00
675.05	2503.00
675.24	2509.00
675.44	2569.00
675.63	2583.00
675.82	2554.00
676.01	2600.00
676.21	2584.00
676.40	2576.00
676.59	2453.00
676.78	2471.00
676.97	2498.00
677.17	2424.00
677.36	2436.00
677.55	2413.00
677.74	2513.00
677.94	2619.00
678.13	2588.00
678.32	2526.00
678.51	2493.00
678.71	2469.00
678.90	2555.00
679.09	2538.00
679.28	2515.00
679.48	2591.00
679.67	2476.00
679.86	2538.00
680.05	2547.00
680.24	2511.00
680.44	2411.00
680.63	2446.00
680.82	2495.00
681.01	2475.00
681.21	2482.00
681.40	2473.00
681.59	2429.00
681.78	2417.00
681.97	2385.00
682.17	2417.00
682.36	2451.00
682.55	2391.00
682.74	2352.00
682.94	2407.00
683.13	2441.00
683.32	2389.00
683.51	2418.00
683.70	2462.00
683.90	2446.00
684.09	2391.00
684.28	2368.00
684.47	2333.00
684.66	2339.00
684.86	2363.00
685.05	2482.00
685.24	2396.00
685.43	2344.00
685.63	2312.00
685.82	2352.00
686.01	2407.00
686.20	2428.00
686.39	2392.00
686.59	2366.00
686.78	2382.00
686.97	2335.00
687.16	2346.00
687.35	2326.00
687.55	2275.00
687.74	2365.00
687.93	2437.00
688.12	2451.00
688.31	2421.00
688.51	2390.00
688.70	2443.00
688.89	2408.00
689.08	2427.00
689.27	2385.00
689.47	2299.00
689.66	2301.00
689.85	2362.00
690.04	2440.00
690.23	2377.00
690.42	2372.00
690.62	2332.00
690.81	2357.00
691.00	2382.00
691.19	2371.00
691.38	2388.00
691.58	2476.00
691.77	2410.00
691.96	2325.00
692.15	2335.00
692.34	2282.00
692.54	2356.00
692.73	2369.00
692.92	2404.00
693.11	2481.00
693.30	2443.00
693.49	2464.00
693.69	2475.00
693.88	2460.00
694.07	2359.00
694.26	2369.00
694.45	2350.00
694.64	2302.00
694.84	2376.00
695.03	2338.00
695.22	2302.00
695.41	2349.00
695.60	2467.00
695.80	2398.00
695.99	2319.00
696.18	2467.00
696.37	2467.00
696.56	2396.00
696.75	2421.00
696.95	2444.00
697.14	2486.00
697.33	2489.00
697.52	2436.00
697.71	2444.00
697.90	2458.00
698.09	2509.00
698.29	2505.00
698.48	2520.00
698.67	2406.00
698.86	2471.00
699.05	2485.00
699.24	2504.00
699.44	2432.00
699.63	2449.00
699.82	2451.00
700.01	2468.00
700.20	2502.00
700.39	2488.00
700.58	2365.00
700.78	2411.00
700.97	2548.00
701.16	2509.00
701.35	2454.00
701.54	2418.00
701.73	2536.00
701.93	2570.00
702.12	2527.00
702.31	2575.00
702.50	2591.00
702.69	2626.00
702.88	2683.00
703.07	2658.00
703.27	2655.00
703.46	2598.00
703.65	2647.00
703.84	2646.00
704.03	2647.00
704.22	2548.00
704.41	2587.00
704.60	2519.00
704.80	2515.00
704.99	2549.00
705.18	2548.00
705.37	2622.00
705.56	2631.00
705.75	2598.00
705.94	2641.00
706.14	2672.00
706.33	2759.00
706.52	2727.00
706.71	2645.00
706.90	2687.00
707.09	2774.00
707.28	2785.00
707.47	2819.00
707.67	2833.00
707.86	2877.00
708.05	2927.00
708.24	3029.00
708.43	3001.00
708.62	2907.00
708.81	2888.00
709.00	2885.00
709.20	2990.00
709.39	3029.00
709.58	2919.00
709.77	2944.00
709.96	2942.00
710.15	2913.00
710.34	2833.00
710.53	2881.00
710.72	2824.00
710.92	2871.00
711.11	2908.00
711.30	2827.00
711.49	2820.00
711.68	2896.00
711.87	3013.00
712.06	2974.00
712.25	2924.00
712.44	2970.00
712.64	3022.00
712.83	2996.00
713.02	3081.00
713.21	3142.00
713.40	3097.00
713.59	3081.00
713.78	3070.00
713.97	3066.00
714.16	3057.00
714.35	3066.00
714.55	3063.00
714.74	2981.00
714.93	2931.00
715.12	3008.00
715.31	3061.00
715.50	3045.00
715.69	3123.00
715.88	3084.00
716.07	2992.00
716.26	3038.00
716.45	3044.00
716.65	3017.00
716.84	3080.00
717.03	3116.00
717.22	3025.00
717.41	3048.00
717.60	3053.00
717.79	3046.00
717.98	3176.00
718.17	3129.00
718.36	3074.00
718.55	3104.00
718.75	3191.00
718.94	3154.00
719.13	3185.00
719.32	3281.00
719.51	3206.00
719.70	3112.00
719.89	3129.00
720.08	3137.00
720.27	3027.00
720.46	3187.00
720.65	3200.00
720.84	3139.00
721.03	3150.00
721.22	3156.00
721.42	3124.00
721.61	3152.00
721.80	3193.00
721.99	3253.00
722.18	3236.00
722.37	3130.00
722.56	3124.00
722.75	3148.00
722.94	3146.00
723.13	3132.00
723.32	3193.00
723.51	3114.00
723.70	3080.00
723.89	3095.00
724.08	3236.00
724.28	3237.00
724.47	3125.00
724.66	3118.00
724.85	3145.00
725.04	3182.00
725.23	3151.00
725.42	3132.00
725.61	3191.00
725.80	3230.00
725.99	3253.00
726.18	3197.00
726.37	3208.00
726.56	3217.00
726.75	3213.00
726.94	3248.00
727.13	3224.00
727.32	3184.00
727.51	3183.00
727.71	3172.00
727.90	3144.00
728.09	3140.00
728.28	3142.00
728.47	3109.00
728.66	3182.00
728.85	3174.00
729.04	3202.00
729.23	3149.00
729.42	3057.00
729.61	3117.00
729.80	3171.00
729.99	3099.00
730.18	3097.00
730.37	3126.00
730.56	3150.00
730.75	3086.00
730.94	3152.00
731.13	3212.00
731.32	3215.00
731.51	3157.00
731.70	3079.00
731.89	3104.00
732.08	3152.00
732.27	3125.00
732.46	3150.00
732.65	3185.00
732.84	3142.00
733.04	3152.00
733.23	3197.00
733.42	3223.00
733.61	3219.00
733.80	3193.00
733.99	3098.00
734.18	3164.00
734.37	3132.00
734.56	3069.00
734.75	3069.00
734.94	3121.00
735.13	3082.00
735.32	3062.00
735.51	3151.00
735.70	3105.00
735.89	2913.00
736.08	2933.00
736.27	3089.00
736.46	3124.00
736.65	3050.00
736.84	2977.00
737.03	2949.00
737.22	2966.00
737.41	2882.00
737.60	2971.00
737.79	3067.00
737.98	3050.00
738.17	3061.00
738.36	3101.00
738.55	3013.00
738.74	2975.00
738.93	3023.00
739.12	3009.00
739.31	3055.00
739.50	3049.00
739.69	3142.00
739.88	3119.00
740.07	3037.00
740.26	2914.00
740.45	2952.00
740.64	3039.00
740.83	2965.00
741.02	2918.00
741.21	2883.00
741.40	2792.00
741.59	2917.00
741.78	2998.00
741.97	2881.00
742.16	2752.00
742.35	2772.00
742.54	2812.00
742.73	2805.00
742.92	2814.00
743.11	2856.00
743.30	2812.00
743.49	2760.00
743.68	2722.00
743.87	2803.00
744.06	2786.00
744.25	2708.00
744.44	2700.00
744.63	2703.00
744.82	2818.00
745.01	2851.00
745.20	2794.00
745.39	2722.00
745.58	2795.00
745.77	2849.00
745.96	2821.00
746.15	2747.00
746.34	2765.00
746.52	2790.00
746.71	2703.00
746.90	2765.00
747.09	2734.00
747.28	2632.00
747.47	2649.00
747.66	2714.00
747.85	2734.00
748.04	2703.00
748.23	2654.00
748.42	2630.00
748.61	2619.00
748.80	2663.00
748.99	2674.00
749.18	2611.00
749.37	2547.00
749.56	2588.00
749.75	2586.00
749.94	2589.00
750.13	2589.00
750.32	2536.00
750.51	2514.00
750.70	2537.00
750.89	2608.00
751.08	2556.00
751.27	2464.00
751.46	2415.00
751.64	2480.00
751.83	2500.00
752.02	2538.00
752.21	2496.00
752.40	2456.00
752.59	2496.00
752.78	2464.00
752.97	2435.00
753.16	2444.00
753.35	2454.00
753.54	2492.00
753.73	2494.00
753.92	2459.00
754.11	2460.00
754.30	2491.00
754.49	2402.00
754.68	2437.00
754.87	2500.00
755.06	2416.00
755.24	2442.00
755.43	2357.00
755.62	2387.00
755.81	2368.00
756.00	2488.00
756.19	2455.00
756.38	2484.00
756.57	2468.00
756.76	2390.00
756.95	2356.00
757.14	2361.00
757.33	2304.00
757.52	2378.00
757.71	2411.00
757.90	2390.00
758.08	2279.00
758.27	2220.00
758.46	2267.00
758.65	2319.00
758.84	2311.00
759.03	2331.00
759.22	2334.00
759.41	2245.00
759.60	2217.00
759.79	2171.00
759.98	2262.00
760.17	2387.00
760.36	2318.00
760.54	2296.00
760.73	2392.00
760.92	2389.00
761.11	2300.00
761.30	2217.00
761.49	2118.00
761.68	2098.00
761.87	2092.00
762.06	2098.00
762.25	2155.00
762.44	2205.00
762.63	2051.00
762.81	2024.00
763.00	2141.00
763.19	2098.00
763.38	1987.00
763.57	2002.00
763.76	1980.00
763.95	1879.00
764.14	1929.00
764.33	1928.00
764.52	1987.00
764.71	2014.00
764.89	1937.00
765.08	1897.00
765.27	1936.00
765.46	1963.00
765.65	1953.00
765.84	1958.00
766.03	2007.00
766.22	1984.00
766.41	2025.00
766.59	2027.00
766.78	2125.00
766.97	2123.00
767.16	2100.00
767.35	2103.00
767.54	2075.00
767.73	2039.00
767.92	2146.00
768.11	2202.00
768.30	2203.00
768.48	2192.00
768.67	2184.00
768.86	2195.00
769.05	2255.00
769.24	2160.00
769.43	2138.00
769.62	2206.00
769.81	2168.00
769.99	2162.00
770.18	2192.00
770.37	2167.00
770.56	2155.00
770.75	2124.00
770.94	2131.00
771.13	2158.00
771.32	2199.00
771.50	2200.00
771.69	2192.00
771.88	2179.00
772.07	2161.00
772.26	2191.00
772.45	2124.00
772.64	2154.00
772.83	2098.00
773.01	2120.00
773.20	2211.00
773.39	2196.00
773.58	2135.00
773.77	2089.00
773.96	2176.00
774.15	2224.00
774.34	2138.00
774.52	2091.00
774.71	2151.00
774.90	2148.00
775.09	2108.00
775.28	2045.00
775.47	2083.00
775.66	2141.00
775.84	2134.00
776.03	2210.00
776.22	2183.00
776.41	2055.00
776.60	2039.00
776.79	2071.00
776.98	2075.00
777.16	2076.00
777.35	2081.00
777.54	2070.00
777.73	2107.00
777.92	2214.00
778.11	2164.00
778.29	2147.00
778.48	2039.00
778.67	2001.00
778.86	2067.00
779.05	2062.00
779.24	2047.00
779.43	2080.00
779.61	2155.00
779.80	2153.00
779.99	2147.00
780.18	2183.00
780.37	2154.00
780.56	2185.00
780.74	2119.00
780.93	2082.00
781.12	2090.00
781.31	2123.00
781.50	2124.00
781.69	2177.00
781.87	2171.00
782.06	2183.00
782.25	2158.00
782.44	2160.00
782.63	2117.00
782.82	2077.00
783.00	2164.00
783.19	2209.00
783.38	2160.00
783.57	2177.00
783.76	2137.00
783.95	2100.00
784.13	2037.00
784.32	2066.00
784.51	2107.00
784.70	2108.00
784.89	2090.00
785.08	2176.00
785.26	2213.00
785.45	2158.00
785.64	2058.00
785.83	2137.00
786.02	2234.00
786.20	2141.00
786.39	2179.00
786.58	2219.00
786.77	2206.00
786.96	2243.00
787.15	2224.00
787.33	2304.00
787.52	2247.00
787.71	2157.00
787.90	2150.00
788.09	2244.00
788.27	2222.00
788.46	2201.00
788.65	2137.00
788.84	2215.00
789.03	2244.00
789.21	2301.00
789.40	2243.00
789.59	2176.00
789.78	2198.00
789.97	2198.00
790.15	2268.00
790.34	2199.00
790.53	2252.00
790.72	2251.00
790.91	2299.00
791.09	2280.00
791.28	2255.00
791.47	2262.00
791.66	2210.00
791.85	2261.00
792.03	2306.00
792.22	2291.00
792.41	2325.00
792.60	2321.00
792.79	2305.00
792.97	2239.00
793.16	2285.00
793.35	2348.00
793.54	2318.00
793.72	2332.00
793.91	2385.00
794.10	2383.00
794.29	2348.00
794.48	2351.00
794.66	2390.00
794.85	2415.00
795.04	2328.00
795.23	2292.00
795.42	2326.00
795.60	2401.00
795.79	2390.00
795.98	2424.00
796.17	2360.00
796.35	2279.00
796.54	2170.00
796.73	2241.00
796.92	2310.00
797.11	2266.00
797.29	2242.00
797.48	2285.00
797.67	2303.00
797.86	2321.00
798.04	2317.00
798.23	2323.00
798.42	2368.00
798.61	2338.00
798.79	2301.00
798.98	2347.00
799.17	2311.00
799.36	2338.00
799.54	2319.00
799.73	2329.00
799.92	2402.00
800.11	2362.00
800.30	2279.00
800.48	2299.00
800.67	2318.00
800.86	2299.00
801.05	2385.00
801.23	2340.00
801.42	2341.00
801.61	2287.00
801.80	2373.00
801.98	2369.00
802.17	2270.00
802.36	2302.00
802.55	2361.00
802.73	2375.00
802.92	2316.00
803.11	2291.00
803.30	2341.00
803.48	2337.00
803.67	2366.00
803.86	2344.00
804.05	2328.00
804.23	2285.00
804.42	2352.00
804.61	2357.00
804.80	2384.00
804.98	2358.00
805.17	2360.00
805.36	2394.00
805.54	2450.00
805.73	2440.00
805.92	2403.00
806.11	2352.00
806.29	2435.00
806.48	2489.00
806.67	2418.00
806.86	2439.00
807.04	2438.00
807.23	2370.00
807.42	2370.00
807.61	2387.00
807.79	2379.00
807.98	2363.00
808.17	2431.00
808.35	2401.00
808.54	2392.00
808.73	2415.00
808.92	2465.00
809.10	2358.00
809.29	2359.00
809.48	2342.00
809.67	2288.00
809.85	2400.00
810.04	2399.00
810.23	2446.00
810.41	2429.00
810.60	2422.00
810.79	2390.00
810.98	2406.00
811.16	2407.00
811.35	2252.00
811.54	2337.00
811.72	2421.00
811.91	2357.00
812.10	2401.00
812.29	2368.00
812.47	2332.00
812.66	2419.00
812.85	2428.00
813.03	2386.00
813.22	2334.00
813.41	2352.00
813.60	2333.00
813.78	2330.00
813.97	2331.00
814.16	2271.00
814.34	2362.00
814.53	2409.00
814.72	2453.00
814.90	2376.00
815.09	2321.00
815.28	2313.00
815.47	2398.00
815.65	2425.00
815.84	2376.00
816.03	2355.00
816.21	2372.00
816.40	2449.00
816.59	2439.00
816.77	2338.00
816.96	2332.00
817.15	2318.00
817.33	2273.00
817.52	2308.00
817.71	2389.00
817.90	2364.00
818.08	2407.00
818.27	2484.00
818.46	2536.00
818.64	2464.00
818.83	2316.00
819.02	2290.00
819.20	2346.00
819.39	2450.00
819.58	2470.00
819.76	2408.00
819.95	2363.00
820.14	2333.00
820.32	2329.00
820.51	2367.00
820.70	2400.00
820.88	2378.00
821.07	2353.00
821.26	2365.00
821.44	2363.00
821.63	2352.00
821.82	2287.00
822.01	2347.00
822.19	2483.00
822.38	2375.00
822.57	2364.00
822.75	2389.00
822.94	2452.00
823.13	2422.00
823.31	2462.00
823.50	2494.00
823.69	2432.00
823.87	2362.00
824.06	2403.00
824.25	2373.00
824.43	2321.00
824.62	2334.00
824.80	2393.00
824.99	2311.00
825.18	2328.00
825.36	2417.00
825.55	2381.00
825.74	2293.00
825.92	2304.00
826.11	2342.00
826.30	2315.00
826.48	2330.00
826.67	2357.00
826.86	2308.00
827.04	2259.00
827.23	2346.00
827.42	2327.00
827.60	2306.00
827.79	2334.00
827.98	2232.00
828.16	2113.00
828.35	2159.00
828.54	2261.00
828.72	2211.00
828.91	2226.00
829.09	2222.00
829.28	2134.00
829.47	2280.00
829.65	2316.00
829.84	2255.00
830.03	2211.00
830.21	2241.00
830.40	2270.00
830.59	2278.00
830.77	2201.00
830.96	2205.00
831.14	2203.00
831.33	2225.00
831.52	2229.00
831.70	2233.00
831.89	2192.00
832.08	2193.00
832.26	2259.00
832.45	2175.00
832.64	2179.00
832.82	2188.00
833.01	2195.00
833.19	2227.00
833.38	2221.00
833.57	2170.00
833.75	2162.00
833.94	2217.00
834.13	2223.00
834.31	2175.00
834.50	2093.00
834.68	2101.00
834.87	2164.00
835.06	2227.00
835.24	2177.00
835.43	2120.00
835.61	2138.00
835.80	2132.00
835.99	2137.00
836.17	2228.00
836.36	2212.00
836.55	2179.00
836.73	2158.00
836.92	2041.00
837.10	2064.00
837.29	2134.00
837.48	2127.00
837.66	2111.00
837.85	2151.00
838.03	2182.00
838.22	2115.00
838.41	2103.00
838.59	2132.00
838.78	2042.00
838.96	2039.00
839.15	2090.00
839.34	2136.00
839.52	2172.00
839.71	2091.00
839.89	2059.00
840.08	2121.00
840.27	2106.00
840.45	2080.00
840.64	2100.00
840.82	2122.00
841.01	2079.00
841.20	2043.00
841.38	2020.00
841.57	1984.00
841.75	1987.00
841.94	2023.00
842.13	1991.00
842.31	2060.00
842.50	2104.00
842.68	2094.00
842.87	2053.00
843.05	2030.00
843.24	1978.00
843.43	2018.00
843.61	2071.00
843.80	1985.00
843.98	2023.00
844.17	1985.00
844.36	1927.00
844.54	1871.00
844.73	1815.00
844.91	1888.00
845.10	1939.00
845.28	1957.00
845.47	1966.00
845.66	1961.00
845.84	1942.00
846.03	1949.00
846.21	1885.00
846.40	1899.00
846.58	1939.00
846.77	1899.00
846.96	1873.00
847.14	1890.00
847.33	1932.00
847.51	1935.00
847.70	1923.00
847.88	1947.00
848.07	1889.00
848.25	1888.00
848.44	1856.00
848.63	1892.00
848.81	1860.00
849.00	1817.00
849.18	1858.00
849.37	1908.00
849.55	1890.00
849.74	1876.00
849.93	1849.00
850.11	1861.00
850.30	1846.00
850.48	1775.00
850.67	1784.00
850.85	1814.00
851.04	1794.00
851.22	1735.00
851.41	1833.00
851.59	1846.00
851.78	1851.00
851.97	1793.00
852.15	1742.00
852.34	1797.00
852.52	1845.00
852.71	1821.00
852.89	1848.00
853.08	1843.00
853.26	1786.00
853.45	1720.00
853.63	1755.00
853.82	1798.00
854.01	1667.00
854.19	1695.00
854.38	1762.00
854.56	1782.00
854.75	1843.00
854.93	1860.00
855.12	1773.00
855.30	1765.00
855.49	1743.00
855.67	1756.00
855.86	1778.00
856.04	1798.00
856.23	1824.00
856.41	1822.00
856.60	1752.00
856.79	1647.00
856.97	1729.00
857.16	1818.00
857.34	1753.00
857.53	1756.00
857.71	1746.00
857.90	1664.00
858.08	1619.00
858.27	1702.00
858.45	1696.00
858.64	1645.00
858.82	1662.00
859.01	1690.00
859.19	1699.00
859.38	1764.00
859.56	1737.00
859.75	1597.00
859.93	1605.00
860.12	1607.00
860.30	1672.00
860.49	1660.00
860.67	1698.00
860.86	1747.00
861.04	1595.00
861.23	1610.00
861.41	1640.00
861.60	1633.00
861.78	1692.00
861.97	1739.00
862.15	1691.00
862.34	1652.00
862.53	1556.00
862.71	1590.00
862.90	1604.00
863.08	1622.00
863.27	1568.00
863.45	1582.00
863.64	1629.00
863.82	1634.00
864.01	1651.00
864.19	1598.00
864.37	1585.00
864.56	1559.00
864.74	1559.00
864.93	1575.00
865.11	1529.00
865.30	1552.00
865.48	1589.00
865.67	1558.00
865.85	1506.00
866.04	1533.00
866.22	1496.00
866.41	1596.00
866.59	1621.00
866.78	1541.00
866.96	1492.00
867.15	1478.00
867.33	1554.00
867.52	1574.00
867.70	1461.00
867.89	1470.00
868.07	1525.00
868.26	1539.00
868.44	1423.00
868.63	1400.00
868.81	1493.00
869.00	1428.00
869.18	1356.00
869.37	1409.00
869.55	1460.00
869.74	1427.00
869.92	1434.00
870.10	1448.00
870.29	1430.00
870.47	1394.00
870.66	1448.00
870.84	1507.00
871.03	1504.00
871.21	1439.00
871.40	1393.00
871.58	1454.00
871.77	1435.00
871.95	1444.00
872.14	1487.00
872.32	1464.00
872.51	1415.00
872.69	1465.00
872.87	1470.00
873.06	1333.00
873.24	1352.00
873.43	1386.00
873.61	1392.00
873.80	1369.00
873.98	1375.00
874.17	1436.00
874.35	1403.00
874.54	1432.00
874.72	1316.00
874.90	1343.00
875.09	1318.00
875.27	1359.00
875.46	1394.00
875.64	1314.00
875.83	1340.00
876.01	1309.00
876.20	1361.00
876.38	1413.00
876.56	1347.00
876.75	1362.00
876.93	1358.00
877.12	1334.00
877.30	1359.00
877.49	1404.00
877.67	1333.00
877.86	1351.00
878.04	1283.00
878.22	1284.00
878.41	1366.00
878.59	1435.00
878.78	1416.00
878.96	1434.00
879.15	1342.00
879.33	1295.00
879.51	1349.00
879.70	1408.00
879.88	1399.00
880.07	1347.00
880.25	1309.00
880.44	1409.00
880.62	1432.00
880.80	1351.00
880.99	1337.00
881.17	1385.00
881.36	1341.00
881.54	1326.00
881.73	1327.00
881.91	1300.00
882.09	1273.00
882.28	1191.00
882.46	1309.00
882.65	1350.00
882.83	1292.00
883.02	1320.00
883.20	1323.00
883.38	1289.00
883.57	1309.00
883.75	1354.00
883.94	1268.00
884.12	1284.00
884.30	1277.00
884.49	1320.00
884.67	1313.00
884.86	1356.00
885.04	1298.00
885.22	1219.00
885.41	1292.00
885.59	1327.00
885.78	1318.00
885.96	1281.00
886.14	1283.00
886.33	1274.00
886.51	1201.00
886.70	1145.00
886.88	1259.00
887.06	1279.00
887.25	1279.00
887.43	1277.00
887.62	1247.00
887.80	1251.00
887.98	1325.00
888.17	1307.00
888.35	1233.00
888.54	1288.00
888.72	1335.00
888.90	1283.00
889.09	1282.00
889.27	1264.00
889.46	1308.00
889.64	1319.00
889.82	1301.00
890.01	1191.00
890.19	1180.00
890.38	1296.00
890.56	1272.00
890.74	1224.00
890.93	1243.00
891.11	1336.00
891.29	1284.00
891.48	1224.00
891.66	1274.00
891.85	1204.00
892.03	1212.00
892.21	1244.00
892.40	1302.00
892.58	1339.00
892.76	1254.00
892.95	1234.00
893.13	1206.00
893.32	1245.00
893.50	1295.00
893.68	1285.00
893.87	1255.00
894.05	1219.00
894.23	1167.00
894.42	1219.00
894.60	1295.00
894.79	1304.00
894.97	1249.00
895.15	1252.00
895.34	1284.00
895.52	1293.00
895.70	1282.00
895.89	1212.00
896.07	1316.00
896.25	1382.00
896.44	1238.00
896.62	1235.00
896.81	1206.00
896.99	1244.00
897.17	1219.00
897.36	1193.00
897.54	1337.00
897.72	1357.00
897.91	1254.00
898.09	1272.00
898.27	1394.00
898.46	1368.00
898.64	1272.00
898.82	1293.00
899.01	1288.00
899.19	1317.00
899.37	1352.00
899.56	1288.00
899.74	1234.00
899.92	1324.00
900.11	1363.00
900.29	1376.00
900.47	1382.00
900.66	1321.00
900.84	1316.00
901.03	1298.00
901.21	1298.00
901.39	1277.00
901.58	1333.00
901.76	1368.00
901.94	1295.00
902.13	1297.00
902.31	1423.00
902.49	1366.00
902.68	1364.00
902.86	1403.00
903.04	1412.00
903.23	1389.00
903.41	1391.00
903.59	1336.00
903.78	1357.00
903.96	1420.00
904.14	1423.00
904.32	1382.00
904.51	1390.00
904.69	1422.00
904.87	1428.00
905.06	1384.00
905.24	1337.00
905.42	1385.00
905.61	1383.00
905.79	1390.00
905.97	1268.00
906.16	1292.00
906.34	1353.00
906.52	1337.00
906.71	1377.00
906.89	1408.00
907.07	1430.00
907.26	1461.00
907.44	1394.00
907.62	1400.00
907.81	1366.00
907.99	1383.00
908.17	1369.00
908.35	1407.00
908.54	1398.00
908.72	1453.00
908.90	1426.00
909.09	1446.00
909.27	1451.00
909.45	1387.00
909.64	1405.00
909.82	1423.00
910.00	1439.00
910.18	1447.00
910.37	1471.00
910.55	1367.00
910.73	1409.00
910.92	1413.00
911.10	1393.00
911.28	1406.00
911.47	1390.00
911.65	1394.00
911.83	1321.00
912.01	1343.00
912.20	1349.00
912.38	1347.00
912.56	1357.00
912.75	1422.00
912.93	1375.00
913.11	1396.00
913.29	1372.00
913.48	1339.00
913.66	1405.00
913.84	1416.00
914.03	1396.00
914.21	1364.00
914.39	1254.00
914.57	1350.00
914.76	1402.00
914.94	1358.00
915.12	1342.00
915.31	1317.00
915.49	1365.00
915.67	1305.00
915.85	1369.00
916.04	1455.00
916.22	1385.00
916.40	1364.00
916.58	1364.00
916.77	1365.00
916.95	1412.00
917.13	1411.00
917.32	1438.00
917.50	1416.00
917.68	1343.00
917.86	1352.00
918.05	1407.00
918.23	1427.00
918.41	1394.00
918.59	1374.00
918.78	1338.00
918.96	1372.00
919.14	1356.00
919.32	1319.00
919.51	1303.00
919.69	1283.00
919.87	1356.00
920.05	1268.00
920.24	1270.00
920.42	1247.00
920.60	1245.00
920.78	1316.00
920.97	1304.00
921.15	1261.00
921.33	1255.00
921.52	1292.00
921.70	1262.00
921.88	1286.00
922.06	1291.00
922.24	1220.00
922.43	1286.00
922.61	1315.00
922.79	1307.00
922.97	1286.00
923.16	1286.00
923.34	1279.00
923.52	1265.00
923.70	1277.00
923.89	1211.00
924.07	1145.00
924.25	1255.00
924.43	1195.00
924.62	1207.00
924.80	1250.00
924.98	1193.00
925.16	1158.00
925.35	1235.00
925.53	1260.00
925.71	1277.00
925.89	1171.00
926.08	1147.00
926.26	1182.00
926.44	1292.00
926.62	1246.00
926.80	1179.00
926.99	1168.00
927.17	1225.00
927.35	1208.00
927.53	1187.00
927.72	1175.00
927.90	1070.00
928.08	1072.00
928.26	1182.00
928.44	1182.00
928.63	1206.00
928.81	1163.00
928.99	1160.00
929.17	1171.00
929.36	1139.00
929.54	1151.00
929.72	1201.00
929.90	1142.00
930.08	1089.00
930.27	1105.00
930.45	1137.00
930.63	1087.00
930.81	1083.00
930.99	1120.00
931.18	1077.00
931.36	1143.00
931.54	1139.00
931.72	1144.00
931.90	1114.00
932.09	1111.00
932.27	1105.00
932.45	1144.00
932.63	1142.00
932.81	1061.00
933.00	1058.00
933.18	1117.00
933.36	1080.00
933.54	1005.00
933.72	1064.00
933.91	1007.00
934.09	1042.00
934.27	1000.00
934.45	993.00
934.63	1026.00
934.82	978.00
935.00	899.00
935.18	900.00
935.36	982.00
935.54	1009.00
935.73	927.00
935.91	939.00
936.09	908.00
936.27	887.00
936.45	846.00
936.64	873.00
936.82	838.00
937.00	850.00
937.18	827.00
937.36	793.00
937.54	787.00
937.73	799.00
937.91	799.00
938.09	743.00
938.27	724.00
938.45	740.00
938.63	732.00
938.82	690.00
939.00	634.00
939.18	658.00
939.36	688.00
939.54	698.00
939.73	745.00
939.91	711.00
940.09	649.00
940.27	716.00
940.45	683.00
940.63	677.00
940.82	707.00
941.00	684.00
941.18	676.00
941.36	593.00
941.54	653.00
941.72	610.00
941.91	572.00
942.09	548.00
942.27	605.00
942.45	573.00
942.63	583.00
942.81	510.00
942.99	514.00
943.18	526.00
943.36	574.00
943.54	572.00
943.72	497.00
943.90	537.00
944.08	595.00
944.27	521.00
944.45	560.00
944.63	538.00
944.81	571.00
944.99	549.00
945.17	555.00
945.35	506.00
945.54	551.00
945.72	554.00
945.90	551.00
946.08	553.00
946.26	525.00
946.44	519.00
946.62	559.00
946.81	669.00
946.99	637.00
947.17	599.00
947.35	564.00
947.53	534.00
947.71	561.00
947.89	545.00
948.07	547.00
948.26	510.00
948.44	573.00
948.62	511.00
948.80	578.00
948.98	577.00
949.16	571.00
949.34	541.00
949.53	500.00
949.71	565.00
949.89	585.00
950.07	552.00
950.25	551.00
950.43	582.00
950.61	550.00
950.79	548.00
950.98	566.00
951.16	566.00
951.34	513.00
951.52	489.00
951.70	544.00
951.88	581.00
952.06	555.00
952.24	501.00
952.42	582.00
952.61	566.00
952.79	564.00
952.97	580.00
953.15	600.00
953.33	547.00
953.51	583.00
953.69	596.00
953.87	522.00
954.05	548.00
954.24	636.00
954.42	521.00
954.60	526.00
954.78	571.00
954.96	540.00
955.14	544.00
955.32	501.00
955.50	531.00
955.68	526.00
955.86	506.00
956.05	576.00
956.23	579.00
956.41	581.00
956.59	559.00
956.77	591.00
956.95	570.00
957.13	490.00
957.31	569.00
957.49	555.00
957.67	552.00
957.86	547.00
958.04	515.00
958.22	504.00
958.40	469.00
958.58	550.00
958.76	545.00
958.94	499.00
959.12	530.00
959.30	466.00
959.48	541.00
959.66	542.00
959.84	513.00
960.03	557.00
960.21	621.00
960.39	537.00
960.57	481.00
960.75	464.00
960.93	401.00
961.11	507.00
961.29	572.00
961.47	507.00
961.65	462.00
961.83	506.00
962.01	528.00
962.19	556.00
962.37	486.00
962.56	475.00
962.74	525.00
962.92	514.00
963.10	444.00
963.28	487.00
963.46	468.00
963.64	476.00
963.82	551.00
964.00	528.00
964.18	549.00
964.36	528.00
964.54	516.00
964.72	585.00
964.90	480.00
965.08	434.00
965.27	512.00
965.45	492.00
965.63	489.00
965.81	518.00
965.99	423.00
966.17	426.00
966.35	436.00
966.53	423.00
966.71	423.00
966.89	412.00
967.07	481.00
967.25	462.00
967.43	474.00
967.61	528.00
967.79	468.00
967.97	468.00
968.15	467.00
968.33	471.00
968.51	448.00
968.69	450.00
968.87	496.00
969.06	446.00
969.24	411.00
969.42	500.00
969.60	479.00
969.78	446.00
969.96	433.00
970.14	441.00
970.32	454.00
970.50	436.00
970.68	431.00
970.86	412.00
971.04	436.00
971.22	473.00
971.40	474.00
971.58	465.00
971.76	494.00
971.94	502.00
972.12	467.00
972.30	435.00
972.48	408.00
972.66	435.00
972.84	431.00
973.02	394.00
973.20	427.00
973.38	460.00
973.56	465.00
973.74	449.00
973.92	419.00
974.10	416.00
974.28	420.00
974.46	449.00
974.64	402.00
974.82	398.00
975.00	408.00
975.18	372.00
975.36	386.00
975.54	391.00
975.72	383.00
975.90	372.00
976.08	400.00
976.26	457.00
976.44	394.00
976.62	406.00
976.80	360.00
976.98	334.00
977.16	382.00
977.34	341.00
977.52	415.00
977.70	428.00
977.88	453.00
978.06	419.00
978.24	363.00
978.42	404.00
978.60	378.00
978.78	398.00
978.96	403.00
979.14	406.00
979.32	416.00
979.50	409.00
979.68	385.00
979.86	438.00
980.04	429.00
980.22	348.00
980.40	386.00
980.58	434.00
980.76	405.00
980.94	368.00
981.12	356.00
981.30	357.00
981.48	347.00
981.66	322.00
981.84	358.00
982.02	350.00
982.20	369.00
982.38	383.00
982.56	327.00
982.74	325.00
982.92	357.00
983.10	372.00
983.28	390.00
983.46	352.00
983.64	309.00
983.82	322.00
984.00	364.00
984.18	391.00
984.36	336.00
984.54	311.00
984.72	351.00
984.90	306.00
985.08	358.00
985.26	354.00
985.44	379.00
985.62	370.00
985.80	377.00
985.98	351.00
986.16	315.00
986.34	295.00
986.51	319.00
986.69	374.00
986.87	336.00
987.05	367.00
987.23	367.00
987.41	335.00
987.59	313.00
987.77	312.00
987.95	276.00
988.13	310.00
988.31	434.00
988.49	391.00
988.67	360.00
988.85	326.00
989.03	345.00
989.21	355.00
989.39	313.00
989.57	316.00
989.75	381.00
989.93	374.00
990.11	393.00
990.28	322.00
990.46	282.00
990.64	307.00
990.82	313.00
991.00	338.00
991.18	311.00
991.36	281.00
991.54	314.00
991.72	319.00
991.90	317.00
992.08	327.00
992.26	318.00
992.44	325.00
992.62	294.00
992.80	308.00
992.98	318.00
993.15	323.00
993.33	339.00
993.51	313.00
993.69	296.00
993.87	329.00
994.05	325.00
994.23	323.00
994.41	292.00
994.59	296.00
994.77	271.00
994.95	260.00
995.13	274.00
995.31	298.00
995.48	280.00
995.66	258.00
995.84	284.00
996.02	329.00
996.20	281.00
996.38	266.00
996.56	305.00
996.74	286.00
996.92	323.00
997.10	349.00
997.28	347.00
997.46	351.00
997.63	293.00
997.81	244.00
997.99	284.00
998.17	309.00
998.35	273.00
998.53	319.00
998.71	268.00
998.89	264.00
999.07	290.00
999.25	339.00
999.43	376.00
999.60	292.00
999.78	266.00
999.96	271.00
1000.14	293.00
1000.32	238.00
1000.50	244.00
1000.68	247.00
1000.86	247.00
1001.04	294.00
1001.21	285.00
1001.39	254.00
1001.57	302.00
1001.75	325.00
1001.93	299.00
1002.11	286.00
1002.29	323.00
1002.47	299.00
1002.65	225.00
1002.82	209.00
1003.00	241.00
1003.18	211.00
1003.36	272.00
1003.54	298.00
1003.72	303.00
1003.90	281.00
1004.08	221.00
1004.26	244.00
1004.43	215.00
1004.61	220.00
1004.79	247.00
1004.97	238.00
1005.15	296.00
1005.33	295.00
1005.51	264.00
1005.69	258.00
1005.86	223.00
1006.04	216.00
1006.22	248.00
1006.40	270.00
1006.58	285.00
1006.76	220.00
1006.94	254.00
1007.12	214.00
1007.29	271.00
1007.47	235.00
1007.65	214.00
1007.83	215.00
1008.01	231.00
1008.19	211.00
1008.37	208.00
1008.54	219.00
1008.72	183.00
1008.90	287.00
1009.08	236.00
1009.26	204.00
1009.44	258.00
1009.62	222.00
1009.79	256.00
1009.97	296.00
1010.15	254.00
1010.33	275.00
1010.51	245.00
1010.69	260.00
1010.87	252.00
1011.04	235.00
1011.22	217.00
1011.40	173.00
1011.58	160.00
1011.76	176.00
1011.94	230.00
1012.11	191.00
1012.29	189.00
1012.47	242.00
1012.65	256.00
1012.83	201.00
1013.01	203.00
1013.18	231.00
1013.36	291.00
1013.54	246.00
1013.72	212.00
1013.90	254.00
1014.08	252.00
1014.25	263.00
1014.43	253.00
1014.61	226.00
1014.79	229.00
1014.97	198.00
1015.15	169.00
1015.32	187.00
1015.50	293.00
1015.68	257.00
1015.86	281.00
1016.04	257.00
1016.22	261.00
1016.39	264.00
1016.57	251.00
1016.75	254.00
1016.93	231.00
1017.11	195.00
1017.29	246.00
1017.46	225.00
1017.64	239.00
1017.82	179.00
1018.00	214.00
1018.18	231.00
1018.35	201.00
1018.53	190.00
1018.71	256.00
1018.89	267.00
1019.07	231.00
1019.24	236.00
1019.42	163.00
1019.60	212.00
1019.78	250.00
1019.96	178.00
1020.14	204.00
1020.31	185.00
1020.49	120.00
1020.67	133.00
1020.85	231.00
1021.03	246.00
1021.20	204.00
1021.38	152.00
1021.56	136.00
1021.74	173.00
1021.92	215.00
1022.09	230.00
1022.27	224.00
1022.45	168.00
1022.63	201.00
1022.81	120.00
1022.98	157.00
1023.16	160.00
1023.34	134.00
1023.52	139.00
1023.69	118.00
1023.87	199.00
1024.05	192.00
1024.23	147.00
1024.41	154.00
1024.58	129.00
1024.76	106.00
1024.94	170.00
1025.12	171.00
1025.30	185.00
1025.47	246.00
1025.65	231.00
1025.83	149.00
1026.01	150.00
1026.18	167.00
1026.36	135.00
1026.54	157.00
1026.72	184.00
1026.90	265.00
1027.07	193.00
1027.25	86.00
1027.43	250.00
1027.61	250.00
1027.78	111.00
1027.96	139.00
1028.14	163.00
1028.32	161.00
1028.49	165.00
1028.67	173.00
1028.85	212.00
1029.03	204.00
1029.21	223.00
1029.38	168.00
1029.56	130.00
1029.74	186.00
1029.92	192.00
1030.09	180.00
1030.27	176.00
1030.45	137.00
1030.63	123.00
1030.80	146.00
1030.98	142.00
1031.16	138.00
1031.34	179.00
1031.51	185.00
1031.69	161.00
1031.87	217.00
1032.05	159.00
1032.22	156.00
1032.40	196.00
1032.58	200.00
1032.76	197.00
1032.93	175.00
1033.11	140.00
1033.29	140.00
1033.47	138.00
1033.64	143.00
1033.82	152.00
1034.00	158.00
1034.18	174.00
1034.35	185.00
1034.53	147.00
1034.71	182.00
1034.89	233.00
1035.06	133.00
1035.24	145.00
1035.42	225.00
1035.59	131.00
1035.77	178.00
1035.95	198.00
1036.13	167.00
1036.30	127.00
1036.48	169.00
1036.66	227.00
1036.84	165.00
1037.01	132.00
1037.19	151.00
1037.37	177.00
1037.54	189.00
1037.72	120.00
1037.90	136.00
1038.08	173.00
1038.25	111.00
1038.43	63.00
1038.61	156.00
1038.79	158.00
1038.96	158.00
1039.14	169.00
1039.32	182.00
1039.49	154.00
1039.67	195.00
1039.85	179.00
1040.03	118.00
1040.20	101.00
1040.38	99.00
1040.56	118.00
1040.73	130.00
1040.91	201.00
1041.09	148.00
1041.27	94.00
1041.44	109.00
1041.62	159.00
1041.80	135.00
1041.97	130.00
1042.15	111.00
1042.33	117.00
1042.50	163.00
1042.68	187.00
1042.86	153.00
1043.04	123.00
1043.21	160.00
1043.39	180.00
1043.57	136.00
1043.74	139.00
1043.92	176.00
1044.10	172.00
1044.27	160.00
1044.45	168.00
1044.63	195.00
1044.80	162.00
1044.98	122.00
1045.16	136.00
1045.34	88.00
1045.51	147.00
1045.69	163.00
1045.87	149.00
1046.04	140.00
1046.22	174.00
1046.40	139.00
1046.57	114.00
1046.75	134.00
1046.93	116.00
1047.10	103.00
1047.28	93.00
1047.46	97.00
1047.63	115.00
1047.81	96.00
1047.99	100.00
1048.16	111.00
1048.34	100.00
1048.52	109.00
1048.69	122.00
1048.87	102.00
1049.05	85.00
1049.22	114.00
1049.40	119.00
1049.58	125.00
1049.75	121.00
1049.93	103.00
1050.11	121.00
1050.28	54.00
1050.46	82.00
1050.64	148.00
1050.81	179.00
1050.99	83.00
1051.17	97.00
1051.34	93.00
1051.52	82.00
1051.70	83.00
1051.87	105.00
1052.05	128.00
1052.23	76.00
1052.40	81.00
1052.58	125.00
1052.76	170.00
1052.93	124.00
1053.11	60.00
1053.29	99.00
1053.46	158.00
1053.64	115.00
1053.82	110.00
1053.99	98.00
1054.17	83.00
1054.35	107.00
1054.52	99.00
1054.70	61.00
1054.87	91.00
1055.05	75.00
1055.23	102.00
1055.40	175.00
1055.58	126.00
1055.76	140.00
1055.93	126.00
1056.11	123.00
1056.29	114.00
1056.46	149.00
1056.64	90.00
1056.81	53.00
1056.99	61.00
1057.17	85.00
1057.34	70.00
1057.52	95.00
1057.70	163.00
1057.87	92.00
1058.05	124.00
1058.22	63.00
1058.40	75.00
1058.58	82.00
1058.75	40.00
1058.93	66.00
1059.11	75.00
1059.28	116.00
1059.46	177.00
1059.63	186.00
1059.81	139.00
1059.99	105.00
1060.16	70.00
1060.34	29.00
1060.52	85.00
1060.69	149.00
1060.87	144.00
1061.04	131.00
1061.22	137.00
