367.62	52.00
367.82	-26.00
368.02	30.00
368.23	57.00
368.43	24.00
368.63	-38.00
368.83	-1.00
369.04	85.00
369.24	33.00
369.44	-2.00
369.65	-3.00
369.85	46.00
370.05	87.00
370.25	81.00
370.46	31.00
370.66	40.00
370.86	23.00
371.07	-26.00
371.27	52.00
371.47	21.00
371.67	18.00
371.88	44.00
372.08	21.00
372.28	52.00
372.49	42.00
372.69	-5.00
372.89	-38.00
373.09	-72.00
373.30	6.00
373.50	121.00
373.70	21.00
373.91	-41.00
374.11	10.00
374.31	17.00
374.51	-17.00
374.72	-8.00
374.92	7.00
375.12	-3.00
375.33	-8.00
375.53	23.00
375.73	72.00
375.93	-24.00
376.14	-40.00
376.34	-12.00
376.54	-20.00
376.74	-10.00
376.95	58.00
377.15	-2.00
377.35	6.00
377.55	42.00
377.76	17.00
377.96	9.00
378.16	1.00
378.37	45.00
378.57	41.00
378.77	12.00
378.97	12.00
379.18	-14.00
379.38	-20.00
379.58	18.00
379.78	28.00
379.99	24.00
380.19	11.00
380.39	48.00
380.59	33.00
380.80	-16.00
381.00	-40.00
381.20	-6.00
381.40	-22.00
381.61	38.00
381.81	-12.00
382.01	-36.00
382.21	43.00
382.42	-29.00
382.62	-41.00
382.82	-68.00
383.02	-4.00
383.23	-27.00
383.43	-43.00
383.63	5.00
383.83	40.00
384.04	-58.00
384.24	-26.00
384.44	12.00
384.64	73.00
384.85	28.00
385.05	-11.00
385.25	-17.00
385.45	36.00
385.66	27.00
385.86	2.00
386.06	18.00
386.26	42.00
386.47	14.00
386.67	-3.00
386.87	-19.00
387.07	-47.00
387.27	-13.00
387.48	23.00
387.68	2.00
387.88	9.00
388.08	17.00
388.29	-25.00
388.49	-65.00
388.69	-53.00
388.89	44.00
389.10	3.00
389.30	-66.00
389.50	-37.00
389.70	22.00
389.90	-44.00
390.11	-66.00
390.31	-15.00
390.51	-30.00
390.71	3.00
390.92	4.00
391.12	45.00
391.32	45.00
391.52	57.00
391.72	26.00
391.93	0.00
392.13	23.00
392.33	70.00
392.53	32.00
392.74	9.00
392.94	14.00
393.14	-18.00
393.34	-37.00
393.54	-6.00
393.75	71.00
393.95	51.00
394.15	5.00
394.35	-10.00
394.56	49.00
394.76	-1.00
394.96	-30.00
395.16	17.00
395.36	67.00
395.57	-5.00
395.77	-68.00
395.97	-45.00
396.17	15.00
396.37	23.00
396.58	-12.00
396.78	24.00
396.98	100.00
397.18	66.00
397.38	12.00
397.59	30.00
397.79	118.00
397.99	28.00
398.19	1.00
398.39	-16.00
398.60	65.00
398.80	55.00
399.00	10.00
399.20	2.00
399.40	40.00
399.61	-8.00
399.81	-22.00
400.01	89.00
400.21	111.00
400.41	70.00
400.62	4.00
400.82	25.00
401.02	41.00
401.22	35.00
401.42	-13.00
401.63	10.00
401.83	32.00
402.03	46.00
402.23	60.00
402.43	52.00
402.64	-3.00
402.84	-38.00
403.04	27.00
403.24	-4.00
403.44	-22.00
403.64	-49.00
403.85	13.00
404.05	10.00
404.25	40.00
404.45	35.00
404.65	-21.00
404.86	-48.00
405.06	5.00
405.26	-14.00
405.46	-51.00
405.66	-61.00
405.86	-16.00
406.07	-15.00
406.27	39.00
406.47	3.00
406.67	18.00
406.87	28.00
407.07	21.00
407.28	30.00
407.48	-19.00
407.68	-37.00
407.88	0.00
408.08	-18.00
408.28	-33.00
408.49	64.00
408.69	77.00
408.89	18.00
409.09	41.00
409.29	32.00
409.49	-12.00
409.70	-67.00
409.90	29.00
410.10	66.00
410.30	58.00
410.50	4.00
410.70	-8.00
410.91	97.00
411.11	109.00
411.31	21.00
411.51	30.00
411.71	32.00
411.91	99.00
412.12	2.00
412.32	-6.00
412.52	-31.00
412.72	34.00
412.92	0.00
413.12	-23.00
413.32	-11.00
413.53	61.00
413.73	39.00
413.93	6.00
414.13	20.00
414.33	95.00
414.53	58.00
414.74	13.00
414.94	37.00
415.14	-2.00
415.34	9.00
415.54	9.00
415.74	-31.00
415.94	-13.00
416.15	23.00
416.35	12.00
416.55	-44.00
416.75	38.00
416.95	22.00
417.15	84.00
417.35	62.00
417.56	38.00
417.76	73.00
417.96	29.00
418.16	2.00
418.36	5.00
418.56	5.00
418.76	64.00
418.97	60.00
419.17	53.00
419.37	-24.00
419.57	12.00
419.77	30.00
419.97	18.00
420.17	15.00
420.37	-16.00
420.58	32.00
420.78	-9.00
420.98	3.00
421.18	19.00
421.38	54.00
421.58	-8.00
421.78	-8.00
421.98	16.00
422.19	111.00
422.39	83.00
422.59	64.00
422.79	-24.00
422.99	44.00
423.19	10.00
423.39	37.00
423.59	38.00
423.80	64.00
424.00	12.00
424.20	5.00
424.40	22.00
424.60	5.00
424.80	94.00
425.00	98.00
425.20	6.00
425.40	29.00
425.61	61.00
425.81	35.00
426.01	69.00
426.21	45.00
426.41	46.00
426.61	45.00
426.81	45.00
427.01	72.00
427.21	147.00
427.42	19.00
427.62	6.00
427.82	9.00
428.02	26.00
428.22	18.00
428.42	47.00
428.62	13.00
428.82	50.00
429.02	59.00
429.23	75.00
429.43	12.00
429.63	25.00
429.83	11.00
430.03	35.00
430.23	-1.00
430.43	40.00
430.63	44.00
430.83	85.00
431.03	80.00
431.24	40.00
431.44	-10.00
431.64	4.00
431.84	76.00
432.04	-18.00
432.24	-44.00
432.44	7.00
432.64	72.00
432.84	32.00
433.04	21.00
433.24	-12.00
433.45	26.00
433.65	-20.00
433.85	-54.00
434.05	-62.00
434.25	12.00
434.45	-21.00
434.65	-40.00
434.85	43.00
435.05	31.00
435.25	24.00
435.45	8.00
435.65	-20.00
435.86	7.00
436.06	0.00
436.26	-4.00
436.46	28.00
436.66	16.00
436.86	-3.00
437.06	-14.00
437.26	8.00
437.46	-20.00
437.66	52.00
437.86	-2.00
438.06	7.00
438.26	70.00
438.47	52.00
438.67	4.00
438.87	59.00
439.07	106.00
439.27	91.00
439.47	92.00
439.67	40.00
439.87	39.00
440.07	3.00
440.27	1.00
440.47	12.00
440.67	-20.00
440.87	-7.00
441.07	36.00
441.27	47.00
441.48	30.00
441.68	28.00
441.88	3.00
442.08	26.00
442.28	50.00
442.48	33.00
442.68	34.00
442.88	62.00
443.08	53.00
443.28	-33.00
443.48	10.00
443.68	89.00
443.88	55.00
444.08	38.00
444.28	72.00
444.48	7.00
444.68	1.00
444.88	25.00
445.09	53.00
445.29	12.00
445.49	-8.00
445.69	17.00
445.89	63.00
446.09	-56.00
446.29	-44.00
446.49	-20.00
446.69	94.00
446.89	92.00
447.09	60.00
447.29	4.00
447.49	20.00
447.69	11.00
447.89	4.00
448.09	50.00
448.29	110.00
448.49	24.00
448.69	9.00
448.89	62.00
449.09	25.00
449.29	53.00
449.49	60.00
449.70	73.00
449.90	57.00
450.10	-8.00
450.30	15.00
450.50	60.00
450.70	1.00
450.90	1.00
451.10	-6.00
451.30	36.00
451.50	120.00
451.70	90.00
451.90	76.00
452.10	71.00
452.30	28.00
452.50	-6.00
452.70	43.00
452.90	28.00
453.10	-11.00
453.30	8.00
453.50	-5.00
453.70	-24.00
453.90	-34.00
454.10	34.00
454.30	36.00
454.50	40.00
454.70	14.00
454.90	-1.00
455.10	69.00
455.30	48.00
455.50	30.00
455.70	43.00
455.90	31.00
456.10	16.00
456.30	0.00
456.50	33.00
456.70	34.00
456.90	126.00
457.10	50.00
457.30	56.00
457.50	117.00
457.70	91.00
457.90	39.00
458.10	89.00
458.30	98.00
458.50	87.00
458.70	80.00
458.90	62.00
459.10	44.00
459.30	71.00
459.50	107.00
459.70	58.00
459.90	21.00
460.10	52.00
460.30	97.00
460.50	62.00
460.70	67.00
460.90	54.00
461.10	78.00
461.30	86.00
461.50	69.00
461.70	66.00
461.90	51.00
462.10	51.00
462.30	51.00
462.50	78.00
462.70	89.00
462.90	50.00
463.10	13.00
463.30	8.00
463.50	45.00
463.70	83.00
463.90	99.00
464.10	158.00
464.30	110.00
464.50	93.00
464.70	81.00
464.90	83.00
465.10	61.00
465.30	-13.00
465.50	52.00
465.70	113.00
465.90	103.00
466.10	104.00
466.30	105.00
466.50	106.00
466.70	63.00
466.90	43.00
467.10	88.00
467.30	87.00
467.50	93.00
467.70	99.00
467.90	49.00
468.10	118.00
468.30	89.00
468.50	27.00
468.70	45.00
468.90	94.00
469.10	91.00
469.30	41.00
469.50	24.00
469.70	28.00
469.90	97.00
470.10	38.00
470.30	-12.00
470.50	36.00
470.70	104.00
470.90	129.00
471.10	131.00
471.29	80.00
471.49	98.00
471.69	68.00
471.89	16.00
472.09	89.00
472.29	98.00
472.49	91.00
472.69	44.00
472.89	84.00
473.09	83.00
473.29	91.00
473.49	84.00
473.69	56.00
473.89	82.00
474.09	65.00
474.29	62.00
474.49	86.00
474.69	60.00
474.89	103.00
475.09	102.00
475.29	97.00
475.49	101.00
475.69	36.00
475.88	93.00
476.08	59.00
476.28	64.00
476.48	49.00
476.68	58.00
476.88	181.00
477.08	95.00
477.28	62.00
477.48	118.00
477.68	97.00
477.88	40.00
478.08	79.00
478.28	125.00
478.48	129.00
478.68	70.00
478.88	68.00
479.08	111.00
479.28	123.00
479.47	112.00
479.67	23.00
479.87	68.00
480.07	118.00
480.27	46.00
480.47	4.00
480.67	56.00
480.87	38.00
481.07	5.00
481.27	81.00
481.47	74.00
481.67	104.00
481.87	113.00
482.07	94.00
482.27	70.00
482.46	47.00
482.66	86.00
482.86	91.00
483.06	67.00
483.26	-1.00
483.46	4.00
483.66	7.00
483.86	100.00
484.06	52.00
484.26	57.00
484.46	34.00
484.66	75.00
484.86	112.00
485.05	110.00
485.25	52.00
485.45	19.00
485.65	111.00
485.85	112.00
486.05	111.00
486.25	130.00
486.45	124.00
486.65	98.00
486.85	58.00
487.05	76.00
487.25	113.00
487.44	104.00
487.64	147.00
487.84	109.00
488.04	62.00
488.24	73.00
488.44	136.00
488.64	70.00
488.84	14.00
489.04	31.00
489.24	97.00
489.43	148.00
489.63	139.00
489.83	99.00
490.03	95.00
490.23	52.00
490.43	64.00
490.63	83.00
490.83	84.00
491.03	115.00
491.23	132.00
491.42	84.00
491.62	77.00
491.82	126.00
492.02	145.00
492.22	138.00
492.42	98.00
492.62	158.00
492.82	127.00
493.02	104.00
493.22	89.00
493.41	89.00
493.61	95.00
493.81	102.00
494.01	112.00
494.21	28.00
494.41	37.00
494.61	81.00
494.81	71.00
495.01	76.00
495.20	100.00
495.40	163.00
495.60	197.00
495.80	184.00
496.00	138.00
496.20	138.00
496.40	199.00
496.60	173.00
496.79	172.00
496.99	103.00
497.19	159.00
497.39	146.00
497.59	123.00
497.79	126.00
497.99	109.00
498.19	139.00
498.38	121.00
498.58	133.00
498.78	99.00
498.98	137.00
499.18	97.00
499.38	117.00
499.58	181.00
499.78	114.00
499.97	149.00
500.17	108.00
500.37	129.00
500.57	145.00
500.77	231.00
500.97	239.00
501.17	166.00
501.37	138.00
501.56	160.00
501.76	150.00
501.96	144.00
502.16	137.00
502.36	139.00
502.56	140.00
502.76	187.00
502.95	208.00
503.15	198.00
503.35	176.00
503.55	202.00
503.75	194.00
503.95	212.00
504.15	153.00
504.34	124.00
504.54	117.00
504.74	105.00
504.94	166.00
505.14	127.00
505.34	56.00
505.54	123.00
505.73	207.00
505.93	197.00
506.13	160.00
506.33	162.00
506.53	167.00
506.73	195.00
506.92	164.00
507.12	160.00
507.32	175.00
507.52	166.00
507.72	131.00
507.92	182.00
508.12	180.00
508.31	152.00
508.51	65.00
508.71	142.00
508.91	133.00
509.11	160.00
509.31	126.00
509.50	114.00
509.70	107.00
509.90	155.00
510.10	174.00
510.30	135.00
510.50	161.00
510.69	195.00
510.89	168.00
511.09	181.00
511.29	98.00
511.49	153.00
511.69	158.00
511.88	126.00
512.08	105.00
512.28	151.00
512.48	174.00
512.68	67.00
512.88	173.00
513.07	182.00
513.27	173.00
513.47	153.00
513.67	140.00
513.87	139.00
514.06	147.00
514.26	179.00
514.46	164.00
514.66	126.00
514.86	158.00
515.06	143.00
515.25	157.00
515.45	204.00
515.65	195.00
515.85	159.00
516.05	141.00
516.24	96.00
516.44	112.00
516.64	191.00
516.84	228.00
517.04	116.00
517.23	124.00
517.43	172.00
517.63	210.00
517.83	198.00
518.03	118.00
518.23	170.00
518.42	166.00
518.62	205.00
518.82	165.00
519.02	171.00
519.22	193.00
519.41	133.00
519.61	125.00
519.81	150.00
520.01	204.00
520.21	184.00
520.40	197.00
520.60	159.00
520.80	103.00
521.00	112.00
521.20	160.00
521.39	164.00
521.59	141.00
521.79	116.00
521.99	130.00
522.19	182.00
522.38	190.00
522.58	144.00
522.78	164.00
522.98	227.00
523.17	227.00
523.37	169.00
523.57	162.00
523.77	166.00
523.97	126.00
524.16	155.00
524.36	185.00
524.56	187.00
524.76	131.00
524.96	139.00
525.15	229.00
525.35	239.00
525.55	173.00
525.75	217.00
525.94	247.00
526.14	216.00
526.34	194.00
526.54	195.00
526.74	194.00
526.93	218.00
527.13	218.00
527.33	215.00
527.53	211.00
527.72	223.00
527.92	219.00
528.12	227.00
528.32	231.00
528.52	251.00
528.71	229.00
528.91	213.00
529.11	260.00
529.31	296.00
529.50	274.00
529.70	262.00
529.90	216.00
530.10	232.00
530.29	232.00
530.49	235.00
530.69	267.00
530.89	290.00
531.09	274.00
531.28	316.00
531.48	291.00
531.68	319.00
531.88	315.00
532.07	319.00
532.27	284.00
532.47	222.00
532.67	282.00
532.86	206.00
533.06	260.00
533.26	244.00
533.46	263.00
533.65	255.00
533.85	279.00
534.05	242.00
534.25	320.00
534.44	318.00
534.64	254.00
534.84	289.00
535.04	295.00
535.23	294.00
535.43	285.00
535.63	321.00
535.83	323.00
536.02	277.00
536.22	289.00
536.42	320.00
536.62	391.00
536.81	331.00
537.01	311.00
537.21	334.00
537.41	358.00
537.60	390.00
537.80	355.00
538.00	329.00
538.20	293.00
538.39	335.00
538.59	359.00
538.79	337.00
538.99	320.00
539.18	389.00
539.38	349.00
539.58	348.00
539.77	350.00
539.97	328.00
540.17	319.00
540.37	358.00
540.56	366.00
540.76	343.00
540.96	410.00
541.16	422.00
541.35	423.00
541.55	375.00
541.75	389.00
541.94	357.00
542.14	391.00
542.34	347.00
542.54	391.00
542.73	356.00
542.93	348.00
543.13	370.00
543.33	355.00
543.52	390.00
543.72	440.00
543.92	408.00
544.11	361.00
544.31	363.00
544.51	375.00
544.71	384.00
544.90	490.00
545.10	446.00
545.30	360.00
545.49	452.00
545.69	476.00
545.89	433.00
546.09	407.00
546.28	414.00
546.48	470.00
546.68	466.00
546.87	412.00
547.07	387.00
547.27	385.00
547.47	431.00
547.66	407.00
547.86	414.00
548.06	406.00
548.25	403.00
548.45	443.00
548.65	427.00
548.84	431.00
549.04	373.00
549.24	433.00
549.44	395.00
549.63	380.00
549.83	382.00
550.03	374.00
550.22	439.00
550.42	429.00
550.62	394.00
550.81	433.00
551.01	401.00
551.21	386.00
551.41	335.00
551.60	355.00
551.80	353.00
552.00	366.00
552.19	397.00
552.39	427.00
552.59	404.00
552.78	351.00
552.98	299.00
553.18	334.00
553.37	390.00
553.57	358.00
553.77	334.00
553.96	371.00
554.16	305.00
554.36	315.00
554.56	393.00
554.75	377.00
554.95	392.00
555.15	382.00
555.34	394.00
555.54	388.00
555.74	432.00
555.93	424.00
556.13	361.00
556.33	339.00
556.52	404.00
556.72	402.00
556.92	342.00
557.11	320.00
557.31	334.00
557.51	342.00
557.70	373.00
557.90	329.00
558.10	328.00
558.29	333.00
558.49	351.00
558.69	287.00
558.88	316.00
559.08	320.00
559.28	357.00
559.47	355.00
559.67	265.00
559.87	248.00
560.06	254.00
560.26	242.00
560.46	291.00
560.65	345.00
560.85	320.00
561.05	343.00
561.24	339.00
561.44	328.00
561.64	356.00
561.83	348.00
562.03	371.00
562.23	329.00
562.42	390.00
562.62	364.00
562.82	338.00
563.01	343.00
563.21	331.00
563.40	283.00
563.60	262.00
563.80	253.00
563.99	333.00
564.19	401.00
564.39	387.00
564.58	367.00
564.78	315.00
564.98	281.00
565.17	302.00
565.37	298.00
565.57	266.00
565.76	244.00
565.96	337.00
566.16	371.00
566.35	355.00
566.55	375.00
566.74	382.00
566.94	355.00
567.14	331.00
567.33	387.00
567.53	415.00
567.73	413.00
567.92	449.00
568.12	480.00
568.32	404.00
568.51	323.00
568.71	382.00
568.90	422.00
569.10	428.00
569.30	362.00
569.49	369.00
569.69	431.00
569.89	403.00
570.08	390.00
570.28	377.00
570.47	369.00
570.67	379.00
570.87	392.00
571.06	411.00
571.26	384.00
571.46	382.00
571.65	447.00
571.85	468.00
572.04	464.00
572.24	428.00
572.44	453.00
572.63	435.00
572.83	422.00
573.03	458.00
573.22	442.00
573.42	393.00
573.61	440.00
573.81	443.00
574.01	509.00
574.20	481.00
574.40	511.00
574.59	498.00
574.79	456.00
574.99	501.00
575.18	475.00
575.38	476.00
575.58	531.00
575.77	566.00
575.97	542.00
576.16	524.00
576.36	458.00
576.56	529.00
576.75	545.00
576.95	525.00
577.14	578.00
577.34	617.00
577.54	611.00
577.73	543.00
577.93	506.00
578.12	555.00
578.32	524.00
578.52	593.00
578.71	596.00
578.91	551.00
579.10	567.00
579.30	552.00
579.50	637.00
579.69	600.00
579.89	674.00
580.08	697.00
580.28	574.00
580.48	575.00
580.67	624.00
580.87	709.00
581.06	701.00
581.26	643.00
581.45	641.00
581.65	630.00
581.85	734.00
582.04	727.00
582.24	769.00
582.43	756.00
582.63	715.00
582.83	797.00
583.02	771.00
583.22	775.00
583.41	732.00
583.61	796.00
583.80	898.00
584.00	867.00
584.20	790.00
584.39	780.00
584.59	850.00
584.78	837.00
584.98	869.00
585.17	847.00
585.37	876.00
585.57	971.00
585.76	1024.00
585.96	965.00
586.15	901.00
586.35	966.00
586.54	1021.00
586.74	926.00
586.94	990.00
587.13	994.00
587.33	1003.00
587.52	1012.00
587.72	1055.00
587.91	1057.00
588.11	985.00
588.31	1009.00
588.50	1014.00
588.70	1086.00
588.89	1109.00
589.09	1029.00
589.28	1033.00
589.48	1025.00
589.68	1095.00
589.87	1056.00
590.07	1111.00
590.26	1143.00
590.46	1126.00
590.65	1094.00
590.85	1164.00
591.04	1151.00
591.24	1220.00
591.44	1233.00
591.63	1269.00
591.83	1254.00
592.02	1223.00
592.22	1268.00
592.41	1265.00
592.61	1242.00
592.80	1251.00
593.00	1303.00
593.19	1342.00
593.39	1379.00
593.59	1323.00
593.78	1296.00
593.98	1362.00
594.17	1339.00
594.37	1354.00
594.56	1368.00
594.76	1358.00
594.95	1365.00
595.15	1335.00
595.34	1373.00
595.54	1374.00
595.73	1337.00
595.93	1374.00
596.13	1438.00
596.32	1424.00
596.52	1387.00
596.71	1385.00
596.91	1433.00
597.10	1497.00
597.30	1426.00
597.49	1444.00
597.69	1468.00
597.88	1476.00
598.08	1530.00
598.27	1537.00
598.47	1542.00
598.66	1582.00
598.86	1602.00
599.06	1571.00
599.25	1579.00
599.45	1599.00
599.64	1581.00
599.84	1569.00
600.03	1514.00
600.23	1579.00
600.42	1620.00
600.62	1559.00
600.81	1573.00
601.01	1535.00
601.20	1507.00
601.40	1472.00
601.59	1571.00
601.79	1595.00
601.98	1557.00
602.18	1586.00
602.37	1510.00
602.57	1505.00
602.76	1526.00
602.96	1572.00
603.15	1615.00
603.35	1583.00
603.54	1613.00
603.74	1549.00
603.93	1526.00
604.13	1540.00
604.32	1549.00
604.52	1528.00
604.71	1559.00
604.91	1565.00
605.10	1588.00
605.30	1569.00
605.49	1554.00
605.69	1507.00
605.88	1568.00
606.08	1600.00
606.27	1535.00
606.47	1513.00
606.66	1561.00
606.86	1638.00
607.05	1636.00
607.25	1602.00
607.44	1542.00
607.64	1535.00
607.83	1651.00
608.03	1698.00
608.22	1677.00
608.42	1615.00
608.61	1656.00
608.81	1730.00
609.00	1749.00
609.20	1770.00
609.39	1760.00
609.59	1864.00
609.78	2013.00
609.98	2029.00
610.17	2101.00
610.37	2202.00
610.56	2386.00
610.76	2461.00
610.95	2461.00
611.15	2487.00
611.34	2579.00
611.54	2709.00
611.73	2776.00
611.93	2717.00
612.12	2527.00
612.32	2324.00
612.51	2136.00
612.71	2016.00
612.90	1950.00
613.09	1973.00
613.29	1930.00
613.48	1938.00
613.68	1866.00
613.87	1839.00
614.07	1845.00
614.26	1873.00
614.46	1839.00
614.65	1761.00
614.85	1737.00
615.04	1742.00
615.24	1673.00
615.43	1675.00
615.63	1668.00
615.82	1678.00
616.02	1681.00
616.21	1668.00
616.40	1590.00
616.60	1568.00
616.79	1651.00
616.99	1619.00
617.18	1650.00
617.38	1679.00
617.57	1574.00
617.77	1608.00
617.96	1581.00
618.16	1545.00
618.35	1565.00
618.54	1557.00
618.74	1572.00
618.93	1576.00
619.13	1574.00
619.32	1587.00
619.52	1628.00
619.71	1664.00
619.91	1690.00
620.10	1681.00
620.30	1718.00
620.49	1720.00
620.68	1656.00
620.88	1723.00
621.07	1713.00
621.27	1669.00
621.46	1670.00
621.66	1682.00
621.85	1653.00
622.05	1666.00
622.24	1734.00
622.43	1735.00
622.63	1723.00
622.82	1724.00
623.02	1689.00
623.21	1733.00
623.41	1813.00
623.60	1767.00
623.80	1764.00
623.99	1670.00
624.18	1689.00
624.38	1725.00
624.57	1722.00
624.77	1714.00
624.96	1783.00
625.16	1801.00
625.35	1781.00
625.54	1827.00
625.74	1859.00
625.93	1801.00
626.13	1816.00
626.32	1856.00
626.52	1812.00
626.71	1806.00
626.90	1831.00
627.10	1866.00
627.29	1826.00
627.49	1776.00
627.68	1893.00
627.88	1888.00
628.07	1893.00
628.26	1887.00
628.46	1850.00
628.65	1809.00
628.85	1828.00
629.04	1915.00
629.23	1892.00
629.43	1953.00
629.62	1951.00
629.82	1878.00
630.01	1888.00
630.21	1966.00
630.40	2027.00
630.59	2027.00
630.79	2047.00
630.98	2070.00
631.18	2103.00
631.37	2134.00
631.56	2096.00
631.76	2045.00
631.95	2059.00
632.15	2038.00
632.34	2019.00
632.53	1954.00
632.73	1982.00
632.92	1972.00
633.12	2005.00
633.31	2025.00
633.50	1915.00
633.70	1939.00
633.89	2022.00
634.09	2006.00
634.28	2039.00
634.47	2067.00
634.67	2059.00
634.86	2173.00
635.06	2131.00
635.25	2041.00
635.44	2048.00
635.64	2067.00
635.83	2118.00
636.03	2080.00
636.22	2035.00
636.41	2162.00
636.61	2130.00
636.80	2113.00
637.00	2108.00
637.19	2063.00
637.38	2167.00
637.58	2145.00
637.77	2155.00
637.96	2202.00
638.16	2193.00
638.35	2233.00
638.55	2284.00
638.74	2347.00
638.93	2373.00
639.13	2318.00
639.32	2280.00
639.51	2272.00
639.71	2241.00
639.90	2388.00
640.10	2387.00
640.29	2320.00
640.48	2278.00
640.68	2324.00
640.87	2350.00
641.07	2408.00
641.26	2522.00
641.45	2465.00
641.65	2400.00
641.84	2405.00
642.03	2440.00
642.23	2501.00
642.42	2456.00
642.61	2462.00
642.81	2430.00
643.00	2474.00
643.20	2496.00
643.39	2518.00
643.58	2479.00
643.78	2515.00
643.97	2583.00
644.16	2524.00
644.36	2501.00
644.55	2603.00
644.74	2538.00
644.94	2553.00
645.13	2626.00
645.33	2638.00
645.52	2482.00
645.71	2541.00
645.91	2600.00
646.10	2625.00
646.29	2637.00
646.49	2663.00
646.68	2617.00
646.87	2558.00
647.07	2655.00
647.26	2674.00
647.45	2690.00
647.65	2716.00
647.84	2657.00
648.03	2715.00
648.23	2729.00
648.42	2735.00
648.62	2712.00
648.81	2690.00
649.00	2762.00
649.20	2784.00
649.39	2693.00
649.58	2696.00
649.78	2663.00
649.97	2703.00
650.16	2670.00
650.36	2675.00
650.55	2726.00
650.74	2851.00
650.94	2906.00
651.13	2903.00
651.32	2802.00
651.52	2831.00
651.71	2928.00
651.90	2951.00
652.10	2863.00
652.29	2881.00
652.48	2881.00
652.68	2786.00
652.87	2805.00
653.06	2825.00
653.26	2791.00
653.45	2764.00
653.64	2725.00
653.84	2786.00
654.03	2755.00
654.22	2762.00
654.42	2818.00
654.61	2830.00
654.80	2855.00
654.99	2897.00
655.19	2959.00
655.38	2879.00
655.57	2875.00
655.77	2831.00
655.96	2899.00
656.15	2883.00
656.35	2844.00
656.54	2825.00
656.73	2930.00
656.93	2829.00
657.12	2810.00
657.31	2870.00
657.51	2749.00
657.70	2775.00
657.89	2838.00
658.09	2857.00
658.28	2849.00
658.47	2843.00
658.66	2824.00
658.86	2887.00
659.05	2837.00
659.24	2817.00
659.44	2927.00
659.63	2942.00
659.82	2828.00
660.02	2766.00
660.21	2738.00
660.40	2782.00
660.60	2779.00
660.79	2740.00
660.98	2817.00
661.17	2789.00
661.37	2665.00
661.56	2688.00
661.75	2758.00
661.95	2771.00
662.14	2772.00
662.33	2748.00
662.52	2774.00
662.72	2907.00
662.91	2875.00
663.10	2810.00
663.30	2810.00
663.49	2767.00
663.68	2760.00
663.88	2785.00
664.07	2831.00
664.26	2739.00
664.45	2720.00
664.65	2670.00
664.84	2647.00
665.03	2594.00
665.23	2577.00
665.42	2484.00
665.61	2591.00
665.80	2683.00
666.00	2677.00
666.19	2646.00
666.38	2628.00
666.57	2662.00
666.77	2633.00
666.96	2611.00
667.15	2707.00
667.35	2700.00
667.54	2649.00
667.73	2666.00
667.92	2650.00
668.12	2631.00
668.31	2644.00
668.50	2619.00
668.70	2401.00
668.89	2437.00
669.08	2564.00
669.27	2490.00
669.47	2467.00
669.66	2625.00
669.85	2569.00
670.04	2594.00
670.24	2599.00
670.43	2641.00
670.62	2641.00
670.81	2537.00
671.01	2527.00
671.20	2537.00
671.39	2491.00
671.58	2489.00
671.78	2638.00
671.97	2599.00
672.16	2514.00
672.36	2466.00
672.55	2458.00
672.74	2461.00
672.93	2466.00
673.13	2473.00
673.32	2559.00
673.51	2487.00
673.70	2440.00
673.90	2429.00
674.09	2415.00
674.28	2413.00
674.47	2476.00
674.67	2536.00
674.86	2583.00
675.05	2574.00
675.24	2444.00
675.44	2366.00
675.63	2492.00
675.82	2586.00
676.01	2475.00
676.21	2396.00
676.40	2475.00
676.59	2440.00
676.78	2403.00
676.97	2423.00
677.17	2360.00
677.36	2313.00
677.55	2458.00
677.74	2453.00
677.94	2443.00
678.13	2436.00
678.32	2432.00
678.51	2379.00
678.71	2383.00
678.90	2475.00
679.09	2384.00
679.28	2374.00
679.48	2360.00
679.67	2351.00
679.86	2354.00
680.05	2450.00
680.24	2559.00
680.44	2508.00
680.63	2429.00
680.82	2323.00
681.01	2283.00
681.21	2364.00
681.40	2352.00
681.59	2378.00
681.78	2365.00
681.97	2249.00
682.17	2282.00
682.36	2354.00
682.55	2393.00
682.74	2318.00
682.94	2317.00
683.13	2283.00
683.32	2245.00
683.51	2263.00
683.70	2373.00
683.90	2357.00
684.09	2268.00
684.28	2310.00
684.47	2262.00
684.66	2370.00
684.86	2301.00
685.05	2302.00
685.24	2269.00
685.43	2229.00
685.63	2239.00
685.82	2285.00
686.01	2281.00
686.20	2273.00
686.39	2292.00
686.59	2297.00
686.78	2292.00
686.97	2352.00
687.16	2301.00
687.35	2330.00
687.55	2249.00
687.74	2318.00
687.93	2368.00
688.12	2310.00
688.31	2371.00
688.51	2443.00
688.70	2349.00
688.89	2254.00
689.08	2259.00
689.27	2308.00
689.47	2255.00
689.66	2226.00
689.85	2323.00
690.04	2278.00
690.23	2280.00
690.42	2296.00
690.62	2305.00
690.81	2290.00
691.00	2233.00
691.19	2184.00
691.38	2154.00
691.58	2310.00
691.77	2367.00
691.96	2331.00
692.15	2346.00
692.34	2357.00
692.54	2365.00
692.73	2369.00
692.92	2341.00
693.11	2301.00
693.30	2258.00
693.49	2317.00
693.69	2373.00
693.88	2407.00
694.07	2319.00
694.26	2267.00
694.45	2242.00
694.64	2221.00
694.84	2237.00
695.03	2206.00
695.22	2203.00
695.41	2239.00
695.60	2240.00
695.80	2179.00
695.99	2221.00
696.18	2271.00
696.37	2232.00
696.56	2234.00
696.75	2300.00
696.95	2353.00
697.14	2398.00
697.33	2412.00
697.52	2433.00
697.71	2370.00
697.90	2360.00
698.09	2399.00
698.29	2328.00
698.48	2360.00
698.67	2363.00
698.86	2380.00
699.05	2400.00
699.24	2360.00
699.44	2394.00
699.63	2402.00
699.82	2410.00
700.01	2370.00
700.20	2330.00
700.39	2355.00
700.58	2353.00
700.78	2399.00
700.97	2409.00
701.16	2335.00
701.35	2352.00
701.54	2360.00
701.73	2376.00
701.93	2348.00
702.12	2372.00
702.31	2436.00
702.50	2446.00
702.69	2544.00
702.88	2572.00
703.07	2512.00
703.27	2556.00
703.46	2555.00
703.65	2610.00
703.84	2526.00
704.03	2498.00
704.22	2528.00
704.41	2512.00
704.60	2487.00
704.80	2497.00
704.99	2501.00
705.18	2504.00
705.37	2520.00
705.56	2517.00
705.75	2499.00
705.94	2579.00
706.14	2560.00
706.33	2652.00
706.52	2696.00
706.71	2654.00
706.90	2624.00
707.09	2644.00
707.28	2718.00
707.47	2756.00
707.67	2771.00
707.86	2790.00
708.05	2750.00
708.24	2827.00
708.43	2794.00
708.62	2742.00
708.81	2791.00
709.00	2783.00
709.20	2777.00
709.39	2797.00
709.58	2819.00
709.77	2854.00
709.96	2817.00
710.15	2733.00
710.34	2691.00
710.53	2681.00
710.72	2825.00
710.92	2890.00
711.11	2796.00
711.30	2768.00
711.49	2768.00
711.68	2788.00
711.87	2885.00
712.06	2856.00
712.25	2830.00
712.44	2826.00
712.64	2864.00
712.83	2884.00
713.02	2954.00
713.21	2961.00
713.40	2981.00
713.59	2946.00
713.78	2928.00
713.97	2913.00
714.16	2966.00
714.35	2910.00
714.55	2859.00
714.74	2924.00
714.93	2940.00
715.12	2963.00
715.31	2881.00
715.50	2929.00
715.69	2978.00
715.88	2936.00
716.07	2925.00
716.26	2828.00
716.45	2810.00
716.65	2893.00
716.84	3032.00
717.03	2982.00
717.22	2916.00
717.41	2987.00
717.60	3005.00
717.79	2932.00
717.98	2941.00
718.17	2960.00
718.36	2920.00
718.55	2930.00
718.75	3026.00
718.94	3082.00
719.13	3054.00
719.32	3044.00
719.51	3073.00
719.70	3013.00
719.89	2955.00
720.08	3041.00
720.27	3040.00
720.46	3050.00
720.65	2994.00
720.84	2970.00
721.03	3024.00
721.22	3008.00
721.42	3021.00
721.61	3003.00
721.80	3031.00
721.99	3152.00
722.18	3076.00
722.37	3025.00
722.56	3024.00
722.75	3015.00
722.94	2966.00
723.13	2906.00
723.32	2964.00
723.51	2938.00
723.70	3037.00
723.89	3063.00
724.08	3091.00
724.28	3060.00
724.47	3013.00
724.66	2953.00
724.85	2955.00
725.04	3022.00
725.23	3086.00
725.42	3126.00
725.61	3097.00
725.80	3133.00
725.99	3167.00
726.18	3103.00
726.37	3153.00
726.56	3110.00
726.75	3072.00
726.94	3113.00
727.13	3055.00
727.32	3030.00
727.51	3079.00
727.71	3024.00
727.90	3015.00
728.09	3071.00
728.28	3049.00
728.47	3061.00
728.66	3070.00
728.85	2942.00
729.04	2951.00
729.23	2989.00
729.42	3001.00
729.61	2997.00
729.80	3053.00
729.99	3005.00
730.18	2973.00
730.37	2994.00
730.56	3104.00
730.75	3041.00
730.94	3081.00
731.13	3086.00
731.32	3077.00
731.51	3022.00
731.70	3060.00
731.89	3063.00
732.08	3033.00
732.27	2956.00
732.46	2989.00
732.65	2970.00
732.84	3061.00
733.04	3027.00
733.23	3008.00
733.42	2999.00
733.61	3023.00
733.80	3082.00
733.99	3108.00
734.18	3046.00
734.37	3040.00
734.56	3087.00
734.75	3021.00
734.94	2952.00
735.13	2823.00
735.32	2826.00
735.51	2896.00
735.70	2913.00
735.89	2874.00
736.08	2890.00
736.27	2909.00
736.46	2936.00
736.65	2940.00
736.84	2887.00
737.03	2921.00
737.22	2834.00
737.41	2774.00
737.60	2844.00
737.79	2914.00
737.98	2950.00
738.17	2943.00
738.36	2907.00
738.55	2874.00
738.74	2899.00
738.93	2825.00
739.12	2820.00
739.31	2880.00
739.50	2897.00
739.69	2992.00
739.88	2964.00
740.07	2944.00
740.26	2914.00
740.45	2880.00
740.64	2894.00
740.83	2774.00
741.02	2800.00
741.21	2855.00
741.40	2834.00
741.59	2855.00
741.78	2867.00
741.97	2804.00
742.16	2688.00
742.35	2613.00
742.54	2643.00
742.73	2640.00
742.92	2672.00
743.11	2668.00
743.30	2682.00
743.49	2631.00
743.68	2588.00
743.87	2680.00
744.06	2708.00
744.25	2723.00
744.44	2750.00
744.63	2664.00
744.82	2630.00
745.01	2708.00
745.20	2660.00
745.39	2559.00
745.58	2588.00
745.77	2601.00
745.96	2684.00
746.15	2646.00
746.34	2651.00
746.52	2672.00
746.71	2669.00
746.90	2644.00
747.09	2541.00
747.28	2617.00
747.47	2598.00
747.66	2603.00
747.85	2616.00
748.04	2602.00
748.23	2649.00
748.42	2567.00
748.61	2558.00
748.80	2576.00
748.99	2477.00
749.18	2434.00
749.37	2412.00
749.56	2457.00
749.75	2440.00
749.94	2435.00
750.13	2415.00
750.32	2478.00
750.51	2500.00
750.70	2396.00
750.89	2451.00
751.08	2369.00
751.27	2363.00
751.46	2424.00
751.64	2394.00
751.83	2376.00
752.02	2335.00
752.21	2380.00
752.40	2372.00
752.59	2445.00
752.78	2432.00
752.97	2401.00
753.16	2378.00
753.35	2396.00
753.54	2384.00
753.73	2378.00
753.92	2398.00
754.11	2383.00
754.30	2378.00
754.49	2418.00
754.68	2425.00
754.87	2317.00
755.06	2349.00
755.24	2359.00
755.43	2261.00
755.62	2343.00
755.81	2347.00
756.00	2381.00
756.19	2323.00
756.38	2270.00
756.57	2252.00
756.76	2298.00
756.95	2244.00
757.14	2207.00
757.33	2175.00
757.52	2320.00
757.71	2309.00
757.90	2264.00
758.08	2182.00
758.27	2187.00
758.46	2244.00
758.65	2264.00
758.84	2216.00
759.03	2215.00
759.22	2173.00
759.41	2200.00
759.60	2202.00
759.79	2126.00
759.98	2178.00
760.17	2240.00
760.36	2210.00
760.54	2139.00
760.73	2141.00
760.92	2165.00
761.11	2182.00
761.30	2183.00
761.49	2093.00
761.68	2020.00
761.87	2052.00
762.06	2045.00
762.25	1982.00
762.44	1966.00
762.63	1956.00
762.81	1942.00
763.00	1925.00
763.19	1985.00
763.38	1895.00
763.57	1904.00
763.76	1939.00
763.95	1847.00
764.14	1890.00
764.33	1862.00
764.52	1888.00
764.71	1903.00
764.89	1953.00
765.08	1837.00
765.27	1929.00
765.46	1956.00
765.65	1980.00
765.84	1914.00
766.03	1861.00
766.22	1870.00
766.41	1978.00
766.59	1942.00
766.78	1945.00
766.97	1940.00
767.16	1935.00
767.35	2021.00
767.54	2081.00
767.73	2089.00
767.92	2090.00
768.11	2054.00
768.30	2114.00
768.48	2099.00
768.67	2057.00
768.86	2145.00
769.05	2153.00
769.24	2111.00
769.43	2136.00
769.62	2091.00
769.81	2045.00
769.99	2075.00
770.18	2099.00
770.37	2118.00
770.56	2056.00
770.75	2045.00
770.94	2085.00
771.13	2126.00
771.32	2123.00
771.50	2094.00
771.69	2101.00
771.88	2062.00
772.07	2059.00
772.26	2137.00
772.45	2087.00
772.64	2053.00
772.83	2041.00
773.01	2091.00
773.20	2078.00
773.39	2028.00
773.58	2075.00
773.77	2022.00
773.96	2072.00
774.15	2013.00
774.34	2032.00
774.52	2137.00
774.71	2083.00
774.90	1990.00
775.09	1969.00
775.28	1922.00
775.47	2024.00
775.66	2041.00
775.84	2075.00
776.03	2097.00
776.22	2019.00
776.41	1970.00
776.60	2037.00
776.79	2080.00
776.98	2000.00
777.16	1964.00
777.35	1983.00
777.54	1963.00
777.73	1998.00
777.92	2076.00
778.11	1992.00
778.29	1952.00
778.48	1898.00
778.67	2011.00
778.86	2012.00
779.05	1978.00
779.24	1974.00
779.43	2005.00
779.61	2038.00
779.80	2092.00
779.99	2021.00
780.18	2063.00
780.37	2070.00
780.56	2027.00
780.74	2070.00
780.93	2093.00
781.12	2062.00
781.31	2013.00
781.50	1981.00
781.69	2015.00
781.87	2022.00
782.06	2039.00
782.25	2051.00
782.44	2034.00
782.63	2054.00
782.82	2035.00
783.00	2060.00
783.19	2108.00
783.38	2063.00
783.57	2055.00
783.76	2096.00
783.95	2086.00
784.13	2050.00
784.32	1987.00
784.51	2054.00
784.70	2072.00
784.89	1963.00
785.08	1959.00
785.26	2015.00
785.45	2057.00
785.64	2012.00
785.83	2051.00
786.02	2101.00
786.20	2028.00
786.39	2028.00
786.58	2116.00
786.77	2125.00
786.96	2020.00
787.15	2002.00
787.33	2106.00
787.52	2130.00
787.71	2043.00
787.90	2036.00
788.09	2023.00
788.27	2007.00
788.46	2121.00
788.65	2052.00
788.84	2102.00
789.03	2048.00
789.21	2061.00
789.40	2105.00
789.59	2202.00
789.78	2163.00
789.97	2154.00
790.15	2168.00
790.34	2160.00
790.53	2147.00
790.72	2155.00
790.91	2167.00
791.09	2140.00
791.28	2210.00
791.47	2271.00
791.66	2126.00
791.85	2129.00
792.03	2210.00
792.22	2187.00
792.41	2150.00
792.60	2147.00
792.79	2197.00
792.97	2173.00
793.16	2217.00
793.35	2195.00
793.54	2171.00
793.72	2254.00
793.91	2270.00
794.10	2249.00
794.29	2258.00
794.48	2201.00
794.66	2263.00
794.85	2271.00
795.04	2221.00
795.23	2211.00
795.42	2235.00
795.60	2202.00
795.79	2178.00
795.98	2205.00
796.17	2199.00
796.35	2247.00
796.54	2157.00
796.73	2183.00
796.92	2198.00
797.11	2213.00
797.29	2220.00
797.48	2180.00
797.67	2210.00
797.86	2187.00
798.04	2137.00
798.23	2236.00
798.42	2184.00
798.61	2211.00
798.79	2298.00
798.98	2289.00
799.17	2200.00
799.36	2318.00
799.54	2266.00
799.73	2321.00
799.92	2347.00
800.11	2190.00
800.30	2207.00
800.48	2191.00
800.67	2252.00
800.86	2226.00
801.05	2209.00
801.23	2242.00
801.42	2161.00
801.61	2158.00
801.80	2183.00
801.98	2237.00
802.17	2235.00
802.36	2230.00
802.55	2251.00
802.73	2230.00
802.92	2190.00
803.11	2233.00
803.30	2279.00
803.48	2264.00
803.67	2273.00
803.86	2325.00
804.05	2295.00
804.23	2272.00
804.42	2220.00
804.61	2318.00
804.80	2314.00
804.98	2311.00
805.17	2244.00
805.36	2210.00
805.54	2317.00
805.73	2357.00
805.92	2299.00
806.11	2340.00
806.29	2351.00
806.48	2391.00
806.67	2292.00
806.86	2305.00
807.04	2280.00
807.23	2234.00
807.42	2193.00
807.61	2242.00
807.79	2258.00
807.98	2292.00
808.17	2285.00
808.35	2231.00
808.54	2279.00
808.73	2303.00
808.92	2362.00
809.10	2377.00
809.29	2298.00
809.48	2272.00
809.67	2232.00
809.85	2295.00
810.04	2271.00
810.23	2269.00
810.41	2340.00
810.60	2336.00
810.79	2324.00
810.98	2320.00
811.16	2295.00
811.35	2158.00
811.54	2242.00
811.72	2342.00
811.91	2400.00
812.10	2399.00
812.29	2239.00
812.47	2287.00
812.66	2305.00
812.85	2270.00
813.03	2343.00
813.22	2266.00
813.41	2265.00
813.60	2314.00
813.78	2343.00
813.97	2241.00
814.16	2189.00
814.34	2243.00
814.53	2253.00
814.72	2223.00
814.90	2211.00
815.09	2248.00
815.28	2267.00
815.47	2254.00
815.65	2206.00
815.84	2213.00
816.03	2250.00
816.21	2175.00
816.40	2221.00
816.59	2249.00
816.77	2210.00
816.96	2197.00
817.15	2252.00
817.33	2283.00
817.52	2319.00
817.71	2385.00
817.90	2313.00
818.08	2196.00
818.27	2179.00
818.46	2236.00
818.64	2274.00
818.83	2232.00
819.02	2220.00
819.20	2289.00
819.39	2326.00
819.58	2349.00
819.76	2262.00
819.95	2246.00
820.14	2284.00
820.32	2301.00
820.51	2342.00
820.70	2355.00
820.88	2313.00
821.07	2236.00
821.26	2213.00
821.44	2245.00
821.63	2266.00
821.82	2257.00
822.01	2262.00
822.19	2299.00
822.38	2218.00
822.57	2289.00
822.75	2238.00
822.94	2225.00
823.13	2200.00
823.31	2205.00
823.50	2238.00
823.69	2309.00
823.87	2247.00
824.06	2216.00
824.25	2233.00
824.43	2195.00
824.62	2224.00
824.80	2311.00
824.99	2208.00
825.18	2158.00
825.36	2174.00
825.55	2274.00
825.74	2246.00
825.92	2242.00
826.11	2247.00
826.30	2233.00
826.48	2243.00
826.67	2175.00
826.86	2135.00
827.04	2175.00
827.23	2213.00
827.42	2253.00
827.60	2251.00
827.79	2125.00
827.98	2080.00
828.16	2094.00
828.35	2128.00
828.54	2126.00
828.72	2080.00
828.91	2164.00
829.09	2235.00
829.28	2158.00
829.47	2093.00
829.65	2074.00
829.84	2100.00
830.03	2120.00
830.21	2183.00
830.40	2151.00
830.59	2083.00
830.77	2132.00
830.96	2176.00
831.14	2118.00
831.33	2182.00
831.52	2162.00
831.70	2092.00
831.89	2100.00
832.08	2107.00
832.26	2051.00
832.45	2033.00
832.64	2102.00
832.82	2106.00
833.01	2076.00
833.19	2087.00
833.38	2130.00
833.57	2063.00
833.75	2075.00
833.94	2062.00
834.13	2103.00
834.31	2099.00
834.50	2053.00
834.68	2033.00
834.87	2015.00
835.06	2065.00
835.24	2119.00
835.43	2086.00
835.61	2050.00
835.80	2150.00
835.99	2110.00
836.17	2057.00
836.36	2039.00
836.55	2057.00
836.73	1973.00
836.92	1991.00
837.10	2003.00
837.29	2105.00
837.48	2092.00
837.66	2045.00
837.85	2024.00
838.03	2068.00
838.22	2044.00
838.41	2064.00
838.59	2077.00
838.78	2014.00
838.96	2034.00
839.15	2000.00
839.34	2034.00
839.52	1989.00
839.71	1953.00
839.89	1999.00
840.08	2040.00
840.27	1989.00
840.45	1967.00
840.64	1947.00
840.82	1964.00
841.01	1946.00
841.20	1940.00
841.38	1934.00
841.57	1973.00
841.75	1938.00
841.94	1953.00
842.13	1936.00
842.31	1909.00
842.50	1900.00
842.68	1967.00
842.87	1998.00
843.05	1930.00
843.24	1865.00
843.43	1864.00
843.61	1853.00
843.80	1885.00
843.98	1865.00
844.17	1845.00
844.36	1794.00
844.54	1768.00
844.73	1835.00
844.91	1857.00
845.10	1835.00
845.28	1845.00
845.47	1854.00
845.66	1805.00
845.84	1758.00
846.03	1809.00
846.21	1881.00
846.40	1883.00
846.58	1893.00
846.77	1827.00
846.96	1871.00
847.14	1802.00
847.33	1760.00
847.51	1794.00
847.70	1837.00
847.88	1848.00
848.07	1765.00
848.25	1754.00
848.44	1805.00
848.63	1793.00
848.81	1736.00
849.00	1741.00
849.18	1735.00
849.37	1708.00
849.55	1709.00
849.74	1748.00
849.93	1725.00
850.11	1725.00
850.30	1698.00
850.48	1735.00
850.67	1762.00
850.85	1722.00
851.04	1756.00
851.22	1625.00
851.41	1709.00
851.59	1741.00
851.78	1757.00
851.97	1744.00
852.15	1643.00
852.34	1645.00
852.52	1721.00
852.71	1712.00
852.89	1758.00
853.08	1770.00
853.26	1736.00
853.45	1704.00
853.63	1648.00
853.82	1709.00
854.01	1643.00
854.19	1694.00
854.38	1750.00
854.56	1754.00
854.75	1725.00
854.93	1628.00
855.12	1675.00
855.30	1685.00
855.49	1715.00
855.67	1769.00
855.86	1742.00
856.04	1699.00
856.23	1686.00
856.41	1696.00
856.60	1655.00
856.79	1599.00
856.97	1639.00
857.16	1693.00
857.34	1628.00
857.53	1662.00
857.71	1662.00
857.90	1579.00
858.08	1515.00
858.27	1578.00
858.45	1583.00
858.64	1573.00
858.82	1613.00
859.01	1582.00
859.19	1521.00
859.38	1586.00
859.56	1669.00
859.75	1576.00
859.93	1533.00
860.12	1570.00
860.30	1675.00
860.49	1610.00
860.67	1618.00
860.86	1629.00
861.04	1579.00
861.23	1570.00
861.41	1577.00
861.60	1581.00
861.78	1585.00
861.97	1629.00
862.15	1625.00
862.34	1492.00
862.53	1454.00
862.71	1546.00
862.90	1517.00
863.08	1555.00
863.27	1490.00
863.45	1433.00
863.64	1569.00
863.82	1547.00
864.01	1569.00
864.19	1521.00
864.37	1541.00
864.56	1525.00
864.74	1444.00
864.93	1446.00
865.11	1419.00
865.30	1440.00
865.48	1482.00
865.67	1474.00
865.85	1447.00
866.04	1446.00
866.22	1366.00
866.41	1453.00
866.59	1461.00
866.78	1411.00
866.96	1425.00
867.15	1431.00
867.33	1512.00
867.52	1504.00
867.70	1440.00
867.89	1411.00
868.07	1466.00
868.26	1480.00
868.44	1384.00
868.63	1292.00
868.81	1321.00
869.00	1347.00
869.18	1324.00
869.37	1420.00
869.55	1464.00
869.74	1393.00
869.92	1421.00
870.10	1376.00
870.29	1376.00
870.47	1402.00
870.66	1405.00
870.84	1415.00
871.03	1394.00
871.21	1352.00
871.40	1385.00
871.58	1421.00
871.77	1337.00
871.95	1337.00
872.14	1426.00
872.32	1364.00
872.51	1349.00
872.69	1366.00
872.87	1365.00
873.06	1277.00
873.24	1296.00
873.43	1339.00
873.61	1353.00
873.80	1327.00
873.98	1375.00
874.17	1440.00
874.35	1439.00
874.54	1399.00
874.72	1325.00
874.90	1349.00
875.09	1312.00
875.27	1307.00
875.46	1286.00
875.64	1241.00
875.83	1275.00
876.01	1270.00
876.20	1265.00
876.38	1331.00
876.56	1300.00
876.75	1272.00
876.93	1287.00
877.12	1336.00
877.30	1350.00
877.49	1316.00
877.67	1216.00
877.86	1177.00
878.04	1152.00
878.22	1255.00
878.41	1292.00
878.59	1358.00
878.78	1363.00
878.96	1280.00
879.15	1265.00
879.33	1216.00
879.51	1263.00
879.70	1267.00
879.88	1286.00
880.07	1380.00
880.25	1280.00
880.44	1280.00
880.62	1314.00
880.80	1261.00
880.99	1218.00
881.17	1248.00
881.36	1222.00
881.54	1197.00
881.73	1276.00
881.91	1279.00
882.09	1260.00
882.28	1191.00
882.46	1253.00
882.65	1242.00
882.83	1240.00
883.02	1288.00
883.20	1213.00
883.38	1165.00
883.57	1197.00
883.75	1212.00
883.94	1210.00
884.12	1257.00
884.30	1215.00
884.49	1262.00
884.67	1270.00
884.86	1285.00
885.04	1238.00
885.22	1190.00
885.41	1283.00
885.59	1265.00
885.78	1188.00
885.96	1181.00
886.14	1167.00
886.33	1195.00
886.51	1242.00
886.70	1190.00
886.88	1219.00
887.06	1263.00
887.25	1261.00
887.43	1261.00
887.62	1215.00
887.80	1195.00
887.98	1207.00
888.17	1244.00
888.35	1197.00
888.54	1232.00
888.72	1319.00
888.90	1248.00
889.09	1260.00
889.27	1244.00
889.46	1254.00
889.64	1213.00
889.82	1226.00
890.01	1192.00
890.19	1174.00
890.38	1235.00
890.56	1151.00
890.74	1129.00
890.93	1212.00
891.11	1261.00
891.29	1243.00
891.48	1256.00
891.66	1230.00
891.85	1182.00
892.03	1182.00
892.21	1195.00
892.40	1218.00
892.58	1225.00
892.76	1115.00
892.95	1119.00
893.13	1120.00
893.32	1213.00
893.50	1278.00
893.68	1221.00
893.87	1170.00
894.05	1154.00
894.23	1163.00
894.42	1155.00
894.60	1189.00
894.79	1319.00
894.97	1263.00
895.15	1216.00
895.34	1138.00
895.52	1204.00
895.70	1241.00
895.89	1173.00
896.07	1238.00
896.25	1327.00
896.44	1268.00
896.62	1211.00
896.81	1206.00
896.99	1245.00
897.17	1203.00
897.36	1172.00
897.54	1231.00
897.72	1231.00
897.91	1187.00
898.09	1208.00
898.27	1310.00
898.46	1293.00
898.64	1181.00
898.82	1234.00
899.01	1266.00
899.19	1267.00
899.37	1305.00
899.56	1313.00
899.74	1271.00
899.92	1267.00
900.11	1274.00
900.29	1304.00
900.47	1257.00
900.66	1239.00
900.84	1299.00
901.03	1337.00
901.21	1298.00
901.39	1210.00
901.58	1332.00
901.76	1342.00
901.94	1277.00
902.13	1291.00
902.31	1377.00
902.49	1334.00
902.68	1265.00
902.86	1264.00
903.04	1285.00
903.23	1278.00
903.41	1341.00
903.59	1261.00
903.78	1246.00
903.96	1230.00
904.14	1319.00
904.32	1289.00
904.51	1322.00
904.69	1361.00
904.87	1297.00
905.06	1262.00
905.24	1271.00
905.42	1329.00
905.61	1299.00
905.79	1284.00
905.97	1259.00
906.16	1301.00
906.34	1285.00
906.52	1347.00
906.71	1352.00
906.89	1327.00
907.07	1363.00
907.26	1315.00
907.44	1379.00
907.62	1396.00
907.81	1316.00
907.99	1347.00
908.17	1372.00
908.35	1405.00
908.54	1392.00
908.72	1406.00
908.90	1382.00
909.09	1356.00
909.27	1340.00
909.45	1306.00
909.64	1343.00
909.82	1399.00
910.00	1376.00
910.18	1372.00
910.37	1337.00
910.55	1244.00
910.73	1319.00
910.92	1382.00
911.10	1376.00
911.28	1381.00
911.47	1338.00
911.65	1319.00
911.83	1321.00
912.01	1330.00
912.20	1308.00
912.38	1347.00
912.56	1439.00
912.75	1382.00
912.93	1253.00
913.11	1256.00
913.29	1302.00
913.48	1308.00
913.66	1377.00
913.84	1341.00
914.03	1354.00
914.21	1357.00
914.39	1336.00
914.57	1364.00
914.76	1281.00
914.94	1243.00
915.12	1260.00
915.31	1246.00
915.49	1260.00
915.67	1279.00
915.85	1316.00
916.04	1280.00
916.22	1265.00
916.40	1280.00
916.58	1191.00
916.77	1290.00
916.95	1310.00
917.13	1313.00
917.32	1288.00
917.50	1277.00
917.68	1287.00
917.86	1297.00
918.05	1262.00
918.23	1224.00
918.41	1227.00
918.59	1222.00
918.78	1262.00
918.96	1281.00
919.14	1232.00
919.32	1259.00
919.51	1181.00
919.69	1147.00
919.87	1250.00
920.05	1276.00
920.24	1256.00
920.42	1228.00
920.60	1187.00
920.78	1135.00
920.97	1222.00
921.15	1218.00
921.33	1194.00
921.52	1131.00
921.70	1168.00
921.88	1177.00
922.06	1183.00
922.24	1159.00
922.43	1154.00
922.61	1196.00
922.79	1218.00
922.97	1202.00
923.16	1110.00
923.34	1167.00
923.52	1220.00
923.70	1201.00
923.89	1201.00
924.07	1143.00
924.25	1145.00
924.43	1106.00
924.62	1145.00
924.80	1205.00
924.98	1174.00
925.16	1121.00
925.35	1169.00
925.53	1215.00
925.71	1134.00
925.89	1107.00
926.08	1164.00
926.26	1157.00
926.44	1203.00
926.62	1093.00
926.80	1075.00
926.99	1100.00
927.17	1102.00
927.35	1179.00
927.53	1198.00
927.72	1179.00
927.90	1132.00
928.08	1107.00
928.26	1192.00
928.44	1285.00
928.63	1230.00
928.81	1094.00
928.99	1136.00
929.17	1090.00
929.36	1074.00
929.54	1165.00
929.72	1157.00
929.90	1108.00
930.08	1111.00
930.27	1113.00
930.45	1080.00
930.63	1049.00
930.81	1050.00
930.99	1103.00
931.18	1041.00
931.36	1098.00
931.54	1114.00
931.72	1103.00
931.90	1089.00
932.09	1093.00
932.27	1127.00
932.45	1091.00
932.63	1029.00
932.81	1022.00
933.00	995.00
933.18	1008.00
933.36	992.00
933.54	951.00
933.72	1029.00
933.91	1002.00
934.09	986.00
934.27	980.00
934.45	968.00
934.63	914.00
934.82	939.00
935.00	887.00
935.18	874.00
935.36	912.00
935.54	981.00
935.73	1012.00
935.91	953.00
936.09	883.00
936.27	858.00
936.45	836.00
936.64	864.00
936.82	863.00
937.00	840.00
937.18	779.00
937.36	790.00
937.54	752.00
937.73	711.00
937.91	762.00
938.09	761.00
938.27	689.00
938.45	718.00
938.63	740.00
938.82	711.00
939.00	609.00
939.18	616.00
939.36	673.00
939.54	598.00
939.73	638.00
939.91	643.00
940.09	600.00
940.27	622.00
940.45	611.00
940.63	579.00
940.82	631.00
941.00	640.00
941.18	663.00
941.36	607.00
941.54	608.00
941.72	574.00
941.91	568.00
942.09	513.00
942.27	544.00
942.45	544.00
942.63	569.00
942.81	552.00
942.99	529.00
943.18	504.00
943.36	516.00
943.54	555.00
943.72	462.00
943.90	438.00
944.08	498.00
944.27	464.00
944.45	476.00
944.63	533.00
944.81	561.00
944.99	533.00
945.17	518.00
945.35	500.00
945.54	520.00
945.72	531.00
945.90	509.00
946.08	493.00
946.26	498.00
946.44	520.00
946.62	484.00
946.81	580.00
946.99	583.00
947.17	531.00
947.35	508.00
947.53	488.00
947.71	582.00
947.89	570.00
948.07	567.00
948.26	502.00
948.44	518.00
948.62	497.00
948.80	549.00
948.98	529.00
949.16	501.00
949.34	493.00
949.53	483.00
949.71	567.00
949.89	585.00
950.07	543.00
950.25	601.00
950.43	597.00
950.61	553.00
950.79	542.00
950.98	475.00
951.16	467.00
951.34	508.00
951.52	537.00
951.70	549.00
951.88	566.00
952.06	537.00
952.24	576.00
952.42	604.00
952.61	488.00
952.79	525.00
952.97	531.00
953.15	520.00
953.33	472.00
953.51	516.00
953.69	504.00
953.87	506.00
954.05	528.00
954.24	580.00
954.42	448.00
954.60	496.00
954.78	543.00
954.96	536.00
955.14	548.00
955.32	490.00
955.50	456.00
955.68	458.00
955.86	494.00
956.05	518.00
956.23	495.00
956.41	542.00
956.59	547.00
956.77	575.00
956.95	585.00
957.13	540.00
957.31	553.00
957.49	509.00
957.67	524.00
957.86	506.00
958.04	508.00
958.22	512.00
958.40	506.00
958.58	516.00
958.76	497.00
958.94	472.00
959.12	492.00
959.30	513.00
959.48	528.00
959.66	458.00
959.84	424.00
960.03	514.00
960.21	577.00
960.39	488.00
960.57	479.00
960.75	500.00
960.93	547.00
961.11	473.00
961.29	480.00
961.47	500.00
961.65	464.00
961.83	549.00
962.01	531.00
962.19	504.00
962.37	496.00
962.56	492.00
962.74	513.00
962.92	494.00
963.10	468.00
963.28	490.00
963.46	460.00
963.64	490.00
963.82	503.00
964.00	446.00
964.18	481.00
964.36	468.00
964.54	389.00
964.72	509.00
964.90	529.00
965.08	474.00
965.27	476.00
965.45	503.00
965.63	473.00
965.81	507.00
965.99	483.00
966.17	516.00
966.35	437.00
966.53	415.00
966.71	455.00
966.89	522.00
967.07	540.00
967.25	493.00
967.43	514.00
967.61	446.00
967.79	471.00
967.97	462.00
968.15	493.00
968.33	495.00
968.51	419.00
968.69	430.00
968.87	481.00
969.06	407.00
969.24	335.00
969.42	436.00
969.60	435.00
969.78	429.00
969.96	402.00
970.14	411.00
970.32	440.00
970.50	408.00
970.68	421.00
970.86	451.00
971.04	397.00
971.22	454.00
971.40	484.00
971.58	490.00
971.76	450.00
971.94	448.00
972.12	367.00
972.30	382.00
972.48	407.00
972.66	413.00
972.84	436.00
973.02	412.00
973.20	423.00
973.38	403.00
973.56	408.00
973.74	352.00
973.92	406.00
974.10	442.00
974.28	427.00
974.46	450.00
974.64	374.00
974.82	389.00
975.00	417.00
975.18	411.00
975.36	357.00
975.54	373.00
975.72	392.00
975.90	352.00
976.08	331.00
976.26	396.00
976.44	371.00
976.62	408.00
976.80	414.00
976.98	375.00
977.16	404.00
977.34	361.00
977.52	376.00
977.70	377.00
977.88	393.00
978.06	402.00
978.24	309.00
978.42	348.00
978.60	360.00
978.78	410.00
978.96	437.00
979.14	425.00
979.32	384.00
979.50	402.00
979.68	319.00
979.86	315.00
980.04	400.00
980.22	372.00
980.40	345.00
980.58	361.00
980.76	354.00
980.94	348.00
981.12	328.00
981.30	367.00
981.48	351.00
981.66	359.00
981.84	358.00
982.02	302.00
982.20	354.00
982.38	395.00
982.56	282.00
982.74	267.00
982.92	303.00
983.10	371.00
983.28	390.00
983.46	413.00
983.64	382.00
983.82	367.00
984.00	378.00
984.18	381.00
984.36	326.00
984.54	335.00
984.72	374.00
984.90	341.00
985.08	341.00
985.26	335.00
985.44	363.00
985.62	359.00
985.80	363.00
985.98	375.00
986.16	355.00
986.34	295.00
986.51	264.00
986.69	311.00
986.87	342.00
987.05	333.00
987.23	337.00
987.41	258.00
987.59	265.00
987.77	297.00
987.95	299.00
988.13	299.00
988.31	365.00
988.49	337.00
988.67	363.00
988.85	339.00
989.03	320.00
989.21	321.00
989.39	300.00
989.57	362.00
989.75	392.00
989.93	366.00
990.11	402.00
990.28	356.00
990.46	305.00
990.64	308.00
990.82	335.00
991.00	335.00
991.18	288.00
991.36	316.00
991.54	292.00
991.72	320.00
991.90	293.00
992.08	290.00
992.26	312.00
992.44	294.00
992.62	276.00
992.80	278.00
992.98	235.00
993.15	264.00
993.33	309.00
993.51	334.00
993.69	257.00
993.87	270.00
994.05	264.00
994.23	268.00
994.41	293.00
994.59	286.00
994.77	283.00
994.95	262.00
995.13	272.00
995.31	265.00
995.48	287.00
995.66	292.00
995.84	255.00
996.02	314.00
996.20	352.00
996.38	311.00
996.56	302.00
996.74	286.00
996.92	333.00
997.10	312.00
997.28	255.00
997.46	275.00
997.63	259.00
997.81	251.00
997.99	278.00
998.17	269.00
998.35	239.00
998.53	258.00
998.71	227.00
998.89	239.00
999.07	246.00
999.25	292.00
999.43	317.00
999.60	224.00
999.78	208.00
999.96	277.00
1000.14	300.00
1000.32	230.00
1000.50	228.00
1000.68	238.00
1000.86	300.00
1001.04	262.00
1001.21	233.00
1001.39	244.00
1001.57	281.00
1001.75	264.00
1001.93	213.00
1002.11	248.00
1002.29	334.00
1002.47	300.00
1002.65	272.00
1002.82	252.00
1003.00	196.00
1003.18	153.00
1003.36	224.00
1003.54	310.00
1003.72	296.00
1003.90	248.00
1004.08	272.00
1004.26	274.00
1004.43	229.00
1004.61	250.00
1004.79	314.00
1004.97	306.00
1005.15	267.00
1005.33	244.00
1005.51	241.00
1005.69	249.00
1005.86	215.00
1006.04	223.00
1006.22	202.00
1006.40	261.00
1006.58	264.00
1006.76	182.00
1006.94	256.00
1007.12	231.00
1007.29	236.00
1007.47	214.00
1007.65	237.00
1007.83	220.00
1008.01	194.00
1008.19	162.00
1008.37	193.00
1008.54	226.00
1008.72	180.00
1008.90	213.00
1009.08	243.00
1009.26	266.00
1009.44	225.00
1009.62	222.00
1009.79	251.00
1009.97	206.00
1010.15	201.00
1010.33	268.00
1010.51	243.00
1010.69	256.00
1010.87	221.00
1011.04	231.00
1011.22	186.00
1011.40	130.00
1011.58	200.00
1011.76	172.00
1011.94	216.00
1012.11	167.00
1012.29	143.00
1012.47	216.00
1012.65	214.00
1012.83	190.00
1013.01	169.00
1013.18	178.00
1013.36	202.00
1013.54	213.00
1013.72	289.00
1013.90	259.00
1014.08	215.00
1014.25	193.00
1014.43	181.00
1014.61	229.00
1014.79	247.00
1014.97	212.00
1015.15	214.00
1015.32	243.00
1015.50	269.00
1015.68	246.00
1015.86	246.00
1016.04	253.00
1016.22	239.00
1016.39	228.00
1016.57	217.00
1016.75	251.00
1016.93	243.00
1017.11	172.00
1017.29	188.00
1017.46	164.00
1017.64	187.00
1017.82	123.00
1018.00	158.00
1018.18	162.00
1018.35	164.00
1018.53	142.00
1018.71	132.00
1018.89	169.00
1019.07	179.00
1019.24	210.00
1019.42	233.00
1019.60	196.00
1019.78	171.00
1019.96	154.00
1020.14	165.00
1020.31	210.00
1020.49	190.00
1020.67	234.00
1020.85	247.00
1021.03	141.00
1021.20	171.00
1021.38	139.00
1021.56	151.00
1021.74	207.00
1021.92	162.00
1022.09	203.00
1022.27	221.00
1022.45	140.00
1022.63	182.00
1022.81	119.00
1022.98	153.00
1023.16	198.00
1023.34	182.00
1023.52	123.00
1023.69	143.00
1023.87	189.00
1024.05	165.00
1024.23	151.00
1024.41	164.00
1024.58	153.00
1024.76	87.00
1024.94	157.00
1025.12	175.00
1025.30	112.00
1025.47	196.00
1025.65	250.00
1025.83	165.00
1026.01	158.00
1026.18	164.00
1026.36	186.00
1026.54	205.00
1026.72	274.00
1026.90	273.00
1027.07	168.00
1027.25	87.00
1027.43	186.00
1027.61	169.00
1027.78	73.00
1027.96	190.00
1028.14	176.00
1028.32	141.00
1028.49	110.00
1028.67	138.00
1028.85	161.00
1029.03	180.00
1029.21	203.00
1029.38	211.00
1029.56	159.00
1029.74	181.00
1029.92	238.00
1030.09	198.00
1030.27	139.00
1030.45	177.00
1030.63	86.00
1030.80	95.00
1030.98	153.00
1031.16	185.00
1031.34	187.00
1031.51	145.00
1031.69	112.00
1031.87	196.00
1032.05	161.00
1032.22	194.00
1032.40	168.00
1032.58	154.00
1032.76	168.00
1032.93	158.00
1033.11	119.00
1033.29	92.00
1033.47	137.00
1033.64	168.00
1033.82	181.00
1034.00	185.00
1034.18	146.00
1034.35	227.00
1034.53	152.00
1034.71	118.00
1034.89	214.00
1035.06	169.00
1035.24	156.00
1035.42	156.00
1035.59	151.00
1035.77	111.00
1035.95	104.00
1036.13	142.00
1036.30	188.00
1036.48	217.00
1036.66	206.00
1036.84	106.00
1037.01	143.00
1037.19	140.00
1037.37	143.00
1037.54	185.00
1037.72	159.00
1037.90	126.00
1038.08	138.00
1038.25	148.00
1038.43	135.00
1038.61	144.00
1038.79	143.00
1038.96	135.00
1039.14	130.00
1039.32	158.00
1039.49	146.00
1039.67	155.00
1039.85	144.00
1040.03	193.00
1040.20	169.00
1040.38	129.00
1040.56	100.00
1040.73	102.00
1040.91	198.00
1041.09	150.00
1041.27	99.00
1041.44	102.00
1041.62	173.00
1041.80	83.00
1041.97	169.00
1042.15	125.00
1042.33	123.00
1042.50	174.00
1042.68	189.00
1042.86	144.00
1043.04	98.00
1043.21	187.00
1043.39	165.00
1043.57	131.00
1043.74	122.00
1043.92	103.00
1044.10	124.00
1044.27	145.00
1044.45	155.00
1044.63	179.00
1044.80	171.00
1044.98	86.00
1045.16	157.00
1045.34	140.00
1045.51	111.00
1045.69	140.00
1045.87	115.00
1046.04	112.00
1046.22	108.00
1046.40	75.00
1046.57	98.00
1046.75	143.00
1046.93	184.00
1047.10	146.00
1047.28	89.00
1047.46	121.00
1047.63	131.00
1047.81	128.00
1047.99	117.00
1048.16	101.00
1048.34	106.00
1048.52	93.00
1048.69	78.00
1048.87	59.00
1049.05	158.00
1049.22	179.00
1049.40	147.00
1049.58	121.00
1049.75	111.00
1049.93	115.00
1050.11	108.00
1050.28	88.00
1050.46	134.00
1050.64	171.00
1050.81	159.00
1050.99	152.00
1051.17	144.00
1051.34	81.00
1051.52	77.00
1051.70	95.00
1051.87	118.00
1052.05	138.00
1052.23	134.00
1052.40	72.00
1052.58	91.00
1052.76	147.00
1052.93	143.00
1053.11	65.00
1053.29	78.00
1053.46	151.00
1053.64	114.00
1053.82	106.00
1053.99	41.00
1054.17	55.00
1054.35	99.00
1054.52	91.00
1054.70	39.00
1054.87	130.00
1055.05	125.00
1055.23	98.00
1055.40	167.00
1055.58	133.00
1055.76	129.00
1055.93	79.00
1056.11	109.00
1056.29	86.00
1056.46	89.00
1056.64	69.00
1056.81	75.00
1056.99	124.00
1057.17	135.00
1057.34	62.00
1057.52	33.00
1057.70	88.00
1057.87	94.00
1058.05	135.00
1058.22	55.00
1058.40	98.00
1058.58	96.00
1058.75	45.00
1058.93	64.00
1059.11	93.00
1059.28	97.00
1059.46	120.00
1059.63	191.00
1059.81	146.00
1059.99	106.00
1060.16	61.00
1060.34	46.00
1060.52	78.00
1060.69	95.00
1060.87	107.00
1061.04	108.00
1061.22	107.00
