367.62	-31.00
367.82	27.00
368.02	63.00
368.23	55.00
368.43	63.00
368.63	28.00
368.83	14.00
369.04	94.00
369.24	114.00
369.44	-11.00
369.65	-40.00
369.85	-17.00
370.05	63.00
370.25	45.00
370.46	11.00
370.66	20.00
370.86	26.00
371.07	-24.00
371.27	18.00
371.47	13.00
371.67	20.00
371.88	3.00
372.08	-30.00
372.28	-3.00
372.49	37.00
372.69	0.00
372.89	30.00
373.09	-1.00
373.30	-29.00
373.50	15.00
373.70	10.00
373.91	13.00
374.11	18.00
374.31	-11.00
374.51	-22.00
374.72	7.00
374.92	34.00
375.12	45.00
375.33	-5.00
375.53	-23.00
375.73	-6.00
375.93	-1.00
376.14	8.00
376.34	35.00
376.54	29.00
376.74	-3.00
376.95	42.00
377.15	34.00
377.35	17.00
377.55	2.00
377.76	-55.00
377.96	-9.00
378.16	29.00
378.37	-38.00
378.57	-43.00
378.77	-1.00
378.97	31.00
379.18	37.00
379.38	17.00
379.58	-57.00
379.78	10.00
379.99	113.00
380.19	35.00
380.39	54.00
380.59	-33.00
380.80	-19.00
381.00	8.00
381.20	11.00
381.40	21.00
381.61	63.00
381.81	66.00
382.01	60.00
382.21	71.00
382.42	42.00
382.62	31.00
382.82	87.00
383.02	48.00
383.23	70.00
383.43	1.00
383.63	-84.00
383.83	-72.00
384.04	-48.00
384.24	-11.00
384.44	12.00
384.64	24.00
384.85	32.00
385.05	86.00
385.25	86.00
385.45	-10.00
385.66	56.00
385.86	84.00
386.06	73.00
386.26	87.00
386.47	13.00
386.67	18.00
386.87	16.00
387.07	75.00
387.27	92.00
387.48	14.00
387.68	21.00
387.88	-28.00
388.08	64.00
388.29	42.00
388.49	25.00
388.69	-95.00
388.89	4.00
389.10	0.00
389.30	29.00
389.50	46.00
389.70	10.00
389.90	22.00
390.11	-14.00
390.31	-58.00
390.51	43.00
390.71	79.00
390.92	49.00
391.12	-15.00
391.32	9.00
391.52	-56.00
391.72	-62.00
391.93	-62.00
392.13	-14.00
392.33	-36.00
392.53	10.00
392.74	61.00
392.94	11.00
393.14	31.00
393.34	-6.00
393.54	-47.00
393.75	12.00
393.95	82.00
394.15	62.00
394.35	-17.00
394.56	20.00
394.76	48.00
394.96	1.00
395.16	-63.00
395.36	-9.00
395.57	4.00
395.77	-4.00
395.97	-25.00
396.17	-15.00
396.37	-13.00
396.58	-2.00
396.78	-6.00
396.98	60.00
397.18	7.00
397.38	-7.00
397.59	9.00
397.79	35.00
397.99	-16.00
398.19	-65.00
398.39	28.00
398.60	23.00
398.80	27.00
399.00	10.00
399.20	-14.00
399.40	48.00
399.61	89.00
399.81	-5.00
400.01	-37.00
400.21	51.00
400.41	62.00
400.62	67.00
400.82	-31.00
401.02	67.00
401.22	47.00
401.42	71.00
401.63	39.00
401.83	-9.00
402.03	57.00
402.23	36.00
402.43	23.00
402.64	6.00
402.84	49.00
403.04	61.00
403.24	62.00
403.44	10.00
403.64	21.00
403.85	25.00
404.05	37.00
404.25	21.00
404.45	13.00
404.65	80.00
404.86	-49.00
405.06	8.00
405.26	12.00
405.46	-17.00
405.66	2.00
405.86	4.00
406.07	46.00
406.27	6.00
406.47	-16.00
406.67	31.00
406.87	34.00
407.07	23.00
407.28	29.00
407.48	22.00
407.68	44.00
407.88	-29.00
408.08	-26.00
408.28	65.00
408.49	27.00
408.69	76.00
408.89	56.00
409.09	51.00
409.29	52.00
409.49	77.00
409.70	104.00
409.90	-4.00
410.10	-54.00
410.30	-4.00
410.50	7.00
410.70	20.00
410.91	52.00
411.11	3.00
411.31	-16.00
411.51	-47.00
411.71	38.00
411.91	32.00
412.12	21.00
412.32	18.00
412.52	-16.00
412.72	15.00
412.92	-14.00
413.12	-22.00
413.32	1.00
413.53	46.00
413.73	4.00
413.93	37.00
414.13	27.00
414.33	-4.00
414.53	17.00
414.74	84.00
414.94	71.00
415.14	78.00
415.34	36.00
415.54	64.00
415.74	56.00
415.94	25.00
416.15	-47.00
416.35	-12.00
416.55	-44.00
416.75	-24.00
416.95	-8.00
417.15	80.00
417.35	0.00
417.56	-2.00
417.76	-4.00
417.96	-48.00
418.16	-38.00
418.36	10.00
418.56	35.00
418.76	40.00
418.97	58.00
419.17	-9.00
419.37	37.00
419.57	41.00
419.77	28.00
419.97	35.00
420.17	2.00
420.37	73.00
420.58	41.00
420.78	-16.00
420.98	5.00
421.18	-19.00
421.38	8.00
421.58	-32.00
421.78	80.00
421.98	42.00
422.19	-16.00
422.39	28.00
422.59	108.00
422.79	94.00
422.99	47.00
423.19	78.00
423.39	72.00
423.59	74.00
423.80	97.00
424.00	45.00
424.20	47.00
424.40	76.00
424.60	9.00
424.80	-31.00
425.00	22.00
425.20	46.00
425.40	88.00
425.61	28.00
425.81	4.00
426.01	7.00
426.21	51.00
426.41	94.00
426.61	36.00
426.81	36.00
427.01	22.00
427.21	54.00
427.42	109.00
427.62	10.00
427.82	-10.00
428.02	31.00
428.22	71.00
428.42	81.00
428.62	83.00
428.82	79.00
429.02	124.00
429.23	88.00
429.43	102.00
429.63	99.00
429.83	13.00
430.03	-22.00
430.23	14.00
430.43	99.00
430.63	79.00
430.83	58.00
431.03	81.00
431.24	43.00
431.44	24.00
431.64	94.00
431.84	41.00
432.04	28.00
432.24	44.00
432.44	26.00
432.64	29.00
432.84	63.00
433.04	110.00
433.24	114.00
433.45	25.00
433.65	17.00
433.85	31.00
434.05	63.00
434.25	75.00
434.45	76.00
434.65	-35.00
434.85	-8.00
435.05	-11.00
435.25	4.00
435.45	76.00
435.65	48.00
435.86	-18.00
436.06	-39.00
436.26	30.00
436.46	152.00
436.66	138.00
436.86	51.00
437.06	65.00
437.26	59.00
437.46	8.00
437.66	-3.00
437.86	-6.00
438.06	57.00
438.26	-13.00
438.47	30.00
438.67	10.00
438.87	37.00
439.07	50.00
439.27	65.00
439.47	95.00
439.67	67.00
439.87	8.00
440.07	49.00
440.27	30.00
440.47	83.00
440.67	26.00
440.87	54.00
441.07	49.00
441.27	129.00
441.48	43.00
441.68	87.00
441.88	29.00
442.08	38.00
442.28	97.00
442.48	79.00
442.68	-18.00
442.88	-4.00
443.08	-9.00
443.28	2.00
443.48	20.00
443.68	-17.00
443.88	54.00
444.08	53.00
444.28	17.00
444.48	12.00
444.68	-1.00
444.88	27.00
445.09	7.00
445.29	84.00
445.49	78.00
445.69	31.00
445.89	31.00
446.09	28.00
446.29	114.00
446.49	91.00
446.69	44.00
446.89	24.00
447.09	4.00
447.29	21.00
447.49	30.00
447.69	52.00
447.89	-52.00
448.09	68.00
448.29	88.00
448.49	41.00
448.69	46.00
448.89	30.00
449.09	96.00
449.29	86.00
449.49	85.00
449.70	39.00
449.90	-55.00
450.10	44.00
450.30	55.00
450.50	34.00
450.70	59.00
450.90	120.00
451.10	112.00
451.30	98.00
451.50	65.00
451.70	3.00
451.90	18.00
452.10	60.00
452.30	-15.00
452.50	54.00
452.70	76.00
452.90	45.00
453.10	66.00
453.30	18.00
453.50	-49.00
453.70	-8.00
453.90	137.00
454.10	85.00
454.30	27.00
454.50	77.00
454.70	126.00
454.90	9.00
455.10	15.00
455.30	95.00
455.50	42.00
455.70	65.00
455.90	53.00
456.10	75.00
456.30	20.00
456.50	51.00
456.70	108.00
456.90	72.00
457.10	92.00
457.30	78.00
457.50	104.00
457.70	126.00
457.90	48.00
458.10	70.00
458.30	45.00
458.50	72.00
458.70	87.00
458.90	54.00
459.10	41.00
459.30	44.00
459.50	118.00
459.70	83.00
459.90	73.00
460.10	98.00
460.30	124.00
460.50	103.00
460.70	73.00
460.90	104.00
461.10	49.00
461.30	104.00
461.50	93.00
461.70	74.00
461.90	44.00
462.10	114.00
462.30	106.00
462.50	98.00
462.70	137.00
462.90	100.00
463.10	37.00
463.30	61.00
463.50	75.00
463.70	85.00
463.90	108.00
464.10	94.00
464.30	95.00
464.50	100.00
464.70	97.00
464.90	90.00
465.10	19.00
465.30	120.00
465.50	42.00
465.70	11.00
465.90	91.00
466.10	103.00
466.30	128.00
466.50	71.00
466.70	128.00
466.90	86.00
467.10	71.00
467.30	98.00
467.50	141.00
467.70	76.00
467.90	63.00
468.10	130.00
468.30	127.00
468.50	61.00
468.70	70.00
468.90	72.00
469.10	27.00
469.30	77.00
469.50	59.00
469.70	69.00
469.90	100.00
470.10	-2.00
470.30	3.00
470.50	13.00
470.70	33.00
470.90	110.00
471.10	107.00
471.29	-26.00
471.49	42.00
471.69	90.00
471.89	81.00
472.09	95.00
472.29	13.00
472.49	141.00
472.69	167.00
472.89	102.00
473.09	84.00
473.29	129.00
473.49	126.00
473.69	175.00
473.89	61.00
474.09	94.00
474.29	121.00
474.49	131.00
474.69	62.00
474.89	49.00
475.09	97.00
475.29	167.00
475.49	66.00
475.69	7.00
475.88	108.00
476.08	165.00
476.28	135.00
476.48	83.00
476.68	35.00
476.88	92.00
477.08	26.00
477.28	3.00
477.48	47.00
477.68	92.00
477.88	64.00
478.08	85.00
478.28	188.00
478.48	168.00
478.68	174.00
478.88	94.00
479.08	88.00
479.28	114.00
479.47	134.00
479.67	141.00
479.87	91.00
480.07	84.00
480.27	143.00
480.47	87.00
480.67	76.00
480.87	75.00
481.07	120.00
481.27	99.00
481.47	111.00
481.67	80.00
481.87	87.00
482.07	78.00
482.27	67.00
482.46	144.00
482.66	100.00
482.86	112.00
483.06	83.00
483.26	110.00
483.46	84.00
483.66	108.00
483.86	100.00
484.06	185.00
484.26	143.00
484.46	126.00
484.66	74.00
484.86	52.00
485.05	132.00
485.25	144.00
485.45	137.00
485.65	103.00
485.85	58.00
486.05	108.00
486.25	102.00
486.45	61.00
486.65	71.00
486.85	117.00
487.05	70.00
487.25	35.00
487.44	25.00
487.64	50.00
487.84	96.00
488.04	117.00
488.24	74.00
488.44	89.00
488.64	109.00
488.84	114.00
489.04	99.00
489.24	131.00
489.43	102.00
489.63	178.00
489.83	193.00
490.03	137.00
490.23	138.00
490.43	87.00
490.63	147.00
490.83	125.00
491.03	145.00
491.23	133.00
491.42	69.00
491.62	152.00
491.82	154.00
492.02	128.00
492.22	35.00
492.42	88.00
492.62	164.00
492.82	129.00
493.02	106.00
493.22	204.00
493.41	234.00
493.61	196.00
493.81	208.00
494.01	165.00
494.21	154.00
494.41	171.00
494.61	144.00
494.81	208.00
495.01	170.00
495.20	137.00
495.40	198.00
495.60	190.00
495.80	152.00
496.00	161.00
496.20	213.00
496.40	165.00
496.60	123.00
496.79	214.00
496.99	244.00
497.19	180.00
497.39	154.00
497.59	160.00
497.79	155.00
497.99	142.00
498.19	148.00
498.38	199.00
498.58	178.00
498.78	181.00
498.98	155.00
499.18	146.00
499.38	117.00
499.58	183.00
499.78	130.00
499.97	144.00
500.17	157.00
500.37	163.00
500.57	159.00
500.77	137.00
500.97	112.00
501.17	169.00
501.37	171.00
501.56	201.00
501.76	152.00
501.96	160.00
502.16	169.00
502.36	208.00
502.56	180.00
502.76	176.00
502.95	188.00
503.15	153.00
503.35	130.00
503.55	248.00
503.75	206.00
503.95	170.00
504.15	196.00
504.34	233.00
504.54	188.00
504.74	167.00
504.94	231.00
505.14	198.00
505.34	89.00
505.54	124.00
505.73	156.00
505.93	135.00
506.13	97.00
506.33	149.00
506.53	162.00
506.73	204.00
506.92	224.00
507.12	257.00
507.32	176.00
507.52	221.00
507.72	206.00
507.92	128.00
508.12	113.00
508.31	180.00
508.51	212.00
508.71	145.00
508.91	158.00
509.11	167.00
509.31	108.00
509.50	222.00
509.70	234.00
509.90	189.00
510.10	182.00
510.30	214.00
510.50	211.00
510.69	155.00
510.89	195.00
511.09	195.00
511.29	147.00
511.49	161.00
511.69	244.00
511.88	207.00
512.08	105.00
512.28	128.00
512.48	178.00
512.68	166.00
512.88	148.00
513.07	138.00
513.27	134.00
513.47	179.00
513.67	251.00
513.87	204.00
514.06	221.00
514.26	223.00
514.46	136.00
514.66	148.00
514.86	196.00
515.06	201.00
515.25	233.00
515.45	232.00
515.65	196.00
515.85	202.00
516.05	189.00
516.24	172.00
516.44	168.00
516.64	176.00
516.84	207.00
517.04	217.00
517.23	208.00
517.43	228.00
517.63	196.00
517.83	249.00
518.03	243.00
518.23	150.00
518.42	94.00
518.62	182.00
518.82	208.00
519.02	229.00
519.22	293.00
519.41	189.00
519.61	201.00
519.81	228.00
520.01	197.00
520.21	87.00
520.40	109.00
520.60	224.00
520.80	210.00
521.00	181.00
521.20	223.00
521.39	189.00
521.59	188.00
521.79	159.00
521.99	183.00
522.19	117.00
522.38	155.00
522.58	114.00
522.78	243.00
522.98	219.00
523.17	190.00
523.37	255.00
523.57	201.00
523.77	229.00
523.97	282.00
524.16	263.00
524.36	232.00
524.56	238.00
524.76	227.00
524.96	221.00
525.15	217.00
525.35	228.00
525.55	239.00
525.75	239.00
525.94	137.00
526.14	204.00
526.34	232.00
526.54	201.00
526.74	216.00
526.93	203.00
527.13	186.00
527.33	270.00
527.53	296.00
527.72	274.00
527.92	252.00
528.12	243.00
528.32	239.00
528.52	258.00
528.71	153.00
528.91	196.00
529.11	212.00
529.31	301.00
529.50	315.00
529.70	223.00
529.90	260.00
530.10	232.00
530.29	193.00
530.49	223.00
530.69	269.00
530.89	266.00
531.09	260.00
531.28	301.00
531.48	323.00
531.68	342.00
531.88	289.00
532.07	248.00
532.27	302.00
532.47	297.00
532.67	243.00
532.86	238.00
533.06	302.00
533.26	285.00
533.46	270.00
533.65	328.00
533.85	289.00
534.05	335.00
534.25	355.00
534.44	353.00
534.64	320.00
534.84	273.00
535.04	339.00
535.23	353.00
535.43	343.00
535.63	316.00
535.83	311.00
536.02	326.00
536.22	420.00
536.42	385.00
536.62	316.00
536.81	324.00
537.01	333.00
537.21	360.00
537.41	359.00
537.60	390.00
537.80	352.00
538.00	406.00
538.20	460.00
538.39	437.00
538.59	459.00
538.79	408.00
538.99	357.00
539.18	316.00
539.38	318.00
539.58	371.00
539.77	400.00
539.97	351.00
540.17	368.00
540.37	407.00
540.56	432.00
540.76	350.00
540.96	366.00
541.16	464.00
541.35	418.00
541.55	388.00
541.75	259.00
541.94	343.00
542.14	440.00
542.34	373.00
542.54	362.00
542.73	427.00
542.93	457.00
543.13	404.00
543.33	382.00
543.52	401.00
543.72	442.00
543.92	398.00
544.11	416.00
544.31	449.00
544.51	369.00
544.71	429.00
544.90	315.00
545.10	346.00
545.30	393.00
545.49	440.00
545.69	480.00
545.89	446.00
546.09	467.00
546.28	471.00
546.48	516.00
546.68	494.00
546.87	477.00
547.07	443.00
547.27	412.00
547.47	362.00
547.66	379.00
547.86	418.00
548.06	410.00
548.25	440.00
548.45	437.00
548.65	403.00
548.84	427.00
549.04	473.00
549.24	494.00
549.44	409.00
549.63	470.00
549.83	459.00
550.03	354.00
550.22	431.00
550.42	483.00
550.62	497.00
550.81	518.00
551.01	409.00
551.21	396.00
551.41	439.00
551.60	354.00
551.80	399.00
552.00	410.00
552.19	430.00
552.39	416.00
552.59	421.00
552.78	461.00
552.98	453.00
553.18	369.00
553.37	454.00
553.57	457.00
553.77	424.00
553.96	477.00
554.16	421.00
554.36	359.00
554.56	443.00
554.75	458.00
554.95	343.00
555.15	385.00
555.34	406.00
555.54	407.00
555.74	425.00
555.93	407.00
556.13	329.00
556.33	367.00
556.52	344.00
556.72	391.00
556.92	373.00
557.11	377.00
557.31	413.00
557.51	392.00
557.70	345.00
557.90	440.00
558.10	395.00
558.29	385.00
558.49	368.00
558.69	385.00
558.88	364.00
559.08	365.00
559.28	306.00
559.47	320.00
559.67	332.00
559.87	410.00
560.06	340.00
560.26	409.00
560.46	362.00
560.65	352.00
560.85	345.00
561.05	408.00
561.24	382.00
561.44	327.00
561.64	292.00
561.83	341.00
562.03	368.00
562.23	341.00
562.42	307.00
562.62	434.00
562.82	396.00
563.01	338.00
563.21	323.00
563.40	341.00
563.60	361.00
563.80	356.00
563.99	391.00
564.19	368.00
564.39	360.00
564.58	347.00
564.78	368.00
564.98	412.00
565.17	358.00
565.37	334.00
565.57	342.00
565.76	336.00
565.96	344.00
566.16	311.00
566.35	415.00
566.55	367.00
566.74	370.00
566.94	370.00
567.14	353.00
567.33	397.00
567.53	415.00
567.73	349.00
567.92	347.00
568.12	423.00
568.32	444.00
568.51	413.00
568.71	412.00
568.90	424.00
569.10	364.00
569.30	404.00
569.49	431.00
569.69	478.00
569.89	482.00
570.08	466.00
570.28	462.00
570.47	459.00
570.67	477.00
570.87	435.00
571.06	445.00
571.26	447.00
571.46	452.00
571.65	459.00
571.85	503.00
572.04	450.00
572.24	428.00
572.44	442.00
572.63	475.00
572.83	374.00
573.03	425.00
573.22	476.00
573.42	491.00
573.61	484.00
573.81	507.00
574.01	538.00
574.20	562.00
574.40	605.00
574.59	612.00
574.79	509.00
574.99	487.00
575.18	587.00
575.38	572.00
575.58	522.00
575.77	529.00
575.97	558.00
576.16	512.00
576.36	570.00
576.56	601.00
576.75	583.00
576.95	595.00
577.14	578.00
577.34	609.00
577.54	593.00
577.73	601.00
577.93	599.00
578.12	621.00
578.32	607.00
578.52	654.00
578.71	674.00
578.91	706.00
579.10	667.00
579.30	612.00
579.50	625.00
579.69	599.00
579.89	697.00
580.08	710.00
580.28	774.00
580.48	714.00
580.67	731.00
580.87	719.00
581.06	739.00
581.26	749.00
581.45	769.00
581.65	768.00
581.85	814.00
582.04	817.00
582.24	798.00
582.43	814.00
582.63	812.00
582.83	823.00
583.02	803.00
583.22	857.00
583.41	907.00
583.61	874.00
583.80	839.00
584.00	926.00
584.20	927.00
584.39	899.00
584.59	955.00
584.78	995.00
584.98	1009.00
585.17	903.00
585.37	977.00
585.57	1004.00
585.76	1024.00
585.96	1013.00
586.15	927.00
586.35	1022.00
586.54	1046.00
586.74	1040.00
586.94	1119.00
587.13	1141.00
587.33	1119.00
587.52	1143.00
587.72	1108.00
587.91	1091.00
588.11	1196.00
588.31	1099.00
588.50	1107.00
588.70	1096.00
588.89	1087.00
589.09	1082.00
589.28	1096.00
589.48	1114.00
589.68	1180.00
589.87	1159.00
590.07	1205.00
590.26	1226.00
590.46	1189.00
590.65	1218.00
590.85	1281.00
591.04	1309.00
591.24	1307.00
591.44	1353.00
591.63	1309.00
591.83	1296.00
592.02	1337.00
592.22	1360.00
592.41	1389.00
592.61	1347.00
592.80	1454.00
593.00	1396.00
593.19	1442.00
593.39	1407.00
593.59	1404.00
593.78	1467.00
593.98	1430.00
594.17	1429.00
594.37	1453.00
594.56	1442.00
594.76	1476.00
594.95	1395.00
595.15	1437.00
595.34	1584.00
595.54	1577.00
595.73	1494.00
595.93	1472.00
596.13	1395.00
596.32	1458.00
596.52	1525.00
596.71	1477.00
596.91	1556.00
597.10	1502.00
597.30	1603.00
597.49	1591.00
597.69	1615.00
597.88	1640.00
598.08	1671.00
598.27	1593.00
598.47	1555.00
598.66	1692.00
598.86	1724.00
599.06	1599.00
599.25	1572.00
599.45	1655.00
599.64	1664.00
599.84	1674.00
600.03	1717.00
600.23	1712.00
600.42	1666.00
600.62	1624.00
600.81	1589.00
601.01	1714.00
601.20	1666.00
601.40	1657.00
601.59	1704.00
601.79	1681.00
601.98	1627.00
602.18	1575.00
602.37	1600.00
602.57	1640.00
602.76	1707.00
602.96	1729.00
603.15	1741.00
603.35	1580.00
603.54	1684.00
603.74	1627.00
603.93	1581.00
604.13	1614.00
604.32	1536.00
604.52	1720.00
604.71	1672.00
604.91	1725.00
605.10	1665.00
605.30	1616.00
605.49	1674.00
605.69	1710.00
605.88	1714.00
606.08	1635.00
606.27	1662.00
606.47	1693.00
606.66	1685.00
606.86	1689.00
607.05	1772.00
607.25	1789.00
607.44	1739.00
607.64	1675.00
607.83	1709.00
608.03	1724.00
608.22	1741.00
608.42	1714.00
608.61	1753.00
608.81	1715.00
609.00	1838.00
609.20	1799.00
609.39	1859.00
609.59	1940.00
609.78	1915.00
609.98	2053.00
610.17	2198.00
610.37	2333.00
610.56	2500.00
610.76	2561.00
610.95	2498.00
611.15	2551.00
611.34	2589.00
611.54	2704.00
611.73	2750.00
611.93	2743.00
612.12	2488.00
612.32	2349.00
612.51	2132.00
612.71	2009.00
612.90	1991.00
613.09	2004.00
613.29	2036.00
613.48	1996.00
613.68	1924.00
613.87	1850.00
614.07	1902.00
614.26	1882.00
614.46	1858.00
614.65	1904.00
614.85	1899.00
615.04	1821.00
615.24	1879.00
615.43	1873.00
615.63	1774.00
615.82	1746.00
616.02	1725.00
616.21	1788.00
616.40	1744.00
616.60	1755.00
616.79	1661.00
616.99	1705.00
617.18	1744.00
617.38	1732.00
617.57	1773.00
617.77	1689.00
617.96	1684.00
618.16	1678.00
618.35	1662.00
618.54	1710.00
618.74	1664.00
618.93	1750.00
619.13	1737.00
619.32	1661.00
619.52	1757.00
619.71	1768.00
619.91	1729.00
620.10	1741.00
620.30	1830.00
620.49	1874.00
620.68	1806.00
620.88	1772.00
621.07	1795.00
621.27	1733.00
621.46	1769.00
621.66	1753.00
621.85	1736.00
622.05	1851.00
622.24	1888.00
622.43	1813.00
622.63	1911.00
622.82	1906.00
623.02	1814.00
623.21	1948.00
623.41	1943.00
623.60	1921.00
623.80	1835.00
623.99	1835.00
624.18	1852.00
624.38	1902.00
624.57	1866.00
624.77	1795.00
624.96	1891.00
625.16	1914.00
625.35	1941.00
625.54	1939.00
625.74	1883.00
625.93	1940.00
626.13	1941.00
626.32	1978.00
626.52	2027.00
626.71	1949.00
626.90	1902.00
627.10	2006.00
627.29	1953.00
627.49	1895.00
627.68	1903.00
627.88	1953.00
628.07	1915.00
628.26	1958.00
628.46	1973.00
628.65	1967.00
628.85	2089.00
629.04	2047.00
629.23	2063.00
629.43	2088.00
629.62	2106.00
629.82	2090.00
630.01	2149.00
630.21	2155.00
630.40	2110.00
630.59	2189.00
630.79	2221.00
630.98	2270.00
631.18	2164.00
631.37	2085.00
631.56	2162.00
631.76	2223.00
631.95	2261.00
632.15	2230.00
632.34	2208.00
632.53	2187.00
632.73	2150.00
632.92	2134.00
633.12	2125.00
633.31	2210.00
633.50	2230.00
633.70	2185.00
633.89	2109.00
634.09	2147.00
634.28	2309.00
634.47	2313.00
634.67	2288.00
634.86	2268.00
635.06	2334.00
635.25	2296.00
635.44	2183.00
635.64	2338.00
635.83	2264.00
636.03	2309.00
636.22	2300.00
636.41	2372.00
636.61	2371.00
636.80	2368.00
637.00	2372.00
637.19	2306.00
637.38	2278.00
637.58	2384.00
637.77	2492.00
637.96	2458.00
638.16	2483.00
638.35	2463.00
638.55	2388.00
638.74	2354.00
638.93	2589.00
639.13	2569.00
639.32	2523.00
639.51	2544.00
639.71	2539.00
639.90	2548.00
640.10	2520.00
640.29	2596.00
640.48	2666.00
640.68	2636.00
640.87	2548.00
641.07	2528.00
641.26	2572.00
641.45	2699.00
641.65	2742.00
641.84	2604.00
642.03	2602.00
642.23	2660.00
642.42	2685.00
642.61	2691.00
642.81	2654.00
643.00	2639.00
643.20	2726.00
643.39	2729.00
643.58	2679.00
643.78	2677.00
643.97	2768.00
644.16	2849.00
644.36	2848.00
644.55	2805.00
644.74	2766.00
644.94	2764.00
645.13	2804.00
645.33	2874.00
645.52	2820.00
645.71	2773.00
645.91	2838.00
646.10	2836.00
646.29	2911.00
646.49	2782.00
646.68	2763.00
646.87	2863.00
647.07	2838.00
647.26	2818.00
647.45	2909.00
647.65	2889.00
647.84	2818.00
648.03	2899.00
648.23	2995.00
648.42	2962.00
648.62	2951.00
648.81	2871.00
649.00	2939.00
649.20	2948.00
649.39	2977.00
649.58	2952.00
649.78	3020.00
649.97	2965.00
650.16	3028.00
650.36	3016.00
650.55	3090.00
650.74	3108.00
650.94	3121.00
651.13	3160.00
651.32	3116.00
651.52	3137.00
651.71	3140.00
651.90	3087.00
652.10	3096.00
652.29	3202.00
652.48	3066.00
652.68	3104.00
652.87	3102.00
653.06	3068.00
653.26	3069.00
653.45	3015.00
653.64	2976.00
653.84	3043.00
654.03	3044.00
654.22	3046.00
654.42	3028.00
654.61	3124.00
654.80	3123.00
654.99	3156.00
655.19	3083.00
655.38	3026.00
655.57	3028.00
655.77	3210.00
655.96	3184.00
656.15	3115.00
656.35	3127.00
656.54	3074.00
656.73	2997.00
656.93	3096.00
657.12	3100.00
657.31	3082.00
657.51	3151.00
657.70	3031.00
657.89	3048.00
658.09	3094.00
658.28	3053.00
658.47	3038.00
658.66	3087.00
658.86	3076.00
659.05	3063.00
659.24	3140.00
659.44	3079.00
659.63	3145.00
659.82	3108.00
660.02	3019.00
660.21	2998.00
660.40	3035.00
660.60	3019.00
660.79	2966.00
660.98	2986.00
661.17	3003.00
661.37	2986.00
661.56	3095.00
661.75	3131.00
661.95	3041.00
662.14	2970.00
662.33	3001.00
662.52	2962.00
662.72	2954.00
662.91	3061.00
663.10	3079.00
663.30	3001.00
663.49	2951.00
663.68	2985.00
663.88	3012.00
664.07	3004.00
664.26	3054.00
664.45	2973.00
664.65	2907.00
664.84	2890.00
665.03	2840.00
665.23	2829.00
665.42	2890.00
665.61	2992.00
665.80	2921.00
666.00	2956.00
666.19	2903.00
666.38	2883.00
666.57	2962.00
666.77	2947.00
666.96	2988.00
667.15	2946.00
667.35	2977.00
667.54	2945.00
667.73	2842.00
667.92	2758.00
668.12	2963.00
668.31	2879.00
668.50	2805.00
668.70	2819.00
668.89	2803.00
669.08	2924.00
669.27	2847.00
669.47	2802.00
669.66	2860.00
669.85	2868.00
670.04	2764.00
670.24	2750.00
670.43	2871.00
670.62	2816.00
670.81	2878.00
671.01	2840.00
671.20	2871.00
671.39	2744.00
671.58	2770.00
671.78	2841.00
671.97	2720.00
672.16	2727.00
672.36	2710.00
672.55	2733.00
672.74	2647.00
672.93	2660.00
673.13	2678.00
673.32	2573.00
673.51	2540.00
673.70	2705.00
673.90	2764.00
674.09	2697.00
674.28	2690.00
674.47	2730.00
674.67	2729.00
674.86	2680.00
675.05	2716.00
675.24	2711.00
675.44	2697.00
675.63	2670.00
675.82	2706.00
676.01	2660.00
676.21	2652.00
676.40	2689.00
676.59	2643.00
676.78	2563.00
676.97	2594.00
677.17	2630.00
677.36	2645.00
677.55	2534.00
677.74	2592.00
677.94	2669.00
678.13	2577.00
678.32	2665.00
678.51	2619.00
678.71	2626.00
678.90	2628.00
679.09	2662.00
679.28	2558.00
679.48	2580.00
679.67	2603.00
679.86	2638.00
680.05	2553.00
680.24	2587.00
680.44	2578.00
680.63	2591.00
680.82	2521.00
681.01	2435.00
681.21	2561.00
681.40	2609.00
681.59	2586.00
681.78	2628.00
681.97	2562.00
682.17	2490.00
682.36	2579.00
682.55	2493.00
682.74	2484.00
682.94	2517.00
683.13	2437.00
683.32	2459.00
683.51	2592.00
683.70	2544.00
683.90	2535.00
684.09	2556.00
684.28	2555.00
684.47	2476.00
684.66	2400.00
684.86	2466.00
685.05	2514.00
685.24	2539.00
685.43	2576.00
685.63	2490.00
685.82	2561.00
686.01	2583.00
686.20	2507.00
686.39	2448.00
686.59	2529.00
686.78	2519.00
686.97	2470.00
687.16	2464.00
687.35	2480.00
687.55	2589.00
687.74	2575.00
687.93	2543.00
688.12	2594.00
688.31	2476.00
688.51	2441.00
688.70	2611.00
688.89	2564.00
689.08	2609.00
689.27	2498.00
689.47	2497.00
689.66	2474.00
689.85	2540.00
690.04	2560.00
690.23	2513.00
690.42	2563.00
690.62	2563.00
690.81	2446.00
691.00	2458.00
691.19	2502.00
691.38	2535.00
691.58	2431.00
691.77	2495.00
691.96	2569.00
692.15	2571.00
692.34	2501.00
692.54	2565.00
692.73	2546.00
692.92	2555.00
693.11	2576.00
693.30	2582.00
693.49	2573.00
693.69	2431.00
693.88	2401.00
694.07	2482.00
694.26	2535.00
694.45	2557.00
694.64	2461.00
694.84	2453.00
695.03	2463.00
695.22	2435.00
695.41	2467.00
695.60	2433.00
695.80	2539.00
695.99	2519.00
696.18	2424.00
696.37	2454.00
696.56	2560.00
696.75	2528.00
696.95	2525.00
697.14	2542.00
697.33	2557.00
697.52	2548.00
697.71	2600.00
697.90	2619.00
698.09	2553.00
698.29	2597.00
698.48	2628.00
698.67	2512.00
698.86	2553.00
699.05	2616.00
699.24	2644.00
699.44	2638.00
699.63	2626.00
699.82	2570.00
700.01	2628.00
700.20	2626.00
700.39	2511.00
700.58	2607.00
700.78	2645.00
700.97	2616.00
701.16	2561.00
701.35	2522.00
701.54	2593.00
701.73	2607.00
701.93	2658.00
702.12	2716.00
702.31	2615.00
702.50	2603.00
702.69	2647.00
702.88	2661.00
703.07	2700.00
703.27	2764.00
703.46	2752.00
703.65	2763.00
703.84	2834.00
704.03	2750.00
704.22	2698.00
704.41	2836.00
704.60	2797.00
704.80	2775.00
704.99	2745.00
705.18	2773.00
705.37	2838.00
705.56	2805.00
705.75	2771.00
705.94	2810.00
706.14	2828.00
706.33	2823.00
706.52	2830.00
706.71	2911.00
706.90	2857.00
707.09	3056.00
707.28	3003.00
707.47	2941.00
707.67	2995.00
707.86	3015.00
708.05	3050.00
708.24	3026.00
708.43	3013.00
708.62	3118.00
708.81	3085.00
709.00	3073.00
709.20	3003.00
709.39	2922.00
709.58	2949.00
709.77	3084.00
709.96	3046.00
710.15	3052.00
710.34	3049.00
710.53	3056.00
710.72	3032.00
710.92	3047.00
711.11	2956.00
711.30	2914.00
711.49	2982.00
711.68	3008.00
711.87	3013.00
712.06	3062.00
712.25	3139.00
712.44	3105.00
712.64	3238.00
712.83	3236.00
713.02	3251.00
713.21	3168.00
713.40	3141.00
713.59	3209.00
713.78	3216.00
713.97	3147.00
714.16	3244.00
714.35	3257.00
714.55	3241.00
714.74	3226.00
714.93	3216.00
715.12	3202.00
715.31	3208.00
715.50	3146.00
715.69	3199.00
715.88	3224.00
716.07	3171.00
716.26	3224.00
716.45	3219.00
716.65	3206.00
716.84	3204.00
717.03	3271.00
717.22	3232.00
717.41	3186.00
717.60	3113.00
717.79	3216.00
717.98	3216.00
718.17	3190.00
718.36	3239.00
718.55	3265.00
718.75	3256.00
718.94	3202.00
719.13	3343.00
719.32	3455.00
719.51	3338.00
719.70	3358.00
719.89	3337.00
720.08	3376.00
720.27	3339.00
720.46	3311.00
720.65	3325.00
720.84	3235.00
721.03	3272.00
721.22	3320.00
721.42	3386.00
721.61	3350.00
721.80	3306.00
721.99	3368.00
722.18	3286.00
722.37	3259.00
722.56	3189.00
722.75	3253.00
722.94	3326.00
723.13	3259.00
723.32	3288.00
723.51	3269.00
723.70	3284.00
723.89	3329.00
724.08	3288.00
724.28	3366.00
724.47	3269.00
724.66	3286.00
724.85	3321.00
725.04	3380.00
725.23	3329.00
725.42	3429.00
725.61	3317.00
725.80	3298.00
725.99	3422.00
726.18	3458.00
726.37	3364.00
726.56	3361.00
726.75	3305.00
726.94	3323.00
727.13	3367.00
727.32	3390.00
727.51	3319.00
727.71	3337.00
727.90	3383.00
728.09	3395.00
728.28	3335.00
728.47	3290.00
728.66	3328.00
728.85	3354.00
729.04	3261.00
729.23	3317.00
729.42	3319.00
729.61	3260.00
729.80	3293.00
729.99	3359.00
730.18	3327.00
730.37	3351.00
730.56	3350.00
730.75	3251.00
730.94	3367.00
731.13	3353.00
731.32	3268.00
731.51	3207.00
731.70	3326.00
731.89	3366.00
732.08	3309.00
732.27	3254.00
732.46	3270.00
732.65	3331.00
732.84	3283.00
733.04	3327.00
733.23	3333.00
733.42	3329.00
733.61	3267.00
733.80	3281.00
733.99	3388.00
734.18	3344.00
734.37	3207.00
734.56	3254.00
734.75	3267.00
734.94	3310.00
735.13	3432.00
735.32	3253.00
735.51	3217.00
735.70	3224.00
735.89	3221.00
736.08	3210.00
736.27	3146.00
736.46	3204.00
736.65	3184.00
736.84	3232.00
737.03	3279.00
737.22	3213.00
737.41	3154.00
737.60	3084.00
737.79	3160.00
737.98	3210.00
738.17	3065.00
738.36	3051.00
738.55	3156.00
738.74	3114.00
738.93	3215.00
739.12	3215.00
739.31	3154.00
739.50	3176.00
739.69	3117.00
739.88	3056.00
740.07	3124.00
740.26	3057.00
740.45	3094.00
740.64	3157.00
740.83	3126.00
741.02	3086.00
741.21	3027.00
741.40	3121.00
741.59	3210.00
741.78	3005.00
741.97	2937.00
742.16	2960.00
742.35	2963.00
742.54	3087.00
742.73	2958.00
742.92	2971.00
743.11	2868.00
743.30	2953.00
743.49	2936.00
743.68	2973.00
743.87	2950.00
744.06	2970.00
744.25	2984.00
744.44	2944.00
744.63	2962.00
744.82	2929.00
745.01	2885.00
745.20	2880.00
745.39	2888.00
745.58	2977.00
745.77	2856.00
745.96	2904.00
746.15	2912.00
746.34	2730.00
746.52	2826.00
746.71	2978.00
746.90	2910.00
747.09	2838.00
747.28	2847.00
747.47	2879.00
747.66	2807.00
747.85	2833.00
748.04	2819.00
748.23	2834.00
748.42	2831.00
748.61	2770.00
748.80	2836.00
748.99	2863.00
749.18	2741.00
749.37	2730.00
749.56	2727.00
749.75	2764.00
749.94	2768.00
750.13	2688.00
750.32	2625.00
750.51	2746.00
750.70	2622.00
750.89	2678.00
751.08	2724.00
751.27	2604.00
751.46	2585.00
751.64	2687.00
751.83	2631.00
752.02	2620.00
752.21	2640.00
752.40	2589.00
752.59	2616.00
752.78	2573.00
752.97	2618.00
753.16	2636.00
753.35	2499.00
753.54	2582.00
753.73	2656.00
753.92	2709.00
754.11	2702.00
754.30	2675.00
754.49	2557.00
754.68	2570.00
754.87	2562.00
755.06	2543.00
755.24	2566.00
755.43	2562.00
755.62	2519.00
755.81	2549.00
756.00	2545.00
756.19	2575.00
756.38	2527.00
756.57	2520.00
756.76	2540.00
756.95	2601.00
757.14	2507.00
757.33	2480.00
757.52	2446.00
757.71	2352.00
757.90	2372.00
758.08	2370.00
758.27	2432.00
758.46	2491.00
758.65	2420.00
758.84	2352.00
759.03	2475.00
759.22	2474.00
759.41	2436.00
759.60	2316.00
759.79	2378.00
759.98	2417.00
760.17	2427.00
760.36	2438.00
760.54	2456.00
760.73	2351.00
760.92	2379.00
761.11	2372.00
761.30	2301.00
761.49	2328.00
761.68	2319.00
761.87	2233.00
762.06	2216.00
762.25	2168.00
762.44	2220.00
762.63	2231.00
762.81	2182.00
763.00	2104.00
763.19	1994.00
763.38	2018.00
763.57	1984.00
763.76	1993.00
763.95	2100.00
764.14	2109.00
764.33	2093.00
764.52	2100.00
764.71	2075.00
764.89	2130.00
765.08	2159.00
765.27	2088.00
765.46	2038.00
765.65	2013.00
765.84	2033.00
766.03	2084.00
766.22	2064.00
766.41	2111.00
766.59	2113.00
766.78	2081.00
766.97	2234.00
767.16	2324.00
767.35	2311.00
767.54	2256.00
767.73	2268.00
767.92	2309.00
768.11	2258.00
768.30	2243.00
768.48	2362.00
768.67	2264.00
768.86	2328.00
769.05	2281.00
769.24	2215.00
769.43	2315.00
769.62	2268.00
769.81	2306.00
769.99	2341.00
770.18	2370.00
770.37	2317.00
770.56	2364.00
770.75	2397.00
770.94	2353.00
771.13	2333.00
771.32	2325.00
771.50	2278.00
771.69	2262.00
771.88	2296.00
772.07	2378.00
772.26	2234.00
772.45	2273.00
772.64	2357.00
772.83	2286.00
773.01	2341.00
773.20	2293.00
773.39	2253.00
773.58	2305.00
773.77	2315.00
773.96	2265.00
774.15	2172.00
774.34	2226.00
774.52	2307.00
774.71	2323.00
774.90	2299.00
775.09	2198.00
775.28	2127.00
775.47	2260.00
775.66	2219.00
775.84	2139.00
776.03	2263.00
776.22	2252.00
776.41	2260.00
776.60	2107.00
776.79	2139.00
776.98	2212.00
777.16	2160.00
777.35	2222.00
777.54	2231.00
777.73	2224.00
777.92	2298.00
778.11	2290.00
778.29	2255.00
778.48	2219.00
778.67	2178.00
778.86	2157.00
779.05	2119.00
779.24	2163.00
779.43	2218.00
779.61	2247.00
779.80	2243.00
779.99	2194.00
780.18	2223.00
780.37	2263.00
780.56	2257.00
780.74	2250.00
780.93	2251.00
781.12	2240.00
781.31	2311.00
781.50	2307.00
781.69	2333.00
781.87	2312.00
782.06	2292.00
782.25	2227.00
782.44	2283.00
782.63	2169.00
782.82	2192.00
783.00	2216.00
783.19	2264.00
783.38	2293.00
783.57	2197.00
783.76	2170.00
783.95	2230.00
784.13	2184.00
784.32	2214.00
784.51	2198.00
784.70	2209.00
784.89	2271.00
785.08	2314.00
785.26	2341.00
785.45	2343.00
785.64	2230.00
785.83	2253.00
786.02	2299.00
786.20	2257.00
786.39	2242.00
786.58	2183.00
786.77	2231.00
786.96	2285.00
787.15	2285.00
787.33	2269.00
787.52	2355.00
787.71	2275.00
787.90	2202.00
788.09	2317.00
788.27	2309.00
788.46	2244.00
788.65	2300.00
788.84	2393.00
789.03	2419.00
789.21	2384.00
789.40	2398.00
789.59	2362.00
789.78	2376.00
789.97	2360.00
790.15	2342.00
790.34	2277.00
790.53	2327.00
790.72	2320.00
790.91	2340.00
791.09	2419.00
791.28	2416.00
791.47	2376.00
791.66	2372.00
791.85	2422.00
792.03	2417.00
792.22	2394.00
792.41	2476.00
792.60	2570.00
792.79	2513.00
792.97	2504.00
793.16	2507.00
793.35	2508.00
793.54	2425.00
793.72	2423.00
793.91	2412.00
794.10	2394.00
794.29	2444.00
794.48	2445.00
794.66	2395.00
794.85	2490.00
795.04	2463.00
795.23	2566.00
795.42	2460.00
795.60	2376.00
795.79	2397.00
795.98	2454.00
796.17	2551.00
796.35	2590.00
796.54	2534.00
796.73	2473.00
796.92	2431.00
797.11	2436.00
797.29	2475.00
797.48	2425.00
797.67	2513.00
797.86	2538.00
798.04	2520.00
798.23	2497.00
798.42	2459.00
798.61	2433.00
798.79	2431.00
798.98	2338.00
799.17	2420.00
799.36	2515.00
799.54	2454.00
799.73	2407.00
799.92	2381.00
800.11	2446.00
800.30	2403.00
800.48	2429.00
800.67	2380.00
800.86	2510.00
801.05	2583.00
801.23	2566.00
801.42	2468.00
801.61	2430.00
801.80	2431.00
801.98	2459.00
802.17	2473.00
802.36	2482.00
802.55	2431.00
802.73	2425.00
802.92	2566.00
803.11	2567.00
803.30	2495.00
803.48	2376.00
803.67	2432.00
803.86	2497.00
804.05	2542.00
804.23	2528.00
804.42	2660.00
804.61	2588.00
804.80	2546.00
804.98	2501.00
805.17	2430.00
805.36	2462.00
805.54	2502.00
805.73	2509.00
805.92	2553.00
806.11	2493.00
806.29	2531.00
806.48	2555.00
806.67	2556.00
806.86	2466.00
807.04	2584.00
807.23	2632.00
807.42	2636.00
807.61	2530.00
807.79	2541.00
807.98	2552.00
808.17	2646.00
808.35	2668.00
808.54	2521.00
808.73	2462.00
808.92	2534.00
809.10	2645.00
809.29	2530.00
809.48	2560.00
809.67	2621.00
809.85	2559.00
810.04	2575.00
810.23	2513.00
810.41	2432.00
810.60	2548.00
810.79	2493.00
810.98	2539.00
811.16	2481.00
811.35	2544.00
811.54	2578.00
811.72	2566.00
811.91	2537.00
812.10	2540.00
812.29	2532.00
812.47	2607.00
812.66	2631.00
812.85	2564.00
813.03	2462.00
813.22	2414.00
813.41	2492.00
813.60	2554.00
813.78	2582.00
813.97	2557.00
814.16	2503.00
814.34	2574.00
814.53	2529.00
814.72	2409.00
814.90	2430.00
815.09	2453.00
815.28	2575.00
815.47	2537.00
815.65	2465.00
815.84	2445.00
816.03	2485.00
816.21	2502.00
816.40	2510.00
816.59	2532.00
816.77	2467.00
816.96	2420.00
817.15	2543.00
817.33	2519.00
817.52	2536.00
817.71	2544.00
817.90	2556.00
818.08	2581.00
818.27	2549.00
818.46	2536.00
818.64	2526.00
818.83	2572.00
819.02	2580.00
819.20	2540.00
819.39	2506.00
819.58	2557.00
819.76	2622.00
819.95	2558.00
820.14	2480.00
820.32	2547.00
820.51	2445.00
820.70	2551.00
820.88	2581.00
821.07	2614.00
821.26	2485.00
821.44	2550.00
821.63	2560.00
821.82	2505.00
822.01	2511.00
822.19	2469.00
822.38	2423.00
822.57	2448.00
822.75	2501.00
822.94	2399.00
823.13	2368.00
823.31	2510.00
823.50	2510.00
823.69	2457.00
823.87	2446.00
824.06	2556.00
824.25	2449.00
824.43	2431.00
824.62	2475.00
824.80	2431.00
824.99	2408.00
825.18	2485.00
825.36	2466.00
825.55	2461.00
825.74	2522.00
825.92	2564.00
826.11	2503.00
826.30	2409.00
826.48	2422.00
826.67	2435.00
826.86	2398.00
827.04	2352.00
827.23	2384.00
827.42	2405.00
827.60	2503.00
827.79	2485.00
827.98	2404.00
828.16	2378.00
828.35	2288.00
828.54	2339.00
828.72	2383.00
828.91	2378.00
829.09	2405.00
829.28	2368.00
829.47	2369.00
829.65	2399.00
829.84	2345.00
830.03	2358.00
830.21	2372.00
830.40	2365.00
830.59	2358.00
830.77	2402.00
830.96	2341.00
831.14	2258.00
831.33	2291.00
831.52	2309.00
831.70	2279.00
831.89	2201.00
832.08	2237.00
832.26	2351.00
832.45	2381.00
832.64	2379.00
832.82	2303.00
833.01	2334.00
833.19	2338.00
833.38	2237.00
833.57	2287.00
833.75	2308.00
833.94	2323.00
834.13	2339.00
834.31	2341.00
834.50	2350.00
834.68	2300.00
834.87	2370.00
835.06	2344.00
835.24	2344.00
835.43	2267.00
835.61	2244.00
835.80	2249.00
835.99	2252.00
836.17	2286.00
836.36	2242.00
836.55	2208.00
836.73	2278.00
836.92	2256.00
837.10	2263.00
837.29	2233.00
837.48	2154.00
837.66	2241.00
837.85	2290.00
838.03	2286.00
838.22	2196.00
838.41	2231.00
838.59	2231.00
838.78	2235.00
838.96	2331.00
839.15	2226.00
839.34	2272.00
839.52	2201.00
839.71	2200.00
839.89	2201.00
840.08	2265.00
840.27	2266.00
840.45	2197.00
840.64	2184.00
840.82	2212.00
841.01	2206.00
841.20	2251.00
841.38	2163.00
841.57	2110.00
841.75	2106.00
841.94	2117.00
842.13	2124.00
842.31	2205.00
842.50	2143.00
842.68	2113.00
842.87	2059.00
843.05	2086.00
843.24	2051.00
843.43	2035.00
843.61	2048.00
843.80	2006.00
843.98	2077.00
844.17	2086.00
844.36	2046.00
844.54	2126.00
844.73	1999.00
844.91	2098.00
845.10	2085.00
845.28	2093.00
845.47	2049.00
845.66	2052.00
845.84	2077.00
846.03	2020.00
846.21	2022.00
846.40	2027.00
846.58	2052.00
846.77	2053.00
846.96	1974.00
847.14	2063.00
847.33	2020.00
847.51	2008.00
847.70	1926.00
847.88	1923.00
848.07	1960.00
848.25	2014.00
848.44	2064.00
848.63	1961.00
848.81	1991.00
849.00	1976.00
849.18	1941.00
849.37	2024.00
849.55	1931.00
849.74	1875.00
849.93	1874.00
850.11	1943.00
850.30	1922.00
850.48	1910.00
850.67	1864.00
850.85	1803.00
851.04	1973.00
851.22	1961.00
851.41	1983.00
851.59	1886.00
851.78	1933.00
851.97	1921.00
852.15	1948.00
852.34	1904.00
852.52	1891.00
852.71	2003.00
852.89	1921.00
853.08	1860.00
853.26	1868.00
853.45	1877.00
853.63	1809.00
853.82	1898.00
854.01	1866.00
854.19	1906.00
854.38	1871.00
854.56	1920.00
854.75	1907.00
854.93	1911.00
855.12	1867.00
855.30	1809.00
855.49	1842.00
855.67	1823.00
855.86	1810.00
856.04	1786.00
856.23	1810.00
856.41	1861.00
856.60	1932.00
856.79	1889.00
856.97	1817.00
857.16	1773.00
857.34	1823.00
857.53	1858.00
857.71	1747.00
857.90	1722.00
858.08	1863.00
858.27	1861.00
858.45	1853.00
858.64	1818.00
858.82	1747.00
859.01	1810.00
859.19	1841.00
859.38	1838.00
859.56	1743.00
859.75	1792.00
859.93	1729.00
860.12	1796.00
860.30	1783.00
860.49	1701.00
860.67	1778.00
860.86	1785.00
861.04	1778.00
861.23	1763.00
861.41	1744.00
861.60	1717.00
861.78	1674.00
861.97	1697.00
862.15	1695.00
862.34	1702.00
862.53	1687.00
862.71	1703.00
862.90	1762.00
863.08	1681.00
863.27	1681.00
863.45	1713.00
863.64	1731.00
863.82	1701.00
864.01	1623.00
864.19	1657.00
864.37	1647.00
864.56	1730.00
864.74	1714.00
864.93	1670.00
865.11	1673.00
865.30	1667.00
865.48	1651.00
865.67	1705.00
865.85	1669.00
866.04	1651.00
866.22	1604.00
866.41	1596.00
866.59	1610.00
866.78	1588.00
866.96	1640.00
867.15	1660.00
867.33	1592.00
867.52	1547.00
867.70	1634.00
867.89	1622.00
868.07	1598.00
868.26	1602.00
868.44	1574.00
868.63	1619.00
868.81	1599.00
869.00	1465.00
869.18	1449.00
869.37	1525.00
869.55	1529.00
869.74	1582.00
869.92	1580.00
870.10	1552.00
870.29	1471.00
870.47	1549.00
870.66	1553.00
870.84	1572.00
871.03	1532.00
871.21	1582.00
871.40	1560.00
871.58	1607.00
871.77	1454.00
871.95	1486.00
872.14	1513.00
872.32	1464.00
872.51	1464.00
872.69	1501.00
872.87	1537.00
873.06	1507.00
873.24	1538.00
873.43	1562.00
873.61	1494.00
873.80	1373.00
873.98	1435.00
874.17	1493.00
874.35	1487.00
874.54	1483.00
874.72	1429.00
874.90	1389.00
875.09	1441.00
875.27	1429.00
875.46	1488.00
875.64	1535.00
875.83	1440.00
876.01	1426.00
876.20	1430.00
876.38	1402.00
876.56	1438.00
876.75	1462.00
876.93	1473.00
877.12	1437.00
877.30	1451.00
877.49	1415.00
877.67	1383.00
877.86	1427.00
878.04	1425.00
878.22	1393.00
878.41	1424.00
878.59	1466.00
878.78	1432.00
878.96	1362.00
879.15	1388.00
879.33	1422.00
879.51	1389.00
879.70	1412.00
879.88	1373.00
880.07	1426.00
880.25	1473.00
880.44	1482.00
880.62	1420.00
880.80	1440.00
880.99	1377.00
881.17	1377.00
881.36	1435.00
881.54	1386.00
881.73	1494.00
881.91	1442.00
882.09	1452.00
882.28	1460.00
882.46	1441.00
882.65	1353.00
882.83	1317.00
883.02	1306.00
883.20	1390.00
883.38	1410.00
883.57	1399.00
883.75	1348.00
883.94	1373.00
884.12	1517.00
884.30	1407.00
884.49	1429.00
884.67	1382.00
884.86	1375.00
885.04	1413.00
885.22	1365.00
885.41	1353.00
885.59	1367.00
885.78	1359.00
885.96	1323.00
886.14	1418.00
886.33	1314.00
886.51	1345.00
886.70	1395.00
886.88	1375.00
887.06	1345.00
887.25	1399.00
887.43	1289.00
887.62	1415.00
887.80	1274.00
887.98	1309.00
888.17	1340.00
888.35	1323.00
888.54	1364.00
888.72	1377.00
888.90	1304.00
889.09	1340.00
889.27	1453.00
889.46	1430.00
889.64	1376.00
889.82	1370.00
890.01	1382.00
890.19	1403.00
890.38	1363.00
890.56	1468.00
890.74	1375.00
890.93	1335.00
891.11	1428.00
891.29	1370.00
891.48	1270.00
891.66	1314.00
891.85	1341.00
892.03	1370.00
892.21	1361.00
892.40	1357.00
892.58	1281.00
892.76	1335.00
892.95	1351.00
893.13	1324.00
893.32	1390.00
893.50	1358.00
893.68	1332.00
893.87	1331.00
894.05	1312.00
894.23	1293.00
894.42	1369.00
894.60	1346.00
894.79	1352.00
894.97	1350.00
895.15	1372.00
895.34	1355.00
895.52	1357.00
895.70	1286.00
895.89	1317.00
896.07	1360.00
896.25	1339.00
896.44	1326.00
896.62	1345.00
896.81	1336.00
896.99	1386.00
897.17	1497.00
897.36	1463.00
897.54	1445.00
897.72	1296.00
897.91	1407.00
898.09	1366.00
898.27	1319.00
898.46	1378.00
898.64	1414.00
898.82	1353.00
899.01	1393.00
899.19	1454.00
899.37	1299.00
899.56	1317.00
899.74	1414.00
899.92	1346.00
900.11	1339.00
900.29	1305.00
900.47	1349.00
900.66	1423.00
900.84	1389.00
901.03	1500.00
901.21	1506.00
901.39	1425.00
901.58	1479.00
901.76	1419.00
901.94	1384.00
902.13	1391.00
902.31	1397.00
902.49	1517.00
902.68	1492.00
902.86	1528.00
903.04	1507.00
903.23	1424.00
903.41	1418.00
903.59	1426.00
903.78	1468.00
903.96	1501.00
904.14	1482.00
904.32	1433.00
904.51	1487.00
904.69	1442.00
904.87	1470.00
905.06	1487.00
905.24	1539.00
905.42	1556.00
905.61	1473.00
905.79	1459.00
905.97	1501.00
906.16	1468.00
906.34	1444.00
906.52	1493.00
906.71	1433.00
906.89	1447.00
907.07	1478.00
907.26	1488.00
907.44	1494.00
907.62	1507.00
907.81	1564.00
907.99	1459.00
908.17	1460.00
908.35	1511.00
908.54	1444.00
908.72	1432.00
908.90	1425.00
909.09	1462.00
909.27	1399.00
909.45	1490.00
909.64	1432.00
909.82	1518.00
910.00	1453.00
910.18	1369.00
910.37	1517.00
910.55	1546.00
910.73	1517.00
910.92	1501.00
911.10	1459.00
911.28	1473.00
911.47	1415.00
911.65	1405.00
911.83	1492.00
912.01	1467.00
912.20	1393.00
912.38	1419.00
912.56	1481.00
912.75	1484.00
912.93	1478.00
913.11	1518.00
913.29	1513.00
913.48	1453.00
913.66	1422.00
913.84	1483.00
914.03	1541.00
914.21	1355.00
914.39	1369.00
914.57	1477.00
914.76	1460.00
914.94	1406.00
915.12	1447.00
915.31	1484.00
915.49	1462.00
915.67	1460.00
915.85	1489.00
916.04	1414.00
916.22	1538.00
916.40	1535.00
916.58	1414.00
916.77	1393.00
916.95	1337.00
917.13	1363.00
917.32	1437.00
917.50	1463.00
917.68	1360.00
917.86	1318.00
918.05	1414.00
918.23	1413.00
918.41	1388.00
918.59	1360.00
918.78	1383.00
918.96	1393.00
919.14	1324.00
919.32	1348.00
919.51	1308.00
919.69	1409.00
919.87	1481.00
920.05	1472.00
920.24	1386.00
920.42	1236.00
920.60	1248.00
920.78	1325.00
920.97	1294.00
921.15	1313.00
921.33	1286.00
921.52	1280.00
921.70	1367.00
921.88	1275.00
922.06	1279.00
922.24	1353.00
922.43	1330.00
922.61	1334.00
922.79	1242.00
922.97	1299.00
923.16	1376.00
923.34	1419.00
923.52	1395.00
923.70	1331.00
923.89	1301.00
924.07	1240.00
924.25	1271.00
924.43	1343.00
924.62	1332.00
924.80	1239.00
924.98	1218.00
925.16	1295.00
925.35	1349.00
925.53	1358.00
925.71	1366.00
925.89	1227.00
926.08	1321.00
926.26	1280.00
926.44	1267.00
926.62	1343.00
926.80	1331.00
926.99	1223.00
927.17	1254.00
927.35	1309.00
927.53	1268.00
927.72	1201.00
927.90	1212.00
928.08	1247.00
928.26	1238.00
928.44	1260.00
928.63	1236.00
928.81	1254.00
928.99	1219.00
929.17	1227.00
929.36	1224.00
929.54	1220.00
929.72	1189.00
929.90	1250.00
930.08	1173.00
930.27	1114.00
930.45	1220.00
930.63	1254.00
930.81	1253.00
930.99	1282.00
931.18	1221.00
931.36	1206.00
931.54	1207.00
931.72	1171.00
931.90	1183.00
932.09	1163.00
932.27	1161.00
932.45	1184.00
932.63	1135.00
932.81	1128.00
933.00	1097.00
933.18	1095.00
933.36	1070.00
933.54	1075.00
933.72	1050.00
933.91	1014.00
934.09	1077.00
934.27	1069.00
934.45	1070.00
934.63	1083.00
934.82	1021.00
935.00	958.00
935.18	1047.00
935.36	963.00
935.54	1011.00
935.73	1048.00
935.91	877.00
936.09	842.00
936.27	964.00
936.45	935.00
936.64	884.00
936.82	877.00
937.00	845.00
937.18	872.00
937.36	830.00
937.54	848.00
937.73	825.00
937.91	860.00
938.09	852.00
938.27	815.00
938.45	856.00
938.63	798.00
938.82	762.00
939.00	712.00
939.18	810.00
939.36	772.00
939.54	795.00
939.73	737.00
939.91	706.00
940.09	715.00
940.27	720.00
940.45	722.00
940.63	686.00
940.82	607.00
941.00	688.00
941.18	664.00
941.36	599.00
941.54	607.00
941.72	585.00
941.91	630.00
942.09	672.00
942.27	692.00
942.45	692.00
942.63	622.00
942.81	599.00
942.99	604.00
943.18	620.00
943.36	570.00
943.54	573.00
943.72	581.00
943.90	634.00
944.08	600.00
944.27	617.00
944.45	608.00
944.63	635.00
944.81	583.00
944.99	594.00
945.17	622.00
945.35	566.00
945.54	605.00
945.72	617.00
945.90	539.00
946.08	607.00
946.26	559.00
946.44	574.00
946.62	606.00
946.81	541.00
946.99	588.00
947.17	594.00
947.35	581.00
947.53	581.00
947.71	623.00
947.89	636.00
948.07	569.00
948.26	610.00
948.44	618.00
948.62	535.00
948.80	630.00
948.98	686.00
949.16	647.00
949.34	707.00
949.53	625.00
949.71	613.00
949.89	623.00
950.07	620.00
950.25	576.00
950.43	595.00
950.61	591.00
950.79	562.00
950.98	650.00
951.16	656.00
951.34	670.00
951.52	729.00
951.70	645.00
951.88	543.00
952.06	588.00
952.24	619.00
952.42	618.00
952.61	650.00
952.79	700.00
952.97	616.00
953.15	562.00
953.33	593.00
953.51	513.00
953.69	502.00
953.87	556.00
954.05	547.00
954.24	571.00
954.42	648.00
954.60	601.00
954.78	542.00
954.96	659.00
955.14	645.00
955.32	532.00
955.50	541.00
955.68	543.00
955.86	543.00
956.05	585.00
956.23	636.00
956.41	621.00
956.59	526.00
956.77	537.00
956.95	554.00
957.13	576.00
957.31	607.00
957.49	633.00
957.67	564.00
957.86	557.00
958.04	542.00
958.22	569.00
958.40	560.00
958.58	532.00
958.76	527.00
958.94	535.00
959.12	572.00
959.30	634.00
959.48	580.00
959.66	586.00
959.84	609.00
960.03	570.00
960.21	513.00
960.39	552.00
960.57	527.00
960.75	511.00
960.93	527.00
961.11	514.00
961.29	502.00
961.47	555.00
961.65	508.00
961.83	500.00
962.01	583.00
962.19	559.00
962.37	561.00
962.56	566.00
962.74	504.00
962.92	523.00
963.10	588.00
963.28	541.00
963.46	465.00
963.64	530.00
963.82	543.00
964.00	518.00
964.18	507.00
964.36	491.00
964.54	523.00
964.72	536.00
964.90	561.00
965.08	547.00
965.27	609.00
965.45	614.00
965.63	590.00
965.81	634.00
965.99	556.00
966.17	595.00
966.35	523.00
966.53	555.00
966.71	573.00
966.89	556.00
967.07	570.00
967.25	575.00
967.43	552.00
967.61	506.00
967.79	534.00
967.97	551.00
968.15	537.00
968.33	522.00
968.51	505.00
968.69	393.00
968.87	462.00
969.06	524.00
969.24	499.00
969.42	565.00
969.60	555.00
969.78	525.00
969.96	490.00
970.14	499.00
970.32	479.00
970.50	479.00
970.68	464.00
970.86	493.00
971.04	489.00
971.22	486.00
971.40	532.00
971.58	480.00
971.76	437.00
971.94	505.00
972.12	417.00
972.30	500.00
972.48	474.00
972.66	490.00
972.84	588.00
973.02	509.00
973.20	440.00
973.38	455.00
973.56	439.00
973.74	466.00
973.92	545.00
974.10	432.00
974.28	420.00
974.46	487.00
974.64	501.00
974.82	414.00
975.00	430.00
975.18	414.00
975.36	473.00
975.54	547.00
975.72	511.00
975.90	477.00
976.08	471.00
976.26	391.00
976.44	395.00
976.62	405.00
976.80	472.00
976.98	507.00
977.16	458.00
977.34	369.00
977.52	440.00
977.70	462.00
977.88	480.00
978.06	519.00
978.24	414.00
978.42	390.00
978.60	441.00
978.78	422.00
978.96	453.00
979.14	421.00
979.32	387.00
979.50	437.00
979.68	435.00
979.86	386.00
980.04	360.00
980.22	346.00
980.40	434.00
980.58	386.00
980.76	395.00
980.94	358.00
981.12	379.00
981.30	373.00
981.48	389.00
981.66	412.00
981.84	339.00
982.02	329.00
982.20	412.00
982.38	390.00
982.56	356.00
982.74	368.00
982.92	431.00
983.10	418.00
983.28	387.00
983.46	352.00
983.64	380.00
983.82	419.00
984.00	365.00
984.18	355.00
984.36	408.00
984.54	358.00
984.72	355.00
984.90	352.00
985.08	425.00
985.26	388.00
985.44	325.00
985.62	377.00
985.80	412.00
985.98	446.00
986.16	380.00
986.34	343.00
986.51	359.00
986.69	352.00
986.87	367.00
987.05	422.00
987.23	411.00
987.41	379.00
987.59	382.00
987.77	416.00
987.95	321.00
988.13	345.00
988.31	385.00
988.49	375.00
988.67	388.00
988.85	424.00
989.03	351.00
989.21	277.00
989.39	351.00
989.57	386.00
989.75	444.00
989.93	437.00
990.11	327.00
990.28	397.00
990.46	379.00
990.64	316.00
990.82	386.00
991.00	301.00
991.18	363.00
991.36	390.00
991.54	280.00
991.72	335.00
991.90	382.00
992.08	399.00
992.26	269.00
992.44	346.00
992.62	329.00
992.80	337.00
992.98	360.00
993.15	309.00
993.33	247.00
993.51	259.00
993.69	285.00
993.87	370.00
994.05	319.00
994.23	317.00
994.41	320.00
994.59	333.00
994.77	365.00
994.95	328.00
995.13	269.00
995.31	300.00
995.48	301.00
995.66	352.00
995.84	324.00
996.02	319.00
996.20	288.00
996.38	224.00
996.56	230.00
996.74	276.00
996.92	314.00
997.10	348.00
997.28	324.00
997.46	243.00
997.63	256.00
997.81	261.00
997.99	252.00
998.17	288.00
998.35	302.00
998.53	254.00
998.71	222.00
998.89	280.00
999.07	336.00
999.25	321.00
999.43	319.00
999.60	293.00
999.78	320.00
999.96	240.00
1000.14	224.00
1000.32	284.00
1000.50	325.00
1000.68	344.00
1000.86	270.00
1001.04	294.00
1001.21	284.00
1001.39	257.00
1001.57	236.00
1001.75	247.00
1001.93	271.00
1002.11	272.00
1002.29	261.00
1002.47	286.00
1002.65	326.00
1002.82	258.00
1003.00	294.00
1003.18	293.00
1003.36	255.00
1003.54	289.00
1003.72	311.00
1003.90	381.00
1004.08	299.00
1004.26	288.00
1004.43	259.00
1004.61	280.00
1004.79	306.00
1004.97	235.00
1005.15	288.00
1005.33	343.00
1005.51	302.00
1005.69	313.00
1005.86	270.00
1006.04	284.00
1006.22	334.00
1006.40	273.00
1006.58	302.00
1006.76	249.00
1006.94	260.00
1007.12	205.00
1007.29	267.00
1007.47	235.00
1007.65	310.00
1007.83	280.00
1008.01	232.00
1008.19	239.00
1008.37	298.00
1008.54	251.00
1008.72	262.00
1008.90	250.00
1009.08	248.00
1009.26	291.00
1009.44	293.00
1009.62	313.00
1009.79	217.00
1009.97	302.00
1010.15	307.00
1010.33	279.00
1010.51	250.00
1010.69	239.00
1010.87	261.00
1011.04	233.00
1011.22	294.00
1011.40	327.00
1011.58	215.00
1011.76	197.00
1011.94	249.00
1012.11	285.00
1012.29	242.00
1012.47	165.00
1012.65	183.00
1012.83	228.00
1013.01	243.00
1013.18	311.00
1013.36	257.00
1013.54	209.00
1013.72	224.00
1013.90	171.00
1014.08	186.00
1014.25	274.00
1014.43	248.00
1014.61	196.00
1014.79	186.00
1014.97	221.00
1015.15	277.00
1015.32	258.00
1015.50	240.00
1015.68	295.00
1015.86	260.00
1016.04	316.00
1016.22	297.00
1016.39	234.00
1016.57	192.00
1016.75	278.00
1016.93	248.00
1017.11	278.00
1017.29	267.00
1017.46	246.00
1017.64	185.00
1017.82	224.00
1018.00	255.00
1018.18	290.00
1018.35	225.00
1018.53	178.00
1018.71	168.00
1018.89	195.00
1019.07	229.00
1019.24	268.00
1019.42	243.00
1019.60	196.00
1019.78	286.00
1019.96	232.00
1020.14	176.00
1020.31	210.00
1020.49	184.00
1020.67	159.00
1020.85	222.00
1021.03	270.00
1021.20	265.00
1021.38	250.00
1021.56	253.00
1021.74	233.00
1021.92	153.00
1022.09	177.00
1022.27	235.00
1022.45	217.00
1022.63	138.00
1022.81	156.00
1022.98	175.00
1023.16	236.00
1023.34	212.00
1023.52	191.00
1023.69	138.00
1023.87	175.00
1024.05	264.00
1024.23	184.00
1024.41	192.00
1024.58	137.00
1024.76	260.00
1024.94	202.00
1025.12	208.00
1025.30	180.00
1025.47	191.00
1025.65	198.00
1025.83	193.00
1026.01	184.00
1026.18	172.00
1026.36	200.00
1026.54	173.00
1026.72	229.00
1026.90	262.00
1027.07	174.00
1027.25	220.00
1027.43	174.00
1027.61	218.00
1027.78	255.00
1027.96	199.00
1028.14	198.00
1028.32	191.00
1028.49	217.00
1028.67	156.00
1028.85	150.00
1029.03	187.00
1029.21	200.00
1029.38	129.00
1029.56	186.00
1029.74	195.00
1029.92	147.00
1030.09	162.00
1030.27	157.00
1030.45	141.00
1030.63	151.00
1030.80	122.00
1030.98	165.00
1031.16	131.00
1031.34	148.00
1031.51	156.00
1031.69	165.00
1031.87	183.00
1032.05	168.00
1032.22	196.00
1032.40	214.00
1032.58	198.00
1032.76	177.00
1032.93	212.00
1033.11	172.00
1033.29	171.00
1033.47	245.00
1033.64	241.00
1033.82	202.00
1034.00	180.00
1034.18	256.00
1034.35	196.00
1034.53	161.00
1034.71	227.00
1034.89	178.00
1035.06	68.00
1035.24	178.00
1035.42	149.00
1035.59	156.00
1035.77	133.00
1035.95	96.00
1036.13	73.00
1036.30	81.00
1036.48	214.00
1036.66	205.00
1036.84	134.00
1037.01	106.00
1037.19	114.00
1037.37	183.00
1037.54	173.00
1037.72	209.00
1037.90	193.00
1038.08	203.00
1038.25	158.00
1038.43	173.00
1038.61	113.00
1038.79	134.00
1038.96	185.00
1039.14	207.00
1039.32	173.00
1039.49	176.00
1039.67	181.00
1039.85	103.00
1040.03	131.00
1040.20	186.00
1040.38	138.00
1040.56	158.00
1040.73	105.00
1040.91	108.00
1041.09	151.00
1041.27	199.00
1041.44	165.00
1041.62	219.00
1041.80	152.00
1041.97	80.00
1042.15	145.00
1042.33	146.00
1042.50	118.00
1042.68	116.00
1042.86	188.00
1043.04	146.00
1043.21	127.00
1043.39	195.00
1043.57	194.00
1043.74	162.00
1043.92	149.00
1044.10	129.00
1044.27	127.00
1044.45	139.00
1044.63	169.00
1044.80	126.00
1044.98	123.00
1045.16	148.00
1045.34	139.00
1045.51	128.00
1045.69	117.00
1045.87	47.00
1046.04	208.00
1046.22	158.00
1046.40	118.00
1046.57	179.00
1046.75	90.00
1046.93	144.00
1047.10	185.00
1047.28	151.00
1047.46	104.00
1047.63	117.00
1047.81	146.00
1047.99	115.00
1048.16	105.00
1048.34	166.00
1048.52	146.00
1048.69	209.00
1048.87	176.00
1049.05	111.00
1049.22	117.00
1049.40	95.00
1049.58	91.00
1049.75	108.00
1049.93	148.00
1050.11	71.00
1050.28	51.00
1050.46	69.00
1050.64	68.00
1050.81	170.00
1050.99	102.00
1051.17	119.00
1051.34	132.00
1051.52	102.00
1051.70	93.00
1051.87	131.00
1052.05	110.00
1052.23	180.00
1052.40	91.00
1052.58	76.00
1052.76	58.00
1052.93	71.00
1053.11	120.00
1053.29	107.00
1053.46	78.00
1053.64	177.00
1053.82	121.00
1053.99	46.00
1054.17	131.00
1054.35	119.00
1054.52	145.00
1054.70	103.00
1054.87	39.00
1055.05	45.00
1055.23	82.00
1055.40	96.00
1055.58	160.00
1055.76	111.00
1055.93	68.00
1056.11	65.00
1056.29	82.00
1056.46	202.00
1056.64	138.00
1056.81	80.00
1056.99	120.00
1057.17	121.00
1057.34	155.00
1057.52	109.00
1057.70	124.00
1057.87	112.00
1058.05	136.00
1058.22	142.00
1058.40	69.00
1058.58	122.00
1058.75	202.00
1058.93	176.00
1059.11	111.00
1059.28	85.00
1059.46	139.00
1059.63	139.00
1059.81	112.00
1059.99	115.00
1060.16	175.00
1060.34	174.00
1060.52	167.00
1060.69	82.00
1060.87	142.00
1061.04	147.00
1061.22	135.00
