367.62	10.00
367.82	34.00
368.02	-5.00
368.23	65.00
368.43	89.00
368.63	3.00
368.83	19.00
369.04	54.00
369.24	79.00
369.44	-44.00
369.65	-20.00
369.85	79.00
370.05	19.00
370.25	38.00
370.46	-10.00
370.66	38.00
370.86	90.00
371.07	32.00
371.27	75.00
371.47	15.00
371.67	9.00
371.88	21.00
372.08	-36.00
372.28	-17.00
372.49	-2.00
372.69	37.00
372.89	7.00
373.09	-12.00
373.30	-32.00
373.50	33.00
373.70	-8.00
373.91	23.00
374.11	6.00
374.31	24.00
374.51	-21.00
374.72	2.00
374.92	51.00
375.12	31.00
375.33	12.00
375.53	-6.00
375.73	-21.00
375.93	-15.00
376.14	55.00
376.34	60.00
376.54	29.00
376.74	30.00
376.95	11.00
377.15	-5.00
377.35	2.00
377.55	2.00
377.76	-5.00
377.96	28.00
378.16	16.00
378.37	5.00
378.57	-13.00
378.77	64.00
378.97	38.00
379.18	12.00
379.38	35.00
379.58	-50.00
379.78	14.00
379.99	97.00
380.19	46.00
380.39	31.00
380.59	-11.00
380.80	-35.00
381.00	38.00
381.20	29.00
381.40	-19.00
381.61	32.00
381.81	48.00
382.01	-11.00
382.21	72.00
382.42	18.00
382.62	70.00
382.82	86.00
383.02	69.00
383.23	68.00
383.43	49.00
383.63	-17.00
383.83	-37.00
384.04	8.00
384.24	38.00
384.44	-6.00
384.64	4.00
384.85	23.00
385.05	36.00
385.25	25.00
385.45	7.00
385.66	68.00
385.86	16.00
386.06	38.00
386.26	-5.00
386.47	-18.00
386.67	-24.00
386.87	6.00
387.07	3.00
387.27	10.00
387.48	43.00
387.68	14.00
387.88	-13.00
388.08	44.00
388.29	15.00
388.49	45.00
388.69	-77.00
388.89	13.00
389.10	4.00
389.30	-5.00
389.50	6.00
389.70	1.00
389.90	48.00
390.11	44.00
390.31	-51.00
390.51	41.00
390.71	67.00
390.92	62.00
391.12	54.00
391.32	19.00
391.52	11.00
391.72	-34.00
391.93	-29.00
392.13	53.00
392.33	49.00
392.53	13.00
392.74	49.00
392.94	-22.00
393.14	17.00
393.34	18.00
393.54	-11.00
393.75	-24.00
393.95	47.00
394.15	33.00
394.35	-53.00
394.56	-38.00
394.76	20.00
394.96	-19.00
395.16	19.00
395.36	57.00
395.57	49.00
395.77	2.00
395.97	-21.00
396.17	16.00
396.37	-10.00
396.58	-28.00
396.78	-3.00
396.98	66.00
397.18	26.00
397.38	-5.00
397.59	16.00
397.79	27.00
397.99	27.00
398.19	-95.00
398.39	-15.00
398.60	-2.00
398.80	27.00
399.00	-39.00
399.20	-31.00
399.40	0.00
399.61	61.00
399.81	25.00
400.01	6.00
400.21	11.00
400.41	24.00
400.62	85.00
400.82	16.00
401.02	53.00
401.22	13.00
401.42	36.00
401.63	46.00
401.83	36.00
402.03	14.00
402.23	-33.00
402.43	20.00
402.64	29.00
402.84	50.00
403.04	51.00
403.24	8.00
403.44	52.00
403.64	49.00
403.85	81.00
404.05	66.00
404.25	42.00
404.45	30.00
404.65	32.00
404.86	-33.00
405.06	-7.00
405.26	15.00
405.46	-1.00
405.66	6.00
405.86	40.00
406.07	23.00
406.27	-9.00
406.47	-46.00
406.67	-43.00
406.87	48.00
407.07	91.00
407.28	25.00
407.48	71.00
407.68	55.00
407.88	-26.00
408.08	40.00
408.28	67.00
408.49	26.00
408.69	89.00
408.89	31.00
409.09	54.00
409.29	47.00
409.49	75.00
409.70	101.00
409.90	-8.00
410.10	1.00
410.30	41.00
410.50	-14.00
410.70	19.00
410.91	78.00
411.11	32.00
411.31	-3.00
411.51	19.00
411.71	40.00
411.91	5.00
412.12	70.00
412.32	67.00
412.52	-11.00
412.72	-24.00
412.92	44.00
413.12	11.00
413.32	54.00
413.53	88.00
413.73	72.00
413.93	80.00
414.13	-13.00
414.33	-41.00
414.53	20.00
414.74	72.00
414.94	38.00
415.14	40.00
415.34	31.00
415.54	42.00
415.74	78.00
415.94	93.00
416.15	20.00
416.35	78.00
416.55	3.00
416.75	7.00
416.95	0.00
417.15	26.00
417.35	-27.00
417.56	-22.00
417.76	38.00
417.96	20.00
418.16	-43.00
418.36	6.00
418.56	65.00
418.76	49.00
418.97	56.00
419.17	11.00
419.37	-21.00
419.57	20.00
419.77	51.00
419.97	60.00
420.17	34.00
420.37	32.00
420.58	14.00
420.78	8.00
420.98	48.00
421.18	17.00
421.38	18.00
421.58	-45.00
421.78	88.00
421.98	-2.00
422.19	-8.00
422.39	-11.00
422.59	3.00
422.79	56.00
422.99	61.00
423.19	28.00
423.39	70.00
423.59	72.00
423.80	38.00
424.00	52.00
424.20	60.00
424.40	33.00
424.60	54.00
424.80	-11.00
425.00	-18.00
425.20	54.00
425.40	76.00
425.61	-3.00
425.81	10.00
426.01	57.00
426.21	63.00
426.41	12.00
426.61	-5.00
426.81	-5.00
427.01	5.00
427.21	48.00
427.42	60.00
427.62	-29.00
427.82	6.00
428.02	35.00
428.22	22.00
428.42	18.00
428.62	36.00
428.82	67.00
429.02	142.00
429.23	105.00
429.43	123.00
429.63	32.00
429.83	-23.00
430.03	31.00
430.23	40.00
430.43	133.00
430.63	78.00
430.83	98.00
431.03	80.00
431.24	72.00
431.44	3.00
431.64	35.00
431.84	103.00
432.04	58.00
432.24	50.00
432.44	-5.00
432.64	53.00
432.84	80.00
433.04	25.00
433.24	33.00
433.45	24.00
433.65	43.00
433.85	40.00
434.05	70.00
434.25	4.00
434.45	50.00
434.65	-32.00
434.85	-14.00
435.05	-15.00
435.25	-66.00
435.45	3.00
435.65	-10.00
435.86	-9.00
436.06	17.00
436.26	79.00
436.46	129.00
436.66	53.00
436.86	24.00
437.06	95.00
437.26	54.00
437.46	44.00
437.66	-14.00
437.86	20.00
438.06	4.00
438.26	-27.00
438.47	38.00
438.67	75.00
438.87	90.00
439.07	106.00
439.27	58.00
439.47	-3.00
439.67	78.00
439.87	75.00
440.07	47.00
440.27	23.00
440.47	88.00
440.67	13.00
440.87	20.00
441.07	74.00
441.27	19.00
441.48	12.00
441.68	49.00
441.88	28.00
442.08	107.00
442.28	102.00
442.48	72.00
442.68	-15.00
442.88	-58.00
443.08	-3.00
443.28	-11.00
443.48	-8.00
443.68	23.00
443.88	41.00
444.08	8.00
444.28	11.00
444.48	48.00
444.68	-11.00
444.88	-11.00
445.09	-62.00
445.29	21.00
445.49	78.00
445.69	82.00
445.89	24.00
446.09	-15.00
446.29	121.00
446.49	161.00
446.69	93.00
446.89	56.00
447.09	24.00
447.29	48.00
447.49	41.00
447.69	48.00
447.89	-14.00
448.09	54.00
448.29	-4.00
448.49	-20.00
448.69	4.00
448.89	19.00
449.09	25.00
449.29	38.00
449.49	42.00
449.70	22.00
449.90	7.00
450.10	8.00
450.30	65.00
450.50	35.00
450.70	35.00
450.90	81.00
451.10	124.00
451.30	103.00
451.50	51.00
451.70	11.00
451.90	87.00
452.10	124.00
452.30	10.00
452.50	19.00
452.70	56.00
452.90	46.00
453.10	30.00
453.30	43.00
453.50	-27.00
453.70	-14.00
453.90	63.00
454.10	101.00
454.30	57.00
454.50	46.00
454.70	145.00
454.90	88.00
455.10	23.00
455.30	76.00
455.50	23.00
455.70	38.00
455.90	52.00
456.10	-5.00
456.30	-8.00
456.50	33.00
456.70	83.00
456.90	46.00
457.10	44.00
457.30	100.00
457.50	85.00
457.70	47.00
457.90	79.00
458.10	100.00
458.30	38.00
458.50	66.00
458.70	107.00
458.90	87.00
459.10	58.00
459.30	57.00
459.50	127.00
459.70	101.00
459.90	71.00
460.10	91.00
460.30	56.00
460.50	74.00
460.70	102.00
460.90	83.00
461.10	62.00
461.30	98.00
461.50	63.00
461.70	121.00
461.90	81.00
462.10	117.00
462.30	77.00
462.50	53.00
462.70	107.00
462.90	75.00
463.10	31.00
463.30	99.00
463.50	44.00
463.70	86.00
463.90	106.00
464.10	117.00
464.30	110.00
464.50	132.00
464.70	131.00
464.90	87.00
465.10	23.00
465.30	41.00
465.50	24.00
465.70	16.00
465.90	60.00
466.10	13.00
466.30	45.00
466.50	60.00
466.70	116.00
466.90	82.00
467.10	42.00
467.30	42.00
467.50	82.00
467.70	108.00
467.90	91.00
468.10	121.00
468.30	167.00
468.50	137.00
468.70	128.00
468.90	134.00
469.10	66.00
469.30	61.00
469.50	67.00
469.70	26.00
469.90	59.00
470.10	55.00
470.30	29.00
470.50	53.00
470.70	45.00
470.90	36.00
471.10	81.00
471.29	33.00
471.49	42.00
471.69	66.00
471.89	24.00
472.09	50.00
472.29	53.00
472.49	115.00
472.69	111.00
472.89	34.00
473.09	37.00
473.29	79.00
473.49	119.00
473.69	29.00
473.89	35.00
474.09	128.00
474.29	134.00
474.49	116.00
474.69	39.00
474.89	60.00
475.09	86.00
475.29	99.00
475.49	100.00
475.69	50.00
475.88	78.00
476.08	79.00
476.28	99.00
476.48	72.00
476.68	27.00
476.88	97.00
477.08	1.00
477.28	-21.00
477.48	86.00
477.68	86.00
477.88	17.00
478.08	110.00
478.28	152.00
478.48	107.00
478.68	139.00
478.88	91.00
479.08	71.00
479.28	78.00
479.47	146.00
479.67	110.00
479.87	88.00
480.07	100.00
480.27	97.00
480.47	55.00
480.67	55.00
480.87	62.00
481.07	62.00
481.27	36.00
481.47	59.00
481.67	52.00
481.87	71.00
482.07	89.00
482.27	42.00
482.46	56.00
482.66	94.00
482.86	62.00
483.06	35.00
483.26	15.00
483.46	120.00
483.66	139.00
483.86	81.00
484.06	171.00
484.26	146.00
484.46	138.00
484.66	57.00
484.86	29.00
485.05	81.00
485.25	93.00
485.45	127.00
485.65	105.00
485.85	79.00
486.05	110.00
486.25	97.00
486.45	158.00
486.65	134.00
486.85	73.00
487.05	37.00
487.25	64.00
487.44	57.00
487.64	83.00
487.84	118.00
488.04	124.00
488.24	62.00
488.44	11.00
488.64	29.00
488.84	113.00
489.04	64.00
489.24	55.00
489.43	-11.00
489.63	80.00
489.83	146.00
490.03	84.00
490.23	32.00
490.43	87.00
490.63	120.00
490.83	85.00
491.03	116.00
491.23	80.00
491.42	19.00
491.62	58.00
491.82	46.00
492.02	94.00
492.22	130.00
492.42	157.00
492.62	121.00
492.82	89.00
493.02	129.00
493.22	191.00
493.41	161.00
493.61	116.00
493.81	94.00
494.01	104.00
494.21	161.00
494.41	133.00
494.61	172.00
494.81	189.00
495.01	160.00
495.20	103.00
495.40	133.00
495.60	148.00
495.80	70.00
496.00	134.00
496.20	206.00
496.40	141.00
496.60	120.00
496.79	177.00
496.99	147.00
497.19	151.00
497.39	142.00
497.59	170.00
497.79	182.00
497.99	163.00
498.19	127.00
498.38	127.00
498.58	199.00
498.78	169.00
498.98	172.00
499.18	170.00
499.38	97.00
499.58	121.00
499.78	42.00
499.97	120.00
500.17	129.00
500.37	157.00
500.57	198.00
500.77	163.00
500.97	178.00
501.17	149.00
501.37	142.00
501.56	183.00
501.76	149.00
501.96	197.00
502.16	163.00
502.36	147.00
502.56	157.00
502.76	167.00
502.95	130.00
503.15	120.00
503.35	71.00
503.55	151.00
503.75	202.00
503.95	229.00
504.15	236.00
504.34	209.00
504.54	170.00
504.74	189.00
504.94	202.00
505.14	172.00
505.34	145.00
505.54	169.00
505.73	177.00
505.93	127.00
506.13	56.00
506.33	99.00
506.53	142.00
506.73	144.00
506.92	198.00
507.12	212.00
507.32	179.00
507.52	207.00
507.72	118.00
507.92	127.00
508.12	118.00
508.31	162.00
508.51	203.00
508.71	137.00
508.91	133.00
509.11	185.00
509.31	137.00
509.50	166.00
509.70	176.00
509.90	217.00
510.10	135.00
510.30	146.00
510.50	137.00
510.69	142.00
510.89	151.00
511.09	176.00
511.29	127.00
511.49	166.00
511.69	205.00
511.88	183.00
512.08	98.00
512.28	182.00
512.48	161.00
512.68	128.00
512.88	130.00
513.07	195.00
513.27	159.00
513.47	170.00
513.67	156.00
513.87	175.00
514.06	205.00
514.26	126.00
514.46	73.00
514.66	150.00
514.86	182.00
515.06	189.00
515.25	221.00
515.45	235.00
515.65	213.00
515.85	267.00
516.05	151.00
516.24	136.00
516.44	136.00
516.64	169.00
516.84	160.00
517.04	142.00
517.23	224.00
517.43	282.00
517.63	189.00
517.83	160.00
518.03	175.00
518.23	164.00
518.42	127.00
518.62	130.00
518.82	150.00
519.02	163.00
519.22	220.00
519.41	196.00
519.61	211.00
519.81	215.00
520.01	168.00
520.21	104.00
520.40	172.00
520.60	273.00
520.80	179.00
521.00	102.00
521.20	124.00
521.39	154.00
521.59	101.00
521.79	110.00
521.99	183.00
522.19	140.00
522.38	205.00
522.58	157.00
522.78	225.00
522.98	235.00
523.17	194.00
523.37	184.00
523.57	134.00
523.77	174.00
523.97	266.00
524.16	175.00
524.36	120.00
524.56	193.00
524.76	191.00
524.96	221.00
525.15	269.00
525.35	254.00
525.55	219.00
525.75	257.00
525.94	123.00
526.14	182.00
526.34	221.00
526.54	211.00
526.74	249.00
526.93	170.00
527.13	139.00
527.33	192.00
527.53	307.00
527.72	273.00
527.92	223.00
528.12	260.00
528.32	250.00
528.52	231.00
528.71	122.00
528.91	161.00
529.11	220.00
529.31	265.00
529.50	342.00
529.70	285.00
529.90	240.00
530.10	166.00
530.29	197.00
530.49	245.00
530.69	234.00
530.89	242.00
531.09	247.00
531.28	231.00
531.48	282.00
531.68	291.00
531.88	229.00
532.07	196.00
532.27	233.00
532.47	271.00
532.67	309.00
532.86	238.00
533.06	250.00
533.26	205.00
533.46	259.00
533.65	327.00
533.85	325.00
534.05	293.00
534.25	319.00
534.44	280.00
534.64	262.00
534.84	267.00
535.04	352.00
535.23	357.00
535.43	304.00
535.63	271.00
535.83	252.00
536.02	270.00
536.22	306.00
536.42	318.00
536.62	284.00
536.81	218.00
537.01	295.00
537.21	293.00
537.41	261.00
537.60	336.00
537.80	371.00
538.00	445.00
538.20	444.00
538.39	348.00
538.59	378.00
538.79	337.00
538.99	313.00
539.18	270.00
539.38	256.00
539.58	349.00
539.77	397.00
539.97	347.00
540.17	317.00
540.37	346.00
540.56	401.00
540.76	354.00
540.96	398.00
541.16	368.00
541.35	305.00
541.55	319.00
541.75	363.00
541.94	359.00
542.14	382.00
542.34	326.00
542.54	392.00
542.73	493.00
542.93	485.00
543.13	409.00
543.33	391.00
543.52	400.00
543.72	381.00
543.92	408.00
544.11	393.00
544.31	427.00
544.51	366.00
544.71	367.00
544.90	282.00
545.10	335.00
545.30	324.00
545.49	437.00
545.69	423.00
545.89	425.00
546.09	443.00
546.28	506.00
546.48	549.00
546.68	515.00
546.87	503.00
547.07	411.00
547.27	369.00
547.47	409.00
547.66	440.00
547.86	385.00
548.06	352.00
548.25	443.00
548.45	393.00
548.65	418.00
548.84	390.00
549.04	440.00
549.24	465.00
549.44	387.00
549.63	375.00
549.83	427.00
550.03	396.00
550.22	393.00
550.42	416.00
550.62	409.00
550.81	436.00
551.01	426.00
551.21	433.00
551.41	390.00
551.60	374.00
551.80	324.00
552.00	329.00
552.19	426.00
552.39	433.00
552.59	469.00
552.78	414.00
552.98	358.00
553.18	391.00
553.37	403.00
553.57	431.00
553.77	411.00
553.96	409.00
554.16	378.00
554.36	339.00
554.56	392.00
554.75	409.00
554.95	341.00
555.15	405.00
555.34	398.00
555.54	412.00
555.74	394.00
555.93	428.00
556.13	391.00
556.33	371.00
556.52	352.00
556.72	371.00
556.92	370.00
557.11	388.00
557.31	327.00
557.51	382.00
557.70	343.00
557.90	357.00
558.10	378.00
558.29	340.00
558.49	325.00
558.69	326.00
558.88	331.00
559.08	323.00
559.28	276.00
559.47	287.00
559.67	295.00
559.87	333.00
560.06	327.00
560.26	358.00
560.46	387.00
560.65	369.00
560.85	368.00
561.05	362.00
561.24	463.00
561.44	380.00
561.64	306.00
561.83	356.00
562.03	323.00
562.23	322.00
562.42	328.00
562.62	369.00
562.82	368.00
563.01	348.00
563.21	345.00
563.40	372.00
563.60	406.00
563.80	400.00
563.99	340.00
564.19	315.00
564.39	342.00
564.58	387.00
564.78	368.00
564.98	380.00
565.17	358.00
565.37	295.00
565.57	312.00
565.76	332.00
565.96	304.00
566.16	313.00
566.35	397.00
566.55	332.00
566.74	392.00
566.94	324.00
567.14	310.00
567.33	432.00
567.53	422.00
567.73	320.00
567.92	318.00
568.12	409.00
568.32	380.00
568.51	369.00
568.71	354.00
568.90	395.00
569.10	413.00
569.30	422.00
569.49	383.00
569.69	441.00
569.89	436.00
570.08	386.00
570.28	379.00
570.47	395.00
570.67	387.00
570.87	352.00
571.06	397.00
571.26	383.00
571.46	442.00
571.65	468.00
571.85	462.00
572.04	418.00
572.24	382.00
572.44	449.00
572.63	488.00
572.83	399.00
573.03	441.00
573.22	413.00
573.42	318.00
573.61	492.00
573.81	502.00
574.01	478.00
574.20	486.00
574.40	553.00
574.59	536.00
574.79	447.00
574.99	541.00
575.18	557.00
575.38	500.00
575.58	528.00
575.77	510.00
575.97	475.00
576.16	505.00
576.36	520.00
576.56	586.00
576.75	547.00
576.95	602.00
577.14	547.00
577.34	560.00
577.54	537.00
577.73	583.00
577.93	523.00
578.12	569.00
578.32	604.00
578.52	614.00
578.71	617.00
578.91	614.00
579.10	653.00
579.30	666.00
579.50	507.00
579.69	569.00
579.89	677.00
580.08	659.00
580.28	681.00
580.48	721.00
580.67	694.00
580.87	701.00
581.06	716.00
581.26	646.00
581.45	597.00
581.65	715.00
581.85	733.00
582.04	748.00
582.24	715.00
582.43	734.00
582.63	771.00
582.83	751.00
583.02	788.00
583.22	806.00
583.41	805.00
583.61	825.00
583.80	837.00
584.00	906.00
584.20	865.00
584.39	838.00
584.59	880.00
584.78	860.00
584.98	825.00
585.17	914.00
585.37	903.00
585.57	872.00
585.76	914.00
585.96	901.00
586.15	921.00
586.35	965.00
586.54	934.00
586.74	949.00
586.94	991.00
587.13	1034.00
587.33	1050.00
587.52	1069.00
587.72	1006.00
587.91	977.00
588.11	1043.00
588.31	993.00
588.50	1016.00
588.70	1037.00
588.89	1066.00
589.09	1069.00
589.28	1021.00
589.48	1050.00
589.68	1127.00
589.87	1119.00
590.07	1068.00
590.26	1080.00
590.46	1147.00
590.65	1201.00
590.85	1177.00
591.04	1160.00
591.24	1126.00
591.44	1204.00
591.63	1229.00
591.83	1226.00
592.02	1192.00
592.22	1265.00
592.41	1302.00
592.61	1363.00
592.80	1385.00
593.00	1332.00
593.19	1301.00
593.39	1365.00
593.59	1358.00
593.78	1324.00
593.98	1266.00
594.17	1314.00
594.37	1398.00
594.56	1393.00
594.76	1326.00
594.95	1341.00
595.15	1371.00
595.34	1455.00
595.54	1395.00
595.73	1429.00
595.93	1385.00
596.13	1288.00
596.32	1364.00
596.52	1372.00
596.71	1424.00
596.91	1493.00
597.10	1482.00
597.30	1486.00
597.49	1480.00
597.69	1476.00
597.88	1534.00
598.08	1549.00
598.27	1507.00
598.47	1520.00
598.66	1526.00
598.86	1511.00
599.06	1528.00
599.25	1513.00
599.45	1562.00
599.64	1559.00
599.84	1554.00
600.03	1548.00
600.23	1522.00
600.42	1511.00
600.62	1587.00
600.81	1569.00
601.01	1580.00
601.20	1599.00
601.40	1606.00
601.59	1630.00
601.79	1575.00
601.98	1502.00
602.18	1508.00
602.37	1487.00
602.57	1559.00
602.76	1530.00
602.96	1521.00
603.15	1654.00
603.35	1568.00
603.54	1509.00
603.74	1605.00
603.93	1513.00
604.13	1527.00
604.32	1526.00
604.52	1585.00
604.71	1661.00
604.91	1641.00
605.10	1603.00
605.30	1527.00
605.49	1604.00
605.69	1581.00
605.88	1502.00
606.08	1540.00
606.27	1604.00
606.47	1658.00
606.66	1652.00
606.86	1599.00
607.05	1670.00
607.25	1654.00
607.44	1583.00
607.64	1598.00
607.83	1560.00
608.03	1633.00
608.22	1569.00
608.42	1544.00
608.61	1709.00
608.81	1770.00
609.00	1708.00
609.20	1637.00
609.39	1736.00
609.59	1910.00
609.78	1841.00
609.98	1936.00
610.17	2043.00
610.37	2184.00
610.56	2309.00
610.76	2420.00
610.95	2500.00
611.15	2503.00
611.34	2516.00
611.54	2642.00
611.73	2720.00
611.93	2668.00
612.12	2314.00
612.32	2212.00
612.51	2049.00
612.71	1988.00
612.90	1896.00
613.09	1901.00
613.29	1888.00
613.48	1910.00
613.68	1846.00
613.87	1774.00
614.07	1922.00
614.26	1848.00
614.46	1825.00
614.65	1789.00
614.85	1707.00
615.04	1717.00
615.24	1724.00
615.43	1780.00
615.63	1712.00
615.82	1634.00
616.02	1655.00
616.21	1648.00
616.40	1692.00
616.60	1580.00
616.79	1503.00
616.99	1594.00
617.18	1616.00
617.38	1600.00
617.57	1620.00
617.77	1514.00
617.96	1551.00
618.16	1622.00
618.35	1588.00
618.54	1570.00
618.74	1633.00
618.93	1621.00
619.13	1631.00
619.32	1618.00
619.52	1657.00
619.71	1649.00
619.91	1591.00
620.10	1650.00
620.30	1761.00
620.49	1748.00
620.68	1706.00
620.88	1705.00
621.07	1785.00
621.27	1722.00
621.46	1680.00
621.66	1751.00
621.85	1682.00
622.05	1698.00
622.24	1731.00
622.43	1718.00
622.63	1774.00
622.82	1749.00
623.02	1677.00
623.21	1777.00
623.41	1741.00
623.60	1769.00
623.80	1702.00
623.99	1776.00
624.18	1703.00
624.38	1707.00
624.57	1816.00
624.77	1787.00
624.96	1748.00
625.16	1816.00
625.35	1781.00
625.54	1856.00
625.74	1837.00
625.93	1816.00
626.13	1824.00
626.32	1834.00
626.52	1810.00
626.71	1860.00
626.90	1852.00
627.10	1902.00
627.29	1899.00
627.49	1873.00
627.68	1774.00
627.88	1788.00
628.07	1857.00
628.26	1887.00
628.46	1908.00
628.65	1875.00
628.85	1964.00
629.04	1914.00
629.23	1971.00
629.43	2004.00
629.62	1990.00
629.82	1972.00
630.01	2045.00
630.21	2051.00
630.40	1992.00
630.59	2031.00
630.79	2054.00
630.98	1980.00
631.18	2086.00
631.37	2156.00
631.56	2179.00
631.76	2115.00
631.95	2120.00
632.15	2111.00
632.34	2032.00
632.53	2059.00
632.73	1996.00
632.92	1920.00
633.12	1973.00
633.31	2066.00
633.50	2042.00
633.70	1996.00
633.89	2036.00
634.09	1961.00
634.28	2093.00
634.47	2085.00
634.67	2052.00
634.86	2178.00
635.06	2161.00
635.25	2188.00
635.44	2207.00
635.64	2206.00
635.83	2149.00
636.03	2191.00
636.22	2144.00
636.41	2120.00
636.61	2215.00
636.80	2253.00
637.00	2165.00
637.19	2176.00
637.38	2194.00
637.58	2210.00
637.77	2230.00
637.96	2287.00
638.16	2362.00
638.35	2277.00
638.55	2191.00
638.74	2219.00
638.93	2299.00
639.13	2379.00
639.32	2372.00
639.51	2364.00
639.71	2253.00
639.90	2181.00
640.10	2299.00
640.29	2354.00
640.48	2366.00
640.68	2377.00
640.87	2350.00
641.07	2389.00
641.26	2409.00
641.45	2425.00
641.65	2467.00
641.84	2341.00
642.03	2370.00
642.23	2505.00
642.42	2444.00
642.61	2503.00
642.81	2558.00
643.00	2467.00
643.20	2470.00
643.39	2478.00
643.58	2503.00
643.78	2511.00
643.97	2516.00
644.16	2573.00
644.36	2575.00
644.55	2549.00
644.74	2557.00
644.94	2568.00
645.13	2636.00
645.33	2609.00
645.52	2616.00
645.71	2701.00
645.91	2702.00
646.10	2622.00
646.29	2637.00
646.49	2690.00
646.68	2681.00
646.87	2639.00
647.07	2553.00
647.26	2607.00
647.45	2649.00
647.65	2584.00
647.84	2674.00
648.03	2737.00
648.23	2770.00
648.42	2770.00
648.62	2732.00
648.81	2711.00
649.00	2838.00
649.20	2765.00
649.39	2713.00
649.58	2720.00
649.78	2756.00
649.97	2857.00
650.16	2811.00
650.36	2850.00
650.55	2864.00
650.74	2792.00
650.94	2877.00
651.13	2834.00
651.32	2811.00
651.52	2792.00
651.71	2748.00
651.90	2805.00
652.10	2951.00
652.29	2908.00
652.48	2826.00
652.68	2868.00
652.87	2805.00
653.06	2789.00
653.26	2880.00
653.45	2913.00
653.64	2904.00
653.84	2798.00
654.03	2791.00
654.22	2738.00
654.42	2691.00
654.61	2782.00
654.80	2841.00
654.99	2763.00
655.19	2877.00
655.38	2774.00
655.57	2815.00
655.77	2887.00
655.96	2826.00
656.15	2854.00
656.35	2853.00
656.54	2872.00
656.73	2823.00
656.93	2793.00
657.12	2809.00
657.31	2783.00
657.51	2840.00
657.70	2846.00
657.89	2791.00
658.09	2918.00
658.28	2916.00
658.47	2906.00
658.66	2803.00
658.86	2865.00
659.05	2981.00
659.24	3016.00
659.44	2947.00
659.63	2839.00
659.82	2872.00
660.02	2830.00
660.21	2816.00
660.40	2817.00
660.60	2780.00
660.79	2694.00
660.98	2801.00
661.17	2832.00
661.37	2815.00
661.56	2852.00
661.75	2793.00
661.95	2805.00
662.14	2850.00
662.33	2778.00
662.52	2742.00
662.72	2845.00
662.91	2753.00
663.10	2715.00
663.30	2723.00
663.49	2823.00
663.68	2806.00
663.88	2816.00
664.07	2720.00
664.26	2737.00
664.45	2673.00
664.65	2713.00
664.84	2710.00
665.03	2654.00
665.23	2684.00
665.42	2716.00
665.61	2781.00
665.80	2693.00
666.00	2661.00
666.19	2638.00
666.38	2622.00
666.57	2699.00
666.77	2783.00
666.96	2677.00
667.15	2663.00
667.35	2737.00
667.54	2722.00
667.73	2586.00
667.92	2573.00
668.12	2657.00
668.31	2647.00
668.50	2595.00
668.70	2663.00
668.89	2597.00
669.08	2565.00
669.27	2565.00
669.47	2477.00
669.66	2602.00
669.85	2689.00
670.04	2661.00
670.24	2663.00
670.43	2691.00
670.62	2613.00
670.81	2590.00
671.01	2641.00
671.20	2681.00
671.39	2638.00
671.58	2550.00
671.78	2571.00
671.97	2609.00
672.16	2648.00
672.36	2523.00
672.55	2425.00
672.74	2472.00
672.93	2470.00
673.13	2464.00
673.32	2456.00
673.51	2394.00
673.70	2432.00
673.90	2507.00
674.09	2546.00
674.28	2544.00
674.47	2497.00
674.67	2548.00
674.86	2494.00
675.05	2465.00
675.24	2610.00
675.44	2556.00
675.63	2496.00
675.82	2471.00
676.01	2432.00
676.21	2525.00
676.40	2542.00
676.59	2360.00
676.78	2356.00
676.97	2428.00
677.17	2437.00
677.36	2391.00
677.55	2364.00
677.74	2372.00
677.94	2508.00
678.13	2461.00
678.32	2472.00
678.51	2424.00
678.71	2480.00
678.90	2446.00
679.09	2482.00
679.28	2436.00
679.48	2374.00
679.67	2378.00
679.86	2467.00
680.05	2413.00
680.24	2372.00
680.44	2367.00
680.63	2449.00
680.82	2452.00
681.01	2409.00
681.21	2318.00
681.40	2233.00
681.59	2307.00
681.78	2368.00
681.97	2381.00
682.17	2405.00
682.36	2305.00
682.55	2348.00
682.74	2304.00
682.94	2303.00
683.13	2298.00
683.32	2346.00
683.51	2360.00
683.70	2456.00
683.90	2420.00
684.09	2311.00
684.28	2273.00
684.47	2366.00
684.66	2330.00
684.86	2348.00
685.05	2292.00
685.24	2324.00
685.43	2285.00
685.63	2323.00
685.82	2326.00
686.01	2358.00
686.20	2312.00
686.39	2304.00
686.59	2339.00
686.78	2347.00
686.97	2251.00
687.16	2248.00
687.35	2318.00
687.55	2414.00
687.74	2317.00
687.93	2418.00
688.12	2398.00
688.31	2413.00
688.51	2331.00
688.70	2446.00
688.89	2367.00
689.08	2337.00
689.27	2334.00
689.47	2302.00
689.66	2293.00
689.85	2295.00
690.04	2302.00
690.23	2315.00
690.42	2359.00
690.62	2326.00
690.81	2273.00
691.00	2303.00
691.19	2237.00
691.38	2269.00
691.58	2253.00
691.77	2321.00
691.96	2359.00
692.15	2292.00
692.34	2260.00
692.54	2264.00
692.73	2321.00
692.92	2348.00
693.11	2374.00
693.30	2412.00
693.49	2328.00
693.69	2353.00
693.88	2436.00
694.07	2381.00
694.26	2392.00
694.45	2334.00
694.64	2260.00
694.84	2260.00
695.03	2252.00
695.22	2272.00
695.41	2309.00
695.60	2302.00
695.80	2274.00
695.99	2282.00
696.18	2312.00
696.37	2293.00
696.56	2223.00
696.75	2355.00
696.95	2361.00
697.14	2408.00
697.33	2426.00
697.52	2303.00
697.71	2368.00
697.90	2311.00
698.09	2396.00
698.29	2321.00
698.48	2403.00
698.67	2434.00
698.86	2341.00
699.05	2256.00
699.24	2386.00
699.44	2424.00
699.63	2377.00
699.82	2398.00
700.01	2426.00
700.20	2353.00
700.39	2410.00
700.58	2395.00
700.78	2395.00
700.97	2437.00
701.16	2382.00
701.35	2507.00
701.54	2453.00
701.73	2408.00
701.93	2432.00
702.12	2445.00
702.31	2365.00
702.50	2343.00
702.69	2478.00
702.88	2558.00
703.07	2560.00
703.27	2605.00
703.46	2508.00
703.65	2581.00
703.84	2583.00
704.03	2568.00
704.22	2570.00
704.41	2534.00
704.60	2592.00
704.80	2569.00
704.99	2660.00
705.18	2611.00
705.37	2583.00
705.56	2574.00
705.75	2578.00
705.94	2598.00
706.14	2597.00
706.33	2618.00
706.52	2631.00
706.71	2693.00
706.90	2681.00
707.09	2713.00
707.28	2743.00
707.47	2697.00
707.67	2718.00
707.86	2693.00
708.05	2866.00
708.24	2780.00
708.43	2767.00
708.62	2751.00
708.81	2876.00
709.00	2867.00
709.20	2782.00
709.39	2767.00
709.58	2724.00
709.77	2762.00
709.96	2767.00
710.15	2889.00
710.34	2901.00
710.53	2808.00
710.72	2789.00
710.92	2842.00
711.11	2777.00
711.30	2798.00
711.49	2792.00
711.68	2828.00
711.87	2823.00
712.06	2772.00
712.25	2807.00
712.44	2786.00
712.64	2826.00
712.83	2937.00
713.02	3004.00
713.21	2996.00
713.40	2921.00
713.59	2957.00
713.78	2937.00
713.97	2904.00
714.16	2886.00
714.35	2787.00
714.55	2899.00
714.74	2995.00
714.93	3046.00
715.12	2873.00
715.31	2897.00
715.50	3015.00
715.69	2930.00
715.88	2921.00
716.07	2865.00
716.26	2944.00
716.45	2947.00
716.65	2849.00
716.84	2898.00
717.03	2918.00
717.22	2810.00
717.41	2962.00
717.60	3012.00
717.79	3023.00
717.98	3001.00
718.17	2977.00
718.36	2953.00
718.55	2900.00
718.75	2915.00
718.94	3007.00
719.13	3047.00
719.32	3064.00
719.51	3068.00
719.70	2959.00
719.89	3015.00
720.08	3100.00
720.27	3038.00
720.46	3002.00
720.65	3128.00
720.84	3040.00
721.03	3106.00
721.22	3013.00
721.42	3061.00
721.61	3136.00
721.80	2990.00
721.99	2995.00
722.18	3047.00
722.37	3053.00
722.56	3010.00
722.75	2951.00
722.94	3020.00
723.13	3042.00
723.32	3053.00
723.51	3153.00
723.70	3081.00
723.89	3112.00
724.08	3149.00
724.28	3092.00
724.47	3081.00
724.66	2977.00
724.85	3044.00
725.04	3094.00
725.23	3096.00
725.42	3083.00
725.61	3081.00
725.80	3058.00
725.99	3019.00
726.18	3106.00
726.37	3041.00
726.56	3047.00
726.75	3053.00
726.94	3050.00
727.13	3079.00
727.32	3084.00
727.51	3046.00
727.71	3079.00
727.90	3115.00
728.09	3109.00
728.28	3130.00
728.47	3123.00
728.66	3037.00
728.85	2994.00
729.04	2936.00
729.23	2951.00
729.42	3003.00
729.61	3021.00
729.80	3083.00
729.99	2966.00
730.18	3074.00
730.37	3127.00
730.56	3123.00
730.75	3052.00
730.94	3087.00
731.13	3089.00
731.32	3190.00
731.51	3121.00
731.70	3040.00
731.89	3100.00
732.08	3103.00
732.27	3059.00
732.46	3055.00
732.65	2994.00
732.84	3030.00
733.04	3016.00
733.23	3103.00
733.42	3090.00
733.61	3003.00
733.80	3025.00
733.99	3188.00
734.18	3079.00
734.37	2977.00
734.56	3028.00
734.75	3011.00
734.94	3026.00
735.13	3092.00
735.32	2976.00
735.51	2902.00
735.70	3002.00
735.89	2855.00
736.08	2874.00
736.27	2986.00
736.46	2981.00
736.65	2923.00
736.84	2931.00
737.03	3107.00
737.22	2975.00
737.41	2923.00
737.60	2876.00
737.79	2863.00
737.98	2928.00
738.17	2954.00
738.36	2828.00
738.55	2850.00
738.74	2900.00
738.93	2932.00
739.12	2905.00
739.31	2936.00
739.50	2873.00
739.69	2868.00
739.88	2786.00
740.07	2893.00
740.26	2868.00
740.45	2952.00
740.64	2900.00
740.83	2787.00
741.02	2761.00
741.21	2870.00
741.40	2864.00
741.59	2834.00
741.78	2713.00
741.97	2724.00
742.16	2721.00
742.35	2738.00
742.54	2823.00
742.73	2722.00
742.92	2714.00
743.11	2648.00
743.30	2713.00
743.49	2696.00
743.68	2669.00
743.87	2701.00
744.06	2690.00
744.25	2662.00
744.44	2648.00
744.63	2626.00
744.82	2675.00
745.01	2727.00
745.20	2733.00
745.39	2682.00
745.58	2735.00
745.77	2709.00
745.96	2671.00
746.15	2640.00
746.34	2549.00
746.52	2605.00
746.71	2587.00
746.90	2659.00
747.09	2708.00
747.28	2623.00
747.47	2627.00
747.66	2630.00
747.85	2645.00
748.04	2582.00
748.23	2590.00
748.42	2665.00
748.61	2621.00
748.80	2636.00
748.99	2583.00
749.18	2595.00
749.37	2563.00
749.56	2435.00
749.75	2428.00
749.94	2498.00
750.13	2363.00
750.32	2447.00
750.51	2452.00
750.70	2460.00
750.89	2515.00
751.08	2436.00
751.27	2407.00
751.46	2348.00
751.64	2352.00
751.83	2382.00
752.02	2440.00
752.21	2347.00
752.40	2312.00
752.59	2386.00
752.78	2417.00
752.97	2434.00
753.16	2274.00
753.35	2284.00
753.54	2407.00
753.73	2424.00
753.92	2467.00
754.11	2443.00
754.30	2416.00
754.49	2359.00
754.68	2446.00
754.87	2325.00
755.06	2350.00
755.24	2296.00
755.43	2361.00
755.62	2327.00
755.81	2324.00
756.00	2327.00
756.19	2320.00
756.38	2319.00
756.57	2274.00
756.76	2214.00
756.95	2360.00
757.14	2294.00
757.33	2284.00
757.52	2239.00
757.71	2277.00
757.90	2258.00
758.08	2233.00
758.27	2270.00
758.46	2260.00
758.65	2256.00
758.84	2243.00
759.03	2293.00
759.22	2259.00
759.41	2314.00
759.60	2174.00
759.79	2183.00
759.98	2244.00
760.17	2242.00
760.36	2217.00
760.54	2133.00
760.73	2195.00
760.92	2214.00
761.11	2197.00
761.30	2104.00
761.49	2118.00
761.68	2113.00
761.87	2063.00
762.06	2062.00
762.25	1934.00
762.44	1953.00
762.63	1994.00
762.81	2013.00
763.00	1935.00
763.19	1921.00
763.38	1947.00
763.57	1825.00
763.76	1765.00
763.95	1866.00
764.14	1922.00
764.33	1928.00
764.52	1934.00
764.71	1953.00
764.89	1845.00
765.08	1865.00
765.27	1832.00
765.46	1901.00
765.65	1860.00
765.84	1808.00
766.03	1889.00
766.22	1928.00
766.41	1927.00
766.59	1864.00
766.78	1956.00
766.97	1999.00
767.16	2010.00
767.35	2023.00
767.54	1994.00
767.73	1980.00
767.92	2070.00
768.11	2063.00
768.30	2031.00
768.48	2103.00
768.67	2056.00
768.86	2123.00
769.05	2175.00
769.24	2051.00
769.43	2013.00
769.62	1974.00
769.81	2057.00
769.99	2120.00
770.18	2136.00
770.37	2188.00
770.56	2075.00
770.75	2123.00
770.94	2120.00
771.13	2098.00
771.32	2150.00
771.50	2113.00
771.69	2061.00
771.88	2102.00
772.07	2051.00
772.26	2113.00
772.45	2153.00
772.64	2051.00
772.83	2101.00
773.01	2024.00
773.20	2066.00
773.39	2025.00
773.58	2070.00
773.77	2167.00
773.96	2070.00
774.15	2105.00
774.34	2114.00
774.52	2157.00
774.71	2179.00
774.90	2155.00
775.09	1968.00
775.28	2023.00
775.47	2007.00
775.66	2055.00
775.84	2029.00
776.03	2036.00
776.22	2062.00
776.41	1982.00
776.60	2057.00
776.79	2028.00
776.98	1998.00
777.16	2097.00
777.35	1959.00
777.54	1914.00
777.73	1986.00
777.92	1935.00
778.11	1975.00
778.29	1875.00
778.48	1927.00
778.67	1955.00
778.86	2026.00
779.05	1967.00
779.24	2083.00
779.43	2014.00
779.61	2030.00
779.80	1909.00
779.99	1968.00
780.18	2059.00
780.37	2033.00
780.56	2009.00
780.74	2013.00
780.93	2034.00
781.12	2020.00
781.31	1962.00
781.50	2059.00
781.69	2088.00
781.87	2043.00
782.06	2082.00
782.25	2091.00
782.44	2129.00
782.63	2104.00
782.82	1982.00
783.00	2013.00
783.19	2056.00
783.38	2090.00
783.57	2008.00
783.76	2107.00
783.95	2124.00
784.13	2046.00
784.32	2047.00
784.51	2002.00
784.70	2083.00
784.89	2128.00
785.08	2067.00
785.26	2001.00
785.45	2141.00
785.64	2097.00
785.83	2172.00
786.02	2147.00
786.20	2119.00
786.39	2119.00
786.58	2024.00
786.77	1978.00
786.96	2079.00
787.15	2084.00
787.33	2008.00
787.52	2144.00
787.71	2059.00
787.90	2087.00
788.09	2026.00
788.27	2058.00
788.46	2072.00
788.65	2106.00
788.84	2161.00
789.03	2101.00
789.21	2127.00
789.40	2236.00
789.59	2195.00
789.78	2258.00
789.97	2205.00
790.15	2112.00
790.34	2100.00
790.53	2195.00
790.72	2233.00
790.91	2179.00
791.09	2238.00
791.28	2200.00
791.47	2130.00
791.66	2171.00
791.85	2223.00
792.03	2271.00
792.22	2234.00
792.41	2239.00
792.60	2307.00
792.79	2232.00
792.97	2153.00
793.16	2233.00
793.35	2273.00
793.54	2247.00
793.72	2256.00
793.91	2153.00
794.10	2227.00
794.29	2249.00
794.48	2206.00
794.66	2194.00
794.85	2239.00
795.04	2265.00
795.23	2339.00
795.42	2267.00
795.60	2247.00
795.79	2303.00
795.98	2265.00
796.17	2267.00
796.35	2345.00
796.54	2234.00
796.73	2236.00
796.92	2238.00
797.11	2248.00
797.29	2292.00
797.48	2197.00
797.67	2194.00
797.86	2247.00
798.04	2240.00
798.23	2242.00
798.42	2187.00
798.61	2173.00
798.79	2213.00
798.98	2216.00
799.17	2201.00
799.36	2169.00
799.54	2260.00
799.73	2286.00
799.92	2178.00
800.11	2290.00
800.30	2228.00
800.48	2172.00
800.67	2141.00
800.86	2207.00
801.05	2335.00
801.23	2318.00
801.42	2284.00
801.61	2239.00
801.80	2254.00
801.98	2201.00
802.17	2185.00
802.36	2268.00
802.55	2236.00
802.73	2261.00
802.92	2357.00
803.11	2305.00
803.30	2208.00
803.48	2280.00
803.67	2352.00
803.86	2339.00
804.05	2309.00
804.23	2326.00
804.42	2330.00
804.61	2234.00
804.80	2139.00
804.98	2267.00
805.17	2277.00
805.36	2267.00
805.54	2301.00
805.73	2294.00
805.92	2324.00
806.11	2287.00
806.29	2314.00
806.48	2386.00
806.67	2369.00
806.86	2298.00
807.04	2319.00
807.23	2349.00
807.42	2285.00
807.61	2269.00
807.79	2287.00
807.98	2283.00
808.17	2361.00
808.35	2354.00
808.54	2337.00
808.73	2235.00
808.92	2309.00
809.10	2369.00
809.29	2299.00
809.48	2276.00
809.67	2300.00
809.85	2233.00
810.04	2241.00
810.23	2334.00
810.41	2288.00
810.60	2286.00
810.79	2360.00
810.98	2316.00
811.16	2325.00
811.35	2328.00
811.54	2369.00
811.72	2260.00
811.91	2316.00
812.10	2314.00
812.29	2272.00
812.47	2327.00
812.66	2374.00
812.85	2362.00
813.03	2257.00
813.22	2282.00
813.41	2136.00
813.60	2305.00
813.78	2291.00
813.97	2240.00
814.16	2277.00
814.34	2366.00
814.53	2363.00
814.72	2265.00
814.90	2178.00
815.09	2224.00
815.28	2245.00
815.47	2260.00
815.65	2275.00
815.84	2259.00
816.03	2296.00
816.21	2267.00
816.40	2324.00
816.59	2245.00
816.77	2252.00
816.96	2270.00
817.15	2196.00
817.33	2212.00
817.52	2278.00
817.71	2418.00
817.90	2451.00
818.08	2416.00
818.27	2374.00
818.46	2295.00
818.64	2373.00
818.83	2294.00
819.02	2340.00
819.20	2367.00
819.39	2232.00
819.58	2262.00
819.76	2295.00
819.95	2302.00
820.14	2328.00
820.32	2322.00
820.51	2213.00
820.70	2259.00
820.88	2307.00
821.07	2318.00
821.26	2303.00
821.44	2312.00
821.63	2260.00
821.82	2226.00
822.01	2345.00
822.19	2382.00
822.38	2292.00
822.57	2252.00
822.75	2207.00
822.94	2272.00
823.13	2275.00
823.31	2284.00
823.50	2198.00
823.69	2158.00
823.87	2306.00
824.06	2258.00
824.25	2202.00
824.43	2223.00
824.62	2247.00
824.80	2227.00
824.99	2167.00
825.18	2177.00
825.36	2200.00
825.55	2129.00
825.74	2214.00
825.92	2213.00
826.11	2207.00
826.30	2150.00
826.48	2150.00
826.67	2173.00
826.86	2183.00
827.04	2224.00
827.23	2247.00
827.42	2225.00
827.60	2266.00
827.79	2193.00
827.98	2254.00
828.16	2184.00
828.35	2140.00
828.54	2171.00
828.72	2141.00
828.91	2185.00
829.09	2246.00
829.28	2180.00
829.47	2175.00
829.65	2126.00
829.84	2137.00
830.03	2181.00
830.21	2116.00
830.40	2068.00
830.59	2067.00
830.77	2192.00
830.96	2147.00
831.14	2082.00
831.33	2108.00
831.52	2146.00
831.70	2154.00
831.89	2142.00
832.08	2083.00
832.26	2102.00
832.45	2109.00
832.64	2109.00
832.82	2059.00
833.01	2145.00
833.19	2079.00
833.38	2071.00
833.57	2106.00
833.75	2164.00
833.94	2219.00
834.13	2162.00
834.31	2138.00
834.50	2129.00
834.68	2118.00
834.87	2208.00
835.06	2127.00
835.24	2077.00
835.43	2036.00
835.61	2029.00
835.80	2132.00
835.99	2134.00
836.17	2113.00
836.36	2136.00
836.55	2095.00
836.73	2074.00
836.92	2113.00
837.10	2036.00
837.29	2064.00
837.48	1956.00
837.66	2023.00
837.85	2089.00
838.03	2140.00
838.22	2020.00
838.41	2002.00
838.59	1980.00
838.78	2084.00
838.96	2102.00
839.15	1984.00
839.34	2039.00
839.52	2024.00
839.71	1934.00
839.89	2007.00
840.08	2070.00
840.27	1990.00
840.45	1996.00
840.64	1967.00
840.82	1999.00
841.01	1983.00
841.20	1963.00
841.38	2010.00
841.57	2037.00
841.75	1971.00
841.94	1887.00
842.13	1912.00
842.31	1935.00
842.50	1943.00
842.68	1936.00
842.87	1876.00
843.05	1924.00
843.24	1904.00
843.43	1843.00
843.61	1934.00
843.80	1862.00
843.98	1842.00
844.17	1822.00
844.36	1960.00
844.54	1943.00
844.73	1939.00
844.91	1915.00
845.10	1875.00
845.28	1878.00
845.47	1887.00
845.66	1892.00
845.84	1828.00
846.03	1807.00
846.21	1861.00
846.40	1824.00
846.58	1786.00
846.77	1704.00
846.96	1819.00
847.14	1825.00
847.33	1888.00
847.51	1795.00
847.70	1726.00
847.88	1718.00
848.07	1779.00
848.25	1804.00
848.44	1834.00
848.63	1783.00
848.81	1887.00
849.00	1789.00
849.18	1748.00
849.37	1763.00
849.55	1784.00
849.74	1825.00
849.93	1750.00
850.11	1738.00
850.30	1735.00
850.48	1744.00
850.67	1791.00
850.85	1795.00
851.04	1787.00
851.22	1733.00
851.41	1724.00
851.59	1684.00
851.78	1731.00
851.97	1770.00
852.15	1806.00
852.34	1710.00
852.52	1748.00
852.71	1702.00
852.89	1703.00
853.08	1683.00
853.26	1699.00
853.45	1676.00
853.63	1709.00
853.82	1741.00
854.01	1799.00
854.19	1746.00
854.38	1660.00
854.56	1726.00
854.75	1727.00
854.93	1708.00
855.12	1651.00
855.30	1684.00
855.49	1671.00
855.67	1687.00
855.86	1700.00
856.04	1690.00
856.23	1694.00
856.41	1693.00
856.60	1678.00
856.79	1676.00
856.97	1633.00
857.16	1581.00
857.34	1667.00
857.53	1667.00
857.71	1606.00
857.90	1610.00
858.08	1651.00
858.27	1601.00
858.45	1643.00
858.64	1587.00
858.82	1551.00
859.01	1640.00
859.19	1615.00
859.38	1593.00
859.56	1515.00
859.75	1560.00
859.93	1540.00
860.12	1641.00
860.30	1603.00
860.49	1583.00
860.67	1616.00
860.86	1590.00
861.04	1558.00
861.23	1569.00
861.41	1583.00
861.60	1546.00
861.78	1503.00
861.97	1525.00
862.15	1586.00
862.34	1499.00
862.53	1581.00
862.71	1550.00
862.90	1474.00
863.08	1489.00
863.27	1596.00
863.45	1570.00
863.64	1477.00
863.82	1515.00
864.01	1581.00
864.19	1542.00
864.37	1531.00
864.56	1503.00
864.74	1423.00
864.93	1359.00
865.11	1479.00
865.30	1543.00
865.48	1511.00
865.67	1484.00
865.85	1428.00
866.04	1430.00
866.22	1512.00
866.41	1404.00
866.59	1412.00
866.78	1448.00
866.96	1497.00
867.15	1434.00
867.33	1470.00
867.52	1384.00
867.70	1416.00
867.89	1439.00
868.07	1503.00
868.26	1523.00
868.44	1472.00
868.63	1480.00
868.81	1413.00
869.00	1410.00
869.18	1418.00
869.37	1340.00
869.55	1352.00
869.74	1445.00
869.92	1421.00
870.10	1513.00
870.29	1420.00
870.47	1376.00
870.66	1370.00
870.84	1356.00
871.03	1373.00
871.21	1366.00
871.40	1370.00
871.58	1401.00
871.77	1346.00
871.95	1343.00
872.14	1335.00
872.32	1359.00
872.51	1347.00
872.69	1325.00
872.87	1378.00
873.06	1330.00
873.24	1338.00
873.43	1405.00
873.61	1322.00
873.80	1225.00
873.98	1229.00
874.17	1349.00
874.35	1317.00
874.54	1311.00
874.72	1303.00
874.90	1320.00
875.09	1263.00
875.27	1304.00
875.46	1378.00
875.64	1348.00
875.83	1408.00
876.01	1399.00
876.20	1322.00
876.38	1347.00
876.56	1422.00
876.75	1364.00
876.93	1385.00
877.12	1247.00
877.30	1343.00
877.49	1367.00
877.67	1228.00
877.86	1291.00
878.04	1346.00
878.22	1349.00
878.41	1286.00
878.59	1252.00
878.78	1286.00
878.96	1239.00
879.15	1246.00
879.33	1309.00
879.51	1250.00
879.70	1255.00
879.88	1272.00
880.07	1269.00
880.25	1278.00
880.44	1259.00
880.62	1223.00
880.80	1342.00
880.99	1316.00
881.17	1351.00
881.36	1309.00
881.54	1298.00
881.73	1335.00
881.91	1290.00
882.09	1347.00
882.28	1345.00
882.46	1355.00
882.65	1258.00
882.83	1167.00
883.02	1219.00
883.20	1246.00
883.38	1291.00
883.57	1235.00
883.75	1219.00
883.94	1179.00
884.12	1341.00
884.30	1277.00
884.49	1169.00
884.67	1204.00
884.86	1224.00
885.04	1241.00
885.22	1158.00
885.41	1173.00
885.59	1190.00
885.78	1274.00
885.96	1133.00
886.14	1225.00
886.33	1224.00
886.51	1211.00
886.70	1169.00
886.88	1314.00
887.06	1236.00
887.25	1216.00
887.43	1204.00
887.62	1212.00
887.80	1237.00
887.98	1258.00
888.17	1216.00
888.35	1180.00
888.54	1226.00
888.72	1255.00
888.90	1207.00
889.09	1176.00
889.27	1246.00
889.46	1259.00
889.64	1269.00
889.82	1164.00
890.01	1156.00
890.19	1169.00
890.38	1230.00
890.56	1316.00
890.74	1196.00
890.93	1154.00
891.11	1263.00
891.29	1261.00
891.48	1230.00
891.66	1204.00
891.85	1237.00
892.03	1194.00
892.21	1220.00
892.40	1255.00
892.58	1212.00
892.76	1209.00
892.95	1221.00
893.13	1278.00
893.32	1241.00
893.50	1216.00
893.68	1245.00
893.87	1226.00
894.05	1207.00
894.23	1154.00
894.42	1138.00
894.60	1164.00
894.79	1197.00
894.97	1256.00
895.15	1213.00
895.34	1209.00
895.52	1148.00
895.70	1187.00
895.89	1230.00
896.07	1204.00
896.25	1168.00
896.44	1176.00
896.62	1194.00
896.81	1191.00
896.99	1190.00
897.17	1210.00
897.36	1202.00
897.54	1233.00
897.72	1215.00
897.91	1139.00
898.09	1259.00
898.27	1277.00
898.46	1224.00
898.64	1321.00
898.82	1249.00
899.01	1282.00
899.19	1343.00
899.37	1194.00
899.56	1276.00
899.74	1320.00
899.92	1325.00
900.11	1276.00
900.29	1253.00
900.47	1278.00
900.66	1222.00
900.84	1277.00
901.03	1326.00
901.21	1256.00
901.39	1227.00
901.58	1367.00
901.76	1275.00
901.94	1243.00
902.13	1324.00
902.31	1356.00
902.49	1259.00
902.68	1324.00
902.86	1418.00
903.04	1322.00
903.23	1268.00
903.41	1293.00
903.59	1342.00
903.78	1361.00
903.96	1381.00
904.14	1396.00
904.32	1359.00
904.51	1295.00
904.69	1290.00
904.87	1302.00
905.06	1336.00
905.24	1390.00
905.42	1426.00
905.61	1319.00
905.79	1301.00
905.97	1296.00
906.16	1317.00
906.34	1409.00
906.52	1402.00
906.71	1308.00
906.89	1306.00
907.07	1359.00
907.26	1332.00
907.44	1313.00
907.62	1344.00
907.81	1351.00
907.99	1350.00
908.17	1382.00
908.35	1308.00
908.54	1376.00
908.72	1382.00
908.90	1387.00
909.09	1337.00
909.27	1308.00
909.45	1356.00
909.64	1393.00
909.82	1371.00
910.00	1326.00
910.18	1314.00
910.37	1336.00
910.55	1290.00
910.73	1345.00
910.92	1307.00
911.10	1339.00
911.28	1336.00
911.47	1295.00
911.65	1319.00
911.83	1379.00
912.01	1377.00
912.20	1386.00
912.38	1337.00
912.56	1306.00
912.75	1324.00
912.93	1313.00
913.11	1227.00
913.29	1254.00
913.48	1305.00
913.66	1316.00
913.84	1369.00
914.03	1426.00
914.21	1331.00
914.39	1343.00
914.57	1368.00
914.76	1267.00
914.94	1295.00
915.12	1367.00
915.31	1417.00
915.49	1396.00
915.67	1314.00
915.85	1411.00
916.04	1296.00
916.22	1219.00
916.40	1324.00
916.58	1287.00
916.77	1310.00
916.95	1154.00
917.13	1165.00
917.32	1242.00
917.50	1308.00
917.68	1299.00
917.86	1223.00
918.05	1241.00
918.23	1243.00
918.41	1216.00
918.59	1266.00
918.78	1230.00
918.96	1292.00
919.14	1229.00
919.32	1238.00
919.51	1235.00
919.69	1259.00
919.87	1246.00
920.05	1260.00
920.24	1147.00
920.42	1185.00
920.60	1197.00
920.78	1219.00
920.97	1218.00
921.15	1198.00
921.33	1184.00
921.52	1166.00
921.70	1202.00
921.88	1181.00
922.06	1133.00
922.24	1166.00
922.43	1177.00
922.61	1227.00
922.79	1223.00
922.97	1216.00
923.16	1179.00
923.34	1204.00
923.52	1231.00
923.70	1230.00
923.89	1176.00
924.07	1177.00
924.25	1274.00
924.43	1235.00
924.62	1215.00
924.80	1184.00
924.98	1195.00
925.16	1159.00
925.35	1173.00
925.53	1196.00
925.71	1172.00
925.89	1107.00
926.08	1173.00
926.26	1200.00
926.44	1226.00
926.62	1198.00
926.80	1191.00
926.99	1091.00
927.17	1160.00
927.35	1173.00
927.53	1069.00
927.72	1105.00
927.90	1096.00
928.08	1112.00
928.26	1052.00
928.44	1071.00
928.63	1070.00
928.81	1086.00
928.99	1100.00
929.17	1090.00
929.36	1101.00
929.54	1225.00
929.72	1107.00
929.90	1070.00
930.08	1067.00
930.27	1060.00
930.45	1019.00
930.63	1079.00
930.81	1173.00
930.99	1127.00
931.18	1018.00
931.36	1026.00
931.54	1134.00
931.72	1069.00
931.90	995.00
932.09	991.00
932.27	1059.00
932.45	1045.00
932.63	966.00
932.81	954.00
933.00	1023.00
933.18	988.00
933.36	1021.00
933.54	973.00
933.72	967.00
933.91	951.00
934.09	1000.00
934.27	989.00
934.45	985.00
934.63	914.00
934.82	927.00
935.00	894.00
935.18	937.00
935.36	887.00
935.54	861.00
935.73	927.00
935.91	841.00
936.09	901.00
936.27	912.00
936.45	890.00
936.64	831.00
936.82	773.00
937.00	696.00
937.18	814.00
937.36	783.00
937.54	784.00
937.73	777.00
937.91	824.00
938.09	743.00
938.27	730.00
938.45	708.00
938.63	654.00
938.82	652.00
939.00	669.00
939.18	705.00
939.36	754.00
939.54	677.00
939.73	648.00
939.91	638.00
940.09	564.00
940.27	609.00
940.45	707.00
940.63	624.00
940.82	591.00
941.00	598.00
941.18	585.00
941.36	582.00
941.54	472.00
941.72	527.00
941.91	569.00
942.09	569.00
942.27	559.00
942.45	568.00
942.63	493.00
942.81	554.00
942.99	583.00
943.18	523.00
943.36	566.00
943.54	534.00
943.72	579.00
943.90	572.00
944.08	545.00
944.27	515.00
944.45	557.00
944.63	548.00
944.81	472.00
944.99	515.00
945.17	503.00
945.35	485.00
945.54	510.00
945.72	524.00
945.90	559.00
946.08	577.00
946.26	532.00
946.44	569.00
946.62	546.00
946.81	495.00
946.99	503.00
947.17	498.00
947.35	496.00
947.53	503.00
947.71	514.00
947.89	530.00
948.07	581.00
948.26	546.00
948.44	587.00
948.62	515.00
948.80	509.00
948.98	512.00
949.16	565.00
949.34	535.00
949.53	523.00
949.71	585.00
949.89	558.00
950.07	549.00
950.25	540.00
950.43	558.00
950.61	541.00
950.79	579.00
950.98	608.00
951.16	584.00
951.34	585.00
951.52	646.00
951.70	524.00
951.88	478.00
952.06	538.00
952.24	568.00
952.42	619.00
952.61	554.00
952.79	609.00
952.97	565.00
953.15	516.00
953.33	514.00
953.51	541.00
953.69	560.00
953.87	505.00
954.05	448.00
954.24	511.00
954.42	588.00
954.60	564.00
954.78	581.00
954.96	670.00
955.14	535.00
955.32	456.00
955.50	490.00
955.68	520.00
955.86	543.00
956.05	504.00
956.23	496.00
956.41	457.00
956.59	508.00
956.77	557.00
956.95	462.00
957.13	406.00
957.31	463.00
957.49	582.00
957.67	576.00
957.86	479.00
958.04	467.00
958.22	467.00
958.40	509.00
958.58	568.00
958.76	574.00
958.94	494.00
959.12	511.00
959.30	595.00
959.48	544.00
959.66	519.00
959.84	481.00
960.03	570.00
960.21	540.00
960.39	552.00
960.57	552.00
960.75	487.00
960.93	443.00
961.11	490.00
961.29	486.00
961.47	436.00
961.65	430.00
961.83	458.00
962.01	543.00
962.19	533.00
962.37	542.00
962.56	537.00
962.74	493.00
962.92	497.00
963.10	497.00
963.28	497.00
963.46	438.00
963.64	448.00
963.82	510.00
964.00	462.00
964.18	525.00
964.36	455.00
964.54	490.00
964.72	517.00
964.90	485.00
965.08	438.00
965.27	565.00
965.45	569.00
965.63	556.00
965.81	556.00
965.99	505.00
966.17	531.00
966.35	484.00
966.53	462.00
966.71	514.00
966.89	455.00
967.07	472.00
967.25	462.00
967.43	491.00
967.61	489.00
967.79	487.00
967.97	484.00
968.15	485.00
968.33	481.00
968.51	472.00
968.69	400.00
968.87	446.00
969.06	428.00
969.24	478.00
969.42	400.00
969.60	430.00
969.78	403.00
969.96	398.00
970.14	433.00
970.32	444.00
970.50	399.00
970.68	363.00
970.86	477.00
971.04	454.00
971.22	496.00
971.40	464.00
971.58	457.00
971.76	423.00
971.94	443.00
972.12	396.00
972.30	396.00
972.48	484.00
972.66	425.00
972.84	435.00
973.02	456.00
973.20	418.00
973.38	426.00
973.56	414.00
973.74	431.00
973.92	398.00
974.10	441.00
974.28	403.00
974.46	379.00
974.64	374.00
974.82	337.00
975.00	401.00
975.18	423.00
975.36	421.00
975.54	507.00
975.72	467.00
975.90	367.00
976.08	405.00
976.26	397.00
976.44	355.00
976.62	341.00
976.80	421.00
976.98	452.00
977.16	385.00
977.34	361.00
977.52	446.00
977.70	435.00
977.88	372.00
978.06	385.00
978.24	410.00
978.42	367.00
978.60	399.00
978.78	372.00
978.96	432.00
979.14	389.00
979.32	280.00
979.50	332.00
979.68	432.00
979.86	380.00
980.04	378.00
980.22	348.00
980.40	336.00
980.58	364.00
980.76	292.00
980.94	311.00
981.12	422.00
981.30	314.00
981.48	334.00
981.66	356.00
981.84	323.00
982.02	329.00
982.20	351.00
982.38	289.00
982.56	312.00
982.74	346.00
982.92	377.00
983.10	336.00
983.28	352.00
983.46	392.00
983.64	429.00
983.82	372.00
984.00	366.00
984.18	372.00
984.36	416.00
984.54	350.00
984.72	324.00
984.90	343.00
985.08	350.00
985.26	386.00
985.44	299.00
985.62	326.00
985.80	327.00
985.98	353.00
986.16	373.00
986.34	340.00
986.51	279.00
986.69	269.00
986.87	260.00
987.05	344.00
987.23	398.00
987.41	349.00
987.59	279.00
987.77	384.00
987.95	358.00
988.13	435.00
988.31	364.00
988.49	276.00
988.67	292.00
988.85	297.00
989.03	284.00
989.21	270.00
989.39	322.00
989.57	324.00
989.75	383.00
989.93	360.00
990.11	319.00
990.28	357.00
990.46	362.00
990.64	294.00
990.82	296.00
991.00	279.00
991.18	333.00
991.36	361.00
991.54	267.00
991.72	322.00
991.90	341.00
992.08	296.00
992.26	288.00
992.44	370.00
992.62	275.00
992.80	229.00
992.98	296.00
993.15	318.00
993.33	281.00
993.51	260.00
993.69	285.00
993.87	330.00
994.05	321.00
994.23	346.00
994.41	302.00
994.59	311.00
994.77	303.00
994.95	301.00
995.13	297.00
995.31	347.00
995.48	258.00
995.66	321.00
995.84	350.00
996.02	323.00
996.20	246.00
996.38	271.00
996.56	199.00
996.74	225.00
996.92	286.00
997.10	305.00
997.28	266.00
997.46	276.00
997.63	279.00
997.81	239.00
997.99	249.00
998.17	283.00
998.35	304.00
998.53	258.00
998.71	229.00
998.89	249.00
999.07	258.00
999.25	250.00
999.43	289.00
999.60	240.00
999.78	207.00
999.96	187.00
1000.14	249.00
1000.32	263.00
1000.50	268.00
1000.68	269.00
1000.86	209.00
1001.04	270.00
1001.21	193.00
1001.39	182.00
1001.57	202.00
1001.75	259.00
1001.93	245.00
1002.11	244.00
1002.29	233.00
1002.47	227.00
1002.65	256.00
1002.82	231.00
1003.00	292.00
1003.18	265.00
1003.36	260.00
1003.54	194.00
1003.72	275.00
1003.90	276.00
1004.08	261.00
1004.26	264.00
1004.43	243.00
1004.61	232.00
1004.79	280.00
1004.97	238.00
1005.15	264.00
1005.33	379.00
1005.51	324.00
1005.69	264.00
1005.86	227.00
1006.04	234.00
1006.22	246.00
1006.40	234.00
1006.58	280.00
1006.76	256.00
1006.94	259.00
1007.12	191.00
1007.29	271.00
1007.47	246.00
1007.65	322.00
1007.83	312.00
1008.01	255.00
1008.19	279.00
1008.37	301.00
1008.54	265.00
1008.72	168.00
1008.90	153.00
1009.08	184.00
1009.26	261.00
1009.44	226.00
1009.62	288.00
1009.79	196.00
1009.97	258.00
1010.15	254.00
1010.33	205.00
1010.51	234.00
1010.69	198.00
1010.87	233.00
1011.04	185.00
1011.22	281.00
1011.40	281.00
1011.58	145.00
1011.76	169.00
1011.94	193.00
1012.11	221.00
1012.29	207.00
1012.47	198.00
1012.65	153.00
1012.83	170.00
1013.01	201.00
1013.18	263.00
1013.36	211.00
1013.54	196.00
1013.72	185.00
1013.90	160.00
1014.08	162.00
1014.25	245.00
1014.43	252.00
1014.61	216.00
1014.79	196.00
1014.97	237.00
1015.15	201.00
1015.32	176.00
1015.50	222.00
1015.68	240.00
1015.86	222.00
1016.04	270.00
1016.22	352.00
1016.39	207.00
1016.57	166.00
1016.75	155.00
1016.93	163.00
1017.11	224.00
1017.29	207.00
1017.46	115.00
1017.64	128.00
1017.82	191.00
1018.00	274.00
1018.18	290.00
1018.35	240.00
1018.53	182.00
1018.71	173.00
1018.89	171.00
1019.07	237.00
1019.24	204.00
1019.42	177.00
1019.60	213.00
1019.78	262.00
1019.96	196.00
1020.14	192.00
1020.31	227.00
1020.49	204.00
1020.67	137.00
1020.85	212.00
1021.03	238.00
1021.20	200.00
1021.38	210.00
1021.56	228.00
1021.74	182.00
1021.92	99.00
1022.09	110.00
1022.27	185.00
1022.45	176.00
1022.63	117.00
1022.81	189.00
1022.98	223.00
1023.16	225.00
1023.34	174.00
1023.52	172.00
1023.69	142.00
1023.87	121.00
1024.05	207.00
1024.23	243.00
1024.41	240.00
1024.58	179.00
1024.76	203.00
1024.94	142.00
1025.12	173.00
1025.30	210.00
1025.47	206.00
1025.65	222.00
1025.83	219.00
1026.01	174.00
1026.18	169.00
1026.36	149.00
1026.54	123.00
1026.72	230.00
1026.90	261.00
1027.07	254.00
1027.25	195.00
1027.43	123.00
1027.61	173.00
1027.78	247.00
1027.96	239.00
1028.14	235.00
1028.32	221.00
1028.49	224.00
1028.67	210.00
1028.85	186.00
1029.03	204.00
1029.21	123.00
1029.38	108.00
1029.56	173.00
1029.74	219.00
1029.92	196.00
1030.09	133.00
1030.27	102.00
1030.45	125.00
1030.63	117.00
1030.80	152.00
1030.98	167.00
1031.16	187.00
1031.34	168.00
1031.51	165.00
1031.69	218.00
1031.87	162.00
1032.05	168.00
1032.22	138.00
1032.40	135.00
1032.58	87.00
1032.76	119.00
1032.93	124.00
1033.11	115.00
1033.29	174.00
1033.47	207.00
1033.64	156.00
1033.82	132.00
1034.00	124.00
1034.18	209.00
1034.35	141.00
1034.53	128.00
1034.71	178.00
1034.89	144.00
1035.06	106.00
1035.24	164.00
1035.42	166.00
1035.59	139.00
1035.77	106.00
1035.95	99.00
1036.13	100.00
1036.30	103.00
1036.48	77.00
1036.66	129.00
1036.84	177.00
1037.01	142.00
1037.19	121.00
1037.37	141.00
1037.54	175.00
1037.72	142.00
1037.90	171.00
1038.08	189.00
1038.25	141.00
1038.43	180.00
1038.61	115.00
1038.79	143.00
1038.96	122.00
1039.14	126.00
1039.32	118.00
1039.49	117.00
1039.67	130.00
1039.85	61.00
1040.03	149.00
1040.20	229.00
1040.38	196.00
1040.56	139.00
1040.73	106.00
1040.91	129.00
1041.09	104.00
1041.27	158.00
1041.44	135.00
1041.62	203.00
1041.80	172.00
1041.97	120.00
1042.15	135.00
1042.33	143.00
1042.50	130.00
1042.68	104.00
1042.86	150.00
1043.04	119.00
1043.21	103.00
1043.39	171.00
1043.57	116.00
1043.74	101.00
1043.92	94.00
1044.10	101.00
1044.27	79.00
1044.45	104.00
1044.63	115.00
1044.80	87.00
1044.98	103.00
1045.16	164.00
1045.34	138.00
1045.51	163.00
1045.69	190.00
1045.87	89.00
1046.04	190.00
1046.22	125.00
1046.40	110.00
1046.57	133.00
1046.75	109.00
1046.93	121.00
1047.10	101.00
1047.28	145.00
1047.46	115.00
1047.63	128.00
1047.81	171.00
1047.99	137.00
1048.16	62.00
1048.34	178.00
1048.52	140.00
1048.69	148.00
1048.87	121.00
1049.05	157.00
1049.22	97.00
1049.40	122.00
1049.58	122.00
1049.75	83.00
1049.93	67.00
1050.11	107.00
1050.28	109.00
1050.46	73.00
1050.64	86.00
1050.81	157.00
1050.99	136.00
1051.17	100.00
1051.34	106.00
1051.52	87.00
1051.70	132.00
1051.87	138.00
1052.05	174.00
1052.23	185.00
1052.40	59.00
1052.58	82.00
1052.76	91.00
1052.93	71.00
1053.11	177.00
1053.29	133.00
1053.46	97.00
1053.64	170.00
1053.82	119.00
1053.99	43.00
1054.17	92.00
1054.35	158.00
1054.52	139.00
1054.70	128.00
1054.87	85.00
1055.05	66.00
1055.23	99.00
1055.40	83.00
1055.58	108.00
1055.76	132.00
1055.93	119.00
1056.11	51.00
1056.29	53.00
1056.46	156.00
1056.64	174.00
1056.81	132.00
1056.99	151.00
1057.17	136.00
1057.34	70.00
1057.52	43.00
1057.70	180.00
1057.87	86.00
1058.05	138.00
1058.22	89.00
1058.40	72.00
1058.58	144.00
1058.75	183.00
1058.93	163.00
1059.11	75.00
1059.28	86.00
1059.46	94.00
1059.63	131.00
1059.81	90.00
1059.99	109.00
1060.16	197.00
1060.34	165.00
1060.52	85.00
1060.69	109.00
1060.87	121.00
1061.04	70.00
1061.22	42.00
