367.62	-46.00
367.82	-20.00
368.02	12.00
368.23	56.00
368.43	56.00
368.63	37.00
368.83	24.00
369.04	62.00
369.24	76.00
369.44	0.00
369.65	1.00
369.85	-4.00
370.05	5.00
370.25	28.00
370.46	6.00
370.66	4.00
370.86	66.00
371.07	29.00
371.27	86.00
371.47	79.00
371.67	-28.00
371.88	-33.00
372.08	-34.00
372.28	7.00
372.49	64.00
372.69	38.00
372.89	28.00
373.09	-15.00
373.30	40.00
373.50	26.00
373.70	-15.00
373.91	4.00
374.11	69.00
374.31	32.00
374.51	-23.00
374.72	-29.00
374.92	-22.00
375.12	23.00
375.33	26.00
375.53	37.00
375.73	18.00
375.93	-27.00
376.14	9.00
376.34	51.00
376.54	7.00
376.74	15.00
376.95	11.00
377.15	-40.00
377.35	-55.00
377.55	-3.00
377.76	-10.00
377.96	42.00
378.16	64.00
378.37	12.00
378.57	-29.00
378.77	-11.00
378.97	35.00
379.18	2.00
379.38	34.00
379.58	-56.00
379.78	-1.00
379.99	61.00
380.19	41.00
380.39	57.00
380.59	-22.00
380.80	9.00
381.00	8.00
381.20	-20.00
381.40	42.00
381.61	95.00
381.81	84.00
382.01	14.00
382.21	10.00
382.42	-15.00
382.62	53.00
382.82	42.00
383.02	31.00
383.23	29.00
383.43	67.00
383.63	49.00
383.83	1.00
384.04	-19.00
384.24	5.00
384.44	37.00
384.64	31.00
384.85	-6.00
385.05	-7.00
385.25	4.00
385.45	3.00
385.66	-2.00
385.86	5.00
386.06	65.00
386.26	20.00
386.47	-60.00
386.67	-87.00
386.87	7.00
387.07	55.00
387.27	88.00
387.48	56.00
387.68	-28.00
387.88	-67.00
388.08	-12.00
388.29	22.00
388.49	-16.00
388.69	-70.00
388.89	6.00
389.10	6.00
389.30	59.00
389.50	48.00
389.70	-17.00
389.90	13.00
390.11	-1.00
390.31	-51.00
390.51	26.00
390.71	2.00
390.92	55.00
391.12	14.00
391.32	39.00
391.52	-7.00
391.72	-35.00
391.93	17.00
392.13	39.00
392.33	9.00
392.53	16.00
392.74	42.00
392.94	19.00
393.14	46.00
393.34	-12.00
393.54	-18.00
393.75	27.00
393.95	126.00
394.15	37.00
394.35	0.00
394.56	3.00
394.76	-10.00
394.96	-5.00
395.16	-35.00
395.36	44.00
395.57	48.00
395.77	-23.00
395.97	-10.00
396.17	-39.00
396.37	-28.00
396.58	20.00
396.78	0.00
396.98	9.00
397.18	11.00
397.38	-20.00
397.59	-38.00
397.79	38.00
397.99	-29.00
398.19	-55.00
398.39	10.00
398.60	1.00
398.80	21.00
399.00	-25.00
399.20	39.00
399.40	-35.00
399.61	-6.00
399.81	-10.00
400.01	-35.00
400.21	-34.00
400.41	10.00
400.62	55.00
400.82	-33.00
401.02	70.00
401.22	41.00
401.42	31.00
401.63	-27.00
401.83	-24.00
402.03	39.00
402.23	-13.00
402.43	-23.00
402.64	63.00
402.84	84.00
403.04	50.00
403.24	50.00
403.44	-21.00
403.64	64.00
403.85	60.00
404.05	25.00
404.25	27.00
404.45	8.00
404.65	20.00
404.86	-28.00
405.06	-30.00
405.26	-13.00
405.46	28.00
405.66	44.00
405.86	30.00
406.07	5.00
406.27	31.00
406.47	-2.00
406.67	-34.00
406.87	27.00
407.07	-12.00
407.28	-21.00
407.48	11.00
407.68	27.00
407.88	-77.00
408.08	-10.00
408.28	50.00
408.49	32.00
408.69	69.00
408.89	44.00
409.09	31.00
409.29	31.00
409.49	50.00
409.70	25.00
409.90	-24.00
410.10	34.00
410.30	91.00
410.50	25.00
410.70	13.00
410.91	8.00
411.11	55.00
411.31	0.00
411.51	-22.00
411.71	17.00
411.91	-26.00
412.12	19.00
412.32	-12.00
412.52	27.00
412.72	35.00
412.92	1.00
413.12	-71.00
413.32	2.00
413.53	101.00
413.73	24.00
413.93	-26.00
414.13	6.00
414.33	-21.00
414.53	48.00
414.74	66.00
414.94	17.00
415.14	73.00
415.34	55.00
415.54	14.00
415.74	141.00
415.94	82.00
416.15	-12.00
416.35	-26.00
416.55	7.00
416.75	-51.00
416.95	3.00
417.15	66.00
417.35	-59.00
417.56	-14.00
417.76	35.00
417.96	-8.00
418.16	35.00
418.36	32.00
418.56	31.00
418.76	21.00
418.97	74.00
419.17	16.00
419.37	-10.00
419.57	-9.00
419.77	-7.00
419.97	43.00
420.17	6.00
420.37	55.00
420.58	50.00
420.78	-23.00
420.98	75.00
421.18	23.00
421.38	99.00
421.58	31.00
421.78	86.00
421.98	33.00
422.19	11.00
422.39	9.00
422.59	49.00
422.79	13.00
422.99	-13.00
423.19	-6.00
423.39	58.00
423.59	95.00
423.80	11.00
424.00	-5.00
424.20	1.00
424.40	33.00
424.60	-13.00
424.80	-36.00
425.00	-25.00
425.20	69.00
425.40	96.00
425.61	11.00
425.81	-2.00
426.01	-8.00
426.21	43.00
426.41	72.00
426.61	22.00
426.81	37.00
427.01	72.00
427.21	74.00
427.42	122.00
427.62	-9.00
427.82	7.00
428.02	-12.00
428.22	-11.00
428.42	-7.00
428.62	-16.00
428.82	64.00
429.02	68.00
429.23	103.00
429.43	128.00
429.63	68.00
429.83	24.00
430.03	20.00
430.23	3.00
430.43	72.00
430.63	72.00
430.83	70.00
431.03	50.00
431.24	98.00
431.44	52.00
431.64	48.00
431.84	67.00
432.04	43.00
432.24	5.00
432.44	14.00
432.64	22.00
432.84	28.00
433.04	12.00
433.24	-13.00
433.45	-15.00
433.65	29.00
433.85	52.00
434.05	84.00
434.25	61.00
434.45	96.00
434.65	-43.00
434.85	8.00
435.05	-12.00
435.25	-37.00
435.45	38.00
435.65	18.00
435.86	-86.00
436.06	-50.00
436.26	33.00
436.46	105.00
436.66	63.00
436.86	49.00
437.06	41.00
437.26	47.00
437.46	50.00
437.66	61.00
437.86	27.00
438.06	27.00
438.26	-89.00
438.47	-21.00
438.67	56.00
438.87	68.00
439.07	51.00
439.27	75.00
439.47	64.00
439.67	38.00
439.87	14.00
440.07	30.00
440.27	9.00
440.47	68.00
440.67	47.00
440.87	35.00
441.07	85.00
441.27	44.00
441.48	10.00
441.68	64.00
441.88	61.00
442.08	90.00
442.28	94.00
442.48	55.00
442.68	-10.00
442.88	4.00
443.08	-17.00
443.28	29.00
443.48	24.00
443.68	47.00
443.88	68.00
444.08	53.00
444.28	49.00
444.48	22.00
444.68	31.00
444.88	6.00
445.09	-27.00
445.29	66.00
445.49	51.00
445.69	67.00
445.89	23.00
446.09	-7.00
446.29	77.00
446.49	112.00
446.69	54.00
446.89	32.00
447.09	-60.00
447.29	-26.00
447.49	26.00
447.69	55.00
447.89	44.00
448.09	96.00
448.29	89.00
448.49	21.00
448.69	14.00
448.89	42.00
449.09	16.00
449.29	61.00
449.49	77.00
449.70	53.00
449.90	-5.00
450.10	74.00
450.30	41.00
450.50	40.00
450.70	36.00
450.90	79.00
451.10	129.00
451.30	107.00
451.50	64.00
451.70	20.00
451.90	50.00
452.10	81.00
452.30	14.00
452.50	34.00
452.70	46.00
452.90	29.00
453.10	58.00
453.30	21.00
453.50	-53.00
453.70	11.00
453.90	69.00
454.10	55.00
454.30	84.00
454.50	115.00
454.70	146.00
454.90	97.00
455.10	42.00
455.30	70.00
455.50	99.00
455.70	141.00
455.90	77.00
456.10	13.00
456.30	17.00
456.50	47.00
456.70	54.00
456.90	32.00
457.10	39.00
457.30	121.00
457.50	152.00
457.70	91.00
457.90	12.00
458.10	41.00
458.30	74.00
458.50	90.00
458.70	85.00
458.90	76.00
459.10	115.00
459.30	75.00
459.50	103.00
459.70	116.00
459.90	68.00
460.10	105.00
460.30	115.00
460.50	84.00
460.70	94.00
460.90	84.00
461.10	81.00
461.30	127.00
461.50	102.00
461.70	101.00
461.90	72.00
462.10	108.00
462.30	95.00
462.50	75.00
462.70	131.00
462.90	86.00
463.10	34.00
463.30	74.00
463.50	99.00
463.70	102.00
463.90	133.00
464.10	81.00
464.30	105.00
464.50	122.00
464.70	105.00
464.90	84.00
465.10	45.00
465.30	113.00
465.50	91.00
465.70	71.00
465.90	78.00
466.10	94.00
466.30	103.00
466.50	82.00
466.70	154.00
466.90	99.00
467.10	95.00
467.30	109.00
467.50	115.00
467.70	53.00
467.90	53.00
468.10	136.00
468.30	147.00
468.50	114.00
468.70	103.00
468.90	103.00
469.10	16.00
469.30	93.00
469.50	99.00
469.70	52.00
469.90	51.00
470.10	24.00
470.30	11.00
470.50	27.00
470.70	-18.00
470.90	68.00
471.10	116.00
471.29	48.00
471.49	79.00
471.69	71.00
471.89	74.00
472.09	54.00
472.29	52.00
472.49	141.00
472.69	176.00
472.89	123.00
473.09	57.00
473.29	88.00
473.49	106.00
473.69	42.00
473.89	76.00
474.09	44.00
474.29	130.00
474.49	165.00
474.69	31.00
474.89	2.00
475.09	82.00
475.29	149.00
475.49	85.00
475.69	2.00
475.88	89.00
476.08	125.00
476.28	106.00
476.48	25.00
476.68	31.00
476.88	77.00
477.08	18.00
477.28	19.00
477.48	56.00
477.68	80.00
477.88	53.00
478.08	123.00
478.28	104.00
478.48	78.00
478.68	100.00
478.88	125.00
479.08	87.00
479.28	76.00
479.47	95.00
479.67	48.00
479.87	37.00
480.07	32.00
480.27	122.00
480.47	70.00
480.67	88.00
480.87	86.00
481.07	64.00
481.27	25.00
481.47	41.00
481.67	80.00
481.87	77.00
482.07	74.00
482.27	34.00
482.46	143.00
482.66	104.00
482.86	99.00
483.06	119.00
483.26	85.00
483.46	73.00
483.66	68.00
483.86	114.00
484.06	125.00
484.26	83.00
484.46	65.00
484.66	82.00
484.86	21.00
485.05	40.00
485.25	88.00
485.45	86.00
485.65	89.00
485.85	133.00
486.05	72.00
486.25	34.00
486.45	115.00
486.65	170.00
486.85	128.00
487.05	74.00
487.25	65.00
487.44	104.00
487.64	131.00
487.84	166.00
488.04	165.00
488.24	91.00
488.44	26.00
488.64	57.00
488.84	139.00
489.04	87.00
489.24	78.00
489.43	127.00
489.63	182.00
489.83	163.00
490.03	95.00
490.23	105.00
490.43	70.00
490.63	117.00
490.83	84.00
491.03	94.00
491.23	74.00
491.42	19.00
491.62	91.00
491.82	132.00
492.02	87.00
492.22	83.00
492.42	145.00
492.62	130.00
492.82	88.00
493.02	130.00
493.22	122.00
493.41	163.00
493.61	155.00
493.81	154.00
494.01	121.00
494.21	137.00
494.41	172.00
494.61	179.00
494.81	163.00
495.01	134.00
495.20	111.00
495.40	132.00
495.60	111.00
495.80	97.00
496.00	139.00
496.20	178.00
496.40	154.00
496.60	116.00
496.79	191.00
496.99	227.00
497.19	177.00
497.39	165.00
497.59	196.00
497.79	225.00
497.99	163.00
498.19	160.00
498.38	176.00
498.58	164.00
498.78	194.00
498.98	234.00
499.18	180.00
499.38	130.00
499.58	170.00
499.78	123.00
499.97	93.00
500.17	102.00
500.37	179.00
500.57	167.00
500.77	177.00
500.97	183.00
501.17	199.00
501.37	131.00
501.56	157.00
501.76	182.00
501.96	163.00
502.16	204.00
502.36	168.00
502.56	168.00
502.76	151.00
502.95	169.00
503.15	150.00
503.35	114.00
503.55	184.00
503.75	216.00
503.95	188.00
504.15	177.00
504.34	191.00
504.54	172.00
504.74	176.00
504.94	228.00
505.14	175.00
505.34	92.00
505.54	150.00
505.73	184.00
505.93	166.00
506.13	165.00
506.33	130.00
506.53	133.00
506.73	142.00
506.92	195.00
507.12	203.00
507.32	155.00
507.52	178.00
507.72	119.00
507.92	173.00
508.12	170.00
508.31	202.00
508.51	237.00
508.71	173.00
508.91	244.00
509.11	173.00
509.31	105.00
509.50	161.00
509.70	180.00
509.90	170.00
510.10	157.00
510.30	170.00
510.50	181.00
510.69	114.00
510.89	171.00
511.09	177.00
511.29	163.00
511.49	184.00
511.69	239.00
511.88	219.00
512.08	114.00
512.28	188.00
512.48	200.00
512.68	105.00
512.88	142.00
513.07	207.00
513.27	166.00
513.47	184.00
513.67	216.00
513.87	173.00
514.06	221.00
514.26	131.00
514.46	116.00
514.66	154.00
514.86	223.00
515.06	239.00
515.25	277.00
515.45	220.00
515.65	201.00
515.85	241.00
516.05	198.00
516.24	204.00
516.44	174.00
516.64	193.00
516.84	149.00
517.04	161.00
517.23	186.00
517.43	137.00
517.63	151.00
517.83	246.00
518.03	251.00
518.23	191.00
518.42	133.00
518.62	147.00
518.82	145.00
519.02	199.00
519.22	236.00
519.41	151.00
519.61	151.00
519.81	171.00
520.01	202.00
520.21	150.00
520.40	210.00
520.60	229.00
520.80	187.00
521.00	123.00
521.20	173.00
521.39	199.00
521.59	215.00
521.79	194.00
521.99	176.00
522.19	152.00
522.38	164.00
522.58	134.00
522.78	205.00
522.98	204.00
523.17	190.00
523.37	182.00
523.57	167.00
523.77	158.00
523.97	230.00
524.16	219.00
524.36	149.00
524.56	179.00
524.76	141.00
524.96	199.00
525.15	275.00
525.35	225.00
525.55	182.00
525.75	212.00
525.94	132.00
526.14	193.00
526.34	253.00
526.54	273.00
526.74	210.00
526.93	158.00
527.13	219.00
527.33	232.00
527.53	220.00
527.72	223.00
527.92	235.00
528.12	224.00
528.32	268.00
528.52	228.00
528.71	215.00
528.91	235.00
529.11	270.00
529.31	270.00
529.50	262.00
529.70	230.00
529.90	235.00
530.10	211.00
530.29	209.00
530.49	209.00
530.69	285.00
530.89	269.00
531.09	291.00
531.28	343.00
531.48	380.00
531.68	350.00
531.88	266.00
532.07	278.00
532.27	345.00
532.47	304.00
532.67	261.00
532.86	255.00
533.06	255.00
533.26	229.00
533.46	218.00
533.65	341.00
533.85	315.00
534.05	272.00
534.25	277.00
534.44	251.00
534.64	257.00
534.84	318.00
535.04	370.00
535.23	362.00
535.43	380.00
535.63	318.00
535.83	291.00
536.02	323.00
536.22	351.00
536.42	298.00
536.62	313.00
536.81	338.00
537.01	321.00
537.21	348.00
537.41	305.00
537.60	324.00
537.80	345.00
538.00	382.00
538.20	374.00
538.39	382.00
538.59	386.00
538.79	380.00
538.99	335.00
539.18	263.00
539.38	349.00
539.58	429.00
539.77	394.00
539.97	384.00
540.17	343.00
540.37	409.00
540.56	405.00
540.76	325.00
540.96	362.00
541.16	413.00
541.35	351.00
541.55	339.00
541.75	311.00
541.94	345.00
542.14	383.00
542.34	295.00
542.54	306.00
542.73	381.00
542.93	420.00
543.13	430.00
543.33	399.00
543.52	439.00
543.72	377.00
543.92	414.00
544.11	379.00
544.31	417.00
544.51	452.00
544.71	457.00
544.90	425.00
545.10	464.00
545.30	451.00
545.49	532.00
545.69	548.00
545.89	421.00
546.09	444.00
546.28	470.00
546.48	532.00
546.68	484.00
546.87	479.00
547.07	442.00
547.27	429.00
547.47	352.00
547.66	340.00
547.86	437.00
548.06	411.00
548.25	417.00
548.45	412.00
548.65	416.00
548.84	466.00
549.04	404.00
549.24	408.00
549.44	364.00
549.63	404.00
549.83	509.00
550.03	452.00
550.22	490.00
550.42	468.00
550.62	502.00
550.81	473.00
551.01	336.00
551.21	333.00
551.41	454.00
551.60	389.00
551.80	379.00
552.00	422.00
552.19	402.00
552.39	415.00
552.59	475.00
552.78	509.00
552.98	479.00
553.18	381.00
553.37	384.00
553.57	400.00
553.77	422.00
553.96	392.00
554.16	377.00
554.36	312.00
554.56	410.00
554.75	467.00
554.95	410.00
555.15	383.00
555.34	416.00
555.54	421.00
555.74	443.00
555.93	419.00
556.13	410.00
556.33	380.00
556.52	389.00
556.72	434.00
556.92	431.00
557.11	425.00
557.31	380.00
557.51	366.00
557.70	339.00
557.90	363.00
558.10	409.00
558.29	368.00
558.49	365.00
558.69	382.00
558.88	378.00
559.08	352.00
559.28	322.00
559.47	319.00
559.67	335.00
559.87	421.00
560.06	328.00
560.26	351.00
560.46	379.00
560.65	361.00
560.85	346.00
561.05	412.00
561.24	429.00
561.44	430.00
561.64	366.00
561.83	381.00
562.03	354.00
562.23	359.00
562.42	331.00
562.62	377.00
562.82	354.00
563.01	277.00
563.21	298.00
563.40	375.00
563.60	396.00
563.80	411.00
563.99	341.00
564.19	313.00
564.39	383.00
564.58	368.00
564.78	376.00
564.98	353.00
565.17	333.00
565.37	317.00
565.57	330.00
565.76	360.00
565.96	374.00
566.16	290.00
566.35	300.00
566.55	367.00
566.74	374.00
566.94	343.00
567.14	385.00
567.33	436.00
567.53	423.00
567.73	397.00
567.92	393.00
568.12	409.00
568.32	432.00
568.51	409.00
568.71	406.00
568.90	337.00
569.10	347.00
569.30	422.00
569.49	385.00
569.69	423.00
569.89	409.00
570.08	431.00
570.28	371.00
570.47	392.00
570.67	420.00
570.87	381.00
571.06	432.00
571.26	353.00
571.46	416.00
571.65	442.00
571.85	456.00
572.04	486.00
572.24	447.00
572.44	440.00
572.63	451.00
572.83	424.00
573.03	469.00
573.22	423.00
573.42	428.00
573.61	500.00
573.81	558.00
574.01	570.00
574.20	511.00
574.40	492.00
574.59	518.00
574.79	485.00
574.99	543.00
575.18	498.00
575.38	540.00
575.58	557.00
575.77	519.00
575.97	558.00
576.16	493.00
576.36	610.00
576.56	595.00
576.75	576.00
576.95	595.00
577.14	627.00
577.34	623.00
577.54	634.00
577.73	636.00
577.93	607.00
578.12	671.00
578.32	662.00
578.52	685.00
578.71	718.00
578.91	636.00
579.10	598.00
579.30	669.00
579.50	632.00
579.69	655.00
579.89	698.00
580.08	701.00
580.28	726.00
580.48	724.00
580.67	665.00
580.87	741.00
581.06	739.00
581.26	765.00
581.45	750.00
581.65	781.00
581.85	731.00
582.04	813.00
582.24	824.00
582.43	835.00
582.63	834.00
582.83	752.00
583.02	801.00
583.22	930.00
583.41	919.00
583.61	903.00
583.80	872.00
584.00	877.00
584.20	883.00
584.39	895.00
584.59	931.00
584.78	918.00
584.98	896.00
585.17	857.00
585.37	895.00
585.57	906.00
585.76	969.00
585.96	998.00
586.15	952.00
586.35	973.00
586.54	965.00
586.74	1042.00
586.94	1057.00
587.13	1024.00
587.33	1040.00
587.52	1084.00
587.72	1037.00
587.91	1080.00
588.11	1126.00
588.31	1134.00
588.50	1116.00
588.70	1073.00
588.89	1176.00
589.09	1189.00
589.28	1155.00
589.48	1180.00
589.68	1129.00
589.87	1050.00
590.07	1112.00
590.26	1181.00
590.46	1282.00
590.65	1248.00
590.85	1191.00
591.04	1206.00
591.24	1188.00
591.44	1183.00
591.63	1210.00
591.83	1251.00
592.02	1267.00
592.22	1276.00
592.41	1286.00
592.61	1311.00
592.80	1268.00
593.00	1349.00
593.19	1418.00
593.39	1381.00
593.59	1404.00
593.78	1444.00
593.98	1332.00
594.17	1299.00
594.37	1352.00
594.56	1408.00
594.76	1424.00
594.95	1348.00
595.15	1466.00
595.34	1532.00
595.54	1496.00
595.73	1458.00
595.93	1380.00
596.13	1323.00
596.32	1454.00
596.52	1478.00
596.71	1473.00
596.91	1534.00
597.10	1584.00
597.30	1539.00
597.49	1495.00
597.69	1551.00
597.88	1579.00
598.08	1578.00
598.27	1577.00
598.47	1485.00
598.66	1552.00
598.86	1660.00
599.06	1629.00
599.25	1572.00
599.45	1694.00
599.64	1572.00
599.84	1596.00
600.03	1600.00
600.23	1604.00
600.42	1639.00
600.62	1728.00
600.81	1694.00
601.01	1626.00
601.20	1576.00
601.40	1590.00
601.59	1652.00
601.79	1647.00
601.98	1645.00
602.18	1586.00
602.37	1567.00
602.57	1556.00
602.76	1552.00
602.96	1606.00
603.15	1621.00
603.35	1644.00
603.54	1564.00
603.74	1594.00
603.93	1611.00
604.13	1672.00
604.32	1590.00
604.52	1712.00
604.71	1571.00
604.91	1620.00
605.10	1634.00
605.30	1557.00
605.49	1596.00
605.69	1584.00
605.88	1638.00
606.08	1699.00
606.27	1745.00
606.47	1758.00
606.66	1752.00
606.86	1687.00
607.05	1706.00
607.25	1673.00
607.44	1671.00
607.64	1720.00
607.83	1662.00
608.03	1691.00
608.22	1663.00
608.42	1704.00
608.61	1832.00
608.81	1757.00
609.00	1785.00
609.20	1746.00
609.39	1818.00
609.59	1954.00
609.78	1944.00
609.98	2050.00
610.17	2177.00
610.37	2267.00
610.56	2419.00
610.76	2472.00
610.95	2499.00
611.15	2570.00
611.34	2736.00
611.54	2833.00
611.73	2884.00
611.93	2682.00
612.12	2443.00
612.32	2230.00
612.51	2149.00
612.71	2110.00
612.90	1933.00
613.09	1952.00
613.29	1943.00
613.48	1926.00
613.68	1857.00
613.87	1807.00
614.07	1842.00
614.26	1900.00
614.46	1895.00
614.65	1949.00
614.85	1839.00
615.04	1803.00
615.24	1820.00
615.43	1841.00
615.63	1772.00
615.82	1722.00
616.02	1702.00
616.21	1698.00
616.40	1686.00
616.60	1626.00
616.79	1585.00
616.99	1663.00
617.18	1693.00
617.38	1647.00
617.57	1695.00
617.77	1597.00
617.96	1623.00
618.16	1662.00
618.35	1624.00
618.54	1669.00
618.74	1580.00
618.93	1625.00
619.13	1627.00
619.32	1690.00
619.52	1689.00
619.71	1724.00
619.91	1741.00
620.10	1710.00
620.30	1755.00
620.49	1798.00
620.68	1740.00
620.88	1748.00
621.07	1789.00
621.27	1741.00
621.46	1689.00
621.66	1750.00
621.85	1700.00
622.05	1788.00
622.24	1778.00
622.43	1839.00
622.63	1837.00
622.82	1808.00
623.02	1762.00
623.21	1817.00
623.41	1810.00
623.60	1846.00
623.80	1858.00
623.99	1809.00
624.18	1769.00
624.38	1831.00
624.57	1821.00
624.77	1759.00
624.96	1914.00
625.16	1929.00
625.35	1887.00
625.54	1913.00
625.74	1915.00
625.93	1859.00
626.13	1857.00
626.32	1925.00
626.52	1896.00
626.71	1831.00
626.90	1781.00
627.10	1890.00
627.29	1907.00
627.49	1946.00
627.68	1922.00
627.88	1936.00
628.07	1897.00
628.26	1883.00
628.46	1825.00
628.65	1895.00
628.85	2002.00
629.04	2008.00
629.23	2105.00
629.43	2108.00
629.62	2112.00
629.82	2091.00
630.01	2092.00
630.21	2076.00
630.40	2020.00
630.59	2140.00
630.79	2221.00
630.98	2164.00
631.18	2186.00
631.37	2178.00
631.56	2138.00
631.76	2161.00
631.95	2092.00
632.15	2055.00
632.34	2057.00
632.53	2075.00
632.73	2021.00
632.92	1964.00
633.12	2079.00
633.31	2115.00
633.50	2120.00
633.70	2098.00
633.89	2028.00
634.09	2086.00
634.28	2196.00
634.47	2236.00
634.67	2083.00
634.86	2172.00
635.06	2173.00
635.25	2192.00
635.44	2250.00
635.64	2233.00
635.83	2246.00
636.03	2273.00
636.22	2250.00
636.41	2207.00
636.61	2232.00
636.80	2249.00
637.00	2258.00
637.19	2299.00
637.38	2364.00
637.58	2400.00
637.77	2304.00
637.96	2375.00
638.16	2493.00
638.35	2398.00
638.55	2298.00
638.74	2400.00
638.93	2473.00
639.13	2444.00
639.32	2461.00
639.51	2397.00
639.71	2374.00
639.90	2430.00
640.10	2398.00
640.29	2479.00
640.48	2431.00
640.68	2461.00
640.87	2469.00
641.07	2535.00
641.26	2493.00
641.45	2511.00
641.65	2493.00
641.84	2430.00
642.03	2507.00
642.23	2547.00
642.42	2683.00
642.61	2654.00
642.81	2645.00
643.00	2531.00
643.20	2561.00
643.39	2626.00
643.58	2655.00
643.78	2562.00
643.97	2498.00
644.16	2585.00
644.36	2717.00
644.55	2821.00
644.74	2743.00
644.94	2681.00
645.13	2706.00
645.33	2780.00
645.52	2748.00
645.71	2770.00
645.91	2758.00
646.10	2713.00
646.29	2692.00
646.49	2722.00
646.68	2803.00
646.87	2811.00
647.07	2758.00
647.26	2680.00
647.45	2765.00
647.65	2877.00
647.84	2810.00
648.03	2745.00
648.23	2832.00
648.42	2890.00
648.62	2929.00
648.81	2881.00
649.00	2840.00
649.20	2932.00
649.39	2899.00
649.58	2767.00
649.78	2861.00
649.97	2892.00
650.16	3006.00
650.36	2981.00
650.55	2930.00
650.74	2948.00
650.94	2990.00
651.13	3039.00
651.32	3016.00
651.52	3039.00
651.71	3020.00
651.90	2991.00
652.10	2998.00
652.29	3008.00
652.48	2993.00
652.68	3104.00
652.87	3006.00
653.06	2953.00
653.26	2978.00
653.45	3001.00
653.64	2964.00
653.84	2893.00
654.03	2905.00
654.22	2923.00
654.42	2833.00
654.61	2892.00
654.80	3034.00
654.99	3038.00
655.19	3083.00
655.38	3021.00
655.57	3080.00
655.77	3101.00
655.96	2981.00
656.15	2959.00
656.35	3011.00
656.54	2948.00
656.73	2898.00
656.93	2858.00
657.12	2990.00
657.31	2984.00
657.51	3018.00
657.70	2945.00
657.89	2963.00
658.09	3009.00
658.28	2922.00
658.47	2905.00
658.66	3074.00
658.86	3053.00
659.05	2965.00
659.24	3015.00
659.44	2991.00
659.63	3047.00
659.82	3010.00
660.02	2934.00
660.21	2986.00
660.40	2975.00
660.60	2976.00
660.79	2907.00
660.98	2881.00
661.17	2877.00
661.37	2882.00
661.56	3014.00
661.75	3000.00
661.95	2917.00
662.14	2871.00
662.33	2903.00
662.52	2921.00
662.72	2952.00
662.91	2957.00
663.10	2957.00
663.30	2862.00
663.49	2951.00
663.68	2974.00
663.88	2952.00
664.07	2905.00
664.26	2909.00
664.45	2811.00
664.65	2809.00
664.84	2822.00
665.03	2747.00
665.23	2866.00
665.42	2867.00
665.61	2877.00
665.80	2923.00
666.00	2861.00
666.19	2835.00
666.38	2897.00
666.57	2907.00
666.77	2804.00
666.96	2765.00
667.15	2788.00
667.35	2828.00
667.54	2810.00
667.73	2770.00
667.92	2707.00
668.12	2762.00
668.31	2716.00
668.50	2679.00
668.70	2681.00
668.89	2680.00
669.08	2705.00
669.27	2724.00
669.47	2647.00
669.66	2743.00
669.85	2720.00
670.04	2745.00
670.24	2776.00
670.43	2810.00
670.62	2692.00
670.81	2702.00
671.01	2735.00
671.20	2790.00
671.39	2785.00
671.58	2700.00
671.78	2739.00
671.97	2650.00
672.16	2703.00
672.36	2612.00
672.55	2530.00
672.74	2538.00
672.93	2595.00
673.13	2540.00
673.32	2524.00
673.51	2553.00
673.70	2647.00
673.90	2614.00
674.09	2620.00
674.28	2738.00
674.47	2697.00
674.67	2670.00
674.86	2643.00
675.05	2650.00
675.24	2613.00
675.44	2678.00
675.63	2575.00
675.82	2467.00
676.01	2499.00
676.21	2513.00
676.40	2603.00
676.59	2591.00
676.78	2456.00
676.97	2471.00
677.17	2599.00
677.36	2566.00
677.55	2498.00
677.74	2570.00
677.94	2629.00
678.13	2590.00
678.32	2655.00
678.51	2649.00
678.71	2571.00
678.90	2482.00
679.09	2525.00
679.28	2545.00
679.48	2545.00
679.67	2525.00
679.86	2571.00
680.05	2538.00
680.24	2493.00
680.44	2492.00
680.63	2552.00
680.82	2526.00
681.01	2493.00
681.21	2450.00
681.40	2476.00
681.59	2454.00
681.78	2405.00
681.97	2401.00
682.17	2463.00
682.36	2492.00
682.55	2409.00
682.74	2414.00
682.94	2451.00
683.13	2361.00
683.32	2414.00
683.51	2496.00
683.70	2543.00
683.90	2500.00
684.09	2522.00
684.28	2479.00
684.47	2416.00
684.66	2421.00
684.86	2386.00
685.05	2389.00
685.24	2499.00
685.43	2446.00
685.63	2454.00
685.82	2467.00
686.01	2421.00
686.20	2433.00
686.39	2425.00
686.59	2403.00
686.78	2490.00
686.97	2347.00
687.16	2385.00
687.35	2396.00
687.55	2468.00
687.74	2445.00
687.93	2474.00
688.12	2510.00
688.31	2494.00
688.51	2508.00
688.70	2536.00
688.89	2503.00
689.08	2473.00
689.27	2401.00
689.47	2398.00
689.66	2380.00
689.85	2453.00
690.04	2394.00
690.23	2381.00
690.42	2381.00
690.62	2364.00
690.81	2358.00
691.00	2385.00
691.19	2420.00
691.38	2388.00
691.58	2446.00
691.77	2451.00
691.96	2364.00
692.15	2414.00
692.34	2482.00
692.54	2465.00
692.73	2454.00
692.92	2490.00
693.11	2455.00
693.30	2465.00
693.49	2441.00
693.69	2377.00
693.88	2375.00
694.07	2362.00
694.26	2432.00
694.45	2479.00
694.64	2412.00
694.84	2498.00
695.03	2463.00
695.22	2412.00
695.41	2504.00
695.60	2374.00
695.80	2421.00
695.99	2441.00
696.18	2412.00
696.37	2444.00
696.56	2411.00
696.75	2521.00
696.95	2384.00
697.14	2472.00
697.33	2422.00
697.52	2431.00
697.71	2449.00
697.90	2528.00
698.09	2548.00
698.29	2497.00
698.48	2495.00
698.67	2512.00
698.86	2486.00
699.05	2446.00
699.24	2530.00
699.44	2552.00
699.63	2534.00
699.82	2483.00
700.01	2541.00
700.20	2477.00
700.39	2514.00
700.58	2575.00
700.78	2590.00
700.97	2491.00
701.16	2444.00
701.35	2535.00
701.54	2527.00
701.73	2503.00
701.93	2585.00
702.12	2630.00
702.31	2629.00
702.50	2628.00
702.69	2669.00
702.88	2708.00
703.07	2685.00
703.27	2619.00
703.46	2742.00
703.65	2770.00
703.84	2680.00
704.03	2659.00
704.22	2685.00
704.41	2715.00
704.60	2677.00
704.80	2656.00
704.99	2723.00
705.18	2685.00
705.37	2761.00
705.56	2825.00
705.75	2810.00
705.94	2821.00
706.14	2630.00
706.33	2727.00
706.52	2768.00
706.71	2745.00
706.90	2841.00
707.09	2855.00
707.28	2889.00
707.47	2862.00
707.67	2826.00
707.86	2853.00
708.05	2925.00
708.24	2967.00
708.43	2941.00
708.62	2929.00
708.81	2996.00
709.00	2955.00
709.20	2988.00
709.39	2998.00
709.58	2975.00
709.77	2970.00
709.96	3029.00
710.15	2968.00
710.34	3023.00
710.53	2915.00
710.72	2871.00
710.92	2991.00
711.11	2920.00
711.30	2925.00
711.49	2930.00
711.68	2907.00
711.87	2957.00
712.06	3050.00
712.25	2975.00
712.44	3073.00
712.64	3140.00
712.83	3140.00
713.02	3149.00
713.21	3126.00
713.40	3141.00
713.59	3134.00
713.78	3152.00
713.97	3082.00
714.16	3113.00
714.35	2955.00
714.55	3077.00
714.74	3190.00
714.93	3091.00
715.12	3144.00
715.31	3185.00
715.50	3164.00
715.69	3039.00
715.88	3117.00
716.07	3126.00
716.26	2988.00
716.45	2996.00
716.65	3026.00
716.84	3106.00
717.03	3103.00
717.22	3146.00
717.41	3198.00
717.60	3097.00
717.79	3199.00
717.98	3218.00
718.17	3175.00
718.36	3119.00
718.55	3179.00
718.75	3267.00
718.94	3151.00
719.13	3056.00
719.32	3205.00
719.51	3239.00
719.70	3173.00
719.89	3287.00
720.08	3384.00
720.27	3286.00
720.46	3279.00
720.65	3253.00
720.84	3240.00
721.03	3190.00
721.22	3075.00
721.42	3268.00
721.61	3232.00
721.80	3166.00
721.99	3179.00
722.18	3252.00
722.37	3134.00
722.56	3140.00
722.75	3153.00
722.94	3210.00
723.13	3160.00
723.32	3163.00
723.51	3306.00
723.70	3196.00
723.89	3173.00
724.08	3244.00
724.28	3275.00
724.47	3163.00
724.66	3104.00
724.85	3161.00
725.04	3262.00
725.23	3271.00
725.42	3460.00
725.61	3296.00
725.80	3294.00
725.99	3233.00
726.18	3299.00
726.37	3332.00
726.56	3196.00
726.75	3259.00
726.94	3189.00
727.13	3248.00
727.32	3308.00
727.51	3334.00
727.71	3292.00
727.90	3256.00
728.09	3248.00
728.28	3194.00
728.47	3171.00
728.66	3210.00
728.85	3204.00
729.04	3146.00
729.23	3121.00
729.42	3235.00
729.61	3243.00
729.80	3158.00
729.99	3213.00
730.18	3275.00
730.37	3299.00
730.56	3338.00
730.75	3237.00
730.94	3280.00
731.13	3243.00
731.32	3268.00
731.51	3255.00
731.70	3139.00
731.89	3136.00
732.08	3204.00
732.27	3182.00
732.46	3130.00
732.65	3227.00
732.84	3190.00
733.04	3126.00
733.23	3249.00
733.42	3235.00
733.61	3133.00
733.80	3181.00
733.99	3271.00
734.18	3186.00
734.37	3122.00
734.56	3169.00
734.75	3133.00
734.94	3184.00
735.13	3219.00
735.32	3147.00
735.51	3131.00
735.70	3087.00
735.89	2990.00
736.08	3012.00
736.27	3135.00
736.46	3159.00
736.65	3074.00
736.84	3083.00
737.03	3048.00
737.22	3136.00
737.41	3062.00
737.60	2991.00
737.79	3111.00
737.98	3174.00
738.17	3124.00
738.36	3083.00
738.55	3085.00
738.74	3062.00
738.93	3099.00
739.12	3150.00
739.31	3054.00
739.50	3020.00
739.69	3065.00
739.88	3040.00
740.07	3111.00
740.26	2985.00
740.45	3016.00
740.64	2971.00
740.83	2990.00
741.02	2982.00
741.21	2967.00
741.40	2946.00
741.59	2965.00
741.78	2819.00
741.97	2907.00
742.16	2936.00
742.35	2847.00
742.54	2872.00
742.73	2837.00
742.92	2882.00
743.11	2864.00
743.30	2935.00
743.49	2860.00
743.68	2861.00
743.87	2887.00
744.06	2922.00
744.25	2861.00
744.44	2916.00
744.63	2880.00
744.82	2810.00
745.01	2713.00
745.20	2798.00
745.39	2806.00
745.58	2812.00
745.77	2761.00
745.96	2810.00
746.15	2849.00
746.34	2751.00
746.52	2760.00
746.71	2771.00
746.90	2835.00
747.09	2757.00
747.28	2740.00
747.47	2768.00
747.66	2702.00
747.85	2745.00
748.04	2682.00
748.23	2730.00
748.42	2652.00
748.61	2667.00
748.80	2702.00
748.99	2741.00
749.18	2653.00
749.37	2594.00
749.56	2600.00
749.75	2659.00
749.94	2645.00
750.13	2564.00
750.32	2595.00
750.51	2622.00
750.70	2558.00
750.89	2590.00
751.08	2606.00
751.27	2493.00
751.46	2511.00
751.64	2533.00
751.83	2595.00
752.02	2677.00
752.21	2594.00
752.40	2524.00
752.59	2625.00
752.78	2539.00
752.97	2556.00
753.16	2525.00
753.35	2460.00
753.54	2664.00
753.73	2657.00
753.92	2544.00
754.11	2565.00
754.30	2532.00
754.49	2422.00
754.68	2551.00
754.87	2518.00
755.06	2449.00
755.24	2404.00
755.43	2409.00
755.62	2461.00
755.81	2453.00
756.00	2454.00
756.19	2452.00
756.38	2463.00
756.57	2487.00
756.76	2440.00
756.95	2549.00
757.14	2528.00
757.33	2442.00
757.52	2429.00
757.71	2412.00
757.90	2432.00
758.08	2356.00
758.27	2291.00
758.46	2365.00
758.65	2314.00
758.84	2356.00
759.03	2390.00
759.22	2357.00
759.41	2333.00
759.60	2385.00
759.79	2414.00
759.98	2419.00
760.17	2411.00
760.36	2427.00
760.54	2368.00
760.73	2285.00
760.92	2324.00
761.11	2252.00
761.30	2175.00
761.49	2222.00
761.68	2210.00
761.87	2164.00
762.06	2134.00
762.25	2057.00
762.44	2053.00
762.63	2137.00
762.81	2062.00
763.00	2089.00
763.19	2101.00
763.38	2071.00
763.57	1951.00
763.76	1937.00
763.95	1949.00
764.14	2062.00
764.33	2064.00
764.52	1963.00
764.71	2037.00
764.89	2088.00
765.08	2061.00
765.27	2028.00
765.46	2050.00
765.65	2058.00
765.84	1938.00
766.03	2073.00
766.22	2068.00
766.41	2061.00
766.59	2015.00
766.78	2057.00
766.97	2139.00
767.16	2144.00
767.35	2178.00
767.54	2205.00
767.73	2164.00
767.92	2226.00
768.11	2280.00
768.30	2209.00
768.48	2239.00
768.67	2216.00
768.86	2251.00
769.05	2228.00
769.24	2194.00
769.43	2145.00
769.62	2238.00
769.81	2211.00
769.99	2246.00
770.18	2335.00
770.37	2218.00
770.56	2271.00
770.75	2248.00
770.94	2233.00
771.13	2208.00
771.32	2183.00
771.50	2193.00
771.69	2146.00
771.88	2172.00
772.07	2232.00
772.26	2247.00
772.45	2291.00
772.64	2227.00
772.83	2288.00
773.01	2262.00
773.20	2191.00
773.39	2214.00
773.58	2226.00
773.77	2190.00
773.96	2121.00
774.15	2111.00
774.34	2207.00
774.52	2285.00
774.71	2281.00
774.90	2245.00
775.09	2219.00
775.28	2133.00
775.47	2081.00
775.66	2138.00
775.84	2158.00
776.03	2077.00
776.22	2113.00
776.41	2105.00
776.60	2053.00
776.79	2151.00
776.98	2139.00
777.16	2177.00
777.35	2146.00
777.54	2166.00
777.73	2140.00
777.92	2127.00
778.11	2169.00
778.29	2141.00
778.48	2151.00
778.67	2144.00
778.86	2058.00
779.05	2110.00
779.24	2216.00
779.43	2158.00
779.61	2130.00
779.80	2091.00
779.99	2085.00
780.18	2152.00
780.37	2217.00
780.56	2177.00
780.74	2158.00
780.93	2166.00
781.12	2126.00
781.31	2098.00
781.50	2163.00
781.69	2207.00
781.87	2285.00
782.06	2211.00
782.25	2161.00
782.44	2161.00
782.63	2148.00
782.82	2185.00
783.00	2211.00
783.19	2217.00
783.38	2136.00
783.57	2168.00
783.76	2224.00
783.95	2225.00
784.13	2189.00
784.32	2218.00
784.51	2212.00
784.70	2154.00
784.89	2158.00
785.08	2215.00
785.26	2235.00
785.45	2184.00
785.64	2157.00
785.83	2253.00
786.02	2201.00
786.20	2156.00
786.39	2198.00
786.58	2138.00
786.77	2191.00
786.96	2202.00
787.15	2210.00
787.33	2245.00
787.52	2291.00
787.71	2229.00
787.90	2275.00
788.09	2259.00
788.27	2351.00
788.46	2346.00
788.65	2259.00
788.84	2237.00
789.03	2248.00
789.21	2249.00
789.40	2307.00
789.59	2338.00
789.78	2270.00
789.97	2230.00
790.15	2261.00
790.34	2337.00
790.53	2363.00
790.72	2317.00
790.91	2223.00
791.09	2352.00
791.28	2368.00
791.47	2300.00
791.66	2343.00
791.85	2359.00
792.03	2296.00
792.22	2320.00
792.41	2324.00
792.60	2345.00
792.79	2372.00
792.97	2318.00
793.16	2366.00
793.35	2394.00
793.54	2378.00
793.72	2338.00
793.91	2315.00
794.10	2385.00
794.29	2413.00
794.48	2355.00
794.66	2345.00
794.85	2402.00
795.04	2342.00
795.23	2425.00
795.42	2451.00
795.60	2309.00
795.79	2357.00
795.98	2377.00
796.17	2516.00
796.35	2495.00
796.54	2357.00
796.73	2303.00
796.92	2392.00
797.11	2458.00
797.29	2367.00
797.48	2366.00
797.67	2360.00
797.86	2416.00
798.04	2365.00
798.23	2351.00
798.42	2365.00
798.61	2294.00
798.79	2378.00
798.98	2409.00
799.17	2361.00
799.36	2446.00
799.54	2439.00
799.73	2427.00
799.92	2298.00
800.11	2378.00
800.30	2389.00
800.48	2312.00
800.67	2276.00
800.86	2267.00
801.05	2323.00
801.23	2417.00
801.42	2438.00
801.61	2406.00
801.80	2346.00
801.98	2389.00
802.17	2407.00
802.36	2443.00
802.55	2383.00
802.73	2397.00
802.92	2439.00
803.11	2420.00
803.30	2381.00
803.48	2272.00
803.67	2464.00
803.86	2468.00
804.05	2460.00
804.23	2465.00
804.42	2482.00
804.61	2474.00
804.80	2474.00
804.98	2502.00
805.17	2437.00
805.36	2345.00
805.54	2279.00
805.73	2409.00
805.92	2521.00
806.11	2449.00
806.29	2549.00
806.48	2455.00
806.67	2410.00
806.86	2412.00
807.04	2450.00
807.23	2591.00
807.42	2514.00
807.61	2455.00
807.79	2384.00
807.98	2443.00
808.17	2508.00
808.35	2495.00
808.54	2458.00
808.73	2438.00
808.92	2611.00
809.10	2596.00
809.29	2455.00
809.48	2455.00
809.67	2497.00
809.85	2450.00
810.04	2486.00
810.23	2514.00
810.41	2394.00
810.60	2408.00
810.79	2371.00
810.98	2371.00
811.16	2403.00
811.35	2465.00
811.54	2462.00
811.72	2391.00
811.91	2445.00
812.10	2491.00
812.29	2355.00
812.47	2405.00
812.66	2415.00
812.85	2430.00
813.03	2394.00
813.22	2354.00
813.41	2365.00
813.60	2376.00
813.78	2397.00
813.97	2387.00
814.16	2395.00
814.34	2383.00
814.53	2420.00
814.72	2378.00
814.90	2461.00
815.09	2475.00
815.28	2433.00
815.47	2312.00
815.65	2349.00
815.84	2404.00
816.03	2422.00
816.21	2473.00
816.40	2438.00
816.59	2434.00
816.77	2336.00
816.96	2361.00
817.15	2413.00
817.33	2451.00
817.52	2395.00
817.71	2394.00
817.90	2465.00
818.08	2488.00
818.27	2495.00
818.46	2526.00
818.64	2511.00
818.83	2433.00
819.02	2434.00
819.20	2503.00
819.39	2451.00
819.58	2399.00
819.76	2420.00
819.95	2429.00
820.14	2434.00
820.32	2442.00
820.51	2442.00
820.70	2472.00
820.88	2465.00
821.07	2497.00
821.26	2437.00
821.44	2391.00
821.63	2418.00
821.82	2473.00
822.01	2460.00
822.19	2433.00
822.38	2419.00
822.57	2359.00
822.75	2465.00
822.94	2466.00
823.13	2368.00
823.31	2430.00
823.50	2436.00
823.69	2437.00
823.87	2409.00
824.06	2446.00
824.25	2301.00
824.43	2370.00
824.62	2485.00
824.80	2470.00
824.99	2385.00
825.18	2457.00
825.36	2353.00
825.55	2368.00
825.74	2427.00
825.92	2404.00
826.11	2349.00
826.30	2287.00
826.48	2294.00
826.67	2297.00
826.86	2322.00
827.04	2373.00
827.23	2367.00
827.42	2329.00
827.60	2354.00
827.79	2369.00
827.98	2309.00
828.16	2346.00
828.35	2320.00
828.54	2347.00
828.72	2303.00
828.91	2267.00
829.09	2367.00
829.28	2242.00
829.47	2231.00
829.65	2219.00
829.84	2332.00
830.03	2245.00
830.21	2287.00
830.40	2316.00
830.59	2290.00
830.77	2370.00
830.96	2287.00
831.14	2323.00
831.33	2224.00
831.52	2221.00
831.70	2213.00
831.89	2202.00
832.08	2194.00
832.26	2228.00
832.45	2209.00
832.64	2220.00
832.82	2271.00
833.01	2319.00
833.19	2264.00
833.38	2243.00
833.57	2280.00
833.75	2150.00
833.94	2194.00
834.13	2286.00
834.31	2286.00
834.50	2212.00
834.68	2191.00
834.87	2255.00
835.06	2327.00
835.24	2233.00
835.43	2246.00
835.61	2194.00
835.80	2192.00
835.99	2222.00
836.17	2265.00
836.36	2173.00
836.55	2191.00
836.73	2230.00
836.92	2239.00
837.10	2226.00
837.29	2188.00
837.48	2224.00
837.66	2287.00
837.85	2146.00
838.03	2165.00
838.22	2186.00
838.41	2212.00
838.59	2066.00
838.78	2133.00
838.96	2191.00
839.15	2117.00
839.34	2166.00
839.52	2081.00
839.71	2133.00
839.89	2147.00
840.08	2176.00
840.27	2067.00
840.45	2131.00
840.64	2167.00
840.82	2179.00
841.01	2088.00
841.20	2201.00
841.38	2154.00
841.57	2071.00
841.75	2057.00
841.94	2074.00
842.13	2093.00
842.31	2085.00
842.50	2042.00
842.68	2009.00
842.87	2119.00
843.05	2071.00
843.24	2073.00
843.43	2015.00
843.61	1988.00
843.80	1918.00
843.98	1977.00
844.17	2019.00
844.36	1972.00
844.54	2054.00
844.73	1949.00
844.91	1992.00
845.10	1973.00
845.28	1976.00
845.47	1955.00
845.66	1889.00
845.84	2032.00
846.03	1884.00
846.21	1978.00
846.40	1856.00
846.58	1864.00
846.77	1890.00
846.96	1914.00
847.14	2015.00
847.33	1918.00
847.51	1900.00
847.70	1777.00
847.88	1861.00
848.07	1868.00
848.25	1881.00
848.44	1934.00
848.63	1897.00
848.81	1984.00
849.00	1936.00
849.18	1869.00
849.37	1967.00
849.55	1947.00
849.74	1848.00
849.93	1920.00
850.11	1921.00
850.30	1935.00
850.48	1816.00
850.67	1868.00
850.85	1904.00
851.04	1958.00
851.22	1949.00
851.41	1844.00
851.59	1834.00
851.78	1874.00
851.97	1825.00
852.15	1860.00
852.34	1908.00
852.52	1855.00
852.71	1823.00
852.89	1771.00
853.08	1822.00
853.26	1876.00
853.45	1833.00
853.63	1821.00
853.82	1781.00
854.01	1801.00
854.19	1848.00
854.38	1803.00
854.56	1772.00
854.75	1793.00
854.93	1757.00
855.12	1770.00
855.30	1813.00
855.49	1768.00
855.67	1820.00
855.86	1823.00
856.04	1877.00
856.23	1774.00
856.41	1746.00
856.60	1804.00
856.79	1845.00
856.97	1835.00
857.16	1779.00
857.34	1763.00
857.53	1796.00
857.71	1761.00
857.90	1721.00
858.08	1784.00
858.27	1803.00
858.45	1768.00
858.64	1687.00
858.82	1651.00
859.01	1768.00
859.19	1802.00
859.38	1736.00
859.56	1699.00
859.75	1694.00
859.93	1710.00
860.12	1767.00
860.30	1662.00
860.49	1649.00
860.67	1711.00
860.86	1661.00
861.04	1753.00
861.23	1769.00
861.41	1732.00
861.60	1661.00
861.78	1614.00
861.97	1560.00
862.15	1576.00
862.34	1626.00
862.53	1687.00
862.71	1691.00
862.90	1664.00
863.08	1612.00
863.27	1667.00
863.45	1651.00
863.64	1581.00
863.82	1712.00
864.01	1690.00
864.19	1684.00
864.37	1688.00
864.56	1655.00
864.74	1660.00
864.93	1501.00
865.11	1540.00
865.30	1606.00
865.48	1671.00
865.67	1646.00
865.85	1599.00
866.04	1584.00
866.22	1635.00
866.41	1564.00
866.59	1517.00
866.78	1589.00
866.96	1566.00
867.15	1507.00
867.33	1490.00
867.52	1503.00
867.70	1457.00
867.89	1465.00
868.07	1469.00
868.26	1517.00
868.44	1556.00
868.63	1569.00
868.81	1440.00
869.00	1487.00
869.18	1403.00
869.37	1442.00
869.55	1546.00
869.74	1494.00
869.92	1485.00
870.10	1499.00
870.29	1471.00
870.47	1479.00
870.66	1453.00
870.84	1408.00
871.03	1486.00
871.21	1556.00
871.40	1533.00
871.58	1497.00
871.77	1448.00
871.95	1401.00
872.14	1430.00
872.32	1472.00
872.51	1489.00
872.69	1354.00
872.87	1401.00
873.06	1439.00
873.24	1406.00
873.43	1522.00
873.61	1421.00
873.80	1363.00
873.98	1407.00
874.17	1485.00
874.35	1467.00
874.54	1394.00
874.72	1290.00
874.90	1353.00
875.09	1353.00
875.27	1387.00
875.46	1435.00
875.64	1431.00
875.83	1400.00
876.01	1422.00
876.20	1419.00
876.38	1376.00
876.56	1374.00
876.75	1424.00
876.93	1353.00
877.12	1266.00
877.30	1372.00
877.49	1327.00
877.67	1314.00
877.86	1425.00
878.04	1449.00
878.22	1382.00
878.41	1374.00
878.59	1373.00
878.78	1311.00
878.96	1374.00
879.15	1259.00
879.33	1305.00
879.51	1376.00
879.70	1380.00
879.88	1323.00
880.07	1411.00
880.25	1408.00
880.44	1372.00
880.62	1328.00
880.80	1461.00
880.99	1319.00
881.17	1336.00
881.36	1296.00
881.54	1294.00
881.73	1396.00
881.91	1355.00
882.09	1412.00
882.28	1352.00
882.46	1413.00
882.65	1356.00
882.83	1251.00
883.02	1292.00
883.20	1282.00
883.38	1340.00
883.57	1382.00
883.75	1293.00
883.94	1238.00
884.12	1421.00
884.30	1360.00
884.49	1293.00
884.67	1307.00
884.86	1369.00
885.04	1373.00
885.22	1304.00
885.41	1245.00
885.59	1261.00
885.78	1288.00
885.96	1239.00
886.14	1310.00
886.33	1296.00
886.51	1274.00
886.70	1316.00
886.88	1397.00
887.06	1283.00
887.25	1298.00
887.43	1349.00
887.62	1350.00
887.80	1311.00
887.98	1314.00
888.17	1297.00
888.35	1283.00
888.54	1319.00
888.72	1356.00
888.90	1299.00
889.09	1348.00
889.27	1325.00
889.46	1332.00
889.64	1338.00
889.82	1300.00
890.01	1282.00
890.19	1305.00
890.38	1240.00
890.56	1305.00
890.74	1322.00
890.93	1295.00
891.11	1341.00
891.29	1306.00
891.48	1268.00
891.66	1409.00
891.85	1385.00
892.03	1325.00
892.21	1363.00
892.40	1366.00
892.58	1347.00
892.76	1227.00
892.95	1234.00
893.13	1287.00
893.32	1299.00
893.50	1379.00
893.68	1294.00
893.87	1289.00
894.05	1346.00
894.23	1225.00
894.42	1200.00
894.60	1267.00
894.79	1243.00
894.97	1275.00
895.15	1314.00
895.34	1204.00
895.52	1239.00
895.70	1300.00
895.89	1337.00
896.07	1349.00
896.25	1264.00
896.44	1301.00
896.62	1326.00
896.81	1294.00
896.99	1328.00
897.17	1346.00
897.36	1434.00
897.54	1343.00
897.72	1311.00
897.91	1324.00
898.09	1337.00
898.27	1333.00
898.46	1385.00
898.64	1401.00
898.82	1284.00
899.01	1335.00
899.19	1371.00
899.37	1273.00
899.56	1280.00
899.74	1338.00
899.92	1343.00
900.11	1366.00
900.29	1320.00
900.47	1328.00
900.66	1283.00
900.84	1410.00
901.03	1429.00
901.21	1312.00
901.39	1312.00
901.58	1431.00
901.76	1327.00
901.94	1250.00
902.13	1388.00
902.31	1388.00
902.49	1407.00
902.68	1446.00
902.86	1455.00
903.04	1448.00
903.23	1484.00
903.41	1379.00
903.59	1431.00
903.78	1531.00
903.96	1472.00
904.14	1414.00
904.32	1398.00
904.51	1355.00
904.69	1413.00
904.87	1430.00
905.06	1345.00
905.24	1425.00
905.42	1446.00
905.61	1366.00
905.79	1389.00
905.97	1438.00
906.16	1461.00
906.34	1485.00
906.52	1505.00
906.71	1414.00
906.89	1441.00
907.07	1413.00
907.26	1370.00
907.44	1470.00
907.62	1445.00
907.81	1441.00
907.99	1417.00
908.17	1437.00
908.35	1469.00
908.54	1437.00
908.72	1359.00
908.90	1396.00
909.09	1372.00
909.27	1354.00
909.45	1360.00
909.64	1379.00
909.82	1438.00
910.00	1528.00
910.18	1419.00
910.37	1372.00
910.55	1427.00
910.73	1455.00
910.92	1466.00
911.10	1430.00
911.28	1368.00
911.47	1381.00
911.65	1396.00
911.83	1419.00
912.01	1449.00
912.20	1346.00
912.38	1470.00
912.56	1436.00
912.75	1322.00
912.93	1435.00
913.11	1387.00
913.29	1447.00
913.48	1440.00
913.66	1353.00
913.84	1380.00
914.03	1424.00
914.21	1390.00
914.39	1326.00
914.57	1459.00
914.76	1380.00
914.94	1378.00
915.12	1379.00
915.31	1435.00
915.49	1409.00
915.67	1374.00
915.85	1387.00
916.04	1346.00
916.22	1378.00
916.40	1327.00
916.58	1281.00
916.77	1364.00
916.95	1299.00
917.13	1271.00
917.32	1317.00
917.50	1403.00
917.68	1366.00
917.86	1343.00
918.05	1396.00
918.23	1465.00
918.41	1398.00
918.59	1333.00
918.78	1350.00
918.96	1344.00
919.14	1290.00
919.32	1335.00
919.51	1285.00
919.69	1295.00
919.87	1292.00
920.05	1369.00
920.24	1276.00
920.42	1214.00
920.60	1237.00
920.78	1306.00
920.97	1300.00
921.15	1310.00
921.33	1307.00
921.52	1266.00
921.70	1253.00
921.88	1194.00
922.06	1277.00
922.24	1283.00
922.43	1311.00
922.61	1315.00
922.79	1273.00
922.97	1250.00
923.16	1289.00
923.34	1235.00
923.52	1325.00
923.70	1291.00
923.89	1267.00
924.07	1272.00
924.25	1299.00
924.43	1322.00
924.62	1352.00
924.80	1334.00
924.98	1290.00
925.16	1271.00
925.35	1285.00
925.53	1210.00
925.71	1179.00
925.89	1233.00
926.08	1265.00
926.26	1260.00
926.44	1201.00
926.62	1254.00
926.80	1148.00
926.99	1079.00
927.17	1134.00
927.35	1180.00
927.53	1185.00
927.72	1184.00
927.90	1138.00
928.08	1169.00
928.26	1090.00
928.44	1131.00
928.63	1196.00
928.81	1197.00
928.99	1168.00
929.17	1199.00
929.36	1147.00
929.54	1212.00
929.72	1154.00
929.90	1224.00
930.08	1197.00
930.27	1189.00
930.45	1104.00
930.63	1195.00
930.81	1196.00
930.99	1212.00
931.18	1152.00
931.36	1168.00
931.54	1190.00
931.72	1098.00
931.90	1102.00
932.09	1110.00
932.27	1186.00
932.45	1131.00
932.63	1093.00
932.81	1093.00
933.00	1043.00
933.18	1031.00
933.36	1070.00
933.54	1036.00
933.72	1039.00
933.91	995.00
934.09	1029.00
934.27	1109.00
934.45	1120.00
934.63	1020.00
934.82	973.00
935.00	1024.00
935.18	1055.00
935.36	944.00
935.54	962.00
935.73	1022.00
935.91	934.00
936.09	876.00
936.27	868.00
936.45	925.00
936.64	877.00
936.82	823.00
937.00	830.00
937.18	806.00
937.36	847.00
937.54	887.00
937.73	830.00
937.91	849.00
938.09	785.00
938.27	838.00
938.45	787.00
938.63	743.00
938.82	766.00
939.00	776.00
939.18	745.00
939.36	709.00
939.54	646.00
939.73	699.00
939.91	754.00
940.09	706.00
940.27	662.00
940.45	687.00
940.63	623.00
940.82	625.00
941.00	649.00
941.18	631.00
941.36	616.00
941.54	555.00
941.72	592.00
941.91	632.00
942.09	626.00
942.27	652.00
942.45	674.00
942.63	604.00
942.81	572.00
942.99	625.00
943.18	660.00
943.36	577.00
943.54	626.00
943.72	638.00
943.90	595.00
944.08	600.00
944.27	521.00
944.45	537.00
944.63	577.00
944.81	495.00
944.99	540.00
945.17	598.00
945.35	577.00
945.54	608.00
945.72	573.00
945.90	572.00
946.08	641.00
946.26	592.00
946.44	542.00
946.62	562.00
946.81	536.00
946.99	499.00
947.17	548.00
947.35	555.00
947.53	593.00
947.71	566.00
947.89	616.00
948.07	586.00
948.26	595.00
948.44	580.00
948.62	465.00
948.80	570.00
948.98	623.00
949.16	577.00
949.34	562.00
949.53	592.00
949.71	629.00
949.89	639.00
950.07	615.00
950.25	549.00
950.43	570.00
950.61	609.00
950.79	596.00
950.98	563.00
951.16	566.00
951.34	595.00
951.52	716.00
951.70	614.00
951.88	545.00
952.06	601.00
952.24	607.00
952.42	576.00
952.61	585.00
952.79	573.00
952.97	565.00
953.15	594.00
953.33	572.00
953.51	523.00
953.69	508.00
953.87	529.00
954.05	547.00
954.24	554.00
954.42	625.00
954.60	630.00
954.78	597.00
954.96	641.00
955.14	537.00
955.32	495.00
955.50	481.00
955.68	544.00
955.86	552.00
956.05	543.00
956.23	543.00
956.41	601.00
956.59	584.00
956.77	524.00
956.95	481.00
957.13	525.00
957.31	505.00
957.49	544.00
957.67	594.00
957.86	529.00
958.04	524.00
958.22	542.00
958.40	560.00
958.58	561.00
958.76	545.00
958.94	582.00
959.12	575.00
959.30	534.00
959.48	594.00
959.66	573.00
959.84	549.00
960.03	552.00
960.21	499.00
960.39	579.00
960.57	571.00
960.75	549.00
960.93	544.00
961.11	553.00
961.29	543.00
961.47	475.00
961.65	493.00
961.83	534.00
962.01	568.00
962.19	544.00
962.37	545.00
962.56	509.00
962.74	529.00
962.92	530.00
963.10	472.00
963.28	471.00
963.46	472.00
963.64	530.00
963.82	515.00
964.00	562.00
964.18	484.00
964.36	484.00
964.54	501.00
964.72	488.00
964.90	475.00
965.08	542.00
965.27	542.00
965.45	511.00
965.63	486.00
965.81	563.00
965.99	573.00
966.17	589.00
966.35	493.00
966.53	467.00
966.71	565.00
966.89	489.00
967.07	495.00
967.25	500.00
967.43	490.00
967.61	546.00
967.79	508.00
967.97	514.00
968.15	538.00
968.33	533.00
968.51	559.00
968.69	484.00
968.87	409.00
969.06	487.00
969.24	450.00
969.42	488.00
969.60	476.00
969.78	465.00
969.96	496.00
970.14	473.00
970.32	522.00
970.50	402.00
970.68	470.00
970.86	504.00
971.04	452.00
971.22	511.00
971.40	513.00
971.58	519.00
971.76	456.00
971.94	492.00
972.12	452.00
972.30	457.00
972.48	485.00
972.66	430.00
972.84	442.00
973.02	468.00
973.20	458.00
973.38	429.00
973.56	449.00
973.74	521.00
973.92	492.00
974.10	391.00
974.28	387.00
974.46	442.00
974.64	417.00
974.82	422.00
975.00	358.00
975.18	351.00
975.36	425.00
975.54	543.00
975.72	505.00
975.90	407.00
976.08	427.00
976.26	399.00
976.44	383.00
976.62	434.00
976.80	457.00
976.98	405.00
977.16	388.00
977.34	417.00
977.52	477.00
977.70	445.00
977.88	383.00
978.06	384.00
978.24	372.00
978.42	414.00
978.60	482.00
978.78	465.00
978.96	420.00
979.14	404.00
979.32	271.00
979.50	321.00
979.68	374.00
979.86	368.00
980.04	404.00
980.22	376.00
980.40	348.00
980.58	383.00
980.76	430.00
980.94	360.00
981.12	402.00
981.30	374.00
981.48	410.00
981.66	373.00
981.84	338.00
982.02	303.00
982.20	379.00
982.38	405.00
982.56	458.00
982.74	395.00
982.92	358.00
983.10	366.00
983.28	344.00
983.46	367.00
983.64	402.00
983.82	409.00
984.00	325.00
984.18	322.00
984.36	396.00
984.54	327.00
984.72	398.00
984.90	404.00
985.08	367.00
985.26	420.00
985.44	382.00
985.62	369.00
985.80	396.00
985.98	411.00
986.16	408.00
986.34	311.00
986.51	355.00
986.69	360.00
986.87	381.00
987.05	432.00
987.23	369.00
987.41	299.00
987.59	284.00
987.77	407.00
987.95	352.00
988.13	376.00
988.31	391.00
988.49	340.00
988.67	320.00
988.85	348.00
989.03	318.00
989.21	250.00
989.39	362.00
989.57	344.00
989.75	344.00
989.93	357.00
990.11	343.00
990.28	417.00
990.46	352.00
990.64	300.00
990.82	376.00
991.00	335.00
991.18	345.00
991.36	320.00
991.54	272.00
991.72	384.00
991.90	333.00
992.08	340.00
992.26	404.00
992.44	384.00
992.62	320.00
992.80	263.00
992.98	306.00
993.15	362.00
993.33	290.00
993.51	258.00
993.69	294.00
993.87	329.00
994.05	301.00
994.23	301.00
994.41	321.00
994.59	325.00
994.77	311.00
994.95	327.00
995.13	299.00
995.31	304.00
995.48	287.00
995.66	351.00
995.84	311.00
996.02	316.00
996.20	288.00
996.38	313.00
996.56	320.00
996.74	255.00
996.92	182.00
997.10	314.00
997.28	299.00
997.46	320.00
997.63	328.00
997.81	277.00
997.99	287.00
998.17	295.00
998.35	274.00
998.53	292.00
998.71	260.00
998.89	286.00
999.07	330.00
999.25	319.00
999.43	260.00
999.60	284.00
999.78	323.00
999.96	219.00
1000.14	281.00
1000.32	312.00
1000.50	312.00
1000.68	305.00
1000.86	263.00
1001.04	282.00
1001.21	226.00
1001.39	226.00
1001.57	262.00
1001.75	318.00
1001.93	275.00
1002.11	255.00
1002.29	321.00
1002.47	323.00
1002.65	313.00
1002.82	252.00
1003.00	274.00
1003.18	281.00
1003.36	246.00
1003.54	306.00
1003.72	268.00
1003.90	303.00
1004.08	233.00
1004.26	221.00
1004.43	283.00
1004.61	268.00
1004.79	261.00
1004.97	254.00
1005.15	345.00
1005.33	353.00
1005.51	328.00
1005.69	320.00
1005.86	229.00
1006.04	265.00
1006.22	267.00
1006.40	208.00
1006.58	268.00
1006.76	247.00
1006.94	253.00
1007.12	222.00
1007.29	314.00
1007.47	224.00
1007.65	245.00
1007.83	249.00
1008.01	235.00
1008.19	281.00
1008.37	252.00
1008.54	185.00
1008.72	246.00
1008.90	261.00
1009.08	221.00
1009.26	258.00
1009.44	302.00
1009.62	311.00
1009.79	184.00
1009.97	237.00
1010.15	241.00
1010.33	261.00
1010.51	251.00
1010.69	266.00
1010.87	233.00
1011.04	238.00
1011.22	323.00
1011.40	233.00
1011.58	145.00
1011.76	221.00
1011.94	243.00
1012.11	292.00
1012.29	281.00
1012.47	266.00
1012.65	225.00
1012.83	221.00
1013.01	238.00
1013.18	224.00
1013.36	203.00
1013.54	200.00
1013.72	250.00
1013.90	207.00
1014.08	242.00
1014.25	281.00
1014.43	224.00
1014.61	137.00
1014.79	164.00
1014.97	241.00
1015.15	235.00
1015.32	196.00
1015.50	227.00
1015.68	266.00
1015.86	208.00
1016.04	277.00
1016.22	262.00
1016.39	157.00
1016.57	125.00
1016.75	188.00
1016.93	164.00
1017.11	281.00
1017.29	254.00
1017.46	186.00
1017.64	150.00
1017.82	150.00
1018.00	206.00
1018.18	253.00
1018.35	205.00
1018.53	155.00
1018.71	173.00
1018.89	247.00
1019.07	292.00
1019.24	240.00
1019.42	194.00
1019.60	257.00
1019.78	288.00
1019.96	218.00
1020.14	176.00
1020.31	211.00
1020.49	192.00
1020.67	142.00
1020.85	243.00
1021.03	240.00
1021.20	230.00
1021.38	282.00
1021.56	277.00
1021.74	196.00
1021.92	100.00
1022.09	209.00
1022.27	241.00
1022.45	171.00
1022.63	122.00
1022.81	208.00
1022.98	309.00
1023.16	317.00
1023.34	277.00
1023.52	167.00
1023.69	120.00
1023.87	152.00
1024.05	271.00
1024.23	185.00
1024.41	158.00
1024.58	146.00
1024.76	196.00
1024.94	152.00
1025.12	148.00
1025.30	179.00
1025.47	181.00
1025.65	234.00
1025.83	274.00
1026.01	116.00
1026.18	135.00
1026.36	197.00
1026.54	217.00
1026.72	195.00
1026.90	258.00
1027.07	221.00
1027.25	191.00
1027.43	144.00
1027.61	167.00
1027.78	221.00
1027.96	172.00
1028.14	207.00
1028.32	178.00
1028.49	181.00
1028.67	185.00
1028.85	142.00
1029.03	166.00
1029.21	147.00
1029.38	109.00
1029.56	194.00
1029.74	165.00
1029.92	153.00
1030.09	131.00
1030.27	127.00
1030.45	153.00
1030.63	152.00
1030.80	151.00
1030.98	156.00
1031.16	132.00
1031.34	138.00
1031.51	202.00
1031.69	144.00
1031.87	168.00
1032.05	150.00
1032.22	127.00
1032.40	141.00
1032.58	140.00
1032.76	152.00
1032.93	165.00
1033.11	182.00
1033.29	143.00
1033.47	256.00
1033.64	246.00
1033.82	168.00
1034.00	165.00
1034.18	268.00
1034.35	190.00
1034.53	159.00
1034.71	164.00
1034.89	165.00
1035.06	124.00
1035.24	211.00
1035.42	198.00
1035.59	144.00
1035.77	126.00
1035.95	72.00
1036.13	93.00
1036.30	111.00
1036.48	106.00
1036.66	123.00
1036.84	162.00
1037.01	194.00
1037.19	163.00
1037.37	131.00
1037.54	116.00
1037.72	143.00
1037.90	231.00
1038.08	254.00
1038.25	138.00
1038.43	138.00
1038.61	72.00
1038.79	161.00
1038.96	171.00
1039.14	143.00
1039.32	155.00
1039.49	180.00
1039.67	141.00
1039.85	78.00
1040.03	139.00
1040.20	161.00
1040.38	122.00
1040.56	84.00
1040.73	99.00
1040.91	136.00
1041.09	152.00
1041.27	191.00
1041.44	154.00
1041.62	240.00
1041.80	270.00
1041.97	98.00
1042.15	159.00
1042.33	185.00
1042.50	162.00
1042.68	137.00
1042.86	145.00
1043.04	117.00
1043.21	148.00
1043.39	173.00
1043.57	162.00
1043.74	147.00
1043.92	153.00
1044.10	152.00
1044.27	144.00
1044.45	141.00
1044.63	100.00
1044.80	82.00
1044.98	104.00
1045.16	106.00
1045.34	174.00
1045.51	120.00
1045.69	159.00
1045.87	116.00
1046.04	195.00
1046.22	133.00
1046.40	156.00
1046.57	130.00
1046.75	70.00
1046.93	75.00
1047.10	111.00
1047.28	86.00
1047.46	99.00
1047.63	153.00
1047.81	144.00
1047.99	126.00
1048.16	111.00
1048.34	116.00
1048.52	140.00
1048.69	170.00
1048.87	139.00
1049.05	126.00
1049.22	56.00
1049.40	84.00
1049.58	95.00
1049.75	82.00
1049.93	67.00
1050.11	50.00
1050.28	60.00
1050.46	101.00
1050.64	133.00
1050.81	133.00
1050.99	21.00
1051.17	116.00
1051.34	204.00
1051.52	184.00
1051.70	142.00
1051.87	105.00
1052.05	164.00
1052.23	148.00
1052.40	98.00
1052.58	61.00
1052.76	79.00
1052.93	138.00
1053.11	182.00
1053.29	121.00
1053.46	105.00
1053.64	158.00
1053.82	109.00
1053.99	57.00
1054.17	74.00
1054.35	90.00
1054.52	135.00
1054.70	127.00
1054.87	118.00
1055.05	57.00
1055.23	37.00
1055.40	83.00
1055.58	146.00
1055.76	81.00
1055.93	100.00
1056.11	66.00
1056.29	113.00
1056.46	123.00
1056.64	139.00
1056.81	84.00
1056.99	143.00
1057.17	148.00
1057.34	137.00
1057.52	108.00
1057.70	110.00
1057.87	24.00
1058.05	124.00
1058.22	115.00
1058.40	62.00
1058.58	59.00
1058.75	128.00
1058.93	154.00
1059.11	104.00
1059.28	103.00
1059.46	129.00
1059.63	186.00
1059.81	103.00
1059.99	116.00
1060.16	210.00
1060.34	107.00
1060.52	135.00
1060.69	101.00
1060.87	126.00
1061.04	101.00
1061.22	61.00
