367.62	-157.00
367.82	-94.00
368.02	-130.00
368.23	-118.00
368.43	-62.00
368.63	-15.00
368.83	-9.00
369.04	-11.00
369.24	-75.00
369.44	-51.00
369.65	-73.00
369.85	-20.00
370.05	-159.00
370.25	-155.00
370.46	-127.00
370.66	-102.00
370.86	-82.00
371.07	-80.00
371.27	-82.00
371.47	-61.00
371.67	-55.00
371.88	-107.00
372.08	-66.00
372.28	-105.00
372.49	-29.00
372.69	-85.00
372.89	-60.00
373.09	-73.00
373.30	-109.00
373.50	-99.00
373.70	-80.00
373.91	-34.00
374.11	-58.00
374.31	-37.00
374.51	-46.00
374.72	-140.00
374.92	-129.00
375.12	-59.00
375.33	-33.00
375.53	-87.00
375.73	-92.00
375.93	-27.00
376.14	-95.00
376.34	-95.00
376.54	-53.00
376.74	-124.00
376.95	-18.00
377.15	19.00
377.35	-85.00
377.55	-82.00
377.76	-30.00
377.96	-51.00
378.16	-101.00
378.37	-27.00
378.57	-49.00
378.77	-5.00
378.97	44.00
379.18	6.00
379.38	-32.00
379.58	-51.00
379.78	-27.00
379.99	-72.00
380.19	-91.00
380.39	-134.00
380.59	-24.00
380.80	-23.00
381.00	-76.00
381.20	-65.00
381.40	-53.00
381.61	-22.00
381.81	-59.00
382.01	-52.00
382.21	-137.00
382.42	-130.00
382.62	-69.00
382.82	-79.00
383.02	-38.00
383.23	-46.00
383.43	-29.00
383.63	-37.00
383.83	-141.00
384.04	-137.00
384.24	-123.00
384.44	-80.00
384.64	-50.00
384.85	-69.00
385.05	-88.00
385.25	-36.00
385.45	-114.00
385.66	-105.00
385.86	-102.00
386.06	-94.00
386.26	-76.00
386.47	-79.00
386.67	-121.00
386.87	-77.00
387.07	-147.00
387.27	-130.00
387.48	-92.00
387.68	-113.00
387.88	-102.00
388.08	-83.00
388.29	-117.00
388.49	-100.00
388.69	-36.00
388.89	-7.00
389.10	-41.00
389.30	-100.00
389.50	-12.00
389.70	-82.00
389.90	-113.00
390.11	-59.00
390.31	-26.00
390.51	-92.00
390.71	-23.00
390.92	-33.00
391.12	-27.00
391.32	-91.00
391.52	-70.00
391.72	13.00
391.93	-57.00
392.13	-82.00
392.33	-72.00
392.53	-103.00
392.74	-80.00
392.94	-94.00
393.14	-73.00
393.34	-34.00
393.54	-61.00
393.75	-36.00
393.95	-95.00
394.15	-89.00
394.35	-95.00
394.56	-91.00
394.76	-64.00
394.96	-35.00
395.16	4.00
395.36	-23.00
395.57	-37.00
395.77	-134.00
395.97	-45.00
396.17	-44.00
396.37	-20.00
396.58	-72.00
396.78	-147.00
396.98	-46.00
397.18	-50.00
397.38	-66.00
397.59	-100.00
397.79	-70.00
397.99	-67.00
398.19	-105.00
398.39	-65.00
398.60	-42.00
398.80	-47.00
399.00	-48.00
399.20	-47.00
399.40	12.00
399.61	-79.00
399.81	-157.00
400.01	-90.00
400.21	-50.00
400.41	-92.00
400.62	-81.00
400.82	-78.00
401.02	-95.00
401.22	-115.00
401.42	-106.00
401.63	-74.00
401.83	-85.00
402.03	-10.00
402.23	-72.00
402.43	-77.00
402.64	-35.00
402.84	-59.00
403.04	-83.00
403.24	-104.00
403.44	-77.00
403.64	-43.00
403.85	-83.00
404.05	-115.00
404.25	-100.00
404.45	-66.00
404.65	-59.00
404.86	-91.00
405.06	-119.00
405.26	-48.00
405.46	-33.00
405.66	-48.00
405.86	-104.00
406.07	-59.00
406.27	-106.00
406.47	-60.00
406.67	-38.00
406.87	-60.00
407.07	-39.00
407.28	-51.00
407.48	-36.00
407.68	-13.00
407.88	-78.00
408.08	-68.00
408.28	-45.00
408.49	-34.00
408.69	-65.00
408.89	-25.00
409.09	-42.00
409.29	-41.00
409.49	-121.00
409.70	-41.00
409.90	-68.00
410.10	-97.00
410.30	-12.00
410.50	-114.00
410.70	-82.00
410.91	4.00
411.11	-43.00
411.31	-66.00
411.51	-39.00
411.71	-23.00
411.91	-48.00
412.12	-98.00
412.32	-73.00
412.52	40.00
412.72	-24.00
412.92	-68.00
413.12	-57.00
413.32	-46.00
413.53	-8.00
413.73	-6.00
413.93	8.00
414.13	-101.00
414.33	-71.00
414.53	-66.00
414.74	-117.00
414.94	-70.00
415.14	-93.00
415.34	-60.00
415.54	-5.00
415.74	-40.00
415.94	-13.00
416.15	-24.00
416.35	-106.00
416.55	-137.00
416.75	-72.00
416.95	-24.00
417.15	10.00
417.35	35.00
417.56	9.00
417.76	-34.00
417.96	-140.00
418.16	-41.00
418.36	-22.00
418.56	-59.00
418.76	-83.00
418.97	-114.00
419.17	-42.00
419.37	-71.00
419.57	-65.00
419.77	-87.00
419.97	-33.00
420.17	-3.00
420.37	1.00
420.58	-33.00
420.78	-70.00
420.98	-42.00
421.18	4.00
421.38	-34.00
421.58	-83.00
421.78	-87.00
421.98	-83.00
422.19	-32.00
422.39	-71.00
422.59	-82.00
422.79	-148.00
422.99	-81.00
423.19	-110.00
423.39	-48.00
423.59	-47.00
423.80	-12.00
424.00	-69.00
424.20	-47.00
424.40	-70.00
424.60	-50.00
424.80	-84.00
425.00	-86.00
425.20	51.00
425.40	33.00
425.61	-51.00
425.81	-4.00
426.01	-31.00
426.21	-73.00
426.41	-103.00
426.61	-53.00
426.81	-40.00
427.01	-41.00
427.21	-44.00
427.42	-6.00
427.62	-28.00
427.82	-104.00
428.02	-98.00
428.22	-22.00
428.42	-101.00
428.62	18.00
428.82	-50.00
429.02	-127.00
429.23	-47.00
429.43	-20.00
429.63	1.00
429.83	-91.00
430.03	-91.00
430.23	-63.00
430.43	-56.00
430.63	-174.00
430.83	-169.00
431.03	-90.00
431.24	3.00
431.44	-8.00
431.64	-39.00
431.84	-70.00
432.04	-81.00
432.24	-80.00
432.44	-64.00
432.64	-14.00
432.84	15.00
433.04	-80.00
433.24	-88.00
433.45	-66.00
433.65	-23.00
433.85	-50.00
434.05	-130.00
434.25	-16.00
434.45	-9.00
434.65	-26.00
434.85	-31.00
435.05	-89.00
435.25	-110.00
435.45	-38.00
435.65	-39.00
435.86	-63.00
436.06	-37.00
436.26	-83.00
436.46	-51.00
436.66	-21.00
436.86	-94.00
437.06	-99.00
437.26	-103.00
437.46	-96.00
437.66	-74.00
437.86	-27.00
438.06	-85.00
438.26	-54.00
438.47	0.00
438.67	-3.00
438.87	-73.00
439.07	-48.00
439.27	-19.00
439.47	-34.00
439.67	-40.00
439.87	-45.00
440.07	-36.00
440.27	-77.00
440.47	-35.00
440.67	-100.00
440.87	-24.00
441.07	-62.00
441.27	-21.00
441.48	14.00
441.68	-8.00
441.88	-50.00
442.08	-41.00
442.28	-10.00
442.48	1.00
442.68	-32.00
442.88	-13.00
443.08	36.00
443.28	39.00
443.48	-72.00
443.68	-50.00
443.88	-1.00
444.08	-48.00
444.28	-66.00
444.48	-86.00
444.68	-55.00
444.88	-28.00
445.09	-72.00
445.29	-13.00
445.49	-87.00
445.69	-49.00
445.89	-22.00
446.09	-110.00
446.29	-41.00
446.49	-33.00
446.69	-30.00
446.89	-35.00
447.09	-91.00
447.29	-69.00
447.49	-37.00
447.69	-59.00
447.89	-39.00
448.09	-42.00
448.29	-72.00
448.49	-80.00
448.69	-36.00
448.89	-43.00
449.09	-105.00
449.29	18.00
449.49	14.00
449.70	0.00
449.90	27.00
450.10	-15.00
450.30	-65.00
450.50	-93.00
450.70	10.00
450.90	35.00
451.10	64.00
451.30	-60.00
451.50	-102.00
451.70	-79.00
451.90	-66.00
452.10	-52.00
452.30	26.00
452.50	-43.00
452.70	-3.00
452.90	-47.00
453.10	-46.00
453.30	-51.00
453.50	-25.00
453.70	-42.00
453.90	-23.00
454.10	-15.00
454.30	-77.00
454.50	-47.00
454.70	-47.00
454.90	58.00
455.10	37.00
455.30	-28.00
455.50	-73.00
455.70	-6.00
455.90	13.00
456.10	-31.00
456.30	-38.00
456.50	-30.00
456.70	-65.00
456.90	-29.00
457.10	-7.00
457.30	11.00
457.50	-31.00
457.70	-26.00
457.90	68.00
458.10	-8.00
458.30	-14.00
458.50	-4.00
458.70	-3.00
458.90	-30.00
459.10	-42.00
459.30	-41.00
459.50	-28.00
459.70	-11.00
459.90	-33.00
460.10	11.00
460.30	13.00
460.50	-70.00
460.70	-56.00
460.90	11.00
461.10	38.00
461.30	47.00
461.50	-57.00
461.70	-28.00
461.90	32.00
462.10	109.00
462.30	41.00
462.50	39.00
462.70	88.00
462.90	48.00
463.10	-1.00
463.30	-8.00
463.50	10.00
463.70	-32.00
463.90	14.00
464.10	-19.00
464.30	-40.00
464.50	79.00
464.70	50.00
464.90	73.00
465.10	41.00
465.30	-46.00
465.50	-20.00
465.70	-3.00
465.90	2.00
466.10	54.00
466.30	-3.00
466.50	-24.00
466.70	-15.00
466.90	29.00
467.10	-23.00
467.30	-7.00
467.50	74.00
467.70	40.00
467.90	14.00
468.10	-55.00
468.30	38.00
468.50	19.00
468.70	56.00
468.90	67.00
469.10	-11.00
469.30	-67.00
469.50	12.00
469.70	-20.00
469.90	21.00
470.10	-30.00
470.30	-72.00
470.50	14.00
470.70	4.00
470.90	-62.00
471.10	-45.00
471.29	-18.00
471.49	-9.00
471.69	36.00
471.89	-27.00
472.09	-7.00
472.29	35.00
472.49	25.00
472.69	6.00
472.89	57.00
473.09	51.00
473.29	-1.00
473.49	8.00
473.69	71.00
473.89	-67.00
474.09	-81.00
474.29	-76.00
474.49	-26.00
474.69	4.00
474.89	51.00
475.09	26.00
475.29	14.00
475.49	-19.00
475.69	-10.00
475.88	25.00
476.08	75.00
476.28	37.00
476.48	20.00
476.68	11.00
476.88	-26.00
477.08	-55.00
477.28	16.00
477.48	-22.00
477.68	15.00
477.88	27.00
478.08	10.00
478.28	-54.00
478.48	-3.00
478.68	-105.00
478.88	-17.00
479.08	27.00
479.28	55.00
479.47	84.00
479.67	70.00
479.87	-34.00
480.07	8.00
480.27	-47.00
480.47	58.00
480.67	21.00
480.87	-29.00
481.07	-56.00
481.27	-63.00
481.47	-41.00
481.67	41.00
481.87	16.00
482.07	-38.00
482.27	-19.00
482.46	4.00
482.66	-19.00
482.86	6.00
483.06	31.00
483.26	-3.00
483.46	-16.00
483.66	10.00
483.86	21.00
484.06	59.00
484.26	21.00
484.46	40.00
484.66	-11.00
484.86	-28.00
485.05	25.00
485.25	-6.00
485.45	-46.00
485.65	16.00
485.85	52.00
486.05	25.00
486.25	-5.00
486.45	13.00
486.65	20.00
486.85	-16.00
487.05	31.00
487.25	39.00
487.44	-23.00
487.64	34.00
487.84	6.00
488.04	75.00
488.24	70.00
488.44	69.00
488.64	69.00
488.84	23.00
489.04	78.00
489.24	61.00
489.43	19.00
489.63	23.00
489.83	58.00
490.03	-11.00
490.23	-30.00
490.43	87.00
490.63	27.00
490.83	21.00
491.03	61.00
491.23	11.00
491.42	12.00
491.62	63.00
491.82	29.00
492.02	3.00
492.22	39.00
492.42	74.00
492.62	104.00
492.82	109.00
493.02	38.00
493.22	43.00
493.41	91.00
493.61	110.00
493.81	46.00
494.01	-15.00
494.21	-5.00
494.41	64.00
494.61	49.00
494.81	45.00
495.01	20.00
495.20	47.00
495.40	-10.00
495.60	80.00
495.80	103.00
496.00	146.00
496.20	96.00
496.40	85.00
496.60	162.00
496.79	107.00
496.99	79.00
497.19	58.00
497.39	52.00
497.59	95.00
497.79	76.00
497.99	28.00
498.19	63.00
498.38	56.00
498.58	39.00
498.78	122.00
498.98	64.00
499.18	116.00
499.38	76.00
499.58	80.00
499.78	151.00
499.97	68.00
500.17	106.00
500.37	72.00
500.57	72.00
500.77	102.00
500.97	20.00
501.17	117.00
501.37	68.00
501.56	-20.00
501.76	91.00
501.96	94.00
502.16	18.00
502.36	16.00
502.56	98.00
502.76	84.00
502.95	105.00
503.15	77.00
503.35	36.00
503.55	-7.00
503.75	86.00
503.95	112.00
504.15	85.00
504.34	44.00
504.54	34.00
504.74	7.00
504.94	48.00
505.14	116.00
505.34	52.00
505.54	123.00
505.73	58.00
505.93	52.00
506.13	80.00
506.33	66.00
506.53	126.00
506.73	77.00
506.92	84.00
507.12	118.00
507.32	75.00
507.52	125.00
507.72	196.00
507.92	116.00
508.12	143.00
508.31	76.00
508.51	92.00
508.71	90.00
508.91	90.00
509.11	104.00
509.31	104.00
509.50	146.00
509.70	105.00
509.90	115.00
510.10	110.00
510.30	128.00
510.50	81.00
510.69	52.00
510.89	50.00
511.09	103.00
511.29	114.00
511.49	148.00
511.69	84.00
511.88	65.00
512.08	14.00
512.28	71.00
512.48	68.00
512.68	148.00
512.88	60.00
513.07	87.00
513.27	126.00
513.47	104.00
513.67	74.00
513.87	36.00
514.06	43.00
514.26	141.00
514.46	108.00
514.66	127.00
514.86	116.00
515.06	78.00
515.25	94.00
515.45	60.00
515.65	114.00
515.85	86.00
516.05	73.00
516.24	119.00
516.44	134.00
516.64	49.00
516.84	-9.00
517.04	46.00
517.23	11.00
517.43	73.00
517.63	62.00
517.83	100.00
518.03	65.00
518.23	98.00
518.42	65.00
518.62	47.00
518.82	84.00
519.02	156.00
519.22	35.00
519.41	46.00
519.61	127.00
519.81	92.00
520.01	88.00
520.21	120.00
520.40	135.00
520.60	87.00
520.80	76.00
521.00	104.00
521.20	82.00
521.39	128.00
521.59	96.00
521.79	78.00
521.99	120.00
522.19	145.00
522.38	82.00
522.58	140.00
522.78	191.00
522.98	110.00
523.17	30.00
523.37	97.00
523.57	142.00
523.77	162.00
523.97	135.00
524.16	155.00
524.36	102.00
524.56	59.00
524.76	31.00
524.96	59.00
525.15	168.00
525.35	167.00
525.55	87.00
525.75	60.00
525.94	188.00
526.14	128.00
526.34	184.00
526.54	119.00
526.74	124.00
526.93	116.00
527.13	124.00
527.33	176.00
527.53	214.00
527.72	192.00
527.92	96.00
528.12	96.00
528.32	82.00
528.52	143.00
528.71	224.00
528.91	196.00
529.11	124.00
529.31	181.00
529.50	191.00
529.70	176.00
529.90	174.00
530.10	204.00
530.29	193.00
530.49	197.00
530.69	228.00
530.89	153.00
531.09	64.00
531.28	72.00
531.48	145.00
531.68	152.00
531.88	182.00
532.07	168.00
532.27	184.00
532.47	186.00
532.67	190.00
532.86	217.00
533.06	244.00
533.26	206.00
533.46	207.00
533.65	199.00
533.85	147.00
534.05	136.00
534.25	157.00
534.44	167.00
534.64	197.00
534.84	225.00
535.04	264.00
535.23	220.00
535.43	213.00
535.63	236.00
535.83	228.00
536.02	196.00
536.22	254.00
536.42	289.00
536.62	304.00
536.81	284.00
537.01	310.00
537.21	269.00
537.41	210.00
537.60	284.00
537.80	316.00
538.00	255.00
538.20	277.00
538.39	275.00
538.59	266.00
538.79	236.00
538.99	233.00
539.18	304.00
539.38	205.00
539.58	225.00
539.77	322.00
539.97	240.00
540.17	276.00
540.37	297.00
540.56	230.00
540.76	261.00
540.96	336.00
541.16	334.00
541.35	321.00
541.55	337.00
541.75	326.00
541.94	390.00
542.14	279.00
542.34	317.00
542.54	391.00
542.73	429.00
542.93	441.00
543.13	385.00
543.33	310.00
543.52	358.00
543.72	325.00
543.92	412.00
544.11	370.00
544.31	239.00
544.51	305.00
544.71	301.00
544.90	242.00
545.10	377.00
545.30	401.00
545.49	332.00
545.69	382.00
545.89	401.00
546.09	384.00
546.28	443.00
546.48	436.00
546.68	381.00
546.87	389.00
547.07	384.00
547.27	328.00
547.47	364.00
547.66	375.00
547.86	399.00
548.06	346.00
548.25	394.00
548.45	392.00
548.65	384.00
548.84	405.00
549.04	361.00
549.24	327.00
549.44	328.00
549.63	390.00
549.83	370.00
550.03	325.00
550.22	356.00
550.42	384.00
550.62	387.00
550.81	363.00
551.01	297.00
551.21	306.00
551.41	256.00
551.60	309.00
551.80	299.00
552.00	233.00
552.19	383.00
552.39	322.00
552.59	305.00
552.78	317.00
552.98	330.00
553.18	291.00
553.37	315.00
553.57	349.00
553.77	317.00
553.96	333.00
554.16	385.00
554.36	273.00
554.56	286.00
554.75	382.00
554.95	384.00
555.15	339.00
555.34	323.00
555.54	353.00
555.74	315.00
555.93	288.00
556.13	365.00
556.33	245.00
556.52	328.00
556.72	285.00
556.92	242.00
557.11	268.00
557.31	276.00
557.51	300.00
557.70	336.00
557.90	255.00
558.10	338.00
558.29	242.00
558.49	290.00
558.69	238.00
558.88	257.00
559.08	341.00
559.28	319.00
559.47	315.00
559.67	267.00
559.87	191.00
560.06	204.00
560.26	251.00
560.46	260.00
560.65	298.00
560.85	284.00
561.05	312.00
561.24	245.00
561.44	252.00
561.64	297.00
561.83	258.00
562.03	292.00
562.23	259.00
562.42	226.00
562.62	266.00
562.82	299.00
563.01	304.00
563.21	235.00
563.40	273.00
563.60	223.00
563.80	278.00
563.99	356.00
564.19	286.00
564.39	267.00
564.58	222.00
564.78	339.00
564.98	322.00
565.17	285.00
565.37	316.00
565.57	311.00
565.76	308.00
565.96	397.00
566.16	359.00
566.35	340.00
566.55	310.00
566.74	304.00
566.94	242.00
567.14	210.00
567.33	326.00
567.53	339.00
567.73	314.00
567.92	293.00
568.12	345.00
568.32	391.00
568.51	331.00
568.71	321.00
568.90	322.00
569.10	251.00
569.30	313.00
569.49	313.00
569.69	383.00
569.89	325.00
570.08	347.00
570.28	369.00
570.47	336.00
570.67	292.00
570.87	251.00
571.06	241.00
571.26	298.00
571.46	384.00
571.65	402.00
571.85	311.00
572.04	356.00
572.24	443.00
572.44	396.00
572.63	317.00
572.83	338.00
573.03	300.00
573.22	309.00
573.42	372.00
573.61	444.00
573.81	403.00
574.01	406.00
574.20	348.00
574.40	434.00
574.59	464.00
574.79	429.00
574.99	405.00
575.18	398.00
575.38	473.00
575.58	414.00
575.77	389.00
575.97	441.00
576.16	427.00
576.36	456.00
576.56	463.00
576.75	469.00
576.95	531.00
577.14	521.00
577.34	504.00
577.54	484.00
577.73	446.00
577.93	508.00
578.12	518.00
578.32	566.00
578.52	540.00
578.71	509.00
578.91	562.00
579.10	577.00
579.30	603.00
579.50	598.00
579.69	574.00
579.89	559.00
580.08	579.00
580.28	614.00
580.48	661.00
580.67	661.00
580.87	666.00
581.06	658.00
581.26	663.00
581.45	604.00
581.65	591.00
581.85	663.00
582.04	667.00
582.24	600.00
582.43	698.00
582.63	748.00
582.83	680.00
583.02	779.00
583.22	840.00
583.41	825.00
583.61	796.00
583.80	852.00
584.00	801.00
584.20	696.00
584.39	727.00
584.59	752.00
584.78	756.00
584.98	870.00
585.17	844.00
585.37	779.00
585.57	858.00
585.76	850.00
585.96	893.00
586.15	876.00
586.35	877.00
586.54	909.00
586.74	845.00
586.94	889.00
587.13	932.00
587.33	989.00
587.52	976.00
587.72	981.00
587.91	1113.00
588.11	1012.00
588.31	950.00
588.50	1092.00
588.70	973.00
588.89	953.00
589.09	1012.00
589.28	1009.00
589.48	1072.00
589.68	1069.00
589.87	1112.00
590.07	1106.00
590.26	1136.00
590.46	1042.00
590.65	1037.00
590.85	1146.00
591.04	1137.00
591.24	1168.00
591.44	1255.00
591.63	1198.00
591.83	1125.00
592.02	1175.00
592.22	1290.00
592.41	1256.00
592.61	1221.00
592.80	1303.00
593.00	1261.00
593.19	1313.00
593.39	1304.00
593.59	1250.00
593.78	1295.00
593.98	1259.00
594.17	1229.00
594.37	1230.00
594.56	1311.00
594.76	1378.00
594.95	1363.00
595.15	1346.00
595.34	1323.00
595.54	1341.00
595.73	1343.00
595.93	1389.00
596.13	1385.00
596.32	1342.00
596.52	1320.00
596.71	1401.00
596.91	1398.00
597.10	1363.00
597.30	1393.00
597.49	1442.00
597.69	1455.00
597.88	1469.00
598.08	1510.00
598.27	1443.00
598.47	1433.00
598.66	1475.00
598.86	1540.00
599.06	1511.00
599.25	1563.00
599.45	1569.00
599.64	1449.00
599.84	1510.00
600.03	1593.00
600.23	1584.00
600.42	1614.00
600.62	1571.00
600.81	1501.00
601.01	1468.00
601.20	1524.00
601.40	1447.00
601.59	1456.00
601.79	1484.00
601.98	1546.00
602.18	1530.00
602.37	1572.00
602.57	1476.00
602.76	1470.00
602.96	1405.00
603.15	1519.00
603.35	1472.00
603.54	1458.00
603.74	1485.00
603.93	1612.00
604.13	1537.00
604.32	1588.00
604.52	1587.00
604.71	1548.00
604.91	1556.00
605.10	1543.00
605.30	1526.00
605.49	1509.00
605.69	1568.00
605.88	1540.00
606.08	1500.00
606.27	1503.00
606.47	1486.00
606.66	1504.00
606.86	1574.00
607.05	1604.00
607.25	1647.00
607.44	1639.00
607.64	1594.00
607.83	1637.00
608.03	1538.00
608.22	1576.00
608.42	1585.00
608.61	1609.00
608.81	1593.00
609.00	1607.00
609.20	1656.00
609.39	1614.00
609.59	1678.00
609.78	1795.00
609.98	1929.00
610.17	2030.00
610.37	2181.00
610.56	2297.00
610.76	2478.00
610.95	2608.00
611.15	2711.00
611.34	2922.00
611.54	2915.00
611.73	2951.00
611.93	2806.00
612.12	2542.00
612.32	2245.00
612.51	2134.00
612.71	2022.00
612.90	1955.00
613.09	1977.00
613.29	1894.00
613.48	1887.00
613.68	1857.00
613.87	1793.00
614.07	1797.00
614.26	1745.00
614.46	1788.00
614.65	1756.00
614.85	1802.00
615.04	1772.00
615.24	1797.00
615.43	1714.00
615.63	1784.00
615.82	1695.00
616.02	1640.00
616.21	1540.00
616.40	1489.00
616.60	1616.00
616.79	1636.00
616.99	1628.00
617.18	1570.00
617.38	1555.00
617.57	1540.00
617.77	1554.00
617.96	1590.00
618.16	1615.00
618.35	1676.00
618.54	1614.00
618.74	1611.00
618.93	1543.00
619.13	1553.00
619.32	1544.00
619.52	1587.00
619.71	1548.00
619.91	1592.00
620.10	1624.00
620.30	1666.00
620.49	1628.00
620.68	1598.00
620.88	1576.00
621.07	1564.00
621.27	1639.00
621.46	1638.00
621.66	1679.00
621.85	1620.00
622.05	1640.00
622.24	1619.00
622.43	1669.00
622.63	1698.00
622.82	1760.00
623.02	1686.00
623.21	1661.00
623.41	1697.00
623.60	1697.00
623.80	1684.00
623.99	1691.00
624.18	1660.00
624.38	1657.00
624.57	1678.00
624.77	1652.00
624.96	1658.00
625.16	1726.00
625.35	1724.00
625.54	1757.00
625.74	1890.00
625.93	1889.00
626.13	1811.00
626.32	1786.00
626.52	1814.00
626.71	1753.00
626.90	1758.00
627.10	1875.00
627.29	1901.00
627.49	1871.00
627.68	1901.00
627.88	1805.00
628.07	1809.00
628.26	1822.00
628.46	1827.00
628.65	1973.00
628.85	1979.00
629.04	1904.00
629.23	1973.00
629.43	1956.00
629.62	1956.00
629.82	1949.00
630.01	1996.00
630.21	2033.00
630.40	1954.00
630.59	1948.00
630.79	2053.00
630.98	2060.00
631.18	2048.00
631.37	2031.00
631.56	2054.00
631.76	2079.00
631.95	2124.00
632.15	2154.00
632.34	2010.00
632.53	1903.00
632.73	1898.00
632.92	1932.00
633.12	2033.00
633.31	1979.00
633.50	1978.00
633.70	1999.00
633.89	1956.00
634.09	2036.00
634.28	2056.00
634.47	2095.00
634.67	2171.00
634.86	2036.00
635.06	2090.00
635.25	2118.00
635.44	2124.00
635.64	2086.00
635.83	2178.00
636.03	2229.00
636.22	2229.00
636.41	2260.00
636.61	2193.00
636.80	2101.00
637.00	2072.00
637.19	2110.00
637.38	2176.00
637.58	2161.00
637.77	2166.00
637.96	2174.00
638.16	2181.00
638.35	2262.00
638.55	2213.00
638.74	2253.00
638.93	2331.00
639.13	2268.00
639.32	2223.00
639.51	2187.00
639.71	2292.00
639.90	2340.00
640.10	2304.00
640.29	2351.00
640.48	2367.00
640.68	2282.00
640.87	2242.00
641.07	2416.00
641.26	2440.00
641.45	2383.00
641.65	2387.00
641.84	2447.00
642.03	2388.00
642.23	2434.00
642.42	2394.00
642.61	2484.00
642.81	2479.00
643.00	2476.00
643.20	2531.00
643.39	2477.00
643.58	2514.00
643.78	2530.00
643.97	2496.00
644.16	2549.00
644.36	2561.00
644.55	2519.00
644.74	2601.00
644.94	2582.00
645.13	2619.00
645.33	2723.00
645.52	2690.00
645.71	2683.00
645.91	2687.00
646.10	2625.00
646.29	2561.00
646.49	2619.00
646.68	2631.00
646.87	2668.00
647.07	2627.00
647.26	2630.00
647.45	2683.00
647.65	2630.00
647.84	2654.00
648.03	2699.00
648.23	2685.00
648.42	2659.00
648.62	2809.00
648.81	2795.00
649.00	2808.00
649.20	2849.00
649.39	2762.00
649.58	2756.00
649.78	2800.00
649.97	2808.00
650.16	2758.00
650.36	2865.00
650.55	2890.00
650.74	2806.00
650.94	2798.00
651.13	2887.00
651.32	2820.00
651.52	2839.00
651.71	2933.00
651.90	2853.00
652.10	2884.00
652.29	2830.00
652.48	2855.00
652.68	2853.00
652.87	2916.00
653.06	2762.00
653.26	2687.00
653.45	2772.00
653.64	2835.00
653.84	2816.00
654.03	2853.00
654.22	2866.00
654.42	2762.00
654.61	2721.00
654.80	2770.00
654.99	2852.00
655.19	2823.00
655.38	2873.00
655.57	2922.00
655.77	2869.00
655.96	2902.00
656.15	2921.00
656.35	2849.00
656.54	2877.00
656.73	2884.00
656.93	2915.00
657.12	2874.00
657.31	2841.00
657.51	2778.00
657.70	2756.00
657.89	2893.00
658.09	2849.00
658.28	2821.00
658.47	2855.00
658.66	2850.00
658.86	2820.00
659.05	2868.00
659.24	2978.00
659.44	2934.00
659.63	2887.00
659.82	2890.00
660.02	2850.00
660.21	2747.00
660.40	2761.00
660.60	2766.00
660.79	2791.00
660.98	2739.00
661.17	2804.00
661.37	2827.00
661.56	2807.00
661.75	2785.00
661.95	2842.00
662.14	2806.00
662.33	2775.00
662.52	2791.00
662.72	2848.00
662.91	2769.00
663.10	2733.00
663.30	2861.00
663.49	2808.00
663.68	2702.00
663.88	2725.00
664.07	2884.00
664.26	2784.00
664.45	2728.00
664.65	2737.00
664.84	2620.00
665.03	2686.00
665.23	2678.00
665.42	2606.00
665.61	2624.00
665.80	2698.00
666.00	2651.00
666.19	2679.00
666.38	2807.00
666.57	2694.00
666.77	2691.00
666.96	2706.00
667.15	2624.00
667.35	2644.00
667.54	2683.00
667.73	2587.00
667.92	2679.00
668.12	2652.00
668.31	2588.00
668.50	2578.00
668.70	2545.00
668.89	2607.00
669.08	2576.00
669.27	2506.00
669.47	2563.00
669.66	2630.00
669.85	2674.00
670.04	2664.00
670.24	2601.00
670.43	2579.00
670.62	2591.00
670.81	2625.00
671.01	2550.00
671.20	2537.00
671.39	2654.00
671.58	2729.00
671.78	2629.00
671.97	2629.00
672.16	2577.00
672.36	2479.00
672.55	2523.00
672.74	2457.00
672.93	2413.00
673.13	2431.00
673.32	2474.00
673.51	2409.00
673.70	2450.00
673.90	2470.00
674.09	2528.00
674.28	2537.00
674.47	2465.00
674.67	2535.00
674.86	2541.00
675.05	2476.00
675.24	2523.00
675.44	2528.00
675.63	2489.00
675.82	2453.00
676.01	2404.00
676.21	2409.00
676.40	2448.00
676.59	2470.00
676.78	2388.00
676.97	2314.00
677.17	2400.00
677.36	2438.00
677.55	2469.00
677.74	2458.00
677.94	2399.00
678.13	2428.00
678.32	2481.00
678.51	2437.00
678.71	2335.00
678.90	2395.00
679.09	2368.00
679.28	2381.00
679.48	2472.00
679.67	2439.00
679.86	2457.00
680.05	2490.00
680.24	2456.00
680.44	2404.00
680.63	2433.00
680.82	2342.00
681.01	2243.00
681.21	2262.00
681.40	2382.00
681.59	2482.00
681.78	2461.00
681.97	2410.00
682.17	2303.00
682.36	2439.00
682.55	2349.00
682.74	2426.00
682.94	2417.00
683.13	2412.00
683.32	2377.00
683.51	2346.00
683.70	2263.00
683.90	2299.00
684.09	2304.00
684.28	2294.00
684.47	2305.00
684.66	2365.00
684.86	2319.00
685.05	2314.00
685.24	2343.00
685.43	2261.00
685.63	2364.00
685.82	2377.00
686.01	2281.00
686.20	2344.00
686.39	2281.00
686.59	2286.00
686.78	2319.00
686.97	2369.00
687.16	2372.00
687.35	2363.00
687.55	2363.00
687.74	2287.00
687.93	2365.00
688.12	2286.00
688.31	2310.00
688.51	2377.00
688.70	2360.00
688.89	2389.00
689.08	2309.00
689.27	2297.00
689.47	2348.00
689.66	2372.00
689.85	2342.00
690.04	2238.00
690.23	2280.00
690.42	2264.00
690.62	2244.00
690.81	2211.00
691.00	2233.00
691.19	2308.00
691.38	2298.00
691.58	2242.00
691.77	2284.00
691.96	2333.00
692.15	2314.00
692.34	2313.00
692.54	2257.00
692.73	2302.00
692.92	2474.00
693.11	2403.00
693.30	2424.00
693.49	2283.00
693.69	2295.00
693.88	2355.00
694.07	2411.00
694.26	2322.00
694.45	2252.00
694.64	2334.00
694.84	2290.00
695.03	2215.00
695.22	2265.00
695.41	2256.00
695.60	2215.00
695.80	2301.00
695.99	2308.00
696.18	2265.00
696.37	2256.00
696.56	2307.00
696.75	2254.00
696.95	2236.00
697.14	2357.00
697.33	2312.00
697.52	2318.00
697.71	2371.00
697.90	2394.00
698.09	2431.00
698.29	2410.00
698.48	2379.00
698.67	2289.00
698.86	2305.00
699.05	2408.00
699.24	2409.00
699.44	2399.00
699.63	2302.00
699.82	2342.00
700.01	2338.00
700.20	2412.00
700.39	2376.00
700.58	2451.00
700.78	2433.00
700.97	2337.00
701.16	2408.00
701.35	2398.00
701.54	2358.00
701.73	2390.00
701.93	2392.00
702.12	2554.00
702.31	2495.00
702.50	2455.00
702.69	2539.00
702.88	2568.00
703.07	2521.00
703.27	2553.00
703.46	2532.00
703.65	2576.00
703.84	2574.00
704.03	2605.00
704.22	2711.00
704.41	2602.00
704.60	2506.00
704.80	2507.00
704.99	2547.00
705.18	2523.00
705.37	2563.00
705.56	2607.00
705.75	2575.00
705.94	2562.00
706.14	2694.00
706.33	2696.00
706.52	2673.00
706.71	2657.00
706.90	2601.00
707.09	2609.00
707.28	2706.00
707.47	2730.00
707.67	2708.00
707.86	2783.00
708.05	2805.00
708.24	2741.00
708.43	2765.00
708.62	2772.00
708.81	2795.00
709.00	2888.00
709.20	2827.00
709.39	2889.00
709.58	2874.00
709.77	2878.00
709.96	2830.00
710.15	2829.00
710.34	2879.00
710.53	2819.00
710.72	2683.00
710.92	2713.00
711.11	2817.00
711.30	2786.00
711.49	2831.00
711.68	2951.00
711.87	2819.00
712.06	2833.00
712.25	2911.00
712.44	2979.00
712.64	2968.00
712.83	2957.00
713.02	2930.00
713.21	2965.00
713.40	2879.00
713.59	2890.00
713.78	2902.00
713.97	2879.00
714.16	2889.00
714.35	3009.00
714.55	2983.00
714.74	3007.00
714.93	2908.00
715.12	2878.00
715.31	2872.00
715.50	2971.00
715.69	2980.00
715.88	2958.00
716.07	3043.00
716.26	3050.00
716.45	2958.00
716.65	2960.00
716.84	3011.00
717.03	2942.00
717.22	2921.00
717.41	2963.00
717.60	2978.00
717.79	2972.00
717.98	2989.00
718.17	3126.00
718.36	3063.00
718.55	3061.00
718.75	3010.00
718.94	3032.00
719.13	3075.00
719.32	3069.00
719.51	3089.00
719.70	3097.00
719.89	3026.00
720.08	3082.00
720.27	3068.00
720.46	3138.00
720.65	3076.00
720.84	3079.00
721.03	3161.00
721.22	3100.00
721.42	3077.00
721.61	3030.00
721.80	3012.00
721.99	3073.00
722.18	3082.00
722.37	3048.00
722.56	3011.00
722.75	2990.00
722.94	3020.00
723.13	3113.00
723.32	3066.00
723.51	2941.00
723.70	3011.00
723.89	2952.00
724.08	2989.00
724.28	3145.00
724.47	3189.00
724.66	3104.00
724.85	3014.00
725.04	3075.00
725.23	3105.00
725.42	3116.00
725.61	3176.00
725.80	3057.00
725.99	3084.00
726.18	3100.00
726.37	3148.00
726.56	3116.00
726.75	3158.00
726.94	3208.00
727.13	3180.00
727.32	3160.00
727.51	3240.00
727.71	3173.00
727.90	3214.00
728.09	3090.00
728.28	3076.00
728.47	3114.00
728.66	3191.00
728.85	3133.00
729.04	3007.00
729.23	3084.00
729.42	3117.00
729.61	3026.00
729.80	3057.00
729.99	3064.00
730.18	3044.00
730.37	3056.00
730.56	3083.00
730.75	3084.00
730.94	3034.00
731.13	3024.00
731.32	3140.00
731.51	3134.00
731.70	3108.00
731.89	3079.00
732.08	3026.00
732.27	3174.00
732.46	3129.00
732.65	3044.00
732.84	3031.00
733.04	3049.00
733.23	3069.00
733.42	3125.00
733.61	3134.00
733.80	3129.00
733.99	3147.00
734.18	3121.00
734.37	2958.00
734.56	2907.00
734.75	3059.00
734.94	3080.00
735.13	3054.00
735.32	2943.00
735.51	3076.00
735.70	3104.00
735.89	3064.00
736.08	2975.00
736.27	3000.00
736.46	2906.00
736.65	2892.00
736.84	2962.00
737.03	2873.00
737.22	2872.00
737.41	2925.00
737.60	3006.00
737.79	2921.00
737.98	2968.00
738.17	3012.00
738.36	2989.00
738.55	2937.00
738.74	3036.00
738.93	3032.00
739.12	2998.00
739.31	3039.00
739.50	2912.00
739.69	2892.00
739.88	2902.00
740.07	2899.00
740.26	2939.00
740.45	2896.00
740.64	2886.00
740.83	2865.00
741.02	2846.00
741.21	2883.00
741.40	2844.00
741.59	2765.00
741.78	2819.00
741.97	2789.00
742.16	2833.00
742.35	2886.00
742.54	2810.00
742.73	2749.00
742.92	2776.00
743.11	2847.00
743.30	2819.00
743.49	2735.00
743.68	2772.00
743.87	2802.00
744.06	2749.00
744.25	2775.00
744.44	2741.00
744.63	2702.00
744.82	2689.00
745.01	2748.00
745.20	2762.00
745.39	2665.00
745.58	2675.00
745.77	2741.00
745.96	2776.00
746.15	2687.00
746.34	2602.00
746.52	2543.00
746.71	2657.00
746.90	2646.00
747.09	2622.00
747.28	2627.00
747.47	2582.00
747.66	2581.00
747.85	2741.00
748.04	2663.00
748.23	2594.00
748.42	2549.00
748.61	2617.00
748.80	2581.00
748.99	2546.00
749.18	2559.00
749.37	2532.00
749.56	2510.00
749.75	2557.00
749.94	2495.00
750.13	2549.00
750.32	2566.00
750.51	2573.00
750.70	2527.00
750.89	2494.00
751.08	2408.00
751.27	2441.00
751.46	2414.00
751.64	2400.00
751.83	2363.00
752.02	2410.00
752.21	2477.00
752.40	2443.00
752.59	2438.00
752.78	2432.00
752.97	2463.00
753.16	2463.00
753.35	2442.00
753.54	2395.00
753.73	2372.00
753.92	2332.00
754.11	2393.00
754.30	2393.00
754.49	2425.00
754.68	2344.00
754.87	2368.00
755.06	2372.00
755.24	2413.00
755.43	2358.00
755.62	2388.00
755.81	2476.00
756.00	2426.00
756.19	2300.00
756.38	2319.00
756.57	2412.00
756.76	2360.00
756.95	2275.00
757.14	2272.00
757.33	2323.00
757.52	2306.00
757.71	2394.00
757.90	2385.00
758.08	2282.00
758.27	2230.00
758.46	2199.00
758.65	2255.00
758.84	2227.00
759.03	2199.00
759.22	2159.00
759.41	2263.00
759.60	2314.00
759.79	2272.00
759.98	2195.00
760.17	2332.00
760.36	2200.00
760.54	2253.00
760.73	2214.00
760.92	2204.00
761.11	2156.00
761.30	2128.00
761.49	2137.00
761.68	2039.00
761.87	2090.00
762.06	2046.00
762.25	1976.00
762.44	1984.00
762.63	1944.00
762.81	1959.00
763.00	1949.00
763.19	1916.00
763.38	1936.00
763.57	1904.00
763.76	1943.00
763.95	1925.00
764.14	1880.00
764.33	1906.00
764.52	1888.00
764.71	1826.00
764.89	1834.00
765.08	1932.00
765.27	1969.00
765.46	1894.00
765.65	1943.00
765.84	1951.00
766.03	1886.00
766.22	2031.00
766.41	2035.00
766.59	1950.00
766.78	2022.00
766.97	2019.00
767.16	1927.00
767.35	1976.00
767.54	2011.00
767.73	2041.00
767.92	2139.00
768.11	2133.00
768.30	2112.00
768.48	2139.00
768.67	2175.00
768.86	2214.00
769.05	2172.00
769.24	2172.00
769.43	2163.00
769.62	2064.00
769.81	2061.00
769.99	2078.00
770.18	1996.00
770.37	2074.00
770.56	2072.00
770.75	2176.00
770.94	2151.00
771.13	2034.00
771.32	2209.00
771.50	2110.00
771.69	2104.00
771.88	2116.00
772.07	2121.00
772.26	2106.00
772.45	2121.00
772.64	2126.00
772.83	2044.00
773.01	2122.00
773.20	2045.00
773.39	2063.00
773.58	2061.00
773.77	2176.00
773.96	2165.00
774.15	2089.00
774.34	2100.00
774.52	2073.00
774.71	2078.00
774.90	2072.00
775.09	2131.00
775.28	2118.00
775.47	2063.00
775.66	2021.00
775.84	2042.00
776.03	1951.00
776.22	1939.00
776.41	1998.00
776.60	2031.00
776.79	2005.00
776.98	2074.00
777.16	2023.00
777.35	2009.00
777.54	2017.00
777.73	2071.00
777.92	2079.00
778.11	2056.00
778.29	2000.00
778.48	1988.00
778.67	1978.00
778.86	2003.00
779.05	2036.00
779.24	2040.00
779.43	2080.00
779.61	2071.00
779.80	1984.00
779.99	2036.00
780.18	2008.00
780.37	1996.00
780.56	2008.00
780.74	2034.00
780.93	2100.00
781.12	2112.00
781.31	2006.00
781.50	2082.00
781.69	2041.00
781.87	2124.00
782.06	2182.00
782.25	2071.00
782.44	2087.00
782.63	2051.00
782.82	2086.00
783.00	2123.00
783.19	2092.00
783.38	2078.00
783.57	2053.00
783.76	2117.00
783.95	2136.00
784.13	2056.00
784.32	2071.00
784.51	2080.00
784.70	2128.00
784.89	2142.00
785.08	2092.00
785.26	2028.00
785.45	2024.00
785.64	2118.00
785.83	2023.00
786.02	2054.00
786.20	2116.00
786.39	2062.00
786.58	2107.00
786.77	2009.00
786.96	2109.00
787.15	2164.00
787.33	2141.00
787.52	2148.00
787.71	2096.00
787.90	2155.00
788.09	2102.00
788.27	2135.00
788.46	2144.00
788.65	2128.00
788.84	2216.00
789.03	2219.00
789.21	2140.00
789.40	2148.00
789.59	2198.00
789.78	2162.00
789.97	2207.00
790.15	2206.00
790.34	2150.00
790.53	2165.00
790.72	2123.00
790.91	2047.00
791.09	2187.00
791.28	2187.00
791.47	2234.00
791.66	2237.00
791.85	2236.00
792.03	2122.00
792.22	2174.00
792.41	2261.00
792.60	2213.00
792.79	2198.00
792.97	2267.00
793.16	2293.00
793.35	2296.00
793.54	2236.00
793.72	2195.00
793.91	2230.00
794.10	2281.00
794.29	2344.00
794.48	2352.00
794.66	2290.00
794.85	2247.00
795.04	2299.00
795.23	2248.00
795.42	2314.00
795.60	2287.00
795.79	2182.00
795.98	2221.00
796.17	2284.00
796.35	2331.00
796.54	2259.00
796.73	2307.00
796.92	2292.00
797.11	2288.00
797.29	2314.00
797.48	2278.00
797.67	2365.00
797.86	2294.00
798.04	2290.00
798.23	2255.00
798.42	2215.00
798.61	2118.00
798.79	2147.00
798.98	2163.00
799.17	2225.00
799.36	2270.00
799.54	2251.00
799.73	2224.00
799.92	2302.00
800.11	2313.00
800.30	2269.00
800.48	2213.00
800.67	2240.00
800.86	2241.00
801.05	2235.00
801.23	2193.00
801.42	2187.00
801.61	2238.00
801.80	2287.00
801.98	2328.00
802.17	2320.00
802.36	2234.00
802.55	2301.00
802.73	2328.00
802.92	2358.00
803.11	2376.00
803.30	2381.00
803.48	2323.00
803.67	2350.00
803.86	2293.00
804.05	2340.00
804.23	2344.00
804.42	2305.00
804.61	2361.00
804.80	2311.00
804.98	2320.00
805.17	2414.00
805.36	2355.00
805.54	2286.00
805.73	2361.00
805.92	2280.00
806.11	2325.00
806.29	2342.00
806.48	2289.00
806.67	2275.00
806.86	2320.00
807.04	2348.00
807.23	2333.00
807.42	2339.00
807.61	2439.00
807.79	2478.00
807.98	2390.00
808.17	2371.00
808.35	2362.00
808.54	2392.00
808.73	2361.00
808.92	2333.00
809.10	2345.00
809.29	2371.00
809.48	2354.00
809.67	2326.00
809.85	2291.00
810.04	2241.00
810.23	2299.00
810.41	2387.00
810.60	2423.00
810.79	2346.00
810.98	2230.00
811.16	2223.00
811.35	2320.00
811.54	2261.00
811.72	2289.00
811.91	2301.00
812.10	2311.00
812.29	2310.00
812.47	2368.00
812.66	2386.00
812.85	2278.00
813.03	2319.00
813.22	2357.00
813.41	2350.00
813.60	2353.00
813.78	2315.00
813.97	2326.00
814.16	2345.00
814.34	2353.00
814.53	2372.00
814.72	2334.00
814.90	2353.00
815.09	2359.00
815.28	2344.00
815.47	2286.00
815.65	2261.00
815.84	2274.00
816.03	2371.00
816.21	2274.00
816.40	2265.00
816.59	2287.00
816.77	2327.00
816.96	2344.00
817.15	2353.00
817.33	2329.00
817.52	2376.00
817.71	2380.00
817.90	2270.00
818.08	2268.00
818.27	2306.00
818.46	2352.00
818.64	2342.00
818.83	2359.00
819.02	2320.00
819.20	2287.00
819.39	2354.00
819.58	2357.00
819.76	2360.00
819.95	2394.00
820.14	2371.00
820.32	2371.00
820.51	2383.00
820.70	2268.00
820.88	2313.00
821.07	2395.00
821.26	2432.00
821.44	2264.00
821.63	2320.00
821.82	2415.00
822.01	2351.00
822.19	2316.00
822.38	2306.00
822.57	2298.00
822.75	2318.00
822.94	2283.00
823.13	2260.00
823.31	2323.00
823.50	2393.00
823.69	2257.00
823.87	2225.00
824.06	2248.00
824.25	2204.00
824.43	2241.00
824.62	2273.00
824.80	2259.00
824.99	2234.00
825.18	2286.00
825.36	2324.00
825.55	2323.00
825.74	2257.00
825.92	2269.00
826.11	2269.00
826.30	2228.00
826.48	2237.00
826.67	2279.00
826.86	2194.00
827.04	2201.00
827.23	2270.00
827.42	2245.00
827.60	2248.00
827.79	2215.00
827.98	2162.00
828.16	2169.00
828.35	2215.00
828.54	2270.00
828.72	2245.00
828.91	2177.00
829.09	2155.00
829.28	2201.00
829.47	2269.00
829.65	2193.00
829.84	2181.00
830.03	2163.00
830.21	2196.00
830.40	2081.00
830.59	2050.00
830.77	2098.00
830.96	2162.00
831.14	2170.00
831.33	2129.00
831.52	2241.00
831.70	2231.00
831.89	2177.00
832.08	2163.00
832.26	2107.00
832.45	2092.00
832.64	2076.00
832.82	2092.00
833.01	2108.00
833.19	2043.00
833.38	2094.00
833.57	2240.00
833.75	2198.00
833.94	2216.00
834.13	2170.00
834.31	2123.00
834.50	2130.00
834.68	2219.00
834.87	2170.00
835.06	2125.00
835.24	2032.00
835.43	2083.00
835.61	2069.00
835.80	2035.00
835.99	2082.00
836.17	2156.00
836.36	2174.00
836.55	2181.00
836.73	2177.00
836.92	2171.00
837.10	2172.00
837.29	2161.00
837.48	2090.00
837.66	2092.00
837.85	2053.00
838.03	2118.00
838.22	2098.00
838.41	2129.00
838.59	2062.00
838.78	2085.00
838.96	2011.00
839.15	2093.00
839.34	2083.00
839.52	2079.00
839.71	2050.00
839.89	2035.00
840.08	2079.00
840.27	2063.00
840.45	1975.00
840.64	1965.00
840.82	1935.00
841.01	1887.00
841.20	1947.00
841.38	1980.00
841.57	1971.00
841.75	1924.00
841.94	1998.00
842.13	1992.00
842.31	1986.00
842.50	1940.00
842.68	2004.00
842.87	1951.00
843.05	1916.00
843.24	1961.00
843.43	2006.00
843.61	1952.00
843.80	1917.00
843.98	1880.00
844.17	1912.00
844.36	1955.00
844.54	1874.00
844.73	1872.00
844.91	1930.00
845.10	1940.00
845.28	1870.00
845.47	1915.00
845.66	1864.00
845.84	1855.00
846.03	1830.00
846.21	1763.00
846.40	1870.00
846.58	1854.00
846.77	1808.00
846.96	1839.00
847.14	1856.00
847.33	1869.00
847.51	1865.00
847.70	1868.00
847.88	1768.00
848.07	1830.00
848.25	1808.00
848.44	1784.00
848.63	1714.00
848.81	1780.00
849.00	1807.00
849.18	1786.00
849.37	1806.00
849.55	1807.00
849.74	1716.00
849.93	1757.00
850.11	1763.00
850.30	1803.00
850.48	1819.00
850.67	1808.00
850.85	1771.00
851.04	1755.00
851.22	1806.00
851.41	1781.00
851.59	1836.00
851.78	1856.00
851.97	1849.00
852.15	1827.00
852.34	1744.00
852.52	1732.00
852.71	1680.00
852.89	1776.00
853.08	1789.00
853.26	1736.00
853.45	1786.00
853.63	1764.00
853.82	1730.00
854.01	1613.00
854.19	1768.00
854.38	1743.00
854.56	1652.00
854.75	1619.00
854.93	1684.00
855.12	1688.00
855.30	1718.00
855.49	1680.00
855.67	1737.00
855.86	1794.00
856.04	1768.00
856.23	1705.00
856.41	1636.00
856.60	1679.00
856.79	1653.00
856.97	1588.00
857.16	1655.00
857.34	1640.00
857.53	1658.00
857.71	1633.00
857.90	1610.00
858.08	1683.00
858.27	1668.00
858.45	1575.00
858.64	1679.00
858.82	1695.00
859.01	1651.00
859.19	1592.00
859.38	1657.00
859.56	1588.00
859.75	1597.00
859.93	1576.00
860.12	1564.00
860.30	1588.00
860.49	1638.00
860.67	1683.00
860.86	1628.00
861.04	1560.00
861.23	1534.00
861.41	1543.00
861.60	1554.00
861.78	1600.00
861.97	1602.00
862.15	1483.00
862.34	1485.00
862.53	1535.00
862.71	1558.00
862.90	1555.00
863.08	1410.00
863.27	1449.00
863.45	1510.00
863.64	1609.00
863.82	1475.00
864.01	1533.00
864.19	1536.00
864.37	1497.00
864.56	1490.00
864.74	1577.00
864.93	1544.00
865.11	1502.00
865.30	1499.00
865.48	1535.00
865.67	1502.00
865.85	1510.00
866.04	1457.00
866.22	1519.00
866.41	1475.00
866.59	1497.00
866.78	1479.00
866.96	1452.00
867.15	1451.00
867.33	1477.00
867.52	1509.00
867.70	1521.00
867.89	1358.00
868.07	1335.00
868.26	1417.00
868.44	1520.00
868.63	1489.00
868.81	1469.00
869.00	1457.00
869.18	1436.00
869.37	1378.00
869.55	1319.00
869.74	1364.00
869.92	1417.00
870.10	1414.00
870.29	1329.00
870.47	1337.00
870.66	1426.00
870.84	1432.00
871.03	1369.00
871.21	1352.00
871.40	1296.00
871.58	1359.00
871.77	1408.00
871.95	1387.00
872.14	1422.00
872.32	1382.00
872.51	1294.00
872.69	1312.00
872.87	1332.00
873.06	1335.00
873.24	1335.00
873.43	1319.00
873.61	1340.00
873.80	1272.00
873.98	1291.00
874.17	1337.00
874.35	1285.00
874.54	1336.00
874.72	1304.00
874.90	1313.00
875.09	1354.00
875.27	1326.00
875.46	1296.00
875.64	1302.00
875.83	1320.00
876.01	1305.00
876.20	1317.00
876.38	1258.00
876.56	1299.00
876.75	1342.00
876.93	1338.00
877.12	1351.00
877.30	1393.00
877.49	1259.00
877.67	1217.00
877.86	1241.00
878.04	1252.00
878.22	1179.00
878.41	1295.00
878.59	1307.00
878.78	1175.00
878.96	1196.00
879.15	1234.00
879.33	1394.00
879.51	1343.00
879.70	1260.00
879.88	1266.00
880.07	1291.00
880.25	1343.00
880.44	1302.00
880.62	1254.00
880.80	1217.00
880.99	1284.00
881.17	1314.00
881.36	1365.00
881.54	1319.00
881.73	1230.00
881.91	1268.00
882.09	1251.00
882.28	1318.00
882.46	1318.00
882.65	1271.00
882.83	1280.00
883.02	1263.00
883.20	1247.00
883.38	1303.00
883.57	1255.00
883.75	1190.00
883.94	1248.00
884.12	1192.00
884.30	1181.00
884.49	1228.00
884.67	1213.00
884.86	1292.00
885.04	1250.00
885.22	1220.00
885.41	1184.00
885.59	1169.00
885.78	1248.00
885.96	1273.00
886.14	1234.00
886.33	1220.00
886.51	1246.00
886.70	1204.00
886.88	1194.00
887.06	1233.00
887.25	1142.00
887.43	1263.00
887.62	1200.00
887.80	1141.00
887.98	1157.00
888.17	1163.00
888.35	1187.00
888.54	1224.00
888.72	1241.00
888.90	1195.00
889.09	1222.00
889.27	1151.00
889.46	1096.00
889.64	1177.00
889.82	1228.00
890.01	1225.00
890.19	1189.00
890.38	1196.00
890.56	1183.00
890.74	1150.00
890.93	1170.00
891.11	1175.00
891.29	1154.00
891.48	1201.00
891.66	1133.00
891.85	1197.00
892.03	1208.00
892.21	1195.00
892.40	1204.00
892.58	1231.00
892.76	1194.00
892.95	1210.00
893.13	1266.00
893.32	1284.00
893.50	1285.00
893.68	1265.00
893.87	1215.00
894.05	1215.00
894.23	1168.00
894.42	1128.00
894.60	1170.00
894.79	1209.00
894.97	1218.00
895.15	1326.00
895.34	1288.00
895.52	1239.00
895.70	1290.00
895.89	1321.00
896.07	1227.00
896.25	1210.00
896.44	1271.00
896.62	1269.00
896.81	1201.00
896.99	1242.00
897.17	1201.00
897.36	1270.00
897.54	1229.00
897.72	1259.00
897.91	1309.00
898.09	1284.00
898.27	1301.00
898.46	1281.00
898.64	1225.00
898.82	1213.00
899.01	1222.00
899.19	1268.00
899.37	1241.00
899.56	1227.00
899.74	1332.00
899.92	1257.00
900.11	1270.00
900.29	1244.00
900.47	1306.00
900.66	1278.00
900.84	1291.00
901.03	1353.00
901.21	1322.00
901.39	1245.00
901.58	1267.00
901.76	1282.00
901.94	1341.00
902.13	1327.00
902.31	1238.00
902.49	1252.00
902.68	1275.00
902.86	1280.00
903.04	1315.00
903.23	1271.00
903.41	1252.00
903.59	1361.00
903.78	1388.00
903.96	1354.00
904.14	1283.00
904.32	1292.00
904.51	1327.00
904.69	1328.00
904.87	1271.00
905.06	1243.00
905.24	1344.00
905.42	1400.00
905.61	1398.00
905.79	1340.00
905.97	1416.00
906.16	1418.00
906.34	1368.00
906.52	1301.00
906.71	1324.00
906.89	1374.00
907.07	1327.00
907.26	1320.00
907.44	1344.00
907.62	1386.00
907.81	1395.00
907.99	1414.00
908.17	1372.00
908.35	1384.00
908.54	1355.00
908.72	1393.00
908.90	1389.00
909.09	1352.00
909.27	1276.00
909.45	1345.00
909.64	1369.00
909.82	1348.00
910.00	1344.00
910.18	1276.00
910.37	1404.00
910.55	1389.00
910.73	1278.00
910.92	1382.00
911.10	1336.00
911.28	1348.00
911.47	1330.00
911.65	1293.00
911.83	1307.00
912.01	1358.00
912.20	1426.00
912.38	1321.00
912.56	1307.00
912.75	1323.00
912.93	1331.00
913.11	1255.00
913.29	1345.00
913.48	1288.00
913.66	1313.00
913.84	1376.00
914.03	1311.00
914.21	1351.00
914.39	1280.00
914.57	1323.00
914.76	1298.00
914.94	1310.00
915.12	1311.00
915.31	1302.00
915.49	1284.00
915.67	1383.00
915.85	1379.00
916.04	1384.00
916.22	1377.00
916.40	1216.00
916.58	1267.00
916.77	1259.00
916.95	1302.00
917.13	1286.00
917.32	1240.00
917.50	1203.00
917.68	1240.00
917.86	1241.00
918.05	1231.00
918.23	1300.00
918.41	1280.00
918.59	1216.00
918.78	1201.00
918.96	1278.00
919.14	1192.00
919.32	1156.00
919.51	1178.00
919.69	1214.00
919.87	1259.00
920.05	1312.00
920.24	1202.00
920.42	1213.00
920.60	1273.00
920.78	1220.00
920.97	1198.00
921.15	1195.00
921.33	1229.00
921.52	1201.00
921.70	1218.00
921.88	1179.00
922.06	1200.00
922.24	1244.00
922.43	1239.00
922.61	1243.00
922.79	1223.00
922.97	1230.00
923.16	1192.00
923.34	1143.00
923.52	1188.00
923.70	1138.00
923.89	1185.00
924.07	1118.00
924.25	1112.00
924.43	1126.00
924.62	1239.00
924.80	1170.00
924.98	1045.00
925.16	1090.00
925.35	1127.00
925.53	1133.00
925.71	1201.00
925.89	1126.00
926.08	1137.00
926.26	1130.00
926.44	1128.00
926.62	1135.00
926.80	1187.00
926.99	1287.00
927.17	1143.00
927.35	1192.00
927.53	1226.00
927.72	1114.00
927.90	1136.00
928.08	1162.00
928.26	1142.00
928.44	1019.00
928.63	1049.00
928.81	1138.00
928.99	1127.00
929.17	1121.00
929.36	1115.00
929.54	1096.00
929.72	1039.00
929.90	1069.00
930.08	1102.00
930.27	1111.00
930.45	1066.00
930.63	1114.00
930.81	1141.00
930.99	1135.00
931.18	1024.00
931.36	1047.00
931.54	1065.00
931.72	1071.00
931.90	1080.00
932.09	996.00
932.27	1052.00
932.45	1081.00
932.63	1049.00
932.81	1020.00
933.00	992.00
933.18	988.00
933.36	1013.00
933.54	1007.00
933.72	924.00
933.91	984.00
934.09	922.00
934.27	972.00
934.45	983.00
934.63	916.00
934.82	938.00
935.00	957.00
935.18	938.00
935.36	826.00
935.54	838.00
935.73	907.00
935.91	961.00
936.09	879.00
936.27	813.00
936.45	715.00
936.64	699.00
936.82	732.00
937.00	813.00
937.18	813.00
937.36	789.00
937.54	815.00
937.73	768.00
937.91	679.00
938.09	671.00
938.27	744.00
938.45	633.00
938.63	630.00
938.82	650.00
939.00	670.00
939.18	642.00
939.36	580.00
939.54	559.00
939.73	637.00
939.91	643.00
940.09	645.00
940.27	664.00
940.45	610.00
940.63	596.00
940.82	499.00
941.00	548.00
941.18	632.00
941.36	595.00
941.54	536.00
941.72	499.00
941.91	464.00
942.09	502.00
942.27	544.00
942.45	508.00
942.63	445.00
942.81	518.00
942.99	591.00
943.18	548.00
943.36	498.00
943.54	493.00
943.72	481.00
943.90	495.00
944.08	524.00
944.27	475.00
944.45	425.00
944.63	477.00
944.81	489.00
944.99	502.00
945.17	540.00
945.35	534.00
945.54	516.00
945.72	461.00
945.90	521.00
946.08	466.00
946.26	475.00
946.44	548.00
946.62	521.00
946.81	462.00
946.99	469.00
947.17	507.00
947.35	472.00
947.53	504.00
947.71	443.00
947.89	505.00
948.07	527.00
948.26	550.00
948.44	494.00
948.62	459.00
948.80	446.00
948.98	465.00
949.16	431.00
949.34	517.00
949.53	486.00
949.71	483.00
949.89	461.00
950.07	506.00
950.25	556.00
950.43	421.00
950.61	439.00
950.79	451.00
950.98	533.00
951.16	462.00
951.34	386.00
951.52	447.00
951.70	496.00
951.88	551.00
952.06	517.00
952.24	473.00
952.42	459.00
952.61	494.00
952.79	540.00
952.97	523.00
953.15	500.00
953.33	535.00
953.51	505.00
953.69	442.00
953.87	462.00
954.05	484.00
954.24	445.00
954.42	530.00
954.60	525.00
954.78	461.00
954.96	422.00
955.14	393.00
955.32	449.00
955.50	452.00
955.68	458.00
955.86	445.00
956.05	460.00
956.23	441.00
956.41	454.00
956.59	509.00
956.77	493.00
956.95	450.00
957.13	418.00
957.31	451.00
957.49	456.00
957.67	490.00
957.86	459.00
958.04	463.00
958.22	457.00
958.40	452.00
958.58	427.00
958.76	350.00
958.94	460.00
959.12	400.00
959.30	394.00
959.48	558.00
959.66	451.00
959.84	452.00
960.03	416.00
960.21	387.00
960.39	413.00
960.57	375.00
960.75	360.00
960.93	416.00
961.11	453.00
961.29	462.00
961.47	434.00
961.65	416.00
961.83	350.00
962.01	461.00
962.19	477.00
962.37	439.00
962.56	452.00
962.74	461.00
962.92	408.00
963.10	383.00
963.28	392.00
963.46	438.00
963.64	355.00
963.82	386.00
964.00	418.00
964.18	492.00
964.36	473.00
964.54	467.00
964.72	483.00
964.90	465.00
965.08	362.00
965.27	394.00
965.45	362.00
965.63	397.00
965.81	436.00
965.99	467.00
966.17	485.00
966.35	471.00
966.53	437.00
966.71	472.00
966.89	415.00
967.07	383.00
967.25	425.00
967.43	438.00
967.61	442.00
967.79	350.00
967.97	440.00
968.15	479.00
968.33	421.00
968.51	365.00
968.69	359.00
968.87	404.00
969.06	413.00
969.24	465.00
969.42	423.00
969.60	411.00
969.78	438.00
969.96	445.00
970.14	384.00
970.32	385.00
970.50	370.00
970.68	397.00
970.86	430.00
971.04	488.00
971.22	453.00
971.40	409.00
971.58	379.00
971.76	341.00
971.94	378.00
972.12	383.00
972.30	305.00
972.48	381.00
972.66	276.00
972.84	329.00
973.02	356.00
973.20	338.00
973.38	219.00
973.56	346.00
973.74	353.00
973.92	338.00
974.10	399.00
974.28	345.00
974.46	363.00
974.64	373.00
974.82	401.00
975.00	318.00
975.18	260.00
975.36	329.00
975.54	309.00
975.72	338.00
975.90	303.00
976.08	302.00
976.26	348.00
976.44	427.00
976.62	371.00
976.80	382.00
976.98	365.00
977.16	358.00
977.34	364.00
977.52	310.00
977.70	299.00
977.88	301.00
978.06	329.00
978.24	366.00
978.42	285.00
978.60	346.00
978.78	380.00
978.96	363.00
979.14	321.00
979.32	316.00
979.50	281.00
979.68	242.00
979.86	268.00
980.04	261.00
980.22	302.00
980.40	352.00
980.58	343.00
980.76	314.00
980.94	342.00
981.12	313.00
981.30	342.00
981.48	291.00
981.66	305.00
981.84	335.00
982.02	295.00
982.20	279.00
982.38	288.00
982.56	283.00
982.74	302.00
982.92	364.00
983.10	347.00
983.28	280.00
983.46	288.00
983.64	305.00
983.82	316.00
984.00	348.00
984.18	332.00
984.36	336.00
984.54	330.00
984.72	328.00
984.90	318.00
985.08	324.00
985.26	284.00
985.44	365.00
985.62	352.00
985.80	297.00
985.98	308.00
986.16	280.00
986.34	255.00
986.51	256.00
986.69	279.00
986.87	264.00
987.05	200.00
987.23	310.00
987.41	264.00
987.59	228.00
987.77	228.00
987.95	284.00
988.13	325.00
988.31	332.00
988.49	278.00
988.67	316.00
988.85	278.00
989.03	154.00
989.21	196.00
989.39	199.00
989.57	232.00
989.75	251.00
989.93	217.00
990.11	248.00
990.28	262.00
990.46	284.00
990.64	209.00
990.82	253.00
991.00	252.00
991.18	191.00
991.36	224.00
991.54	240.00
991.72	230.00
991.90	184.00
992.08	183.00
992.26	292.00
992.44	242.00
992.62	205.00
992.80	222.00
992.98	268.00
993.15	268.00
993.33	263.00
993.51	238.00
993.69	253.00
993.87	242.00
994.05	244.00
994.23	201.00
994.41	253.00
994.59	215.00
994.77	215.00
994.95	228.00
995.13	238.00
995.31	271.00
995.48	288.00
995.66	289.00
995.84	216.00
996.02	221.00
996.20	250.00
996.38	218.00
996.56	156.00
996.74	198.00
996.92	190.00
997.10	135.00
997.28	191.00
997.46	210.00
997.63	271.00
997.81	321.00
997.99	270.00
998.17	202.00
998.35	155.00
998.53	119.00
998.71	178.00
998.89	205.00
999.07	165.00
999.25	250.00
999.43	284.00
999.60	235.00
999.78	247.00
999.96	207.00
1000.14	161.00
1000.32	158.00
1000.50	187.00
1000.68	228.00
1000.86	252.00
1001.04	169.00
1001.21	129.00
1001.39	200.00
1001.57	214.00
1001.75	236.00
1001.93	208.00
1002.11	135.00
1002.29	100.00
1002.47	201.00
1002.65	232.00
1002.82	190.00
1003.00	230.00
1003.18	244.00
1003.36	175.00
1003.54	136.00
1003.72	163.00
1003.90	221.00
1004.08	172.00
1004.26	189.00
1004.43	236.00
1004.61	159.00
1004.79	178.00
1004.97	224.00
1005.15	155.00
1005.33	192.00
1005.51	213.00
1005.69	255.00
1005.86	216.00
1006.04	207.00
1006.22	176.00
1006.40	227.00
1006.58	189.00
1006.76	190.00
1006.94	175.00
1007.12	136.00
1007.29	177.00
1007.47	198.00
1007.65	229.00
1007.83	194.00
1008.01	156.00
1008.19	168.00
1008.37	185.00
1008.54	185.00
1008.72	187.00
1008.90	184.00
1009.08	224.00
1009.26	130.00
1009.44	159.00
1009.62	168.00
1009.79	180.00
1009.97	120.00
1010.15	127.00
1010.33	183.00
1010.51	234.00
1010.69	266.00
1010.87	238.00
1011.04	145.00
1011.22	129.00
1011.40	99.00
1011.58	149.00
1011.76	159.00
1011.94	142.00
1012.11	139.00
1012.29	119.00
1012.47	145.00
1012.65	85.00
1012.83	131.00
1013.01	137.00
1013.18	175.00
1013.36	129.00
1013.54	120.00
1013.72	134.00
1013.90	181.00
1014.08	151.00
1014.25	161.00
1014.43	142.00
1014.61	175.00
1014.79	159.00
1014.97	159.00
1015.15	177.00
1015.32	135.00
1015.50	166.00
1015.68	128.00
1015.86	135.00
1016.04	144.00
1016.22	132.00
1016.39	105.00
1016.57	134.00
1016.75	126.00
1016.93	140.00
1017.11	130.00
1017.29	150.00
1017.46	169.00
1017.64	193.00
1017.82	160.00
1018.00	127.00
1018.18	127.00
1018.35	121.00
1018.53	222.00
1018.71	170.00
1018.89	107.00
1019.07	88.00
1019.24	164.00
1019.42	163.00
1019.60	135.00
1019.78	116.00
1019.96	126.00
1020.14	96.00
1020.31	168.00
1020.49	74.00
1020.67	106.00
1020.85	153.00
1021.03	160.00
1021.20	204.00
1021.38	121.00
1021.56	115.00
1021.74	114.00
1021.92	116.00
1022.09	188.00
1022.27	77.00
1022.45	103.00
1022.63	157.00
1022.81	124.00
1022.98	122.00
1023.16	110.00
1023.34	140.00
1023.52	97.00
1023.69	120.00
1023.87	125.00
1024.05	149.00
1024.23	136.00
1024.41	220.00
1024.58	134.00
1024.76	119.00
1024.94	118.00
1025.12	46.00
1025.30	122.00
1025.47	123.00
1025.65	158.00
1025.83	95.00
1026.01	129.00
1026.18	187.00
1026.36	169.00
1026.54	103.00
1026.72	139.00
1026.90	165.00
1027.07	139.00
1027.25	100.00
1027.43	87.00
1027.61	110.00
1027.78	121.00
1027.96	28.00
1028.14	60.00
1028.32	115.00
1028.49	151.00
1028.67	141.00
1028.85	158.00
1029.03	124.00
1029.21	67.00
1029.38	75.00
1029.56	172.00
1029.74	107.00
1029.92	60.00
1030.09	123.00
1030.27	118.00
1030.45	132.00
1030.63	126.00
1030.80	82.00
1030.98	110.00
1031.16	105.00
1031.34	120.00
1031.51	97.00
1031.69	115.00
1031.87	75.00
1032.05	26.00
1032.22	72.00
1032.40	43.00
1032.58	139.00
1032.76	97.00
1032.93	75.00
1033.11	94.00
1033.29	49.00
1033.47	52.00
1033.64	86.00
1033.82	81.00
1034.00	93.00
1034.18	81.00
1034.35	124.00
1034.53	131.00
1034.71	76.00
1034.89	106.00
1035.06	69.00
1035.24	106.00
1035.42	81.00
1035.59	122.00
1035.77	81.00
1035.95	53.00
1036.13	69.00
1036.30	68.00
1036.48	115.00
1036.66	87.00
1036.84	80.00
1037.01	129.00
1037.19	138.00
1037.37	121.00
1037.54	100.00
1037.72	102.00
1037.90	95.00
1038.08	145.00
1038.25	101.00
1038.43	66.00
1038.61	147.00
1038.79	114.00
1038.96	100.00
1039.14	42.00
1039.32	91.00
1039.49	51.00
1039.67	23.00
1039.85	56.00
1040.03	47.00
1040.20	25.00
1040.38	18.00
1040.56	66.00
1040.73	32.00
1040.91	-28.00
1041.09	71.00
1041.27	117.00
1041.44	27.00
1041.62	64.00
1041.80	74.00
1041.97	55.00
1042.15	105.00
1042.33	85.00
1042.50	34.00
1042.68	59.00
1042.86	70.00
1043.04	87.00
1043.21	101.00
1043.39	93.00
1043.57	67.00
1043.74	43.00
1043.92	28.00
1044.10	62.00
1044.27	78.00
1044.45	97.00
1044.63	77.00
1044.80	138.00
1044.98	85.00
1045.16	9.00
1045.34	65.00
1045.51	75.00
1045.69	131.00
1045.87	138.00
1046.04	77.00
1046.22	59.00
1046.40	97.00
1046.57	36.00
1046.75	-3.00
1046.93	65.00
1047.10	54.00
1047.28	101.00
1047.46	30.00
1047.63	-14.00
1047.81	-7.00
1047.99	-3.00
1048.16	53.00
1048.34	77.00
1048.52	59.00
1048.69	32.00
1048.87	2.00
1049.05	76.00
1049.22	69.00
1049.40	22.00
1049.58	58.00
1049.75	49.00
1049.93	32.00
1050.11	8.00
1050.28	57.00
1050.46	47.00
1050.64	8.00
1050.81	-8.00
1050.99	2.00
1051.17	58.00
1051.34	137.00
1051.52	92.00
1051.70	106.00
1051.87	105.00
1052.05	79.00
1052.23	-6.00
1052.40	-4.00
1052.58	31.00
1052.76	33.00
1052.93	-5.00
1053.11	23.00
1053.29	28.00
1053.46	38.00
1053.64	68.00
1053.82	34.00
1053.99	38.00
1054.17	56.00
1054.35	5.00
1054.52	36.00
1054.70	1.00
1054.87	43.00
1055.05	2.00
1055.23	37.00
1055.40	46.00
1055.58	-8.00
1055.76	42.00
1055.93	55.00
1056.11	4.00
1056.29	-41.00
1056.46	-26.00
1056.64	53.00
1056.81	81.00
1056.99	12.00
1057.17	43.00
1057.34	37.00
1057.52	3.00
1057.70	-22.00
1057.87	48.00
1058.05	36.00
1058.22	5.00
1058.40	18.00
1058.58	65.00
1058.75	34.00
1058.93	-6.00
1059.11	-16.00
1059.28	-81.00
1059.46	6.00
1059.63	57.00
1059.81	91.00
1059.99	36.00
1060.16	-37.00
1060.34	-37.00
1060.52	65.00
1060.69	62.00
1060.87	94.00
1061.04	26.00
1061.22	30.00
