367.62	184.00
367.82	225.00
368.02	226.00
368.23	181.00
368.43	227.00
368.63	270.00
368.83	286.00
369.04	355.00
369.24	304.00
369.44	299.00
369.65	239.00
369.85	347.00
370.05	238.00
370.25	258.00
370.46	356.00
370.66	304.00
370.86	233.00
371.07	319.00
371.27	369.00
371.47	404.00
371.67	442.00
371.88	365.00
372.08	372.00
372.28	326.00
372.49	404.00
372.69	383.00
372.89	406.00
373.09	412.00
373.30	427.00
373.50	482.00
373.70	458.00
373.91	489.00
374.11	476.00
374.31	451.00
374.51	495.00
374.72	467.00
374.92	551.00
375.12	582.00
375.33	573.00
375.53	459.00
375.73	491.00
375.93	543.00
376.14	561.00
376.34	604.00
376.54	672.00
376.74	632.00
376.95	655.00
377.15	625.00
377.35	608.00
377.55	616.00
377.76	662.00
377.96	656.00
378.16	686.00
378.37	764.00
378.57	730.00
378.77	721.00
378.97	716.00
379.18	723.00
379.38	704.00
379.58	809.00
379.78	778.00
379.99	754.00
380.19	781.00
380.39	722.00
380.59	834.00
380.80	831.00
381.00	815.00
381.20	779.00
381.40	759.00
381.61	869.00
381.81	800.00
382.01	789.00
382.21	745.00
382.42	744.00
382.62	790.00
382.82	846.00
383.02	774.00
383.23	783.00
383.43	796.00
383.63	887.00
383.83	805.00
384.04	767.00
384.24	765.00
384.44	818.00
384.64	886.00
384.85	848.00
385.05	808.00
385.25	842.00
385.45	777.00
385.66	741.00
385.86	796.00
386.06	838.00
386.26	835.00
386.47	816.00
386.67	838.00
386.87	848.00
387.07	785.00
387.27	811.00
387.48	830.00
387.68	887.00
387.88	938.00
388.08	917.00
388.29	786.00
388.49	867.00
388.69	956.00
388.89	953.00
389.10	963.00
389.30	897.00
389.50	982.00
389.70	956.00
389.90	917.00
390.11	1027.00
390.31	1010.00
390.51	979.00
390.71	1022.00
390.92	968.00
391.12	1112.00
391.32	1059.00
391.52	1019.00
391.72	1099.00
391.93	1086.00
392.13	1070.00
392.33	1093.00
392.53	1075.00
392.74	1137.00
392.94	1113.00
393.14	1119.00
393.34	1251.00
393.54	1226.00
393.75	1263.00
393.95	1291.00
394.15	1317.00
394.35	1352.00
394.56	1373.00
394.76	1402.00
394.96	1386.00
395.16	1425.00
395.36	1502.00
395.57	1545.00
395.77	1473.00
395.97	1537.00
396.17	1469.00
396.37	1561.00
396.58	1641.00
396.78	1584.00
396.98	1689.00
397.18	1727.00
397.38	1668.00
397.59	1710.00
397.79	1750.00
397.99	1765.00
398.19	1894.00
398.39	1944.00
398.60	1973.00
398.80	1943.00
399.00	2022.00
399.20	2113.00
399.40	2094.00
399.61	2048.00
399.81	2004.00
400.01	2139.00
400.21	2154.00
400.41	2213.00
400.62	2196.00
400.82	2260.00
401.02	2346.00
401.22	2307.00
401.42	2390.00
401.63	2328.00
401.83	2316.00
402.03	2413.00
402.23	2449.00
402.43	2517.00
402.64	2588.00
402.84	2626.00
403.04	2656.00
403.24	2699.00
403.44	2650.00
403.64	2712.00
403.85	2785.00
404.05	2654.00
404.25	2753.00
404.45	2761.00
404.65	2810.00
404.86	2861.00
405.06	2839.00
405.26	2850.00
405.46	2849.00
405.66	2899.00
405.86	2870.00
406.07	2870.00
406.27	2853.00
406.47	2893.00
406.67	2879.00
406.87	2911.00
407.07	2957.00
407.28	2975.00
407.48	3005.00
407.68	2943.00
407.88	2944.00
408.08	2992.00
408.28	3084.00
408.49	3136.00
408.69	3049.00
408.89	2968.00
409.09	3068.00
409.29	3068.00
409.49	2918.00
409.70	3040.00
409.90	3034.00
410.10	3010.00
410.30	2996.00
410.50	3003.00
410.70	3016.00
410.91	3101.00
411.11	3061.00
411.31	2994.00
411.51	3018.00
411.71	3050.00
411.91	3176.00
412.12	3250.00
412.32	3263.00
412.52	3309.00
412.72	3269.00
412.92	3292.00
413.12	3377.00
413.32	3340.00
413.53	3316.00
413.73	3313.00
413.93	3422.00
414.13	3304.00
414.33	3342.00
414.53	3400.00
414.74	3440.00
414.94	3463.00
415.14	3438.00
415.34	3509.00
415.54	3544.00
415.74	3458.00
415.94	3669.00
416.15	3681.00
416.35	3670.00
416.55	3752.00
416.75	3759.00
416.95	3751.00
417.15	3863.00
417.35	3923.00
417.56	3952.00
417.76	3811.00
417.96	3836.00
418.16	4092.00
418.36	4042.00
418.56	4096.00
418.76	4125.00
418.97	4178.00
419.17	4240.00
419.37	4323.00
419.57	4334.00
419.77	4317.00
419.97	4489.00
420.17	4528.00
420.37	4574.00
420.58	4687.00
420.78	4704.00
420.98	4667.00
421.18	4728.00
421.38	4751.00
421.58	4729.00
421.78	4874.00
421.98	4923.00
422.19	5198.00
422.39	5181.00
422.59	5096.00
422.79	5123.00
422.99	5276.00
423.19	5361.00
423.39	5548.00
423.59	5524.00
423.80	5638.00
424.00	5684.00
424.20	5755.00
424.40	5794.00
424.60	5842.00
424.80	5925.00
425.00	5944.00
425.20	6064.00
425.40	6131.00
425.61	6177.00
425.81	6279.00
426.01	6286.00
426.21	6338.00
426.41	6314.00
426.61	6421.00
426.81	6693.00
427.01	6679.00
427.21	6711.00
427.42	6891.00
427.62	6865.00
427.82	6859.00
428.02	6932.00
428.22	7059.00
428.42	7000.00
428.62	7129.00
428.82	7140.00
429.02	7110.00
429.23	7142.00
429.43	7170.00
429.63	7298.00
429.83	7206.00
430.03	7263.00
430.23	7337.00
430.43	7345.00
430.63	7371.00
430.83	7407.00
431.03	7443.00
431.24	7519.00
431.44	7523.00
431.64	7428.00
431.84	7486.00
432.04	7530.00
432.24	7454.00
432.44	7403.00
432.64	7390.00
432.84	7515.00
433.04	7593.00
433.24	7503.00
433.45	7530.00
433.65	7511.00
433.85	7462.00
434.05	7488.00
434.25	7568.00
434.45	7531.00
434.65	7457.00
434.85	7511.00
435.05	7538.00
435.25	7402.00
435.45	7430.00
435.65	7452.00
435.86	7338.00
436.06	7329.00
436.26	7353.00
436.46	7309.00
436.66	7270.00
436.86	7277.00
437.06	7232.00
437.26	7211.00
437.46	7232.00
437.66	7177.00
437.86	7273.00
438.06	7190.00
438.26	7239.00
438.47	7186.00
438.67	7211.00
438.87	7271.00
439.07	7259.00
439.27	7283.00
439.47	7211.00
439.67	7171.00
439.87	7221.00
440.07	7342.00
440.27	7220.00
440.47	7115.00
440.67	7109.00
440.87	7317.00
441.07	7255.00
441.27	7300.00
441.48	7273.00
441.68	7225.00
441.88	7223.00
442.08	7357.00
442.28	7392.00
442.48	7370.00
442.68	7332.00
442.88	7341.00
443.08	7373.00
443.28	7476.00
443.48	7483.00
443.68	7470.00
443.88	7536.00
444.08	7602.00
444.28	7558.00
444.48	7547.00
444.68	7561.00
444.88	7672.00
445.09	7605.00
445.29	7723.00
445.49	7852.00
445.69	7913.00
445.89	7890.00
446.09	7958.00
446.29	8031.00
446.49	8002.00
446.69	8079.00
446.89	8111.00
447.09	8199.00
447.29	8279.00
447.49	8369.00
447.69	8340.00
447.89	8346.00
448.09	8453.00
448.29	8452.00
448.49	8471.00
448.69	8644.00
448.89	8715.00
449.09	8685.00
449.29	8818.00
449.49	8960.00
449.70	9000.00
449.90	9080.00
450.10	9054.00
450.30	9095.00
450.50	9270.00
450.70	9480.00
450.90	9608.00
451.10	9677.00
451.30	9518.00
451.50	9707.00
451.70	9820.00
451.90	9746.00
452.10	9929.00
452.30	10097.00
452.50	10120.00
452.70	10388.00
452.90	10421.00
453.10	10483.00
453.30	10599.00
453.50	10776.00
453.70	10822.00
453.90	10973.00
454.10	10999.00
454.30	11122.00
454.50	11186.00
454.70	11373.00
454.90	11398.00
455.10	11398.00
455.30	11495.00
455.50	11691.00
455.70	11890.00
455.90	11947.00
456.10	12109.00
456.30	12336.00
456.50	12286.00
456.70	12101.00
456.90	12322.00
457.10	12523.00
457.30	12600.00
457.50	12671.00
457.70	12761.00
457.90	12859.00
458.10	12961.00
458.30	13092.00
458.50	13061.00
458.70	13132.00
458.90	13195.00
459.10	13432.00
459.30	13428.00
459.50	13548.00
459.70	13624.00
459.90	13523.00
460.10	13524.00
460.30	13696.00
460.50	13698.00
460.70	13766.00
460.90	13797.00
461.10	13808.00
461.30	13834.00
461.50	13841.00
461.70	13845.00
461.90	13929.00
462.10	14186.00
462.30	14131.00
462.50	14018.00
462.70	14175.00
462.90	14130.00
463.10	14045.00
463.30	14089.00
463.50	14099.00
463.70	14156.00
463.90	14367.00
464.10	14244.00
464.30	14213.00
464.50	14268.00
464.70	14236.00
464.90	14213.00
465.10	14338.00
465.30	14381.00
465.50	14326.00
465.70	14176.00
465.90	14118.00
466.10	14101.00
466.30	13949.00
466.50	13887.00
466.70	13928.00
466.90	13963.00
467.10	13813.00
467.30	13773.00
467.50	13811.00
467.70	13826.00
467.90	13749.00
468.10	13551.00
468.30	13688.00
468.50	13759.00
468.70	13763.00
468.90	13647.00
469.10	13628.00
469.30	13426.00
469.50	13426.00
469.70	13499.00
469.90	13495.00
470.10	13410.00
470.30	13413.00
470.50	13375.00
470.70	13349.00
470.90	13347.00
471.10	13331.00
471.29	13292.00
471.49	13280.00
471.69	13527.00
471.89	13460.00
472.09	13343.00
472.29	13486.00
472.49	13382.00
472.69	13346.00
472.89	13462.00
473.09	13422.00
473.29	13417.00
473.49	13417.00
473.69	13379.00
473.89	13331.00
474.09	13333.00
474.29	13251.00
474.49	13188.00
474.69	13382.00
474.89	13454.00
475.09	13573.00
475.29	13512.00
475.49	13422.00
475.69	13463.00
475.88	13509.00
476.08	13586.00
476.28	13556.00
476.48	13665.00
476.68	13667.00
476.88	13546.00
477.08	13463.00
477.28	13640.00
477.48	13724.00
477.68	13817.00
477.88	13791.00
478.08	13711.00
478.28	13766.00
478.48	14078.00
478.68	13928.00
478.88	13859.00
479.08	13883.00
479.28	14035.00
479.47	14133.00
479.67	14246.00
479.87	14168.00
480.07	14386.00
480.27	14443.00
480.47	14428.00
480.67	14537.00
480.87	14568.00
481.07	14647.00
481.27	14878.00
481.47	14950.00
481.67	15141.00
481.87	15158.00
482.07	15086.00
482.27	15085.00
482.46	15303.00
482.66	15303.00
482.86	15307.00
483.06	15475.00
483.26	15597.00
483.46	15603.00
483.66	15739.00
483.86	15752.00
484.06	15831.00
484.26	16023.00
484.46	16323.00
484.66	16339.00
484.86	16412.00
485.05	16659.00
485.25	16839.00
485.45	16911.00
485.65	17155.00
485.85	17190.00
486.05	17270.00
486.25	17460.00
486.45	17696.00
486.65	17748.00
486.85	17691.00
487.05	17753.00
487.25	17918.00
487.44	17968.00
487.64	18308.00
487.84	18582.00
488.04	18876.00
488.24	18867.00
488.44	18988.00
488.64	19092.00
488.84	19117.00
489.04	19208.00
489.24	19391.00
489.43	19606.00
489.63	19746.00
489.83	20075.00
490.03	20128.00
490.23	20009.00
490.43	20185.00
490.63	20325.00
490.83	20706.00
491.03	20982.00
491.23	20965.00
491.42	21141.00
491.62	21250.00
491.82	21427.00
492.02	21495.00
492.22	21412.00
492.42	21624.00
492.62	21953.00
492.82	22162.00
493.02	22376.00
493.22	22576.00
493.41	22484.00
493.61	22495.00
493.81	22501.00
494.01	22486.00
494.21	22958.00
494.41	23350.00
494.61	23197.00
494.81	23346.00
495.01	23533.00
495.20	23591.00
495.40	23615.00
495.60	23704.00
495.80	23755.00
496.00	24052.00
496.20	24160.00
496.40	24196.00
496.60	24234.00
496.79	24083.00
496.99	24050.00
497.19	24014.00
497.39	24108.00
497.59	24395.00
497.79	24694.00
497.99	24935.00
498.19	24847.00
498.38	24734.00
498.58	24915.00
498.78	24841.00
498.98	24857.00
499.18	25028.00
499.38	25085.00
499.58	25292.00
499.78	25481.00
499.97	25313.00
500.17	25230.00
500.37	25003.00
500.57	24944.00
500.77	25009.00
500.97	25094.00
501.17	25233.00
501.37	25278.00
501.56	25384.00
501.76	25431.00
501.96	25061.00
502.16	24948.00
502.36	24739.00
502.56	24810.00
502.76	25052.00
502.95	24922.00
503.15	24782.00
503.35	24909.00
503.55	24857.00
503.75	24700.00
503.95	24799.00
504.15	24575.00
504.34	24446.00
504.54	24594.00
504.74	24554.00
504.94	24595.00
505.14	24725.00
505.34	24551.00
505.54	24427.00
505.73	24233.00
505.93	24222.00
506.13	24128.00
506.33	23981.00
506.53	24204.00
506.73	24338.00
506.92	24213.00
507.12	23980.00
507.32	23795.00
507.52	23768.00
507.72	23877.00
507.92	23869.00
508.12	23962.00
508.31	23926.00
508.51	23818.00
508.71	23778.00
508.91	23737.00
509.11	23597.00
509.31	23459.00
509.50	23531.00
509.70	23493.00
509.90	23520.00
510.10	23488.00
510.30	23533.00
510.50	23381.00
510.69	23310.00
510.89	23178.00
511.09	23258.00
511.29	23216.00
511.49	23212.00
511.69	23223.00
511.88	23323.00
512.08	23379.00
512.28	23410.00
512.48	23254.00
512.68	23299.00
512.88	23111.00
513.07	23088.00
513.27	23107.00
513.47	23147.00
513.67	23299.00
513.87	23422.00
514.06	23432.00
514.26	23227.00
514.46	23067.00
514.66	23120.00
514.86	23189.00
515.06	23194.00
515.25	23307.00
515.45	23515.00
515.65	23554.00
515.85	23378.00
516.05	23405.00
516.24	23459.00
516.44	23497.00
516.64	23433.00
516.84	23483.00
517.04	23562.00
517.23	23745.00
517.43	23998.00
517.63	23844.00
517.83	23754.00
518.03	23705.00
518.23	23869.00
518.42	23959.00
518.62	23990.00
518.82	24233.00
519.02	24360.00
519.22	24238.00
519.41	24451.00
519.61	24527.00
519.81	24466.00
520.01	24512.00
520.21	24551.00
520.40	24706.00
520.60	24819.00
520.80	24885.00
521.00	25056.00
521.20	25054.00
521.39	25233.00
521.59	25190.00
521.79	25253.00
521.99	25322.00
522.19	25453.00
522.38	25671.00
522.58	25949.00
522.78	26075.00
522.98	26329.00
523.17	26376.00
523.37	26243.00
523.57	26372.00
523.77	26516.00
523.97	26523.00
524.16	26736.00
524.36	26995.00
524.56	27122.00
524.76	27212.00
524.96	27399.00
525.15	27678.00
525.35	27806.00
525.55	27871.00
525.75	27836.00
525.94	28058.00
526.14	28249.00
526.34	28557.00
526.54	28781.00
526.74	29000.00
526.93	28897.00
527.13	29000.00
527.33	29272.00
527.53	29429.00
527.72	29662.00
527.92	29939.00
528.12	30020.00
528.32	30144.00
528.52	30368.00
528.71	30645.00
528.91	30551.00
529.11	30592.00
529.31	31088.00
529.50	31136.00
529.70	31298.00
529.90	31618.00
530.10	31698.00
530.29	31848.00
530.49	32070.00
530.69	32349.00
530.89	32545.00
531.09	32751.00
531.28	32906.00
531.48	33039.00
531.68	33188.00
531.88	33418.00
532.07	33698.00
532.27	33805.00
532.47	34015.00
532.67	34206.00
532.86	34177.00
533.06	34331.00
533.26	34683.00
533.46	34692.00
533.65	34673.00
533.85	34797.00
534.05	35234.00
534.25	35670.00
534.44	35742.00
534.64	35790.00
534.84	35712.00
535.04	35891.00
535.23	35979.00
535.43	36057.00
535.63	36341.00
535.83	36590.00
536.02	36807.00
536.22	37000.00
536.42	37029.00
536.62	36989.00
536.81	36855.00
537.01	37144.00
537.21	37388.00
537.41	37348.00
537.60	37407.00
537.80	37819.00
538.00	37972.00
538.20	38352.00
538.39	38602.00
538.59	38601.00
538.79	38429.00
538.99	38300.00
539.18	38334.00
539.38	38351.00
539.58	38583.00
539.77	38759.00
539.97	38780.00
540.17	38965.00
540.37	38990.00
540.56	38957.00
540.76	39051.00
540.96	38850.00
541.16	38715.00
541.35	38927.00
541.55	39065.00
541.75	39183.00
541.94	39425.00
542.14	39719.00
542.34	39332.00
542.54	39153.00
542.73	39263.00
542.93	39339.00
543.13	39287.00
543.33	39334.00
543.52	39335.00
543.72	39278.00
543.92	39493.00
544.11	39525.00
544.31	39533.00
544.51	39324.00
544.71	39025.00
544.90	38871.00
545.10	38936.00
545.30	39072.00
545.49	38892.00
545.69	38898.00
545.89	38891.00
546.09	38904.00
546.28	39126.00
546.48	38960.00
546.68	38781.00
546.87	38616.00
547.07	38366.00
547.27	38125.00
547.47	38076.00
547.66	38525.00
547.86	38734.00
548.06	38537.00
548.25	38419.00
548.45	38224.00
548.65	38311.00
548.84	38171.00
549.04	38076.00
549.24	38010.00
549.44	38052.00
549.63	38173.00
549.83	37961.00
550.03	37934.00
550.22	37983.00
550.42	37888.00
550.62	37704.00
550.81	37537.00
551.01	37609.00
551.21	37498.00
551.41	37114.00
551.60	37080.00
551.80	37248.00
552.00	37281.00
552.19	37221.00
552.39	37203.00
552.59	36942.00
552.78	36862.00
552.98	36586.00
553.18	36222.00
553.37	36176.00
553.57	36321.00
553.77	36407.00
553.96	36461.00
554.16	36511.00
554.36	36450.00
554.56	36324.00
554.75	36203.00
554.95	35998.00
555.15	35808.00
555.34	35647.00
555.54	35358.00
555.74	35515.00
555.93	35885.00
556.13	36090.00
556.33	35823.00
556.52	35737.00
556.72	35617.00
556.92	35323.00
557.11	35251.00
557.31	35049.00
557.51	34528.00
557.70	33950.00
557.90	33107.00
558.10	32723.00
558.29	32435.00
558.49	32004.00
558.69	31713.00
558.88	31979.00
559.08	32586.00
559.28	32792.00
559.47	32692.00
559.67	32860.00
559.87	33004.00
560.06	33021.00
560.26	33036.00
560.46	32864.00
560.65	32828.00
560.85	33074.00
561.05	33521.00
561.24	33680.00
561.44	33702.00
561.64	33798.00
561.83	33845.00
562.03	33955.00
562.23	34164.00
562.42	34417.00
562.62	34615.00
562.82	34741.00
563.01	34880.00
563.21	34768.00
563.40	34830.00
563.60	34551.00
563.80	34467.00
563.99	34630.00
564.19	34664.00
564.39	34629.00
564.58	34688.00
564.78	34932.00
564.98	34885.00
565.17	34802.00
565.37	34701.00
565.57	34756.00
565.76	34672.00
565.96	34949.00
566.16	35061.00
566.35	34981.00
566.55	35262.00
566.74	35774.00
566.94	36434.00
567.14	37027.00
567.33	37443.00
567.53	38059.00
567.73	38351.00
567.92	37933.00
568.12	37591.00
568.32	37180.00
568.51	37025.00
568.71	37290.00
568.90	37518.00
569.10	37460.00
569.30	37596.00
569.49	37586.00
569.69	37657.00
569.89	37541.00
570.08	37282.00
570.28	37242.00
570.47	36909.00
570.67	36647.00
570.87	36627.00
571.06	36893.00
571.26	36929.00
571.46	37185.00
571.65	37687.00
571.85	37851.00
572.04	37882.00
572.24	38088.00
572.44	38098.00
572.63	38161.00
572.83	37996.00
573.03	38033.00
573.22	38166.00
573.42	38375.00
573.61	38782.00
573.81	39092.00
574.01	39307.00
574.20	39313.00
574.40	39392.00
574.59	39605.00
574.79	39768.00
574.99	39759.00
575.18	39875.00
575.38	39890.00
575.58	40030.00
575.77	40578.00
575.97	40810.00
576.16	41012.00
576.36	41305.00
576.56	41477.00
576.75	41527.00
576.95	41413.00
577.14	41408.00
577.34	41413.00
577.54	41409.00
577.73	41575.00
577.93	42047.00
578.12	42466.00
578.32	42738.00
578.52	42751.00
578.71	42908.00
578.91	43074.00
579.10	43153.00
579.30	43407.00
579.50	43424.00
579.69	43354.00
579.89	43445.00
580.08	43633.00
580.28	43980.00
580.48	44610.00
580.67	44671.00
580.87	44783.00
581.06	45233.00
581.26	45400.00
581.45	45415.00
581.65	45334.00
581.85	45336.00
582.04	45365.00
582.24	45504.00
582.43	45763.00
582.63	45863.00
582.83	46128.00
583.02	46546.00
583.22	46908.00
583.41	47042.00
583.61	47309.00
583.80	47218.00
584.00	47229.00
584.20	47406.00
584.39	47335.00
584.59	47570.00
584.78	47757.00
584.98	47834.00
585.17	48141.00
585.37	48565.00
585.57	48891.00
585.76	48998.00
585.96	48911.00
586.15	49084.00
586.35	49318.00
586.54	49542.00
586.74	49639.00
586.94	49662.00
587.13	49440.00
587.33	49827.00
587.52	50345.00
587.72	50958.00
587.91	51433.00
588.11	51478.00
588.31	51711.00
588.50	51871.00
588.70	51747.00
588.89	51659.00
589.09	51943.00
589.28	51801.00
589.48	51907.00
589.68	52336.00
589.87	52537.00
590.07	52701.00
590.26	52876.00
590.46	52991.00
590.65	53140.00
590.85	53255.00
591.04	53507.00
591.24	53828.00
591.44	53762.00
591.63	53614.00
591.83	53579.00
592.02	53582.00
592.22	53912.00
592.41	54227.00
592.61	54377.00
592.80	54608.00
593.00	54737.00
593.19	55024.00
593.39	55232.00
593.59	55076.00
593.78	54844.00
593.98	54827.00
594.17	54822.00
594.37	54680.00
594.56	54736.00
594.76	55046.00
594.95	55375.00
595.15	55433.00
595.34	55528.00
595.54	55684.00
595.73	55973.00
595.93	56027.00
596.13	56007.00
596.32	55912.00
596.52	55570.00
596.71	55660.00
596.91	55629.00
597.10	55452.00
597.30	55538.00
597.49	55961.00
597.69	56332.00
597.88	56147.00
598.08	56140.00
598.27	56107.00
598.47	55986.00
598.66	55776.00
598.86	55845.00
599.06	55664.00
599.25	55437.00
599.45	55231.00
599.64	55134.00
599.84	55285.00
600.03	55026.00
600.23	55035.00
600.42	55097.00
600.62	54659.00
600.81	54397.00
601.01	54659.00
601.20	54831.00
601.40	54610.00
601.59	54286.00
601.79	53990.00
601.98	53668.00
602.18	53341.00
602.37	53161.00
602.57	52873.00
602.76	52721.00
602.96	52876.00
603.15	52912.00
603.35	52614.00
603.54	52555.00
603.74	52292.00
603.93	52034.00
604.13	51464.00
604.32	51259.00
604.52	51169.00
604.71	50914.00
604.91	50723.00
605.10	50458.00
605.30	50388.00
605.49	50598.00
605.69	50587.00
605.88	50421.00
606.08	50315.00
606.27	50150.00
606.47	49659.00
606.66	49165.00
606.86	49011.00
607.05	48676.00
607.25	48447.00
607.44	48487.00
607.64	48349.00
607.83	48085.00
608.03	47988.00
608.22	48076.00
608.42	47755.00
608.61	47413.00
608.81	47205.00
609.00	47102.00
609.20	46998.00
609.39	46819.00
609.59	46410.00
609.78	46095.00
609.98	45897.00
610.17	45659.00
610.37	45783.00
610.56	45483.00
610.76	45424.00
610.95	45450.00
611.15	45283.00
611.34	45399.00
611.54	45278.00
611.73	45184.00
611.93	44985.00
612.12	44530.00
612.32	44371.00
612.51	44137.00
612.71	43852.00
612.90	43809.00
613.09	43805.00
613.29	43615.00
613.48	43577.00
613.68	43664.00
613.87	43628.00
614.07	43635.00
614.26	43334.00
614.46	43221.00
614.65	43030.00
614.85	42868.00
615.04	42885.00
615.24	42821.00
615.43	42560.00
615.63	42605.00
615.82	42640.00
616.02	42559.00
616.21	42452.00
616.40	42372.00
616.60	42479.00
616.79	42464.00
616.99	42434.00
617.18	42450.00
617.38	42364.00
617.57	42209.00
617.77	42154.00
617.96	41747.00
618.16	41685.00
618.35	41660.00
618.54	41458.00
618.74	41359.00
618.93	41563.00
619.13	41718.00
619.32	41782.00
619.52	41785.00
619.71	41920.00
619.91	42036.00
620.10	42177.00
620.30	42127.00
620.49	42131.00
620.68	42136.00
620.88	41998.00
621.07	41888.00
621.27	41802.00
621.46	41729.00
621.66	41488.00
621.85	41725.00
622.05	41852.00
622.24	41995.00
622.43	42104.00
622.63	42302.00
622.82	42535.00
623.02	42684.00
623.21	42557.00
623.41	42496.00
623.60	42291.00
623.80	42058.00
623.99	42442.00
624.18	42518.00
624.38	42538.00
624.57	42709.00
624.77	42691.00
624.96	42905.00
625.16	43355.00
625.35	43477.00
625.54	43482.00
625.74	43585.00
625.93	43748.00
626.13	43973.00
626.32	44003.00
626.52	43887.00
626.71	43881.00
626.90	43962.00
627.10	44118.00
627.29	44136.00
627.49	44263.00
627.68	44551.00
627.88	44441.00
628.07	44555.00
628.26	44854.00
628.46	45319.00
628.65	45800.00
628.85	46107.00
629.04	46291.00
629.23	46549.00
629.43	46550.00
629.62	46320.00
629.82	46077.00
630.01	46316.00
630.21	46527.00
630.40	46617.00
630.59	46486.00
630.79	46589.00
630.98	46998.00
631.18	47347.00
631.37	47543.00
631.56	47855.00
631.76	47923.00
631.95	48231.00
632.15	48723.00
632.34	48684.00
632.53	48737.00
632.73	48898.00
632.92	48937.00
633.12	49301.00
633.31	49100.00
633.50	49059.00
633.70	49485.00
633.89	49717.00
634.09	49708.00
634.28	50070.00
634.47	50525.00
634.67	50684.00
634.86	50646.00
635.06	50940.00
635.25	51485.00
635.44	51845.00
635.64	51834.00
635.83	52039.00
636.03	52262.00
636.22	52422.00
636.41	52348.00
636.61	52347.00
636.80	52704.00
637.00	52797.00
637.19	52889.00
637.38	53150.00
637.58	53302.00
637.77	53444.00
637.96	53576.00
638.16	54121.00
638.35	54783.00
638.55	54957.00
638.74	55094.00
638.93	55336.00
639.13	55352.00
639.32	55483.00
639.51	55269.00
639.71	55333.00
639.90	55610.00
640.10	55740.00
640.29	55757.00
640.48	56012.00
640.68	56211.00
640.87	56399.00
641.07	56898.00
641.26	57221.00
641.45	57454.00
641.65	57478.00
641.84	57543.00
642.03	57539.00
642.23	57614.00
642.42	58163.00
642.61	58429.00
642.81	58645.00
643.00	59001.00
643.20	59059.00
643.39	58693.00
643.58	58487.00
643.78	58625.00
643.97	58905.00
644.16	59111.00
644.36	59183.00
644.55	59516.00
644.74	60122.00
644.94	60493.00
645.13	60468.00
645.33	60574.00
645.52	60536.00
645.71	60593.00
645.91	60628.00
646.10	60614.00
646.29	60669.00
646.49	60596.00
646.68	60480.00
646.87	60644.00
647.07	60653.00
647.26	60612.00
647.45	60884.00
647.65	61116.00
647.84	61402.00
648.03	61494.00
648.23	61656.00
648.42	61936.00
648.62	62168.00
648.81	62401.00
649.00	62441.00
649.20	62300.00
649.39	62252.00
649.58	62200.00
649.78	61895.00
649.97	61851.00
650.16	61966.00
650.36	62006.00
650.55	62072.00
650.74	62148.00
650.94	62362.00
651.13	62599.00
651.32	62543.00
651.52	62648.00
651.71	62968.00
651.90	63209.00
652.10	63238.00
652.29	63262.00
652.48	63148.00
652.68	63014.00
652.87	63146.00
653.06	62889.00
653.26	62745.00
653.45	62724.00
653.64	62563.00
653.84	62467.00
654.03	62489.00
654.22	62501.00
654.42	62346.00
654.61	62399.00
654.80	62555.00
654.99	62694.00
655.19	62812.00
655.38	62903.00
655.57	63085.00
655.77	63202.00
655.96	63191.00
656.15	62996.00
656.35	62750.00
656.54	62446.00
656.73	62053.00
656.93	61896.00
657.12	61752.00
657.31	61545.00
657.51	61499.00
657.70	61590.00
657.89	61700.00
658.09	61740.00
658.28	61777.00
658.47	61862.00
658.66	61909.00
658.86	61918.00
659.05	62056.00
659.24	62024.00
659.44	62013.00
659.63	61880.00
659.82	61711.00
660.02	61542.00
660.21	61220.00
660.40	61151.00
660.60	60936.00
660.79	60679.00
660.98	60267.00
661.17	60230.00
661.37	60118.00
661.56	60090.00
661.75	59961.00
661.95	59970.00
662.14	60155.00
662.33	60337.00
662.52	60189.00
662.72	60182.00
662.91	59975.00
663.10	59979.00
663.30	60234.00
663.49	60037.00
663.68	59843.00
663.88	59752.00
664.07	59423.00
664.26	59063.00
664.45	58680.00
664.65	58234.00
664.84	57926.00
665.03	57763.00
665.23	57444.00
665.42	57294.00
665.61	57547.00
665.80	57751.00
666.00	57681.00
666.19	57496.00
666.38	57299.00
666.57	57288.00
666.77	57401.00
666.96	57559.00
667.15	57580.00
667.35	57488.00
667.54	57220.00
667.73	56892.00
667.92	56738.00
668.12	56238.00
668.31	55638.00
668.50	55448.00
668.70	55412.00
668.89	55367.00
669.08	54987.00
669.27	54707.00
669.47	54834.00
669.66	55136.00
669.85	55182.00
670.04	55107.00
670.24	55071.00
670.43	55139.00
670.62	55294.00
670.81	55117.00
671.01	54613.00
671.20	54460.00
671.39	54440.00
671.58	54447.00
671.78	54519.00
671.97	54288.00
672.16	53926.00
672.36	53646.00
672.55	53418.00
672.74	53202.00
672.93	52794.00
673.13	52473.00
673.32	52623.00
673.51	52605.00
673.70	52359.00
673.90	52469.00
674.09	52987.00
674.28	52687.00
674.47	52837.00
674.67	52819.00
674.86	52495.00
675.05	52458.00
675.24	52308.00
675.44	52374.00
675.63	52379.00
675.82	52256.00
676.01	51991.00
676.21	51608.00
676.40	51333.00
676.59	51281.00
676.78	50974.00
676.97	50832.00
677.17	50708.00
677.36	50497.00
677.55	50443.00
677.74	50429.00
677.94	50388.00
678.13	50264.00
678.32	50310.00
678.51	50482.00
678.71	50458.00
678.90	50658.00
679.09	50600.00
679.28	50319.00
679.48	50361.00
679.67	50403.00
679.86	50309.00
680.05	50216.00
680.24	49727.00
680.44	49497.00
680.63	49319.00
680.82	48926.00
681.01	48730.00
681.21	48431.00
681.40	48295.00
681.59	48397.00
681.78	48349.00
681.97	48415.00
682.17	48363.00
682.36	48249.00
682.55	48107.00
682.74	48238.00
682.94	48402.00
683.13	48076.00
683.32	48038.00
683.51	48415.00
683.70	48517.00
683.90	48395.00
684.09	48286.00
684.28	48033.00
684.47	47964.00
684.66	47850.00
684.86	47519.00
685.05	47217.00
685.24	47239.00
685.43	47196.00
685.63	47145.00
685.82	47087.00
686.01	47138.00
686.20	47098.00
686.39	47062.00
686.59	46984.00
686.78	46822.00
686.97	46885.00
687.16	47103.00
687.35	47161.00
687.55	47160.00
687.74	47137.00
687.93	47103.00
688.12	47047.00
688.31	47145.00
688.51	47058.00
688.70	47007.00
688.89	47208.00
689.08	47096.00
689.27	47005.00
689.47	46855.00
689.66	46691.00
689.85	46588.00
690.04	46512.00
690.23	46290.00
690.42	46125.00
690.62	46081.00
690.81	45806.00
691.00	45804.00
691.19	45951.00
691.38	46079.00
691.58	46169.00
691.77	46235.00
691.96	46164.00
692.15	46210.00
692.34	46397.00
692.54	46704.00
692.73	46659.00
692.92	46762.00
693.11	46851.00
693.30	46862.00
693.49	46578.00
693.69	46169.00
693.88	46153.00
694.07	46073.00
694.26	45827.00
694.45	45621.00
694.64	45353.00
694.84	45533.00
695.03	45728.00
695.22	45689.00
695.41	45510.00
695.60	45313.00
695.80	45761.00
695.99	45870.00
696.18	45573.00
696.37	45443.00
696.56	45870.00
696.75	45988.00
696.95	45977.00
697.14	46245.00
697.33	46243.00
697.52	46249.00
697.71	46336.00
697.90	46436.00
698.09	46531.00
698.29	46663.00
698.48	46640.00
698.67	46762.00
698.86	46750.00
699.05	46644.00
699.24	46577.00
699.44	46588.00
699.63	46439.00
699.82	46397.00
700.01	46450.00
700.20	46352.00
700.39	46342.00
700.58	46610.00
700.78	46700.00
700.97	46599.00
701.16	46850.00
701.35	46891.00
701.54	46717.00
701.73	47108.00
701.93	47239.00
702.12	47577.00
702.31	47688.00
702.50	47917.00
702.69	48444.00
702.88	48727.00
703.07	48763.00
703.27	48972.00
703.46	49069.00
703.65	48906.00
703.84	48833.00
704.03	48772.00
704.22	48862.00
704.41	48841.00
704.60	48721.00
704.80	48676.00
704.99	48664.00
705.18	48683.00
705.37	48980.00
705.56	48809.00
705.75	48552.00
705.94	48778.00
706.14	48930.00
706.33	48820.00
706.52	49140.00
706.71	49756.00
706.90	50069.00
707.09	49873.00
707.28	49942.00
707.47	50252.00
707.67	50412.00
707.86	50819.00
708.05	51033.00
708.24	51001.00
708.43	51060.00
708.62	51352.00
708.81	51337.00
709.00	51334.00
709.20	51333.00
709.39	51274.00
709.58	51156.00
709.77	51397.00
709.96	51625.00
710.15	51770.00
710.34	51785.00
710.53	51572.00
710.72	51542.00
710.92	51598.00
711.11	51605.00
711.30	51523.00
711.49	51506.00
711.68	51873.00
711.87	51811.00
712.06	51977.00
712.25	52337.00
712.44	52699.00
712.64	53075.00
712.83	53325.00
713.02	53404.00
713.21	53658.00
713.40	53469.00
713.59	53695.00
713.78	53754.00
713.97	53704.00
714.16	54083.00
714.35	54210.00
714.55	54066.00
714.74	54243.00
714.93	54196.00
715.12	54139.00
715.31	54175.00
715.50	54535.00
715.69	54432.00
715.88	54156.00
716.07	54052.00
716.26	54049.00
716.45	54054.00
716.65	54104.00
716.84	54166.00
717.03	54084.00
717.22	54307.00
717.41	54353.00
717.60	54352.00
717.79	54727.00
717.98	54748.00
718.17	54797.00
718.36	54826.00
718.55	54864.00
718.75	55122.00
718.94	55326.00
719.13	55498.00
719.32	55551.00
719.51	55522.00
719.70	55489.00
719.89	55533.00
720.08	55479.00
720.27	55591.00
720.46	55735.00
720.65	55690.00
720.84	55812.00
721.03	55507.00
721.22	55302.00
721.42	55499.00
721.61	55443.00
721.80	55304.00
721.99	55178.00
722.18	54947.00
722.37	54801.00
722.56	54811.00
722.75	54716.00
722.94	54833.00
723.13	55108.00
723.32	54926.00
723.51	54751.00
723.70	54960.00
723.89	55087.00
724.08	55190.00
724.28	55399.00
724.47	55504.00
724.66	55282.00
724.85	55383.00
725.04	55543.00
725.23	55542.00
725.42	55760.00
725.61	55727.00
725.80	55494.00
725.99	55514.00
726.18	55947.00
726.37	55874.00
726.56	55825.00
726.75	55815.00
726.94	55773.00
727.13	55666.00
727.32	55435.00
727.51	55538.00
727.71	55454.00
727.90	55256.00
728.09	55237.00
728.28	54761.00
728.47	54659.00
728.66	54673.00
728.85	54704.00
729.04	54580.00
729.23	54517.00
729.42	54712.00
729.61	54675.00
729.80	54574.00
729.99	54488.00
730.18	54318.00
730.37	54186.00
730.56	54096.00
730.75	54401.00
730.94	54368.00
731.13	54217.00
731.32	54477.00
731.51	54574.00
731.70	54537.00
731.89	54504.00
732.08	54607.00
732.27	54537.00
732.46	54447.00
732.65	54423.00
732.84	54326.00
733.04	54389.00
733.23	54283.00
733.42	54130.00
733.61	53960.00
733.80	53867.00
733.99	53841.00
734.18	53716.00
734.37	53343.00
734.56	53200.00
734.75	53044.00
734.94	52737.00
735.13	52794.00
735.32	52613.00
735.51	52080.00
735.70	51978.00
735.89	52152.00
736.08	51947.00
736.27	52087.00
736.46	51956.00
736.65	51625.00
736.84	51550.00
737.03	51709.00
737.22	51770.00
737.41	51636.00
737.60	51636.00
737.79	51719.00
737.98	51808.00
738.17	51773.00
738.36	51660.00
738.55	51618.00
738.74	51545.00
738.93	51208.00
739.12	51170.00
739.31	51206.00
739.50	51001.00
739.69	50733.00
739.88	50200.00
740.07	50181.00
740.26	50363.00
740.45	50119.00
740.64	49944.00
740.83	49834.00
741.02	49755.00
741.21	49629.00
741.40	49399.00
741.59	48990.00
741.78	48801.00
741.97	48469.00
742.16	48124.00
742.35	47961.00
742.54	47843.00
742.73	47666.00
742.92	47450.00
743.11	47164.00
743.30	47220.00
743.49	47161.00
743.68	47043.00
743.87	47079.00
744.06	47110.00
744.25	47076.00
744.44	46742.00
744.63	46691.00
744.82	46781.00
745.01	46689.00
745.20	46568.00
745.39	46589.00
745.58	46461.00
745.77	46087.00
745.96	46172.00
746.15	46206.00
746.34	46134.00
746.52	46172.00
746.71	46070.00
746.90	45858.00
747.09	45713.00
747.28	45413.00
747.47	45254.00
747.66	45217.00
747.85	44969.00
748.04	44637.00
748.23	44321.00
748.42	44247.00
748.61	44093.00
748.80	43827.00
748.99	43753.00
749.18	43575.00
749.37	43279.00
749.56	42954.00
749.75	42976.00
749.94	42787.00
750.13	42661.00
750.32	42523.00
750.51	42215.00
750.70	41968.00
750.89	42004.00
751.08	41840.00
751.27	41601.00
751.46	41423.00
751.64	41328.00
751.83	41428.00
752.02	41432.00
752.21	41299.00
752.40	41440.00
752.59	41584.00
752.78	41370.00
752.97	41354.00
753.16	41172.00
753.35	41170.00
753.54	41090.00
753.73	40701.00
753.92	40671.00
754.11	40818.00
754.30	40789.00
754.49	40627.00
754.68	40614.00
754.87	40489.00
755.06	40079.00
755.24	40187.00
755.43	40113.00
755.62	39915.00
755.81	39988.00
756.00	39805.00
756.19	39395.00
756.38	39153.00
756.57	39012.00
756.76	38912.00
756.95	38779.00
757.14	38622.00
757.33	38692.00
757.52	38448.00
757.71	38212.00
757.90	38095.00
758.08	37873.00
758.27	37648.00
758.46	37738.00
758.65	37640.00
758.84	37600.00
759.03	37554.00
759.22	37380.00
759.41	37575.00
759.60	37630.00
759.79	37462.00
759.98	37141.00
760.17	37136.00
760.36	36712.00
760.54	36723.00
760.73	36661.00
760.92	36513.00
761.11	36282.00
761.30	35762.00
761.49	35068.00
761.68	34641.00
761.87	34282.00
762.06	34023.00
762.25	33615.00
762.44	33204.00
762.63	32999.00
762.81	32829.00
763.00	32288.00
763.19	31716.00
763.38	31448.00
763.57	31227.00
763.76	31168.00
763.95	31214.00
764.14	31234.00
764.33	31266.00
764.52	31246.00
764.71	31154.00
764.89	31077.00
765.08	31121.00
765.27	31229.00
765.46	31287.00
765.65	31531.00
765.84	31611.00
766.03	31384.00
766.22	31537.00
766.41	31798.00
766.59	32030.00
766.78	32438.00
766.97	32688.00
767.16	32812.00
767.35	33203.00
767.54	33505.00
767.73	33639.00
767.92	33724.00
768.11	33730.00
768.30	33781.00
768.48	34110.00
768.67	34328.00
768.86	34328.00
769.05	34405.00
769.24	34469.00
769.43	34375.00
769.62	34302.00
769.81	34568.00
769.99	34278.00
770.18	34173.00
770.37	34304.00
770.56	34105.00
770.75	34326.00
770.94	34137.00
771.13	34014.00
771.32	34194.00
771.50	34151.00
771.69	34043.00
771.88	33793.00
772.07	33767.00
772.26	33793.00
772.45	33882.00
772.64	33918.00
772.83	33698.00
773.01	33697.00
773.20	33613.00
773.39	33617.00
773.58	33471.00
773.77	33483.00
773.96	33459.00
774.15	33301.00
774.34	33095.00
774.52	33016.00
774.71	33047.00
774.90	33261.00
775.09	33099.00
775.28	32925.00
775.47	33072.00
775.66	32890.00
775.84	32791.00
776.03	32677.00
776.22	32542.00
776.41	32474.00
776.60	32403.00
776.79	32451.00
776.98	32501.00
777.16	32335.00
777.35	32237.00
777.54	32021.00
777.73	32114.00
777.92	32180.00
778.11	32024.00
778.29	31910.00
778.48	32024.00
778.67	32127.00
778.86	32146.00
779.05	31904.00
779.24	31975.00
779.43	32272.00
779.61	32237.00
779.80	32289.00
779.99	32238.00
780.18	32013.00
780.37	32180.00
780.56	32281.00
780.74	31996.00
780.93	31967.00
781.12	32215.00
781.31	32426.00
781.50	32408.00
781.69	32372.00
781.87	32537.00
782.06	32399.00
782.25	32435.00
782.44	32724.00
782.63	32448.00
782.82	32421.00
783.00	32740.00
783.19	32796.00
783.38	32528.00
783.57	32458.00
783.76	32543.00
783.95	32446.00
784.13	32482.00
784.32	32648.00
784.51	32543.00
784.70	32591.00
784.89	32683.00
785.08	32401.00
785.26	32178.00
785.45	32318.00
785.64	32385.00
785.83	32235.00
786.02	32261.00
786.20	32369.00
786.39	32331.00
786.58	32505.00
786.77	32621.00
786.96	32722.00
787.15	32688.00
787.33	32712.00
787.52	32809.00
787.71	32614.00
787.90	32541.00
788.09	32598.00
788.27	32772.00
788.46	32843.00
788.65	32981.00
788.84	32927.00
789.03	32739.00
789.21	32706.00
789.40	32893.00
789.59	33045.00
789.78	33024.00
789.97	32977.00
790.15	33247.00
790.34	33386.00
790.53	33478.00
790.72	33410.00
790.91	33372.00
791.09	33417.00
791.28	33525.00
791.47	33509.00
791.66	33419.00
791.85	33546.00
792.03	33585.00
792.22	33719.00
792.41	33854.00
792.60	33788.00
792.79	33843.00
792.97	34059.00
793.16	33920.00
793.35	33879.00
793.54	34008.00
793.72	33954.00
793.91	34006.00
794.10	34220.00
794.29	34430.00
794.48	34250.00
794.66	34281.00
794.85	34319.00
795.04	34282.00
795.23	34161.00
795.42	34281.00
795.60	34105.00
795.79	33910.00
795.98	33925.00
796.17	33870.00
796.35	34068.00
796.54	34176.00
796.73	33899.00
796.92	33600.00
797.11	33679.00
797.29	33736.00
797.48	33644.00
797.67	33817.00
797.86	33902.00
798.04	33821.00
798.23	33688.00
798.42	33480.00
798.61	33660.00
798.79	33673.00
798.98	33533.00
799.17	33604.00
799.36	33650.00
799.54	33428.00
799.73	33213.00
799.92	33355.00
800.11	33348.00
800.30	33533.00
800.48	33586.00
800.67	33569.00
800.86	33695.00
801.05	33580.00
801.23	33459.00
801.42	33421.00
801.61	33500.00
801.80	33542.00
801.98	33502.00
802.17	33597.00
802.36	33471.00
802.55	33462.00
802.73	33587.00
802.92	33615.00
803.11	33669.00
803.30	33732.00
803.48	33637.00
803.67	33683.00
803.86	33549.00
804.05	33623.00
804.23	33836.00
804.42	33904.00
804.61	33785.00
804.80	33765.00
804.98	33730.00
805.17	33842.00
805.36	33938.00
805.54	33898.00
805.73	33720.00
805.92	33585.00
806.11	33717.00
806.29	33813.00
806.48	33809.00
806.67	33956.00
806.86	33996.00
807.04	33798.00
807.23	33703.00
807.42	33677.00
807.61	33498.00
807.79	33600.00
807.98	33687.00
808.17	33740.00
808.35	33777.00
808.54	33557.00
808.73	33528.00
808.92	33643.00
809.10	33406.00
809.29	33427.00
809.48	33531.00
809.67	33512.00
809.85	33510.00
810.04	33459.00
810.23	33419.00
810.41	33217.00
810.60	33154.00
810.79	33127.00
810.98	33159.00
811.16	33325.00
811.35	33321.00
811.54	33215.00
811.72	33172.00
811.91	33081.00
812.10	33096.00
812.29	33050.00
812.47	32763.00
812.66	32752.00
812.85	32868.00
813.03	33030.00
813.22	32867.00
813.41	32613.00
813.60	32586.00
813.78	32566.00
813.97	32605.00
814.16	32744.00
814.34	32731.00
814.53	32703.00
814.72	32723.00
814.90	32554.00
815.09	32320.00
815.28	32409.00
815.47	32220.00
815.65	32428.00
815.84	32551.00
816.03	32540.00
816.21	32513.00
816.40	32582.00
816.59	32466.00
816.77	32416.00
816.96	32538.00
817.15	32537.00
817.33	32401.00
817.52	32497.00
817.71	32532.00
817.90	32633.00
818.08	32662.00
818.27	32350.00
818.46	32373.00
818.64	32548.00
818.83	32551.00
819.02	32415.00
819.20	32285.00
819.39	32374.00
819.58	32578.00
819.76	32824.00
819.95	32630.00
820.14	32552.00
820.32	32813.00
820.51	32593.00
820.70	32374.00
820.88	32585.00
821.07	32424.00
821.26	32587.00
821.44	32353.00
821.63	32241.00
821.82	32323.00
822.01	32186.00
822.19	32181.00
822.38	32258.00
822.57	32050.00
822.75	31906.00
822.94	31887.00
823.13	31848.00
823.31	31875.00
823.50	31849.00
823.69	31841.00
823.87	31871.00
824.06	31648.00
824.25	31402.00
824.43	31371.00
824.62	31507.00
824.80	31406.00
824.99	31116.00
825.18	31075.00
825.36	31037.00
825.55	31082.00
825.74	31139.00
825.92	31034.00
826.11	30973.00
826.30	30920.00
826.48	30941.00
826.67	30632.00
826.86	30855.00
827.04	30821.00
827.23	30722.00
827.42	30653.00
827.60	30408.00
827.79	30383.00
827.98	30324.00
828.16	30241.00
828.35	30177.00
828.54	30046.00
828.72	29939.00
828.91	29864.00
829.09	29691.00
829.28	29794.00
829.47	29741.00
829.65	29754.00
829.84	29854.00
830.03	29757.00
830.21	29597.00
830.40	29543.00
830.59	29477.00
830.77	29525.00
830.96	29687.00
831.14	29586.00
831.33	29370.00
831.52	29296.00
831.70	29239.00
831.89	29301.00
832.08	29209.00
832.26	28991.00
832.45	29086.00
832.64	29102.00
832.82	29046.00
833.01	29233.00
833.19	29135.00
833.38	28995.00
833.57	29189.00
833.75	29011.00
833.94	28784.00
834.13	28792.00
834.31	28817.00
834.50	28827.00
834.68	28906.00
834.87	28770.00
835.06	28626.00
835.24	28793.00
835.43	28831.00
835.61	28601.00
835.80	28719.00
835.99	28771.00
836.17	28555.00
836.36	28266.00
836.55	28483.00
836.73	28485.00
836.92	28313.00
837.10	28343.00
837.29	28319.00
837.48	28193.00
837.66	28330.00
837.85	28172.00
838.03	28283.00
838.22	28237.00
838.41	27994.00
838.59	27851.00
838.78	27930.00
838.96	27977.00
839.15	27899.00
839.34	27813.00
839.52	27719.00
839.71	27617.00
839.89	27424.00
840.08	27334.00
840.27	27300.00
840.45	27295.00
840.64	27260.00
840.82	27190.00
841.01	27061.00
841.20	27076.00
841.38	27014.00
841.57	26988.00
841.75	26791.00
841.94	26647.00
842.13	26686.00
842.31	26513.00
842.50	26342.00
842.68	26264.00
842.87	26121.00
843.05	26091.00
843.24	26130.00
843.43	25833.00
843.61	25694.00
843.80	25684.00
843.98	25543.00
844.17	25339.00
844.36	25495.00
844.54	25465.00
844.73	25218.00
844.91	25026.00
845.10	24942.00
845.28	25088.00
845.47	25176.00
845.66	25065.00
845.84	24875.00
846.03	24769.00
846.21	24758.00
846.40	24756.00
846.58	24705.00
846.77	24590.00
846.96	24564.00
847.14	24457.00
847.33	24242.00
847.51	24050.00
847.70	24069.00
847.88	24038.00
848.07	24142.00
848.25	24121.00
848.44	23941.00
848.63	23812.00
848.81	23847.00
849.00	23783.00
849.18	23683.00
849.37	23730.00
849.55	23690.00
849.74	23615.00
849.93	23519.00
850.11	23537.00
850.30	23511.00
850.48	23329.00
850.67	23392.00
850.85	23472.00
851.04	23428.00
851.22	23240.00
851.41	23120.00
851.59	23194.00
851.78	23108.00
851.97	23160.00
852.15	23152.00
852.34	23066.00
852.52	22951.00
852.71	22722.00
852.89	22712.00
853.08	22658.00
853.26	22789.00
853.45	22787.00
853.63	22611.00
853.82	22594.00
854.01	22483.00
854.19	22437.00
854.38	22428.00
854.56	22496.00
854.75	22305.00
854.93	22363.00
855.12	22427.00
855.30	22180.00
855.49	22048.00
855.67	22162.00
855.86	22216.00
856.04	22152.00
856.23	21978.00
856.41	21854.00
856.60	21901.00
856.79	21842.00
856.97	21602.00
857.16	21541.00
857.34	21425.00
857.53	21493.00
857.71	21561.00
857.90	21449.00
858.08	21298.00
858.27	21310.00
858.45	21338.00
858.64	21389.00
858.82	21418.00
859.01	21291.00
859.19	21137.00
859.38	21017.00
859.56	20929.00
859.75	20965.00
859.93	20904.00
860.12	20780.00
860.30	20712.00
860.49	20658.00
860.67	20629.00
860.86	20532.00
861.04	20472.00
861.23	20522.00
861.41	20507.00
861.60	20311.00
861.78	20294.00
861.97	20280.00
862.15	20217.00
862.34	20015.00
862.53	19921.00
862.71	19917.00
862.90	19940.00
863.08	19943.00
863.27	19950.00
863.45	19849.00
863.64	19728.00
863.82	19522.00
864.01	19589.00
864.19	19599.00
864.37	19593.00
864.56	19386.00
864.74	19267.00
864.93	19196.00
865.11	19162.00
865.30	19169.00
865.48	19131.00
865.67	19125.00
865.85	19124.00
866.04	18975.00
866.22	18844.00
866.41	18695.00
866.59	18545.00
866.78	18494.00
866.96	18557.00
867.15	18568.00
867.33	18589.00
867.52	18583.00
867.70	18513.00
867.89	18152.00
868.07	18086.00
868.26	18261.00
868.44	18165.00
868.63	17997.00
868.81	17978.00
869.00	18065.00
869.18	18072.00
869.37	17810.00
869.55	17775.00
869.74	17775.00
869.92	17653.00
870.10	17624.00
870.29	17699.00
870.47	17631.00
870.66	17676.00
870.84	17690.00
871.03	17434.00
871.21	17395.00
871.40	17445.00
871.58	17518.00
871.77	17439.00
871.95	17337.00
872.14	17175.00
872.32	17258.00
872.51	17365.00
872.69	17297.00
872.87	17193.00
873.06	17122.00
873.24	17023.00
873.43	16896.00
873.61	16804.00
873.80	16757.00
873.98	16763.00
874.17	16791.00
874.35	16854.00
874.54	16682.00
874.72	16608.00
874.90	16605.00
875.09	16657.00
875.27	16645.00
875.46	16583.00
875.64	16584.00
875.83	16484.00
876.01	16502.00
876.20	16409.00
876.38	16363.00
876.56	16470.00
876.75	16572.00
876.93	16445.00
877.12	16337.00
877.30	16422.00
877.49	16363.00
877.67	16354.00
877.86	16290.00
878.04	16241.00
878.22	16157.00
878.41	16233.00
878.59	16221.00
878.78	16033.00
878.96	16021.00
879.15	16127.00
879.33	16167.00
879.51	15998.00
879.70	16005.00
879.88	16137.00
880.07	16127.00
880.25	16013.00
880.44	16079.00
880.62	16028.00
880.80	15903.00
880.99	15964.00
881.17	16013.00
881.36	16046.00
881.54	15866.00
881.73	15847.00
881.91	15784.00
882.09	15680.00
882.28	15647.00
882.46	15679.00
882.65	15714.00
882.83	15904.00
883.02	15780.00
883.20	15574.00
883.38	15492.00
883.57	15467.00
883.75	15546.00
883.94	15612.00
884.12	15377.00
884.30	15358.00
884.49	15418.00
884.67	15415.00
884.86	15556.00
885.04	15437.00
885.22	15301.00
885.41	15223.00
885.59	15278.00
885.78	15272.00
885.96	15262.00
886.14	15266.00
886.33	15096.00
886.51	14999.00
886.70	14982.00
886.88	14927.00
887.06	14823.00
887.25	14680.00
887.43	14824.00
887.62	14991.00
887.80	14960.00
887.98	14856.00
888.17	15054.00
888.35	15108.00
888.54	14946.00
888.72	14890.00
888.90	14918.00
889.09	14963.00
889.27	14932.00
889.46	14937.00
889.64	14797.00
889.82	14839.00
890.01	14751.00
890.19	14660.00
890.38	14696.00
890.56	14735.00
890.74	14756.00
890.93	14843.00
891.11	15040.00
891.29	14958.00
891.48	14845.00
891.66	14892.00
891.85	14860.00
892.03	14656.00
892.21	14673.00
892.40	14724.00
892.58	14762.00
892.76	14820.00
892.95	14694.00
893.13	14731.00
893.32	14674.00
893.50	14763.00
893.68	14824.00
893.87	14693.00
894.05	14814.00
894.23	14737.00
894.42	14765.00
894.60	14756.00
894.79	14704.00
894.97	14721.00
895.15	14879.00
895.34	14750.00
895.52	14836.00
895.70	14944.00
895.89	14886.00
896.07	14859.00
896.25	14997.00
896.44	15060.00
896.62	15002.00
896.81	15033.00
896.99	15030.00
897.17	14931.00
897.36	14926.00
897.54	14943.00
897.72	15145.00
897.91	15169.00
898.09	14981.00
898.27	15127.00
898.46	15248.00
898.64	15126.00
898.82	15083.00
899.01	15300.00
899.19	15431.00
899.37	15402.00
899.56	15411.00
899.74	15551.00
899.92	15492.00
900.11	15341.00
900.29	15285.00
900.47	15406.00
900.66	15353.00
900.84	15452.00
901.03	15594.00
901.21	15581.00
901.39	15653.00
901.58	15665.00
901.76	15574.00
901.94	15705.00
902.13	15800.00
902.31	15682.00
902.49	15605.00
902.68	15695.00
902.86	15788.00
903.04	15896.00
903.23	15829.00
903.41	15743.00
903.59	15819.00
903.78	15872.00
903.96	15926.00
904.14	15948.00
904.32	15876.00
904.51	15894.00
904.69	15842.00
904.87	15897.00
905.06	15876.00
905.24	15886.00
905.42	16017.00
905.61	16091.00
905.79	15847.00
905.97	15976.00
906.16	16215.00
906.34	15920.00
906.52	15874.00
906.71	16029.00
906.89	16150.00
907.07	16049.00
907.26	15942.00
907.44	15891.00
907.62	16003.00
907.81	16049.00
907.99	16075.00
908.17	15981.00
908.35	16064.00
908.54	16032.00
908.72	16142.00
908.90	16179.00
909.09	16238.00
909.27	16088.00
909.45	15910.00
909.64	15895.00
909.82	16027.00
910.00	15869.00
910.18	15806.00
910.37	16003.00
910.55	15914.00
910.73	15852.00
910.92	15862.00
911.10	15725.00
911.28	15687.00
911.47	15813.00
911.65	15810.00
911.83	15847.00
912.01	15838.00
912.20	15668.00
912.38	15767.00
912.56	15761.00
912.75	15535.00
912.93	15577.00
913.11	15434.00
913.29	15578.00
913.48	15683.00
913.66	15589.00
913.84	15583.00
914.03	15517.00
914.21	15503.00
914.39	15434.00
914.57	15353.00
914.76	15218.00
914.94	15313.00
915.12	15517.00
915.31	15405.00
915.49	15219.00
915.67	15311.00
915.85	15266.00
916.04	15289.00
916.22	15326.00
916.40	15042.00
916.58	14973.00
916.77	14913.00
916.95	15050.00
917.13	15101.00
917.32	14933.00
917.50	14874.00
917.68	14909.00
917.86	14829.00
918.05	14842.00
918.23	14812.00
918.41	14851.00
918.59	14888.00
918.78	14869.00
918.96	14733.00
919.14	14568.00
919.32	14539.00
919.51	14544.00
919.69	14532.00
919.87	14509.00
920.05	14572.00
920.24	14547.00
920.42	14496.00
920.60	14424.00
920.78	14449.00
920.97	14440.00
921.15	14400.00
921.33	14302.00
921.52	14328.00
921.70	14512.00
921.88	14378.00
922.06	14160.00
922.24	14131.00
922.43	14120.00
922.61	14142.00
922.79	14099.00
922.97	14064.00
923.16	14140.00
923.34	14182.00
923.52	14019.00
923.70	14048.00
923.89	14144.00
924.07	13908.00
924.25	13993.00
924.43	14045.00
924.62	14104.00
924.80	13996.00
924.98	13796.00
925.16	13928.00
925.35	13817.00
925.53	13792.00
925.71	13768.00
925.89	13800.00
926.08	13752.00
926.26	13739.00
926.44	13554.00
926.62	13590.00
926.80	13680.00
926.99	13524.00
927.17	13414.00
927.35	13585.00
927.53	13541.00
927.72	13424.00
927.90	13306.00
928.08	13331.00
928.26	13335.00
928.44	13199.00
928.63	13304.00
928.81	13187.00
928.99	13211.00
929.17	13240.00
929.36	13135.00
929.54	13152.00
929.72	13100.00
929.90	12937.00
930.08	12856.00
930.27	12847.00
930.45	12850.00
930.63	12866.00
930.81	12771.00
930.99	12790.00
931.18	12792.00
931.36	12757.00
931.54	12753.00
931.72	12626.00
931.90	12473.00
932.09	12328.00
932.27	12337.00
932.45	12291.00
932.63	12309.00
932.81	12156.00
933.00	11988.00
933.18	11968.00
933.36	11882.00
933.54	11871.00
933.72	11856.00
933.91	11716.00
934.09	11520.00
934.27	11611.00
934.45	11527.00
934.63	11358.00
934.82	11296.00
935.00	11144.00
935.18	11046.00
935.36	10950.00
935.54	10891.00
935.73	10758.00
935.91	10610.00
936.09	10431.00
936.27	10389.00
936.45	10176.00
936.64	9959.00
936.82	9921.00
937.00	9919.00
937.18	9669.00
937.36	9526.00
937.54	9415.00
937.73	9260.00
937.91	9118.00
938.09	8929.00
938.27	8801.00
938.45	8637.00
938.63	8498.00
938.82	8455.00
939.00	8295.00
939.18	8224.00
939.36	8110.00
939.54	7967.00
939.73	8000.00
939.91	7848.00
940.09	7842.00
940.27	7721.00
940.45	7686.00
940.63	7588.00
940.82	7398.00
941.00	7421.00
941.18	7296.00
941.36	7221.00
941.54	7254.00
941.72	7119.00
941.91	6960.00
942.09	6952.00
942.27	6903.00
942.45	6943.00
942.63	6863.00
942.81	6832.00
942.99	6876.00
943.18	6854.00
943.36	6737.00
943.54	6648.00
943.72	6676.00
943.90	6718.00
944.08	6587.00
944.27	6647.00
944.45	6746.00
944.63	6742.00
944.81	6617.00
944.99	6679.00
945.17	6796.00
945.35	6725.00
945.54	6545.00
945.72	6493.00
945.90	6567.00
946.08	6602.00
946.26	6706.00
946.44	6633.00
946.62	6613.00
946.81	6713.00
946.99	6697.00
947.17	6663.00
947.35	6703.00
947.53	6720.00
947.71	6830.00
947.89	6905.00
948.07	6851.00
948.26	6815.00
948.44	6900.00
948.62	6943.00
948.80	6886.00
948.98	6875.00
949.16	6878.00
949.34	6866.00
949.53	6860.00
949.71	6987.00
949.89	6966.00
950.07	6923.00
950.25	7033.00
950.43	6932.00
950.61	6983.00
950.79	7021.00
950.98	7208.00
951.16	7198.00
951.34	7114.00
951.52	7059.00
951.70	6999.00
951.88	7114.00
952.06	7101.00
952.24	7119.00
952.42	7081.00
952.61	7010.00
952.79	6993.00
952.97	7063.00
953.15	7021.00
953.33	6948.00
953.51	6949.00
953.69	6973.00
953.87	7124.00
954.05	7085.00
954.24	7114.00
954.42	7238.00
954.60	7206.00
954.78	7202.00
954.96	7100.00
955.14	7073.00
955.32	7059.00
955.50	7183.00
955.68	7181.00
955.86	7124.00
956.05	7136.00
956.23	7230.00
956.41	7131.00
956.59	7173.00
956.77	7180.00
956.95	7192.00
957.13	7185.00
957.31	7311.00
957.49	7348.00
957.67	7338.00
957.86	7396.00
958.04	7316.00
958.22	7319.00
958.40	7326.00
958.58	7353.00
958.76	7276.00
958.94	7186.00
959.12	7209.00
959.30	7259.00
959.48	7273.00
959.66	7174.00
959.84	7151.00
960.03	7189.00
960.21	7233.00
960.39	7211.00
960.57	7127.00
960.75	7078.00
960.93	7073.00
961.11	7064.00
961.29	7013.00
961.47	7108.00
961.65	7165.00
961.83	7079.00
962.01	7008.00
962.19	7003.00
962.37	7026.00
962.56	6969.00
962.74	6961.00
962.92	6944.00
963.10	6972.00
963.28	6949.00
963.46	6979.00
963.64	6973.00
963.82	7066.00
964.00	7072.00
964.18	7033.00
964.36	6962.00
964.54	6978.00
964.72	7011.00
964.90	6988.00
965.08	6883.00
965.27	6947.00
965.45	6961.00
965.63	6997.00
965.81	6992.00
965.99	6900.00
966.17	6866.00
966.35	6853.00
966.53	6895.00
966.71	6862.00
966.89	6838.00
967.07	6753.00
967.25	6772.00
967.43	6839.00
967.61	6837.00
967.79	6789.00
967.97	6863.00
968.15	6790.00
968.33	6680.00
968.51	6770.00
968.69	6788.00
968.87	6774.00
969.06	6701.00
969.24	6610.00
969.42	6535.00
969.60	6566.00
969.78	6545.00
969.96	6627.00
970.14	6551.00
970.32	6535.00
970.50	6497.00
970.68	6456.00
970.86	6495.00
971.04	6464.00
971.22	6418.00
971.40	6453.00
971.58	6398.00
971.76	6345.00
971.94	6320.00
972.12	6293.00
972.30	6333.00
972.48	6365.00
972.66	6258.00
972.84	6242.00
973.02	6283.00
973.20	6138.00
973.38	5977.00
973.56	6095.00
973.74	6073.00
973.92	6076.00
974.10	6117.00
974.28	6080.00
974.46	6020.00
974.64	5879.00
974.82	5986.00
975.00	5923.00
975.18	5810.00
975.36	5840.00
975.54	5798.00
975.72	5783.00
975.90	5837.00
976.08	5825.00
976.26	5752.00
976.44	5857.00
976.62	5759.00
976.80	5783.00
976.98	5706.00
977.16	5584.00
977.34	5607.00
977.52	5640.00
977.70	5703.00
977.88	5617.00
978.06	5574.00
978.24	5627.00
978.42	5456.00
978.60	5566.00
978.78	5594.00
978.96	5549.00
979.14	5517.00
979.32	5506.00
979.50	5465.00
979.68	5449.00
979.86	5467.00
980.04	5415.00
980.22	5475.00
980.40	5440.00
980.58	5472.00
980.76	5431.00
980.94	5379.00
981.12	5319.00
981.30	5324.00
981.48	5258.00
981.66	5219.00
981.84	5306.00
982.02	5270.00
982.20	5230.00
982.38	5235.00
982.56	5252.00
982.74	5217.00
982.92	5223.00
983.10	5151.00
983.28	5084.00
983.46	5206.00
983.64	5134.00
983.82	5057.00
984.00	5154.00
984.18	5086.00
984.36	5051.00
984.54	5005.00
984.72	5024.00
984.90	4923.00
985.08	4909.00
985.26	4947.00
985.44	4993.00
985.62	5000.00
985.80	4930.00
985.98	4852.00
986.16	4807.00
986.34	4753.00
986.51	4762.00
986.69	4809.00
986.87	4654.00
987.05	4635.00
987.23	4745.00
987.41	4639.00
987.59	4531.00
987.77	4597.00
987.95	4528.00
988.13	4464.00
988.31	4518.00
988.49	4507.00
988.67	4522.00
988.85	4454.00
989.03	4374.00
989.21	4439.00
989.39	4490.00
989.57	4401.00
989.75	4321.00
989.93	4301.00
990.11	4343.00
990.28	4339.00
990.46	4378.00
990.64	4332.00
990.82	4329.00
991.00	4289.00
991.18	4162.00
991.36	4255.00
991.54	4250.00
991.72	4184.00
991.90	4169.00
992.08	4197.00
992.26	4243.00
992.44	4201.00
992.62	4110.00
992.80	4108.00
992.98	4063.00
993.15	4033.00
993.33	4088.00
993.51	4113.00
993.69	4106.00
993.87	4067.00
994.05	4074.00
994.23	4000.00
994.41	3919.00
994.59	3913.00
994.77	3972.00
994.95	3955.00
995.13	3934.00
995.31	3962.00
995.48	3973.00
995.66	4006.00
995.84	3938.00
996.02	3797.00
996.20	3755.00
996.38	3708.00
996.56	3709.00
996.74	3741.00
996.92	3814.00
997.10	3681.00
997.28	3672.00
997.46	3720.00
997.63	3695.00
997.81	3609.00
997.99	3575.00
998.17	3606.00
998.35	3608.00
998.53	3555.00
998.71	3544.00
998.89	3552.00
999.07	3539.00
999.25	3566.00
999.43	3552.00
999.60	3428.00
999.78	3416.00
999.96	3452.00
1000.14	3487.00
1000.32	3378.00
1000.50	3364.00
1000.68	3356.00
1000.86	3358.00
1001.04	3338.00
1001.21	3301.00
1001.39	3362.00
1001.57	3352.00
1001.75	3369.00
1001.93	3329.00
1002.11	3371.00
1002.29	3317.00
1002.47	3284.00
1002.65	3314.00
1002.82	3308.00
1003.00	3268.00
1003.18	3294.00
1003.36	3256.00
1003.54	3177.00
1003.72	3162.00
1003.90	3232.00
1004.08	3173.00
1004.26	3158.00
1004.43	3204.00
1004.61	3185.00
1004.79	3084.00
1004.97	3126.00
1005.15	2979.00
1005.33	3044.00
1005.51	3098.00
1005.69	3114.00
1005.86	3089.00
1006.04	3081.00
1006.22	3084.00
1006.40	3173.00
1006.58	3099.00
1006.76	3041.00
1006.94	3048.00
1007.12	3016.00
1007.29	3080.00
1007.47	2989.00
1007.65	2928.00
1007.83	2932.00
1008.01	2928.00
1008.19	2900.00
1008.37	2924.00
1008.54	2856.00
1008.72	2842.00
1008.90	2798.00
1009.08	2762.00
1009.26	2772.00
1009.44	2748.00
1009.62	2739.00
1009.79	2807.00
1009.97	2771.00
1010.15	2686.00
1010.33	2758.00
1010.51	2858.00
1010.69	2825.00
1010.87	2765.00
1011.04	2739.00
1011.22	2611.00
1011.40	2597.00
1011.58	2612.00
1011.76	2648.00
1011.94	2673.00
1012.11	2648.00
1012.29	2568.00
1012.47	2580.00
1012.65	2598.00
1012.83	2566.00
1013.01	2522.00
1013.18	2578.00
1013.36	2586.00
1013.54	2517.00
1013.72	2525.00
1013.90	2533.00
1014.08	2523.00
1014.25	2559.00
1014.43	2525.00
1014.61	2457.00
1014.79	2473.00
1014.97	2517.00
1015.15	2536.00
1015.32	2444.00
1015.50	2455.00
1015.68	2409.00
1015.86	2404.00
1016.04	2360.00
1016.22	2372.00
1016.39	2369.00
1016.57	2406.00
1016.75	2310.00
1016.93	2278.00
1017.11	2296.00
1017.29	2308.00
1017.46	2243.00
1017.64	2249.00
1017.82	2311.00
1018.00	2316.00
1018.18	2314.00
1018.35	2242.00
1018.53	2196.00
1018.71	2278.00
1018.89	2316.00
1019.07	2247.00
1019.24	2193.00
1019.42	2142.00
1019.60	2167.00
1019.78	2120.00
1019.96	2133.00
1020.14	2117.00
1020.31	2089.00
1020.49	2114.00
1020.67	2110.00
1020.85	2135.00
1021.03	2122.00
1021.20	2106.00
1021.38	2009.00
1021.56	2009.00
1021.74	2059.00
1021.92	2093.00
1022.09	2123.00
1022.27	2059.00
1022.45	1992.00
1022.63	2024.00
1022.81	1986.00
1022.98	1941.00
1023.16	1903.00
1023.34	1970.00
1023.52	2006.00
1023.69	2029.00
1023.87	1995.00
1024.05	2024.00
1024.23	2009.00
1024.41	2065.00
1024.58	1953.00
1024.76	1934.00
1024.94	1968.00
1025.12	1976.00
1025.30	1972.00
1025.47	1911.00
1025.65	1959.00
1025.83	1946.00
1026.01	1974.00
1026.18	2010.00
1026.36	1973.00
1026.54	1883.00
1026.72	1871.00
1026.90	1933.00
1027.07	1903.00
1027.25	1848.00
1027.43	1861.00
1027.61	1790.00
1027.78	1829.00
1027.96	1766.00
1028.14	1726.00
1028.32	1708.00
1028.49	1751.00
1028.67	1823.00
1028.85	1795.00
1029.03	1785.00
1029.21	1778.00
1029.38	1773.00
1029.56	1839.00
1029.74	1778.00
1029.92	1693.00
1030.09	1611.00
1030.27	1697.00
1030.45	1709.00
1030.63	1703.00
1030.80	1650.00
1030.98	1638.00
1031.16	1657.00
1031.34	1726.00
1031.51	1681.00
1031.69	1611.00
1031.87	1647.00
1032.05	1696.00
1032.22	1707.00
1032.40	1589.00
1032.58	1671.00
1032.76	1589.00
1032.93	1584.00
1033.11	1591.00
1033.29	1598.00
1033.47	1520.00
1033.64	1604.00
1033.82	1614.00
1034.00	1554.00
1034.18	1575.00
1034.35	1560.00
1034.53	1542.00
1034.71	1537.00
1034.89	1597.00
1035.06	1590.00
1035.24	1600.00
1035.42	1473.00
1035.59	1502.00
1035.77	1539.00
1035.95	1467.00
1036.13	1496.00
1036.30	1534.00
1036.48	1541.00
1036.66	1518.00
1036.84	1491.00
1037.01	1460.00
1037.19	1491.00
1037.37	1472.00
1037.54	1437.00
1037.72	1468.00
1037.90	1522.00
1038.08	1485.00
1038.25	1434.00
1038.43	1460.00
1038.61	1484.00
1038.79	1417.00
1038.96	1380.00
1039.14	1377.00
1039.32	1410.00
1039.49	1376.00
1039.67	1367.00
1039.85	1398.00
1040.03	1382.00
1040.20	1389.00
1040.38	1358.00
1040.56	1374.00
1040.73	1373.00
1040.91	1273.00
1041.09	1297.00
1041.27	1359.00
1041.44	1325.00
1041.62	1369.00
1041.80	1402.00
1041.97	1344.00
1042.15	1366.00
1042.33	1354.00
1042.50	1359.00
1042.68	1281.00
1042.86	1300.00
1043.04	1263.00
1043.21	1341.00
1043.39	1324.00
1043.57	1256.00
1043.74	1212.00
1043.92	1246.00
1044.10	1298.00
1044.27	1288.00
1044.45	1304.00
1044.63	1272.00
1044.80	1255.00
1044.98	1251.00
1045.16	1182.00
1045.34	1220.00
1045.51	1230.00
1045.69	1225.00
1045.87	1257.00
1046.04	1199.00
1046.22	1236.00
1046.40	1215.00
1046.57	1163.00
1046.75	1166.00
1046.93	1200.00
1047.10	1132.00
1047.28	1212.00
1047.46	1185.00
1047.63	1163.00
1047.81	1098.00
1047.99	1074.00
1048.16	1136.00
1048.34	1234.00
1048.52	1254.00
1048.69	1211.00
1048.87	1123.00
1049.05	1134.00
1049.22	1143.00
1049.40	1115.00
1049.58	1135.00
1049.75	1125.00
1049.93	1123.00
1050.11	1077.00
1050.28	1116.00
1050.46	1114.00
1050.64	1082.00
1050.81	1007.00
1050.99	1047.00
1051.17	1178.00
1051.34	1185.00
1051.52	1075.00
1051.70	1106.00
1051.87	1193.00
1052.05	1181.00
1052.23	1052.00
1052.40	1028.00
1052.58	1029.00
1052.76	1049.00
1052.93	988.00
1053.11	992.00
1053.29	1062.00
1053.46	1077.00
1053.64	986.00
1053.82	1030.00
1053.99	1086.00
1054.17	1023.00
1054.35	987.00
1054.52	1001.00
1054.70	989.00
1054.87	1063.00
1055.05	1032.00
1055.23	1032.00
1055.40	1038.00
1055.58	992.00
1055.76	982.00
1055.93	972.00
1056.11	1042.00
1056.29	975.00
1056.46	922.00
1056.64	971.00
1056.81	1008.00
1056.99	941.00
1057.17	937.00
1057.34	1045.00
1057.52	966.00
1057.70	860.00
1057.87	891.00
1058.05	909.00
1058.22	887.00
1058.40	959.00
1058.58	1028.00
1058.75	968.00
1058.93	901.00
1059.11	919.00
1059.28	867.00
1059.46	912.00
1059.63	918.00
1059.81	922.00
1059.99	914.00
1060.16	855.00
1060.34	846.00
1060.52	941.00
1060.69	961.00
1060.87	957.00
1061.04	874.00
1061.22	827.00
