367.62	-98.00
367.82	-13.00
368.02	-63.00
368.23	-71.00
368.43	-102.00
368.63	-91.00
368.83	-75.00
369.04	-23.00
369.24	-74.00
369.44	-23.00
369.65	-91.00
369.85	-65.00
370.05	-109.00
370.25	-105.00
370.46	-95.00
370.66	-117.00
370.86	-111.00
371.07	-71.00
371.27	-89.00
371.47	-65.00
371.67	-55.00
371.88	-121.00
372.08	-67.00
372.28	-115.00
372.49	-33.00
372.69	-55.00
372.89	-41.00
373.09	-48.00
373.30	-50.00
373.50	-55.00
373.70	-57.00
373.91	-12.00
374.11	-68.00
374.31	-107.00
374.51	-96.00
374.72	-148.00
374.92	-88.00
375.12	-40.00
375.33	-64.00
375.53	-96.00
375.73	-136.00
375.93	-8.00
376.14	-52.00
376.34	-76.00
376.54	-46.00
376.74	-130.00
376.95	-32.00
377.15	-50.00
377.35	-108.00
377.55	-77.00
377.76	-59.00
377.96	-72.00
378.16	-113.00
378.37	-34.00
378.57	-51.00
378.77	-16.00
378.97	-32.00
379.18	-16.00
379.38	-109.00
379.58	-68.00
379.78	-68.00
379.99	-96.00
380.19	-80.00
380.39	-88.00
380.59	-28.00
380.80	-80.00
381.00	-86.00
381.20	-70.00
381.40	-44.00
381.61	4.00
381.81	-66.00
382.01	-25.00
382.21	-95.00
382.42	-152.00
382.62	-126.00
382.82	-51.00
383.02	-89.00
383.23	-83.00
383.43	-78.00
383.63	-61.00
383.83	-111.00
384.04	-96.00
384.24	-152.00
384.44	-123.00
384.64	-92.00
384.85	-40.00
385.05	-76.00
385.25	-80.00
385.45	-142.00
385.66	-134.00
385.86	-92.00
386.06	-70.00
386.26	-56.00
386.47	-89.00
386.67	-97.00
386.87	-66.00
387.07	-61.00
387.27	-68.00
387.48	-69.00
387.68	-83.00
387.88	-69.00
388.08	-48.00
388.29	-100.00
388.49	-86.00
388.69	-19.00
388.89	-8.00
389.10	4.00
389.30	-76.00
389.50	-37.00
389.70	-72.00
389.90	-102.00
390.11	30.00
390.31	-12.00
390.51	-48.00
390.71	-2.00
390.92	-25.00
391.12	-31.00
391.32	-122.00
391.52	-154.00
391.72	-37.00
391.93	-71.00
392.13	-58.00
392.33	-81.00
392.53	-113.00
392.74	-63.00
392.94	-59.00
393.14	-43.00
393.34	-32.00
393.54	-94.00
393.75	-65.00
393.95	-45.00
394.15	-76.00
394.35	-82.00
394.56	-107.00
394.76	-80.00
394.96	-42.00
395.16	-56.00
395.36	-65.00
395.57	-13.00
395.77	-84.00
395.97	-97.00
396.17	-74.00
396.37	-67.00
396.58	-120.00
396.78	-126.00
396.98	-6.00
397.18	7.00
397.38	-34.00
397.59	-84.00
397.79	-95.00
397.99	-143.00
398.19	-116.00
398.39	-97.00
398.60	-78.00
398.80	-59.00
399.00	-26.00
399.20	-32.00
399.40	-48.00
399.61	-99.00
399.81	-87.00
400.01	-39.00
400.21	-44.00
400.41	-78.00
400.62	-79.00
400.82	-25.00
401.02	-23.00
401.22	-124.00
401.42	-129.00
401.63	-115.00
401.83	-132.00
402.03	-54.00
402.23	-114.00
402.43	-93.00
402.64	-52.00
402.84	-58.00
403.04	-91.00
403.24	-97.00
403.44	-123.00
403.64	-38.00
403.85	-19.00
404.05	-73.00
404.25	-65.00
404.45	-23.00
404.65	-41.00
404.86	-31.00
405.06	-52.00
405.26	-19.00
405.46	-23.00
405.66	-37.00
405.86	-86.00
406.07	16.00
406.27	-28.00
406.47	19.00
406.67	-45.00
406.87	-87.00
407.07	-86.00
407.28	-56.00
407.48	-32.00
407.68	-45.00
407.88	-105.00
408.08	-25.00
408.28	-4.00
408.49	18.00
408.69	-23.00
408.89	-20.00
409.09	14.00
409.29	6.00
409.49	-55.00
409.70	10.00
409.90	-26.00
410.10	-105.00
410.30	-27.00
410.50	-47.00
410.70	-57.00
410.91	-25.00
411.11	-57.00
411.31	-71.00
411.51	-69.00
411.71	-33.00
411.91	-53.00
412.12	-105.00
412.32	-97.00
412.52	17.00
412.72	-7.00
412.92	1.00
413.12	4.00
413.32	-40.00
413.53	8.00
413.73	-65.00
413.93	-67.00
414.13	-96.00
414.33	-32.00
414.53	-68.00
414.74	-89.00
414.94	-71.00
415.14	-88.00
415.34	-64.00
415.54	-24.00
415.74	-80.00
415.94	-56.00
416.15	-32.00
416.35	-36.00
416.55	-46.00
416.75	-30.00
416.95	-50.00
417.15	-54.00
417.35	-14.00
417.56	-1.00
417.76	-13.00
417.96	-93.00
418.16	13.00
418.36	-1.00
418.56	-40.00
418.76	-43.00
418.97	-29.00
419.17	-19.00
419.37	-25.00
419.57	-40.00
419.77	-59.00
419.97	3.00
420.17	12.00
420.37	16.00
420.58	-20.00
420.78	-68.00
420.98	-34.00
421.18	-58.00
421.38	-70.00
421.58	-56.00
421.78	-52.00
421.98	-83.00
422.19	-63.00
422.39	-75.00
422.59	-102.00
422.79	-108.00
422.99	-61.00
423.19	-68.00
423.39	4.00
423.59	-87.00
423.80	-58.00
424.00	-7.00
424.20	-20.00
424.40	-32.00
424.60	-16.00
424.80	-1.00
425.00	-75.00
425.20	36.00
425.40	14.00
425.61	-46.00
425.81	-18.00
426.01	-26.00
426.21	-66.00
426.41	-63.00
426.61	-1.00
426.81	7.00
427.01	-21.00
427.21	1.00
427.42	26.00
427.62	-30.00
427.82	-64.00
428.02	-94.00
428.22	-50.00
428.42	-111.00
428.62	17.00
428.82	-26.00
429.02	-87.00
429.23	-29.00
429.43	-39.00
429.63	-28.00
429.83	-111.00
430.03	-101.00
430.23	-90.00
430.43	-24.00
430.63	-108.00
430.83	-87.00
431.03	-27.00
431.24	-7.00
431.44	-12.00
431.64	-8.00
431.84	-71.00
432.04	-55.00
432.24	-79.00
432.44	-64.00
432.64	-28.00
432.84	25.00
433.04	11.00
433.24	-44.00
433.45	-68.00
433.65	-52.00
433.85	-41.00
434.05	-69.00
434.25	-14.00
434.45	-22.00
434.65	-66.00
434.85	-11.00
435.05	-37.00
435.25	-89.00
435.45	-87.00
435.65	-7.00
435.86	-25.00
436.06	43.00
436.26	8.00
436.46	7.00
436.66	-53.00
436.86	-99.00
437.06	-55.00
437.26	-50.00
437.46	-49.00
437.66	-48.00
437.86	21.00
438.06	-51.00
438.26	-33.00
438.47	7.00
438.67	10.00
438.87	-75.00
439.07	-89.00
439.27	-25.00
439.47	-55.00
439.67	-57.00
439.87	-20.00
440.07	-16.00
440.27	-66.00
440.47	-76.00
440.67	-91.00
440.87	28.00
441.07	-42.00
441.27	-47.00
441.48	-24.00
441.68	47.00
441.88	-52.00
442.08	-27.00
442.28	-15.00
442.48	-48.00
442.68	-81.00
442.88	-64.00
443.08	-15.00
443.28	-10.00
443.48	-106.00
443.68	-33.00
443.88	-16.00
444.08	-62.00
444.28	-77.00
444.48	-93.00
444.68	-77.00
444.88	-68.00
445.09	-93.00
445.29	-22.00
445.49	-42.00
445.69	-28.00
445.89	32.00
446.09	-73.00
446.29	-41.00
446.49	3.00
446.69	-2.00
446.89	0.00
447.09	-72.00
447.29	-33.00
447.49	55.00
447.69	-39.00
447.89	-70.00
448.09	-58.00
448.29	-30.00
448.49	-44.00
448.69	-82.00
448.89	-109.00
449.09	-89.00
449.29	29.00
449.49	58.00
449.70	23.00
449.90	-14.00
450.10	-13.00
450.30	-50.00
450.50	-47.00
450.70	-5.00
450.90	9.00
451.10	41.00
451.30	-41.00
451.50	-75.00
451.70	-71.00
451.90	-25.00
452.10	7.00
452.30	53.00
452.50	1.00
452.70	-9.00
452.90	-66.00
453.10	-36.00
453.30	-31.00
453.50	-25.00
453.70	-31.00
453.90	7.00
454.10	-28.00
454.30	-39.00
454.50	-9.00
454.70	25.00
454.90	61.00
455.10	24.00
455.30	-5.00
455.50	-8.00
455.70	-24.00
455.90	52.00
456.10	28.00
456.30	-2.00
456.50	62.00
456.70	12.00
456.90	2.00
457.10	22.00
457.30	-29.00
457.50	-57.00
457.70	-56.00
457.90	53.00
458.10	59.00
458.30	44.00
458.50	-21.00
458.70	24.00
458.90	-10.00
459.10	-51.00
459.30	-30.00
459.50	39.00
459.70	36.00
459.90	-63.00
460.10	-36.00
460.30	15.00
460.50	-68.00
460.70	-10.00
460.90	46.00
461.10	20.00
461.30	-8.00
461.50	-52.00
461.70	-45.00
461.90	25.00
462.10	74.00
462.30	116.00
462.50	76.00
462.70	64.00
462.90	42.00
463.10	39.00
463.30	106.00
463.50	66.00
463.70	-18.00
463.90	47.00
464.10	11.00
464.30	9.00
464.50	95.00
464.70	73.00
464.90	97.00
465.10	-38.00
465.30	-51.00
465.50	-8.00
465.70	-54.00
465.90	10.00
466.10	71.00
466.30	7.00
466.50	10.00
466.70	-67.00
466.90	-27.00
467.10	2.00
467.30	22.00
467.50	91.00
467.70	42.00
467.90	0.00
468.10	-9.00
468.30	45.00
468.50	-23.00
468.70	-19.00
468.90	46.00
469.10	36.00
469.30	-30.00
469.50	7.00
469.70	-22.00
469.90	21.00
470.10	52.00
470.30	-27.00
470.50	19.00
470.70	5.00
470.90	-108.00
471.10	-76.00
471.29	-8.00
471.49	-28.00
471.69	-7.00
471.89	-34.00
472.09	12.00
472.29	14.00
472.49	-14.00
472.69	-41.00
472.89	33.00
473.09	36.00
473.29	5.00
473.49	-13.00
473.69	25.00
473.89	27.00
474.09	-18.00
474.29	-43.00
474.49	-3.00
474.69	1.00
474.89	4.00
475.09	19.00
475.29	41.00
475.49	-35.00
475.69	-25.00
475.88	56.00
476.08	91.00
476.28	6.00
476.48	-20.00
476.68	25.00
476.88	-12.00
477.08	-93.00
477.28	-19.00
477.48	-50.00
477.68	-48.00
477.88	24.00
478.08	-5.00
478.28	-70.00
478.48	45.00
478.68	-44.00
478.88	-34.00
479.08	43.00
479.28	43.00
479.47	68.00
479.67	78.00
479.87	-101.00
480.07	-84.00
480.27	-45.00
480.47	34.00
480.67	7.00
480.87	-20.00
481.07	-6.00
481.27	26.00
481.47	-27.00
481.67	32.00
481.87	-10.00
482.07	-39.00
482.27	-49.00
482.46	13.00
482.66	-18.00
482.86	11.00
483.06	47.00
483.26	-8.00
483.46	28.00
483.66	27.00
483.86	18.00
484.06	43.00
484.26	42.00
484.46	20.00
484.66	19.00
484.86	25.00
485.05	63.00
485.25	39.00
485.45	-44.00
485.65	29.00
485.85	77.00
486.05	74.00
486.25	20.00
486.45	28.00
486.65	79.00
486.85	73.00
487.05	81.00
487.25	72.00
487.44	26.00
487.64	62.00
487.84	41.00
488.04	84.00
488.24	14.00
488.44	37.00
488.64	63.00
488.84	6.00
489.04	20.00
489.24	17.00
489.43	9.00
489.63	94.00
489.83	141.00
490.03	54.00
490.23	10.00
490.43	110.00
490.63	87.00
490.83	57.00
491.03	85.00
491.23	63.00
491.42	13.00
491.62	91.00
491.82	71.00
492.02	13.00
492.22	65.00
492.42	50.00
492.62	132.00
492.82	162.00
493.02	115.00
493.22	148.00
493.41	69.00
493.61	-4.00
493.81	-13.00
494.01	-22.00
494.21	22.00
494.41	55.00
494.61	40.00
494.81	27.00
495.01	37.00
495.20	83.00
495.40	43.00
495.60	60.00
495.80	98.00
496.00	190.00
496.20	70.00
496.40	42.00
496.60	124.00
496.79	81.00
496.99	53.00
497.19	81.00
497.39	73.00
497.59	96.00
497.79	117.00
497.99	85.00
498.19	101.00
498.38	93.00
498.58	82.00
498.78	160.00
498.98	18.00
499.18	59.00
499.38	126.00
499.58	93.00
499.78	140.00
499.97	117.00
500.17	83.00
500.37	101.00
500.57	54.00
500.77	16.00
500.97	42.00
501.17	121.00
501.37	37.00
501.56	51.00
501.76	128.00
501.96	59.00
502.16	6.00
502.36	70.00
502.56	123.00
502.76	60.00
502.95	75.00
503.15	61.00
503.35	51.00
503.55	13.00
503.75	-10.00
503.95	123.00
504.15	143.00
504.34	63.00
504.54	74.00
504.74	37.00
504.94	85.00
505.14	71.00
505.34	-7.00
505.54	117.00
505.73	77.00
505.93	95.00
506.13	73.00
506.33	78.00
506.53	143.00
506.73	74.00
506.92	68.00
507.12	94.00
507.32	15.00
507.52	92.00
507.72	135.00
507.92	42.00
508.12	83.00
508.31	72.00
508.51	102.00
508.71	137.00
508.91	69.00
509.11	116.00
509.31	104.00
509.50	129.00
509.70	70.00
509.90	72.00
510.10	42.00
510.30	112.00
510.50	86.00
510.69	51.00
510.89	44.00
511.09	145.00
511.29	122.00
511.49	175.00
511.69	127.00
511.88	140.00
512.08	107.00
512.28	101.00
512.48	89.00
512.68	191.00
512.88	60.00
513.07	76.00
513.27	149.00
513.47	126.00
513.67	135.00
513.87	80.00
514.06	10.00
514.26	60.00
514.46	67.00
514.66	118.00
514.86	118.00
515.06	85.00
515.25	136.00
515.45	109.00
515.65	149.00
515.85	131.00
516.05	120.00
516.24	110.00
516.44	82.00
516.64	36.00
516.84	31.00
517.04	54.00
517.23	65.00
517.43	147.00
517.63	90.00
517.83	106.00
518.03	97.00
518.23	81.00
518.42	84.00
518.62	101.00
518.82	87.00
519.02	132.00
519.22	110.00
519.41	74.00
519.61	122.00
519.81	85.00
520.01	84.00
520.21	101.00
520.40	195.00
520.60	133.00
520.80	99.00
521.00	96.00
521.20	59.00
521.39	140.00
521.59	127.00
521.79	136.00
521.99	172.00
522.19	177.00
522.38	100.00
522.58	167.00
522.78	198.00
522.98	148.00
523.17	82.00
523.37	156.00
523.57	107.00
523.77	73.00
523.97	82.00
524.16	119.00
524.36	146.00
524.56	69.00
524.76	54.00
524.96	129.00
525.15	126.00
525.35	115.00
525.55	56.00
525.75	115.00
525.94	255.00
526.14	159.00
526.34	188.00
526.54	98.00
526.74	100.00
526.93	141.00
527.13	115.00
527.33	180.00
527.53	233.00
527.72	190.00
527.92	119.00
528.12	111.00
528.32	70.00
528.52	214.00
528.71	175.00
528.91	197.00
529.11	201.00
529.31	251.00
529.50	167.00
529.70	173.00
529.90	223.00
530.10	233.00
530.29	242.00
530.49	209.00
530.69	209.00
530.89	217.00
531.09	209.00
531.28	131.00
531.48	161.00
531.68	136.00
531.88	166.00
532.07	151.00
532.27	193.00
532.47	246.00
532.67	192.00
532.86	211.00
533.06	216.00
533.26	247.00
533.46	229.00
533.65	198.00
533.85	160.00
534.05	204.00
534.25	206.00
534.44	212.00
534.64	257.00
534.84	284.00
535.04	302.00
535.23	269.00
535.43	292.00
535.63	290.00
535.83	196.00
536.02	173.00
536.22	263.00
536.42	264.00
536.62	265.00
536.81	284.00
537.01	393.00
537.21	290.00
537.41	266.00
537.60	321.00
537.80	288.00
538.00	266.00
538.20	277.00
538.39	329.00
538.59	296.00
538.79	284.00
538.99	345.00
539.18	298.00
539.38	250.00
539.58	286.00
539.77	360.00
539.97	252.00
540.17	281.00
540.37	325.00
540.56	225.00
540.76	260.00
540.96	328.00
541.16	329.00
541.35	331.00
541.55	291.00
541.75	358.00
541.94	476.00
542.14	390.00
542.34	336.00
542.54	404.00
542.73	423.00
542.93	398.00
543.13	389.00
543.33	372.00
543.52	438.00
543.72	358.00
543.92	493.00
544.11	422.00
544.31	358.00
544.51	349.00
544.71	255.00
544.90	271.00
545.10	411.00
545.30	429.00
545.49	374.00
545.69	433.00
545.89	375.00
546.09	345.00
546.28	491.00
546.48	575.00
546.68	534.00
546.87	448.00
547.07	351.00
547.27	342.00
547.47	393.00
547.66	355.00
547.86	384.00
548.06	391.00
548.25	409.00
548.45	416.00
548.65	420.00
548.84	370.00
549.04	347.00
549.24	339.00
549.44	366.00
549.63	400.00
549.83	331.00
550.03	354.00
550.22	358.00
550.42	341.00
550.62	344.00
550.81	358.00
551.01	315.00
551.21	315.00
551.41	280.00
551.60	304.00
551.80	289.00
552.00	242.00
552.19	314.00
552.39	282.00
552.59	302.00
552.78	316.00
552.98	333.00
553.18	313.00
553.37	317.00
553.57	325.00
553.77	260.00
553.96	281.00
554.16	376.00
554.36	308.00
554.56	354.00
554.75	420.00
554.95	382.00
555.15	320.00
555.34	352.00
555.54	321.00
555.74	314.00
555.93	339.00
556.13	368.00
556.33	222.00
556.52	326.00
556.72	279.00
556.92	304.00
557.11	338.00
557.31	303.00
557.51	331.00
557.70	333.00
557.90	262.00
558.10	335.00
558.29	264.00
558.49	301.00
558.69	220.00
558.88	213.00
559.08	340.00
559.28	342.00
559.47	338.00
559.67	248.00
559.87	213.00
560.06	222.00
560.26	261.00
560.46	227.00
560.65	284.00
560.85	255.00
561.05	321.00
561.24	294.00
561.44	300.00
561.64	306.00
561.83	285.00
562.03	293.00
562.23	267.00
562.42	266.00
562.62	313.00
562.82	317.00
563.01	253.00
563.21	185.00
563.40	299.00
563.60	230.00
563.80	247.00
563.99	296.00
564.19	241.00
564.39	260.00
564.58	209.00
564.78	282.00
564.98	206.00
565.17	242.00
565.37	310.00
565.57	294.00
565.76	275.00
565.96	349.00
566.16	367.00
566.35	337.00
566.55	291.00
566.74	273.00
566.94	266.00
567.14	224.00
567.33	325.00
567.53	346.00
567.73	342.00
567.92	287.00
568.12	294.00
568.32	417.00
568.51	375.00
568.71	331.00
568.90	315.00
569.10	263.00
569.30	342.00
569.49	331.00
569.69	364.00
569.89	376.00
570.08	413.00
570.28	403.00
570.47	341.00
570.67	372.00
570.87	360.00
571.06	284.00
571.26	313.00
571.46	385.00
571.65	454.00
571.85	428.00
572.04	430.00
572.24	452.00
572.44	380.00
572.63	335.00
572.83	360.00
573.03	393.00
573.22	400.00
573.42	388.00
573.61	465.00
573.81	410.00
574.01	423.00
574.20	362.00
574.40	402.00
574.59	471.00
574.79	465.00
574.99	403.00
575.18	409.00
575.38	503.00
575.58	451.00
575.77	419.00
575.97	462.00
576.16	457.00
576.36	429.00
576.56	522.00
576.75	520.00
576.95	511.00
577.14	468.00
577.34	439.00
577.54	493.00
577.73	528.00
577.93	516.00
578.12	506.00
578.32	523.00
578.52	535.00
578.71	512.00
578.91	552.00
579.10	555.00
579.30	577.00
579.50	556.00
579.69	564.00
579.89	624.00
580.08	590.00
580.28	609.00
580.48	640.00
580.67	610.00
580.87	664.00
581.06	667.00
581.26	686.00
581.45	730.00
581.65	601.00
581.85	694.00
582.04	764.00
582.24	675.00
582.43	703.00
582.63	735.00
582.83	731.00
583.02	802.00
583.22	775.00
583.41	784.00
583.61	783.00
583.80	840.00
584.00	857.00
584.20	769.00
584.39	770.00
584.59	779.00
584.78	856.00
584.98	896.00
585.17	889.00
585.37	861.00
585.57	912.00
585.76	906.00
585.96	934.00
586.15	876.00
586.35	910.00
586.54	896.00
586.74	917.00
586.94	945.00
587.13	902.00
587.33	951.00
587.52	984.00
587.72	999.00
587.91	1091.00
588.11	1045.00
588.31	957.00
588.50	1068.00
588.70	1006.00
588.89	1000.00
589.09	1059.00
589.28	1018.00
589.48	1104.00
589.68	1103.00
589.87	1120.00
590.07	1177.00
590.26	1195.00
590.46	1084.00
590.65	1076.00
590.85	1206.00
591.04	1149.00
591.24	1099.00
591.44	1226.00
591.63	1268.00
591.83	1205.00
592.02	1207.00
592.22	1238.00
592.41	1261.00
592.61	1260.00
592.80	1281.00
593.00	1339.00
593.19	1327.00
593.39	1277.00
593.59	1264.00
593.78	1264.00
593.98	1290.00
594.17	1282.00
594.37	1203.00
594.56	1266.00
594.76	1300.00
594.95	1351.00
595.15	1451.00
595.34	1369.00
595.54	1357.00
595.73	1340.00
595.93	1359.00
596.13	1398.00
596.32	1365.00
596.52	1346.00
596.71	1384.00
596.91	1413.00
597.10	1413.00
597.30	1494.00
597.49	1489.00
597.69	1430.00
597.88	1465.00
598.08	1503.00
598.27	1513.00
598.47	1566.00
598.66	1543.00
598.86	1536.00
599.06	1534.00
599.25	1508.00
599.45	1519.00
599.64	1497.00
599.84	1498.00
600.03	1461.00
600.23	1484.00
600.42	1555.00
600.62	1543.00
600.81	1561.00
601.01	1554.00
601.20	1562.00
601.40	1555.00
601.59	1582.00
601.79	1506.00
601.98	1501.00
602.18	1487.00
602.37	1588.00
602.57	1513.00
602.76	1487.00
602.96	1534.00
603.15	1565.00
603.35	1456.00
603.54	1467.00
603.74	1535.00
603.93	1617.00
604.13	1554.00
604.32	1590.00
604.52	1567.00
604.71	1569.00
604.91	1604.00
605.10	1639.00
605.30	1573.00
605.49	1511.00
605.69	1576.00
605.88	1508.00
606.08	1484.00
606.27	1568.00
606.47	1585.00
606.66	1554.00
606.86	1626.00
607.05	1612.00
607.25	1650.00
607.44	1638.00
607.64	1633.00
607.83	1615.00
608.03	1534.00
608.22	1647.00
608.42	1725.00
608.61	1613.00
608.81	1582.00
609.00	1639.00
609.20	1682.00
609.39	1682.00
609.59	1712.00
609.78	1753.00
609.98	1965.00
610.17	2129.00
610.37	2207.00
610.56	2304.00
610.76	2461.00
610.95	2602.00
611.15	2722.00
611.34	2817.00
611.54	2792.00
611.73	2816.00
611.93	2757.00
612.12	2445.00
612.32	2216.00
612.51	2102.00
612.71	2012.00
612.90	1943.00
613.09	2001.00
613.29	1918.00
613.48	1877.00
613.68	1884.00
613.87	1851.00
614.07	1833.00
614.26	1749.00
614.46	1801.00
614.65	1704.00
614.85	1829.00
615.04	1844.00
615.24	1785.00
615.43	1730.00
615.63	1656.00
615.82	1586.00
616.02	1646.00
616.21	1634.00
616.40	1601.00
616.60	1648.00
616.79	1647.00
616.99	1599.00
617.18	1613.00
617.38	1531.00
617.57	1574.00
617.77	1664.00
617.96	1591.00
618.16	1617.00
618.35	1686.00
618.54	1607.00
618.74	1634.00
618.93	1531.00
619.13	1554.00
619.32	1529.00
619.52	1555.00
619.71	1547.00
619.91	1608.00
620.10	1607.00
620.30	1644.00
620.49	1686.00
620.68	1663.00
620.88	1606.00
621.07	1607.00
621.27	1640.00
621.46	1731.00
621.66	1692.00
621.85	1571.00
622.05	1591.00
622.24	1666.00
622.43	1729.00
622.63	1714.00
622.82	1696.00
623.02	1727.00
623.21	1735.00
623.41	1687.00
623.60	1751.00
623.80	1748.00
623.99	1739.00
624.18	1733.00
624.38	1806.00
624.57	1779.00
624.77	1714.00
624.96	1778.00
625.16	1790.00
625.35	1795.00
625.54	1793.00
625.74	1743.00
625.93	1799.00
626.13	1817.00
626.32	1776.00
626.52	1806.00
626.71	1782.00
626.90	1705.00
627.10	1806.00
627.29	1788.00
627.49	1757.00
627.68	1863.00
627.88	1800.00
628.07	1871.00
628.26	1936.00
628.46	1890.00
628.65	1946.00
628.85	1942.00
629.04	1881.00
629.23	1956.00
629.43	1951.00
629.62	1931.00
629.82	1933.00
630.01	1951.00
630.21	1986.00
630.40	1972.00
630.59	1995.00
630.79	2143.00
630.98	2163.00
631.18	2073.00
631.37	2088.00
631.56	2114.00
631.76	2108.00
631.95	2099.00
632.15	2112.00
632.34	2038.00
632.53	1995.00
632.73	2006.00
632.92	2015.00
633.12	2082.00
633.31	2003.00
633.50	1906.00
633.70	1999.00
633.89	2044.00
634.09	2041.00
634.28	2022.00
634.47	2111.00
634.67	2077.00
634.86	2026.00
635.06	2107.00
635.25	2131.00
635.44	2120.00
635.64	2123.00
635.83	2179.00
636.03	2169.00
636.22	2183.00
636.41	2182.00
636.61	2142.00
636.80	2138.00
637.00	2154.00
637.19	2105.00
637.38	2135.00
637.58	2157.00
637.77	2199.00
637.96	2231.00
638.16	2253.00
638.35	2201.00
638.55	2247.00
638.74	2273.00
638.93	2328.00
639.13	2248.00
639.32	2162.00
639.51	2180.00
639.71	2238.00
639.90	2262.00
640.10	2438.00
640.29	2423.00
640.48	2434.00
640.68	2333.00
640.87	2279.00
641.07	2327.00
641.26	2416.00
641.45	2531.00
641.65	2423.00
641.84	2449.00
642.03	2324.00
642.23	2370.00
642.42	2474.00
642.61	2466.00
642.81	2488.00
643.00	2504.00
643.20	2493.00
643.39	2479.00
643.58	2545.00
643.78	2532.00
643.97	2478.00
644.16	2508.00
644.36	2598.00
644.55	2661.00
644.74	2572.00
644.94	2633.00
645.13	2682.00
645.33	2643.00
645.52	2707.00
645.71	2682.00
645.91	2636.00
646.10	2743.00
646.29	2705.00
646.49	2691.00
646.68	2657.00
646.87	2650.00
647.07	2630.00
647.26	2590.00
647.45	2659.00
647.65	2731.00
647.84	2741.00
648.03	2707.00
648.23	2693.00
648.42	2709.00
648.62	2746.00
648.81	2751.00
649.00	2780.00
649.20	2755.00
649.39	2745.00
649.58	2807.00
649.78	2862.00
649.97	2896.00
650.16	2935.00
650.36	2930.00
650.55	2865.00
650.74	2783.00
650.94	2854.00
651.13	2885.00
651.32	2835.00
651.52	2905.00
651.71	2935.00
651.90	2959.00
652.10	3009.00
652.29	2894.00
652.48	2814.00
652.68	2896.00
652.87	2935.00
653.06	2946.00
653.26	2893.00
653.45	2799.00
653.64	2840.00
653.84	2871.00
654.03	2897.00
654.22	2845.00
654.42	2784.00
654.61	2932.00
654.80	2953.00
654.99	2928.00
655.19	2812.00
655.38	2820.00
655.57	2866.00
655.77	2911.00
655.96	2962.00
656.15	2938.00
656.35	2988.00
656.54	2975.00
656.73	2909.00
656.93	2885.00
657.12	2875.00
657.31	2828.00
657.51	2841.00
657.70	2854.00
657.89	2866.00
658.09	2888.00
658.28	2916.00
658.47	2911.00
658.66	2831.00
658.86	2875.00
659.05	2858.00
659.24	2892.00
659.44	2936.00
659.63	2881.00
659.82	2870.00
660.02	2841.00
660.21	2906.00
660.40	2864.00
660.60	2811.00
660.79	2785.00
660.98	2849.00
661.17	2897.00
661.37	2854.00
661.56	2821.00
661.75	2798.00
661.95	2851.00
662.14	2866.00
662.33	2807.00
662.52	2822.00
662.72	2971.00
662.91	2857.00
663.10	2789.00
663.30	2779.00
663.49	2739.00
663.68	2763.00
663.88	2861.00
664.07	2902.00
664.26	2733.00
664.45	2779.00
664.65	2762.00
664.84	2728.00
665.03	2715.00
665.23	2717.00
665.42	2714.00
665.61	2681.00
665.80	2622.00
666.00	2749.00
666.19	2711.00
666.38	2729.00
666.57	2779.00
666.77	2753.00
666.96	2731.00
667.15	2700.00
667.35	2691.00
667.54	2740.00
667.73	2628.00
667.92	2640.00
668.12	2646.00
668.31	2619.00
668.50	2698.00
668.70	2584.00
668.89	2628.00
669.08	2627.00
669.27	2618.00
669.47	2677.00
669.66	2658.00
669.85	2696.00
670.04	2717.00
670.24	2663.00
670.43	2594.00
670.62	2693.00
670.81	2754.00
671.01	2616.00
671.20	2574.00
671.39	2665.00
671.58	2726.00
671.78	2675.00
671.97	2724.00
672.16	2645.00
672.36	2554.00
672.55	2553.00
672.74	2522.00
672.93	2446.00
673.13	2439.00
673.32	2501.00
673.51	2462.00
673.70	2485.00
673.90	2511.00
674.09	2558.00
674.28	2492.00
674.47	2471.00
674.67	2542.00
674.86	2592.00
675.05	2629.00
675.24	2526.00
675.44	2419.00
675.63	2551.00
675.82	2518.00
676.01	2533.00
676.21	2537.00
676.40	2535.00
676.59	2461.00
676.78	2489.00
676.97	2409.00
677.17	2432.00
677.36	2448.00
677.55	2417.00
677.74	2368.00
677.94	2400.00
678.13	2424.00
678.32	2388.00
678.51	2477.00
678.71	2422.00
678.90	2500.00
679.09	2532.00
679.28	2520.00
679.48	2464.00
679.67	2439.00
679.86	2452.00
680.05	2456.00
680.24	2400.00
680.44	2354.00
680.63	2479.00
680.82	2376.00
681.01	2388.00
681.21	2328.00
681.40	2327.00
681.59	2435.00
681.78	2350.00
681.97	2316.00
682.17	2316.00
682.36	2395.00
682.55	2328.00
682.74	2423.00
682.94	2410.00
683.13	2444.00
683.32	2365.00
683.51	2274.00
683.70	2284.00
683.90	2275.00
684.09	2316.00
684.28	2344.00
684.47	2293.00
684.66	2374.00
684.86	2367.00
685.05	2332.00
685.24	2366.00
685.43	2253.00
685.63	2351.00
685.82	2375.00
686.01	2358.00
686.20	2323.00
686.39	2299.00
686.59	2279.00
686.78	2300.00
686.97	2291.00
687.16	2325.00
687.35	2220.00
687.55	2232.00
687.74	2208.00
687.93	2332.00
688.12	2282.00
688.31	2306.00
688.51	2376.00
688.70	2340.00
688.89	2458.00
689.08	2403.00
689.27	2351.00
689.47	2340.00
689.66	2360.00
689.85	2325.00
690.04	2233.00
690.23	2271.00
690.42	2260.00
690.62	2296.00
690.81	2237.00
691.00	2209.00
691.19	2208.00
691.38	2308.00
691.58	2300.00
691.77	2237.00
691.96	2269.00
692.15	2344.00
692.34	2346.00
692.54	2286.00
692.73	2340.00
692.92	2422.00
693.11	2268.00
693.30	2393.00
693.49	2357.00
693.69	2318.00
693.88	2325.00
694.07	2368.00
694.26	2383.00
694.45	2393.00
694.64	2317.00
694.84	2257.00
695.03	2250.00
695.22	2285.00
695.41	2288.00
695.60	2259.00
695.80	2275.00
695.99	2277.00
696.18	2275.00
696.37	2356.00
696.56	2405.00
696.75	2355.00
696.95	2264.00
697.14	2368.00
697.33	2342.00
697.52	2387.00
697.71	2441.00
697.90	2390.00
698.09	2356.00
698.29	2403.00
698.48	2409.00
698.67	2486.00
698.86	2423.00
699.05	2396.00
699.24	2419.00
699.44	2452.00
699.63	2389.00
699.82	2473.00
700.01	2384.00
700.20	2333.00
700.39	2354.00
700.58	2421.00
700.78	2418.00
700.97	2362.00
701.16	2392.00
701.35	2457.00
701.54	2419.00
701.73	2489.00
701.93	2397.00
702.12	2520.00
702.31	2475.00
702.50	2426.00
702.69	2537.00
702.88	2610.00
703.07	2548.00
703.27	2579.00
703.46	2547.00
703.65	2579.00
703.84	2563.00
704.03	2582.00
704.22	2644.00
704.41	2590.00
704.60	2557.00
704.80	2543.00
704.99	2593.00
705.18	2608.00
705.37	2633.00
705.56	2617.00
705.75	2607.00
705.94	2545.00
706.14	2622.00
706.33	2623.00
706.52	2704.00
706.71	2739.00
706.90	2717.00
707.09	2599.00
707.28	2762.00
707.47	2698.00
707.67	2767.00
707.86	2819.00
708.05	2870.00
708.24	2837.00
708.43	2877.00
708.62	2879.00
708.81	2827.00
709.00	2781.00
709.20	2769.00
709.39	2881.00
709.58	2852.00
709.77	2806.00
709.96	2927.00
710.15	2920.00
710.34	2841.00
710.53	2814.00
710.72	2867.00
710.92	2883.00
711.11	2902.00
711.30	2825.00
711.49	2845.00
711.68	2907.00
711.87	2854.00
712.06	2877.00
712.25	2916.00
712.44	3092.00
712.64	3116.00
712.83	3071.00
713.02	3018.00
713.21	3064.00
713.40	3064.00
713.59	2990.00
713.78	3043.00
713.97	2921.00
714.16	2972.00
714.35	3060.00
714.55	2969.00
714.74	2971.00
714.93	2951.00
715.12	2990.00
715.31	3000.00
715.50	3074.00
715.69	3000.00
715.88	2913.00
716.07	2941.00
716.26	2984.00
716.45	2973.00
716.65	2974.00
716.84	3031.00
717.03	3013.00
717.22	2950.00
717.41	2960.00
717.60	3005.00
717.79	3044.00
717.98	3039.00
718.17	3091.00
718.36	3074.00
718.55	3077.00
718.75	3026.00
718.94	3065.00
719.13	3105.00
719.32	3075.00
719.51	3049.00
719.70	3129.00
719.89	3130.00
720.08	3203.00
720.27	3103.00
720.46	3148.00
720.65	3138.00
720.84	3107.00
721.03	3183.00
721.22	3158.00
721.42	3132.00
721.61	3033.00
721.80	3044.00
721.99	3106.00
722.18	3025.00
722.37	3020.00
722.56	3114.00
722.75	3068.00
722.94	3023.00
723.13	3081.00
723.32	3120.00
723.51	3143.00
723.70	3132.00
723.89	3038.00
724.08	3011.00
724.28	3050.00
724.47	3184.00
724.66	3130.00
724.85	3043.00
725.04	3104.00
725.23	3149.00
725.42	3176.00
725.61	3225.00
725.80	3116.00
725.99	3102.00
726.18	3194.00
726.37	3190.00
726.56	3108.00
726.75	3160.00
726.94	3115.00
727.13	3185.00
727.32	3241.00
727.51	3204.00
727.71	3124.00
727.90	3145.00
728.09	3050.00
728.28	3100.00
728.47	3218.00
728.66	3258.00
728.85	3193.00
729.04	3069.00
729.23	3124.00
729.42	3171.00
729.61	3083.00
729.80	3141.00
729.99	3219.00
730.18	3226.00
730.37	3155.00
730.56	3122.00
730.75	3066.00
730.94	3074.00
731.13	3047.00
731.32	3175.00
731.51	3125.00
731.70	3145.00
731.89	3157.00
732.08	3086.00
732.27	3126.00
732.46	3120.00
732.65	3091.00
732.84	3168.00
733.04	3193.00
733.23	3199.00
733.42	3150.00
733.61	3124.00
733.80	3126.00
733.99	3063.00
734.18	3142.00
734.37	3095.00
734.56	3074.00
734.75	3109.00
734.94	3040.00
735.13	3001.00
735.32	2993.00
735.51	3093.00
735.70	3043.00
735.89	3014.00
736.08	2960.00
736.27	3065.00
736.46	2979.00
736.65	2857.00
736.84	2943.00
737.03	2950.00
737.22	2889.00
737.41	2972.00
737.60	3094.00
737.79	3063.00
737.98	3077.00
738.17	3079.00
738.36	3022.00
738.55	2997.00
738.74	3001.00
738.93	2881.00
739.12	2985.00
739.31	3035.00
739.50	3000.00
739.69	2999.00
739.88	2966.00
740.07	2935.00
740.26	2995.00
740.45	2912.00
740.64	2917.00
740.83	2915.00
741.02	2856.00
741.21	2839.00
741.40	2954.00
741.59	2775.00
741.78	2876.00
741.97	2832.00
742.16	2757.00
742.35	2765.00
742.54	2837.00
742.73	2782.00
742.92	2800.00
743.11	2759.00
743.30	2826.00
743.49	2736.00
743.68	2725.00
743.87	2808.00
744.06	2785.00
744.25	2751.00
744.44	2708.00
744.63	2730.00
744.82	2750.00
745.01	2686.00
745.20	2804.00
745.39	2808.00
745.58	2763.00
745.77	2673.00
745.96	2645.00
746.15	2630.00
746.34	2676.00
746.52	2703.00
746.71	2787.00
746.90	2681.00
747.09	2635.00
747.28	2658.00
747.47	2656.00
747.66	2676.00
747.85	2718.00
748.04	2642.00
748.23	2559.00
748.42	2492.00
748.61	2640.00
748.80	2601.00
748.99	2597.00
749.18	2646.00
749.37	2574.00
749.56	2490.00
749.75	2571.00
749.94	2537.00
750.13	2599.00
750.32	2585.00
750.51	2591.00
750.70	2490.00
750.89	2397.00
751.08	2459.00
751.27	2476.00
751.46	2437.00
751.64	2429.00
751.83	2431.00
752.02	2472.00
752.21	2426.00
752.40	2371.00
752.59	2454.00
752.78	2522.00
752.97	2550.00
753.16	2503.00
753.35	2570.00
753.54	2521.00
753.73	2341.00
753.92	2347.00
754.11	2393.00
754.30	2431.00
754.49	2464.00
754.68	2380.00
754.87	2445.00
755.06	2402.00
755.24	2410.00
755.43	2370.00
755.62	2476.00
755.81	2520.00
756.00	2423.00
756.19	2317.00
756.38	2383.00
756.57	2352.00
756.76	2266.00
756.95	2296.00
757.14	2349.00
757.33	2387.00
757.52	2300.00
757.71	2339.00
757.90	2338.00
758.08	2297.00
758.27	2332.00
758.46	2240.00
758.65	2277.00
758.84	2243.00
759.03	2236.00
759.22	2242.00
759.41	2198.00
759.60	2247.00
759.79	2234.00
759.98	2198.00
760.17	2349.00
760.36	2269.00
760.54	2361.00
760.73	2307.00
760.92	2317.00
761.11	2241.00
761.30	2153.00
761.49	2159.00
761.68	2024.00
761.87	2104.00
762.06	2081.00
762.25	1995.00
762.44	2031.00
762.63	2034.00
762.81	2030.00
763.00	1975.00
763.19	1944.00
763.38	2027.00
763.57	1921.00
763.76	1969.00
763.95	1872.00
764.14	1912.00
764.33	1912.00
764.52	1861.00
764.71	1915.00
764.89	1902.00
765.08	1914.00
765.27	1952.00
765.46	1898.00
765.65	1918.00
765.84	1949.00
766.03	1919.00
766.22	2008.00
766.41	1927.00
766.59	1905.00
766.78	2001.00
766.97	1971.00
767.16	1986.00
767.35	2050.00
767.54	2019.00
767.73	1966.00
767.92	2121.00
768.11	2169.00
768.30	2117.00
768.48	2143.00
768.67	2131.00
768.86	2123.00
769.05	2174.00
769.24	2149.00
769.43	2223.00
769.62	2136.00
769.81	2124.00
769.99	2125.00
770.18	2125.00
770.37	2114.00
770.56	2106.00
770.75	2148.00
770.94	2155.00
771.13	2070.00
771.32	2141.00
771.50	2109.00
771.69	2108.00
771.88	2092.00
772.07	2121.00
772.26	2122.00
772.45	2199.00
772.64	2188.00
772.83	2012.00
773.01	2062.00
773.20	2051.00
773.39	2162.00
773.58	2152.00
773.77	2106.00
773.96	2131.00
774.15	2138.00
774.34	2157.00
774.52	2086.00
774.71	2087.00
774.90	2099.00
775.09	2031.00
775.28	2060.00
775.47	2035.00
775.66	2106.00
775.84	2090.00
776.03	2007.00
776.22	2038.00
776.41	2038.00
776.60	2073.00
776.79	2091.00
776.98	2094.00
777.16	1985.00
777.35	1961.00
777.54	1966.00
777.73	2046.00
777.92	2011.00
778.11	2061.00
778.29	2078.00
778.48	2073.00
778.67	2017.00
778.86	1989.00
779.05	1984.00
779.24	2109.00
779.43	2221.00
779.61	2108.00
779.80	2097.00
779.99	2070.00
780.18	2028.00
780.37	2084.00
780.56	2048.00
780.74	2056.00
780.93	2107.00
781.12	2096.00
781.31	2130.00
781.50	2188.00
781.69	2184.00
781.87	2171.00
782.06	2174.00
782.25	2081.00
782.44	2104.00
782.63	2104.00
782.82	2180.00
783.00	2167.00
783.19	2107.00
783.38	2116.00
783.57	2102.00
783.76	2096.00
783.95	2124.00
784.13	2091.00
784.32	2132.00
784.51	2167.00
784.70	2170.00
784.89	2196.00
785.08	2193.00
785.26	2148.00
785.45	2070.00
785.64	2077.00
785.83	2036.00
786.02	2099.00
786.20	2150.00
786.39	2145.00
786.58	2231.00
786.77	2150.00
786.96	2165.00
787.15	2187.00
787.33	2197.00
787.52	2188.00
787.71	2111.00
787.90	2189.00
788.09	2192.00
788.27	2251.00
788.46	2204.00
788.65	2123.00
788.84	2223.00
789.03	2224.00
789.21	2206.00
789.40	2214.00
789.59	2154.00
789.78	2132.00
789.97	2132.00
790.15	2141.00
790.34	2129.00
790.53	2239.00
790.72	2274.00
790.91	2240.00
791.09	2240.00
791.28	2172.00
791.47	2217.00
791.66	2185.00
791.85	2206.00
792.03	2252.00
792.22	2292.00
792.41	2354.00
792.60	2335.00
792.79	2323.00
792.97	2332.00
793.16	2328.00
793.35	2293.00
793.54	2323.00
793.72	2318.00
793.91	2338.00
794.10	2258.00
794.29	2313.00
794.48	2413.00
794.66	2421.00
794.85	2377.00
795.04	2373.00
795.23	2315.00
795.42	2334.00
795.60	2329.00
795.79	2293.00
795.98	2338.00
796.17	2393.00
796.35	2365.00
796.54	2404.00
796.73	2391.00
796.92	2375.00
797.11	2330.00
797.29	2239.00
797.48	2266.00
797.67	2367.00
797.86	2302.00
798.04	2319.00
798.23	2257.00
798.42	2303.00
798.61	2287.00
798.79	2283.00
798.98	2300.00
799.17	2352.00
799.36	2352.00
799.54	2297.00
799.73	2272.00
799.92	2352.00
800.11	2324.00
800.30	2328.00
800.48	2284.00
800.67	2306.00
800.86	2258.00
801.05	2270.00
801.23	2310.00
801.42	2304.00
801.61	2277.00
801.80	2319.00
801.98	2317.00
802.17	2285.00
802.36	2294.00
802.55	2301.00
802.73	2298.00
802.92	2368.00
803.11	2351.00
803.30	2339.00
803.48	2301.00
803.67	2401.00
803.86	2292.00
804.05	2252.00
804.23	2345.00
804.42	2468.00
804.61	2340.00
804.80	2318.00
804.98	2358.00
805.17	2390.00
805.36	2292.00
805.54	2326.00
805.73	2419.00
805.92	2359.00
806.11	2373.00
806.29	2440.00
806.48	2333.00
806.67	2394.00
806.86	2465.00
807.04	2406.00
807.23	2410.00
807.42	2339.00
807.61	2395.00
807.79	2404.00
807.98	2335.00
808.17	2389.00
808.35	2376.00
808.54	2352.00
808.73	2340.00
808.92	2313.00
809.10	2310.00
809.29	2394.00
809.48	2370.00
809.67	2400.00
809.85	2497.00
810.04	2411.00
810.23	2331.00
810.41	2383.00
810.60	2432.00
810.79	2385.00
810.98	2301.00
811.16	2329.00
811.35	2468.00
811.54	2356.00
811.72	2251.00
811.91	2314.00
812.10	2366.00
812.29	2392.00
812.47	2396.00
812.66	2343.00
812.85	2347.00
813.03	2317.00
813.22	2226.00
813.41	2290.00
813.60	2341.00
813.78	2326.00
813.97	2305.00
814.16	2295.00
814.34	2339.00
814.53	2306.00
814.72	2305.00
814.90	2348.00
815.09	2428.00
815.28	2471.00
815.47	2303.00
815.65	2347.00
815.84	2342.00
816.03	2330.00
816.21	2282.00
816.40	2289.00
816.59	2326.00
816.77	2359.00
816.96	2273.00
817.15	2295.00
817.33	2353.00
817.52	2333.00
817.71	2374.00
817.90	2332.00
818.08	2323.00
818.27	2424.00
818.46	2381.00
818.64	2391.00
818.83	2402.00
819.02	2365.00
819.20	2414.00
819.39	2366.00
819.58	2365.00
819.76	2397.00
819.95	2389.00
820.14	2441.00
820.32	2333.00
820.51	2299.00
820.70	2236.00
820.88	2313.00
821.07	2230.00
821.26	2289.00
821.44	2388.00
821.63	2346.00
821.82	2339.00
822.01	2341.00
822.19	2336.00
822.38	2298.00
822.57	2373.00
822.75	2312.00
822.94	2258.00
823.13	2242.00
823.31	2283.00
823.50	2276.00
823.69	2232.00
823.87	2309.00
824.06	2335.00
824.25	2286.00
824.43	2262.00
824.62	2230.00
824.80	2293.00
824.99	2252.00
825.18	2279.00
825.36	2285.00
825.55	2291.00
825.74	2240.00
825.92	2264.00
826.11	2235.00
826.30	2250.00
826.48	2317.00
826.67	2232.00
826.86	2124.00
827.04	2220.00
827.23	2361.00
827.42	2335.00
827.60	2190.00
827.79	2226.00
827.98	2266.00
828.16	2259.00
828.35	2198.00
828.54	2169.00
828.72	2189.00
828.91	2201.00
829.09	2198.00
829.28	2269.00
829.47	2320.00
829.65	2259.00
829.84	2199.00
830.03	2219.00
830.21	2274.00
830.40	2174.00
830.59	2171.00
830.77	2159.00
830.96	2190.00
831.14	2167.00
831.33	2081.00
831.52	2193.00
831.70	2214.00
831.89	2189.00
832.08	2177.00
832.26	2119.00
832.45	2052.00
832.64	2099.00
832.82	2178.00
833.01	2237.00
833.19	2233.00
833.38	2142.00
833.57	2141.00
833.75	2071.00
833.94	2114.00
834.13	2095.00
834.31	2111.00
834.50	2137.00
834.68	2190.00
834.87	2107.00
835.06	2080.00
835.24	2040.00
835.43	2142.00
835.61	2213.00
835.80	2205.00
835.99	2154.00
836.17	2130.00
836.36	2153.00
836.55	2181.00
836.73	2016.00
836.92	2041.00
837.10	2109.00
837.29	2160.00
837.48	2116.00
837.66	2110.00
837.85	2066.00
838.03	2108.00
838.22	2134.00
838.41	2152.00
838.59	2091.00
838.78	2091.00
838.96	2046.00
839.15	2043.00
839.34	2038.00
839.52	2097.00
839.71	2103.00
839.89	2065.00
840.08	2032.00
840.27	2117.00
840.45	2028.00
840.64	1933.00
840.82	2014.00
841.01	2028.00
841.20	2044.00
841.38	2028.00
841.57	2019.00
841.75	2033.00
841.94	2082.00
842.13	2004.00
842.31	1948.00
842.50	1990.00
842.68	2025.00
842.87	2001.00
843.05	1910.00
843.24	1970.00
843.43	2019.00
843.61	1989.00
843.80	1970.00
843.98	1941.00
844.17	1971.00
844.36	1982.00
844.54	1937.00
844.73	1951.00
844.91	1923.00
845.10	1936.00
845.28	1937.00
845.47	1950.00
845.66	1911.00
845.84	1925.00
846.03	1862.00
846.21	1791.00
846.40	1851.00
846.58	1892.00
846.77	1865.00
846.96	1931.00
847.14	1856.00
847.33	1805.00
847.51	1792.00
847.70	1833.00
847.88	1816.00
848.07	1802.00
848.25	1798.00
848.44	1856.00
848.63	1802.00
848.81	1834.00
849.00	1857.00
849.18	1829.00
849.37	1828.00
849.55	1753.00
849.74	1743.00
849.93	1748.00
850.11	1748.00
850.30	1848.00
850.48	1816.00
850.67	1818.00
850.85	1798.00
851.04	1822.00
851.22	1848.00
851.41	1766.00
851.59	1729.00
851.78	1783.00
851.97	1777.00
852.15	1830.00
852.34	1823.00
852.52	1772.00
852.71	1720.00
852.89	1808.00
853.08	1811.00
853.26	1765.00
853.45	1758.00
853.63	1756.00
853.82	1700.00
854.01	1660.00
854.19	1847.00
854.38	1803.00
854.56	1768.00
854.75	1718.00
854.93	1734.00
855.12	1742.00
855.30	1770.00
855.49	1752.00
855.67	1737.00
855.86	1655.00
856.04	1685.00
856.23	1665.00
856.41	1606.00
856.60	1635.00
856.79	1678.00
856.97	1681.00
857.16	1653.00
857.34	1567.00
857.53	1606.00
857.71	1647.00
857.90	1655.00
858.08	1662.00
858.27	1739.00
858.45	1685.00
858.64	1640.00
858.82	1659.00
859.01	1653.00
859.19	1570.00
859.38	1548.00
859.56	1574.00
859.75	1687.00
859.93	1609.00
860.12	1571.00
860.30	1544.00
860.49	1607.00
860.67	1610.00
860.86	1595.00
861.04	1629.00
861.23	1664.00
861.41	1661.00
861.60	1577.00
861.78	1536.00
861.97	1600.00
862.15	1540.00
862.34	1532.00
862.53	1538.00
862.71	1570.00
862.90	1590.00
863.08	1522.00
863.27	1590.00
863.45	1617.00
863.64	1605.00
863.82	1515.00
864.01	1519.00
864.19	1435.00
864.37	1395.00
864.56	1484.00
864.74	1613.00
864.93	1487.00
865.11	1418.00
865.30	1434.00
865.48	1492.00
865.67	1452.00
865.85	1496.00
866.04	1489.00
866.22	1501.00
866.41	1468.00
866.59	1522.00
866.78	1546.00
866.96	1478.00
867.15	1480.00
867.33	1512.00
867.52	1481.00
867.70	1513.00
867.89	1431.00
868.07	1404.00
868.26	1392.00
868.44	1490.00
868.63	1461.00
868.81	1444.00
869.00	1528.00
869.18	1442.00
869.37	1321.00
869.55	1349.00
869.74	1334.00
869.92	1342.00
870.10	1423.00
870.29	1409.00
870.47	1404.00
870.66	1403.00
870.84	1409.00
871.03	1374.00
871.21	1378.00
871.40	1358.00
871.58	1405.00
871.77	1427.00
871.95	1423.00
872.14	1391.00
872.32	1387.00
872.51	1355.00
872.69	1299.00
872.87	1296.00
873.06	1314.00
873.24	1309.00
873.43	1299.00
873.61	1357.00
873.80	1316.00
873.98	1361.00
874.17	1324.00
874.35	1319.00
874.54	1378.00
874.72	1306.00
874.90	1342.00
875.09	1358.00
875.27	1383.00
875.46	1357.00
875.64	1339.00
875.83	1359.00
876.01	1323.00
876.20	1302.00
876.38	1340.00
876.56	1302.00
876.75	1362.00
876.93	1351.00
877.12	1279.00
877.30	1310.00
877.49	1311.00
877.67	1305.00
877.86	1267.00
878.04	1238.00
878.22	1239.00
878.41	1269.00
878.59	1235.00
878.78	1218.00
878.96	1259.00
879.15	1320.00
879.33	1403.00
879.51	1333.00
879.70	1243.00
879.88	1276.00
880.07	1330.00
880.25	1313.00
880.44	1291.00
880.62	1171.00
880.80	1220.00
880.99	1303.00
881.17	1291.00
881.36	1320.00
881.54	1280.00
881.73	1258.00
881.91	1269.00
882.09	1241.00
882.28	1266.00
882.46	1218.00
882.65	1185.00
882.83	1233.00
883.02	1226.00
883.20	1221.00
883.38	1313.00
883.57	1262.00
883.75	1173.00
883.94	1175.00
884.12	1131.00
884.30	1208.00
884.49	1255.00
884.67	1225.00
884.86	1219.00
885.04	1290.00
885.22	1262.00
885.41	1228.00
885.59	1179.00
885.78	1217.00
885.96	1223.00
886.14	1253.00
886.33	1192.00
886.51	1203.00
886.70	1208.00
886.88	1227.00
887.06	1180.00
887.25	1074.00
887.43	1202.00
887.62	1196.00
887.80	1180.00
887.98	1174.00
888.17	1205.00
888.35	1255.00
888.54	1210.00
888.72	1210.00
888.90	1221.00
889.09	1271.00
889.27	1221.00
889.46	1175.00
889.64	1167.00
889.82	1205.00
890.01	1247.00
890.19	1178.00
890.38	1209.00
890.56	1190.00
890.74	1153.00
890.93	1171.00
891.11	1243.00
891.29	1250.00
891.48	1187.00
891.66	1144.00
891.85	1162.00
892.03	1144.00
892.21	1097.00
892.40	1107.00
892.58	1188.00
892.76	1231.00
892.95	1252.00
893.13	1295.00
893.32	1259.00
893.50	1280.00
893.68	1290.00
893.87	1210.00
894.05	1296.00
894.23	1281.00
894.42	1246.00
894.60	1127.00
894.79	1183.00
894.97	1248.00
895.15	1263.00
895.34	1237.00
895.52	1354.00
895.70	1283.00
895.89	1260.00
896.07	1313.00
896.25	1301.00
896.44	1335.00
896.62	1212.00
896.81	1230.00
896.99	1253.00
897.17	1205.00
897.36	1254.00
897.54	1268.00
897.72	1275.00
897.91	1247.00
898.09	1220.00
898.27	1273.00
898.46	1312.00
898.64	1239.00
898.82	1212.00
899.01	1234.00
899.19	1218.00
899.37	1236.00
899.56	1190.00
899.74	1322.00
899.92	1233.00
900.11	1205.00
900.29	1234.00
900.47	1291.00
900.66	1365.00
900.84	1371.00
901.03	1318.00
901.21	1305.00
901.39	1272.00
901.58	1229.00
901.76	1182.00
901.94	1307.00
902.13	1404.00
902.31	1306.00
902.49	1275.00
902.68	1305.00
902.86	1335.00
903.04	1410.00
903.23	1351.00
903.41	1296.00
903.59	1432.00
903.78	1324.00
903.96	1295.00
904.14	1359.00
904.32	1376.00
904.51	1338.00
904.69	1306.00
904.87	1361.00
905.06	1273.00
905.24	1338.00
905.42	1417.00
905.61	1411.00
905.79	1315.00
905.97	1297.00
906.16	1359.00
906.34	1384.00
906.52	1318.00
906.71	1307.00
906.89	1325.00
907.07	1349.00
907.26	1330.00
907.44	1343.00
907.62	1394.00
907.81	1387.00
907.99	1447.00
908.17	1423.00
908.35	1392.00
908.54	1341.00
908.72	1311.00
908.90	1315.00
909.09	1347.00
909.27	1388.00
909.45	1406.00
909.64	1334.00
909.82	1363.00
910.00	1346.00
910.18	1314.00
910.37	1383.00
910.55	1317.00
910.73	1306.00
910.92	1417.00
911.10	1321.00
911.28	1289.00
911.47	1302.00
911.65	1359.00
911.83	1389.00
912.01	1430.00
912.20	1377.00
912.38	1313.00
912.56	1342.00
912.75	1342.00
912.93	1357.00
913.11	1316.00
913.29	1331.00
913.48	1303.00
913.66	1313.00
913.84	1287.00
914.03	1280.00
914.21	1296.00
914.39	1294.00
914.57	1293.00
914.76	1252.00
914.94	1252.00
915.12	1300.00
915.31	1269.00
915.49	1303.00
915.67	1384.00
915.85	1362.00
916.04	1352.00
916.22	1428.00
916.40	1286.00
916.58	1308.00
916.77	1257.00
916.95	1272.00
917.13	1262.00
917.32	1255.00
917.50	1270.00
917.68	1303.00
917.86	1268.00
918.05	1287.00
918.23	1319.00
918.41	1343.00
918.59	1241.00
918.78	1172.00
918.96	1298.00
919.14	1273.00
919.32	1197.00
919.51	1197.00
919.69	1260.00
919.87	1249.00
920.05	1261.00
920.24	1248.00
920.42	1228.00
920.60	1260.00
920.78	1235.00
920.97	1238.00
921.15	1254.00
921.33	1176.00
921.52	1210.00
921.70	1295.00
921.88	1247.00
922.06	1261.00
922.24	1240.00
922.43	1251.00
922.61	1226.00
922.79	1221.00
922.97	1189.00
923.16	1216.00
923.34	1159.00
923.52	1155.00
923.70	1151.00
923.89	1214.00
924.07	1136.00
924.25	1172.00
924.43	1173.00
924.62	1189.00
924.80	1179.00
924.98	1122.00
925.16	1110.00
925.35	1129.00
925.53	1140.00
925.71	1149.00
925.89	1125.00
926.08	1063.00
926.26	1119.00
926.44	1232.00
926.62	1219.00
926.80	1141.00
926.99	1202.00
927.17	1102.00
927.35	1182.00
927.53	1150.00
927.72	1115.00
927.90	1075.00
928.08	1091.00
928.26	1169.00
928.44	1093.00
928.63	1081.00
928.81	1101.00
928.99	1121.00
929.17	1099.00
929.36	1152.00
929.54	1178.00
929.72	1055.00
929.90	1032.00
930.08	1085.00
930.27	1058.00
930.45	1065.00
930.63	1104.00
930.81	1090.00
930.99	1130.00
931.18	1045.00
931.36	1091.00
931.54	1064.00
931.72	1069.00
931.90	1081.00
932.09	1013.00
932.27	1024.00
932.45	1066.00
932.63	1026.00
932.81	1016.00
933.00	1004.00
933.18	1030.00
933.36	963.00
933.54	911.00
933.72	962.00
933.91	976.00
934.09	891.00
934.27	909.00
934.45	1013.00
934.63	945.00
934.82	864.00
935.00	887.00
935.18	917.00
935.36	865.00
935.54	890.00
935.73	882.00
935.91	916.00
936.09	869.00
936.27	867.00
936.45	851.00
936.64	795.00
936.82	796.00
937.00	830.00
937.18	808.00
937.36	807.00
937.54	775.00
937.73	768.00
937.91	741.00
938.09	692.00
938.27	741.00
938.45	671.00
938.63	662.00
938.82	701.00
939.00	658.00
939.18	602.00
939.36	625.00
939.54	657.00
939.73	609.00
939.91	555.00
940.09	599.00
940.27	631.00
940.45	625.00
940.63	674.00
940.82	537.00
941.00	565.00
941.18	595.00
941.36	521.00
941.54	537.00
941.72	564.00
941.91	560.00
942.09	507.00
942.27	515.00
942.45	624.00
942.63	558.00
942.81	522.00
942.99	477.00
943.18	476.00
943.36	504.00
943.54	495.00
943.72	421.00
943.90	496.00
944.08	508.00
944.27	474.00
944.45	412.00
944.63	457.00
944.81	502.00
944.99	534.00
945.17	481.00
945.35	450.00
945.54	452.00
945.72	413.00
945.90	503.00
946.08	542.00
946.26	445.00
946.44	504.00
946.62	497.00
946.81	491.00
946.99	523.00
947.17	502.00
947.35	458.00
947.53	520.00
947.71	451.00
947.89	536.00
948.07	521.00
948.26	495.00
948.44	444.00
948.62	511.00
948.80	396.00
948.98	382.00
949.16	420.00
949.34	464.00
949.53	510.00
949.71	550.00
949.89	475.00
950.07	470.00
950.25	522.00
950.43	427.00
950.61	483.00
950.79	542.00
950.98	607.00
951.16	553.00
951.34	511.00
951.52	485.00
951.70	535.00
951.88	518.00
952.06	539.00
952.24	506.00
952.42	432.00
952.61	420.00
952.79	411.00
952.97	414.00
953.15	439.00
953.33	472.00
953.51	444.00
953.69	390.00
953.87	485.00
954.05	460.00
954.24	432.00
954.42	582.00
954.60	545.00
954.78	460.00
954.96	470.00
955.14	496.00
955.32	509.00
955.50	516.00
955.68	498.00
955.86	445.00
956.05	404.00
956.23	507.00
956.41	498.00
956.59	485.00
956.77	403.00
956.95	390.00
957.13	389.00
957.31	417.00
957.49	430.00
957.67	395.00
957.86	483.00
958.04	484.00
958.22	474.00
958.40	481.00
958.58	439.00
958.76	368.00
958.94	436.00
959.12	435.00
959.30	419.00
959.48	546.00
959.66	474.00
959.84	448.00
960.03	468.00
960.21	409.00
960.39	397.00
960.57	411.00
960.75	412.00
960.93	412.00
961.11	472.00
961.29	426.00
961.47	392.00
961.65	390.00
961.83	348.00
962.01	414.00
962.19	467.00
962.37	470.00
962.56	459.00
962.74	414.00
962.92	381.00
963.10	400.00
963.28	469.00
963.46	546.00
963.64	439.00
963.82	431.00
964.00	486.00
964.18	453.00
964.36	453.00
964.54	483.00
964.72	397.00
964.90	449.00
965.08	411.00
965.27	466.00
965.45	396.00
965.63	418.00
965.81	414.00
965.99	458.00
966.17	493.00
966.35	450.00
966.53	403.00
966.71	429.00
966.89	419.00
967.07	415.00
967.25	439.00
967.43	431.00
967.61	435.00
967.79	380.00
967.97	404.00
968.15	408.00
968.33	370.00
968.51	349.00
968.69	354.00
968.87	424.00
969.06	476.00
969.24	423.00
969.42	409.00
969.60	425.00
969.78	468.00
969.96	474.00
970.14	431.00
970.32	412.00
970.50	415.00
970.68	420.00
970.86	403.00
971.04	382.00
971.22	362.00
971.40	432.00
971.58	402.00
971.76	345.00
971.94	343.00
972.12	345.00
972.30	302.00
972.48	333.00
972.66	310.00
972.84	298.00
973.02	373.00
973.20	359.00
973.38	269.00
973.56	425.00
973.74	413.00
973.92	329.00
974.10	338.00
974.28	356.00
974.46	383.00
974.64	323.00
974.82	351.00
975.00	315.00
975.18	338.00
975.36	355.00
975.54	300.00
975.72	335.00
975.90	299.00
976.08	277.00
976.26	345.00
976.44	390.00
976.62	327.00
976.80	380.00
976.98	352.00
977.16	309.00
977.34	323.00
977.52	324.00
977.70	350.00
977.88	326.00
978.06	287.00
978.24	363.00
978.42	296.00
978.60	369.00
978.78	345.00
978.96	352.00
979.14	353.00
979.32	320.00
979.50	319.00
979.68	309.00
979.86	318.00
980.04	289.00
980.22	328.00
980.40	357.00
980.58	380.00
980.76	315.00
980.94	326.00
981.12	314.00
981.30	369.00
981.48	384.00
981.66	359.00
981.84	323.00
982.02	267.00
982.20	273.00
982.38	294.00
982.56	290.00
982.74	280.00
982.92	332.00
983.10	312.00
983.28	285.00
983.46	323.00
983.64	294.00
983.82	354.00
984.00	370.00
984.18	359.00
984.36	373.00
984.54	331.00
984.72	269.00
984.90	323.00
985.08	306.00
985.26	260.00
985.44	330.00
985.62	369.00
985.80	354.00
985.98	307.00
986.16	288.00
986.34	293.00
986.51	253.00
986.69	283.00
986.87	242.00
987.05	202.00
987.23	351.00
987.41	269.00
987.59	234.00
987.77	229.00
987.95	329.00
988.13	327.00
988.31	357.00
988.49	317.00
988.67	294.00
988.85	296.00
989.03	219.00
989.21	231.00
989.39	249.00
989.57	273.00
989.75	274.00
989.93	205.00
990.11	243.00
990.28	223.00
990.46	258.00
990.64	233.00
990.82	289.00
991.00	287.00
991.18	182.00
991.36	205.00
991.54	208.00
991.72	238.00
991.90	222.00
992.08	155.00
992.26	278.00
992.44	242.00
992.62	189.00
992.80	187.00
992.98	212.00
993.15	225.00
993.33	259.00
993.51	230.00
993.69	251.00
993.87	220.00
994.05	254.00
994.23	227.00
994.41	203.00
994.59	194.00
994.77	228.00
994.95	257.00
995.13	205.00
995.31	252.00
995.48	257.00
995.66	264.00
995.84	233.00
996.02	173.00
996.20	208.00
996.38	208.00
996.56	188.00
996.74	215.00
996.92	250.00
997.10	148.00
997.28	216.00
997.46	210.00
997.63	228.00
997.81	259.00
997.99	208.00
998.17	226.00
998.35	211.00
998.53	180.00
998.71	137.00
998.89	186.00
999.07	171.00
999.25	264.00
999.43	246.00
999.60	127.00
999.78	213.00
999.96	256.00
1000.14	248.00
1000.32	173.00
1000.50	179.00
1000.68	157.00
1000.86	226.00
1001.04	224.00
1001.21	175.00
1001.39	244.00
1001.57	180.00
1001.75	235.00
1001.93	218.00
1002.11	194.00
1002.29	146.00
1002.47	204.00
1002.65	213.00
1002.82	193.00
1003.00	167.00
1003.18	211.00
1003.36	204.00
1003.54	162.00
1003.72	183.00
1003.90	202.00
1004.08	139.00
1004.26	140.00
1004.43	259.00
1004.61	221.00
1004.79	187.00
1004.97	249.00
1005.15	160.00
1005.33	198.00
1005.51	200.00
1005.69	238.00
1005.86	226.00
1006.04	194.00
1006.22	135.00
1006.40	230.00
1006.58	231.00
1006.76	209.00
1006.94	175.00
1007.12	194.00
1007.29	211.00
1007.47	183.00
1007.65	188.00
1007.83	158.00
1008.01	147.00
1008.19	167.00
1008.37	191.00
1008.54	158.00
1008.72	163.00
1008.90	224.00
1009.08	195.00
1009.26	111.00
1009.44	97.00
1009.62	134.00
1009.79	224.00
1009.97	146.00
1010.15	151.00
1010.33	220.00
1010.51	239.00
1010.69	216.00
1010.87	191.00
1011.04	177.00
1011.22	150.00
1011.40	182.00
1011.58	182.00
1011.76	193.00
1011.94	134.00
1012.11	123.00
1012.29	161.00
1012.47	113.00
1012.65	70.00
1012.83	141.00
1013.01	153.00
1013.18	154.00
1013.36	131.00
1013.54	153.00
1013.72	217.00
1013.90	241.00
1014.08	169.00
1014.25	188.00
1014.43	143.00
1014.61	177.00
1014.79	185.00
1014.97	188.00
1015.15	182.00
1015.32	127.00
1015.50	151.00
1015.68	99.00
1015.86	124.00
1016.04	149.00
1016.22	112.00
1016.39	97.00
1016.57	167.00
1016.75	154.00
1016.93	152.00
1017.11	144.00
1017.29	130.00
1017.46	140.00
1017.64	141.00
1017.82	210.00
1018.00	186.00
1018.18	201.00
1018.35	176.00
1018.53	194.00
1018.71	229.00
1018.89	193.00
1019.07	141.00
1019.24	166.00
1019.42	109.00
1019.60	87.00
1019.78	123.00
1019.96	154.00
1020.14	115.00
1020.31	113.00
1020.49	128.00
1020.67	102.00
1020.85	137.00
1021.03	135.00
1021.20	168.00
1021.38	92.00
1021.56	85.00
1021.74	104.00
1021.92	98.00
1022.09	142.00
1022.27	86.00
1022.45	60.00
1022.63	136.00
1022.81	107.00
1022.98	105.00
1023.16	47.00
1023.34	72.00
1023.52	100.00
1023.69	125.00
1023.87	111.00
1024.05	150.00
1024.23	116.00
1024.41	166.00
1024.58	155.00
1024.76	172.00
1024.94	137.00
1025.12	98.00
1025.30	181.00
1025.47	144.00
1025.65	120.00
1025.83	94.00
1026.01	81.00
1026.18	138.00
1026.36	138.00
1026.54	94.00
1026.72	135.00
1026.90	185.00
1027.07	191.00
1027.25	95.00
1027.43	87.00
1027.61	98.00
1027.78	203.00
1027.96	82.00
1028.14	71.00
1028.32	99.00
1028.49	111.00
1028.67	132.00
1028.85	133.00
1029.03	157.00
1029.21	105.00
1029.38	135.00
1029.56	158.00
1029.74	137.00
1029.92	147.00
1030.09	130.00
1030.27	120.00
1030.45	113.00
1030.63	71.00
1030.80	53.00
1030.98	79.00
1031.16	66.00
1031.34	116.00
1031.51	129.00
1031.69	118.00
1031.87	109.00
1032.05	133.00
1032.22	106.00
1032.40	45.00
1032.58	161.00
1032.76	96.00
1032.93	24.00
1033.11	111.00
1033.29	114.00
1033.47	61.00
1033.64	110.00
1033.82	98.00
1034.00	20.00
1034.18	69.00
1034.35	90.00
1034.53	117.00
1034.71	65.00
1034.89	74.00
1035.06	15.00
1035.24	35.00
1035.42	20.00
1035.59	96.00
1035.77	91.00
1035.95	98.00
1036.13	136.00
1036.30	100.00
1036.48	130.00
1036.66	98.00
1036.84	71.00
1037.01	94.00
1037.19	102.00
1037.37	131.00
1037.54	103.00
1037.72	112.00
1037.90	155.00
1038.08	133.00
1038.25	96.00
1038.43	59.00
1038.61	90.00
1038.79	92.00
1038.96	72.00
1039.14	56.00
1039.32	122.00
1039.49	47.00
1039.67	20.00
1039.85	34.00
1040.03	52.00
1040.20	55.00
1040.38	68.00
1040.56	106.00
1040.73	43.00
1040.91	8.00
1041.09	72.00
1041.27	100.00
1041.44	73.00
1041.62	78.00
1041.80	24.00
1041.97	38.00
1042.15	136.00
1042.33	120.00
1042.50	65.00
1042.68	52.00
1042.86	89.00
1043.04	2.00
1043.21	38.00
1043.39	69.00
1043.57	40.00
1043.74	76.00
1043.92	47.00
1044.10	51.00
1044.27	102.00
1044.45	114.00
1044.63	52.00
1044.80	96.00
1044.98	42.00
1045.16	-29.00
1045.34	47.00
1045.51	74.00
1045.69	92.00
1045.87	95.00
1046.04	38.00
1046.22	64.00
1046.40	83.00
1046.57	44.00
1046.75	49.00
1046.93	83.00
1047.10	42.00
1047.28	100.00
1047.46	38.00
1047.63	-14.00
1047.81	16.00
1047.99	5.00
1048.16	18.00
1048.34	89.00
1048.52	59.00
1048.69	18.00
1048.87	-36.00
1049.05	27.00
1049.22	37.00
1049.40	0.00
1049.58	51.00
1049.75	62.00
1049.93	56.00
1050.11	0.00
1050.28	-22.00
1050.46	38.00
1050.64	37.00
1050.81	20.00
1050.99	2.00
1051.17	93.00
1051.34	143.00
1051.52	72.00
1051.70	64.00
1051.87	93.00
1052.05	116.00
1052.23	19.00
1052.40	-4.00
1052.58	64.00
1052.76	87.00
1052.93	72.00
1053.11	65.00
1053.29	56.00
1053.46	32.00
1053.64	65.00
1053.82	28.00
1053.99	-5.00
1054.17	12.00
1054.35	38.00
1054.52	97.00
1054.70	58.00
1054.87	92.00
1055.05	56.00
1055.23	27.00
1055.40	42.00
1055.58	47.00
1055.76	56.00
1055.93	56.00
1056.11	53.00
1056.29	-25.00
1056.46	20.00
1056.64	28.00
1056.81	80.00
1056.99	-31.00
1057.17	5.00
1057.34	12.00
1057.52	8.00
1057.70	-28.00
1057.87	47.00
1058.05	25.00
1058.22	-42.00
1058.40	4.00
1058.58	34.00
1058.75	38.00
1058.93	49.00
1059.11	59.00
1059.28	-50.00
1059.46	3.00
1059.63	21.00
1059.81	38.00
1059.99	-6.00
1060.16	-55.00
1060.34	-64.00
1060.52	29.00
1060.69	53.00
1060.87	75.00
1061.04	9.00
1061.22	16.00
