367.62	69.00
367.82	31.00
368.02	41.00
368.23	123.00
368.43	105.00
368.63	86.00
368.83	13.00
369.04	31.00
369.24	143.00
369.44	83.00
369.65	115.00
369.85	74.00
370.05	101.00
370.25	106.00
370.46	76.00
370.66	67.00
370.86	43.00
371.07	41.00
371.27	71.00
371.47	80.00
371.67	36.00
371.88	95.00
372.08	109.00
372.28	88.00
372.49	60.00
372.69	102.00
372.89	108.00
373.09	81.00
373.30	78.00
373.50	48.00
373.70	47.00
373.91	60.00
374.11	140.00
374.31	147.00
374.51	114.00
374.72	75.00
374.92	74.00
375.12	86.00
375.33	67.00
375.53	133.00
375.73	92.00
375.93	15.00
376.14	49.00
376.34	96.00
376.54	-11.00
376.74	56.00
376.95	13.00
377.15	95.00
377.35	92.00
377.55	95.00
377.76	112.00
377.96	40.00
378.16	110.00
378.37	90.00
378.57	136.00
378.77	40.00
378.97	66.00
379.18	39.00
379.38	-5.00
379.58	36.00
379.78	88.00
379.99	85.00
380.19	18.00
380.39	74.00
380.59	104.00
380.80	140.00
381.00	72.00
381.20	79.00
381.40	133.00
381.61	102.00
381.81	88.00
382.01	92.00
382.21	87.00
382.42	72.00
382.62	69.00
382.82	82.00
383.02	108.00
383.23	106.00
383.43	128.00
383.63	129.00
383.83	75.00
384.04	102.00
384.24	63.00
384.44	68.00
384.64	62.00
384.85	90.00
385.05	157.00
385.25	98.00
385.45	30.00
385.66	3.00
385.86	69.00
386.06	130.00
386.26	113.00
386.47	67.00
386.67	53.00
386.87	96.00
387.07	71.00
387.27	39.00
387.48	104.00
387.68	103.00
387.88	70.00
388.08	59.00
388.29	17.00
388.49	42.00
388.69	120.00
388.89	109.00
389.10	12.00
389.30	107.00
389.50	39.00
389.70	96.00
389.90	64.00
390.11	58.00
390.31	183.00
390.51	204.00
390.71	76.00
390.92	44.00
391.12	117.00
391.32	123.00
391.52	50.00
391.72	60.00
391.93	144.00
392.13	86.00
392.33	71.00
392.53	145.00
392.74	90.00
392.94	72.00
393.14	101.00
393.34	70.00
393.54	114.00
393.75	89.00
393.95	100.00
394.15	92.00
394.35	149.00
394.56	165.00
394.76	143.00
394.96	104.00
395.16	78.00
395.36	85.00
395.57	83.00
395.77	113.00
395.97	98.00
396.17	55.00
396.37	19.00
396.58	28.00
396.78	21.00
396.98	121.00
397.18	176.00
397.38	83.00
397.59	108.00
397.79	96.00
397.99	102.00
398.19	110.00
398.39	94.00
398.60	178.00
398.80	192.00
399.00	139.00
399.20	81.00
399.40	105.00
399.61	97.00
399.81	64.00
400.01	59.00
400.21	81.00
400.41	83.00
400.62	-4.00
400.82	4.00
401.02	82.00
401.22	84.00
401.42	66.00
401.63	52.00
401.83	56.00
402.03	105.00
402.23	124.00
402.43	101.00
402.64	82.00
402.84	106.00
403.04	104.00
403.24	142.00
403.44	101.00
403.64	65.00
403.85	121.00
404.05	66.00
404.25	111.00
404.45	134.00
404.65	48.00
404.86	129.00
405.06	79.00
405.26	167.00
405.46	205.00
405.66	120.00
405.86	126.00
406.07	94.00
406.27	112.00
406.47	23.00
406.67	92.00
406.87	139.00
407.07	109.00
407.28	126.00
407.48	55.00
407.68	100.00
407.88	149.00
408.08	71.00
408.28	93.00
408.49	131.00
408.69	122.00
408.89	91.00
409.09	102.00
409.29	146.00
409.49	145.00
409.70	67.00
409.90	154.00
410.10	169.00
410.30	119.00
410.50	57.00
410.70	140.00
410.91	175.00
411.11	110.00
411.31	127.00
411.51	92.00
411.71	86.00
411.91	112.00
412.12	61.00
412.32	77.00
412.52	46.00
412.72	17.00
412.92	76.00
413.12	53.00
413.32	116.00
413.53	17.00
413.73	56.00
413.93	98.00
414.13	85.00
414.33	156.00
414.53	98.00
414.74	122.00
414.94	81.00
415.14	63.00
415.34	98.00
415.54	67.00
415.74	69.00
415.94	61.00
416.15	112.00
416.35	127.00
416.55	115.00
416.75	43.00
416.95	142.00
417.15	106.00
417.35	83.00
417.56	69.00
417.76	75.00
417.96	159.00
418.16	97.00
418.36	142.00
418.56	130.00
418.76	136.00
418.97	116.00
419.17	185.00
419.37	111.00
419.57	95.00
419.77	112.00
419.97	124.00
420.17	118.00
420.37	93.00
420.58	95.00
420.78	48.00
420.98	46.00
421.18	63.00
421.38	111.00
421.58	147.00
421.78	134.00
421.98	145.00
422.19	187.00
422.39	104.00
422.59	86.00
422.79	67.00
422.99	7.00
423.19	75.00
423.39	126.00
423.59	169.00
423.80	121.00
424.00	93.00
424.20	125.00
424.40	85.00
424.60	69.00
424.80	29.00
425.00	109.00
425.20	118.00
425.40	67.00
425.61	104.00
425.81	77.00
426.01	137.00
426.21	143.00
426.41	118.00
426.61	102.00
426.81	130.00
427.01	65.00
427.21	44.00
427.42	79.00
427.62	167.00
427.82	157.00
428.02	104.00
428.22	108.00
428.42	39.00
428.62	138.00
428.82	148.00
429.02	86.00
429.23	86.00
429.43	76.00
429.63	53.00
429.83	106.00
430.03	149.00
430.23	93.00
430.43	110.00
430.63	107.00
430.83	99.00
431.03	133.00
431.24	83.00
431.44	115.00
431.64	130.00
431.84	159.00
432.04	88.00
432.24	53.00
432.44	105.00
432.64	85.00
432.84	4.00
433.04	22.00
433.24	112.00
433.45	115.00
433.65	156.00
433.85	84.00
434.05	97.00
434.25	76.00
434.45	53.00
434.65	108.00
434.85	12.00
435.05	94.00
435.25	108.00
435.45	99.00
435.65	74.00
435.86	112.00
436.06	69.00
436.26	90.00
436.46	73.00
436.66	41.00
436.86	50.00
437.06	103.00
437.26	71.00
437.46	115.00
437.66	159.00
437.86	153.00
438.06	74.00
438.26	40.00
438.47	90.00
438.67	80.00
438.87	129.00
439.07	101.00
439.27	92.00
439.47	155.00
439.67	80.00
439.87	79.00
440.07	96.00
440.27	120.00
440.47	132.00
440.67	196.00
440.87	85.00
441.07	120.00
441.27	168.00
441.48	178.00
441.68	102.00
441.88	73.00
442.08	156.00
442.28	142.00
442.48	117.00
442.68	129.00
442.88	111.00
443.08	102.00
443.28	59.00
443.48	103.00
443.68	132.00
443.88	194.00
444.08	155.00
444.28	109.00
444.48	113.00
444.68	164.00
444.88	101.00
445.09	136.00
445.29	43.00
445.49	52.00
445.69	76.00
445.89	111.00
446.09	210.00
446.29	135.00
446.49	146.00
446.69	168.00
446.89	116.00
447.09	125.00
447.29	161.00
447.49	141.00
447.69	54.00
447.89	126.00
448.09	102.00
448.29	89.00
448.49	126.00
448.69	133.00
448.89	83.00
449.09	115.00
449.29	104.00
449.49	107.00
449.70	175.00
449.90	167.00
450.10	132.00
450.30	98.00
450.50	98.00
450.70	161.00
450.90	169.00
451.10	126.00
451.30	151.00
451.50	135.00
451.70	137.00
451.90	177.00
452.10	143.00
452.30	89.00
452.50	157.00
452.70	235.00
452.90	180.00
453.10	129.00
453.30	94.00
453.50	171.00
453.70	145.00
453.90	122.00
454.10	94.00
454.30	95.00
454.50	147.00
454.70	127.00
454.90	171.00
455.10	93.00
455.30	77.00
455.50	120.00
455.70	172.00
455.90	100.00
456.10	111.00
456.30	74.00
456.50	84.00
456.70	182.00
456.90	198.00
457.10	200.00
457.30	149.00
457.50	162.00
457.70	137.00
457.90	87.00
458.10	154.00
458.30	160.00
458.50	71.00
458.70	112.00
458.90	75.00
459.10	139.00
459.30	158.00
459.50	110.00
459.70	128.00
459.90	145.00
460.10	79.00
460.30	119.00
460.50	93.00
460.70	82.00
460.90	152.00
461.10	139.00
461.30	172.00
461.50	164.00
461.70	181.00
461.90	132.00
462.10	157.00
462.30	186.00
462.50	188.00
462.70	123.00
462.90	226.00
463.10	210.00
463.30	117.00
463.50	94.00
463.70	186.00
463.90	129.00
464.10	153.00
464.30	161.00
464.50	185.00
464.70	149.00
464.90	148.00
465.10	219.00
465.30	237.00
465.50	118.00
465.70	66.00
465.90	36.00
466.10	124.00
466.30	180.00
466.50	137.00
466.70	163.00
466.90	132.00
467.10	116.00
467.30	196.00
467.50	146.00
467.70	186.00
467.90	168.00
468.10	148.00
468.30	126.00
468.50	133.00
468.70	147.00
468.90	200.00
469.10	166.00
469.30	145.00
469.50	196.00
469.70	184.00
469.90	174.00
470.10	173.00
470.30	175.00
470.50	150.00
470.70	182.00
470.90	231.00
471.10	161.00
471.29	160.00
471.49	155.00
471.69	185.00
471.89	110.00
472.09	146.00
472.29	188.00
472.49	158.00
472.69	84.00
472.89	97.00
473.09	123.00
473.29	170.00
473.49	133.00
473.69	110.00
473.89	92.00
474.09	118.00
474.29	155.00
474.49	163.00
474.69	135.00
474.89	112.00
475.09	109.00
475.29	152.00
475.49	177.00
475.69	138.00
475.88	212.00
476.08	156.00
476.28	190.00
476.48	143.00
476.68	175.00
476.88	160.00
477.08	122.00
477.28	63.00
477.48	101.00
477.68	94.00
477.88	134.00
478.08	145.00
478.28	170.00
478.48	177.00
478.68	205.00
478.88	185.00
479.08	151.00
479.28	129.00
479.47	90.00
479.67	135.00
479.87	183.00
480.07	171.00
480.27	148.00
480.47	157.00
480.67	220.00
480.87	163.00
481.07	163.00
481.27	150.00
481.47	137.00
481.67	136.00
481.87	185.00
482.07	168.00
482.27	183.00
482.46	192.00
482.66	124.00
482.86	145.00
483.06	140.00
483.26	187.00
483.46	170.00
483.66	178.00
483.86	231.00
484.06	178.00
484.26	186.00
484.46	113.00
484.66	143.00
484.86	184.00
485.05	189.00
485.25	159.00
485.45	118.00
485.65	110.00
485.85	170.00
486.05	183.00
486.25	137.00
486.45	209.00
486.65	231.00
486.85	177.00
487.05	176.00
487.25	176.00
487.44	196.00
487.64	191.00
487.84	155.00
488.04	166.00
488.24	152.00
488.44	208.00
488.64	144.00
488.84	204.00
489.04	151.00
489.24	142.00
489.43	218.00
489.63	154.00
489.83	170.00
490.03	147.00
490.23	201.00
490.43	217.00
490.63	187.00
490.83	215.00
491.03	202.00
491.23	182.00
491.42	185.00
491.62	193.00
491.82	217.00
492.02	231.00
492.22	209.00
492.42	162.00
492.62	207.00
492.82	221.00
493.02	250.00
493.22	232.00
493.41	205.00
493.61	134.00
493.81	206.00
494.01	171.00
494.21	168.00
494.41	207.00
494.61	261.00
494.81	289.00
495.01	218.00
495.20	202.00
495.40	197.00
495.60	271.00
495.80	246.00
496.00	133.00
496.20	189.00
496.40	240.00
496.60	214.00
496.79	169.00
496.99	224.00
497.19	148.00
497.39	164.00
497.59	189.00
497.79	258.00
497.99	252.00
498.19	222.00
498.38	226.00
498.58	250.00
498.78	257.00
498.98	258.00
499.18	253.00
499.38	251.00
499.58	223.00
499.78	188.00
499.97	259.00
500.17	228.00
500.37	232.00
500.57	240.00
500.77	214.00
500.97	221.00
501.17	200.00
501.37	224.00
501.56	190.00
501.76	227.00
501.96	237.00
502.16	226.00
502.36	212.00
502.56	221.00
502.76	228.00
502.95	234.00
503.15	229.00
503.35	220.00
503.55	239.00
503.75	228.00
503.95	237.00
504.15	217.00
504.34	278.00
504.54	299.00
504.74	184.00
504.94	257.00
505.14	262.00
505.34	373.00
505.54	300.00
505.73	226.00
505.93	241.00
506.13	195.00
506.33	223.00
506.53	192.00
506.73	201.00
506.92	254.00
507.12	226.00
507.32	230.00
507.52	144.00
507.72	192.00
507.92	241.00
508.12	247.00
508.31	225.00
508.51	222.00
508.71	214.00
508.91	186.00
509.11	237.00
509.31	265.00
509.50	227.00
509.70	193.00
509.90	187.00
510.10	248.00
510.30	162.00
510.50	249.00
510.69	281.00
510.89	201.00
511.09	144.00
511.29	223.00
511.49	242.00
511.69	225.00
511.88	238.00
512.08	262.00
512.28	193.00
512.48	191.00
512.68	203.00
512.88	279.00
513.07	193.00
513.27	207.00
513.47	231.00
513.67	275.00
513.87	277.00
514.06	226.00
514.26	218.00
514.46	245.00
514.66	237.00
514.86	274.00
515.06	263.00
515.25	213.00
515.45	251.00
515.65	228.00
515.85	155.00
516.05	263.00
516.24	303.00
516.44	272.00
516.64	176.00
516.84	227.00
517.04	335.00
517.23	284.00
517.43	194.00
517.63	242.00
517.83	296.00
518.03	274.00
518.23	228.00
518.42	239.00
518.62	221.00
518.82	286.00
519.02	269.00
519.22	284.00
519.41	236.00
519.61	218.00
519.81	173.00
520.01	169.00
520.21	196.00
520.40	274.00
520.60	249.00
520.80	229.00
521.00	191.00
521.20	192.00
521.39	277.00
521.59	252.00
521.79	253.00
521.99	191.00
522.19	256.00
522.38	292.00
522.58	278.00
522.78	287.00
522.98	239.00
523.17	202.00
523.37	270.00
523.57	277.00
523.77	182.00
523.97	257.00
524.16	309.00
524.36	307.00
524.56	274.00
524.76	229.00
524.96	266.00
525.15	211.00
525.35	287.00
525.55	333.00
525.75	330.00
525.94	245.00
526.14	361.00
526.34	278.00
526.54	248.00
526.74	225.00
526.93	229.00
527.13	333.00
527.33	331.00
527.53	288.00
527.72	325.00
527.92	330.00
528.12	324.00
528.32	351.00
528.52	382.00
528.71	393.00
528.91	355.00
529.11	298.00
529.31	267.00
529.50	337.00
529.70	276.00
529.90	293.00
530.10	335.00
530.29	342.00
530.49	306.00
530.69	348.00
530.89	393.00
531.09	292.00
531.28	255.00
531.48	281.00
531.68	348.00
531.88	373.00
532.07	366.00
532.27	305.00
532.47	288.00
532.67	316.00
532.86	412.00
533.06	369.00
533.26	320.00
533.46	352.00
533.65	368.00
533.85	378.00
534.05	342.00
534.25	346.00
534.44	444.00
534.64	406.00
534.84	465.00
535.04	425.00
535.23	411.00
535.43	342.00
535.63	401.00
535.83	438.00
536.02	420.00
536.22	382.00
536.42	421.00
536.62	471.00
536.81	341.00
537.01	398.00
537.21	379.00
537.41	349.00
537.60	384.00
537.80	388.00
538.00	423.00
538.20	446.00
538.39	422.00
538.59	394.00
538.79	410.00
538.99	472.00
539.18	531.00
539.38	463.00
539.58	515.00
539.77	413.00
539.97	450.00
540.17	447.00
540.37	470.00
540.56	543.00
540.76	457.00
540.96	441.00
541.16	407.00
541.35	439.00
541.55	452.00
541.75	464.00
541.94	482.00
542.14	529.00
542.34	572.00
542.54	614.00
542.73	562.00
542.93	531.00
543.13	512.00
543.33	566.00
543.52	607.00
543.72	615.00
543.92	481.00
544.11	556.00
544.31	567.00
544.51	552.00
544.71	611.00
544.90	587.00
545.10	554.00
545.30	519.00
545.49	466.00
545.69	484.00
545.89	509.00
546.09	595.00
546.28	583.00
546.48	517.00
546.68	436.00
546.87	472.00
547.07	477.00
547.27	421.00
547.47	522.00
547.66	492.00
547.86	526.00
548.06	541.00
548.25	533.00
548.45	541.00
548.65	496.00
548.84	553.00
549.04	621.00
549.24	512.00
549.44	470.00
549.63	474.00
549.83	547.00
550.03	498.00
550.22	506.00
550.42	491.00
550.62	525.00
550.81	536.00
551.01	465.00
551.21	471.00
551.41	502.00
551.60	471.00
551.80	490.00
552.00	509.00
552.19	525.00
552.39	555.00
552.59	517.00
552.78	461.00
552.98	397.00
553.18	486.00
553.37	532.00
553.57	516.00
553.77	503.00
553.96	497.00
554.16	435.00
554.36	460.00
554.56	440.00
554.75	464.00
554.95	469.00
555.15	506.00
555.34	438.00
555.54	524.00
555.74	462.00
555.93	436.00
556.13	449.00
556.33	445.00
556.52	418.00
556.72	473.00
556.92	478.00
557.11	442.00
557.31	514.00
557.51	445.00
557.70	433.00
557.90	465.00
558.10	399.00
558.29	453.00
558.49	439.00
558.69	433.00
558.88	411.00
559.08	375.00
559.28	359.00
559.47	430.00
559.67	514.00
559.87	471.00
560.06	364.00
560.26	434.00
560.46	419.00
560.65	425.00
560.85	454.00
561.05	450.00
561.24	481.00
561.44	400.00
561.64	367.00
561.83	417.00
562.03	377.00
562.23	471.00
562.42	396.00
562.62	408.00
562.82	382.00
563.01	322.00
563.21	404.00
563.40	412.00
563.60	420.00
563.80	471.00
563.99	397.00
564.19	472.00
564.39	478.00
564.58	488.00
564.78	468.00
564.98	447.00
565.17	420.00
565.37	379.00
565.57	424.00
565.76	394.00
565.96	431.00
566.16	450.00
566.35	407.00
566.55	448.00
566.74	495.00
566.94	429.00
567.14	441.00
567.33	486.00
567.53	448.00
567.73	398.00
567.92	470.00
568.12	497.00
568.32	533.00
568.51	524.00
568.71	529.00
568.90	471.00
569.10	496.00
569.30	489.00
569.49	512.00
569.69	519.00
569.89	463.00
570.08	454.00
570.28	396.00
570.47	470.00
570.67	525.00
570.87	475.00
571.06	491.00
571.26	452.00
571.46	485.00
571.65	495.00
571.85	503.00
572.04	547.00
572.24	536.00
572.44	563.00
572.63	507.00
572.83	506.00
573.03	574.00
573.22	520.00
573.42	600.00
573.61	502.00
573.81	561.00
574.01	519.00
574.20	522.00
574.40	562.00
574.59	631.00
574.79	591.00
574.99	555.00
575.18	515.00
575.38	535.00
575.58	511.00
575.77	512.00
575.97	680.00
576.16	641.00
576.36	626.00
576.56	687.00
576.75	644.00
576.95	596.00
577.14	638.00
577.34	655.00
577.54	613.00
577.73	618.00
577.93	640.00
578.12	691.00
578.32	737.00
578.52	728.00
578.71	757.00
578.91	680.00
579.10	605.00
579.30	695.00
579.50	692.00
579.69	656.00
579.89	710.00
580.08	761.00
580.28	743.00
580.48	750.00
580.67	778.00
580.87	743.00
581.06	777.00
581.26	902.00
581.45	869.00
581.65	927.00
581.85	825.00
582.04	772.00
582.24	867.00
582.43	814.00
582.63	889.00
582.83	980.00
583.02	910.00
583.22	937.00
583.41	951.00
583.61	846.00
583.80	892.00
584.00	921.00
584.20	959.00
584.39	905.00
584.59	999.00
584.78	1028.00
584.98	1037.00
585.17	994.00
585.37	1007.00
585.57	936.00
585.76	1030.00
585.96	1066.00
586.15	1071.00
586.35	1071.00
586.54	1124.00
586.74	1087.00
586.94	1155.00
587.13	1153.00
587.33	1180.00
587.52	1126.00
587.72	1285.00
587.91	1144.00
588.11	1201.00
588.31	1196.00
588.50	1137.00
588.70	1169.00
588.89	1182.00
589.09	1197.00
589.28	1190.00
589.48	1179.00
589.68	1177.00
589.87	1287.00
590.07	1252.00
590.26	1173.00
590.46	1245.00
590.65	1257.00
590.85	1270.00
591.04	1320.00
591.24	1348.00
591.44	1313.00
591.63	1331.00
591.83	1307.00
592.02	1320.00
592.22	1460.00
592.41	1429.00
592.61	1375.00
592.80	1501.00
593.00	1532.00
593.19	1482.00
593.39	1526.00
593.59	1509.00
593.78	1477.00
593.98	1422.00
594.17	1435.00
594.37	1505.00
594.56	1462.00
594.76	1490.00
594.95	1523.00
595.15	1579.00
595.34	1533.00
595.54	1489.00
595.73	1535.00
595.93	1603.00
596.13	1539.00
596.32	1529.00
596.52	1507.00
596.71	1574.00
596.91	1567.00
597.10	1581.00
597.30	1585.00
597.49	1611.00
597.69	1649.00
597.88	1725.00
598.08	1821.00
598.27	1724.00
598.47	1626.00
598.66	1690.00
598.86	1652.00
599.06	1645.00
599.25	1692.00
599.45	1703.00
599.64	1675.00
599.84	1708.00
600.03	1694.00
600.23	1676.00
600.42	1708.00
600.62	1634.00
600.81	1680.00
601.01	1705.00
601.20	1708.00
601.40	1704.00
601.59	1663.00
601.79	1694.00
601.98	1670.00
602.18	1676.00
602.37	1574.00
602.57	1553.00
602.76	1587.00
602.96	1709.00
603.15	1720.00
603.35	1691.00
603.54	1702.00
603.74	1667.00
603.93	1612.00
604.13	1628.00
604.32	1703.00
604.52	1789.00
604.71	1684.00
604.91	1700.00
605.10	1652.00
605.30	1711.00
605.49	1630.00
605.69	1672.00
605.88	1714.00
606.08	1674.00
606.27	1754.00
606.47	1727.00
606.66	1832.00
606.86	1717.00
607.05	1787.00
607.25	1747.00
607.44	1777.00
607.64	1768.00
607.83	1775.00
608.03	1795.00
608.22	1697.00
608.42	1818.00
608.61	1782.00
608.81	1803.00
609.00	1884.00
609.20	1853.00
609.39	1851.00
609.59	1995.00
609.78	2018.00
609.98	2092.00
610.17	2277.00
610.37	2360.00
610.56	2486.00
610.76	2705.00
610.95	2766.00
611.15	2795.00
611.34	2948.00
611.54	2965.00
611.73	2906.00
611.93	2815.00
612.12	2604.00
612.32	2432.00
612.51	2169.00
612.71	2093.00
612.90	1999.00
613.09	2046.00
613.29	2046.00
613.48	2141.00
613.68	1988.00
613.87	2023.00
614.07	2019.00
614.26	2019.00
614.46	1994.00
614.65	1994.00
614.85	2058.00
615.04	1946.00
615.24	1806.00
615.43	1851.00
615.63	1813.00
615.82	1805.00
616.02	1767.00
616.21	1811.00
616.40	1793.00
616.60	1818.00
616.79	1752.00
616.99	1745.00
617.18	1801.00
617.38	1835.00
617.57	1775.00
617.77	1798.00
617.96	1790.00
618.16	1829.00
618.35	1712.00
618.54	1703.00
618.74	1785.00
618.93	1739.00
619.13	1727.00
619.32	1736.00
619.52	1728.00
619.71	1715.00
619.91	1713.00
620.10	1847.00
620.30	1824.00
620.49	1798.00
620.68	1878.00
620.88	1857.00
621.07	1821.00
621.27	1810.00
621.46	1787.00
621.66	1837.00
621.85	1822.00
622.05	1839.00
622.24	1849.00
622.43	1872.00
622.63	1818.00
622.82	1893.00
623.02	1880.00
623.21	1833.00
623.41	1914.00
623.60	1863.00
623.80	1873.00
623.99	1834.00
624.18	1843.00
624.38	1865.00
624.57	1931.00
624.77	1959.00
624.96	1959.00
625.16	1969.00
625.35	1975.00
625.54	1932.00
625.74	1904.00
625.93	1962.00
626.13	2028.00
626.32	1960.00
626.52	1966.00
626.71	1950.00
626.90	1939.00
627.10	2064.00
627.29	2000.00
627.49	2033.00
627.68	1989.00
627.88	1967.00
628.07	2004.00
628.26	2012.00
628.46	2076.00
628.65	2004.00
628.85	2015.00
629.04	2078.00
629.23	2118.00
629.43	2108.00
629.62	2020.00
629.82	2087.00
630.01	2107.00
630.21	2055.00
630.40	2072.00
630.59	2264.00
630.79	2224.00
630.98	2318.00
631.18	2315.00
631.37	2226.00
631.56	2242.00
631.76	2378.00
631.95	2229.00
632.15	2161.00
632.34	2221.00
632.53	2217.00
632.73	2159.00
632.92	2160.00
633.12	2175.00
633.31	2138.00
633.50	2042.00
633.70	2005.00
633.89	2150.00
634.09	2169.00
634.28	2185.00
634.47	2207.00
634.67	2321.00
634.86	2229.00
635.06	2287.00
635.25	2298.00
635.44	2177.00
635.64	2342.00
635.83	2356.00
636.03	2337.00
636.22	2221.00
636.41	2319.00
636.61	2331.00
636.80	2284.00
637.00	2300.00
637.19	2405.00
637.38	2226.00
637.58	2331.00
637.77	2282.00
637.96	2420.00
638.16	2356.00
638.35	2435.00
638.55	2474.00
638.74	2379.00
638.93	2462.00
639.13	2492.00
639.32	2400.00
639.51	2497.00
639.71	2402.00
639.90	2435.00
640.10	2514.00
640.29	2482.00
640.48	2477.00
640.68	2619.00
640.87	2634.00
641.07	2685.00
641.26	2737.00
641.45	2698.00
641.65	2682.00
641.84	2765.00
642.03	2659.00
642.23	2550.00
642.42	2571.00
642.61	2633.00
642.81	2626.00
643.00	2667.00
643.20	2623.00
643.39	2698.00
643.58	2719.00
643.78	2713.00
643.97	2682.00
644.16	2731.00
644.36	2685.00
644.55	2696.00
644.74	2780.00
644.94	2903.00
645.13	2932.00
645.33	2814.00
645.52	2904.00
645.71	2772.00
645.91	2723.00
646.10	2804.00
646.29	2821.00
646.49	2872.00
646.68	2836.00
646.87	2804.00
647.07	2884.00
647.26	2828.00
647.45	2832.00
647.65	2844.00
647.84	2900.00
648.03	2986.00
648.23	2968.00
648.42	2964.00
648.62	2932.00
648.81	2930.00
649.00	2961.00
649.20	3074.00
649.39	2900.00
649.58	2982.00
649.78	3021.00
649.97	2936.00
650.16	2923.00
650.36	2984.00
650.55	3109.00
650.74	3045.00
650.94	3064.00
651.13	2939.00
651.32	3044.00
651.52	3108.00
651.71	3032.00
651.90	2976.00
652.10	2988.00
652.29	3038.00
652.48	3080.00
652.68	3088.00
652.87	2934.00
653.06	2914.00
653.26	2921.00
653.45	2934.00
653.64	2978.00
653.84	3127.00
654.03	2971.00
654.22	2920.00
654.42	3101.00
654.61	3119.00
654.80	3035.00
654.99	3110.00
655.19	3052.00
655.38	2948.00
655.57	2949.00
655.77	3088.00
655.96	3083.00
656.15	3012.00
656.35	3036.00
656.54	3046.00
656.73	3056.00
656.93	2936.00
657.12	2940.00
657.31	2978.00
657.51	3001.00
657.70	3076.00
657.89	3020.00
658.09	2994.00
658.28	3133.00
658.47	3102.00
658.66	3130.00
658.86	3086.00
659.05	3055.00
659.24	3007.00
659.44	2999.00
659.63	2993.00
659.82	2999.00
660.02	3068.00
660.21	2965.00
660.40	3057.00
660.60	2896.00
660.79	2843.00
660.98	2884.00
661.17	2896.00
661.37	2954.00
661.56	2986.00
661.75	2997.00
661.95	2928.00
662.14	2994.00
662.33	2967.00
662.52	3037.00
662.72	3090.00
662.91	3064.00
663.10	3049.00
663.30	3045.00
663.49	2957.00
663.68	3059.00
663.88	2988.00
664.07	2888.00
664.26	2911.00
664.45	2956.00
664.65	3026.00
664.84	2908.00
665.03	2838.00
665.23	2739.00
665.42	2820.00
665.61	2989.00
665.80	2830.00
666.00	2779.00
666.19	2810.00
666.38	2880.00
666.57	2898.00
666.77	2931.00
666.96	2860.00
667.15	2783.00
667.35	2742.00
667.54	2725.00
667.73	2845.00
667.92	2832.00
668.12	2779.00
668.31	2809.00
668.50	2782.00
668.70	2740.00
668.89	2786.00
669.08	2745.00
669.27	2742.00
669.47	2801.00
669.66	2800.00
669.85	2731.00
670.04	2849.00
670.24	2779.00
670.43	2709.00
670.62	2746.00
670.81	2881.00
671.01	2735.00
671.20	2688.00
671.39	2773.00
671.58	2663.00
671.78	2709.00
671.97	2746.00
672.16	2790.00
672.36	2814.00
672.55	2636.00
672.74	2638.00
672.93	2701.00
673.13	2679.00
673.32	2641.00
673.51	2750.00
673.70	2691.00
673.90	2751.00
674.09	2669.00
674.28	2580.00
674.47	2625.00
674.67	2680.00
674.86	2715.00
675.05	2662.00
675.24	2670.00
675.44	2674.00
675.63	2638.00
675.82	2644.00
676.01	2713.00
676.21	2619.00
676.40	2669.00
676.59	2611.00
676.78	2634.00
676.97	2564.00
677.17	2555.00
677.36	2543.00
677.55	2547.00
677.74	2609.00
677.94	2554.00
678.13	2506.00
678.32	2525.00
678.51	2639.00
678.71	2710.00
678.90	2623.00
679.09	2675.00
679.28	2531.00
679.48	2506.00
679.67	2593.00
679.86	2532.00
680.05	2514.00
680.24	2467.00
680.44	2503.00
680.63	2545.00
680.82	2622.00
681.01	2605.00
681.21	2509.00
681.40	2554.00
681.59	2541.00
681.78	2431.00
681.97	2400.00
682.17	2523.00
682.36	2541.00
682.55	2522.00
682.74	2491.00
682.94	2528.00
683.13	2538.00
683.32	2468.00
683.51	2521.00
683.70	2527.00
683.90	2526.00
684.09	2553.00
684.28	2504.00
684.47	2540.00
684.66	2541.00
684.86	2527.00
685.05	2569.00
685.24	2508.00
685.43	2460.00
685.63	2476.00
685.82	2496.00
686.01	2576.00
686.20	2534.00
686.39	2564.00
686.59	2554.00
686.78	2418.00
686.97	2610.00
687.16	2509.00
687.35	2568.00
687.55	2527.00
687.74	2521.00
687.93	2497.00
688.12	2482.00
688.31	2502.00
688.51	2481.00
688.70	2554.00
688.89	2618.00
689.08	2565.00
689.27	2443.00
689.47	2499.00
689.66	2547.00
689.85	2467.00
690.04	2496.00
690.23	2400.00
690.42	2450.00
690.62	2488.00
690.81	2442.00
691.00	2448.00
691.19	2494.00
691.38	2479.00
691.58	2502.00
691.77	2379.00
691.96	2428.00
692.15	2607.00
692.34	2621.00
692.54	2533.00
692.73	2574.00
692.92	2552.00
693.11	2640.00
693.30	2570.00
693.49	2539.00
693.69	2439.00
693.88	2552.00
694.07	2504.00
694.26	2549.00
694.45	2453.00
694.64	2455.00
694.84	2392.00
695.03	2494.00
695.22	2462.00
695.41	2422.00
695.60	2419.00
695.80	2498.00
695.99	2417.00
696.18	2487.00
696.37	2463.00
696.56	2444.00
696.75	2469.00
696.95	2495.00
697.14	2483.00
697.33	2549.00
697.52	2456.00
697.71	2545.00
697.90	2635.00
698.09	2594.00
698.29	2583.00
698.48	2586.00
698.67	2599.00
698.86	2499.00
699.05	2521.00
699.24	2583.00
699.44	2559.00
699.63	2614.00
699.82	2569.00
700.01	2596.00
700.20	2601.00
700.39	2622.00
700.58	2555.00
700.78	2499.00
700.97	2620.00
701.16	2504.00
701.35	2517.00
701.54	2628.00
701.73	2587.00
701.93	2642.00
702.12	2644.00
702.31	2666.00
702.50	2744.00
702.69	2773.00
702.88	2649.00
703.07	2684.00
703.27	2771.00
703.46	2838.00
703.65	2698.00
703.84	2761.00
704.03	2664.00
704.22	2667.00
704.41	2677.00
704.60	2717.00
704.80	2755.00
704.99	2802.00
705.18	2758.00
705.37	2751.00
705.56	2686.00
705.75	2736.00
705.94	2835.00
706.14	2763.00
706.33	2856.00
706.52	2949.00
706.71	2946.00
706.90	2835.00
707.09	2983.00
707.28	2920.00
707.47	2858.00
707.67	2885.00
707.86	2910.00
708.05	2932.00
708.24	2978.00
708.43	2919.00
708.62	2944.00
708.81	2987.00
709.00	3060.00
709.20	3023.00
709.39	3071.00
709.58	2976.00
709.77	2964.00
709.96	3058.00
710.15	2974.00
710.34	3009.00
710.53	2976.00
710.72	2974.00
710.92	3003.00
711.11	3029.00
711.30	2980.00
711.49	3122.00
711.68	3113.00
711.87	3132.00
712.06	3054.00
712.25	3086.00
712.44	3067.00
712.64	3043.00
712.83	3060.00
713.02	3197.00
713.21	3175.00
713.40	3127.00
713.59	3058.00
713.78	3068.00
713.97	3075.00
714.16	3011.00
714.35	3062.00
714.55	3165.00
714.74	3198.00
714.93	3176.00
715.12	3120.00
715.31	3137.00
715.50	3170.00
715.69	3121.00
715.88	3090.00
716.07	3068.00
716.26	3100.00
716.45	3149.00
716.65	3013.00
716.84	3089.00
717.03	3186.00
717.22	3064.00
717.41	3134.00
717.60	3245.00
717.79	3157.00
717.98	3187.00
718.17	3200.00
718.36	3107.00
718.55	3186.00
718.75	3200.00
718.94	3207.00
719.13	3190.00
719.32	3231.00
719.51	3269.00
719.70	3298.00
719.89	3319.00
720.08	3205.00
720.27	3258.00
720.46	3285.00
720.65	3261.00
720.84	3241.00
721.03	3253.00
721.22	3339.00
721.42	3299.00
721.61	3249.00
721.80	3287.00
721.99	3191.00
722.18	3191.00
722.37	3289.00
722.56	3270.00
722.75	3199.00
722.94	3268.00
723.13	3192.00
723.32	3228.00
723.51	3233.00
723.70	3220.00
723.89	3256.00
724.08	3318.00
724.28	3248.00
724.47	3228.00
724.66	3256.00
724.85	3232.00
725.04	3305.00
725.23	3264.00
725.42	3320.00
725.61	3296.00
725.80	3250.00
725.99	3392.00
726.18	3398.00
726.37	3404.00
726.56	3334.00
726.75	3237.00
726.94	3276.00
727.13	3311.00
727.32	3310.00
727.51	3233.00
727.71	3251.00
727.90	3248.00
728.09	3244.00
728.28	3233.00
728.47	3320.00
728.66	3232.00
728.85	3222.00
729.04	3240.00
729.23	3199.00
729.42	3228.00
729.61	3296.00
729.80	3223.00
729.99	3146.00
730.18	3228.00
730.37	3210.00
730.56	3258.00
730.75	3326.00
730.94	3301.00
731.13	3204.00
731.32	3197.00
731.51	3303.00
731.70	3317.00
731.89	3332.00
732.08	3258.00
732.27	3223.00
732.46	3290.00
732.65	3332.00
732.84	3324.00
733.04	3247.00
733.23	3344.00
733.42	3249.00
733.61	3258.00
733.80	3312.00
733.99	3352.00
734.18	3250.00
734.37	3200.00
734.56	3257.00
734.75	3132.00
734.94	3074.00
735.13	3139.00
735.32	3130.00
735.51	3051.00
735.70	3080.00
735.89	3155.00
736.08	3193.00
736.27	3187.00
736.46	3244.00
736.65	3210.00
736.84	3110.00
737.03	3283.00
737.22	3293.00
737.41	3152.00
737.60	3145.00
737.79	3143.00
737.98	3228.00
738.17	3185.00
738.36	3052.00
738.55	3140.00
738.74	3125.00
738.93	3086.00
739.12	3062.00
739.31	3108.00
739.50	3090.00
739.69	3151.00
739.88	3101.00
740.07	3023.00
740.26	3026.00
740.45	3009.00
740.64	2973.00
740.83	2943.00
741.02	2991.00
741.21	3021.00
741.40	3119.00
741.59	3070.00
741.78	2860.00
741.97	2924.00
742.16	3016.00
742.35	2944.00
742.54	2965.00
742.73	2920.00
742.92	2970.00
743.11	2934.00
743.30	2938.00
743.49	2871.00
743.68	2872.00
743.87	2883.00
744.06	2895.00
744.25	2865.00
744.44	2929.00
744.63	2888.00
744.82	2890.00
745.01	2885.00
745.20	2870.00
745.39	2964.00
745.58	2876.00
745.77	2813.00
745.96	2767.00
746.15	2865.00
746.34	2890.00
746.52	2920.00
746.71	2859.00
746.90	2876.00
747.09	2834.00
747.28	2791.00
747.47	2842.00
747.66	2791.00
747.85	2778.00
748.04	2733.00
748.23	2912.00
748.42	2911.00
748.61	2748.00
748.80	2783.00
748.99	2795.00
749.18	2726.00
749.37	2666.00
749.56	2706.00
749.75	2705.00
749.94	2659.00
750.13	2631.00
750.32	2597.00
750.51	2593.00
750.70	2709.00
750.89	2702.00
751.08	2622.00
751.27	2650.00
751.46	2694.00
751.64	2606.00
751.83	2695.00
752.02	2691.00
752.21	2753.00
752.40	2603.00
752.59	2579.00
752.78	2571.00
752.97	2547.00
753.16	2702.00
753.35	2546.00
753.54	2565.00
753.73	2545.00
753.92	2717.00
754.11	2697.00
754.30	2561.00
754.49	2598.00
754.68	2600.00
754.87	2508.00
755.06	2555.00
755.24	2537.00
755.43	2535.00
755.62	2572.00
755.81	2480.00
756.00	2465.00
756.19	2523.00
756.38	2509.00
756.57	2474.00
756.76	2496.00
756.95	2454.00
757.14	2466.00
757.33	2491.00
757.52	2373.00
757.71	2510.00
757.90	2481.00
758.08	2463.00
758.27	2450.00
758.46	2462.00
758.65	2485.00
758.84	2539.00
759.03	2463.00
759.22	2387.00
759.41	2363.00
759.60	2361.00
759.79	2397.00
759.98	2597.00
760.17	2378.00
760.36	2381.00
760.54	2389.00
760.73	2389.00
760.92	2323.00
761.11	2319.00
761.30	2300.00
761.49	2359.00
761.68	2247.00
761.87	2228.00
762.06	2154.00
762.25	2114.00
762.44	2104.00
762.63	2157.00
762.81	2124.00
763.00	2111.00
763.19	2135.00
763.38	2030.00
763.57	2072.00
763.76	2096.00
763.95	2098.00
764.14	2160.00
764.33	2091.00
764.52	2062.00
764.71	2128.00
764.89	2171.00
765.08	2096.00
765.27	2014.00
765.46	2073.00
765.65	2104.00
765.84	2026.00
766.03	2032.00
766.22	2045.00
766.41	2081.00
766.59	2056.00
766.78	2107.00
766.97	2182.00
767.16	2133.00
767.35	2200.00
767.54	2314.00
767.73	2263.00
767.92	2245.00
768.11	2316.00
768.30	2248.00
768.48	2241.00
768.67	2332.00
768.86	2408.00
769.05	2380.00
769.24	2278.00
769.43	2290.00
769.62	2318.00
769.81	2312.00
769.99	2272.00
770.18	2315.00
770.37	2281.00
770.56	2297.00
770.75	2260.00
770.94	2360.00
771.13	2317.00
771.32	2277.00
771.50	2281.00
771.69	2324.00
771.88	2308.00
772.07	2311.00
772.26	2274.00
772.45	2297.00
772.64	2332.00
772.83	2284.00
773.01	2244.00
773.20	2329.00
773.39	2262.00
773.58	2218.00
773.77	2206.00
773.96	2286.00
774.15	2270.00
774.34	2269.00
774.52	2275.00
774.71	2255.00
774.90	2149.00
775.09	2215.00
775.28	2176.00
775.47	2259.00
775.66	2239.00
775.84	2145.00
776.03	2203.00
776.22	2154.00
776.41	2130.00
776.60	2155.00
776.79	2171.00
776.98	2174.00
777.16	2229.00
777.35	2245.00
777.54	2270.00
777.73	2242.00
777.92	2215.00
778.11	2160.00
778.29	2140.00
778.48	2087.00
778.67	2023.00
778.86	2243.00
779.05	2338.00
779.24	2280.00
779.43	2267.00
779.61	2218.00
779.80	2172.00
779.99	2145.00
780.18	2204.00
780.37	2165.00
780.56	2189.00
780.74	2236.00
780.93	2293.00
781.12	2276.00
781.31	2256.00
781.50	2172.00
781.69	2160.00
781.87	2241.00
782.06	2302.00
782.25	2278.00
782.44	2286.00
782.63	2256.00
782.82	2219.00
783.00	2207.00
783.19	2315.00
783.38	2267.00
783.57	2226.00
783.76	2156.00
783.95	2156.00
784.13	2264.00
784.32	2206.00
784.51	2193.00
784.70	2258.00
784.89	2232.00
785.08	2266.00
785.26	2267.00
785.45	2252.00
785.64	2299.00
785.83	2272.00
786.02	2307.00
786.20	2274.00
786.39	2350.00
786.58	2273.00
786.77	2294.00
786.96	2189.00
787.15	2291.00
787.33	2315.00
787.52	2316.00
787.71	2263.00
787.90	2237.00
788.09	2315.00
788.27	2274.00
788.46	2194.00
788.65	2281.00
788.84	2318.00
789.03	2286.00
789.21	2245.00
789.40	2383.00
789.59	2292.00
789.78	2315.00
789.97	2341.00
790.15	2369.00
790.34	2359.00
790.53	2298.00
790.72	2338.00
790.91	2436.00
791.09	2379.00
791.28	2370.00
791.47	2429.00
791.66	2317.00
791.85	2320.00
792.03	2368.00
792.22	2371.00
792.41	2341.00
792.60	2381.00
792.79	2508.00
792.97	2424.00
793.16	2412.00
793.35	2434.00
793.54	2373.00
793.72	2470.00
793.91	2402.00
794.10	2362.00
794.29	2439.00
794.48	2416.00
794.66	2541.00
794.85	2487.00
795.04	2409.00
795.23	2511.00
795.42	2520.00
795.60	2487.00
795.79	2406.00
795.98	2366.00
796.17	2375.00
796.35	2490.00
796.54	2421.00
796.73	2443.00
796.92	2481.00
797.11	2445.00
797.29	2423.00
797.48	2486.00
797.67	2477.00
797.86	2414.00
798.04	2384.00
798.23	2407.00
798.42	2431.00
798.61	2470.00
798.79	2443.00
798.98	2346.00
799.17	2397.00
799.36	2352.00
799.54	2447.00
799.73	2514.00
799.92	2437.00
800.11	2390.00
800.30	2348.00
800.48	2400.00
800.67	2443.00
800.86	2424.00
801.05	2439.00
801.23	2476.00
801.42	2420.00
801.61	2491.00
801.80	2444.00
801.98	2381.00
802.17	2354.00
802.36	2374.00
802.55	2397.00
802.73	2534.00
802.92	2474.00
803.11	2455.00
803.30	2435.00
803.48	2365.00
803.67	2483.00
803.86	2523.00
804.05	2459.00
804.23	2513.00
804.42	2410.00
804.61	2401.00
804.80	2413.00
804.98	2444.00
805.17	2499.00
805.36	2479.00
805.54	2548.00
805.73	2448.00
805.92	2440.00
806.11	2449.00
806.29	2487.00
806.48	2470.00
806.67	2430.00
806.86	2452.00
807.04	2544.00
807.23	2492.00
807.42	2499.00
807.61	2493.00
807.79	2452.00
807.98	2492.00
808.17	2476.00
808.35	2508.00
808.54	2513.00
808.73	2508.00
808.92	2458.00
809.10	2466.00
809.29	2434.00
809.48	2434.00
809.67	2504.00
809.85	2499.00
810.04	2535.00
810.23	2545.00
810.41	2543.00
810.60	2566.00
810.79	2517.00
810.98	2571.00
811.16	2638.00
811.35	2538.00
811.54	2471.00
811.72	2539.00
811.91	2584.00
812.10	2447.00
812.29	2487.00
812.47	2500.00
812.66	2509.00
812.85	2488.00
813.03	2390.00
813.22	2439.00
813.41	2426.00
813.60	2428.00
813.78	2426.00
813.97	2357.00
814.16	2497.00
814.34	2473.00
814.53	2478.00
814.72	2437.00
814.90	2402.00
815.09	2444.00
815.28	2404.00
815.47	2447.00
815.65	2328.00
815.84	2339.00
816.03	2434.00
816.21	2484.00
816.40	2496.00
816.59	2592.00
816.77	2440.00
816.96	2515.00
817.15	2546.00
817.33	2538.00
817.52	2586.00
817.71	2474.00
817.90	2469.00
818.08	2417.00
818.27	2391.00
818.46	2531.00
818.64	2545.00
818.83	2488.00
819.02	2437.00
819.20	2470.00
819.39	2519.00
819.58	2459.00
819.76	2460.00
819.95	2421.00
820.14	2431.00
820.32	2424.00
820.51	2415.00
820.70	2402.00
820.88	2504.00
821.07	2495.00
821.26	2486.00
821.44	2550.00
821.63	2431.00
821.82	2468.00
822.01	2579.00
822.19	2533.00
822.38	2527.00
822.57	2494.00
822.75	2516.00
822.94	2431.00
823.13	2416.00
823.31	2481.00
823.50	2447.00
823.69	2464.00
823.87	2454.00
824.06	2584.00
824.25	2532.00
824.43	2444.00
824.62	2476.00
824.80	2411.00
824.99	2448.00
825.18	2410.00
825.36	2408.00
825.55	2442.00
825.74	2370.00
825.92	2458.00
826.11	2487.00
826.30	2468.00
826.48	2419.00
826.67	2425.00
826.86	2477.00
827.04	2406.00
827.23	2350.00
827.42	2509.00
827.60	2392.00
827.79	2408.00
827.98	2305.00
828.16	2385.00
828.35	2392.00
828.54	2346.00
828.72	2392.00
828.91	2311.00
829.09	2352.00
829.28	2254.00
829.47	2319.00
829.65	2358.00
829.84	2332.00
830.03	2302.00
830.21	2285.00
830.40	2366.00
830.59	2415.00
830.77	2372.00
830.96	2351.00
831.14	2323.00
831.33	2381.00
831.52	2312.00
831.70	2298.00
831.89	2290.00
832.08	2290.00
832.26	2237.00
832.45	2348.00
832.64	2293.00
832.82	2285.00
833.01	2261.00
833.19	2250.00
833.38	2314.00
833.57	2252.00
833.75	2218.00
833.94	2230.00
834.13	2251.00
834.31	2289.00
834.50	2282.00
834.68	2195.00
834.87	2255.00
835.06	2301.00
835.24	2332.00
835.43	2335.00
835.61	2267.00
835.80	2271.00
835.99	2261.00
836.17	2250.00
836.36	2245.00
836.55	2138.00
836.73	2197.00
836.92	2228.00
837.10	2247.00
837.29	2223.00
837.48	2223.00
837.66	2257.00
837.85	2276.00
838.03	2264.00
838.22	2271.00
838.41	2203.00
838.59	2300.00
838.78	2232.00
838.96	2282.00
839.15	2175.00
839.34	2187.00
839.52	2208.00
839.71	2242.00
839.89	2159.00
840.08	2186.00
840.27	2151.00
840.45	2244.00
840.64	2175.00
840.82	2141.00
841.01	2173.00
841.20	2185.00
841.38	2104.00
841.57	2059.00
841.75	2160.00
841.94	2195.00
842.13	2095.00
842.31	2038.00
842.50	2043.00
842.68	2128.00
842.87	2079.00
843.05	2205.00
843.24	2087.00
843.43	2075.00
843.61	2190.00
843.80	2129.00
843.98	2076.00
844.17	2098.00
844.36	2093.00
844.54	2105.00
844.73	2113.00
844.91	2058.00
845.10	2011.00
845.28	2040.00
845.47	2055.00
845.66	2024.00
845.84	2003.00
846.03	1985.00
846.21	1964.00
846.40	1938.00
846.58	1948.00
846.77	2139.00
846.96	2053.00
847.14	2018.00
847.33	2039.00
847.51	2020.00
847.70	1995.00
847.88	1934.00
848.07	1955.00
848.25	2016.00
848.44	1950.00
848.63	2001.00
848.81	1919.00
849.00	1907.00
849.18	2008.00
849.37	1999.00
849.55	1957.00
849.74	1961.00
849.93	1937.00
850.11	1906.00
850.30	1960.00
850.48	1907.00
850.67	1877.00
850.85	1867.00
851.04	1929.00
851.22	1858.00
851.41	1906.00
851.59	1881.00
851.78	1801.00
851.97	1869.00
852.15	1871.00
852.34	1911.00
852.52	1848.00
852.71	1916.00
852.89	1879.00
853.08	1903.00
853.26	1983.00
853.45	1994.00
853.63	1872.00
853.82	1855.00
854.01	1882.00
854.19	1835.00
854.38	1883.00
854.56	1806.00
854.75	1859.00
854.93	1797.00
855.12	1814.00
855.30	1831.00
855.49	1867.00
855.67	1846.00
855.86	1835.00
856.04	1841.00
856.23	1814.00
856.41	1802.00
856.60	1807.00
856.79	1797.00
856.97	1836.00
857.16	1813.00
857.34	1881.00
857.53	1811.00
857.71	1893.00
857.90	1884.00
858.08	1884.00
858.27	1793.00
858.45	1812.00
858.64	1728.00
858.82	1740.00
859.01	1780.00
859.19	1796.00
859.38	1716.00
859.56	1822.00
859.75	1868.00
859.93	1802.00
860.12	1808.00
860.30	1712.00
860.49	1701.00
860.67	1822.00
860.86	1827.00
861.04	1842.00
861.23	1786.00
861.41	1760.00
861.60	1715.00
861.78	1640.00
861.97	1749.00
862.15	1733.00
862.34	1696.00
862.53	1752.00
862.71	1808.00
862.90	1713.00
863.08	1740.00
863.27	1816.00
863.45	1732.00
863.64	1706.00
863.82	1716.00
864.01	1686.00
864.19	1674.00
864.37	1676.00
864.56	1657.00
864.74	1626.00
864.93	1597.00
865.11	1619.00
865.30	1676.00
865.48	1675.00
865.67	1713.00
865.85	1662.00
866.04	1641.00
866.22	1640.00
866.41	1616.00
866.59	1533.00
866.78	1599.00
866.96	1685.00
867.15	1628.00
867.33	1564.00
867.52	1629.00
867.70	1622.00
867.89	1644.00
868.07	1578.00
868.26	1620.00
868.44	1548.00
868.63	1485.00
868.81	1484.00
869.00	1569.00
869.18	1548.00
869.37	1522.00
869.55	1512.00
869.74	1564.00
869.92	1562.00
870.10	1642.00
870.29	1595.00
870.47	1558.00
870.66	1584.00
870.84	1481.00
871.03	1485.00
871.21	1555.00
871.40	1581.00
871.58	1580.00
871.77	1458.00
871.95	1480.00
872.14	1545.00
872.32	1482.00
872.51	1420.00
872.69	1497.00
872.87	1568.00
873.06	1563.00
873.24	1579.00
873.43	1486.00
873.61	1479.00
873.80	1524.00
873.98	1484.00
874.17	1426.00
874.35	1453.00
874.54	1484.00
874.72	1474.00
874.90	1514.00
875.09	1455.00
875.27	1463.00
875.46	1488.00
875.64	1433.00
875.83	1499.00
876.01	1469.00
876.20	1429.00
876.38	1420.00
876.56	1456.00
876.75	1500.00
876.93	1450.00
877.12	1399.00
877.30	1434.00
877.49	1434.00
877.67	1472.00
877.86	1383.00
878.04	1446.00
878.22	1427.00
878.41	1381.00
878.59	1400.00
878.78	1532.00
878.96	1407.00
879.15	1427.00
879.33	1425.00
879.51	1458.00
879.70	1498.00
879.88	1494.00
880.07	1557.00
880.25	1578.00
880.44	1461.00
880.62	1409.00
880.80	1401.00
880.99	1462.00
881.17	1495.00
881.36	1406.00
881.54	1460.00
881.73	1415.00
881.91	1413.00
882.09	1444.00
882.28	1375.00
882.46	1422.00
882.65	1442.00
882.83	1325.00
883.02	1410.00
883.20	1465.00
883.38	1507.00
883.57	1421.00
883.75	1369.00
883.94	1405.00
884.12	1427.00
884.30	1356.00
884.49	1333.00
884.67	1356.00
884.86	1393.00
885.04	1385.00
885.22	1312.00
885.41	1243.00
885.59	1306.00
885.78	1384.00
885.96	1447.00
886.14	1356.00
886.33	1494.00
886.51	1407.00
886.70	1450.00
886.88	1392.00
887.06	1376.00
887.25	1397.00
887.43	1418.00
887.62	1399.00
887.80	1330.00
887.98	1306.00
888.17	1284.00
888.35	1303.00
888.54	1420.00
888.72	1423.00
888.90	1415.00
889.09	1304.00
889.27	1388.00
889.46	1404.00
889.64	1399.00
889.82	1308.00
890.01	1320.00
890.19	1374.00
890.38	1410.00
890.56	1296.00
890.74	1362.00
890.93	1386.00
891.11	1335.00
891.29	1343.00
891.48	1338.00
891.66	1375.00
891.85	1301.00
892.03	1328.00
892.21	1361.00
892.40	1363.00
892.58	1382.00
892.76	1401.00
892.95	1352.00
893.13	1324.00
893.32	1369.00
893.50	1289.00
893.68	1331.00
893.87	1376.00
894.05	1328.00
894.23	1381.00
894.42	1338.00
894.60	1344.00
894.79	1360.00
894.97	1408.00
895.15	1395.00
895.34	1325.00
895.52	1296.00
895.70	1348.00
895.89	1400.00
896.07	1366.00
896.25	1416.00
896.44	1376.00
896.62	1370.00
896.81	1414.00
896.99	1279.00
897.17	1366.00
897.36	1336.00
897.54	1377.00
897.72	1443.00
897.91	1401.00
898.09	1303.00
898.27	1326.00
898.46	1366.00
898.64	1368.00
898.82	1421.00
899.01	1414.00
899.19	1427.00
899.37	1409.00
899.56	1396.00
899.74	1419.00
899.92	1399.00
900.11	1426.00
900.29	1392.00
900.47	1376.00
900.66	1404.00
900.84	1482.00
901.03	1513.00
901.21	1580.00
901.39	1454.00
901.58	1438.00
901.76	1437.00
901.94	1401.00
902.13	1368.00
902.31	1473.00
902.49	1467.00
902.68	1465.00
902.86	1551.00
903.04	1524.00
903.23	1433.00
903.41	1582.00
903.59	1458.00
903.78	1480.00
903.96	1436.00
904.14	1358.00
904.32	1469.00
904.51	1483.00
904.69	1558.00
904.87	1530.00
905.06	1453.00
905.24	1532.00
905.42	1468.00
905.61	1495.00
905.79	1569.00
905.97	1549.00
906.16	1606.00
906.34	1572.00
906.52	1518.00
906.71	1491.00
906.89	1478.00
907.07	1453.00
907.26	1476.00
907.44	1523.00
907.62	1562.00
907.81	1493.00
907.99	1526.00
908.17	1524.00
908.35	1461.00
908.54	1397.00
908.72	1548.00
908.90	1565.00
909.09	1538.00
909.27	1498.00
909.45	1550.00
909.64	1574.00
909.82	1463.00
910.00	1539.00
910.18	1567.00
910.37	1541.00
910.55	1579.00
910.73	1563.00
910.92	1518.00
911.10	1455.00
911.28	1503.00
911.47	1477.00
911.65	1455.00
911.83	1493.00
912.01	1493.00
912.20	1526.00
912.38	1516.00
912.56	1443.00
912.75	1448.00
912.93	1482.00
913.11	1459.00
913.29	1486.00
913.48	1563.00
913.66	1444.00
913.84	1441.00
914.03	1425.00
914.21	1373.00
914.39	1420.00
914.57	1450.00
914.76	1500.00
914.94	1543.00
915.12	1464.00
915.31	1494.00
915.49	1447.00
915.67	1456.00
915.85	1400.00
916.04	1444.00
916.22	1511.00
916.40	1469.00
916.58	1454.00
916.77	1462.00
916.95	1454.00
917.13	1456.00
917.32	1438.00
917.50	1439.00
917.68	1475.00
917.86	1433.00
918.05	1398.00
918.23	1409.00
918.41	1383.00
918.59	1369.00
918.78	1393.00
918.96	1409.00
919.14	1410.00
919.32	1406.00
919.51	1394.00
919.69	1332.00
919.87	1354.00
920.05	1343.00
920.24	1371.00
920.42	1311.00
920.60	1398.00
920.78	1379.00
920.97	1281.00
921.15	1370.00
921.33	1420.00
921.52	1431.00
921.70	1479.00
921.88	1401.00
922.06	1309.00
922.24	1334.00
922.43	1366.00
922.61	1371.00
922.79	1468.00
922.97	1360.00
923.16	1321.00
923.34	1337.00
923.52	1341.00
923.70	1330.00
923.89	1308.00
924.07	1355.00
924.25	1323.00
924.43	1345.00
924.62	1353.00
924.80	1250.00
924.98	1322.00
925.16	1340.00
925.35	1395.00
925.53	1326.00
925.71	1341.00
925.89	1401.00
926.08	1256.00
926.26	1273.00
926.44	1263.00
926.62	1298.00
926.80	1318.00
926.99	1274.00
927.17	1292.00
927.35	1225.00
927.53	1295.00
927.72	1293.00
927.90	1287.00
928.08	1282.00
928.26	1275.00
928.44	1331.00
928.63	1312.00
928.81	1267.00
928.99	1267.00
929.17	1285.00
929.36	1239.00
929.54	1236.00
929.72	1273.00
929.90	1250.00
930.08	1290.00
930.27	1208.00
930.45	1242.00
930.63	1182.00
930.81	1159.00
930.99	1215.00
931.18	1274.00
931.36	1179.00
931.54	1215.00
931.72	1251.00
931.90	1272.00
932.09	1201.00
932.27	1146.00
932.45	1164.00
932.63	1150.00
932.81	1152.00
933.00	1138.00
933.18	1059.00
933.36	1082.00
933.54	1123.00
933.72	1124.00
933.91	1161.00
934.09	1078.00
934.27	1053.00
934.45	1032.00
934.63	1072.00
934.82	1043.00
935.00	1017.00
935.18	1040.00
935.36	1038.00
935.54	1048.00
935.73	1067.00
935.91	1065.00
936.09	996.00
936.27	949.00
936.45	920.00
936.64	957.00
936.82	978.00
937.00	950.00
937.18	919.00
937.36	874.00
937.54	867.00
937.73	847.00
937.91	821.00
938.09	739.00
938.27	789.00
938.45	933.00
938.63	838.00
938.82	806.00
939.00	901.00
939.18	828.00
939.36	847.00
939.54	825.00
939.73	795.00
939.91	773.00
940.09	736.00
940.27	728.00
940.45	727.00
940.63	703.00
940.82	703.00
941.00	694.00
941.18	700.00
941.36	712.00
941.54	743.00
941.72	746.00
941.91	717.00
942.09	704.00
942.27	656.00
942.45	654.00
942.63	695.00
942.81	647.00
942.99	660.00
943.18	686.00
943.36	685.00
943.54	636.00
943.72	587.00
943.90	626.00
944.08	607.00
944.27	625.00
944.45	690.00
944.63	661.00
944.81	633.00
944.99	573.00
945.17	501.00
945.35	585.00
945.54	605.00
945.72	542.00
945.90	643.00
946.08	651.00
946.26	682.00
946.44	649.00
946.62	699.00
946.81	685.00
946.99	606.00
947.17	587.00
947.35	656.00
947.53	660.00
947.71	691.00
947.89	671.00
948.07	671.00
948.26	600.00
948.44	692.00
948.62	712.00
948.80	686.00
948.98	655.00
949.16	648.00
949.34	648.00
949.53	600.00
949.71	635.00
949.89	582.00
950.07	662.00
950.25	680.00
950.43	638.00
950.61	620.00
950.79	639.00
950.98	629.00
951.16	698.00
951.34	659.00
951.52	654.00
951.70	622.00
951.88	645.00
952.06	615.00
952.24	641.00
952.42	631.00
952.61	649.00
952.79	598.00
952.97	603.00
953.15	684.00
953.33	634.00
953.51	551.00
953.69	687.00
953.87	690.00
954.05	642.00
954.24	663.00
954.42	568.00
954.60	590.00
954.78	555.00
954.96	591.00
955.14	614.00
955.32	638.00
955.50	565.00
955.68	616.00
955.86	662.00
956.05	675.00
956.23	629.00
956.41	644.00
956.59	612.00
956.77	579.00
956.95	580.00
957.13	559.00
957.31	604.00
957.49	608.00
957.67	653.00
957.86	648.00
958.04	545.00
958.22	592.00
958.40	598.00
958.58	588.00
958.76	624.00
958.94	575.00
959.12	620.00
959.30	611.00
959.48	588.00
959.66	650.00
959.84	664.00
960.03	672.00
960.21	613.00
960.39	574.00
960.57	561.00
960.75	580.00
960.93	552.00
961.11	565.00
961.29	533.00
961.47	544.00
961.65	490.00
961.83	568.00
962.01	585.00
962.19	537.00
962.37	530.00
962.56	589.00
962.74	600.00
962.92	601.00
963.10	612.00
963.28	667.00
963.46	649.00
963.64	554.00
963.82	565.00
964.00	588.00
964.18	593.00
964.36	534.00
964.54	531.00
964.72	619.00
964.90	606.00
965.08	570.00
965.27	579.00
965.45	540.00
965.63	603.00
965.81	593.00
965.99	609.00
966.17	595.00
966.35	594.00
966.53	600.00
966.71	537.00
966.89	585.00
967.07	479.00
967.25	491.00
967.43	546.00
967.61	574.00
967.79	652.00
967.97	525.00
968.15	511.00
968.33	591.00
968.51	471.00
968.69	554.00
968.87	540.00
969.06	503.00
969.24	496.00
969.42	586.00
969.60	583.00
969.78	536.00
969.96	547.00
970.14	534.00
970.32	561.00
970.50	557.00
970.68	514.00
970.86	537.00
971.04	587.00
971.22	486.00
971.40	489.00
971.58	547.00
971.76	557.00
971.94	521.00
972.12	523.00
972.30	505.00
972.48	460.00
972.66	549.00
972.84	519.00
973.02	454.00
973.20	478.00
973.38	534.00
973.56	520.00
973.74	572.00
973.92	527.00
974.10	579.00
974.28	519.00
974.46	472.00
974.64	512.00
974.82	502.00
975.00	460.00
975.18	508.00
975.36	500.00
975.54	470.00
975.72	543.00
975.90	588.00
976.08	532.00
976.26	554.00
976.44	491.00
976.62	548.00
976.80	460.00
976.98	458.00
977.16	503.00
977.34	447.00
977.52	482.00
977.70	462.00
977.88	439.00
978.06	495.00
978.24	449.00
978.42	453.00
978.60	457.00
978.78	447.00
978.96	476.00
979.14	480.00
979.32	546.00
979.50	482.00
979.68	491.00
979.86	508.00
980.04	478.00
980.22	459.00
980.40	519.00
980.58	472.00
980.76	434.00
980.94	453.00
981.12	501.00
981.30	469.00
981.48	408.00
981.66	475.00
981.84	452.00
982.02	443.00
982.20	437.00
982.38	466.00
982.56	396.00
982.74	442.00
982.92	445.00
983.10	467.00
983.28	483.00
983.46	498.00
983.64	437.00
983.82	394.00
984.00	464.00
984.18	442.00
984.36	447.00
984.54	442.00
984.72	401.00
984.90	414.00
985.08	423.00
985.26	419.00
985.44	395.00
985.62	406.00
985.80	425.00
985.98	353.00
986.16	370.00
986.34	390.00
986.51	377.00
986.69	447.00
986.87	443.00
987.05	393.00
987.23	409.00
987.41	451.00
987.59	412.00
987.77	403.00
987.95	454.00
988.13	449.00
988.31	455.00
988.49	422.00
988.67	389.00
988.85	421.00
989.03	397.00
989.21	400.00
989.39	433.00
989.57	385.00
989.75	398.00
989.93	358.00
990.11	436.00
990.28	403.00
990.46	368.00
990.64	401.00
990.82	365.00
991.00	422.00
991.18	382.00
991.36	356.00
991.54	407.00
991.72	388.00
991.90	419.00
992.08	443.00
992.26	422.00
992.44	400.00
992.62	364.00
992.80	392.00
992.98	441.00
993.15	443.00
993.33	430.00
993.51	380.00
993.69	394.00
993.87	343.00
994.05	325.00
994.23	321.00
994.41	370.00
994.59	325.00
994.77	344.00
994.95	394.00
995.13	411.00
995.31	389.00
995.48	407.00
995.66	354.00
995.84	347.00
996.02	370.00
996.20	422.00
996.38	391.00
996.56	343.00
996.74	322.00
996.92	309.00
997.10	335.00
997.28	358.00
997.46	349.00
997.63	239.00
997.81	319.00
997.99	345.00
998.17	381.00
998.35	389.00
998.53	446.00
998.71	327.00
998.89	328.00
999.07	314.00
999.25	351.00
999.43	311.00
999.60	347.00
999.78	368.00
999.96	379.00
1000.14	268.00
1000.32	216.00
1000.50	267.00
1000.68	376.00
1000.86	342.00
1001.04	348.00
1001.21	296.00
1001.39	384.00
1001.57	422.00
1001.75	349.00
1001.93	350.00
1002.11	368.00
1002.29	388.00
1002.47	373.00
1002.65	338.00
1002.82	303.00
1003.00	284.00
1003.18	286.00
1003.36	341.00
1003.54	345.00
1003.72	365.00
1003.90	340.00
1004.08	333.00
1004.26	304.00
1004.43	332.00
1004.61	380.00
1004.79	382.00
1004.97	319.00
1005.15	328.00
1005.33	318.00
1005.51	378.00
1005.69	337.00
1005.86	354.00
1006.04	286.00
1006.22	307.00
1006.40	333.00
1006.58	318.00
1006.76	317.00
1006.94	319.00
1007.12	308.00
1007.29	310.00
1007.47	331.00
1007.65	361.00
1007.83	277.00
1008.01	298.00
1008.19	291.00
1008.37	236.00
1008.54	255.00
1008.72	366.00
1008.90	323.00
1009.08	212.00
1009.26	288.00
1009.44	267.00
1009.62	345.00
1009.79	232.00
1009.97	296.00
1010.15	244.00
1010.33	233.00
1010.51	352.00
1010.69	350.00
1010.87	310.00
1011.04	346.00
1011.22	339.00
1011.40	242.00
1011.58	243.00
1011.76	239.00
1011.94	247.00
1012.11	318.00
1012.29	281.00
1012.47	359.00
1012.65	299.00
1012.83	239.00
1013.01	313.00
1013.18	290.00
1013.36	330.00
1013.54	331.00
1013.72	320.00
1013.90	297.00
1014.08	279.00
1014.25	295.00
1014.43	268.00
1014.61	298.00
1014.79	267.00
1014.97	290.00
1015.15	297.00
1015.32	360.00
1015.50	225.00
1015.68	282.00
1015.86	271.00
1016.04	305.00
1016.22	298.00
1016.39	306.00
1016.57	309.00
1016.75	368.00
1016.93	402.00
1017.11	311.00
1017.29	239.00
1017.46	262.00
1017.64	266.00
1017.82	301.00
1018.00	252.00
1018.18	245.00
1018.35	349.00
1018.53	227.00
1018.71	234.00
1018.89	218.00
1019.07	309.00
1019.24	237.00
1019.42	241.00
1019.60	289.00
1019.78	229.00
1019.96	264.00
1020.14	272.00
1020.31	279.00
1020.49	292.00
1020.67	294.00
1020.85	280.00
1021.03	292.00
1021.20	317.00
1021.38	280.00
1021.56	261.00
1021.74	238.00
1021.92	286.00
1022.09	331.00
1022.27	302.00
1022.45	275.00
1022.63	289.00
1022.81	261.00
1022.98	306.00
1023.16	325.00
1023.34	241.00
1023.52	328.00
1023.69	276.00
1023.87	197.00
1024.05	231.00
1024.23	290.00
1024.41	204.00
1024.58	230.00
1024.76	281.00
1024.94	268.00
1025.12	217.00
1025.30	252.00
1025.47	227.00
1025.65	215.00
1025.83	282.00
1026.01	282.00
1026.18	228.00
1026.36	289.00
1026.54	276.00
1026.72	261.00
1026.90	321.00
1027.07	318.00
1027.25	308.00
1027.43	290.00
1027.61	213.00
1027.78	214.00
1027.96	259.00
1028.14	218.00
1028.32	293.00
1028.49	257.00
1028.67	215.00
1028.85	196.00
1029.03	239.00
1029.21	263.00
1029.38	269.00
1029.56	172.00
1029.74	258.00
1029.92	261.00
1030.09	225.00
1030.27	279.00
1030.45	246.00
1030.63	195.00
1030.80	168.00
1030.98	278.00
1031.16	193.00
1031.34	247.00
1031.51	265.00
1031.69	206.00
1031.87	145.00
1032.05	255.00
1032.22	233.00
1032.40	262.00
1032.58	269.00
1032.76	255.00
1032.93	208.00
1033.11	162.00
1033.29	231.00
1033.47	277.00
1033.64	175.00
1033.82	154.00
1034.00	239.00
1034.18	227.00
1034.35	301.00
1034.53	310.00
1034.71	283.00
1034.89	220.00
1035.06	320.00
1035.24	295.00
1035.42	283.00
1035.59	225.00
1035.77	224.00
1035.95	304.00
1036.13	229.00
1036.30	239.00
1036.48	258.00
1036.66	254.00
1036.84	274.00
1037.01	249.00
1037.19	224.00
1037.37	175.00
1037.54	211.00
1037.72	171.00
1037.90	226.00
1038.08	236.00
1038.25	185.00
1038.43	241.00
1038.61	162.00
1038.79	215.00
1038.96	190.00
1039.14	252.00
1039.32	265.00
1039.49	223.00
1039.67	229.00
1039.85	209.00
1040.03	214.00
1040.20	209.00
1040.38	266.00
1040.56	223.00
1040.73	235.00
1040.91	279.00
1041.09	222.00
1041.27	199.00
1041.44	238.00
1041.62	187.00
1041.80	253.00
1041.97	223.00
1042.15	240.00
1042.33	247.00
1042.50	198.00
1042.68	222.00
1042.86	193.00
1043.04	274.00
1043.21	188.00
1043.39	227.00
1043.57	237.00
1043.74	216.00
1043.92	187.00
1044.10	230.00
1044.27	257.00
1044.45	187.00
1044.63	218.00
1044.80	239.00
1044.98	213.00
1045.16	210.00
1045.34	185.00
1045.51	193.00
1045.69	216.00
1045.87	237.00
1046.04	233.00
1046.22	200.00
1046.40	203.00
1046.57	194.00
1046.75	136.00
1046.93	180.00
1047.10	190.00
1047.28	186.00
1047.46	193.00
1047.63	168.00
1047.81	148.00
1047.99	181.00
1048.16	193.00
1048.34	120.00
1048.52	176.00
1048.69	208.00
1048.87	204.00
1049.05	160.00
1049.22	180.00
1049.40	196.00
1049.58	198.00
1049.75	232.00
1049.93	170.00
1050.11	156.00
1050.28	160.00
1050.46	137.00
1050.64	156.00
1050.81	243.00
1050.99	228.00
1051.17	202.00
1051.34	149.00
1051.52	106.00
1051.70	134.00
1051.87	144.00
1052.05	131.00
1052.23	220.00
1052.40	203.00
1052.58	195.00
1052.76	184.00
1052.93	220.00
1053.11	216.00
1053.29	212.00
1053.46	106.00
1053.64	112.00
1053.82	262.00
1053.99	206.00
1054.17	208.00
1054.35	205.00
1054.52	144.00
1054.70	133.00
1054.87	109.00
1055.05	150.00
1055.23	212.00
1055.40	214.00
1055.58	120.00
1055.76	169.00
1055.93	165.00
1056.11	218.00
1056.29	159.00
1056.46	128.00
1056.64	144.00
1056.81	119.00
1056.99	143.00
1057.17	148.00
1057.34	146.00
1057.52	180.00
1057.70	142.00
1057.87	192.00
1058.05	160.00
1058.22	197.00
1058.40	110.00
1058.58	115.00
1058.75	210.00
1058.93	218.00
1059.11	175.00
1059.28	127.00
1059.46	158.00
1059.63	167.00
1059.81	159.00
1059.99	178.00
1060.16	192.00
1060.34	141.00
1060.52	110.00
1060.69	160.00
1060.87	127.00
1061.04	148.00
1061.22	127.00
