367.62	140.00
367.82	51.00
368.02	46.00
368.23	102.00
368.43	151.00
368.63	146.00
368.83	126.00
369.04	43.00
369.24	77.00
369.44	-15.00
369.65	31.00
369.85	27.00
370.05	76.00
370.25	57.00
370.46	27.00
370.66	10.00
370.86	6.00
371.07	122.00
371.27	88.00
371.47	74.00
371.67	101.00
371.88	83.00
372.08	43.00
372.28	64.00
372.49	125.00
372.69	122.00
372.89	66.00
373.09	60.00
373.30	124.00
373.50	34.00
373.70	87.00
373.91	49.00
374.11	60.00
374.31	90.00
374.51	53.00
374.72	120.00
374.92	100.00
375.12	50.00
375.33	1.00
375.53	87.00
375.73	134.00
375.93	40.00
376.14	73.00
376.34	91.00
376.54	91.00
376.74	63.00
376.95	80.00
377.15	97.00
377.35	122.00
377.55	87.00
377.76	146.00
377.96	100.00
378.16	33.00
378.37	55.00
378.57	142.00
378.77	121.00
378.97	122.00
379.18	72.00
379.38	70.00
379.58	41.00
379.78	75.00
379.99	63.00
380.19	136.00
380.39	81.00
380.59	84.00
380.80	91.00
381.00	75.00
381.20	58.00
381.40	57.00
381.61	76.00
381.81	101.00
382.01	93.00
382.21	77.00
382.42	50.00
382.62	60.00
382.82	51.00
383.02	50.00
383.23	62.00
383.43	-37.00
383.63	6.00
383.83	47.00
384.04	25.00
384.24	53.00
384.44	93.00
384.64	137.00
384.85	128.00
385.05	165.00
385.25	67.00
385.45	88.00
385.66	38.00
385.86	182.00
386.06	129.00
386.26	59.00
386.47	44.00
386.67	91.00
386.87	83.00
387.07	87.00
387.27	86.00
387.48	72.00
387.68	-74.00
387.88	-16.00
388.08	32.00
388.29	55.00
388.49	56.00
388.69	75.00
388.89	100.00
389.10	6.00
389.30	75.00
389.50	82.00
389.70	114.00
389.90	24.00
390.11	57.00
390.31	97.00
390.51	51.00
390.71	63.00
390.92	106.00
391.12	78.00
391.32	104.00
391.52	79.00
391.72	45.00
391.93	53.00
392.13	57.00
392.33	54.00
392.53	92.00
392.74	69.00
392.94	112.00
393.14	101.00
393.34	117.00
393.54	78.00
393.75	98.00
393.95	138.00
394.15	80.00
394.35	75.00
394.56	37.00
394.76	99.00
394.96	115.00
395.16	78.00
395.36	99.00
395.57	113.00
395.77	115.00
395.97	73.00
396.17	3.00
396.37	53.00
396.58	74.00
396.78	67.00
396.98	109.00
397.18	90.00
397.38	10.00
397.59	73.00
397.79	66.00
397.99	134.00
398.19	149.00
398.39	67.00
398.60	106.00
398.80	55.00
399.00	75.00
399.20	53.00
399.40	52.00
399.61	103.00
399.81	140.00
400.01	58.00
400.21	61.00
400.41	44.00
400.62	64.00
400.82	102.00
401.02	79.00
401.22	48.00
401.42	64.00
401.63	116.00
401.83	115.00
402.03	76.00
402.23	88.00
402.43	84.00
402.64	86.00
402.84	95.00
403.04	68.00
403.24	98.00
403.44	148.00
403.64	105.00
403.85	87.00
404.05	100.00
404.25	69.00
404.45	62.00
404.65	56.00
404.86	116.00
405.06	86.00
405.26	71.00
405.46	69.00
405.66	32.00
405.86	90.00
406.07	77.00
406.27	127.00
406.47	104.00
406.67	96.00
406.87	47.00
407.07	50.00
407.28	51.00
407.48	28.00
407.68	28.00
407.88	95.00
408.08	89.00
408.28	61.00
408.49	68.00
408.69	-26.00
408.89	21.00
409.09	56.00
409.29	99.00
409.49	120.00
409.70	33.00
409.90	23.00
410.10	86.00
410.30	69.00
410.50	52.00
410.70	109.00
410.91	50.00
411.11	55.00
411.31	80.00
411.51	130.00
411.71	129.00
411.91	99.00
412.12	70.00
412.32	112.00
412.52	65.00
412.72	83.00
412.92	63.00
413.12	77.00
413.32	80.00
413.53	72.00
413.73	95.00
413.93	155.00
414.13	103.00
414.33	82.00
414.53	94.00
414.74	102.00
414.94	47.00
415.14	39.00
415.34	115.00
415.54	103.00
415.74	93.00
415.94	132.00
416.15	114.00
416.35	111.00
416.55	140.00
416.75	145.00
416.95	122.00
417.15	105.00
417.35	75.00
417.56	62.00
417.76	139.00
417.96	137.00
418.16	62.00
418.36	27.00
418.56	21.00
418.76	75.00
418.97	75.00
419.17	87.00
419.37	67.00
419.57	147.00
419.77	139.00
419.97	68.00
420.17	42.00
420.37	77.00
420.58	121.00
420.78	112.00
420.98	48.00
421.18	127.00
421.38	125.00
421.58	91.00
421.78	152.00
421.98	200.00
422.19	114.00
422.39	52.00
422.59	36.00
422.79	108.00
422.99	84.00
423.19	101.00
423.39	78.00
423.59	90.00
423.80	80.00
424.00	126.00
424.20	140.00
424.40	103.00
424.60	93.00
424.80	158.00
425.00	157.00
425.20	86.00
425.40	161.00
425.61	110.00
425.81	95.00
426.01	103.00
426.21	125.00
426.41	111.00
426.61	73.00
426.81	76.00
427.01	28.00
427.21	22.00
427.42	56.00
427.62	99.00
427.82	102.00
428.02	174.00
428.22	73.00
428.42	84.00
428.62	194.00
428.82	95.00
429.02	61.00
429.23	86.00
429.43	96.00
429.63	105.00
429.83	55.00
430.03	11.00
430.23	83.00
430.43	154.00
430.63	139.00
430.83	120.00
431.03	154.00
431.24	169.00
431.44	71.00
431.64	67.00
431.84	120.00
432.04	75.00
432.24	28.00
432.44	70.00
432.64	120.00
432.84	122.00
433.04	96.00
433.24	94.00
433.45	101.00
433.65	116.00
433.85	81.00
434.05	88.00
434.25	109.00
434.45	101.00
434.65	84.00
434.85	29.00
435.05	90.00
435.25	115.00
435.45	76.00
435.65	114.00
435.86	83.00
436.06	157.00
436.26	59.00
436.46	76.00
436.66	105.00
436.86	106.00
437.06	93.00
437.26	30.00
437.46	58.00
437.66	126.00
437.86	89.00
438.06	116.00
438.26	123.00
438.47	113.00
438.67	125.00
438.87	142.00
439.07	132.00
439.27	72.00
439.47	113.00
439.67	85.00
439.87	37.00
440.07	92.00
440.27	114.00
440.47	49.00
440.67	109.00
440.87	47.00
441.07	126.00
441.27	17.00
441.48	45.00
441.68	55.00
441.88	144.00
442.08	137.00
442.28	119.00
442.48	106.00
442.68	63.00
442.88	62.00
443.08	57.00
443.28	51.00
443.48	75.00
443.68	77.00
443.88	113.00
444.08	103.00
444.28	97.00
444.48	127.00
444.68	153.00
444.88	108.00
445.09	123.00
445.29	167.00
445.49	117.00
445.69	80.00
445.89	120.00
446.09	151.00
446.29	87.00
446.49	118.00
446.69	92.00
446.89	54.00
447.09	88.00
447.29	147.00
447.49	85.00
447.69	64.00
447.89	47.00
448.09	92.00
448.29	118.00
448.49	128.00
448.69	128.00
448.89	118.00
449.09	122.00
449.29	113.00
449.49	172.00
449.70	166.00
449.90	117.00
450.10	135.00
450.30	125.00
450.50	96.00
450.70	43.00
450.90	178.00
451.10	131.00
451.30	117.00
451.50	146.00
451.70	115.00
451.90	35.00
452.10	52.00
452.30	124.00
452.50	193.00
452.70	98.00
452.90	139.00
453.10	172.00
453.30	68.00
453.50	54.00
453.70	149.00
453.90	82.00
454.10	104.00
454.30	138.00
454.50	139.00
454.70	135.00
454.90	143.00
455.10	112.00
455.30	55.00
455.50	97.00
455.70	182.00
455.90	128.00
456.10	88.00
456.30	154.00
456.50	86.00
456.70	127.00
456.90	134.00
457.10	126.00
457.30	131.00
457.50	141.00
457.70	114.00
457.90	141.00
458.10	113.00
458.30	154.00
458.50	78.00
458.70	109.00
458.90	141.00
459.10	103.00
459.30	67.00
459.50	179.00
459.70	96.00
459.90	48.00
460.10	126.00
460.30	115.00
460.50	149.00
460.70	48.00
460.90	158.00
461.10	179.00
461.30	216.00
461.50	112.00
461.70	120.00
461.90	159.00
462.10	204.00
462.30	158.00
462.50	182.00
462.70	108.00
462.90	135.00
463.10	150.00
463.30	159.00
463.50	157.00
463.70	186.00
463.90	106.00
464.10	139.00
464.30	109.00
464.50	133.00
464.70	255.00
464.90	151.00
465.10	178.00
465.30	139.00
465.50	72.00
465.70	112.00
465.90	190.00
466.10	147.00
466.30	227.00
466.50	124.00
466.70	110.00
466.90	115.00
467.10	100.00
467.30	133.00
467.50	96.00
467.70	147.00
467.90	126.00
468.10	164.00
468.30	141.00
468.50	202.00
468.70	199.00
468.90	123.00
469.10	172.00
469.30	254.00
469.50	155.00
469.70	126.00
469.90	125.00
470.10	178.00
470.30	171.00
470.50	129.00
470.70	123.00
470.90	122.00
471.10	117.00
471.29	118.00
471.49	208.00
471.69	175.00
471.89	155.00
472.09	145.00
472.29	135.00
472.49	132.00
472.69	146.00
472.89	120.00
473.09	153.00
473.29	166.00
473.49	166.00
473.69	145.00
473.89	164.00
474.09	178.00
474.29	131.00
474.49	117.00
474.69	171.00
474.89	152.00
475.09	121.00
475.29	165.00
475.49	106.00
475.69	71.00
475.88	94.00
476.08	118.00
476.28	115.00
476.48	73.00
476.68	148.00
476.88	109.00
477.08	143.00
477.28	179.00
477.48	175.00
477.68	172.00
477.88	186.00
478.08	138.00
478.28	146.00
478.48	136.00
478.68	112.00
478.88	165.00
479.08	171.00
479.28	135.00
479.47	116.00
479.67	100.00
479.87	110.00
480.07	100.00
480.27	127.00
480.47	76.00
480.67	102.00
480.87	155.00
481.07	150.00
481.27	150.00
481.47	118.00
481.67	143.00
481.87	168.00
482.07	55.00
482.27	113.00
482.46	135.00
482.66	78.00
482.86	114.00
483.06	102.00
483.26	95.00
483.46	149.00
483.66	165.00
483.86	141.00
484.06	113.00
484.26	171.00
484.46	148.00
484.66	97.00
484.86	154.00
485.05	174.00
485.25	96.00
485.45	122.00
485.65	140.00
485.85	185.00
486.05	149.00
486.25	162.00
486.45	149.00
486.65	138.00
486.85	189.00
487.05	161.00
487.25	93.00
487.44	105.00
487.64	141.00
487.84	217.00
488.04	203.00
488.24	182.00
488.44	168.00
488.64	178.00
488.84	191.00
489.04	176.00
489.24	161.00
489.43	150.00
489.63	145.00
489.83	156.00
490.03	218.00
490.23	205.00
490.43	229.00
490.63	198.00
490.83	208.00
491.03	239.00
491.23	217.00
491.42	196.00
491.62	183.00
491.82	170.00
492.02	162.00
492.22	158.00
492.42	152.00
492.62	219.00
492.82	161.00
493.02	185.00
493.22	153.00
493.41	116.00
493.61	99.00
493.81	163.00
494.01	117.00
494.21	171.00
494.41	188.00
494.61	154.00
494.81	111.00
495.01	156.00
495.20	177.00
495.40	180.00
495.60	155.00
495.80	192.00
496.00	210.00
496.20	277.00
496.40	178.00
496.60	183.00
496.79	198.00
496.99	191.00
497.19	125.00
497.39	167.00
497.59	160.00
497.79	193.00
497.99	198.00
498.19	224.00
498.38	173.00
498.58	98.00
498.78	175.00
498.98	233.00
499.18	202.00
499.38	168.00
499.58	237.00
499.78	221.00
499.97	189.00
500.17	181.00
500.37	206.00
500.57	188.00
500.77	202.00
500.97	223.00
501.17	243.00
501.37	187.00
501.56	232.00
501.76	193.00
501.96	217.00
502.16	278.00
502.36	265.00
502.56	172.00
502.76	230.00
502.95	252.00
503.15	277.00
503.35	206.00
503.55	152.00
503.75	217.00
503.95	222.00
504.15	221.00
504.34	211.00
504.54	246.00
504.74	271.00
504.94	259.00
505.14	177.00
505.34	221.00
505.54	225.00
505.73	203.00
505.93	257.00
506.13	196.00
506.33	270.00
506.53	218.00
506.73	208.00
506.92	257.00
507.12	256.00
507.32	271.00
507.52	241.00
507.72	172.00
507.92	244.00
508.12	260.00
508.31	184.00
508.51	189.00
508.71	164.00
508.91	252.00
509.11	200.00
509.31	236.00
509.50	249.00
509.70	234.00
509.90	246.00
510.10	216.00
510.30	194.00
510.50	207.00
510.69	201.00
510.89	231.00
511.09	212.00
511.29	207.00
511.49	154.00
511.69	175.00
511.88	202.00
512.08	172.00
512.28	153.00
512.48	205.00
512.68	252.00
512.88	287.00
513.07	180.00
513.27	292.00
513.47	275.00
513.67	260.00
513.87	213.00
514.06	266.00
514.26	222.00
514.46	123.00
514.66	172.00
514.86	161.00
515.06	231.00
515.25	159.00
515.45	233.00
515.65	216.00
515.85	129.00
516.05	173.00
516.24	175.00
516.44	182.00
516.64	204.00
516.84	229.00
517.04	244.00
517.23	238.00
517.43	159.00
517.63	188.00
517.83	196.00
518.03	152.00
518.23	141.00
518.42	159.00
518.62	178.00
518.82	216.00
519.02	226.00
519.22	215.00
519.41	172.00
519.61	237.00
519.81	210.00
520.01	209.00
520.21	252.00
520.40	236.00
520.60	209.00
520.80	255.00
521.00	243.00
521.20	204.00
521.39	250.00
521.59	246.00
521.79	218.00
521.99	188.00
522.19	206.00
522.38	223.00
522.58	261.00
522.78	219.00
522.98	134.00
523.17	147.00
523.37	245.00
523.57	263.00
523.77	288.00
523.97	263.00
524.16	283.00
524.36	289.00
524.56	267.00
524.76	314.00
524.96	290.00
525.15	269.00
525.35	223.00
525.55	263.00
525.75	305.00
525.94	231.00
526.14	246.00
526.34	198.00
526.54	216.00
526.74	265.00
526.93	261.00
527.13	233.00
527.33	275.00
527.53	300.00
527.72	294.00
527.92	303.00
528.12	241.00
528.32	346.00
528.52	320.00
528.71	347.00
528.91	286.00
529.11	275.00
529.31	249.00
529.50	258.00
529.70	307.00
529.90	323.00
530.10	254.00
530.29	334.00
530.49	295.00
530.69	227.00
530.89	293.00
531.09	317.00
531.28	291.00
531.48	211.00
531.68	248.00
531.88	351.00
532.07	315.00
532.27	288.00
532.47	271.00
532.67	236.00
532.86	279.00
533.06	324.00
533.26	308.00
533.46	395.00
533.65	354.00
533.85	372.00
534.05	294.00
534.25	270.00
534.44	304.00
534.64	363.00
534.84	336.00
535.04	275.00
535.23	349.00
535.43	352.00
535.63	304.00
535.83	340.00
536.02	419.00
536.22	346.00
536.42	358.00
536.62	384.00
536.81	396.00
537.01	427.00
537.21	359.00
537.41	357.00
537.60	396.00
537.80	352.00
538.00	318.00
538.20	344.00
538.39	319.00
538.59	276.00
538.79	368.00
538.99	375.00
539.18	410.00
539.38	373.00
539.58	420.00
539.77	360.00
539.97	403.00
540.17	355.00
540.37	449.00
540.56	458.00
540.76	434.00
540.96	417.00
541.16	470.00
541.35	483.00
541.55	465.00
541.75	449.00
541.94	437.00
542.14	479.00
542.34	481.00
542.54	424.00
542.73	419.00
542.93	502.00
543.13	452.00
543.33	452.00
543.52	506.00
543.72	561.00
543.92	501.00
544.11	478.00
544.31	468.00
544.51	509.00
544.71	519.00
544.90	467.00
545.10	441.00
545.30	516.00
545.49	512.00
545.69	461.00
545.89	482.00
546.09	493.00
546.28	602.00
546.48	576.00
546.68	450.00
546.87	439.00
547.07	438.00
547.27	441.00
547.47	404.00
547.66	431.00
547.86	452.00
548.06	485.00
548.25	481.00
548.45	532.00
548.65	431.00
548.84	382.00
549.04	443.00
549.24	445.00
549.44	430.00
549.63	419.00
549.83	455.00
550.03	446.00
550.22	446.00
550.42	381.00
550.62	355.00
550.81	370.00
551.01	381.00
551.21	429.00
551.41	482.00
551.60	369.00
551.80	349.00
552.00	379.00
552.19	339.00
552.39	423.00
552.59	428.00
552.78	352.00
552.98	380.00
553.18	489.00
553.37	397.00
553.57	442.00
553.77	464.00
553.96	446.00
554.16	468.00
554.36	408.00
554.56	427.00
554.75	480.00
554.95	499.00
555.15	452.00
555.34	450.00
555.54	444.00
555.74	408.00
555.93	354.00
556.13	370.00
556.33	425.00
556.52	422.00
556.72	458.00
556.92	389.00
557.11	419.00
557.31	373.00
557.51	351.00
557.70	365.00
557.90	418.00
558.10	421.00
558.29	397.00
558.49	318.00
558.69	324.00
558.88	339.00
559.08	356.00
559.28	327.00
559.47	345.00
559.67	390.00
559.87	393.00
560.06	388.00
560.26	448.00
560.46	414.00
560.65	369.00
560.85	384.00
561.05	380.00
561.24	398.00
561.44	401.00
561.64	375.00
561.83	404.00
562.03	370.00
562.23	405.00
562.42	448.00
562.62	366.00
562.82	408.00
563.01	405.00
563.21	492.00
563.40	406.00
563.60	399.00
563.80	386.00
563.99	322.00
564.19	368.00
564.39	355.00
564.58	446.00
564.78	375.00
564.98	375.00
565.17	324.00
565.37	350.00
565.57	357.00
565.76	423.00
565.96	413.00
566.16	478.00
566.35	415.00
566.55	424.00
566.74	376.00
566.94	396.00
567.14	389.00
567.33	415.00
567.53	394.00
567.73	378.00
567.92	468.00
568.12	442.00
568.32	396.00
568.51	409.00
568.71	481.00
568.90	428.00
569.10	429.00
569.30	398.00
569.49	458.00
569.69	499.00
569.89	474.00
570.08	425.00
570.28	413.00
570.47	443.00
570.67	470.00
570.87	427.00
571.06	478.00
571.26	469.00
571.46	495.00
571.65	443.00
571.85	466.00
572.04	413.00
572.24	473.00
572.44	444.00
572.63	474.00
572.83	499.00
573.03	457.00
573.22	456.00
573.42	494.00
573.61	445.00
573.81	510.00
574.01	510.00
574.20	456.00
574.40	493.00
574.59	498.00
574.79	513.00
574.99	457.00
575.18	466.00
575.38	521.00
575.58	529.00
575.77	552.00
575.97	561.00
576.16	565.00
576.36	626.00
576.56	580.00
576.75	570.00
576.95	611.00
577.14	644.00
577.34	643.00
577.54	578.00
577.73	607.00
577.93	584.00
578.12	594.00
578.32	620.00
578.52	611.00
578.71	581.00
578.91	588.00
579.10	651.00
579.30	680.00
579.50	660.00
579.69	644.00
579.89	638.00
580.08	694.00
580.28	682.00
580.48	704.00
580.67	686.00
580.87	615.00
581.06	731.00
581.26	801.00
581.45	772.00
581.65	729.00
581.85	731.00
582.04	749.00
582.24	707.00
582.43	676.00
582.63	765.00
582.83	847.00
583.02	791.00
583.22	788.00
583.41	788.00
583.61	797.00
583.80	840.00
584.00	847.00
584.20	790.00
584.39	774.00
584.59	922.00
584.78	930.00
584.98	892.00
585.17	807.00
585.37	863.00
585.57	915.00
585.76	971.00
585.96	928.00
586.15	932.00
586.35	929.00
586.54	950.00
586.74	981.00
586.94	976.00
587.13	964.00
587.33	969.00
587.52	1023.00
587.72	1087.00
587.91	1030.00
588.11	1012.00
588.31	1051.00
588.50	1077.00
588.70	1098.00
588.89	1063.00
589.09	976.00
589.28	1066.00
589.48	1115.00
589.68	1087.00
589.87	1091.00
590.07	1134.00
590.26	1093.00
590.46	1137.00
590.65	1172.00
590.85	1182.00
591.04	1127.00
591.24	1185.00
591.44	1166.00
591.63	1168.00
591.83	1183.00
592.02	1143.00
592.22	1255.00
592.41	1241.00
592.61	1188.00
592.80	1247.00
593.00	1238.00
593.19	1310.00
593.39	1333.00
593.59	1320.00
593.78	1352.00
593.98	1303.00
594.17	1281.00
594.37	1315.00
594.56	1250.00
594.76	1304.00
594.95	1294.00
595.15	1297.00
595.34	1342.00
595.54	1355.00
595.73	1304.00
595.93	1327.00
596.13	1348.00
596.32	1365.00
596.52	1339.00
596.71	1352.00
596.91	1323.00
597.10	1388.00
597.30	1345.00
597.49	1414.00
597.69	1418.00
597.88	1446.00
598.08	1434.00
598.27	1414.00
598.47	1373.00
598.66	1583.00
598.86	1417.00
599.06	1423.00
599.25	1429.00
599.45	1443.00
599.64	1442.00
599.84	1505.00
600.03	1519.00
600.23	1473.00
600.42	1433.00
600.62	1427.00
600.81	1454.00
601.01	1508.00
601.20	1462.00
601.40	1455.00
601.59	1455.00
601.79	1479.00
601.98	1470.00
602.18	1545.00
602.37	1508.00
602.57	1464.00
602.76	1477.00
602.96	1467.00
603.15	1427.00
603.35	1492.00
603.54	1550.00
603.74	1476.00
603.93	1491.00
604.13	1554.00
604.32	1530.00
604.52	1497.00
604.71	1494.00
604.91	1526.00
605.10	1489.00
605.30	1533.00
605.49	1545.00
605.69	1535.00
605.88	1519.00
606.08	1497.00
606.27	1541.00
606.47	1610.00
606.66	1595.00
606.86	1542.00
607.05	1598.00
607.25	1527.00
607.44	1515.00
607.64	1491.00
607.83	1573.00
608.03	1501.00
608.22	1597.00
608.42	1596.00
608.61	1598.00
608.81	1666.00
609.00	1692.00
609.20	1652.00
609.39	1700.00
609.59	1669.00
609.78	1825.00
609.98	1948.00
610.17	2114.00
610.37	2280.00
610.56	2368.00
610.76	2509.00
610.95	2594.00
611.15	2719.00
611.34	2868.00
611.54	2920.00
611.73	2845.00
611.93	2607.00
612.12	2370.00
612.32	2064.00
612.51	1920.00
612.71	1839.00
612.90	1867.00
613.09	1879.00
613.29	1844.00
613.48	1786.00
613.68	1858.00
613.87	1861.00
614.07	1837.00
614.26	1768.00
614.46	1691.00
614.65	1713.00
614.85	1732.00
615.04	1647.00
615.24	1626.00
615.43	1585.00
615.63	1615.00
615.82	1562.00
616.02	1670.00
616.21	1637.00
616.40	1570.00
616.60	1595.00
616.79	1549.00
616.99	1581.00
617.18	1521.00
617.38	1481.00
617.57	1569.00
617.77	1561.00
617.96	1585.00
618.16	1535.00
618.35	1539.00
618.54	1522.00
618.74	1494.00
618.93	1516.00
619.13	1496.00
619.32	1470.00
619.52	1503.00
619.71	1605.00
619.91	1566.00
620.10	1556.00
620.30	1571.00
620.49	1604.00
620.68	1520.00
620.88	1645.00
621.07	1712.00
621.27	1579.00
621.46	1632.00
621.66	1684.00
621.85	1642.00
622.05	1646.00
622.24	1562.00
622.43	1576.00
622.63	1576.00
622.82	1609.00
623.02	1609.00
623.21	1731.00
623.41	1722.00
623.60	1728.00
623.80	1715.00
623.99	1639.00
624.18	1656.00
624.38	1659.00
624.57	1738.00
624.77	1686.00
624.96	1612.00
625.16	1622.00
625.35	1696.00
625.54	1699.00
625.74	1667.00
625.93	1616.00
626.13	1751.00
626.32	1746.00
626.52	1754.00
626.71	1710.00
626.90	1678.00
627.10	1689.00
627.29	1659.00
627.49	1693.00
627.68	1675.00
627.88	1715.00
628.07	1776.00
628.26	1797.00
628.46	1768.00
628.65	1768.00
628.85	1769.00
629.04	1782.00
629.23	1795.00
629.43	1768.00
629.62	1818.00
629.82	1859.00
630.01	1857.00
630.21	1896.00
630.40	1902.00
630.59	1909.00
630.79	1934.00
630.98	1949.00
631.18	1992.00
631.37	2037.00
631.56	1965.00
631.76	1955.00
631.95	1860.00
632.15	1824.00
632.34	1825.00
632.53	1818.00
632.73	1861.00
632.92	1864.00
633.12	1904.00
633.31	1854.00
633.50	1807.00
633.70	1793.00
633.89	1824.00
634.09	1884.00
634.28	1837.00
634.47	1926.00
634.67	1855.00
634.86	1888.00
635.06	1818.00
635.25	1909.00
635.44	1917.00
635.64	1973.00
635.83	1976.00
636.03	1999.00
636.22	1947.00
636.41	2009.00
636.61	2014.00
636.80	2134.00
637.00	2005.00
637.19	2069.00
637.38	1998.00
637.58	2117.00
637.77	2059.00
637.96	2005.00
638.16	2006.00
638.35	2103.00
638.55	2060.00
638.74	2034.00
638.93	2135.00
639.13	2097.00
639.32	2068.00
639.51	2112.00
639.71	2077.00
639.90	2007.00
640.10	2009.00
640.29	2156.00
640.48	2122.00
640.68	2177.00
640.87	2225.00
641.07	2179.00
641.26	2266.00
641.45	2219.00
641.65	2220.00
641.84	2250.00
642.03	2232.00
642.23	2267.00
642.42	2271.00
642.61	2208.00
642.81	2297.00
643.00	2264.00
643.20	2314.00
643.39	2257.00
643.58	2290.00
643.78	2317.00
643.97	2260.00
644.16	2283.00
644.36	2375.00
644.55	2407.00
644.74	2377.00
644.94	2326.00
645.13	2279.00
645.33	2381.00
645.52	2449.00
645.71	2378.00
645.91	2425.00
646.10	2484.00
646.29	2401.00
646.49	2421.00
646.68	2431.00
646.87	2384.00
647.07	2442.00
647.26	2385.00
647.45	2462.00
647.65	2476.00
647.84	2402.00
648.03	2493.00
648.23	2449.00
648.42	2491.00
648.62	2528.00
648.81	2551.00
649.00	2474.00
649.20	2495.00
649.39	2434.00
649.58	2510.00
649.78	2553.00
649.97	2513.00
650.16	2542.00
650.36	2509.00
650.55	2479.00
650.74	2492.00
650.94	2631.00
651.13	2687.00
651.32	2647.00
651.52	2566.00
651.71	2506.00
651.90	2586.00
652.10	2607.00
652.29	2673.00
652.48	2701.00
652.68	2573.00
652.87	2499.00
653.06	2616.00
653.26	2609.00
653.45	2577.00
653.64	2567.00
653.84	2536.00
654.03	2492.00
654.22	2561.00
654.42	2520.00
654.61	2494.00
654.80	2630.00
654.99	2558.00
655.19	2606.00
655.38	2586.00
655.57	2571.00
655.77	2661.00
655.96	2585.00
656.15	2493.00
656.35	2525.00
656.54	2571.00
656.73	2531.00
656.93	2510.00
657.12	2590.00
657.31	2607.00
657.51	2536.00
657.70	2628.00
657.89	2681.00
658.09	2487.00
658.28	2567.00
658.47	2520.00
658.66	2492.00
658.86	2590.00
659.05	2587.00
659.24	2598.00
659.44	2528.00
659.63	2608.00
659.82	2631.00
660.02	2535.00
660.21	2485.00
660.40	2546.00
660.60	2552.00
660.79	2572.00
660.98	2528.00
661.17	2523.00
661.37	2489.00
661.56	2490.00
661.75	2530.00
661.95	2542.00
662.14	2510.00
662.33	2515.00
662.52	2557.00
662.72	2527.00
662.91	2617.00
663.10	2593.00
663.30	2585.00
663.49	2618.00
663.68	2526.00
663.88	2517.00
664.07	2503.00
664.26	2525.00
664.45	2507.00
664.65	2529.00
664.84	2455.00
665.03	2431.00
665.23	2470.00
665.42	2387.00
665.61	2447.00
665.80	2438.00
666.00	2473.00
666.19	2405.00
666.38	2508.00
666.57	2473.00
666.77	2389.00
666.96	2413.00
667.15	2496.00
667.35	2390.00
667.54	2426.00
667.73	2431.00
667.92	2377.00
668.12	2348.00
668.31	2333.00
668.50	2337.00
668.70	2380.00
668.89	2392.00
669.08	2388.00
669.27	2464.00
669.47	2393.00
669.66	2356.00
669.85	2392.00
670.04	2348.00
670.24	2382.00
670.43	2434.00
670.62	2322.00
670.81	2370.00
671.01	2442.00
671.20	2451.00
671.39	2411.00
671.58	2309.00
671.78	2375.00
671.97	2297.00
672.16	2325.00
672.36	2270.00
672.55	2208.00
672.74	2230.00
672.93	2252.00
673.13	2215.00
673.32	2187.00
673.51	2136.00
673.70	2227.00
673.90	2280.00
674.09	2196.00
674.28	2275.00
674.47	2310.00
674.67	2234.00
674.86	2114.00
675.05	2264.00
675.24	2276.00
675.44	2263.00
675.63	2235.00
675.82	2293.00
676.01	2354.00
676.21	2196.00
676.40	2230.00
676.59	2241.00
676.78	2231.00
676.97	2245.00
677.17	2182.00
677.36	2217.00
677.55	2143.00
677.74	2128.00
677.94	2212.00
678.13	2241.00
678.32	2188.00
678.51	2156.00
678.71	2218.00
678.90	2242.00
679.09	2225.00
679.28	2282.00
679.48	2262.00
679.67	2305.00
679.86	2169.00
680.05	2167.00
680.24	2183.00
680.44	2081.00
680.63	2113.00
680.82	2173.00
681.01	2125.00
681.21	2105.00
681.40	2081.00
681.59	2044.00
681.78	2100.00
681.97	2130.00
682.17	2141.00
682.36	2150.00
682.55	2076.00
682.74	2084.00
682.94	2097.00
683.13	2006.00
683.32	2077.00
683.51	2104.00
683.70	2200.00
683.90	2204.00
684.09	2145.00
684.28	2139.00
684.47	2128.00
684.66	2156.00
684.86	2138.00
685.05	2146.00
685.24	2138.00
685.43	2106.00
685.63	2060.00
685.82	2143.00
686.01	2131.00
686.20	2173.00
686.39	2151.00
686.59	2058.00
686.78	2090.00
686.97	2201.00
687.16	2171.00
687.35	2226.00
687.55	2121.00
687.74	2149.00
687.93	2138.00
688.12	2281.00
688.31	2077.00
688.51	2061.00
688.70	2228.00
688.89	2085.00
689.08	2073.00
689.27	2094.00
689.47	2066.00
689.66	2060.00
689.85	2158.00
690.04	2199.00
690.23	2135.00
690.42	2137.00
690.62	2128.00
690.81	2003.00
691.00	2055.00
691.19	2140.00
691.38	2079.00
691.58	2084.00
691.77	1950.00
691.96	2018.00
692.15	2092.00
692.34	2128.00
692.54	2080.00
692.73	2151.00
692.92	2047.00
693.11	2148.00
693.30	2122.00
693.49	2154.00
693.69	2085.00
693.88	2127.00
694.07	2108.00
694.26	2091.00
694.45	2013.00
694.64	2147.00
694.84	2087.00
695.03	2164.00
695.22	2134.00
695.41	2100.00
695.60	2112.00
695.80	2043.00
695.99	2038.00
696.18	2137.00
696.37	2092.00
696.56	1958.00
696.75	2058.00
696.95	2111.00
697.14	2095.00
697.33	2068.00
697.52	2107.00
697.71	2085.00
697.90	2069.00
698.09	2111.00
698.29	2174.00
698.48	2086.00
698.67	2154.00
698.86	2153.00
699.05	2230.00
699.24	2213.00
699.44	2197.00
699.63	2273.00
699.82	2092.00
700.01	2177.00
700.20	2190.00
700.39	2033.00
700.58	2023.00
700.78	2168.00
700.97	2163.00
701.16	2079.00
701.35	2127.00
701.54	2166.00
701.73	2110.00
701.93	2122.00
702.12	2145.00
702.31	2244.00
702.50	2313.00
702.69	2219.00
702.88	2249.00
703.07	2345.00
703.27	2344.00
703.46	2411.00
703.65	2278.00
703.84	2261.00
704.03	2357.00
704.22	2284.00
704.41	2337.00
704.60	2265.00
704.80	2346.00
704.99	2358.00
705.18	2318.00
705.37	2374.00
705.56	2337.00
705.75	2333.00
705.94	2335.00
706.14	2341.00
706.33	2403.00
706.52	2330.00
706.71	2319.00
706.90	2374.00
707.09	2437.00
707.28	2496.00
707.47	2457.00
707.67	2412.00
707.86	2473.00
708.05	2391.00
708.24	2402.00
708.43	2454.00
708.62	2480.00
708.81	2546.00
709.00	2570.00
709.20	2495.00
709.39	2491.00
709.58	2580.00
709.77	2543.00
709.96	2563.00
710.15	2487.00
710.34	2470.00
710.53	2406.00
710.72	2467.00
710.92	2550.00
711.11	2473.00
711.30	2409.00
711.49	2431.00
711.68	2443.00
711.87	2563.00
712.06	2509.00
712.25	2656.00
712.44	2694.00
712.64	2677.00
712.83	2707.00
713.02	2612.00
713.21	2644.00
713.40	2471.00
713.59	2551.00
713.78	2578.00
713.97	2556.00
714.16	2572.00
714.35	2585.00
714.55	2635.00
714.74	2557.00
714.93	2492.00
715.12	2648.00
715.31	2655.00
715.50	2618.00
715.69	2701.00
715.88	2608.00
716.07	2634.00
716.26	2652.00
716.45	2557.00
716.65	2595.00
716.84	2642.00
717.03	2629.00
717.22	2618.00
717.41	2663.00
717.60	2638.00
717.79	2621.00
717.98	2650.00
718.17	2627.00
718.36	2595.00
718.55	2617.00
718.75	2635.00
718.94	2601.00
719.13	2577.00
719.32	2697.00
719.51	2682.00
719.70	2734.00
719.89	2739.00
720.08	2677.00
720.27	2872.00
720.46	2831.00
720.65	2751.00
720.84	2713.00
721.03	2770.00
721.22	2726.00
721.42	2797.00
721.61	2787.00
721.80	2733.00
721.99	2719.00
722.18	2681.00
722.37	2635.00
722.56	2784.00
722.75	2743.00
722.94	2678.00
723.13	2692.00
723.32	2690.00
723.51	2652.00
723.70	2663.00
723.89	2643.00
724.08	2662.00
724.28	2651.00
724.47	2614.00
724.66	2652.00
724.85	2726.00
725.04	2661.00
725.23	2637.00
725.42	2731.00
725.61	2644.00
725.80	2773.00
725.99	2673.00
726.18	2774.00
726.37	2848.00
726.56	2706.00
726.75	2725.00
726.94	2638.00
727.13	2659.00
727.32	2784.00
727.51	2667.00
727.71	2806.00
727.90	2785.00
728.09	2675.00
728.28	2650.00
728.47	2658.00
728.66	2757.00
728.85	2766.00
729.04	2741.00
729.23	2691.00
729.42	2709.00
729.61	2749.00
729.80	2661.00
729.99	2658.00
730.18	2768.00
730.37	2714.00
730.56	2755.00
730.75	2703.00
730.94	2707.00
731.13	2794.00
731.32	2845.00
731.51	2641.00
731.70	2661.00
731.89	2733.00
732.08	2713.00
732.27	2650.00
732.46	2684.00
732.65	2701.00
732.84	2776.00
733.04	2736.00
733.23	2637.00
733.42	2626.00
733.61	2711.00
733.80	2718.00
733.99	2762.00
734.18	2673.00
734.37	2683.00
734.56	2723.00
734.75	2643.00
734.94	2685.00
735.13	2633.00
735.32	2611.00
735.51	2602.00
735.70	2506.00
735.89	2593.00
736.08	2656.00
736.27	2756.00
736.46	2729.00
736.65	2811.00
736.84	2598.00
737.03	2570.00
737.22	2576.00
737.41	2672.00
737.60	2606.00
737.79	2673.00
737.98	2549.00
738.17	2592.00
738.36	2612.00
738.55	2627.00
738.74	2617.00
738.93	2734.00
739.12	2688.00
739.31	2628.00
739.50	2596.00
739.69	2531.00
739.88	2571.00
740.07	2512.00
740.26	2538.00
740.45	2606.00
740.64	2480.00
740.83	2455.00
741.02	2478.00
741.21	2555.00
741.40	2543.00
741.59	2550.00
741.78	2572.00
741.97	2457.00
742.16	2505.00
742.35	2382.00
742.54	2415.00
742.73	2412.00
742.92	2505.00
743.11	2470.00
743.30	2393.00
743.49	2479.00
743.68	2422.00
743.87	2381.00
744.06	2425.00
744.25	2392.00
744.44	2377.00
744.63	2437.00
744.82	2552.00
745.01	2393.00
745.20	2344.00
745.39	2375.00
745.58	2372.00
745.77	2480.00
745.96	2413.00
746.15	2342.00
746.34	2313.00
746.52	2386.00
746.71	2308.00
746.90	2299.00
747.09	2317.00
747.28	2307.00
747.47	2287.00
747.66	2352.00
747.85	2296.00
748.04	2340.00
748.23	2348.00
748.42	2218.00
748.61	2278.00
748.80	2250.00
748.99	2264.00
749.18	2284.00
749.37	2307.00
749.56	2209.00
749.75	2133.00
749.94	2232.00
750.13	2240.00
750.32	2266.00
750.51	2221.00
750.70	2143.00
750.89	2098.00
751.08	2114.00
751.27	2103.00
751.46	2129.00
751.64	2104.00
751.83	2159.00
752.02	2153.00
752.21	2159.00
752.40	2104.00
752.59	2138.00
752.78	2218.00
752.97	2194.00
753.16	2230.00
753.35	2138.00
753.54	2155.00
753.73	2181.00
753.92	2129.00
754.11	2225.00
754.30	2315.00
754.49	2259.00
754.68	2287.00
754.87	2201.00
755.06	2240.00
755.24	2143.00
755.43	2198.00
755.62	2153.00
755.81	2106.00
756.00	2138.00
756.19	2080.00
756.38	2099.00
756.57	2075.00
756.76	2059.00
756.95	1983.00
757.14	2062.00
757.33	2096.00
757.52	2072.00
757.71	1985.00
757.90	1977.00
758.08	2121.00
758.27	2034.00
758.46	1980.00
758.65	1954.00
758.84	1962.00
759.03	1974.00
759.22	2021.00
759.41	2046.00
759.60	1933.00
759.79	2011.00
759.98	2153.00
760.17	1888.00
760.36	1989.00
760.54	2037.00
760.73	2047.00
760.92	1963.00
761.11	1914.00
761.30	1913.00
761.49	1837.00
761.68	1895.00
761.87	1819.00
762.06	1855.00
762.25	1837.00
762.44	1807.00
762.63	1739.00
762.81	1771.00
763.00	1756.00
763.19	1830.00
763.38	1767.00
763.57	1700.00
763.76	1687.00
763.95	1626.00
764.14	1729.00
764.33	1725.00
764.52	1708.00
764.71	1728.00
764.89	1739.00
765.08	1788.00
765.27	1677.00
765.46	1716.00
765.65	1728.00
765.84	1715.00
766.03	1792.00
766.22	1690.00
766.41	1722.00
766.59	1724.00
766.78	1740.00
766.97	1810.00
767.16	1819.00
767.35	1775.00
767.54	1856.00
767.73	1904.00
767.92	1863.00
768.11	1877.00
768.30	1843.00
768.48	1926.00
768.67	1886.00
768.86	1921.00
769.05	1824.00
769.24	1844.00
769.43	1897.00
769.62	1897.00
769.81	1880.00
769.99	1900.00
770.18	1868.00
770.37	1846.00
770.56	1801.00
770.75	1904.00
770.94	1818.00
771.13	1904.00
771.32	1851.00
771.50	1887.00
771.69	1942.00
771.88	1813.00
772.07	1900.00
772.26	1829.00
772.45	1789.00
772.64	1909.00
772.83	1929.00
773.01	1820.00
773.20	1930.00
773.39	1850.00
773.58	1892.00
773.77	1919.00
773.96	1876.00
774.15	1803.00
774.34	1821.00
774.52	1786.00
774.71	1803.00
774.90	1884.00
775.09	1932.00
775.28	1857.00
775.47	1877.00
775.66	1869.00
775.84	1806.00
776.03	1864.00
776.22	1843.00
776.41	1787.00
776.60	1846.00
776.79	1825.00
776.98	1794.00
777.16	1867.00
777.35	1885.00
777.54	1805.00
777.73	1812.00
777.92	1771.00
778.11	1718.00
778.29	1819.00
778.48	1816.00
778.67	1834.00
778.86	1766.00
779.05	1791.00
779.24	1866.00
779.43	1812.00
779.61	1831.00
779.80	1859.00
779.99	1791.00
780.18	1783.00
780.37	1818.00
780.56	1877.00
780.74	1870.00
780.93	1742.00
781.12	1755.00
781.31	1843.00
781.50	1858.00
781.69	1897.00
781.87	1901.00
782.06	1834.00
782.25	1849.00
782.44	1853.00
782.63	1909.00
782.82	1876.00
783.00	1831.00
783.19	1877.00
783.38	1908.00
783.57	1874.00
783.76	1884.00
783.95	1889.00
784.13	1929.00
784.32	1888.00
784.51	1869.00
784.70	1932.00
784.89	1873.00
785.08	1904.00
785.26	1824.00
785.45	1901.00
785.64	1860.00
785.83	1778.00
786.02	1838.00
786.20	1872.00
786.39	1876.00
786.58	1892.00
786.77	1947.00
786.96	1909.00
787.15	1894.00
787.33	1942.00
787.52	1840.00
787.71	1929.00
787.90	1929.00
788.09	1915.00
788.27	1931.00
788.46	1840.00
788.65	1808.00
788.84	1863.00
789.03	1845.00
789.21	1929.00
789.40	1836.00
789.59	1844.00
789.78	1936.00
789.97	1854.00
790.15	1863.00
790.34	1816.00
790.53	1858.00
790.72	1958.00
790.91	1889.00
791.09	1889.00
791.28	2018.00
791.47	1943.00
791.66	1983.00
791.85	1943.00
792.03	1985.00
792.22	1953.00
792.41	1954.00
792.60	1985.00
792.79	2039.00
792.97	1970.00
793.16	1997.00
793.35	2033.00
793.54	1987.00
793.72	1949.00
793.91	2019.00
794.10	2010.00
794.29	1955.00
794.48	1992.00
794.66	2044.00
794.85	2081.00
795.04	2057.00
795.23	1991.00
795.42	1992.00
795.60	1962.00
795.79	2008.00
795.98	2017.00
796.17	2116.00
796.35	2036.00
796.54	1901.00
796.73	2018.00
796.92	2092.00
797.11	1992.00
797.29	2058.00
797.48	2048.00
797.67	2019.00
797.86	1988.00
798.04	1964.00
798.23	2055.00
798.42	2038.00
798.61	2017.00
798.79	1938.00
798.98	2030.00
799.17	1971.00
799.36	2021.00
799.54	1993.00
799.73	2015.00
799.92	1945.00
800.11	2017.00
800.30	1910.00
800.48	2016.00
800.67	2024.00
800.86	1978.00
801.05	2000.00
801.23	1967.00
801.42	1928.00
801.61	1944.00
801.80	1953.00
801.98	2078.00
802.17	2044.00
802.36	2076.00
802.55	2066.00
802.73	2035.00
802.92	2009.00
803.11	2072.00
803.30	2092.00
803.48	2079.00
803.67	1971.00
803.86	2050.00
804.05	1980.00
804.23	2072.00
804.42	2063.00
804.61	1977.00
804.80	2041.00
804.98	1936.00
805.17	2000.00
805.36	1987.00
805.54	2030.00
805.73	2068.00
805.92	2058.00
806.11	2114.00
806.29	2084.00
806.48	2109.00
806.67	2052.00
806.86	1999.00
807.04	2081.00
807.23	2050.00
807.42	2061.00
807.61	2038.00
807.79	2079.00
807.98	2106.00
808.17	2055.00
808.35	2031.00
808.54	2019.00
808.73	1997.00
808.92	2013.00
809.10	2021.00
809.29	2045.00
809.48	2024.00
809.67	2010.00
809.85	2076.00
810.04	2041.00
810.23	1972.00
810.41	2048.00
810.60	2095.00
810.79	2078.00
810.98	2055.00
811.16	1994.00
811.35	1974.00
811.54	2048.00
811.72	2007.00
811.91	2005.00
812.10	1979.00
812.29	2021.00
812.47	2084.00
812.66	2025.00
812.85	2106.00
813.03	2018.00
813.22	1982.00
813.41	1936.00
813.60	1983.00
813.78	2025.00
813.97	2085.00
814.16	2027.00
814.34	2014.00
814.53	2044.00
814.72	2050.00
814.90	2050.00
815.09	1979.00
815.28	2011.00
815.47	2016.00
815.65	2061.00
815.84	2015.00
816.03	2001.00
816.21	2045.00
816.40	2074.00
816.59	2001.00
816.77	2006.00
816.96	2047.00
817.15	2042.00
817.33	2103.00
817.52	2030.00
817.71	2069.00
817.90	2127.00
818.08	2089.00
818.27	2106.00
818.46	2079.00
818.64	2069.00
818.83	2065.00
819.02	2088.00
819.20	1951.00
819.39	1945.00
819.58	2062.00
819.76	2088.00
819.95	2054.00
820.14	1975.00
820.32	2042.00
820.51	2109.00
820.70	2042.00
820.88	2011.00
821.07	2081.00
821.26	2087.00
821.44	2005.00
821.63	2009.00
821.82	2055.00
822.01	2074.00
822.19	2023.00
822.38	2025.00
822.57	1976.00
822.75	2000.00
822.94	2081.00
823.13	2101.00
823.31	2026.00
823.50	1992.00
823.69	1970.00
823.87	1941.00
824.06	1977.00
824.25	1953.00
824.43	1966.00
824.62	2009.00
824.80	2027.00
824.99	1975.00
825.18	1978.00
825.36	2027.00
825.55	2060.00
825.74	1952.00
825.92	1970.00
826.11	1925.00
826.30	1922.00
826.48	1984.00
826.67	1966.00
826.86	1987.00
827.04	1950.00
827.23	1997.00
827.42	1966.00
827.60	1933.00
827.79	1897.00
827.98	1963.00
828.16	1997.00
828.35	1961.00
828.54	1919.00
828.72	1954.00
828.91	1952.00
829.09	1981.00
829.28	1853.00
829.47	1968.00
829.65	1897.00
829.84	1906.00
830.03	1967.00
830.21	1903.00
830.40	1922.00
830.59	1914.00
830.77	1897.00
830.96	1849.00
831.14	1834.00
831.33	1937.00
831.52	1881.00
831.70	1877.00
831.89	1862.00
832.08	1909.00
832.26	1824.00
832.45	1878.00
832.64	1840.00
832.82	1833.00
833.01	1895.00
833.19	1858.00
833.38	1849.00
833.57	1900.00
833.75	1954.00
833.94	1861.00
834.13	1879.00
834.31	1864.00
834.50	1832.00
834.68	1961.00
834.87	1974.00
835.06	1911.00
835.24	1952.00
835.43	1822.00
835.61	1844.00
835.80	1843.00
835.99	1837.00
836.17	1814.00
836.36	1841.00
836.55	1812.00
836.73	1865.00
836.92	1905.00
837.10	1919.00
837.29	1870.00
837.48	1784.00
837.66	1861.00
837.85	1884.00
838.03	1808.00
838.22	1741.00
838.41	1678.00
838.59	1811.00
838.78	1886.00
838.96	1842.00
839.15	1773.00
839.34	1789.00
839.52	1768.00
839.71	1835.00
839.89	1799.00
840.08	1833.00
840.27	1810.00
840.45	1750.00
840.64	1717.00
840.82	1805.00
841.01	1732.00
841.20	1719.00
841.38	1795.00
841.57	1777.00
841.75	1714.00
841.94	1714.00
842.13	1768.00
842.31	1800.00
842.50	1754.00
842.68	1799.00
842.87	1819.00
843.05	1764.00
843.24	1690.00
843.43	1667.00
843.61	1750.00
843.80	1812.00
843.98	1746.00
844.17	1639.00
844.36	1587.00
844.54	1677.00
844.73	1742.00
844.91	1685.00
845.10	1750.00
845.28	1746.00
845.47	1604.00
845.66	1641.00
845.84	1725.00
846.03	1671.00
846.21	1685.00
846.40	1686.00
846.58	1640.00
846.77	1675.00
846.96	1643.00
847.14	1562.00
847.33	1549.00
847.51	1546.00
847.70	1562.00
847.88	1622.00
848.07	1573.00
848.25	1629.00
848.44	1577.00
848.63	1615.00
848.81	1647.00
849.00	1666.00
849.18	1683.00
849.37	1584.00
849.55	1631.00
849.74	1607.00
849.93	1551.00
850.11	1537.00
850.30	1520.00
850.48	1483.00
850.67	1623.00
850.85	1592.00
851.04	1545.00
851.22	1542.00
851.41	1574.00
851.59	1567.00
851.78	1560.00
851.97	1593.00
852.15	1561.00
852.34	1613.00
852.52	1645.00
852.71	1594.00
852.89	1588.00
853.08	1587.00
853.26	1508.00
853.45	1601.00
853.63	1573.00
853.82	1468.00
854.01	1569.00
854.19	1516.00
854.38	1587.00
854.56	1496.00
854.75	1588.00
854.93	1528.00
855.12	1542.00
855.30	1517.00
855.49	1494.00
855.67	1536.00
855.86	1462.00
856.04	1491.00
856.23	1600.00
856.41	1531.00
856.60	1450.00
856.79	1551.00
856.97	1591.00
857.16	1468.00
857.34	1514.00
857.53	1503.00
857.71	1530.00
857.90	1520.00
858.08	1434.00
858.27	1431.00
858.45	1491.00
858.64	1437.00
858.82	1424.00
859.01	1509.00
859.19	1458.00
859.38	1463.00
859.56	1538.00
859.75	1458.00
859.93	1381.00
860.12	1475.00
860.30	1480.00
860.49	1379.00
860.67	1423.00
860.86	1489.00
861.04	1408.00
861.23	1410.00
861.41	1381.00
861.60	1430.00
861.78	1458.00
861.97	1306.00
862.15	1407.00
862.34	1357.00
862.53	1363.00
862.71	1353.00
862.90	1359.00
863.08	1356.00
863.27	1439.00
863.45	1419.00
863.64	1331.00
863.82	1372.00
864.01	1374.00
864.19	1413.00
864.37	1406.00
864.56	1464.00
864.74	1408.00
864.93	1429.00
865.11	1395.00
865.30	1433.00
865.48	1418.00
865.67	1390.00
865.85	1304.00
866.04	1311.00
866.22	1375.00
866.41	1453.00
866.59	1313.00
866.78	1314.00
866.96	1338.00
867.15	1329.00
867.33	1336.00
867.52	1300.00
867.70	1277.00
867.89	1305.00
868.07	1165.00
868.26	1246.00
868.44	1302.00
868.63	1334.00
868.81	1289.00
869.00	1249.00
869.18	1257.00
869.37	1317.00
869.55	1257.00
869.74	1291.00
869.92	1255.00
870.10	1307.00
870.29	1271.00
870.47	1251.00
870.66	1252.00
870.84	1257.00
871.03	1255.00
871.21	1238.00
871.40	1286.00
871.58	1210.00
871.77	1246.00
871.95	1207.00
872.14	1237.00
872.32	1315.00
872.51	1295.00
872.69	1249.00
872.87	1247.00
873.06	1235.00
873.24	1173.00
873.43	1276.00
873.61	1304.00
873.80	1258.00
873.98	1236.00
874.17	1232.00
874.35	1220.00
874.54	1178.00
874.72	1133.00
874.90	1160.00
875.09	1166.00
875.27	1154.00
875.46	1221.00
875.64	1265.00
875.83	1232.00
876.01	1227.00
876.20	1239.00
876.38	1267.00
876.56	1246.00
876.75	1190.00
876.93	1174.00
877.12	1164.00
877.30	1192.00
877.49	1211.00
877.67	1191.00
877.86	1179.00
878.04	1212.00
878.22	1240.00
878.41	1270.00
878.59	1186.00
878.78	1167.00
878.96	1156.00
879.15	1200.00
879.33	1111.00
879.51	1187.00
879.70	1189.00
879.88	1154.00
880.07	1182.00
880.25	1200.00
880.44	1107.00
880.62	1147.00
880.80	1075.00
880.99	1203.00
881.17	1242.00
881.36	1178.00
881.54	1147.00
881.73	1243.00
881.91	1203.00
882.09	1185.00
882.28	1205.00
882.46	1193.00
882.65	1130.00
882.83	1133.00
883.02	1178.00
883.20	1206.00
883.38	1178.00
883.57	1157.00
883.75	1185.00
883.94	1161.00
884.12	1113.00
884.30	1019.00
884.49	1109.00
884.67	1141.00
884.86	1109.00
885.04	1134.00
885.22	1127.00
885.41	1107.00
885.59	1116.00
885.78	1175.00
885.96	1123.00
886.14	1110.00
886.33	1088.00
886.51	1150.00
886.70	1109.00
886.88	1134.00
887.06	1145.00
887.25	1144.00
887.43	1077.00
887.62	1121.00
887.80	1163.00
887.98	1177.00
888.17	1118.00
888.35	1116.00
888.54	1156.00
888.72	1108.00
888.90	1156.00
889.09	1033.00
889.27	1120.00
889.46	1146.00
889.64	1078.00
889.82	1066.00
890.01	1004.00
890.19	994.00
890.38	1121.00
890.56	1113.00
890.74	1083.00
890.93	1114.00
891.11	1179.00
891.29	1183.00
891.48	1029.00
891.66	1074.00
891.85	1141.00
892.03	1196.00
892.21	1133.00
892.40	1017.00
892.58	1053.00
892.76	1110.00
892.95	1168.00
893.13	1093.00
893.32	1128.00
893.50	1114.00
893.68	1117.00
893.87	1110.00
894.05	1078.00
894.23	1084.00
894.42	1137.00
894.60	1025.00
894.79	1101.00
894.97	1099.00
895.15	1138.00
895.34	1186.00
895.52	1119.00
895.70	1143.00
895.89	1106.00
896.07	1089.00
896.25	1157.00
896.44	1136.00
896.62	1173.00
896.81	1169.00
896.99	1125.00
897.17	1072.00
897.36	1082.00
897.54	1150.00
897.72	1222.00
897.91	1198.00
898.09	1136.00
898.27	1151.00
898.46	1207.00
898.64	1215.00
898.82	1155.00
899.01	1192.00
899.19	1183.00
899.37	1201.00
899.56	1168.00
899.74	1141.00
899.92	1160.00
900.11	1142.00
900.29	1182.00
900.47	1258.00
900.66	1182.00
900.84	1112.00
901.03	1177.00
901.21	1153.00
901.39	1191.00
901.58	1093.00
901.76	1154.00
901.94	1156.00
902.13	1122.00
902.31	1155.00
902.49	1175.00
902.68	1201.00
902.86	1156.00
903.04	1205.00
903.23	1264.00
903.41	1214.00
903.59	1148.00
903.78	1164.00
903.96	1167.00
904.14	1214.00
904.32	1199.00
904.51	1110.00
904.69	1200.00
904.87	1206.00
905.06	1227.00
905.24	1189.00
905.42	1259.00
905.61	1274.00
905.79	1245.00
905.97	1269.00
906.16	1275.00
906.34	1279.00
906.52	1333.00
906.71	1231.00
906.89	1251.00
907.07	1210.00
907.26	1217.00
907.44	1306.00
907.62	1311.00
907.81	1256.00
907.99	1305.00
908.17	1266.00
908.35	1249.00
908.54	1219.00
908.72	1182.00
908.90	1233.00
909.09	1223.00
909.27	1271.00
909.45	1257.00
909.64	1255.00
909.82	1200.00
910.00	1264.00
910.18	1255.00
910.37	1188.00
910.55	1158.00
910.73	1238.00
910.92	1210.00
911.10	1251.00
911.28	1222.00
911.47	1249.00
911.65	1181.00
911.83	1223.00
912.01	1167.00
912.20	1203.00
912.38	1219.00
912.56	1192.00
912.75	1232.00
912.93	1198.00
913.11	1206.00
913.29	1155.00
913.48	1148.00
913.66	1208.00
913.84	1223.00
914.03	1239.00
914.21	1138.00
914.39	1256.00
914.57	1202.00
914.76	1227.00
914.94	1242.00
915.12	1151.00
915.31	1164.00
915.49	1185.00
915.67	1202.00
915.85	1185.00
916.04	1214.00
916.22	1252.00
916.40	1198.00
916.58	1117.00
916.77	1131.00
916.95	1219.00
917.13	1154.00
917.32	1175.00
917.50	1230.00
917.68	1202.00
917.86	1158.00
918.05	1191.00
918.23	1126.00
918.41	1121.00
918.59	1085.00
918.78	1091.00
918.96	1138.00
919.14	1057.00
919.32	1141.00
919.51	1163.00
919.69	1101.00
919.87	1111.00
920.05	1159.00
920.24	1186.00
920.42	1165.00
920.60	1159.00
920.78	1093.00
920.97	1155.00
921.15	1067.00
921.33	1040.00
921.52	1083.00
921.70	1108.00
921.88	1135.00
922.06	1171.00
922.24	1216.00
922.43	1165.00
922.61	1102.00
922.79	1123.00
922.97	1045.00
923.16	1072.00
923.34	1062.00
923.52	1111.00
923.70	1108.00
923.89	1094.00
924.07	1124.00
924.25	1161.00
924.43	1130.00
924.62	1172.00
924.80	1093.00
924.98	1110.00
925.16	1148.00
925.35	1101.00
925.53	1080.00
925.71	1117.00
925.89	1067.00
926.08	1012.00
926.26	1044.00
926.44	1086.00
926.62	1009.00
926.80	1095.00
926.99	1040.00
927.17	1094.00
927.35	1061.00
927.53	1056.00
927.72	1056.00
927.90	1004.00
928.08	1047.00
928.26	981.00
928.44	1032.00
928.63	1080.00
928.81	1078.00
928.99	1080.00
929.17	1152.00
929.36	1078.00
929.54	1042.00
929.72	1057.00
929.90	1050.00
930.08	1032.00
930.27	1011.00
930.45	989.00
930.63	1017.00
930.81	969.00
930.99	1026.00
931.18	1023.00
931.36	982.00
931.54	968.00
931.72	962.00
931.90	993.00
932.09	921.00
932.27	909.00
932.45	896.00
932.63	911.00
932.81	921.00
933.00	896.00
933.18	932.00
933.36	940.00
933.54	934.00
933.72	913.00
933.91	976.00
934.09	938.00
934.27	836.00
934.45	899.00
934.63	937.00
934.82	978.00
935.00	859.00
935.18	898.00
935.36	867.00
935.54	846.00
935.73	825.00
935.91	803.00
936.09	779.00
936.27	835.00
936.45	853.00
936.64	776.00
936.82	738.00
937.00	756.00
937.18	779.00
937.36	797.00
937.54	822.00
937.73	781.00
937.91	860.00
938.09	784.00
938.27	663.00
938.45	733.00
938.63	707.00
938.82	698.00
939.00	668.00
939.18	639.00
939.36	625.00
939.54	623.00
939.73	659.00
939.91	670.00
940.09	631.00
940.27	666.00
940.45	590.00
940.63	649.00
940.82	623.00
941.00	553.00
941.18	557.00
941.36	613.00
941.54	562.00
941.72	550.00
941.91	595.00
942.09	606.00
942.27	576.00
942.45	591.00
942.63	591.00
942.81	567.00
942.99	561.00
943.18	576.00
943.36	521.00
943.54	435.00
943.72	480.00
943.90	561.00
944.08	586.00
944.27	497.00
944.45	512.00
944.63	470.00
944.81	545.00
944.99	491.00
945.17	476.00
945.35	556.00
945.54	535.00
945.72	595.00
945.90	542.00
946.08	500.00
946.26	550.00
946.44	472.00
946.62	541.00
946.81	501.00
946.99	480.00
947.17	579.00
947.35	606.00
947.53	570.00
947.71	532.00
947.89	512.00
948.07	575.00
948.26	489.00
948.44	531.00
948.62	548.00
948.80	606.00
948.98	577.00
949.16	510.00
949.34	539.00
949.53	556.00
949.71	555.00
949.89	522.00
950.07	623.00
950.25	523.00
950.43	542.00
950.61	549.00
950.79	597.00
950.98	540.00
951.16	502.00
951.34	479.00
951.52	602.00
951.70	583.00
951.88	554.00
952.06	489.00
952.24	521.00
952.42	527.00
952.61	545.00
952.79	521.00
952.97	498.00
953.15	486.00
953.33	503.00
953.51	525.00
953.69	569.00
953.87	575.00
954.05	571.00
954.24	602.00
954.42	552.00
954.60	504.00
954.78	530.00
954.96	478.00
955.14	467.00
955.32	516.00
955.50	486.00
955.68	509.00
955.86	541.00
956.05	609.00
956.23	554.00
956.41	501.00
956.59	538.00
956.77	490.00
956.95	461.00
957.13	525.00
957.31	490.00
957.49	435.00
957.67	457.00
957.86	484.00
958.04	516.00
958.22	565.00
958.40	537.00
958.58	561.00
958.76	500.00
958.94	494.00
959.12	481.00
959.30	498.00
959.48	476.00
959.66	482.00
959.84	471.00
960.03	507.00
960.21	499.00
960.39	488.00
960.57	473.00
960.75	456.00
960.93	460.00
961.11	457.00
961.29	404.00
961.47	482.00
961.65	454.00
961.83	466.00
962.01	489.00
962.19	536.00
962.37	533.00
962.56	507.00
962.74	483.00
962.92	487.00
963.10	374.00
963.28	494.00
963.46	458.00
963.64	431.00
963.82	459.00
964.00	505.00
964.18	505.00
964.36	483.00
964.54	416.00
964.72	485.00
964.90	428.00
965.08	414.00
965.27	412.00
965.45	442.00
965.63	417.00
965.81	434.00
965.99	519.00
966.17	530.00
966.35	451.00
966.53	486.00
966.71	407.00
966.89	394.00
967.07	515.00
967.25	461.00
967.43	423.00
967.61	431.00
967.79	489.00
967.97	441.00
968.15	464.00
968.33	430.00
968.51	463.00
968.69	506.00
968.87	499.00
969.06	418.00
969.24	433.00
969.42	462.00
969.60	457.00
969.78	410.00
969.96	493.00
970.14	537.00
970.32	463.00
970.50	501.00
970.68	491.00
970.86	529.00
971.04	513.00
971.22	426.00
971.40	437.00
971.58	384.00
971.76	408.00
971.94	482.00
972.12	421.00
972.30	469.00
972.48	446.00
972.66	398.00
972.84	399.00
973.02	413.00
973.20	409.00
973.38	437.00
973.56	391.00
973.74	433.00
973.92	427.00
974.10	364.00
974.28	391.00
974.46	364.00
974.64	430.00
974.82	428.00
975.00	382.00
975.18	453.00
975.36	450.00
975.54	421.00
975.72	482.00
975.90	455.00
976.08	381.00
976.26	429.00
976.44	360.00
976.62	439.00
976.80	428.00
976.98	423.00
977.16	447.00
977.34	436.00
977.52	474.00
977.70	488.00
977.88	474.00
978.06	451.00
978.24	414.00
978.42	391.00
978.60	382.00
978.78	389.00
978.96	426.00
979.14	403.00
979.32	422.00
979.50	401.00
979.68	379.00
979.86	331.00
980.04	430.00
980.22	391.00
980.40	347.00
980.58	358.00
980.76	435.00
980.94	387.00
981.12	390.00
981.30	424.00
981.48	373.00
981.66	351.00
981.84	414.00
982.02	457.00
982.20	450.00
982.38	381.00
982.56	397.00
982.74	427.00
982.92	343.00
983.10	309.00
983.28	395.00
983.46	369.00
983.64	416.00
983.82	333.00
984.00	333.00
984.18	344.00
984.36	418.00
984.54	456.00
984.72	402.00
984.90	364.00
985.08	316.00
985.26	407.00
985.44	366.00
985.62	291.00
985.80	422.00
985.98	376.00
986.16	377.00
986.34	337.00
986.51	384.00
986.69	309.00
986.87	304.00
987.05	336.00
987.23	312.00
987.41	370.00
987.59	345.00
987.77	344.00
987.95	340.00
988.13	400.00
988.31	389.00
988.49	427.00
988.67	382.00
988.85	334.00
989.03	368.00
989.21	303.00
989.39	282.00
989.57	389.00
989.75	335.00
989.93	298.00
990.11	312.00
990.28	353.00
990.46	272.00
990.64	270.00
990.82	283.00
991.00	328.00
991.18	321.00
991.36	330.00
991.54	349.00
991.72	356.00
991.90	410.00
992.08	361.00
992.26	343.00
992.44	275.00
992.62	350.00
992.80	373.00
992.98	351.00
993.15	319.00
993.33	240.00
993.51	297.00
993.69	332.00
993.87	352.00
994.05	275.00
994.23	278.00
994.41	374.00
994.59	366.00
994.77	278.00
994.95	324.00
995.13	385.00
995.31	339.00
995.48	309.00
995.66	331.00
995.84	312.00
996.02	244.00
996.20	301.00
996.38	321.00
996.56	341.00
996.74	398.00
996.92	288.00
997.10	283.00
997.28	287.00
997.46	312.00
997.63	315.00
997.81	352.00
997.99	316.00
998.17	266.00
998.35	294.00
998.53	325.00
998.71	236.00
998.89	218.00
999.07	343.00
999.25	413.00
999.43	373.00
999.60	314.00
999.78	301.00
999.96	305.00
1000.14	224.00
1000.32	291.00
1000.50	261.00
1000.68	327.00
1000.86	309.00
1001.04	368.00
1001.21	305.00
1001.39	296.00
1001.57	302.00
1001.75	309.00
1001.93	360.00
1002.11	305.00
1002.29	258.00
1002.47	307.00
1002.65	250.00
1002.82	280.00
1003.00	268.00
1003.18	353.00
1003.36	295.00
1003.54	333.00
1003.72	318.00
1003.90	340.00
1004.08	342.00
1004.26	324.00
1004.43	254.00
1004.61	253.00
1004.79	324.00
1004.97	335.00
1005.15	266.00
1005.33	259.00
1005.51	302.00
1005.69	270.00
1005.86	268.00
1006.04	305.00
1006.22	313.00
1006.40	279.00
1006.58	323.00
1006.76	298.00
1006.94	265.00
1007.12	163.00
1007.29	323.00
1007.47	299.00
1007.65	285.00
1007.83	291.00
1008.01	277.00
1008.19	254.00
1008.37	214.00
1008.54	313.00
1008.72	332.00
1008.90	331.00
1009.08	219.00
1009.26	281.00
1009.44	305.00
1009.62	292.00
1009.79	245.00
1009.97	239.00
1010.15	201.00
1010.33	297.00
1010.51	252.00
1010.69	289.00
1010.87	228.00
1011.04	260.00
1011.22	311.00
1011.40	314.00
1011.58	316.00
1011.76	292.00
1011.94	262.00
1012.11	243.00
1012.29	255.00
1012.47	232.00
1012.65	302.00
1012.83	307.00
1013.01	264.00
1013.18	241.00
1013.36	200.00
1013.54	217.00
1013.72	304.00
1013.90	282.00
1014.08	211.00
1014.25	228.00
1014.43	201.00
1014.61	232.00
1014.79	235.00
1014.97	284.00
1015.15	314.00
1015.32	278.00
1015.50	284.00
1015.68	271.00
1015.86	216.00
1016.04	193.00
1016.22	179.00
1016.39	202.00
1016.57	217.00
1016.75	286.00
1016.93	264.00
1017.11	259.00
1017.29	265.00
1017.46	311.00
1017.64	237.00
1017.82	238.00
1018.00	210.00
1018.18	184.00
1018.35	243.00
1018.53	207.00
1018.71	223.00
1018.89	187.00
1019.07	266.00
1019.24	255.00
1019.42	280.00
1019.60	261.00
1019.78	234.00
1019.96	263.00
1020.14	260.00
1020.31	206.00
1020.49	314.00
1020.67	291.00
1020.85	226.00
1021.03	222.00
1021.20	237.00
1021.38	273.00
1021.56	266.00
1021.74	237.00
1021.92	261.00
1022.09	193.00
1022.27	203.00
1022.45	241.00
1022.63	263.00
1022.81	262.00
1022.98	209.00
1023.16	258.00
1023.34	187.00
1023.52	175.00
1023.69	223.00
1023.87	239.00
1024.05	253.00
1024.23	280.00
1024.41	223.00
1024.58	243.00
1024.76	244.00
1024.94	232.00
1025.12	226.00
1025.30	269.00
1025.47	212.00
1025.65	268.00
1025.83	246.00
1026.01	271.00
1026.18	258.00
1026.36	234.00
1026.54	280.00
1026.72	215.00
1026.90	200.00
1027.07	279.00
1027.25	207.00
1027.43	156.00
1027.61	183.00
1027.78	144.00
1027.96	210.00
1028.14	197.00
1028.32	198.00
1028.49	196.00
1028.67	216.00
1028.85	249.00
1029.03	197.00
1029.21	171.00
1029.38	196.00
1029.56	234.00
1029.74	297.00
1029.92	271.00
1030.09	198.00
1030.27	180.00
1030.45	201.00
1030.63	177.00
1030.80	206.00
1030.98	277.00
1031.16	276.00
1031.34	232.00
1031.51	172.00
1031.69	167.00
1031.87	214.00
1032.05	182.00
1032.22	138.00
1032.40	242.00
1032.58	169.00
1032.76	201.00
1032.93	239.00
1033.11	155.00
1033.29	211.00
1033.47	155.00
1033.64	166.00
1033.82	253.00
1034.00	244.00
1034.18	245.00
1034.35	300.00
1034.53	255.00
1034.71	282.00
1034.89	232.00
1035.06	161.00
1035.24	138.00
1035.42	145.00
1035.59	211.00
1035.77	246.00
1035.95	214.00
1036.13	135.00
1036.30	176.00
1036.48	235.00
1036.66	197.00
1036.84	147.00
1037.01	194.00
1037.19	198.00
1037.37	214.00
1037.54	253.00
1037.72	258.00
1037.90	207.00
1038.08	223.00
1038.25	179.00
1038.43	171.00
1038.61	189.00
1038.79	152.00
1038.96	206.00
1039.14	216.00
1039.32	193.00
1039.49	130.00
1039.67	144.00
1039.85	139.00
1040.03	222.00
1040.20	166.00
1040.38	161.00
1040.56	158.00
1040.73	191.00
1040.91	205.00
1041.09	163.00
1041.27	179.00
1041.44	175.00
1041.62	216.00
1041.80	227.00
1041.97	234.00
1042.15	261.00
1042.33	166.00
1042.50	172.00
1042.68	181.00
1042.86	129.00
1043.04	231.00
1043.21	223.00
1043.39	224.00
1043.57	144.00
1043.74	158.00
1043.92	224.00
1044.10	162.00
1044.27	136.00
1044.45	192.00
1044.63	261.00
1044.80	160.00
1044.98	157.00
1045.16	190.00
1045.34	174.00
1045.51	219.00
1045.69	216.00
1045.87	161.00
1046.04	193.00
1046.22	183.00
1046.40	174.00
1046.57	166.00
1046.75	229.00
1046.93	225.00
1047.10	236.00
1047.28	177.00
1047.46	145.00
1047.63	149.00
1047.81	200.00
1047.99	190.00
1048.16	114.00
1048.34	132.00
1048.52	171.00
1048.69	160.00
1048.87	127.00
1049.05	133.00
1049.22	158.00
1049.40	174.00
1049.58	210.00
1049.75	219.00
1049.93	202.00
1050.11	151.00
1050.28	205.00
1050.46	145.00
1050.64	150.00
1050.81	221.00
1050.99	238.00
1051.17	166.00
1051.34	152.00
1051.52	155.00
1051.70	211.00
1051.87	189.00
1052.05	121.00
1052.23	256.00
1052.40	179.00
1052.58	138.00
1052.76	171.00
1052.93	188.00
1053.11	218.00
1053.29	253.00
1053.46	205.00
1053.64	245.00
1053.82	180.00
1053.99	171.00
1054.17	184.00
1054.35	227.00
1054.52	201.00
1054.70	226.00
1054.87	179.00
1055.05	164.00
1055.23	197.00
1055.40	161.00
1055.58	243.00
1055.76	85.00
1055.93	178.00
1056.11	137.00
1056.29	96.00
1056.46	147.00
1056.64	169.00
1056.81	165.00
1056.99	164.00
1057.17	174.00
1057.34	159.00
1057.52	225.00
1057.70	193.00
1057.87	196.00
1058.05	139.00
1058.22	195.00
1058.40	176.00
1058.58	186.00
1058.75	124.00
1058.93	119.00
1059.11	117.00
1059.28	198.00
1059.46	145.00
1059.63	196.00
1059.81	195.00
1059.99	174.00
1060.16	199.00
1060.34	133.00
1060.52	110.00
1060.69	135.00
1060.87	97.00
1061.04	163.00
1061.22	156.00
