367.62	109.00
367.82	32.00
368.02	33.00
368.23	32.00
368.43	108.00
368.63	103.00
368.83	58.00
369.04	24.00
369.24	78.00
369.44	-32.00
369.65	50.00
369.85	71.00
370.05	112.00
370.25	75.00
370.46	54.00
370.66	23.00
370.86	74.00
371.07	166.00
371.27	65.00
371.47	65.00
371.67	95.00
371.88	59.00
372.08	75.00
372.28	89.00
372.49	68.00
372.69	105.00
372.89	108.00
373.09	52.00
373.30	114.00
373.50	40.00
373.70	125.00
373.91	106.00
374.11	54.00
374.31	61.00
374.51	84.00
374.72	77.00
374.92	61.00
375.12	35.00
375.33	39.00
375.53	120.00
375.73	112.00
375.93	73.00
376.14	127.00
376.34	90.00
376.54	68.00
376.74	42.00
376.95	17.00
377.15	94.00
377.35	119.00
377.55	88.00
377.76	149.00
377.96	68.00
378.16	83.00
378.37	68.00
378.57	82.00
378.77	84.00
378.97	90.00
379.18	127.00
379.38	72.00
379.58	51.00
379.78	64.00
379.99	95.00
380.19	137.00
380.39	118.00
380.59	53.00
380.80	50.00
381.00	115.00
381.20	121.00
381.40	119.00
381.61	130.00
381.81	109.00
382.01	-7.00
382.21	63.00
382.42	111.00
382.62	31.00
382.82	1.00
383.02	18.00
383.23	83.00
383.43	114.00
383.63	39.00
383.83	8.00
384.04	-5.00
384.24	61.00
384.44	63.00
384.64	108.00
384.85	122.00
385.05	150.00
385.25	49.00
385.45	157.00
385.66	110.00
385.86	91.00
386.06	107.00
386.26	68.00
386.47	54.00
386.67	99.00
386.87	74.00
387.07	106.00
387.27	34.00
387.48	-21.00
387.68	-20.00
387.88	49.00
388.08	135.00
388.29	75.00
388.49	55.00
388.69	46.00
388.89	99.00
389.10	49.00
389.30	53.00
389.50	13.00
389.70	59.00
389.90	61.00
390.11	44.00
390.31	80.00
390.51	88.00
390.71	74.00
390.92	125.00
391.12	16.00
391.32	114.00
391.52	92.00
391.72	21.00
391.93	105.00
392.13	66.00
392.33	43.00
392.53	92.00
392.74	135.00
392.94	108.00
393.14	101.00
393.34	96.00
393.54	130.00
393.75	87.00
393.95	90.00
394.15	92.00
394.35	70.00
394.56	-5.00
394.76	77.00
394.96	95.00
395.16	54.00
395.36	83.00
395.57	128.00
395.77	136.00
395.97	81.00
396.17	37.00
396.37	19.00
396.58	-38.00
396.78	30.00
396.98	125.00
397.18	121.00
397.38	57.00
397.59	57.00
397.79	71.00
397.99	146.00
398.19	110.00
398.39	102.00
398.60	122.00
398.80	27.00
399.00	13.00
399.20	-9.00
399.40	71.00
399.61	89.00
399.81	86.00
400.01	49.00
400.21	46.00
400.41	84.00
400.62	91.00
400.82	129.00
401.02	155.00
401.22	99.00
401.42	38.00
401.63	91.00
401.83	163.00
402.03	144.00
402.23	110.00
402.43	117.00
402.64	155.00
402.84	121.00
403.04	100.00
403.24	113.00
403.44	115.00
403.64	67.00
403.85	88.00
404.05	52.00
404.25	69.00
404.45	106.00
404.65	129.00
404.86	78.00
405.06	40.00
405.26	57.00
405.46	81.00
405.66	18.00
405.86	19.00
406.07	98.00
406.27	118.00
406.47	110.00
406.67	149.00
406.87	88.00
407.07	79.00
407.28	7.00
407.48	37.00
407.68	56.00
407.88	84.00
408.08	107.00
408.28	93.00
408.49	91.00
408.69	80.00
408.89	70.00
409.09	77.00
409.29	53.00
409.49	118.00
409.70	68.00
409.90	85.00
410.10	70.00
410.30	16.00
410.50	5.00
410.70	68.00
410.91	77.00
411.11	105.00
411.31	102.00
411.51	73.00
411.71	118.00
411.91	139.00
412.12	33.00
412.32	77.00
412.52	100.00
412.72	115.00
412.92	125.00
413.12	145.00
413.32	135.00
413.53	84.00
413.73	107.00
413.93	96.00
414.13	57.00
414.33	86.00
414.53	44.00
414.74	92.00
414.94	68.00
415.14	70.00
415.34	91.00
415.54	92.00
415.74	66.00
415.94	38.00
416.15	95.00
416.35	141.00
416.55	142.00
416.75	123.00
416.95	153.00
417.15	124.00
417.35	70.00
417.56	31.00
417.76	106.00
417.96	147.00
418.16	70.00
418.36	77.00
418.56	99.00
418.76	107.00
418.97	108.00
419.17	103.00
419.37	82.00
419.57	86.00
419.77	117.00
419.97	24.00
420.17	0.00
420.37	43.00
420.58	119.00
420.78	67.00
420.98	40.00
421.18	96.00
421.38	150.00
421.58	110.00
421.78	147.00
421.98	136.00
422.19	118.00
422.39	71.00
422.59	37.00
422.79	9.00
422.99	96.00
423.19	153.00
423.39	117.00
423.59	108.00
423.80	103.00
424.00	182.00
424.20	142.00
424.40	134.00
424.60	86.00
424.80	138.00
425.00	163.00
425.20	127.00
425.40	103.00
425.61	79.00
425.81	151.00
426.01	126.00
426.21	175.00
426.41	106.00
426.61	64.00
426.81	100.00
427.01	103.00
427.21	83.00
427.42	123.00
427.62	124.00
427.82	126.00
428.02	168.00
428.22	108.00
428.42	89.00
428.62	178.00
428.82	135.00
429.02	60.00
429.23	36.00
429.43	107.00
429.63	95.00
429.83	81.00
430.03	44.00
430.23	106.00
430.43	149.00
430.63	170.00
430.83	89.00
431.03	46.00
431.24	79.00
431.44	129.00
431.64	151.00
431.84	143.00
432.04	107.00
432.24	35.00
432.44	95.00
432.64	124.00
432.84	165.00
433.04	162.00
433.24	137.00
433.45	33.00
433.65	102.00
433.85	84.00
434.05	103.00
434.25	105.00
434.45	87.00
434.65	67.00
434.85	84.00
435.05	66.00
435.25	101.00
435.45	87.00
435.65	95.00
435.86	120.00
436.06	193.00
436.26	140.00
436.46	114.00
436.66	102.00
436.86	108.00
437.06	89.00
437.26	30.00
437.46	113.00
437.66	127.00
437.86	90.00
438.06	144.00
438.26	145.00
438.47	90.00
438.67	107.00
438.87	83.00
439.07	66.00
439.27	65.00
439.47	111.00
439.67	102.00
439.87	63.00
440.07	83.00
440.27	89.00
440.47	78.00
440.67	135.00
440.87	58.00
441.07	101.00
441.27	96.00
441.48	111.00
441.68	92.00
441.88	157.00
442.08	126.00
442.28	124.00
442.48	85.00
442.68	124.00
442.88	120.00
443.08	59.00
443.28	40.00
443.48	92.00
443.68	86.00
443.88	86.00
444.08	160.00
444.28	118.00
444.48	122.00
444.68	103.00
444.88	49.00
445.09	90.00
445.29	111.00
445.49	95.00
445.69	79.00
445.89	125.00
446.09	187.00
446.29	65.00
446.49	109.00
446.69	84.00
446.89	156.00
447.09	138.00
447.29	120.00
447.49	64.00
447.69	76.00
447.89	68.00
448.09	129.00
448.29	174.00
448.49	124.00
448.69	152.00
448.89	128.00
449.09	141.00
449.29	123.00
449.49	152.00
449.70	164.00
449.90	140.00
450.10	151.00
450.30	206.00
450.50	174.00
450.70	92.00
450.90	176.00
451.10	139.00
451.30	125.00
451.50	141.00
451.70	100.00
451.90	104.00
452.10	130.00
452.30	104.00
452.50	163.00
452.70	134.00
452.90	216.00
453.10	217.00
453.30	118.00
453.50	97.00
453.70	11.00
453.90	84.00
454.10	125.00
454.30	189.00
454.50	187.00
454.70	150.00
454.90	170.00
455.10	137.00
455.30	126.00
455.50	135.00
455.70	191.00
455.90	177.00
456.10	143.00
456.30	151.00
456.50	133.00
456.70	152.00
456.90	101.00
457.10	100.00
457.30	136.00
457.50	116.00
457.70	156.00
457.90	129.00
458.10	126.00
458.30	122.00
458.50	64.00
458.70	56.00
458.90	135.00
459.10	127.00
459.30	51.00
459.50	136.00
459.70	108.00
459.90	133.00
460.10	210.00
460.30	191.00
460.50	230.00
460.70	128.00
460.90	206.00
461.10	179.00
461.30	174.00
461.50	107.00
461.70	116.00
461.90	179.00
462.10	156.00
462.30	137.00
462.50	142.00
462.70	78.00
462.90	153.00
463.10	166.00
463.30	137.00
463.50	127.00
463.70	109.00
463.90	129.00
464.10	127.00
464.30	158.00
464.50	126.00
464.70	203.00
464.90	125.00
465.10	158.00
465.30	123.00
465.50	75.00
465.70	138.00
465.90	215.00
466.10	159.00
466.30	249.00
466.50	161.00
466.70	137.00
466.90	131.00
467.10	102.00
467.30	180.00
467.50	144.00
467.70	151.00
467.90	130.00
468.10	157.00
468.30	154.00
468.50	116.00
468.70	171.00
468.90	169.00
469.10	184.00
469.30	191.00
469.50	96.00
469.70	142.00
469.90	124.00
470.10	260.00
470.30	236.00
470.50	146.00
470.70	115.00
470.90	134.00
471.10	162.00
471.29	92.00
471.49	145.00
471.69	201.00
471.89	123.00
472.09	167.00
472.29	178.00
472.49	197.00
472.69	167.00
472.89	114.00
473.09	132.00
473.29	121.00
473.49	120.00
473.69	148.00
473.89	183.00
474.09	146.00
474.29	105.00
474.49	184.00
474.69	238.00
474.89	190.00
475.09	155.00
475.29	186.00
475.49	160.00
475.69	121.00
475.88	123.00
476.08	127.00
476.28	189.00
476.48	170.00
476.68	119.00
476.88	72.00
477.08	144.00
477.28	188.00
477.48	131.00
477.68	162.00
477.88	218.00
478.08	128.00
478.28	150.00
478.48	142.00
478.68	117.00
478.88	181.00
479.08	188.00
479.28	175.00
479.47	133.00
479.67	168.00
479.87	166.00
480.07	104.00
480.27	97.00
480.47	61.00
480.67	150.00
480.87	217.00
481.07	100.00
481.27	111.00
481.47	206.00
481.67	131.00
481.87	205.00
482.07	126.00
482.27	170.00
482.46	157.00
482.66	128.00
482.86	172.00
483.06	135.00
483.26	119.00
483.46	154.00
483.66	174.00
483.86	154.00
484.06	116.00
484.26	183.00
484.46	119.00
484.66	95.00
484.86	153.00
485.05	182.00
485.25	184.00
485.45	105.00
485.65	115.00
485.85	163.00
486.05	147.00
486.25	168.00
486.45	156.00
486.65	181.00
486.85	204.00
487.05	174.00
487.25	122.00
487.44	172.00
487.64	231.00
487.84	234.00
488.04	241.00
488.24	171.00
488.44	106.00
488.64	181.00
488.84	275.00
489.04	157.00
489.24	110.00
489.43	213.00
489.63	259.00
489.83	182.00
490.03	161.00
490.23	199.00
490.43	212.00
490.63	237.00
490.83	223.00
491.03	174.00
491.23	160.00
491.42	110.00
491.62	177.00
491.82	236.00
492.02	225.00
492.22	164.00
492.42	199.00
492.62	182.00
492.82	144.00
493.02	208.00
493.22	164.00
493.41	147.00
493.61	179.00
493.81	204.00
494.01	164.00
494.21	120.00
494.41	204.00
494.61	214.00
494.81	162.00
495.01	138.00
495.20	176.00
495.40	198.00
495.60	183.00
495.80	169.00
496.00	215.00
496.20	220.00
496.40	187.00
496.60	219.00
496.79	229.00
496.99	213.00
497.19	148.00
497.39	207.00
497.59	206.00
497.79	207.00
497.99	239.00
498.19	280.00
498.38	221.00
498.58	181.00
498.78	216.00
498.98	242.00
499.18	290.00
499.38	242.00
499.58	302.00
499.78	264.00
499.97	235.00
500.17	181.00
500.37	227.00
500.57	159.00
500.77	108.00
500.97	162.00
501.17	261.00
501.37	224.00
501.56	217.00
501.76	216.00
501.96	221.00
502.16	305.00
502.36	290.00
502.56	186.00
502.76	276.00
502.95	232.00
503.15	276.00
503.35	255.00
503.55	185.00
503.75	174.00
503.95	204.00
504.15	298.00
504.34	303.00
504.54	269.00
504.74	221.00
504.94	282.00
505.14	211.00
505.34	263.00
505.54	264.00
505.73	216.00
505.93	249.00
506.13	207.00
506.33	227.00
506.53	220.00
506.73	210.00
506.92	295.00
507.12	291.00
507.32	254.00
507.52	250.00
507.72	245.00
507.92	227.00
508.12	242.00
508.31	217.00
508.51	183.00
508.71	169.00
508.91	155.00
509.11	179.00
509.31	255.00
509.50	254.00
509.70	214.00
509.90	238.00
510.10	323.00
510.30	300.00
510.50	257.00
510.69	247.00
510.89	237.00
511.09	265.00
511.29	194.00
511.49	155.00
511.69	188.00
511.88	225.00
512.08	178.00
512.28	141.00
512.48	204.00
512.68	240.00
512.88	302.00
513.07	151.00
513.27	250.00
513.47	250.00
513.67	240.00
513.87	221.00
514.06	245.00
514.26	277.00
514.46	297.00
514.66	206.00
514.86	207.00
515.06	210.00
515.25	191.00
515.45	206.00
515.65	211.00
515.85	206.00
516.05	253.00
516.24	245.00
516.44	205.00
516.64	237.00
516.84	233.00
517.04	242.00
517.23	245.00
517.43	195.00
517.63	214.00
517.83	156.00
518.03	189.00
518.23	215.00
518.42	197.00
518.62	239.00
518.82	266.00
519.02	229.00
519.22	242.00
519.41	225.00
519.61	267.00
519.81	219.00
520.01	187.00
520.21	253.00
520.40	257.00
520.60	308.00
520.80	359.00
521.00	296.00
521.20	250.00
521.39	243.00
521.59	262.00
521.79	250.00
521.99	228.00
522.19	249.00
522.38	284.00
522.58	253.00
522.78	245.00
522.98	208.00
523.17	207.00
523.37	224.00
523.57	205.00
523.77	225.00
523.97	298.00
524.16	257.00
524.36	298.00
524.56	304.00
524.76	296.00
524.96	269.00
525.15	320.00
525.35	285.00
525.55	290.00
525.75	388.00
525.94	210.00
526.14	304.00
526.34	247.00
526.54	269.00
526.74	254.00
526.93	229.00
527.13	280.00
527.33	280.00
527.53	304.00
527.72	261.00
527.92	299.00
528.12	282.00
528.32	354.00
528.52	304.00
528.71	315.00
528.91	246.00
529.11	307.00
529.31	227.00
529.50	268.00
529.70	319.00
529.90	299.00
530.10	316.00
530.29	381.00
530.49	342.00
530.69	239.00
530.89	385.00
531.09	398.00
531.28	366.00
531.48	373.00
531.68	370.00
531.88	363.00
532.07	361.00
532.27	399.00
532.47	302.00
532.67	251.00
532.86	267.00
533.06	325.00
533.26	340.00
533.46	379.00
533.65	364.00
533.85	306.00
534.05	282.00
534.25	312.00
534.44	368.00
534.64	346.00
534.84	403.00
535.04	397.00
535.23	402.00
535.43	412.00
535.63	425.00
535.83	438.00
536.02	368.00
536.22	393.00
536.42	414.00
536.62	427.00
536.81	427.00
537.01	442.00
537.21	412.00
537.41	409.00
537.60	409.00
537.80	424.00
538.00	397.00
538.20	410.00
538.39	339.00
538.59	340.00
538.79	362.00
538.99	352.00
539.18	407.00
539.38	375.00
539.58	432.00
539.77	449.00
539.97	530.00
540.17	472.00
540.37	484.00
540.56	518.00
540.76	536.00
540.96	509.00
541.16	440.00
541.35	444.00
541.55	507.00
541.75	466.00
541.94	459.00
542.14	552.00
542.34	590.00
542.54	487.00
542.73	471.00
542.93	477.00
543.13	492.00
543.33	473.00
543.52	487.00
543.72	509.00
543.92	504.00
544.11	520.00
544.31	523.00
544.51	552.00
544.71	565.00
544.90	496.00
545.10	456.00
545.30	481.00
545.49	514.00
545.69	504.00
545.89	528.00
546.09	542.00
546.28	585.00
546.48	615.00
546.68	524.00
546.87	468.00
547.07	463.00
547.27	469.00
547.47	527.00
547.66	496.00
547.86	500.00
548.06	521.00
548.25	537.00
548.45	529.00
548.65	448.00
548.84	380.00
549.04	439.00
549.24	487.00
549.44	492.00
549.63	454.00
549.83	454.00
550.03	536.00
550.22	527.00
550.42	440.00
550.62	411.00
550.81	473.00
551.01	462.00
551.21	441.00
551.41	528.00
551.60	435.00
551.80	431.00
552.00	521.00
552.19	467.00
552.39	476.00
552.59	419.00
552.78	443.00
552.98	427.00
553.18	515.00
553.37	444.00
553.57	433.00
553.77	504.00
553.96	467.00
554.16	473.00
554.36	384.00
554.56	483.00
554.75	450.00
554.95	397.00
555.15	456.00
555.34	478.00
555.54	472.00
555.74	425.00
555.93	385.00
556.13	384.00
556.33	473.00
556.52	460.00
556.72	449.00
556.92	424.00
557.11	390.00
557.31	409.00
557.51	424.00
557.70	385.00
557.90	452.00
558.10	443.00
558.29	429.00
558.49	438.00
558.69	404.00
558.88	442.00
559.08	361.00
559.28	357.00
559.47	333.00
559.67	400.00
559.87	467.00
560.06	363.00
560.26	405.00
560.46	476.00
560.65	424.00
560.85	469.00
561.05	439.00
561.24	427.00
561.44	386.00
561.64	472.00
561.83	404.00
562.03	397.00
562.23	463.00
562.42	483.00
562.62	410.00
562.82	414.00
563.01	451.00
563.21	449.00
563.40	393.00
563.60	457.00
563.80	445.00
563.99	441.00
564.19	428.00
564.39	414.00
564.58	397.00
564.78	359.00
564.98	423.00
565.17	354.00
565.37	423.00
565.57	375.00
565.76	457.00
565.96	435.00
566.16	429.00
566.35	381.00
566.55	387.00
566.74	345.00
566.94	413.00
567.14	413.00
567.33	404.00
567.53	457.00
567.73	479.00
567.92	528.00
568.12	478.00
568.32	410.00
568.51	487.00
568.71	467.00
568.90	440.00
569.10	405.00
569.30	353.00
569.49	525.00
569.69	544.00
569.89	508.00
570.08	529.00
570.28	500.00
570.47	468.00
570.67	482.00
570.87	448.00
571.06	516.00
571.26	456.00
571.46	518.00
571.65	521.00
571.85	506.00
572.04	502.00
572.24	552.00
572.44	533.00
572.63	471.00
572.83	513.00
573.03	483.00
573.22	542.00
573.42	620.00
573.61	512.00
573.81	513.00
574.01	557.00
574.20	589.00
574.40	504.00
574.59	496.00
574.79	568.00
574.99	513.00
575.18	556.00
575.38	560.00
575.58	570.00
575.77	642.00
575.97	625.00
576.16	586.00
576.36	636.00
576.56	587.00
576.75	645.00
576.95	669.00
577.14	687.00
577.34	650.00
577.54	603.00
577.73	635.00
577.93	653.00
578.12	689.00
578.32	683.00
578.52	699.00
578.71	677.00
578.91	733.00
579.10	767.00
579.30	705.00
579.50	708.00
579.69	680.00
579.89	717.00
580.08	790.00
580.28	799.00
580.48	756.00
580.67	814.00
580.87	708.00
581.06	737.00
581.26	845.00
581.45	812.00
581.65	787.00
581.85	812.00
582.04	752.00
582.24	755.00
582.43	752.00
582.63	852.00
582.83	918.00
583.02	858.00
583.22	908.00
583.41	876.00
583.61	850.00
583.80	849.00
584.00	923.00
584.20	898.00
584.39	918.00
584.59	991.00
584.78	1021.00
584.98	900.00
585.17	905.00
585.37	953.00
585.57	947.00
585.76	992.00
585.96	1024.00
586.15	1063.00
586.35	1040.00
586.54	1068.00
586.74	1080.00
586.94	1076.00
587.13	1093.00
587.33	974.00
587.52	1104.00
587.72	1142.00
587.91	1112.00
588.11	1123.00
588.31	1079.00
588.50	1104.00
588.70	1191.00
588.89	1094.00
589.09	1093.00
589.28	1210.00
589.48	1184.00
589.68	1176.00
589.87	1167.00
590.07	1239.00
590.26	1207.00
590.46	1178.00
590.65	1180.00
590.85	1180.00
591.04	1251.00
591.24	1260.00
591.44	1281.00
591.63	1330.00
591.83	1360.00
592.02	1311.00
592.22	1382.00
592.41	1369.00
592.61	1281.00
592.80	1376.00
593.00	1442.00
593.19	1467.00
593.39	1429.00
593.59	1345.00
593.78	1454.00
593.98	1437.00
594.17	1333.00
594.37	1405.00
594.56	1375.00
594.76	1375.00
594.95	1309.00
595.15	1413.00
595.34	1523.00
595.54	1376.00
595.73	1403.00
595.93	1457.00
596.13	1444.00
596.32	1478.00
596.52	1472.00
596.71	1471.00
596.91	1502.00
597.10	1534.00
597.30	1525.00
597.49	1560.00
597.69	1605.00
597.88	1573.00
598.08	1633.00
598.27	1568.00
598.47	1564.00
598.66	1723.00
598.86	1634.00
599.06	1620.00
599.25	1632.00
599.45	1712.00
599.64	1674.00
599.84	1711.00
600.03	1646.00
600.23	1692.00
600.42	1644.00
600.62	1569.00
600.81	1545.00
601.01	1609.00
601.20	1576.00
601.40	1642.00
601.59	1610.00
601.79	1634.00
601.98	1659.00
602.18	1684.00
602.37	1667.00
602.57	1633.00
602.76	1645.00
602.96	1700.00
603.15	1646.00
603.35	1688.00
603.54	1707.00
603.74	1670.00
603.93	1670.00
604.13	1763.00
604.32	1678.00
604.52	1650.00
604.71	1591.00
604.91	1655.00
605.10	1579.00
605.30	1633.00
605.49	1633.00
605.69	1623.00
605.88	1603.00
606.08	1614.00
606.27	1781.00
606.47	1662.00
606.66	1739.00
606.86	1634.00
607.05	1689.00
607.25	1661.00
607.44	1627.00
607.64	1679.00
607.83	1645.00
608.03	1608.00
608.22	1710.00
608.42	1762.00
608.61	1756.00
608.81	1844.00
609.00	1776.00
609.20	1803.00
609.39	1825.00
609.59	1912.00
609.78	2022.00
609.98	2066.00
610.17	2218.00
610.37	2361.00
610.56	2580.00
610.76	2649.00
610.95	2815.00
611.15	2923.00
611.34	3083.00
611.54	3058.00
611.73	2953.00
611.93	2796.00
612.12	2528.00
612.32	2273.00
612.51	2123.00
612.71	2113.00
612.90	2084.00
613.09	1930.00
613.29	2010.00
613.48	2023.00
613.68	1889.00
613.87	1984.00
614.07	1925.00
614.26	1873.00
614.46	1866.00
614.65	1803.00
614.85	1846.00
615.04	1855.00
615.24	1810.00
615.43	1805.00
615.63	1812.00
615.82	1701.00
616.02	1762.00
616.21	1781.00
616.40	1722.00
616.60	1662.00
616.79	1717.00
616.99	1833.00
617.18	1723.00
617.38	1695.00
617.57	1629.00
617.77	1677.00
617.96	1673.00
618.16	1730.00
618.35	1746.00
618.54	1686.00
618.74	1626.00
618.93	1686.00
619.13	1679.00
619.32	1643.00
619.52	1681.00
619.71	1719.00
619.91	1729.00
620.10	1759.00
620.30	1775.00
620.49	1771.00
620.68	1747.00
620.88	1732.00
621.07	1756.00
621.27	1731.00
621.46	1755.00
621.66	1738.00
621.85	1770.00
622.05	1816.00
622.24	1744.00
622.43	1743.00
622.63	1739.00
622.82	1677.00
623.02	1732.00
623.21	1808.00
623.41	1823.00
623.60	1793.00
623.80	1839.00
623.99	1852.00
624.18	1794.00
624.38	1790.00
624.57	1880.00
624.77	1846.00
624.96	1772.00
625.16	1793.00
625.35	1867.00
625.54	1896.00
625.74	1873.00
625.93	1978.00
626.13	1959.00
626.32	1913.00
626.52	1922.00
626.71	1907.00
626.90	1893.00
627.10	1935.00
627.29	1883.00
627.49	1955.00
627.68	1942.00
627.88	1961.00
628.07	1927.00
628.26	1899.00
628.46	1995.00
628.65	2021.00
628.85	2044.00
629.04	1976.00
629.23	1962.00
629.43	1933.00
629.62	1961.00
629.82	2008.00
630.01	2000.00
630.21	2077.00
630.40	2143.00
630.59	2124.00
630.79	2208.00
630.98	2174.00
631.18	2132.00
631.37	2203.00
631.56	2118.00
631.76	2188.00
631.95	2161.00
632.15	2074.00
632.34	2086.00
632.53	2117.00
632.73	2022.00
632.92	2070.00
633.12	2067.00
633.31	2015.00
633.50	2063.00
633.70	2085.00
633.89	2073.00
634.09	2002.00
634.28	2049.00
634.47	2152.00
634.67	2195.00
634.86	2124.00
635.06	2111.00
635.25	2107.00
635.44	2156.00
635.64	2265.00
635.83	2132.00
636.03	2164.00
636.22	2128.00
636.41	2204.00
636.61	2174.00
636.80	2242.00
637.00	2220.00
637.19	2256.00
637.38	2230.00
637.58	2309.00
637.77	2233.00
637.96	2262.00
638.16	2302.00
638.35	2381.00
638.55	2364.00
638.74	2313.00
638.93	2365.00
639.13	2337.00
639.32	2343.00
639.51	2314.00
639.71	2256.00
639.90	2344.00
640.10	2335.00
640.29	2472.00
640.48	2491.00
640.68	2480.00
640.87	2466.00
641.07	2382.00
641.26	2472.00
641.45	2474.00
641.65	2472.00
641.84	2533.00
642.03	2511.00
642.23	2568.00
642.42	2563.00
642.61	2520.00
642.81	2510.00
643.00	2495.00
643.20	2574.00
643.39	2665.00
643.58	2584.00
643.78	2589.00
643.97	2545.00
644.16	2589.00
644.36	2555.00
644.55	2600.00
644.74	2621.00
644.94	2549.00
645.13	2602.00
645.33	2621.00
645.52	2648.00
645.71	2632.00
645.91	2702.00
646.10	2651.00
646.29	2711.00
646.49	2660.00
646.68	2694.00
646.87	2727.00
647.07	2718.00
647.26	2660.00
647.45	2734.00
647.65	2875.00
647.84	2837.00
648.03	2793.00
648.23	2804.00
648.42	2779.00
648.62	2820.00
648.81	2803.00
649.00	2788.00
649.20	2850.00
649.39	2778.00
649.58	2834.00
649.78	2829.00
649.97	2822.00
650.16	2797.00
650.36	2847.00
650.55	2875.00
650.74	2866.00
650.94	2949.00
651.13	2954.00
651.32	2822.00
651.52	2966.00
651.71	2963.00
651.90	2797.00
652.10	2857.00
652.29	2981.00
652.48	3015.00
652.68	2910.00
652.87	2915.00
653.06	2903.00
653.26	2963.00
653.45	2918.00
653.64	2915.00
653.84	2942.00
654.03	2835.00
654.22	2832.00
654.42	2913.00
654.61	2968.00
654.80	2969.00
654.99	2895.00
655.19	2866.00
655.38	2887.00
655.57	2824.00
655.77	2827.00
655.96	2875.00
656.15	2949.00
656.35	2907.00
656.54	2986.00
656.73	2794.00
656.93	2859.00
657.12	2854.00
657.31	2890.00
657.51	2869.00
657.70	2991.00
657.89	3010.00
658.09	2963.00
658.28	2919.00
658.47	2821.00
658.66	2869.00
658.86	2833.00
659.05	2811.00
659.24	2928.00
659.44	2854.00
659.63	2876.00
659.82	2869.00
660.02	2797.00
660.21	2900.00
660.40	2851.00
660.60	2860.00
660.79	2841.00
660.98	2755.00
661.17	2812.00
661.37	2804.00
661.56	2784.00
661.75	2878.00
661.95	2841.00
662.14	2728.00
662.33	2820.00
662.52	2898.00
662.72	2817.00
662.91	2942.00
663.10	2890.00
663.30	2842.00
663.49	2787.00
663.68	2845.00
663.88	2909.00
664.07	2831.00
664.26	2821.00
664.45	2776.00
664.65	2754.00
664.84	2757.00
665.03	2701.00
665.23	2754.00
665.42	2724.00
665.61	2721.00
665.80	2781.00
666.00	2814.00
666.19	2745.00
666.38	2744.00
666.57	2694.00
666.77	2677.00
666.96	2653.00
667.15	2866.00
667.35	2748.00
667.54	2627.00
667.73	2597.00
667.92	2611.00
668.12	2535.00
668.31	2558.00
668.50	2616.00
668.70	2631.00
668.89	2629.00
669.08	2522.00
669.27	2567.00
669.47	2576.00
669.66	2565.00
669.85	2608.00
670.04	2625.00
670.24	2566.00
670.43	2604.00
670.62	2647.00
670.81	2680.00
671.01	2698.00
671.20	2755.00
671.39	2752.00
671.58	2595.00
671.78	2546.00
671.97	2577.00
672.16	2565.00
672.36	2600.00
672.55	2521.00
672.74	2623.00
672.93	2594.00
673.13	2597.00
673.32	2434.00
673.51	2490.00
673.70	2547.00
673.90	2533.00
674.09	2519.00
674.28	2607.00
674.47	2663.00
674.67	2596.00
674.86	2542.00
675.05	2518.00
675.24	2566.00
675.44	2592.00
675.63	2576.00
675.82	2563.00
676.01	2565.00
676.21	2505.00
676.40	2516.00
676.59	2466.00
676.78	2496.00
676.97	2472.00
677.17	2474.00
677.36	2502.00
677.55	2455.00
677.74	2480.00
677.94	2514.00
678.13	2477.00
678.32	2431.00
678.51	2480.00
678.71	2552.00
678.90	2503.00
679.09	2481.00
679.28	2487.00
679.48	2514.00
679.67	2406.00
679.86	2478.00
680.05	2487.00
680.24	2457.00
680.44	2391.00
680.63	2333.00
680.82	2467.00
681.01	2413.00
681.21	2416.00
681.40	2360.00
681.59	2338.00
681.78	2333.00
681.97	2354.00
682.17	2432.00
682.36	2282.00
682.55	2331.00
682.74	2370.00
682.94	2411.00
683.13	2414.00
683.32	2433.00
683.51	2421.00
683.70	2339.00
683.90	2387.00
684.09	2465.00
684.28	2415.00
684.47	2331.00
684.66	2389.00
684.86	2394.00
685.05	2450.00
685.24	2512.00
685.43	2413.00
685.63	2277.00
685.82	2389.00
686.01	2313.00
686.20	2398.00
686.39	2318.00
686.59	2267.00
686.78	2263.00
686.97	2402.00
687.16	2373.00
687.35	2503.00
687.55	2419.00
687.74	2396.00
687.93	2459.00
688.12	2446.00
688.31	2326.00
688.51	2338.00
688.70	2442.00
688.89	2358.00
689.08	2413.00
689.27	2421.00
689.47	2435.00
689.66	2375.00
689.85	2375.00
690.04	2443.00
690.23	2404.00
690.42	2415.00
690.62	2395.00
690.81	2350.00
691.00	2417.00
691.19	2392.00
691.38	2302.00
691.58	2324.00
691.77	2303.00
691.96	2315.00
692.15	2376.00
692.34	2413.00
692.54	2354.00
692.73	2351.00
692.92	2356.00
693.11	2388.00
693.30	2357.00
693.49	2401.00
693.69	2387.00
693.88	2368.00
694.07	2332.00
694.26	2308.00
694.45	2287.00
694.64	2432.00
694.84	2402.00
695.03	2382.00
695.22	2358.00
695.41	2253.00
695.60	2316.00
695.80	2253.00
695.99	2393.00
696.18	2333.00
696.37	2300.00
696.56	2260.00
696.75	2341.00
696.95	2463.00
697.14	2363.00
697.33	2374.00
697.52	2394.00
697.71	2391.00
697.90	2459.00
698.09	2451.00
698.29	2519.00
698.48	2419.00
698.67	2469.00
698.86	2400.00
699.05	2446.00
699.24	2537.00
699.44	2446.00
699.63	2453.00
699.82	2454.00
700.01	2459.00
700.20	2458.00
700.39	2401.00
700.58	2337.00
700.78	2351.00
700.97	2488.00
701.16	2463.00
701.35	2437.00
701.54	2371.00
701.73	2305.00
701.93	2360.00
702.12	2429.00
702.31	2613.00
702.50	2604.00
702.69	2656.00
702.88	2594.00
703.07	2585.00
703.27	2527.00
703.46	2526.00
703.65	2622.00
703.84	2645.00
704.03	2643.00
704.22	2525.00
704.41	2649.00
704.60	2623.00
704.80	2586.00
704.99	2579.00
705.18	2697.00
705.37	2728.00
705.56	2720.00
705.75	2703.00
705.94	2586.00
706.14	2601.00
706.33	2650.00
706.52	2586.00
706.71	2628.00
706.90	2697.00
707.09	2783.00
707.28	2681.00
707.47	2671.00
707.67	2780.00
707.86	2809.00
708.05	2786.00
708.24	2791.00
708.43	2853.00
708.62	2884.00
708.81	2918.00
709.00	2843.00
709.20	2896.00
709.39	2850.00
709.58	2922.00
709.77	2849.00
709.96	2930.00
710.15	2798.00
710.34	2775.00
710.53	2813.00
710.72	2896.00
710.92	2825.00
711.11	2795.00
711.30	2799.00
711.49	2849.00
711.68	2832.00
711.87	2809.00
712.06	2866.00
712.25	2877.00
712.44	2917.00
712.64	3024.00
712.83	3002.00
713.02	3003.00
713.21	2912.00
713.40	2908.00
713.59	2924.00
713.78	2951.00
713.97	2907.00
714.16	2908.00
714.35	2872.00
714.55	3010.00
714.74	2967.00
714.93	2954.00
715.12	2968.00
715.31	2954.00
715.50	2925.00
715.69	2968.00
715.88	2901.00
716.07	2910.00
716.26	3009.00
716.45	3047.00
716.65	2972.00
716.84	2998.00
717.03	2939.00
717.22	3010.00
717.41	2976.00
717.60	2970.00
717.79	2997.00
717.98	2965.00
718.17	3061.00
718.36	3104.00
718.55	3095.00
718.75	3053.00
718.94	2959.00
719.13	2922.00
719.32	2974.00
719.51	2981.00
719.70	3103.00
719.89	3088.00
720.08	3147.00
720.27	3111.00
720.46	3113.00
720.65	3128.00
720.84	3118.00
721.03	3153.00
721.22	3042.00
721.42	3014.00
721.61	3050.00
721.80	2971.00
721.99	3023.00
722.18	3035.00
722.37	3081.00
722.56	3027.00
722.75	3104.00
722.94	2982.00
723.13	3073.00
723.32	3021.00
723.51	2997.00
723.70	3030.00
723.89	3113.00
724.08	3142.00
724.28	3172.00
724.47	3132.00
724.66	3031.00
724.85	3045.00
725.04	3149.00
725.23	3054.00
725.42	3042.00
725.61	3096.00
725.80	3151.00
725.99	3091.00
726.18	3053.00
726.37	3153.00
726.56	3190.00
726.75	3162.00
726.94	3113.00
727.13	3037.00
727.32	3082.00
727.51	3083.00
727.71	3037.00
727.90	2959.00
728.09	3034.00
728.28	3027.00
728.47	3070.00
728.66	3069.00
728.85	3101.00
729.04	3055.00
729.23	3073.00
729.42	3059.00
729.61	3095.00
729.80	3013.00
729.99	3055.00
730.18	3065.00
730.37	3013.00
730.56	3012.00
730.75	3049.00
730.94	3081.00
731.13	3122.00
731.32	3151.00
731.51	3060.00
731.70	3014.00
731.89	3106.00
732.08	3173.00
732.27	3051.00
732.46	3152.00
732.65	3115.00
732.84	3013.00
733.04	2992.00
733.23	3027.00
733.42	3000.00
733.61	3004.00
733.80	3014.00
733.99	2976.00
734.18	2984.00
734.37	3016.00
734.56	3016.00
734.75	2977.00
734.94	2976.00
735.13	2946.00
735.32	2998.00
735.51	3018.00
735.70	2931.00
735.89	3004.00
736.08	3035.00
736.27	3015.00
736.46	3017.00
736.65	3022.00
736.84	3044.00
737.03	3006.00
737.22	2956.00
737.41	2876.00
737.60	2933.00
737.79	2960.00
737.98	2867.00
738.17	2932.00
738.36	2928.00
738.55	2942.00
738.74	2880.00
738.93	2905.00
739.12	3000.00
739.31	3014.00
739.50	2835.00
739.69	2774.00
739.88	2843.00
740.07	2826.00
740.26	2769.00
740.45	2872.00
740.64	2879.00
740.83	2829.00
741.02	2857.00
741.21	2895.00
741.40	2890.00
741.59	2856.00
741.78	2851.00
741.97	2732.00
742.16	2739.00
742.35	2621.00
742.54	2752.00
742.73	2705.00
742.92	2788.00
743.11	2835.00
743.30	2806.00
743.49	2754.00
743.68	2726.00
743.87	2702.00
744.06	2779.00
744.25	2715.00
744.44	2659.00
744.63	2659.00
744.82	2683.00
745.01	2644.00
745.20	2649.00
745.39	2694.00
745.58	2683.00
745.77	2679.00
745.96	2680.00
746.15	2626.00
746.34	2665.00
746.52	2758.00
746.71	2648.00
746.90	2690.00
747.09	2657.00
747.28	2665.00
747.47	2669.00
747.66	2634.00
747.85	2625.00
748.04	2540.00
748.23	2579.00
748.42	2613.00
748.61	2627.00
748.80	2614.00
748.99	2644.00
749.18	2599.00
749.37	2570.00
749.56	2499.00
749.75	2463.00
749.94	2488.00
750.13	2522.00
750.32	2481.00
750.51	2486.00
750.70	2438.00
750.89	2542.00
751.08	2531.00
751.27	2367.00
751.46	2467.00
751.64	2511.00
751.83	2433.00
752.02	2414.00
752.21	2437.00
752.40	2483.00
752.59	2496.00
752.78	2439.00
752.97	2495.00
753.16	2553.00
753.35	2470.00
753.54	2372.00
753.73	2387.00
753.92	2388.00
754.11	2446.00
754.30	2435.00
754.49	2498.00
754.68	2470.00
754.87	2388.00
755.06	2405.00
755.24	2413.00
755.43	2393.00
755.62	2363.00
755.81	2332.00
756.00	2420.00
756.19	2307.00
756.38	2342.00
756.57	2322.00
756.76	2366.00
756.95	2280.00
757.14	2280.00
757.33	2317.00
757.52	2323.00
757.71	2245.00
757.90	2188.00
758.08	2278.00
758.27	2262.00
758.46	2194.00
758.65	2250.00
758.84	2340.00
759.03	2225.00
759.22	2271.00
759.41	2253.00
759.60	2171.00
759.79	2276.00
759.98	2361.00
760.17	2099.00
760.36	2188.00
760.54	2154.00
760.73	2270.00
760.92	2311.00
761.11	2210.00
761.30	2202.00
761.49	2141.00
761.68	2117.00
761.87	2069.00
762.06	2055.00
762.25	2027.00
762.44	1967.00
762.63	2014.00
762.81	2012.00
763.00	1962.00
763.19	1925.00
763.38	1857.00
763.57	1925.00
763.76	1982.00
763.95	1949.00
764.14	1978.00
764.33	1872.00
764.52	1876.00
764.71	1891.00
764.89	1883.00
765.08	1955.00
765.27	1960.00
765.46	1956.00
765.65	1936.00
765.84	1897.00
766.03	1923.00
766.22	1882.00
766.41	1894.00
766.59	1926.00
766.78	2009.00
766.97	2041.00
767.16	2069.00
767.35	2067.00
767.54	2119.00
767.73	2131.00
767.92	2151.00
768.11	2154.00
768.30	2193.00
768.48	2142.00
768.67	2191.00
768.86	2155.00
769.05	2079.00
769.24	2225.00
769.43	2157.00
769.62	2169.00
769.81	2253.00
769.99	2255.00
770.18	2193.00
770.37	2050.00
770.56	2019.00
770.75	2077.00
770.94	1999.00
771.13	2103.00
771.32	2203.00
771.50	2236.00
771.69	2242.00
771.88	2158.00
772.07	2172.00
772.26	2123.00
772.45	2160.00
772.64	2177.00
772.83	2207.00
773.01	2124.00
773.20	2237.00
773.39	2132.00
773.58	2158.00
773.77	2164.00
773.96	2096.00
774.15	2018.00
774.34	2036.00
774.52	2081.00
774.71	2134.00
774.90	2154.00
775.09	2099.00
775.28	2100.00
775.47	2178.00
775.66	2133.00
775.84	2077.00
776.03	2077.00
776.22	1964.00
776.41	2037.00
776.60	2014.00
776.79	2085.00
776.98	2070.00
777.16	2144.00
777.35	2104.00
777.54	2061.00
777.73	2038.00
777.92	2095.00
778.11	2076.00
778.29	2028.00
778.48	2060.00
778.67	2137.00
778.86	2084.00
779.05	2078.00
779.24	2106.00
779.43	2042.00
779.61	2016.00
779.80	2082.00
779.99	2133.00
780.18	2083.00
780.37	2083.00
780.56	2110.00
780.74	2121.00
780.93	2039.00
781.12	2049.00
781.31	2018.00
781.50	2037.00
781.69	2089.00
781.87	2074.00
782.06	2151.00
782.25	2179.00
782.44	2166.00
782.63	2157.00
782.82	2155.00
783.00	2060.00
783.19	2074.00
783.38	2031.00
783.57	2050.00
783.76	2114.00
783.95	2136.00
784.13	2133.00
784.32	2141.00
784.51	2097.00
784.70	2105.00
784.89	2168.00
785.08	2160.00
785.26	2101.00
785.45	2097.00
785.64	2060.00
785.83	2212.00
786.02	2168.00
786.20	2148.00
786.39	2154.00
786.58	2144.00
786.77	2116.00
786.96	2096.00
787.15	2166.00
787.33	2163.00
787.52	2174.00
787.71	2250.00
787.90	2224.00
788.09	2223.00
788.27	2191.00
788.46	2083.00
788.65	2105.00
788.84	2156.00
789.03	2151.00
789.21	2121.00
789.40	2120.00
789.59	2163.00
789.78	2216.00
789.97	2161.00
790.15	2153.00
790.34	2188.00
790.53	2242.00
790.72	2184.00
790.91	2148.00
791.09	2190.00
791.28	2322.00
791.47	2225.00
791.66	2254.00
791.85	2264.00
792.03	2263.00
792.22	2219.00
792.41	2227.00
792.60	2239.00
792.79	2376.00
792.97	2323.00
793.16	2286.00
793.35	2280.00
793.54	2228.00
793.72	2198.00
793.91	2255.00
794.10	2321.00
794.29	2300.00
794.48	2324.00
794.66	2303.00
794.85	2305.00
795.04	2336.00
795.23	2316.00
795.42	2286.00
795.60	2293.00
795.79	2336.00
795.98	2274.00
796.17	2316.00
796.35	2235.00
796.54	2229.00
796.73	2262.00
796.92	2261.00
797.11	2178.00
797.29	2071.00
797.48	2204.00
797.67	2223.00
797.86	2276.00
798.04	2247.00
798.23	2293.00
798.42	2270.00
798.61	2329.00
798.79	2306.00
798.98	2339.00
799.17	2220.00
799.36	2319.00
799.54	2303.00
799.73	2245.00
799.92	2164.00
800.11	2228.00
800.30	2199.00
800.48	2245.00
800.67	2205.00
800.86	2342.00
801.05	2342.00
801.23	2253.00
801.42	2283.00
801.61	2239.00
801.80	2271.00
801.98	2327.00
802.17	2337.00
802.36	2370.00
802.55	2346.00
802.73	2304.00
802.92	2267.00
803.11	2273.00
803.30	2367.00
803.48	2289.00
803.67	2318.00
803.86	2311.00
804.05	2349.00
804.23	2349.00
804.42	2328.00
804.61	2359.00
804.80	2335.00
804.98	2321.00
805.17	2263.00
805.36	2324.00
805.54	2337.00
805.73	2309.00
805.92	2366.00
806.11	2346.00
806.29	2314.00
806.48	2337.00
806.67	2333.00
806.86	2375.00
807.04	2341.00
807.23	2327.00
807.42	2349.00
807.61	2322.00
807.79	2329.00
807.98	2324.00
808.17	2334.00
808.35	2437.00
808.54	2313.00
808.73	2372.00
808.92	2400.00
809.10	2331.00
809.29	2354.00
809.48	2327.00
809.67	2338.00
809.85	2414.00
810.04	2354.00
810.23	2365.00
810.41	2311.00
810.60	2399.00
810.79	2413.00
810.98	2369.00
811.16	2330.00
811.35	2268.00
811.54	2352.00
811.72	2331.00
811.91	2336.00
812.10	2281.00
812.29	2360.00
812.47	2336.00
812.66	2325.00
812.85	2330.00
813.03	2331.00
813.22	2310.00
813.41	2286.00
813.60	2353.00
813.78	2367.00
813.97	2432.00
814.16	2349.00
814.34	2381.00
814.53	2337.00
814.72	2373.00
814.90	2330.00
815.09	2256.00
815.28	2315.00
815.47	2287.00
815.65	2247.00
815.84	2267.00
816.03	2248.00
816.21	2211.00
816.40	2329.00
816.59	2264.00
816.77	2240.00
816.96	2390.00
817.15	2299.00
817.33	2279.00
817.52	2368.00
817.71	2290.00
817.90	2345.00
818.08	2286.00
818.27	2314.00
818.46	2284.00
818.64	2275.00
818.83	2266.00
819.02	2393.00
819.20	2267.00
819.39	2248.00
819.58	2235.00
819.76	2325.00
819.95	2414.00
820.14	2283.00
820.32	2274.00
820.51	2266.00
820.70	2312.00
820.88	2343.00
821.07	2445.00
821.26	2349.00
821.44	2363.00
821.63	2422.00
821.82	2341.00
822.01	2328.00
822.19	2274.00
822.38	2284.00
822.57	2283.00
822.75	2267.00
822.94	2364.00
823.13	2291.00
823.31	2320.00
823.50	2258.00
823.69	2264.00
823.87	2214.00
824.06	2178.00
824.25	2218.00
824.43	2209.00
824.62	2228.00
824.80	2273.00
824.99	2275.00
825.18	2279.00
825.36	2311.00
825.55	2246.00
825.74	2193.00
825.92	2250.00
826.11	2201.00
826.30	2196.00
826.48	2219.00
826.67	2257.00
826.86	2279.00
827.04	2216.00
827.23	2272.00
827.42	2303.00
827.60	2190.00
827.79	2169.00
827.98	2166.00
828.16	2292.00
828.35	2274.00
828.54	2135.00
828.72	2250.00
828.91	2257.00
829.09	2234.00
829.28	2145.00
829.47	2126.00
829.65	2219.00
829.84	2204.00
830.03	2231.00
830.21	2225.00
830.40	2205.00
830.59	2111.00
830.77	2152.00
830.96	2155.00
831.14	2189.00
831.33	2229.00
831.52	2190.00
831.70	2142.00
831.89	2045.00
832.08	2089.00
832.26	2022.00
832.45	2071.00
832.64	2045.00
832.82	2066.00
833.01	2135.00
833.19	2201.00
833.38	2105.00
833.57	2087.00
833.75	2073.00
833.94	2091.00
834.13	2177.00
834.31	2228.00
834.50	2147.00
834.68	2122.00
834.87	2193.00
835.06	2188.00
835.24	2214.00
835.43	2133.00
835.61	2063.00
835.80	2101.00
835.99	2080.00
836.17	2033.00
836.36	2112.00
836.55	2046.00
836.73	2136.00
836.92	2092.00
837.10	2144.00
837.29	2144.00
837.48	2057.00
837.66	2156.00
837.85	2106.00
838.03	1978.00
838.22	2038.00
838.41	1955.00
838.59	2044.00
838.78	2021.00
838.96	2175.00
839.15	2081.00
839.34	2064.00
839.52	2022.00
839.71	2085.00
839.89	2111.00
840.08	2185.00
840.27	2116.00
840.45	2087.00
840.64	2090.00
840.82	2101.00
841.01	2084.00
841.20	1958.00
841.38	2004.00
841.57	2043.00
841.75	2084.00
841.94	2062.00
842.13	2027.00
842.31	1990.00
842.50	2011.00
842.68	2010.00
842.87	1919.00
843.05	1942.00
843.24	1945.00
843.43	1971.00
843.61	1975.00
843.80	2022.00
843.98	1925.00
844.17	1909.00
844.36	1951.00
844.54	1934.00
844.73	2007.00
844.91	1903.00
845.10	1883.00
845.28	1900.00
845.47	1845.00
845.66	1843.00
845.84	1906.00
846.03	1858.00
846.21	1870.00
846.40	1878.00
846.58	2003.00
846.77	1961.00
846.96	1821.00
847.14	1899.00
847.33	1919.00
847.51	1822.00
847.70	1835.00
847.88	1845.00
848.07	1840.00
848.25	1810.00
848.44	1783.00
848.63	1805.00
848.81	1924.00
849.00	1904.00
849.18	1915.00
849.37	1855.00
849.55	1856.00
849.74	1802.00
849.93	1778.00
850.11	1757.00
850.30	1691.00
850.48	1716.00
850.67	1791.00
850.85	1813.00
851.04	1719.00
851.22	1780.00
851.41	1822.00
851.59	1817.00
851.78	1814.00
851.97	1856.00
852.15	1798.00
852.34	1789.00
852.52	1802.00
852.71	1815.00
852.89	1822.00
853.08	1819.00
853.26	1794.00
853.45	1833.00
853.63	1760.00
853.82	1679.00
854.01	1813.00
854.19	1739.00
854.38	1775.00
854.56	1658.00
854.75	1684.00
854.93	1704.00
855.12	1815.00
855.30	1691.00
855.49	1659.00
855.67	1688.00
855.86	1722.00
856.04	1718.00
856.23	1807.00
856.41	1765.00
856.60	1634.00
856.79	1753.00
856.97	1729.00
857.16	1625.00
857.34	1693.00
857.53	1709.00
857.71	1705.00
857.90	1669.00
858.08	1698.00
858.27	1593.00
858.45	1602.00
858.64	1643.00
858.82	1733.00
859.01	1641.00
859.19	1605.00
859.38	1653.00
859.56	1709.00
859.75	1665.00
859.93	1611.00
860.12	1647.00
860.30	1669.00
860.49	1625.00
860.67	1592.00
860.86	1644.00
861.04	1672.00
861.23	1641.00
861.41	1660.00
861.60	1686.00
861.78	1602.00
861.97	1588.00
862.15	1605.00
862.34	1588.00
862.53	1621.00
862.71	1675.00
862.90	1640.00
863.08	1617.00
863.27	1648.00
863.45	1604.00
863.64	1596.00
863.82	1634.00
864.01	1610.00
864.19	1678.00
864.37	1550.00
864.56	1484.00
864.74	1523.00
864.93	1539.00
865.11	1645.00
865.30	1649.00
865.48	1580.00
865.67	1570.00
865.85	1505.00
866.04	1500.00
866.22	1581.00
866.41	1618.00
866.59	1521.00
866.78	1530.00
866.96	1548.00
867.15	1480.00
867.33	1493.00
867.52	1496.00
867.70	1445.00
867.89	1534.00
868.07	1490.00
868.26	1538.00
868.44	1544.00
868.63	1462.00
868.81	1493.00
869.00	1447.00
869.18	1395.00
869.37	1470.00
869.55	1429.00
869.74	1433.00
869.92	1442.00
870.10	1540.00
870.29	1461.00
870.47	1417.00
870.66	1441.00
870.84	1455.00
871.03	1394.00
871.21	1369.00
871.40	1435.00
871.58	1380.00
871.77	1361.00
871.95	1403.00
872.14	1398.00
872.32	1475.00
872.51	1422.00
872.69	1492.00
872.87	1443.00
873.06	1419.00
873.24	1323.00
873.43	1331.00
873.61	1326.00
873.80	1370.00
873.98	1380.00
874.17	1443.00
874.35	1404.00
874.54	1381.00
874.72	1311.00
874.90	1356.00
875.09	1369.00
875.27	1408.00
875.46	1432.00
875.64	1366.00
875.83	1312.00
876.01	1428.00
876.20	1450.00
876.38	1414.00
876.56	1381.00
876.75	1330.00
876.93	1346.00
877.12	1321.00
877.30	1341.00
877.49	1356.00
877.67	1373.00
877.86	1365.00
878.04	1309.00
878.22	1305.00
878.41	1390.00
878.59	1359.00
878.78	1402.00
878.96	1336.00
879.15	1368.00
879.33	1287.00
879.51	1328.00
879.70	1309.00
879.88	1308.00
880.07	1360.00
880.25	1364.00
880.44	1330.00
880.62	1313.00
880.80	1344.00
880.99	1348.00
881.17	1366.00
881.36	1381.00
881.54	1418.00
881.73	1380.00
881.91	1310.00
882.09	1333.00
882.28	1306.00
882.46	1303.00
882.65	1328.00
882.83	1257.00
883.02	1362.00
883.20	1359.00
883.38	1367.00
883.57	1324.00
883.75	1321.00
883.94	1223.00
884.12	1248.00
884.30	1203.00
884.49	1278.00
884.67	1313.00
884.86	1228.00
885.04	1326.00
885.22	1269.00
885.41	1299.00
885.59	1290.00
885.78	1298.00
885.96	1321.00
886.14	1217.00
886.33	1278.00
886.51	1327.00
886.70	1375.00
886.88	1305.00
887.06	1271.00
887.25	1277.00
887.43	1264.00
887.62	1246.00
887.80	1294.00
887.98	1258.00
888.17	1304.00
888.35	1336.00
888.54	1341.00
888.72	1295.00
888.90	1303.00
889.09	1212.00
889.27	1198.00
889.46	1191.00
889.64	1220.00
889.82	1241.00
890.01	1186.00
890.19	1199.00
890.38	1268.00
890.56	1310.00
890.74	1262.00
890.93	1277.00
891.11	1288.00
891.29	1272.00
891.48	1251.00
891.66	1295.00
891.85	1259.00
892.03	1350.00
892.21	1318.00
892.40	1258.00
892.58	1281.00
892.76	1237.00
892.95	1249.00
893.13	1175.00
893.32	1183.00
893.50	1226.00
893.68	1336.00
893.87	1325.00
894.05	1305.00
894.23	1285.00
894.42	1321.00
894.60	1268.00
894.79	1293.00
894.97	1241.00
895.15	1370.00
895.34	1338.00
895.52	1314.00
895.70	1219.00
895.89	1277.00
896.07	1265.00
896.25	1249.00
896.44	1223.00
896.62	1255.00
896.81	1287.00
896.99	1225.00
897.17	1194.00
897.36	1286.00
897.54	1389.00
897.72	1347.00
897.91	1332.00
898.09	1249.00
898.27	1345.00
898.46	1418.00
898.64	1321.00
898.82	1294.00
899.01	1314.00
899.19	1334.00
899.37	1277.00
899.56	1343.00
899.74	1401.00
899.92	1393.00
900.11	1379.00
900.29	1402.00
900.47	1334.00
900.66	1336.00
900.84	1230.00
901.03	1340.00
901.21	1349.00
901.39	1317.00
901.58	1288.00
901.76	1333.00
901.94	1398.00
902.13	1356.00
902.31	1302.00
902.49	1298.00
902.68	1382.00
902.86	1305.00
903.04	1328.00
903.23	1395.00
903.41	1381.00
903.59	1367.00
903.78	1371.00
903.96	1368.00
904.14	1360.00
904.32	1383.00
904.51	1315.00
904.69	1401.00
904.87	1300.00
905.06	1334.00
905.24	1383.00
905.42	1463.00
905.61	1416.00
905.79	1492.00
905.97	1421.00
906.16	1404.00
906.34	1387.00
906.52	1368.00
906.71	1350.00
906.89	1491.00
907.07	1394.00
907.26	1363.00
907.44	1300.00
907.62	1363.00
907.81	1426.00
907.99	1385.00
908.17	1431.00
908.35	1488.00
908.54	1435.00
908.72	1357.00
908.90	1419.00
909.09	1411.00
909.27	1440.00
909.45	1355.00
909.64	1378.00
909.82	1379.00
910.00	1392.00
910.18	1448.00
910.37	1407.00
910.55	1307.00
910.73	1366.00
910.92	1334.00
911.10	1386.00
911.28	1371.00
911.47	1351.00
911.65	1377.00
911.83	1383.00
912.01	1381.00
912.20	1340.00
912.38	1438.00
912.56	1380.00
912.75	1394.00
912.93	1403.00
913.11	1390.00
913.29	1323.00
913.48	1376.00
913.66	1461.00
913.84	1393.00
914.03	1413.00
914.21	1386.00
914.39	1378.00
914.57	1361.00
914.76	1354.00
914.94	1339.00
915.12	1279.00
915.31	1347.00
915.49	1331.00
915.67	1297.00
915.85	1364.00
916.04	1454.00
916.22	1453.00
916.40	1331.00
916.58	1323.00
916.77	1342.00
916.95	1259.00
917.13	1274.00
917.32	1405.00
917.50	1339.00
917.68	1281.00
917.86	1348.00
918.05	1281.00
918.23	1249.00
918.41	1265.00
918.59	1352.00
918.78	1332.00
918.96	1255.00
919.14	1230.00
919.32	1289.00
919.51	1298.00
919.69	1234.00
919.87	1267.00
920.05	1213.00
920.24	1338.00
920.42	1351.00
920.60	1261.00
920.78	1287.00
920.97	1206.00
921.15	1301.00
921.33	1315.00
921.52	1314.00
921.70	1283.00
921.88	1263.00
922.06	1364.00
922.24	1380.00
922.43	1287.00
922.61	1221.00
922.79	1183.00
922.97	1204.00
923.16	1210.00
923.34	1243.00
923.52	1259.00
923.70	1180.00
923.89	1242.00
924.07	1285.00
924.25	1272.00
924.43	1304.00
924.62	1296.00
924.80	1259.00
924.98	1327.00
925.16	1284.00
925.35	1290.00
925.53	1260.00
925.71	1190.00
925.89	1242.00
926.08	1190.00
926.26	1183.00
926.44	1208.00
926.62	1123.00
926.80	1231.00
926.99	1153.00
927.17	1235.00
927.35	1252.00
927.53	1149.00
927.72	1182.00
927.90	1189.00
928.08	1238.00
928.26	1224.00
928.44	1294.00
928.63	1233.00
928.81	1157.00
928.99	1227.00
929.17	1232.00
929.36	1147.00
929.54	1183.00
929.72	1214.00
929.90	1212.00
930.08	1142.00
930.27	1033.00
930.45	1066.00
930.63	1197.00
930.81	1110.00
930.99	1077.00
931.18	1170.00
931.36	1271.00
931.54	1202.00
931.72	1177.00
931.90	1141.00
932.09	1131.00
932.27	1046.00
932.45	963.00
932.63	983.00
932.81	1067.00
933.00	1057.00
933.18	1121.00
933.36	1074.00
933.54	988.00
933.72	982.00
933.91	1063.00
934.09	1061.00
934.27	1067.00
934.45	1094.00
934.63	1039.00
934.82	1013.00
935.00	969.00
935.18	997.00
935.36	1003.00
935.54	961.00
935.73	913.00
935.91	922.00
936.09	975.00
936.27	1029.00
936.45	1006.00
936.64	882.00
936.82	883.00
937.00	950.00
937.18	914.00
937.36	857.00
937.54	853.00
937.73	843.00
937.91	837.00
938.09	893.00
938.27	777.00
938.45	807.00
938.63	776.00
938.82	712.00
939.00	757.00
939.18	792.00
939.36	732.00
939.54	676.00
939.73	774.00
939.91	741.00
940.09	692.00
940.27	692.00
940.45	696.00
940.63	751.00
940.82	722.00
941.00	648.00
941.18	608.00
941.36	620.00
941.54	627.00
941.72	573.00
941.91	574.00
942.09	640.00
942.27	644.00
942.45	684.00
942.63	659.00
942.81	647.00
942.99	654.00
943.18	676.00
943.36	620.00
943.54	461.00
943.72	570.00
943.90	607.00
944.08	632.00
944.27	622.00
944.45	585.00
944.63	481.00
944.81	590.00
944.99	592.00
945.17	641.00
945.35	682.00
945.54	563.00
945.72	591.00
945.90	586.00
946.08	547.00
946.26	587.00
946.44	630.00
946.62	607.00
946.81	541.00
946.99	598.00
947.17	611.00
947.35	539.00
947.53	559.00
947.71	606.00
947.89	591.00
948.07	671.00
948.26	652.00
948.44	564.00
948.62	603.00
948.80	612.00
948.98	597.00
949.16	532.00
949.34	568.00
949.53	607.00
949.71	620.00
949.89	560.00
950.07	628.00
950.25	592.00
950.43	604.00
950.61	626.00
950.79	698.00
950.98	604.00
951.16	616.00
951.34	540.00
951.52	595.00
951.70	597.00
951.88	628.00
952.06	586.00
952.24	518.00
952.42	569.00
952.61	608.00
952.79	580.00
952.97	563.00
953.15	511.00
953.33	516.00
953.51	536.00
953.69	628.00
953.87	616.00
954.05	599.00
954.24	668.00
954.42	652.00
954.60	626.00
954.78	622.00
954.96	588.00
955.14	574.00
955.32	574.00
955.50	521.00
955.68	593.00
955.86	556.00
956.05	643.00
956.23	613.00
956.41	569.00
956.59	602.00
956.77	610.00
956.95	588.00
957.13	607.00
957.31	568.00
957.49	541.00
957.67	549.00
957.86	496.00
958.04	541.00
958.22	580.00
958.40	568.00
958.58	619.00
958.76	542.00
958.94	596.00
959.12	592.00
959.30	572.00
959.48	583.00
959.66	629.00
959.84	574.00
960.03	522.00
960.21	566.00
960.39	519.00
960.57	567.00
960.75	541.00
960.93	435.00
961.11	463.00
961.29	534.00
961.47	563.00
961.65	532.00
961.83	508.00
962.01	584.00
962.19	569.00
962.37	612.00
962.56	614.00
962.74	566.00
962.92	572.00
963.10	519.00
963.28	598.00
963.46	527.00
963.64	617.00
963.82	614.00
964.00	633.00
964.18	589.00
964.36	573.00
964.54	529.00
964.72	493.00
964.90	464.00
965.08	530.00
965.27	573.00
965.45	552.00
965.63	421.00
965.81	478.00
965.99	543.00
966.17	543.00
966.35	496.00
966.53	606.00
966.71	517.00
966.89	504.00
967.07	513.00
967.25	520.00
967.43	537.00
967.61	500.00
967.79	568.00
967.97	494.00
968.15	514.00
968.33	545.00
968.51	552.00
968.69	574.00
968.87	497.00
969.06	477.00
969.24	508.00
969.42	488.00
969.60	557.00
969.78	497.00
969.96	531.00
970.14	538.00
970.32	542.00
970.50	481.00
970.68	514.00
970.86	476.00
971.04	503.00
971.22	463.00
971.40	477.00
971.58	483.00
971.76	432.00
971.94	471.00
972.12	510.00
972.30	523.00
972.48	478.00
972.66	468.00
972.84	438.00
973.02	469.00
973.20	406.00
973.38	441.00
973.56	460.00
973.74	497.00
973.92	487.00
974.10	523.00
974.28	499.00
974.46	514.00
974.64	484.00
974.82	438.00
975.00	480.00
975.18	561.00
975.36	503.00
975.54	458.00
975.72	459.00
975.90	498.00
976.08	449.00
976.26	491.00
976.44	481.00
976.62	558.00
976.80	551.00
976.98	491.00
977.16	446.00
977.34	481.00
977.52	497.00
977.70	541.00
977.88	514.00
978.06	487.00
978.24	490.00
978.42	469.00
978.60	459.00
978.78	483.00
978.96	562.00
979.14	497.00
979.32	455.00
979.50	426.00
979.68	430.00
979.86	405.00
980.04	393.00
980.22	428.00
980.40	403.00
980.58	427.00
980.76	486.00
980.94	506.00
981.12	412.00
981.30	490.00
981.48	422.00
981.66	437.00
981.84	471.00
982.02	510.00
982.20	439.00
982.38	411.00
982.56	428.00
982.74	445.00
982.92	433.00
983.10	434.00
983.28	492.00
983.46	420.00
983.64	439.00
983.82	416.00
984.00	399.00
984.18	358.00
984.36	412.00
984.54	428.00
984.72	366.00
984.90	397.00
985.08	385.00
985.26	396.00
985.44	388.00
985.62	283.00
985.80	389.00
985.98	428.00
986.16	372.00
986.34	346.00
986.51	446.00
986.69	402.00
986.87	356.00
987.05	374.00
987.23	353.00
987.41	355.00
987.59	369.00
987.77	420.00
987.95	393.00
988.13	357.00
988.31	376.00
988.49	457.00
988.67	348.00
988.85	415.00
989.03	399.00
989.21	374.00
989.39	353.00
989.57	428.00
989.75	371.00
989.93	412.00
990.11	389.00
990.28	397.00
990.46	358.00
990.64	358.00
990.82	354.00
991.00	344.00
991.18	383.00
991.36	441.00
991.54	419.00
991.72	359.00
991.90	366.00
992.08	420.00
992.26	404.00
992.44	336.00
992.62	359.00
992.80	391.00
992.98	330.00
993.15	394.00
993.33	288.00
993.51	285.00
993.69	377.00
993.87	413.00
994.05	347.00
994.23	318.00
994.41	342.00
994.59	353.00
994.77	295.00
994.95	350.00
995.13	443.00
995.31	399.00
995.48	323.00
995.66	350.00
995.84	439.00
996.02	315.00
996.20	341.00
996.38	314.00
996.56	291.00
996.74	361.00
996.92	354.00
997.10	359.00
997.28	341.00
997.46	363.00
997.63	341.00
997.81	363.00
997.99	372.00
998.17	295.00
998.35	319.00
998.53	358.00
998.71	341.00
998.89	268.00
999.07	348.00
999.25	386.00
999.43	433.00
999.60	327.00
999.78	320.00
999.96	380.00
1000.14	241.00
1000.32	309.00
1000.50	306.00
1000.68	312.00
1000.86	320.00
1001.04	382.00
1001.21	360.00
1001.39	357.00
1001.57	360.00
1001.75	348.00
1001.93	429.00
1002.11	360.00
1002.29	322.00
1002.47	326.00
1002.65	322.00
1002.82	363.00
1003.00	334.00
1003.18	329.00
1003.36	373.00
1003.54	317.00
1003.72	346.00
1003.90	329.00
1004.08	356.00
1004.26	345.00
1004.43	286.00
1004.61	265.00
1004.79	265.00
1004.97	332.00
1005.15	312.00
1005.33	301.00
1005.51	298.00
1005.69	276.00
1005.86	314.00
1006.04	272.00
1006.22	282.00
1006.40	297.00
1006.58	346.00
1006.76	295.00
1006.94	348.00
1007.12	291.00
1007.29	346.00
1007.47	337.00
1007.65	293.00
1007.83	288.00
1008.01	287.00
1008.19	277.00
1008.37	241.00
1008.54	311.00
1008.72	328.00
1008.90	306.00
1009.08	229.00
1009.26	280.00
1009.44	326.00
1009.62	324.00
1009.79	217.00
1009.97	274.00
1010.15	250.00
1010.33	297.00
1010.51	290.00
1010.69	285.00
1010.87	213.00
1011.04	235.00
1011.22	293.00
1011.40	245.00
1011.58	280.00
1011.76	286.00
1011.94	278.00
1012.11	272.00
1012.29	233.00
1012.47	304.00
1012.65	325.00
1012.83	345.00
1013.01	240.00
1013.18	244.00
1013.36	284.00
1013.54	295.00
1013.72	273.00
1013.90	172.00
1014.08	206.00
1014.25	252.00
1014.43	240.00
1014.61	225.00
1014.79	270.00
1014.97	267.00
1015.15	308.00
1015.32	250.00
1015.50	261.00
1015.68	299.00
1015.86	279.00
1016.04	308.00
1016.22	259.00
1016.39	262.00
1016.57	293.00
1016.75	314.00
1016.93	268.00
1017.11	305.00
1017.29	351.00
1017.46	309.00
1017.64	285.00
1017.82	304.00
1018.00	253.00
1018.18	241.00
1018.35	292.00
1018.53	271.00
1018.71	290.00
1018.89	233.00
1019.07	273.00
1019.24	304.00
1019.42	318.00
1019.60	287.00
1019.78	339.00
1019.96	263.00
1020.14	236.00
1020.31	241.00
1020.49	295.00
1020.67	259.00
1020.85	226.00
1021.03	224.00
1021.20	183.00
1021.38	251.00
1021.56	268.00
1021.74	245.00
1021.92	250.00
1022.09	220.00
1022.27	200.00
1022.45	238.00
1022.63	317.00
1022.81	311.00
1022.98	242.00
1023.16	230.00
1023.34	223.00
1023.52	232.00
1023.69	247.00
1023.87	249.00
1024.05	227.00
1024.23	228.00
1024.41	182.00
1024.58	295.00
1024.76	313.00
1024.94	291.00
1025.12	232.00
1025.30	315.00
1025.47	276.00
1025.65	278.00
1025.83	343.00
1026.01	352.00
1026.18	249.00
1026.36	260.00
1026.54	269.00
1026.72	243.00
1026.90	188.00
1027.07	245.00
1027.25	214.00
1027.43	254.00
1027.61	247.00
1027.78	230.00
1027.96	297.00
1028.14	269.00
1028.32	229.00
1028.49	266.00
1028.67	255.00
1028.85	279.00
1029.03	255.00
1029.21	246.00
1029.38	255.00
1029.56	234.00
1029.74	292.00
1029.92	276.00
1030.09	203.00
1030.27	165.00
1030.45	229.00
1030.63	252.00
1030.80	236.00
1030.98	182.00
1031.16	183.00
1031.34	198.00
1031.51	174.00
1031.69	172.00
1031.87	209.00
1032.05	242.00
1032.22	175.00
1032.40	261.00
1032.58	238.00
1032.76	236.00
1032.93	291.00
1033.11	221.00
1033.29	230.00
1033.47	225.00
1033.64	214.00
1033.82	291.00
1034.00	265.00
1034.18	257.00
1034.35	253.00
1034.53	225.00
1034.71	243.00
1034.89	213.00
1035.06	225.00
1035.24	174.00
1035.42	160.00
1035.59	209.00
1035.77	261.00
1035.95	248.00
1036.13	201.00
1036.30	164.00
1036.48	208.00
1036.66	249.00
1036.84	238.00
1037.01	199.00
1037.19	214.00
1037.37	220.00
1037.54	191.00
1037.72	179.00
1037.90	244.00
1038.08	263.00
1038.25	226.00
1038.43	222.00
1038.61	208.00
1038.79	174.00
1038.96	160.00
1039.14	169.00
1039.32	167.00
1039.49	172.00
1039.67	151.00
1039.85	172.00
1040.03	198.00
1040.20	141.00
1040.38	144.00
1040.56	156.00
1040.73	178.00
1040.91	191.00
1041.09	211.00
1041.27	214.00
1041.44	240.00
1041.62	241.00
1041.80	192.00
1041.97	204.00
1042.15	225.00
1042.33	154.00
1042.50	205.00
1042.68	200.00
1042.86	138.00
1043.04	211.00
1043.21	227.00
1043.39	252.00
1043.57	228.00
1043.74	161.00
1043.92	206.00
1044.10	130.00
1044.27	160.00
1044.45	146.00
1044.63	239.00
1044.80	187.00
1044.98	191.00
1045.16	188.00
1045.34	195.00
1045.51	222.00
1045.69	190.00
1045.87	156.00
1046.04	164.00
1046.22	222.00
1046.40	221.00
1046.57	203.00
1046.75	212.00
1046.93	236.00
1047.10	233.00
1047.28	174.00
1047.46	201.00
1047.63	206.00
1047.81	190.00
1047.99	170.00
1048.16	155.00
1048.34	156.00
1048.52	197.00
1048.69	185.00
1048.87	155.00
1049.05	153.00
1049.22	188.00
1049.40	201.00
1049.58	170.00
1049.75	175.00
1049.93	194.00
1050.11	140.00
1050.28	213.00
1050.46	183.00
1050.64	166.00
1050.81	187.00
1050.99	174.00
1051.17	178.00
1051.34	223.00
1051.52	183.00
1051.70	200.00
1051.87	189.00
1052.05	157.00
1052.23	206.00
1052.40	117.00
1052.58	154.00
1052.76	219.00
1052.93	138.00
1053.11	229.00
1053.29	240.00
1053.46	213.00
1053.64	267.00
1053.82	223.00
1053.99	242.00
1054.17	212.00
1054.35	169.00
1054.52	178.00
1054.70	208.00
1054.87	149.00
1055.05	100.00
1055.23	204.00
1055.40	165.00
1055.58	198.00
1055.76	166.00
1055.93	158.00
1056.11	178.00
1056.29	126.00
1056.46	187.00
1056.64	171.00
1056.81	141.00
1056.99	191.00
1057.17	141.00
1057.34	165.00
1057.52	220.00
1057.70	233.00
1057.87	261.00
1058.05	193.00
1058.22	144.00
1058.40	160.00
1058.58	176.00
1058.75	164.00
1058.93	186.00
1059.11	136.00
1059.28	176.00
1059.46	194.00
1059.63	262.00
1059.81	171.00
1059.99	116.00
1060.16	132.00
1060.34	153.00
1060.52	135.00
1060.69	93.00
1060.87	64.00
1061.04	158.00
1061.22	182.00
