367.62	106.00
367.82	54.00
368.02	15.00
368.23	83.00
368.43	161.00
368.63	85.00
368.83	69.00
369.04	55.00
369.24	96.00
369.44	10.00
369.65	75.00
369.85	8.00
370.05	48.00
370.25	84.00
370.46	63.00
370.66	44.00
370.86	54.00
371.07	90.00
371.27	34.00
371.47	116.00
371.67	102.00
371.88	97.00
372.08	95.00
372.28	109.00
372.49	104.00
372.69	117.00
372.89	131.00
373.09	88.00
373.30	68.00
373.50	20.00
373.70	113.00
373.91	79.00
374.11	76.00
374.31	68.00
374.51	82.00
374.72	113.00
374.92	79.00
375.12	16.00
375.33	86.00
375.53	135.00
375.73	182.00
375.93	86.00
376.14	72.00
376.34	59.00
376.54	77.00
376.74	77.00
376.95	43.00
377.15	142.00
377.35	134.00
377.55	124.00
377.76	143.00
377.96	77.00
378.16	67.00
378.37	65.00
378.57	108.00
378.77	77.00
378.97	113.00
379.18	85.00
379.38	51.00
379.58	90.00
379.78	91.00
379.99	50.00
380.19	102.00
380.39	148.00
380.59	111.00
380.80	91.00
381.00	111.00
381.20	89.00
381.40	82.00
381.61	63.00
381.81	111.00
382.01	47.00
382.21	105.00
382.42	71.00
382.62	31.00
382.82	4.00
383.02	15.00
383.23	84.00
383.43	66.00
383.63	19.00
383.83	54.00
384.04	105.00
384.24	126.00
384.44	107.00
384.64	104.00
384.85	39.00
385.05	63.00
385.25	-15.00
385.45	87.00
385.66	68.00
385.86	79.00
386.06	48.00
386.26	78.00
386.47	47.00
386.67	62.00
386.87	4.00
387.07	60.00
387.27	35.00
387.48	42.00
387.68	-15.00
387.88	22.00
388.08	78.00
388.29	90.00
388.49	97.00
388.69	77.00
388.89	101.00
389.10	23.00
389.30	45.00
389.50	34.00
389.70	87.00
389.90	20.00
390.11	25.00
390.31	36.00
390.51	79.00
390.71	54.00
390.92	116.00
391.12	82.00
391.32	66.00
391.52	39.00
391.72	13.00
391.93	62.00
392.13	53.00
392.33	65.00
392.53	84.00
392.74	41.00
392.94	23.00
393.14	61.00
393.34	73.00
393.54	86.00
393.75	86.00
393.95	69.00
394.15	142.00
394.35	121.00
394.56	77.00
394.76	97.00
394.96	151.00
395.16	89.00
395.36	132.00
395.57	145.00
395.77	124.00
395.97	59.00
396.17	87.00
396.37	88.00
396.58	42.00
396.78	44.00
396.98	90.00
397.18	94.00
397.38	12.00
397.59	25.00
397.79	90.00
397.99	169.00
398.19	85.00
398.39	8.00
398.60	92.00
398.80	57.00
399.00	68.00
399.20	89.00
399.40	62.00
399.61	120.00
399.81	123.00
400.01	70.00
400.21	75.00
400.41	121.00
400.62	64.00
400.82	156.00
401.02	81.00
401.22	67.00
401.42	42.00
401.63	68.00
401.83	116.00
402.03	97.00
402.23	76.00
402.43	123.00
402.64	154.00
402.84	82.00
403.04	99.00
403.24	96.00
403.44	136.00
403.64	39.00
403.85	87.00
404.05	68.00
404.25	38.00
404.45	96.00
404.65	83.00
404.86	80.00
405.06	86.00
405.26	131.00
405.46	122.00
405.66	73.00
405.86	122.00
406.07	83.00
406.27	121.00
406.47	123.00
406.67	116.00
406.87	57.00
407.07	61.00
407.28	2.00
407.48	16.00
407.68	74.00
407.88	114.00
408.08	70.00
408.28	155.00
408.49	80.00
408.69	61.00
408.89	99.00
409.09	79.00
409.29	74.00
409.49	170.00
409.70	80.00
409.90	58.00
410.10	105.00
410.30	45.00
410.50	39.00
410.70	76.00
410.91	81.00
411.11	53.00
411.31	108.00
411.51	84.00
411.71	106.00
411.91	97.00
412.12	89.00
412.32	116.00
412.52	66.00
412.72	91.00
412.92	62.00
413.12	89.00
413.32	124.00
413.53	123.00
413.73	73.00
413.93	107.00
414.13	87.00
414.33	56.00
414.53	41.00
414.74	81.00
414.94	97.00
415.14	125.00
415.34	122.00
415.54	74.00
415.74	88.00
415.94	71.00
416.15	87.00
416.35	69.00
416.55	135.00
416.75	106.00
416.95	81.00
417.15	112.00
417.35	98.00
417.56	69.00
417.76	83.00
417.96	131.00
418.16	76.00
418.36	39.00
418.56	24.00
418.76	75.00
418.97	74.00
419.17	86.00
419.37	51.00
419.57	66.00
419.77	117.00
419.97	67.00
420.17	53.00
420.37	111.00
420.58	145.00
420.78	125.00
420.98	64.00
421.18	129.00
421.38	166.00
421.58	165.00
421.78	144.00
421.98	122.00
422.19	125.00
422.39	55.00
422.59	37.00
422.79	68.00
422.99	51.00
423.19	139.00
423.39	129.00
423.59	162.00
423.80	144.00
424.00	176.00
424.20	155.00
424.40	90.00
424.60	21.00
424.80	66.00
425.00	122.00
425.20	122.00
425.40	143.00
425.61	144.00
425.81	117.00
426.01	109.00
426.21	107.00
426.41	84.00
426.61	88.00
426.81	117.00
427.01	61.00
427.21	25.00
427.42	78.00
427.62	118.00
427.82	121.00
428.02	209.00
428.22	79.00
428.42	115.00
428.62	193.00
428.82	126.00
429.02	43.00
429.23	101.00
429.43	124.00
429.63	61.00
429.83	85.00
430.03	78.00
430.23	153.00
430.43	126.00
430.63	163.00
430.83	129.00
431.03	97.00
431.24	76.00
431.44	85.00
431.64	137.00
431.84	153.00
432.04	107.00
432.24	74.00
432.44	133.00
432.64	157.00
432.84	144.00
433.04	120.00
433.24	47.00
433.45	88.00
433.65	140.00
433.85	130.00
434.05	102.00
434.25	76.00
434.45	74.00
434.65	78.00
434.85	71.00
435.05	57.00
435.25	106.00
435.45	59.00
435.65	81.00
435.86	80.00
436.06	180.00
436.26	139.00
436.46	142.00
436.66	109.00
436.86	108.00
437.06	80.00
437.26	58.00
437.46	145.00
437.66	132.00
437.86	84.00
438.06	92.00
438.26	137.00
438.47	110.00
438.67	120.00
438.87	92.00
439.07	148.00
439.27	123.00
439.47	113.00
439.67	108.00
439.87	104.00
440.07	58.00
440.27	74.00
440.47	103.00
440.67	150.00
440.87	66.00
441.07	65.00
441.27	99.00
441.48	94.00
441.68	63.00
441.88	157.00
442.08	172.00
442.28	118.00
442.48	73.00
442.68	91.00
442.88	94.00
443.08	72.00
443.28	35.00
443.48	34.00
443.68	99.00
443.88	151.00
444.08	208.00
444.28	123.00
444.48	125.00
444.68	154.00
444.88	63.00
445.09	112.00
445.29	60.00
445.49	52.00
445.69	121.00
445.89	144.00
446.09	182.00
446.29	136.00
446.49	126.00
446.69	123.00
446.89	168.00
447.09	167.00
447.29	120.00
447.49	29.00
447.69	72.00
447.89	64.00
448.09	107.00
448.29	160.00
448.49	186.00
448.69	172.00
448.89	154.00
449.09	142.00
449.29	116.00
449.49	167.00
449.70	158.00
449.90	161.00
450.10	151.00
450.30	168.00
450.50	126.00
450.70	147.00
450.90	198.00
451.10	181.00
451.30	148.00
451.50	139.00
451.70	99.00
451.90	101.00
452.10	103.00
452.30	164.00
452.50	152.00
452.70	108.00
452.90	182.00
453.10	175.00
453.30	114.00
453.50	84.00
453.70	108.00
453.90	113.00
454.10	128.00
454.30	141.00
454.50	178.00
454.70	158.00
454.90	125.00
455.10	96.00
455.30	94.00
455.50	161.00
455.70	229.00
455.90	153.00
456.10	150.00
456.30	155.00
456.50	118.00
456.70	127.00
456.90	115.00
457.10	147.00
457.30	102.00
457.50	53.00
457.70	138.00
457.90	166.00
458.10	159.00
458.30	131.00
458.50	112.00
458.70	105.00
458.90	177.00
459.10	162.00
459.30	50.00
459.50	126.00
459.70	64.00
459.90	78.00
460.10	185.00
460.30	131.00
460.50	211.00
460.70	102.00
460.90	185.00
461.10	217.00
461.30	192.00
461.50	167.00
461.70	105.00
461.90	148.00
462.10	197.00
462.30	152.00
462.50	208.00
462.70	117.00
462.90	150.00
463.10	168.00
463.30	204.00
463.50	178.00
463.70	165.00
463.90	153.00
464.10	134.00
464.30	116.00
464.50	109.00
464.70	195.00
464.90	159.00
465.10	135.00
465.30	88.00
465.50	112.00
465.70	178.00
465.90	236.00
466.10	184.00
466.30	196.00
466.50	120.00
466.70	133.00
466.90	120.00
467.10	74.00
467.30	150.00
467.50	176.00
467.70	215.00
467.90	108.00
468.10	115.00
468.30	131.00
468.50	140.00
468.70	181.00
468.90	138.00
469.10	217.00
469.30	191.00
469.50	104.00
469.70	121.00
469.90	81.00
470.10	189.00
470.30	200.00
470.50	96.00
470.70	78.00
470.90	140.00
471.10	133.00
471.29	84.00
471.49	134.00
471.69	143.00
471.89	140.00
472.09	151.00
472.29	178.00
472.49	167.00
472.69	136.00
472.89	176.00
473.09	192.00
473.29	183.00
473.49	201.00
473.69	178.00
473.89	154.00
474.09	166.00
474.29	196.00
474.49	219.00
474.69	173.00
474.89	171.00
475.09	153.00
475.29	140.00
475.49	79.00
475.69	130.00
475.88	146.00
476.08	98.00
476.28	120.00
476.48	97.00
476.68	89.00
476.88	71.00
477.08	171.00
477.28	162.00
477.48	173.00
477.68	167.00
477.88	173.00
478.08	114.00
478.28	141.00
478.48	113.00
478.68	142.00
478.88	233.00
479.08	197.00
479.28	185.00
479.47	134.00
479.67	129.00
479.87	154.00
480.07	67.00
480.27	90.00
480.47	69.00
480.67	138.00
480.87	123.00
481.07	107.00
481.27	197.00
481.47	166.00
481.67	159.00
481.87	184.00
482.07	144.00
482.27	127.00
482.46	133.00
482.66	102.00
482.86	94.00
483.06	92.00
483.26	138.00
483.46	150.00
483.66	149.00
483.86	191.00
484.06	90.00
484.26	129.00
484.46	169.00
484.66	123.00
484.86	181.00
485.05	195.00
485.25	153.00
485.45	128.00
485.65	149.00
485.85	265.00
486.05	180.00
486.25	123.00
486.45	110.00
486.65	160.00
486.85	219.00
487.05	178.00
487.25	191.00
487.44	153.00
487.64	192.00
487.84	232.00
488.04	241.00
488.24	231.00
488.44	188.00
488.64	184.00
488.84	202.00
489.04	171.00
489.24	152.00
489.43	204.00
489.63	240.00
489.83	211.00
490.03	160.00
490.23	176.00
490.43	188.00
490.63	206.00
490.83	211.00
491.03	180.00
491.23	190.00
491.42	172.00
491.62	199.00
491.82	264.00
492.02	198.00
492.22	203.00
492.42	198.00
492.62	181.00
492.82	228.00
493.02	209.00
493.22	181.00
493.41	147.00
493.61	184.00
493.81	174.00
494.01	145.00
494.21	171.00
494.41	284.00
494.61	260.00
494.81	197.00
495.01	186.00
495.20	195.00
495.40	172.00
495.60	148.00
495.80	127.00
496.00	195.00
496.20	210.00
496.40	226.00
496.60	224.00
496.79	250.00
496.99	189.00
497.19	199.00
497.39	237.00
497.59	182.00
497.79	207.00
497.99	233.00
498.19	245.00
498.38	260.00
498.58	175.00
498.78	202.00
498.98	223.00
499.18	196.00
499.38	174.00
499.58	241.00
499.78	223.00
499.97	226.00
500.17	176.00
500.37	253.00
500.57	190.00
500.77	191.00
500.97	255.00
501.17	256.00
501.37	213.00
501.56	239.00
501.76	227.00
501.96	253.00
502.16	270.00
502.36	242.00
502.56	233.00
502.76	281.00
502.95	276.00
503.15	285.00
503.35	209.00
503.55	185.00
503.75	244.00
503.95	292.00
504.15	293.00
504.34	256.00
504.54	233.00
504.74	212.00
504.94	300.00
505.14	267.00
505.34	232.00
505.54	254.00
505.73	214.00
505.93	208.00
506.13	227.00
506.33	268.00
506.53	227.00
506.73	183.00
506.92	242.00
507.12	277.00
507.32	282.00
507.52	248.00
507.72	148.00
507.92	215.00
508.12	221.00
508.31	171.00
508.51	204.00
508.71	172.00
508.91	191.00
509.11	231.00
509.31	208.00
509.50	226.00
509.70	288.00
509.90	294.00
510.10	289.00
510.30	224.00
510.50	267.00
510.69	282.00
510.89	247.00
511.09	206.00
511.29	162.00
511.49	146.00
511.69	189.00
511.88	186.00
512.08	153.00
512.28	193.00
512.48	273.00
512.68	267.00
512.88	271.00
513.07	199.00
513.27	276.00
513.47	223.00
513.67	180.00
513.87	201.00
514.06	215.00
514.26	182.00
514.46	275.00
514.66	268.00
514.86	241.00
515.06	271.00
515.25	181.00
515.45	235.00
515.65	248.00
515.85	241.00
516.05	249.00
516.24	236.00
516.44	199.00
516.64	206.00
516.84	233.00
517.04	238.00
517.23	258.00
517.43	224.00
517.63	203.00
517.83	172.00
518.03	201.00
518.23	161.00
518.42	156.00
518.62	214.00
518.82	204.00
519.02	269.00
519.22	307.00
519.41	244.00
519.61	255.00
519.81	236.00
520.01	221.00
520.21	258.00
520.40	290.00
520.60	312.00
520.80	314.00
521.00	273.00
521.20	241.00
521.39	245.00
521.59	300.00
521.79	247.00
521.99	213.00
522.19	234.00
522.38	307.00
522.58	322.00
522.78	244.00
522.98	177.00
523.17	143.00
523.37	233.00
523.57	275.00
523.77	276.00
523.97	262.00
524.16	301.00
524.36	313.00
524.56	295.00
524.76	338.00
524.96	291.00
525.15	288.00
525.35	307.00
525.55	307.00
525.75	327.00
525.94	195.00
526.14	296.00
526.34	264.00
526.54	250.00
526.74	274.00
526.93	287.00
527.13	266.00
527.33	290.00
527.53	337.00
527.72	345.00
527.92	326.00
528.12	309.00
528.32	367.00
528.52	318.00
528.71	327.00
528.91	269.00
529.11	297.00
529.31	292.00
529.50	317.00
529.70	283.00
529.90	286.00
530.10	245.00
530.29	286.00
530.49	329.00
530.69	223.00
530.89	319.00
531.09	406.00
531.28	379.00
531.48	292.00
531.68	320.00
531.88	328.00
532.07	367.00
532.27	324.00
532.47	306.00
532.67	302.00
532.86	308.00
533.06	288.00
533.26	272.00
533.46	343.00
533.65	337.00
533.85	342.00
534.05	300.00
534.25	274.00
534.44	362.00
534.64	367.00
534.84	389.00
535.04	344.00
535.23	431.00
535.43	419.00
535.63	384.00
535.83	421.00
536.02	402.00
536.22	325.00
536.42	349.00
536.62	444.00
536.81	470.00
537.01	361.00
537.21	352.00
537.41	406.00
537.60	446.00
537.80	415.00
538.00	423.00
538.20	422.00
538.39	341.00
538.59	399.00
538.79	384.00
538.99	377.00
539.18	371.00
539.38	394.00
539.58	438.00
539.77	424.00
539.97	412.00
540.17	418.00
540.37	459.00
540.56	489.00
540.76	536.00
540.96	506.00
541.16	551.00
541.35	546.00
541.55	540.00
541.75	488.00
541.94	409.00
542.14	539.00
542.34	533.00
542.54	476.00
542.73	504.00
542.93	478.00
543.13	490.00
543.33	512.00
543.52	500.00
543.72	470.00
543.92	477.00
544.11	545.00
544.31	542.00
544.51	564.00
544.71	597.00
544.90	471.00
545.10	486.00
545.30	537.00
545.49	538.00
545.69	558.00
545.89	582.00
546.09	535.00
546.28	601.00
546.48	569.00
546.68	481.00
546.87	475.00
547.07	489.00
547.27	465.00
547.47	434.00
547.66	480.00
547.86	510.00
548.06	532.00
548.25	581.00
548.45	505.00
548.65	440.00
548.84	443.00
549.04	456.00
549.24	539.00
549.44	494.00
549.63	482.00
549.83	493.00
550.03	560.00
550.22	493.00
550.42	397.00
550.62	397.00
550.81	369.00
551.01	434.00
551.21	474.00
551.41	480.00
551.60	438.00
551.80	431.00
552.00	515.00
552.19	425.00
552.39	434.00
552.59	459.00
552.78	425.00
552.98	392.00
553.18	492.00
553.37	437.00
553.57	465.00
553.77	451.00
553.96	466.00
554.16	464.00
554.36	450.00
554.56	501.00
554.75	438.00
554.95	491.00
555.15	450.00
555.34	411.00
555.54	395.00
555.74	461.00
555.93	408.00
556.13	421.00
556.33	479.00
556.52	465.00
556.72	411.00
556.92	374.00
557.11	426.00
557.31	426.00
557.51	369.00
557.70	450.00
557.90	455.00
558.10	453.00
558.29	393.00
558.49	339.00
558.69	393.00
558.88	397.00
559.08	390.00
559.28	385.00
559.47	365.00
559.67	427.00
559.87	450.00
560.06	329.00
560.26	337.00
560.46	446.00
560.65	442.00
560.85	487.00
561.05	496.00
561.24	459.00
561.44	481.00
561.64	441.00
561.83	429.00
562.03	424.00
562.23	389.00
562.42	414.00
562.62	385.00
562.82	436.00
563.01	438.00
563.21	518.00
563.40	401.00
563.60	372.00
563.80	440.00
563.99	413.00
564.19	437.00
564.39	408.00
564.58	442.00
564.78	360.00
564.98	467.00
565.17	444.00
565.37	382.00
565.57	389.00
565.76	450.00
565.96	351.00
566.16	370.00
566.35	329.00
566.55	426.00
566.74	417.00
566.94	405.00
567.14	453.00
567.33	508.00
567.53	465.00
567.73	501.00
567.92	510.00
568.12	450.00
568.32	422.00
568.51	481.00
568.71	460.00
568.90	459.00
569.10	423.00
569.30	387.00
569.49	498.00
569.69	462.00
569.89	458.00
570.08	490.00
570.28	427.00
570.47	447.00
570.67	455.00
570.87	387.00
571.06	475.00
571.26	496.00
571.46	561.00
571.65	477.00
571.85	462.00
572.04	448.00
572.24	474.00
572.44	513.00
572.63	509.00
572.83	537.00
573.03	474.00
573.22	507.00
573.42	524.00
573.61	479.00
573.81	495.00
574.01	513.00
574.20	497.00
574.40	540.00
574.59	457.00
574.79	509.00
574.99	547.00
575.18	568.00
575.38	570.00
575.58	615.00
575.77	658.00
575.97	614.00
576.16	610.00
576.36	637.00
576.56	605.00
576.75	697.00
576.95	645.00
577.14	649.00
577.34	637.00
577.54	640.00
577.73	583.00
577.93	595.00
578.12	676.00
578.32	687.00
578.52	602.00
578.71	635.00
578.91	640.00
579.10	724.00
579.30	779.00
579.50	705.00
579.69	681.00
579.89	714.00
580.08	782.00
580.28	772.00
580.48	711.00
580.67	795.00
580.87	747.00
581.06	781.00
581.26	804.00
581.45	792.00
581.65	760.00
581.85	823.00
582.04	802.00
582.24	806.00
582.43	800.00
582.63	876.00
582.83	853.00
583.02	887.00
583.22	947.00
583.41	942.00
583.61	918.00
583.80	897.00
584.00	913.00
584.20	927.00
584.39	943.00
584.59	991.00
584.78	943.00
584.98	905.00
585.17	873.00
585.37	928.00
585.57	991.00
585.76	1071.00
585.96	1009.00
586.15	1011.00
586.35	1026.00
586.54	966.00
586.74	957.00
586.94	1066.00
587.13	1127.00
587.33	1017.00
587.52	1095.00
587.72	1099.00
587.91	1047.00
588.11	1136.00
588.31	1099.00
588.50	1115.00
588.70	1138.00
588.89	1160.00
589.09	1100.00
589.28	1218.00
589.48	1136.00
589.68	1213.00
589.87	1218.00
590.07	1224.00
590.26	1183.00
590.46	1190.00
590.65	1169.00
590.85	1191.00
591.04	1168.00
591.24	1216.00
591.44	1233.00
591.63	1228.00
591.83	1309.00
592.02	1300.00
592.22	1358.00
592.41	1301.00
592.61	1356.00
592.80	1376.00
593.00	1430.00
593.19	1405.00
593.39	1343.00
593.59	1340.00
593.78	1396.00
593.98	1377.00
594.17	1364.00
594.37	1368.00
594.56	1406.00
594.76	1396.00
594.95	1403.00
595.15	1486.00
595.34	1486.00
595.54	1433.00
595.73	1360.00
595.93	1404.00
596.13	1461.00
596.32	1501.00
596.52	1530.00
596.71	1514.00
596.91	1544.00
597.10	1518.00
597.30	1513.00
597.49	1497.00
597.69	1519.00
597.88	1550.00
598.08	1573.00
598.27	1586.00
598.47	1584.00
598.66	1684.00
598.86	1627.00
599.06	1560.00
599.25	1631.00
599.45	1692.00
599.64	1622.00
599.84	1648.00
600.03	1654.00
600.23	1642.00
600.42	1544.00
600.62	1607.00
600.81	1574.00
601.01	1605.00
601.20	1681.00
601.40	1672.00
601.59	1565.00
601.79	1685.00
601.98	1641.00
602.18	1713.00
602.37	1628.00
602.57	1529.00
602.76	1534.00
602.96	1601.00
603.15	1553.00
603.35	1572.00
603.54	1699.00
603.74	1629.00
603.93	1646.00
604.13	1577.00
604.32	1518.00
604.52	1592.00
604.71	1608.00
604.91	1553.00
605.10	1584.00
605.30	1665.00
605.49	1636.00
605.69	1634.00
605.88	1644.00
606.08	1634.00
606.27	1681.00
606.47	1636.00
606.66	1653.00
606.86	1588.00
607.05	1621.00
607.25	1673.00
607.44	1664.00
607.64	1666.00
607.83	1636.00
608.03	1622.00
608.22	1642.00
608.42	1692.00
608.61	1785.00
608.81	1798.00
609.00	1747.00
609.20	1741.00
609.39	1908.00
609.59	1859.00
609.78	1947.00
609.98	2018.00
610.17	2145.00
610.37	2350.00
610.56	2549.00
610.76	2644.00
610.95	2761.00
611.15	2785.00
611.34	3001.00
611.54	3092.00
611.73	2988.00
611.93	2707.00
612.12	2535.00
612.32	2230.00
612.51	2044.00
612.71	1972.00
612.90	2021.00
613.09	1980.00
613.29	2017.00
613.48	1972.00
613.68	1886.00
613.87	1950.00
614.07	1954.00
614.26	1906.00
614.46	1852.00
614.65	1881.00
614.85	1817.00
615.04	1785.00
615.24	1779.00
615.43	1758.00
615.63	1765.00
615.82	1685.00
616.02	1705.00
616.21	1714.00
616.40	1623.00
616.60	1714.00
616.79	1693.00
616.99	1659.00
617.18	1669.00
617.38	1600.00
617.57	1577.00
617.77	1685.00
617.96	1686.00
618.16	1633.00
618.35	1606.00
618.54	1636.00
618.74	1606.00
618.93	1583.00
619.13	1585.00
619.32	1619.00
619.52	1642.00
619.71	1693.00
619.91	1658.00
620.10	1682.00
620.30	1709.00
620.49	1707.00
620.68	1726.00
620.88	1697.00
621.07	1743.00
621.27	1688.00
621.46	1777.00
621.66	1721.00
621.85	1660.00
622.05	1750.00
622.24	1706.00
622.43	1690.00
622.63	1631.00
622.82	1662.00
623.02	1775.00
623.21	1777.00
623.41	1843.00
623.60	1861.00
623.80	1797.00
623.99	1724.00
624.18	1787.00
624.38	1820.00
624.57	1768.00
624.77	1751.00
624.96	1760.00
625.16	1812.00
625.35	1802.00
625.54	1778.00
625.74	1800.00
625.93	1878.00
626.13	1832.00
626.32	1805.00
626.52	1789.00
626.71	1830.00
626.90	1835.00
627.10	1788.00
627.29	1731.00
627.49	1788.00
627.68	1837.00
627.88	1932.00
628.07	1932.00
628.26	1923.00
628.46	1944.00
628.65	1961.00
628.85	1932.00
629.04	1916.00
629.23	1968.00
629.43	1932.00
629.62	1947.00
629.82	1938.00
630.01	1908.00
630.21	1896.00
630.40	2002.00
630.59	2157.00
630.79	2147.00
630.98	2102.00
631.18	2042.00
631.37	2099.00
631.56	2121.00
631.76	2113.00
631.95	2043.00
632.15	1997.00
632.34	2044.00
632.53	2038.00
632.73	1944.00
632.92	1937.00
633.12	1963.00
633.31	1984.00
633.50	1997.00
633.70	1956.00
633.89	1943.00
634.09	1990.00
634.28	2056.00
634.47	2145.00
634.67	2068.00
634.86	2037.00
635.06	2085.00
635.25	2144.00
635.44	2095.00
635.64	2142.00
635.83	2125.00
636.03	2183.00
636.22	2094.00
636.41	2110.00
636.61	2143.00
636.80	2189.00
637.00	2149.00
637.19	2143.00
637.38	2109.00
637.58	2160.00
637.77	2132.00
637.96	2191.00
638.16	2233.00
638.35	2319.00
638.55	2272.00
638.74	2276.00
638.93	2318.00
639.13	2349.00
639.32	2228.00
639.51	2312.00
639.71	2270.00
639.90	2245.00
640.10	2305.00
640.29	2374.00
640.48	2324.00
640.68	2317.00
640.87	2374.00
641.07	2393.00
641.26	2337.00
641.45	2354.00
641.65	2394.00
641.84	2471.00
642.03	2443.00
642.23	2434.00
642.42	2475.00
642.61	2455.00
642.81	2527.00
643.00	2459.00
643.20	2475.00
643.39	2517.00
643.58	2508.00
643.78	2482.00
643.97	2495.00
644.16	2549.00
644.36	2555.00
644.55	2548.00
644.74	2661.00
644.94	2638.00
645.13	2520.00
645.33	2625.00
645.52	2636.00
645.71	2552.00
645.91	2581.00
646.10	2474.00
646.29	2567.00
646.49	2616.00
646.68	2600.00
646.87	2562.00
647.07	2557.00
647.26	2644.00
647.45	2722.00
647.65	2714.00
647.84	2733.00
648.03	2665.00
648.23	2682.00
648.42	2747.00
648.62	2749.00
648.81	2657.00
649.00	2648.00
649.20	2671.00
649.39	2696.00
649.58	2678.00
649.78	2762.00
649.97	2764.00
650.16	2806.00
650.36	2810.00
650.55	2763.00
650.74	2771.00
650.94	2814.00
651.13	2803.00
651.32	2823.00
651.52	2888.00
651.71	2908.00
651.90	2707.00
652.10	2725.00
652.29	2841.00
652.48	2868.00
652.68	2810.00
652.87	2772.00
653.06	2799.00
653.26	2815.00
653.45	2800.00
653.64	2771.00
653.84	2750.00
654.03	2723.00
654.22	2720.00
654.42	2660.00
654.61	2712.00
654.80	2819.00
654.99	2779.00
655.19	2808.00
655.38	2786.00
655.57	2834.00
655.77	2830.00
655.96	2775.00
656.15	2774.00
656.35	2841.00
656.54	2841.00
656.73	2827.00
656.93	2795.00
657.12	2793.00
657.31	2763.00
657.51	2757.00
657.70	2836.00
657.89	2926.00
658.09	2807.00
658.28	2757.00
658.47	2689.00
658.66	2882.00
658.86	2737.00
659.05	2717.00
659.24	2791.00
659.44	2872.00
659.63	2831.00
659.82	2811.00
660.02	2810.00
660.21	2759.00
660.40	2856.00
660.60	2791.00
660.79	2736.00
660.98	2647.00
661.17	2642.00
661.37	2700.00
661.56	2754.00
661.75	2698.00
661.95	2739.00
662.14	2731.00
662.33	2740.00
662.52	2767.00
662.72	2825.00
662.91	2867.00
663.10	2824.00
663.30	2816.00
663.49	2735.00
663.68	2759.00
663.88	2666.00
664.07	2686.00
664.26	2678.00
664.45	2686.00
664.65	2723.00
664.84	2641.00
665.03	2661.00
665.23	2611.00
665.42	2637.00
665.61	2692.00
665.80	2635.00
666.00	2648.00
666.19	2671.00
666.38	2675.00
666.57	2642.00
666.77	2644.00
666.96	2626.00
667.15	2749.00
667.35	2683.00
667.54	2653.00
667.73	2584.00
667.92	2627.00
668.12	2566.00
668.31	2591.00
668.50	2527.00
668.70	2604.00
668.89	2463.00
669.08	2409.00
669.27	2593.00
669.47	2646.00
669.66	2604.00
669.85	2611.00
670.04	2634.00
670.24	2537.00
670.43	2581.00
670.62	2494.00
670.81	2570.00
671.01	2595.00
671.20	2585.00
671.39	2577.00
671.58	2471.00
671.78	2479.00
671.97	2561.00
672.16	2488.00
672.36	2539.00
672.55	2467.00
672.74	2450.00
672.93	2550.00
673.13	2560.00
673.32	2416.00
673.51	2371.00
673.70	2399.00
673.90	2377.00
674.09	2426.00
674.28	2556.00
674.47	2481.00
674.67	2422.00
674.86	2344.00
675.05	2489.00
675.24	2488.00
675.44	2457.00
675.63	2445.00
675.82	2464.00
676.01	2508.00
676.21	2446.00
676.40	2435.00
676.59	2492.00
676.78	2370.00
676.97	2378.00
677.17	2343.00
677.36	2371.00
677.55	2438.00
677.74	2371.00
677.94	2451.00
678.13	2351.00
678.32	2325.00
678.51	2303.00
678.71	2434.00
678.90	2388.00
679.09	2364.00
679.28	2474.00
679.48	2438.00
679.67	2257.00
679.86	2356.00
680.05	2416.00
680.24	2447.00
680.44	2429.00
680.63	2339.00
680.82	2376.00
681.01	2360.00
681.21	2347.00
681.40	2263.00
681.59	2189.00
681.78	2252.00
681.97	2318.00
682.17	2354.00
682.36	2369.00
682.55	2392.00
682.74	2340.00
682.94	2283.00
683.13	2289.00
683.32	2347.00
683.51	2368.00
683.70	2342.00
683.90	2309.00
684.09	2390.00
684.28	2382.00
684.47	2260.00
684.66	2269.00
684.86	2321.00
685.05	2385.00
685.24	2383.00
685.43	2298.00
685.63	2273.00
685.82	2267.00
686.01	2349.00
686.20	2275.00
686.39	2257.00
686.59	2227.00
686.78	2162.00
686.97	2270.00
687.16	2240.00
687.35	2319.00
687.55	2339.00
687.74	2367.00
687.93	2345.00
688.12	2378.00
688.31	2270.00
688.51	2312.00
688.70	2391.00
688.89	2189.00
689.08	2211.00
689.27	2351.00
689.47	2272.00
689.66	2293.00
689.85	2204.00
690.04	2234.00
690.23	2209.00
690.42	2258.00
690.62	2242.00
690.81	2234.00
691.00	2221.00
691.19	2181.00
691.38	2225.00
691.58	2313.00
691.77	2183.00
691.96	2217.00
692.15	2250.00
692.34	2257.00
692.54	2339.00
692.73	2319.00
692.92	2281.00
693.11	2345.00
693.30	2197.00
693.49	2296.00
693.69	2327.00
693.88	2244.00
694.07	2315.00
694.26	2282.00
694.45	2162.00
694.64	2290.00
694.84	2228.00
695.03	2163.00
695.22	2187.00
695.41	2243.00
695.60	2195.00
695.80	2236.00
695.99	2314.00
696.18	2280.00
696.37	2207.00
696.56	2228.00
696.75	2250.00
696.95	2357.00
697.14	2282.00
697.33	2350.00
697.52	2342.00
697.71	2309.00
697.90	2238.00
698.09	2235.00
698.29	2275.00
698.48	2365.00
698.67	2378.00
698.86	2333.00
699.05	2434.00
699.24	2371.00
699.44	2305.00
699.63	2397.00
699.82	2284.00
700.01	2279.00
700.20	2389.00
700.39	2379.00
700.58	2327.00
700.78	2290.00
700.97	2278.00
701.16	2324.00
701.35	2294.00
701.54	2264.00
701.73	2259.00
701.93	2321.00
702.12	2420.00
702.31	2501.00
702.50	2478.00
702.69	2471.00
702.88	2465.00
703.07	2462.00
703.27	2365.00
703.46	2517.00
703.65	2474.00
703.84	2525.00
704.03	2559.00
704.22	2454.00
704.41	2422.00
704.60	2383.00
704.80	2536.00
704.99	2537.00
705.18	2493.00
705.37	2473.00
705.56	2500.00
705.75	2610.00
705.94	2621.00
706.14	2651.00
706.33	2628.00
706.52	2608.00
706.71	2479.00
706.90	2527.00
707.09	2568.00
707.28	2572.00
707.47	2632.00
707.67	2670.00
707.86	2700.00
708.05	2624.00
708.24	2678.00
708.43	2616.00
708.62	2677.00
708.81	2730.00
709.00	2690.00
709.20	2681.00
709.39	2754.00
709.58	2805.00
709.77	2719.00
709.96	2639.00
710.15	2702.00
710.34	2689.00
710.53	2686.00
710.72	2795.00
710.92	2764.00
711.11	2731.00
711.30	2736.00
711.49	2667.00
711.68	2601.00
711.87	2758.00
712.06	2772.00
712.25	2828.00
712.44	2800.00
712.64	2848.00
712.83	2885.00
713.02	2816.00
713.21	2750.00
713.40	2718.00
713.59	2812.00
713.78	2779.00
713.97	2726.00
714.16	2813.00
714.35	2845.00
714.55	2842.00
714.74	2885.00
714.93	2935.00
715.12	2905.00
715.31	2897.00
715.50	2865.00
715.69	2831.00
715.88	2784.00
716.07	2742.00
716.26	2885.00
716.45	2879.00
716.65	2886.00
716.84	2792.00
717.03	2735.00
717.22	2828.00
717.41	2826.00
717.60	2877.00
717.79	2892.00
717.98	2871.00
718.17	2780.00
718.36	2883.00
718.55	2892.00
718.75	2916.00
718.94	2844.00
719.13	2886.00
719.32	2911.00
719.51	2880.00
719.70	2946.00
719.89	2964.00
720.08	2939.00
720.27	2891.00
720.46	2920.00
720.65	3013.00
720.84	3052.00
721.03	2927.00
721.22	2826.00
721.42	2914.00
721.61	2814.00
721.80	2902.00
721.99	2936.00
722.18	2923.00
722.37	2943.00
722.56	2951.00
722.75	2965.00
722.94	2948.00
723.13	2863.00
723.32	2810.00
723.51	2811.00
723.70	2876.00
723.89	2920.00
724.08	2953.00
724.28	2983.00
724.47	3001.00
724.66	2948.00
724.85	2982.00
725.04	3027.00
725.23	2965.00
725.42	3049.00
725.61	3022.00
725.80	3065.00
725.99	3012.00
726.18	3030.00
726.37	3017.00
726.56	2989.00
726.75	2991.00
726.94	3034.00
727.13	2985.00
727.32	2968.00
727.51	2869.00
727.71	2957.00
727.90	2875.00
728.09	2962.00
728.28	2936.00
728.47	3019.00
728.66	2993.00
728.85	2933.00
729.04	2933.00
729.23	2950.00
729.42	3009.00
729.61	2963.00
729.80	2941.00
729.99	2886.00
730.18	2899.00
730.37	2812.00
730.56	2990.00
730.75	2987.00
730.94	3053.00
731.13	3071.00
731.32	2870.00
731.51	2891.00
731.70	2915.00
731.89	2946.00
732.08	2875.00
732.27	2861.00
732.46	2907.00
732.65	2928.00
732.84	2973.00
733.04	2943.00
733.23	3034.00
733.42	2975.00
733.61	2970.00
733.80	2968.00
733.99	2931.00
734.18	2845.00
734.37	2898.00
734.56	2905.00
734.75	2900.00
734.94	2884.00
735.13	2873.00
735.32	2915.00
735.51	2851.00
735.70	2750.00
735.89	2894.00
736.08	2864.00
736.27	2852.00
736.46	2904.00
736.65	2903.00
736.84	2851.00
737.03	2860.00
737.22	2780.00
737.41	2762.00
737.60	2776.00
737.79	2919.00
737.98	2830.00
738.17	2816.00
738.36	2777.00
738.55	2842.00
738.74	2774.00
738.93	2889.00
739.12	2918.00
739.31	2810.00
739.50	2815.00
739.69	2823.00
739.88	2791.00
740.07	2751.00
740.26	2771.00
740.45	2846.00
740.64	2814.00
740.83	2739.00
741.02	2767.00
741.21	2752.00
741.40	2779.00
741.59	2689.00
741.78	2812.00
741.97	2731.00
742.16	2696.00
742.35	2600.00
742.54	2608.00
742.73	2676.00
742.92	2614.00
743.11	2598.00
743.30	2660.00
743.49	2696.00
743.68	2606.00
743.87	2655.00
744.06	2659.00
744.25	2602.00
744.44	2556.00
744.63	2509.00
744.82	2589.00
745.01	2592.00
745.20	2541.00
745.39	2538.00
745.58	2608.00
745.77	2574.00
745.96	2548.00
746.15	2556.00
746.34	2599.00
746.52	2620.00
746.71	2569.00
746.90	2428.00
747.09	2514.00
747.28	2558.00
747.47	2548.00
747.66	2630.00
747.85	2564.00
748.04	2581.00
748.23	2469.00
748.42	2484.00
748.61	2491.00
748.80	2476.00
748.99	2477.00
749.18	2468.00
749.37	2464.00
749.56	2369.00
749.75	2296.00
749.94	2459.00
750.13	2426.00
750.32	2372.00
750.51	2317.00
750.70	2312.00
750.89	2425.00
751.08	2399.00
751.27	2310.00
751.46	2399.00
751.64	2368.00
751.83	2304.00
752.02	2270.00
752.21	2337.00
752.40	2341.00
752.59	2352.00
752.78	2380.00
752.97	2403.00
753.16	2427.00
753.35	2319.00
753.54	2220.00
753.73	2220.00
753.92	2276.00
754.11	2307.00
754.30	2381.00
754.49	2348.00
754.68	2308.00
754.87	2370.00
755.06	2353.00
755.24	2238.00
755.43	2314.00
755.62	2242.00
755.81	2299.00
756.00	2310.00
756.19	2259.00
756.38	2281.00
756.57	2289.00
756.76	2298.00
756.95	2199.00
757.14	2206.00
757.33	2259.00
757.52	2313.00
757.71	2333.00
757.90	2251.00
758.08	2199.00
758.27	2141.00
758.46	2137.00
758.65	2116.00
758.84	2173.00
759.03	2173.00
759.22	2221.00
759.41	2158.00
759.60	2092.00
759.79	2175.00
759.98	2281.00
760.17	1968.00
760.36	2121.00
760.54	2138.00
760.73	2169.00
760.92	2091.00
761.11	2076.00
761.30	2075.00
761.49	1951.00
761.68	2012.00
761.87	2007.00
762.06	2052.00
762.25	2000.00
762.44	1950.00
762.63	1934.00
762.81	1943.00
763.00	1956.00
763.19	1950.00
763.38	1909.00
763.57	1829.00
763.76	1809.00
763.95	1766.00
764.14	1865.00
764.33	1904.00
764.52	1852.00
764.71	1803.00
764.89	1849.00
765.08	1896.00
765.27	1802.00
765.46	1864.00
765.65	1822.00
765.84	1772.00
766.03	1842.00
766.22	1847.00
766.41	1864.00
766.59	1791.00
766.78	1894.00
766.97	1957.00
767.16	1982.00
767.35	1932.00
767.54	1970.00
767.73	1973.00
767.92	2025.00
768.11	2043.00
768.30	1984.00
768.48	2005.00
768.67	2062.00
768.86	2044.00
769.05	2017.00
769.24	2084.00
769.43	2087.00
769.62	2099.00
769.81	2070.00
769.99	2078.00
770.18	2070.00
770.37	1971.00
770.56	1892.00
770.75	2015.00
770.94	2029.00
771.13	2105.00
771.32	2103.00
771.50	2114.00
771.69	2047.00
771.88	1977.00
772.07	2023.00
772.26	2009.00
772.45	2025.00
772.64	2094.00
772.83	2079.00
773.01	2108.00
773.20	2058.00
773.39	1906.00
773.58	1965.00
773.77	2084.00
773.96	1994.00
774.15	1987.00
774.34	2089.00
774.52	2089.00
774.71	1982.00
774.90	2009.00
775.09	2056.00
775.28	1937.00
775.47	2016.00
775.66	2009.00
775.84	1946.00
776.03	2016.00
776.22	1911.00
776.41	1992.00
776.60	2026.00
776.79	2063.00
776.98	1952.00
777.16	1983.00
777.35	2032.00
777.54	2075.00
777.73	1987.00
777.92	1942.00
778.11	1940.00
778.29	2014.00
778.48	2043.00
778.67	2019.00
778.86	1935.00
779.05	2058.00
779.24	2043.00
779.43	1913.00
779.61	1917.00
779.80	2079.00
779.99	1959.00
780.18	1940.00
780.37	1918.00
780.56	1974.00
780.74	2018.00
780.93	2012.00
781.12	2040.00
781.31	2039.00
781.50	1975.00
781.69	1941.00
781.87	1934.00
782.06	2014.00
782.25	2109.00
782.44	2081.00
782.63	2073.00
782.82	2109.00
783.00	2013.00
783.19	1963.00
783.38	1978.00
783.57	2054.00
783.76	2105.00
783.95	2072.00
784.13	2032.00
784.32	2099.00
784.51	2049.00
784.70	2043.00
784.89	1958.00
785.08	1966.00
785.26	2006.00
785.45	2065.00
785.64	1935.00
785.83	2029.00
786.02	2023.00
786.20	2049.00
786.39	2108.00
786.58	2069.00
786.77	2091.00
786.96	2076.00
787.15	2108.00
787.33	2084.00
787.52	2049.00
787.71	2071.00
787.90	2002.00
788.09	2054.00
788.27	2074.00
788.46	1986.00
788.65	2033.00
788.84	2073.00
789.03	2103.00
789.21	2055.00
789.40	2091.00
789.59	1981.00
789.78	2085.00
789.97	2121.00
790.15	2048.00
790.34	1998.00
790.53	2069.00
790.72	2186.00
790.91	2050.00
791.09	2096.00
791.28	2073.00
791.47	2113.00
791.66	2177.00
791.85	2211.00
792.03	2142.00
792.22	2137.00
792.41	2159.00
792.60	2192.00
792.79	2333.00
792.97	2393.00
793.16	2273.00
793.35	2162.00
793.54	2094.00
793.72	2076.00
793.91	2224.00
794.10	2168.00
794.29	2247.00
794.48	2359.00
794.66	2250.00
794.85	2274.00
795.04	2260.00
795.23	2265.00
795.42	2155.00
795.60	2123.00
795.79	2113.00
795.98	2172.00
796.17	2201.00
796.35	2154.00
796.54	2126.00
796.73	2158.00
796.92	2178.00
797.11	2180.00
797.29	2177.00
797.48	2223.00
797.67	2159.00
797.86	2239.00
798.04	2210.00
798.23	2198.00
798.42	2149.00
798.61	2193.00
798.79	2142.00
798.98	2171.00
799.17	2099.00
799.36	2153.00
799.54	2211.00
799.73	2215.00
799.92	2162.00
800.11	2201.00
800.30	2192.00
800.48	2197.00
800.67	2154.00
800.86	2277.00
801.05	2244.00
801.23	2122.00
801.42	2125.00
801.61	2151.00
801.80	2201.00
801.98	2224.00
802.17	2159.00
802.36	2227.00
802.55	2258.00
802.73	2205.00
802.92	2196.00
803.11	2222.00
803.30	2272.00
803.48	2215.00
803.67	2178.00
803.86	2258.00
804.05	2253.00
804.23	2242.00
804.42	2209.00
804.61	2253.00
804.80	2303.00
804.98	2227.00
805.17	2145.00
805.36	2140.00
805.54	2276.00
805.73	2247.00
805.92	2307.00
806.11	2243.00
806.29	2184.00
806.48	2198.00
806.67	2286.00
806.86	2264.00
807.04	2229.00
807.23	2224.00
807.42	2223.00
807.61	2157.00
807.79	2232.00
807.98	2354.00
808.17	2340.00
808.35	2372.00
808.54	2209.00
808.73	2190.00
808.92	2125.00
809.10	2130.00
809.29	2146.00
809.48	2227.00
809.67	2223.00
809.85	2210.00
810.04	2263.00
810.23	2267.00
810.41	2263.00
810.60	2293.00
810.79	2319.00
810.98	2256.00
811.16	2215.00
811.35	2150.00
811.54	2253.00
811.72	2234.00
811.91	2272.00
812.10	2185.00
812.29	2167.00
812.47	2200.00
812.66	2319.00
812.85	2182.00
813.03	2207.00
813.22	2199.00
813.41	2140.00
813.60	2186.00
813.78	2173.00
813.97	2216.00
814.16	2098.00
814.34	2208.00
814.53	2213.00
814.72	2218.00
814.90	2138.00
815.09	2189.00
815.28	2196.00
815.47	2199.00
815.65	2211.00
815.84	2199.00
816.03	2174.00
816.21	2170.00
816.40	2327.00
816.59	2252.00
816.77	2222.00
816.96	2173.00
817.15	2255.00
817.33	2284.00
817.52	2286.00
817.71	2189.00
817.90	2244.00
818.08	2216.00
818.27	2256.00
818.46	2173.00
818.64	2195.00
818.83	2192.00
819.02	2198.00
819.20	2138.00
819.39	2130.00
819.58	2195.00
819.76	2252.00
819.95	2261.00
820.14	2273.00
820.32	2199.00
820.51	2296.00
820.70	2218.00
820.88	2160.00
821.07	2312.00
821.26	2269.00
821.44	2174.00
821.63	2235.00
821.82	2266.00
822.01	2236.00
822.19	2182.00
822.38	2171.00
822.57	2183.00
822.75	2181.00
822.94	2268.00
823.13	2233.00
823.31	2227.00
823.50	2170.00
823.69	2175.00
823.87	2158.00
824.06	2245.00
824.25	2148.00
824.43	2105.00
824.62	2169.00
824.80	2197.00
824.99	2201.00
825.18	2264.00
825.36	2221.00
825.55	2198.00
825.74	2185.00
825.92	2167.00
826.11	2166.00
826.30	2091.00
826.48	2097.00
826.67	2113.00
826.86	2153.00
827.04	2183.00
827.23	2202.00
827.42	2142.00
827.60	2114.00
827.79	2072.00
827.98	2089.00
828.16	2067.00
828.35	2153.00
828.54	2031.00
828.72	2034.00
828.91	2127.00
829.09	2036.00
829.28	1955.00
829.47	2080.00
829.65	2113.00
829.84	2123.00
830.03	2136.00
830.21	2136.00
830.40	2018.00
830.59	2066.00
830.77	2149.00
830.96	2056.00
831.14	2114.00
831.33	2183.00
831.52	2135.00
831.70	2069.00
831.89	2074.00
832.08	2083.00
832.26	2021.00
832.45	2047.00
832.64	2038.00
832.82	2047.00
833.01	2088.00
833.19	2047.00
833.38	2003.00
833.57	1883.00
833.75	1985.00
833.94	1978.00
834.13	2036.00
834.31	2101.00
834.50	2009.00
834.68	2050.00
834.87	2073.00
835.06	2038.00
835.24	2024.00
835.43	2008.00
835.61	2021.00
835.80	2123.00
835.99	2043.00
836.17	1978.00
836.36	1982.00
836.55	1943.00
836.73	2077.00
836.92	2056.00
837.10	2033.00
837.29	1977.00
837.48	2008.00
837.66	1981.00
837.85	2036.00
838.03	1967.00
838.22	1957.00
838.41	1940.00
838.59	1989.00
838.78	2034.00
838.96	2034.00
839.15	1957.00
839.34	1934.00
839.52	1955.00
839.71	1953.00
839.89	1951.00
840.08	2069.00
840.27	1985.00
840.45	1967.00
840.64	1912.00
840.82	1893.00
841.01	1934.00
841.20	1934.00
841.38	1968.00
841.57	1920.00
841.75	1916.00
841.94	1931.00
842.13	1923.00
842.31	1892.00
842.50	1904.00
842.68	1994.00
842.87	1951.00
843.05	1822.00
843.24	1832.00
843.43	1840.00
843.61	1831.00
843.80	1930.00
843.98	1851.00
844.17	1862.00
844.36	1844.00
844.54	1822.00
844.73	1889.00
844.91	1804.00
845.10	1801.00
845.28	1854.00
845.47	1805.00
845.66	1802.00
845.84	1870.00
846.03	1779.00
846.21	1797.00
846.40	1856.00
846.58	1857.00
846.77	1881.00
846.96	1827.00
847.14	1794.00
847.33	1778.00
847.51	1701.00
847.70	1663.00
847.88	1750.00
848.07	1813.00
848.25	1821.00
848.44	1718.00
848.63	1723.00
848.81	1723.00
849.00	1768.00
849.18	1713.00
849.37	1779.00
849.55	1789.00
849.74	1733.00
849.93	1732.00
850.11	1650.00
850.30	1681.00
850.48	1658.00
850.67	1716.00
850.85	1798.00
851.04	1735.00
851.22	1671.00
851.41	1711.00
851.59	1684.00
851.78	1733.00
851.97	1780.00
852.15	1760.00
852.34	1656.00
852.52	1648.00
852.71	1606.00
852.89	1692.00
853.08	1738.00
853.26	1682.00
853.45	1688.00
853.63	1673.00
853.82	1648.00
854.01	1739.00
854.19	1687.00
854.38	1722.00
854.56	1734.00
854.75	1678.00
854.93	1613.00
855.12	1649.00
855.30	1609.00
855.49	1531.00
855.67	1605.00
855.86	1640.00
856.04	1641.00
856.23	1696.00
856.41	1647.00
856.60	1576.00
856.79	1650.00
856.97	1684.00
857.16	1646.00
857.34	1688.00
857.53	1732.00
857.71	1649.00
857.90	1582.00
858.08	1619.00
858.27	1622.00
858.45	1598.00
858.64	1557.00
858.82	1471.00
859.01	1553.00
859.19	1615.00
859.38	1573.00
859.56	1590.00
859.75	1558.00
859.93	1539.00
860.12	1502.00
860.30	1603.00
860.49	1597.00
860.67	1631.00
860.86	1534.00
861.04	1587.00
861.23	1554.00
861.41	1490.00
861.60	1544.00
861.78	1629.00
861.97	1506.00
862.15	1569.00
862.34	1551.00
862.53	1480.00
862.71	1550.00
862.90	1569.00
863.08	1581.00
863.27	1508.00
863.45	1490.00
863.64	1451.00
863.82	1443.00
864.01	1498.00
864.19	1528.00
864.37	1415.00
864.56	1448.00
864.74	1457.00
864.93	1479.00
865.11	1564.00
865.30	1629.00
865.48	1480.00
865.67	1485.00
865.85	1431.00
866.04	1368.00
866.22	1475.00
866.41	1544.00
866.59	1406.00
866.78	1415.00
866.96	1490.00
867.15	1447.00
867.33	1422.00
867.52	1339.00
867.70	1364.00
867.89	1441.00
868.07	1404.00
868.26	1463.00
868.44	1344.00
868.63	1382.00
868.81	1373.00
869.00	1340.00
869.18	1384.00
869.37	1412.00
869.55	1353.00
869.74	1299.00
869.92	1392.00
870.10	1456.00
870.29	1358.00
870.47	1333.00
870.66	1350.00
870.84	1382.00
871.03	1362.00
871.21	1315.00
871.40	1439.00
871.58	1313.00
871.77	1365.00
871.95	1333.00
872.14	1367.00
872.32	1421.00
872.51	1285.00
872.69	1338.00
872.87	1290.00
873.06	1268.00
873.24	1250.00
873.43	1301.00
873.61	1321.00
873.80	1323.00
873.98	1296.00
874.17	1315.00
874.35	1341.00
874.54	1379.00
874.72	1282.00
874.90	1216.00
875.09	1237.00
875.27	1251.00
875.46	1259.00
875.64	1329.00
875.83	1302.00
876.01	1222.00
876.20	1334.00
876.38	1300.00
876.56	1290.00
876.75	1275.00
876.93	1347.00
877.12	1317.00
877.30	1240.00
877.49	1259.00
877.67	1321.00
877.86	1271.00
878.04	1351.00
878.22	1336.00
878.41	1310.00
878.59	1253.00
878.78	1277.00
878.96	1243.00
879.15	1290.00
879.33	1273.00
879.51	1353.00
879.70	1296.00
879.88	1273.00
880.07	1305.00
880.25	1351.00
880.44	1282.00
880.62	1256.00
880.80	1269.00
880.99	1211.00
881.17	1229.00
881.36	1231.00
881.54	1238.00
881.73	1232.00
881.91	1155.00
882.09	1202.00
882.28	1279.00
882.46	1269.00
882.65	1296.00
882.83	1255.00
883.02	1245.00
883.20	1203.00
883.38	1198.00
883.57	1254.00
883.75	1358.00
883.94	1284.00
884.12	1270.00
884.30	1227.00
884.49	1231.00
884.67	1203.00
884.86	1182.00
885.04	1233.00
885.22	1207.00
885.41	1190.00
885.59	1171.00
885.78	1181.00
885.96	1236.00
886.14	1188.00
886.33	1211.00
886.51	1222.00
886.70	1242.00
886.88	1266.00
887.06	1236.00
887.25	1237.00
887.43	1219.00
887.62	1167.00
887.80	1157.00
887.98	1142.00
888.17	1220.00
888.35	1241.00
888.54	1231.00
888.72	1235.00
888.90	1345.00
889.09	1248.00
889.27	1194.00
889.46	1104.00
889.64	1148.00
889.82	1220.00
890.01	1150.00
890.19	1203.00
890.38	1178.00
890.56	1138.00
890.74	1246.00
890.93	1283.00
891.11	1286.00
891.29	1199.00
891.48	1167.00
891.66	1191.00
891.85	1166.00
892.03	1279.00
892.21	1241.00
892.40	1174.00
892.58	1203.00
892.76	1141.00
892.95	1232.00
893.13	1229.00
893.32	1255.00
893.50	1217.00
893.68	1244.00
893.87	1238.00
894.05	1202.00
894.23	1201.00
894.42	1234.00
894.60	1216.00
894.79	1177.00
894.97	1165.00
895.15	1300.00
895.34	1269.00
895.52	1200.00
895.70	1185.00
895.89	1207.00
896.07	1172.00
896.25	1184.00
896.44	1144.00
896.62	1178.00
896.81	1282.00
896.99	1194.00
897.17	1190.00
897.36	1222.00
897.54	1217.00
897.72	1265.00
897.91	1213.00
898.09	1203.00
898.27	1233.00
898.46	1356.00
898.64	1294.00
898.82	1306.00
899.01	1265.00
899.19	1280.00
899.37	1286.00
899.56	1341.00
899.74	1329.00
899.92	1280.00
900.11	1236.00
900.29	1263.00
900.47	1283.00
900.66	1322.00
900.84	1270.00
901.03	1278.00
901.21	1232.00
901.39	1256.00
901.58	1269.00
901.76	1347.00
901.94	1263.00
902.13	1218.00
902.31	1252.00
902.49	1311.00
902.68	1313.00
902.86	1281.00
903.04	1351.00
903.23	1370.00
903.41	1320.00
903.59	1282.00
903.78	1301.00
903.96	1226.00
904.14	1257.00
904.32	1284.00
904.51	1229.00
904.69	1310.00
904.87	1297.00
905.06	1379.00
905.24	1342.00
905.42	1358.00
905.61	1353.00
905.79	1401.00
905.97	1333.00
906.16	1359.00
906.34	1395.00
906.52	1354.00
906.71	1331.00
906.89	1393.00
907.07	1288.00
907.26	1287.00
907.44	1345.00
907.62	1331.00
907.81	1283.00
907.99	1358.00
908.17	1409.00
908.35	1367.00
908.54	1363.00
908.72	1349.00
908.90	1323.00
909.09	1386.00
909.27	1388.00
909.45	1329.00
909.64	1290.00
909.82	1327.00
910.00	1341.00
910.18	1312.00
910.37	1284.00
910.55	1301.00
910.73	1342.00
910.92	1324.00
911.10	1398.00
911.28	1316.00
911.47	1388.00
911.65	1379.00
911.83	1320.00
912.01	1331.00
912.20	1318.00
912.38	1338.00
912.56	1305.00
912.75	1360.00
912.93	1350.00
913.11	1245.00
913.29	1251.00
913.48	1354.00
913.66	1412.00
913.84	1361.00
914.03	1324.00
914.21	1358.00
914.39	1337.00
914.57	1304.00
914.76	1338.00
914.94	1324.00
915.12	1205.00
915.31	1254.00
915.49	1248.00
915.67	1235.00
915.85	1284.00
916.04	1323.00
916.22	1349.00
916.40	1290.00
916.58	1260.00
916.77	1286.00
916.95	1276.00
917.13	1232.00
917.32	1327.00
917.50	1304.00
917.68	1249.00
917.86	1232.00
918.05	1294.00
918.23	1278.00
918.41	1272.00
918.59	1252.00
918.78	1168.00
918.96	1249.00
919.14	1221.00
919.32	1256.00
919.51	1220.00
919.69	1218.00
919.87	1234.00
920.05	1225.00
920.24	1316.00
920.42	1238.00
920.60	1141.00
920.78	1231.00
920.97	1230.00
921.15	1232.00
921.33	1189.00
921.52	1204.00
921.70	1241.00
921.88	1233.00
922.06	1198.00
922.24	1193.00
922.43	1208.00
922.61	1182.00
922.79	1262.00
922.97	1193.00
923.16	1221.00
923.34	1212.00
923.52	1151.00
923.70	1159.00
923.89	1202.00
924.07	1195.00
924.25	1254.00
924.43	1252.00
924.62	1336.00
924.80	1221.00
924.98	1240.00
925.16	1167.00
925.35	1164.00
925.53	1178.00
925.71	1127.00
925.89	1174.00
926.08	1230.00
926.26	1150.00
926.44	1147.00
926.62	1144.00
926.80	1203.00
926.99	1179.00
927.17	1207.00
927.35	1198.00
927.53	1084.00
927.72	1134.00
927.90	1146.00
928.08	1108.00
928.26	1075.00
928.44	1158.00
928.63	1167.00
928.81	1181.00
928.99	1192.00
929.17	1143.00
929.36	1091.00
929.54	1138.00
929.72	1140.00
929.90	1142.00
930.08	1088.00
930.27	1051.00
930.45	1043.00
930.63	1158.00
930.81	1059.00
930.99	1044.00
931.18	1073.00
931.36	1109.00
931.54	1069.00
931.72	1041.00
931.90	1024.00
932.09	1032.00
932.27	1065.00
932.45	968.00
932.63	983.00
932.81	1006.00
933.00	1022.00
933.18	1012.00
933.36	1010.00
933.54	1058.00
933.72	1011.00
933.91	1085.00
934.09	1002.00
934.27	939.00
934.45	913.00
934.63	934.00
934.82	948.00
935.00	911.00
935.18	1009.00
935.36	1036.00
935.54	893.00
935.73	894.00
935.91	889.00
936.09	907.00
936.27	914.00
936.45	944.00
936.64	857.00
936.82	819.00
937.00	814.00
937.18	859.00
937.36	852.00
937.54	832.00
937.73	803.00
937.91	867.00
938.09	816.00
938.27	714.00
938.45	712.00
938.63	712.00
938.82	683.00
939.00	766.00
939.18	777.00
939.36	672.00
939.54	610.00
939.73	725.00
939.91	723.00
940.09	660.00
940.27	672.00
940.45	609.00
940.63	672.00
940.82	667.00
941.00	622.00
941.18	568.00
941.36	635.00
941.54	634.00
941.72	568.00
941.91	615.00
942.09	656.00
942.27	599.00
942.45	615.00
942.63	600.00
942.81	631.00
942.99	606.00
943.18	587.00
943.36	517.00
943.54	476.00
943.72	612.00
943.90	645.00
944.08	626.00
944.27	573.00
944.45	592.00
944.63	480.00
944.81	511.00
944.99	511.00
945.17	544.00
945.35	578.00
945.54	560.00
945.72	588.00
945.90	600.00
946.08	574.00
946.26	539.00
946.44	480.00
946.62	540.00
946.81	554.00
946.99	585.00
947.17	645.00
947.35	634.00
947.53	586.00
947.71	575.00
947.89	596.00
948.07	594.00
948.26	521.00
948.44	491.00
948.62	562.00
948.80	548.00
948.98	537.00
949.16	504.00
949.34	531.00
949.53	579.00
949.71	596.00
949.89	538.00
950.07	594.00
950.25	589.00
950.43	552.00
950.61	550.00
950.79	579.00
950.98	513.00
951.16	539.00
951.34	604.00
951.52	639.00
951.70	644.00
951.88	598.00
952.06	584.00
952.24	564.00
952.42	591.00
952.61	556.00
952.79	567.00
952.97	606.00
953.15	570.00
953.33	561.00
953.51	548.00
953.69	604.00
953.87	595.00
954.05	525.00
954.24	579.00
954.42	582.00
954.60	600.00
954.78	634.00
954.96	593.00
955.14	531.00
955.32	537.00
955.50	470.00
955.68	529.00
955.86	530.00
956.05	609.00
956.23	608.00
956.41	609.00
956.59	548.00
956.77	525.00
956.95	481.00
957.13	490.00
957.31	506.00
957.49	514.00
957.67	506.00
957.86	458.00
958.04	487.00
958.22	553.00
958.40	551.00
958.58	559.00
958.76	525.00
958.94	545.00
959.12	537.00
959.30	599.00
959.48	611.00
959.66	610.00
959.84	545.00
960.03	551.00
960.21	557.00
960.39	537.00
960.57	555.00
960.75	509.00
960.93	520.00
961.11	518.00
961.29	459.00
961.47	553.00
961.65	500.00
961.83	496.00
962.01	499.00
962.19	555.00
962.37	561.00
962.56	552.00
962.74	542.00
962.92	564.00
963.10	480.00
963.28	542.00
963.46	540.00
963.64	499.00
963.82	548.00
964.00	638.00
964.18	551.00
964.36	488.00
964.54	474.00
964.72	532.00
964.90	529.00
965.08	493.00
965.27	486.00
965.45	473.00
965.63	418.00
965.81	471.00
965.99	526.00
966.17	541.00
966.35	493.00
966.53	495.00
966.71	431.00
966.89	455.00
967.07	556.00
967.25	560.00
967.43	520.00
967.61	469.00
967.79	510.00
967.97	554.00
968.15	506.00
968.33	496.00
968.51	488.00
968.69	547.00
968.87	513.00
969.06	473.00
969.24	486.00
969.42	516.00
969.60	465.00
969.78	493.00
969.96	475.00
970.14	461.00
970.32	494.00
970.50	533.00
970.68	498.00
970.86	476.00
971.04	497.00
971.22	465.00
971.40	479.00
971.58	423.00
971.76	474.00
971.94	494.00
972.12	493.00
972.30	534.00
972.48	502.00
972.66	523.00
972.84	495.00
973.02	549.00
973.20	409.00
973.38	433.00
973.56	412.00
973.74	451.00
973.92	467.00
974.10	472.00
974.28	463.00
974.46	442.00
974.64	467.00
974.82	466.00
975.00	462.00
975.18	503.00
975.36	465.00
975.54	400.00
975.72	423.00
975.90	421.00
976.08	438.00
976.26	460.00
976.44	444.00
976.62	514.00
976.80	485.00
976.98	447.00
977.16	400.00
977.34	412.00
977.52	441.00
977.70	498.00
977.88	494.00
978.06	476.00
978.24	424.00
978.42	365.00
978.60	463.00
978.78	455.00
978.96	476.00
979.14	388.00
979.32	413.00
979.50	414.00
979.68	452.00
979.86	378.00
980.04	438.00
980.22	451.00
980.40	373.00
980.58	388.00
980.76	441.00
980.94	407.00
981.12	450.00
981.30	447.00
981.48	398.00
981.66	398.00
981.84	414.00
982.02	465.00
982.20	490.00
982.38	431.00
982.56	435.00
982.74	383.00
982.92	315.00
983.10	379.00
983.28	434.00
983.46	382.00
983.64	396.00
983.82	429.00
984.00	408.00
984.18	351.00
984.36	381.00
984.54	458.00
984.72	376.00
984.90	354.00
985.08	406.00
985.26	388.00
985.44	393.00
985.62	364.00
985.80	423.00
985.98	391.00
986.16	396.00
986.34	343.00
986.51	398.00
986.69	353.00
986.87	358.00
987.05	364.00
987.23	333.00
987.41	371.00
987.59	367.00
987.77	403.00
987.95	370.00
988.13	371.00
988.31	368.00
988.49	406.00
988.67	353.00
988.85	415.00
989.03	420.00
989.21	388.00
989.39	351.00
989.57	378.00
989.75	333.00
989.93	338.00
990.11	364.00
990.28	392.00
990.46	341.00
990.64	339.00
990.82	311.00
991.00	338.00
991.18	376.00
991.36	379.00
991.54	359.00
991.72	308.00
991.90	321.00
992.08	348.00
992.26	339.00
992.44	308.00
992.62	416.00
992.80	403.00
992.98	346.00
993.15	329.00
993.33	366.00
993.51	342.00
993.69	321.00
993.87	333.00
994.05	322.00
994.23	357.00
994.41	359.00
994.59	345.00
994.77	331.00
994.95	367.00
995.13	423.00
995.31	322.00
995.48	329.00
995.66	384.00
995.84	420.00
996.02	359.00
996.20	385.00
996.38	409.00
996.56	300.00
996.74	408.00
996.92	346.00
997.10	327.00
997.28	347.00
997.46	336.00
997.63	322.00
997.81	385.00
997.99	372.00
998.17	300.00
998.35	310.00
998.53	363.00
998.71	302.00
998.89	308.00
999.07	364.00
999.25	395.00
999.43	378.00
999.60	385.00
999.78	298.00
999.96	346.00
1000.14	279.00
1000.32	283.00
1000.50	357.00
1000.68	313.00
1000.86	331.00
1001.04	381.00
1001.21	311.00
1001.39	338.00
1001.57	303.00
1001.75	320.00
1001.93	368.00
1002.11	286.00
1002.29	295.00
1002.47	353.00
1002.65	290.00
1002.82	342.00
1003.00	301.00
1003.18	357.00
1003.36	418.00
1003.54	375.00
1003.72	349.00
1003.90	300.00
1004.08	292.00
1004.26	281.00
1004.43	287.00
1004.61	304.00
1004.79	310.00
1004.97	296.00
1005.15	302.00
1005.33	283.00
1005.51	310.00
1005.69	373.00
1005.86	350.00
1006.04	315.00
1006.22	333.00
1006.40	293.00
1006.58	348.00
1006.76	321.00
1006.94	336.00
1007.12	207.00
1007.29	292.00
1007.47	270.00
1007.65	304.00
1007.83	274.00
1008.01	257.00
1008.19	272.00
1008.37	311.00
1008.54	360.00
1008.72	337.00
1008.90	367.00
1009.08	238.00
1009.26	291.00
1009.44	294.00
1009.62	319.00
1009.79	255.00
1009.97	265.00
1010.15	238.00
1010.33	325.00
1010.51	245.00
1010.69	258.00
1010.87	313.00
1011.04	313.00
1011.22	297.00
1011.40	282.00
1011.58	299.00
1011.76	358.00
1011.94	315.00
1012.11	216.00
1012.29	269.00
1012.47	305.00
1012.65	329.00
1012.83	364.00
1013.01	278.00
1013.18	214.00
1013.36	273.00
1013.54	315.00
1013.72	272.00
1013.90	263.00
1014.08	239.00
1014.25	234.00
1014.43	218.00
1014.61	264.00
1014.79	290.00
1014.97	294.00
1015.15	341.00
1015.32	295.00
1015.50	284.00
1015.68	263.00
1015.86	257.00
1016.04	267.00
1016.22	251.00
1016.39	298.00
1016.57	241.00
1016.75	269.00
1016.93	237.00
1017.11	227.00
1017.29	273.00
1017.46	323.00
1017.64	258.00
1017.82	260.00
1018.00	304.00
1018.18	274.00
1018.35	295.00
1018.53	271.00
1018.71	252.00
1018.89	244.00
1019.07	309.00
1019.24	251.00
1019.42	274.00
1019.60	276.00
1019.78	292.00
1019.96	265.00
1020.14	284.00
1020.31	247.00
1020.49	256.00
1020.67	274.00
1020.85	275.00
1021.03	262.00
1021.20	204.00
1021.38	210.00
1021.56	217.00
1021.74	191.00
1021.92	231.00
1022.09	212.00
1022.27	245.00
1022.45	235.00
1022.63	258.00
1022.81	267.00
1022.98	266.00
1023.16	201.00
1023.34	198.00
1023.52	215.00
1023.69	241.00
1023.87	239.00
1024.05	268.00
1024.23	245.00
1024.41	195.00
1024.58	270.00
1024.76	250.00
1024.94	306.00
1025.12	302.00
1025.30	277.00
1025.47	207.00
1025.65	291.00
1025.83	341.00
1026.01	321.00
1026.18	290.00
1026.36	274.00
1026.54	294.00
1026.72	284.00
1026.90	253.00
1027.07	245.00
1027.25	257.00
1027.43	233.00
1027.61	236.00
1027.78	201.00
1027.96	245.00
1028.14	260.00
1028.32	262.00
1028.49	222.00
1028.67	217.00
1028.85	231.00
1029.03	236.00
1029.21	209.00
1029.38	147.00
1029.56	217.00
1029.74	236.00
1029.92	210.00
1030.09	145.00
1030.27	209.00
1030.45	193.00
1030.63	286.00
1030.80	277.00
1030.98	253.00
1031.16	251.00
1031.34	234.00
1031.51	205.00
1031.69	198.00
1031.87	174.00
1032.05	212.00
1032.22	229.00
1032.40	241.00
1032.58	157.00
1032.76	227.00
1032.93	230.00
1033.11	176.00
1033.29	246.00
1033.47	197.00
1033.64	201.00
1033.82	225.00
1034.00	200.00
1034.18	221.00
1034.35	247.00
1034.53	229.00
1034.71	202.00
1034.89	188.00
1035.06	167.00
1035.24	121.00
1035.42	162.00
1035.59	187.00
1035.77	236.00
1035.95	233.00
1036.13	237.00
1036.30	221.00
1036.48	193.00
1036.66	226.00
1036.84	233.00
1037.01	209.00
1037.19	195.00
1037.37	209.00
1037.54	249.00
1037.72	249.00
1037.90	217.00
1038.08	232.00
1038.25	198.00
1038.43	173.00
1038.61	141.00
1038.79	163.00
1038.96	170.00
1039.14	201.00
1039.32	126.00
1039.49	124.00
1039.67	157.00
1039.85	149.00
1040.03	192.00
1040.20	209.00
1040.38	172.00
1040.56	187.00
1040.73	260.00
1040.91	248.00
1041.09	201.00
1041.27	186.00
1041.44	196.00
1041.62	222.00
1041.80	166.00
1041.97	209.00
1042.15	207.00
1042.33	106.00
1042.50	177.00
1042.68	181.00
1042.86	151.00
1043.04	216.00
1043.21	219.00
1043.39	250.00
1043.57	198.00
1043.74	137.00
1043.92	216.00
1044.10	192.00
1044.27	213.00
1044.45	213.00
1044.63	225.00
1044.80	200.00
1044.98	182.00
1045.16	130.00
1045.34	156.00
1045.51	207.00
1045.69	184.00
1045.87	189.00
1046.04	201.00
1046.22	196.00
1046.40	234.00
1046.57	216.00
1046.75	211.00
1046.93	197.00
1047.10	240.00
1047.28	169.00
1047.46	130.00
1047.63	118.00
1047.81	190.00
1047.99	198.00
1048.16	174.00
1048.34	95.00
1048.52	161.00
1048.69	229.00
1048.87	211.00
1049.05	165.00
1049.22	188.00
1049.40	201.00
1049.58	178.00
1049.75	229.00
1049.93	186.00
1050.11	152.00
1050.28	225.00
1050.46	207.00
1050.64	187.00
1050.81	197.00
1050.99	188.00
1051.17	176.00
1051.34	201.00
1051.52	110.00
1051.70	149.00
1051.87	168.00
1052.05	132.00
1052.23	199.00
1052.40	157.00
1052.58	145.00
1052.76	138.00
1052.93	126.00
1053.11	185.00
1053.29	252.00
1053.46	189.00
1053.64	257.00
1053.82	251.00
1053.99	210.00
1054.17	194.00
1054.35	177.00
1054.52	175.00
1054.70	194.00
1054.87	147.00
1055.05	161.00
1055.23	276.00
1055.40	234.00
1055.58	235.00
1055.76	145.00
1055.93	142.00
1056.11	176.00
1056.29	161.00
1056.46	203.00
1056.64	159.00
1056.81	121.00
1056.99	94.00
1057.17	158.00
1057.34	149.00
1057.52	210.00
1057.70	213.00
1057.87	185.00
1058.05	205.00
1058.22	232.00
1058.40	203.00
1058.58	188.00
1058.75	158.00
1058.93	200.00
1059.11	138.00
1059.28	211.00
1059.46	194.00
1059.63	241.00
1059.81	220.00
1059.99	185.00
1060.16	154.00
1060.34	105.00
1060.52	121.00
1060.69	110.00
1060.87	147.00
1061.04	205.00
1061.22	190.00
