367.62	317.00
367.82	366.00
368.02	360.00
368.23	367.00
368.43	344.00
368.63	368.00
368.83	319.00
369.04	326.00
369.24	379.00
369.44	310.00
369.65	346.00
369.85	408.00
370.05	405.00
370.25	411.00
370.46	421.00
370.66	457.00
370.86	424.00
371.07	480.00
371.27	494.00
371.47	450.00
371.67	423.00
371.88	452.00
372.08	476.00
372.28	491.00
372.49	509.00
372.69	538.00
372.89	514.00
373.09	552.00
373.30	582.00
373.50	598.00
373.70	559.00
373.91	545.00
374.11	540.00
374.31	601.00
374.51	595.00
374.72	611.00
374.92	639.00
375.12	634.00
375.33	631.00
375.53	649.00
375.73	603.00
375.93	626.00
376.14	683.00
376.34	674.00
376.54	726.00
376.74	776.00
376.95	769.00
377.15	738.00
377.35	687.00
377.55	689.00
377.76	716.00
377.96	792.00
378.16	843.00
378.37	821.00
378.57	786.00
378.77	796.00
378.97	796.00
379.18	897.00
379.38	858.00
379.58	759.00
379.78	850.00
379.99	852.00
380.19	791.00
380.39	829.00
380.59	856.00
380.80	861.00
381.00	944.00
381.20	867.00
381.40	859.00
381.61	860.00
381.81	867.00
382.01	896.00
382.21	938.00
382.42	881.00
382.62	810.00
382.82	911.00
383.02	946.00
383.23	973.00
383.43	931.00
383.63	885.00
383.83	862.00
384.04	861.00
384.24	817.00
384.44	938.00
384.64	978.00
384.85	929.00
385.05	900.00
385.25	924.00
385.45	933.00
385.66	981.00
385.86	908.00
386.06	892.00
386.26	970.00
386.47	967.00
386.67	942.00
386.87	996.00
387.07	966.00
387.27	931.00
387.48	947.00
387.68	955.00
387.88	1016.00
388.08	987.00
388.29	965.00
388.49	1032.00
388.69	968.00
388.89	944.00
389.10	949.00
389.30	988.00
389.50	1066.00
389.70	1082.00
389.90	1022.00
390.11	1057.00
390.31	1080.00
390.51	1093.00
390.71	1065.00
390.92	1101.00
391.12	1106.00
391.32	1122.00
391.52	1113.00
391.72	1203.00
391.93	1181.00
392.13	1245.00
392.33	1259.00
392.53	1262.00
392.74	1220.00
392.94	1248.00
393.14	1311.00
393.34	1313.00
393.54	1451.00
393.75	1448.00
393.95	1450.00
394.15	1427.00
394.35	1438.00
394.56	1501.00
394.76	1614.00
394.96	1569.00
395.16	1582.00
395.36	1609.00
395.57	1533.00
395.77	1703.00
395.97	1650.00
396.17	1635.00
396.37	1703.00
396.58	1762.00
396.78	1878.00
396.98	1897.00
397.18	1815.00
397.38	1885.00
397.59	1911.00
397.79	1915.00
397.99	2073.00
398.19	2055.00
398.39	2017.00
398.60	2026.00
398.80	2182.00
399.00	2141.00
399.20	2221.00
399.40	2277.00
399.61	2217.00
399.81	2283.00
400.01	2292.00
400.21	2359.00
400.41	2409.00
400.62	2470.00
400.82	2458.00
401.02	2500.00
401.22	2567.00
401.42	2568.00
401.63	2539.00
401.83	2665.00
402.03	2718.00
402.23	2798.00
402.43	2864.00
402.64	2726.00
402.84	2738.00
403.04	2817.00
403.24	2835.00
403.44	2882.00
403.64	2941.00
403.85	3001.00
404.05	2992.00
404.25	3098.00
404.45	3113.00
404.65	3094.00
404.86	3104.00
405.06	3218.00
405.26	3027.00
405.46	2973.00
405.66	3025.00
405.86	3106.00
406.07	3219.00
406.27	3256.00
406.47	3178.00
406.67	3211.00
406.87	3217.00
407.07	3224.00
407.28	3240.00
407.48	3281.00
407.68	3255.00
407.88	3204.00
408.08	3232.00
408.28	3344.00
408.49	3302.00
408.69	3287.00
408.89	3230.00
409.09	3214.00
409.29	3282.00
409.49	3259.00
409.70	3341.00
409.90	3287.00
410.10	3283.00
410.30	3365.00
410.50	3348.00
410.70	3315.00
410.91	3376.00
411.11	3370.00
411.31	3487.00
411.51	3474.00
411.71	3433.00
411.91	3496.00
412.12	3497.00
412.32	3564.00
412.52	3521.00
412.72	3581.00
412.92	3606.00
413.12	3615.00
413.32	3578.00
413.53	3580.00
413.73	3599.00
413.93	3615.00
414.13	3587.00
414.33	3719.00
414.53	3768.00
414.74	3796.00
414.94	3829.00
415.14	3774.00
415.34	3807.00
415.54	3810.00
415.74	3830.00
415.94	3846.00
416.15	3905.00
416.35	3927.00
416.55	3995.00
416.75	3957.00
416.95	4061.00
417.15	4116.00
417.35	4134.00
417.56	4202.00
417.76	4203.00
417.96	4138.00
418.16	4174.00
418.36	4305.00
418.56	4345.00
418.76	4310.00
418.97	4367.00
419.17	4567.00
419.37	4650.00
419.57	4638.00
419.77	4735.00
419.97	4747.00
420.17	4684.00
420.37	4819.00
420.58	4963.00
420.78	4943.00
420.98	5035.00
421.18	5130.00
421.38	5104.00
421.58	5099.00
421.78	5347.00
421.98	5299.00
422.19	5339.00
422.39	5444.00
422.59	5444.00
422.79	5504.00
422.99	5637.00
423.19	5780.00
423.39	5946.00
423.59	5924.00
423.80	5944.00
424.00	6047.00
424.20	6130.00
424.40	6157.00
424.60	6158.00
424.80	6198.00
425.00	6368.00
425.20	6427.00
425.40	6586.00
425.61	6639.00
425.81	6717.00
426.01	6782.00
426.21	6911.00
426.41	6929.00
426.61	6920.00
426.81	6921.00
427.01	7061.00
427.21	7173.00
427.42	7143.00
427.62	7288.00
427.82	7410.00
428.02	7411.00
428.22	7396.00
428.42	7485.00
428.62	7654.00
428.82	7731.00
429.02	7767.00
429.23	7688.00
429.43	7765.00
429.63	7827.00
429.83	7780.00
430.03	7831.00
430.23	7812.00
430.43	7788.00
430.63	7862.00
430.83	7924.00
431.03	7890.00
431.24	7914.00
431.44	7968.00
431.64	8009.00
431.84	8110.00
432.04	8091.00
432.24	7993.00
432.44	8008.00
432.64	8100.00
432.84	8061.00
433.04	8081.00
433.24	8057.00
433.45	8080.00
433.65	7946.00
433.85	8020.00
434.05	8130.00
434.25	8120.00
434.45	8032.00
434.65	7925.00
434.85	7976.00
435.05	7967.00
435.25	7864.00
435.45	7890.00
435.65	7880.00
435.86	7780.00
436.06	7877.00
436.26	7960.00
436.46	7847.00
436.66	7922.00
436.86	7866.00
437.06	7815.00
437.26	7938.00
437.46	7917.00
437.66	7797.00
437.86	7775.00
438.06	7655.00
438.26	7735.00
438.47	7642.00
438.67	7518.00
438.87	7560.00
439.07	7581.00
439.27	7604.00
439.47	7733.00
439.67	7791.00
439.87	7802.00
440.07	7725.00
440.27	7612.00
440.47	7705.00
440.67	7780.00
440.87	7671.00
441.07	7617.00
441.27	7790.00
441.48	7800.00
441.68	7776.00
441.88	7831.00
442.08	7722.00
442.28	7731.00
442.48	7814.00
442.68	7804.00
442.88	7833.00
443.08	7761.00
443.28	7767.00
443.48	7915.00
443.68	8062.00
443.88	8089.00
444.08	8002.00
444.28	7966.00
444.48	7968.00
444.68	7929.00
444.88	8061.00
445.09	8127.00
445.29	8161.00
445.49	8240.00
445.69	8314.00
445.89	8275.00
446.09	8253.00
446.29	8297.00
446.49	8398.00
446.69	8483.00
446.89	8581.00
447.09	8734.00
447.29	8712.00
447.49	8655.00
447.69	8705.00
447.89	8894.00
448.09	8943.00
448.29	8894.00
448.49	9033.00
448.69	9212.00
448.89	9169.00
449.09	9251.00
449.29	9313.00
449.49	9339.00
449.70	9362.00
449.90	9433.00
450.10	9659.00
450.30	9692.00
450.50	9737.00
450.70	9737.00
450.90	9897.00
451.10	10030.00
451.30	10200.00
451.50	10168.00
451.70	10137.00
451.90	10410.00
452.10	10513.00
452.30	10678.00
452.50	10760.00
452.70	10843.00
452.90	10963.00
453.10	11105.00
453.30	11271.00
453.50	11276.00
453.70	11319.00
453.90	11500.00
454.10	11731.00
454.30	11770.00
454.50	11854.00
454.70	11878.00
454.90	11898.00
455.10	12086.00
455.30	12207.00
455.50	12271.00
455.70	12441.00
455.90	12607.00
456.10	12611.00
456.30	12730.00
456.50	12887.00
456.70	12909.00
456.90	12942.00
457.10	13112.00
457.30	13163.00
457.50	13369.00
457.70	13414.00
457.90	13385.00
458.10	13474.00
458.30	13581.00
458.50	13705.00
458.70	13775.00
458.90	13882.00
459.10	14085.00
459.30	14072.00
459.50	14080.00
459.70	14177.00
459.90	14155.00
460.10	14279.00
460.30	14432.00
460.50	14502.00
460.70	14603.00
460.90	14582.00
461.10	14564.00
461.30	14672.00
461.50	14609.00
461.70	14478.00
461.90	14663.00
462.10	14686.00
462.30	14650.00
462.50	14803.00
462.70	14857.00
462.90	14804.00
463.10	14813.00
463.30	14959.00
463.50	15050.00
463.70	14935.00
463.90	14938.00
464.10	14764.00
464.30	14887.00
464.50	14801.00
464.70	14697.00
464.90	14819.00
465.10	14776.00
465.30	14738.00
465.50	14722.00
465.70	14683.00
465.90	14853.00
466.10	14734.00
466.30	14723.00
466.50	14667.00
466.70	14600.00
466.90	14612.00
467.10	14543.00
467.30	14222.00
467.50	14120.00
467.70	14312.00
467.90	14402.00
468.10	14346.00
468.30	14327.00
468.50	14354.00
468.70	14222.00
468.90	14145.00
469.10	14181.00
469.30	14170.00
469.50	14165.00
469.70	14293.00
469.90	14365.00
470.10	14127.00
470.30	14013.00
470.50	14100.00
470.70	14052.00
470.90	14032.00
471.10	14046.00
471.29	14099.00
471.49	13992.00
471.69	14002.00
471.89	14036.00
472.09	13929.00
472.29	13880.00
472.49	13854.00
472.69	13949.00
472.89	14148.00
473.09	14120.00
473.29	14150.00
473.49	14113.00
473.69	14176.00
473.89	14094.00
474.09	13902.00
474.29	14037.00
474.49	14120.00
474.69	14154.00
474.89	14103.00
475.09	13971.00
475.29	14051.00
475.49	13946.00
475.69	13939.00
475.88	13860.00
476.08	13964.00
476.28	14025.00
476.48	14049.00
476.68	14130.00
476.88	14194.00
477.08	14140.00
477.28	14192.00
477.48	14114.00
477.68	14231.00
477.88	14349.00
478.08	14476.00
478.28	14404.00
478.48	14265.00
478.68	14365.00
478.88	14530.00
479.08	14424.00
479.28	14570.00
479.47	14817.00
479.67	14783.00
479.87	14861.00
480.07	15008.00
480.27	15085.00
480.47	14990.00
480.67	15028.00
480.87	15239.00
481.07	15258.00
481.27	15331.00
481.47	15361.00
481.67	15458.00
481.87	15648.00
482.07	15763.00
482.27	15923.00
482.46	16026.00
482.66	15949.00
482.86	16042.00
483.06	16183.00
483.26	16278.00
483.46	16461.00
483.66	16423.00
483.86	16511.00
484.06	16851.00
484.26	16803.00
484.46	16937.00
484.66	17142.00
484.86	17305.00
485.05	17316.00
485.25	17170.00
485.45	17152.00
485.65	17377.00
485.85	17492.00
486.05	17708.00
486.25	18111.00
486.45	18234.00
486.65	18193.00
486.85	18330.00
487.05	18552.00
487.25	18571.00
487.44	18763.00
487.64	18945.00
487.84	19149.00
488.04	19450.00
488.24	19471.00
488.44	19614.00
488.64	19704.00
488.84	19750.00
489.04	19825.00
489.24	20040.00
489.43	20347.00
489.63	20584.00
489.83	20671.00
490.03	20831.00
490.23	20894.00
490.43	20948.00
490.63	21216.00
490.83	21458.00
491.03	21517.00
491.23	21635.00
491.42	21770.00
491.62	22056.00
491.82	22139.00
492.02	21903.00
492.22	22030.00
492.42	22479.00
492.62	22748.00
492.82	22819.00
493.02	23030.00
493.22	23281.00
493.41	23447.00
493.61	23412.00
493.81	23301.00
494.01	23477.00
494.21	23677.00
494.41	23946.00
494.61	24190.00
494.81	24121.00
495.01	24261.00
495.20	24284.00
495.40	24267.00
495.60	24369.00
495.80	24612.00
496.00	24819.00
496.20	24822.00
496.40	24859.00
496.60	25030.00
496.79	24912.00
496.99	25129.00
497.19	25257.00
497.39	25263.00
497.59	25363.00
497.79	25634.00
497.99	25874.00
498.19	25812.00
498.38	25690.00
498.58	25783.00
498.78	25841.00
498.98	25641.00
499.18	25644.00
499.38	25881.00
499.58	25906.00
499.78	25934.00
499.97	25966.00
500.17	25912.00
500.37	25880.00
500.57	25829.00
500.77	25899.00
500.97	25935.00
501.17	26170.00
501.37	26362.00
501.56	26229.00
501.76	26119.00
501.96	26014.00
502.16	25841.00
502.36	25709.00
502.56	25727.00
502.76	25748.00
502.95	25805.00
503.15	25841.00
503.35	25747.00
503.55	25531.00
503.75	25508.00
503.95	25525.00
504.15	25690.00
504.34	25545.00
504.54	25454.00
504.74	25378.00
504.94	25441.00
505.14	25439.00
505.34	25083.00
505.54	25053.00
505.73	25229.00
505.93	25158.00
506.13	25051.00
506.33	25188.00
506.53	25028.00
506.73	25034.00
506.92	25133.00
507.12	25007.00
507.32	24924.00
507.52	24914.00
507.72	24997.00
507.92	24750.00
508.12	24821.00
508.31	24892.00
508.51	24809.00
508.71	24649.00
508.91	24549.00
509.11	24584.00
509.31	24414.00
509.50	24487.00
509.70	24585.00
509.90	24284.00
510.10	24362.00
510.30	24485.00
510.50	24282.00
510.69	24145.00
510.89	23994.00
511.09	23893.00
511.29	23977.00
511.49	24191.00
511.69	24110.00
511.88	24027.00
512.08	24024.00
512.28	23954.00
512.48	23875.00
512.68	23943.00
512.88	23943.00
513.07	23822.00
513.27	23807.00
513.47	23901.00
513.67	24001.00
513.87	23976.00
514.06	24145.00
514.26	24138.00
514.46	24005.00
514.66	23868.00
514.86	23818.00
515.06	24071.00
515.25	24131.00
515.45	24103.00
515.65	24288.00
515.85	24425.00
516.05	24331.00
516.24	24286.00
516.44	24149.00
516.64	24188.00
516.84	24376.00
517.04	24413.00
517.23	24441.00
517.43	24479.00
517.63	24618.00
517.83	24734.00
518.03	24669.00
518.23	24453.00
518.42	24516.00
518.62	24741.00
518.82	24903.00
519.02	25001.00
519.22	25064.00
519.41	25012.00
519.61	25259.00
519.81	25333.00
520.01	25071.00
520.21	25296.00
520.40	25460.00
520.60	25646.00
520.80	25810.00
521.00	25731.00
521.20	25706.00
521.39	25880.00
521.59	25949.00
521.79	26039.00
521.99	26117.00
522.19	26227.00
522.38	26262.00
522.58	26581.00
522.78	26742.00
522.98	26804.00
523.17	27194.00
523.37	27193.00
523.57	27211.00
523.77	27193.00
523.97	27318.00
524.16	27539.00
524.36	27617.00
524.56	27905.00
524.76	28205.00
524.96	28409.00
525.15	28530.00
525.35	28559.00
525.55	28544.00
525.75	28582.00
525.94	28904.00
526.14	28965.00
526.34	28973.00
526.54	29414.00
526.74	29497.00
526.93	29526.00
527.13	29721.00
527.33	29726.00
527.53	30107.00
527.72	30275.00
527.92	30359.00
528.12	30627.00
528.32	30731.00
528.52	30930.00
528.71	31136.00
528.91	31367.00
529.11	31560.00
529.31	31786.00
529.50	32031.00
529.70	32298.00
529.90	32461.00
530.10	32520.00
530.29	32633.00
530.49	32893.00
530.69	33061.00
530.89	33314.00
531.09	33616.00
531.28	33521.00
531.48	33575.00
531.68	34035.00
531.88	34395.00
532.07	34498.00
532.27	34773.00
532.47	34864.00
532.67	34908.00
532.86	34895.00
533.06	35175.00
533.26	35102.00
533.46	35406.00
533.65	35874.00
533.85	35940.00
534.05	36318.00
534.25	36457.00
534.44	36593.00
534.64	36703.00
534.84	36778.00
535.04	36791.00
535.23	36749.00
535.43	37077.00
535.63	37144.00
535.83	37119.00
536.02	37499.00
536.22	37656.00
536.42	37729.00
536.62	37980.00
536.81	37947.00
537.01	38030.00
537.21	38176.00
537.41	38299.00
537.60	38558.00
537.80	38709.00
538.00	38899.00
538.20	39178.00
538.39	39256.00
538.59	39061.00
538.79	39125.00
538.99	39343.00
539.18	39537.00
539.38	39568.00
539.58	39612.00
539.77	39837.00
539.97	39919.00
540.17	39842.00
540.37	39790.00
540.56	39984.00
540.76	40048.00
540.96	39821.00
541.16	39985.00
541.35	39963.00
541.55	40228.00
541.75	40226.00
541.94	40308.00
542.14	40555.00
542.34	40462.00
542.54	40500.00
542.73	40283.00
542.93	40202.00
543.13	40301.00
543.33	40153.00
543.52	40048.00
543.72	40315.00
543.92	40565.00
544.11	40608.00
544.31	40525.00
544.51	40582.00
544.71	40515.00
544.90	40097.00
545.10	39762.00
545.30	39911.00
545.49	39871.00
545.69	39901.00
545.89	39921.00
546.09	39893.00
546.28	40109.00
546.48	39895.00
546.68	39508.00
546.87	39288.00
547.07	39308.00
547.27	39388.00
547.47	39257.00
547.66	39028.00
547.86	39238.00
548.06	39522.00
548.25	39444.00
548.45	39272.00
548.65	39204.00
548.84	39081.00
549.04	38875.00
549.24	38856.00
549.44	38692.00
549.63	38780.00
549.83	38732.00
550.03	38897.00
550.22	38934.00
550.42	38762.00
550.62	38612.00
550.81	38326.00
551.01	38301.00
551.21	38275.00
551.41	38047.00
551.60	37920.00
551.80	38171.00
552.00	38312.00
552.19	38190.00
552.39	38059.00
552.59	37820.00
552.78	38034.00
552.98	37734.00
553.18	37213.00
553.37	37207.00
553.57	37408.00
553.77	37305.00
553.96	36983.00
554.16	37176.00
554.36	37397.00
554.56	37250.00
554.75	37102.00
554.95	37101.00
555.15	37016.00
555.34	36703.00
555.54	36639.00
555.74	36533.00
555.93	36423.00
556.13	36528.00
556.33	36353.00
556.52	36422.00
556.72	36454.00
556.92	36348.00
557.11	36036.00
557.31	35583.00
557.51	35243.00
557.70	34821.00
557.90	34354.00
558.10	33596.00
558.29	33160.00
558.49	32936.00
558.69	32638.00
558.88	32961.00
559.08	33454.00
559.28	33392.00
559.47	33438.00
559.67	33603.00
559.87	33610.00
560.06	33721.00
560.26	33682.00
560.46	33547.00
560.65	33586.00
560.85	33797.00
561.05	33974.00
561.24	34185.00
561.44	34222.00
561.64	34255.00
561.83	34483.00
562.03	34643.00
562.23	34521.00
562.42	34791.00
562.62	34973.00
562.82	35038.00
563.01	35166.00
563.21	35173.00
563.40	35246.00
563.60	35350.00
563.80	35443.00
563.99	35521.00
564.19	35674.00
564.39	35851.00
564.58	35927.00
564.78	35969.00
564.98	35993.00
565.17	35841.00
565.37	35791.00
565.57	35821.00
565.76	35869.00
565.96	35959.00
566.16	36062.00
566.35	36211.00
566.55	36528.00
566.74	36808.00
566.94	37072.00
567.14	37647.00
567.33	38523.00
567.53	38808.00
567.73	38932.00
567.92	38656.00
568.12	38334.00
568.32	38219.00
568.51	38032.00
568.71	38016.00
568.90	38152.00
569.10	38343.00
569.30	38484.00
569.49	38646.00
569.69	38708.00
569.89	38222.00
570.08	37884.00
570.28	37854.00
570.47	37983.00
570.67	37914.00
570.87	37645.00
571.06	37630.00
571.26	37961.00
571.46	38005.00
571.65	38111.00
571.85	38148.00
572.04	38279.00
572.24	38391.00
572.44	38526.00
572.63	38455.00
572.83	38392.00
573.03	38446.00
573.22	38733.00
573.42	39233.00
573.61	39380.00
573.81	39530.00
574.01	39957.00
574.20	40386.00
574.40	40358.00
574.59	40250.00
574.79	40087.00
574.99	40166.00
575.18	40533.00
575.38	40681.00
575.58	40803.00
575.77	41152.00
575.97	41589.00
576.16	41815.00
576.36	41840.00
576.56	42180.00
576.75	42238.00
576.95	42168.00
577.14	42257.00
577.34	42504.00
577.54	42716.00
577.73	42859.00
577.93	42922.00
578.12	42953.00
578.32	43308.00
578.52	43706.00
578.71	44024.00
578.91	43995.00
579.10	43953.00
579.30	44044.00
579.50	44071.00
579.69	44244.00
579.89	44269.00
580.08	44581.00
580.28	44884.00
580.48	45066.00
580.67	45292.00
580.87	45481.00
581.06	45575.00
581.26	45888.00
581.45	46105.00
581.65	46022.00
581.85	46140.00
582.04	46270.00
582.24	46138.00
582.43	46263.00
582.63	46439.00
582.83	46648.00
583.02	47147.00
583.22	47615.00
583.41	47777.00
583.61	47944.00
583.80	48082.00
584.00	48223.00
584.20	48209.00
584.39	47986.00
584.59	47896.00
584.78	48293.00
584.98	48439.00
585.17	48585.00
585.37	48799.00
585.57	49228.00
585.76	49626.00
585.96	49875.00
586.15	50132.00
586.35	50311.00
586.54	50452.00
586.74	50333.00
586.94	50333.00
587.13	50486.00
587.33	50824.00
587.52	51318.00
587.72	51765.00
587.91	51961.00
588.11	51987.00
588.31	52454.00
588.50	52667.00
588.70	52692.00
588.89	52717.00
589.09	52774.00
589.28	52969.00
589.48	52939.00
589.68	53242.00
589.87	53443.00
590.07	53593.00
590.26	53920.00
590.46	53948.00
590.65	54003.00
590.85	54079.00
591.04	54373.00
591.24	54522.00
591.44	54110.00
591.63	54317.00
591.83	54521.00
592.02	54425.00
592.22	54433.00
592.41	54695.00
592.61	54847.00
592.80	55116.00
593.00	55721.00
593.19	55939.00
593.39	55987.00
593.59	55875.00
593.78	55462.00
593.98	55356.00
594.17	55594.00
594.37	55742.00
594.56	55818.00
594.76	55591.00
594.95	55980.00
595.15	56487.00
595.34	56793.00
595.54	56829.00
595.73	56467.00
595.93	56476.00
596.13	56735.00
596.32	56793.00
596.52	56520.00
596.71	56510.00
596.91	56332.00
597.10	56163.00
597.30	56438.00
597.49	56506.00
597.69	56517.00
597.88	56896.00
598.08	57117.00
598.27	57021.00
598.47	56817.00
598.66	56760.00
598.86	56754.00
599.06	56573.00
599.25	56302.00
599.45	56093.00
599.64	56056.00
599.84	55879.00
600.03	55918.00
600.23	55893.00
600.42	55702.00
600.62	55524.00
600.81	55392.00
601.01	55577.00
601.20	55487.00
601.40	55259.00
601.59	55152.00
601.79	54718.00
601.98	54374.00
602.18	54082.00
602.37	53721.00
602.57	53748.00
602.76	53787.00
602.96	53813.00
603.15	53869.00
603.35	53742.00
603.54	53510.00
603.74	53373.00
603.93	52955.00
604.13	52467.00
604.32	52181.00
604.52	51975.00
604.71	51849.00
604.91	51530.00
605.10	51153.00
605.30	51203.00
605.49	51057.00
605.69	50647.00
605.88	50729.00
606.08	50969.00
606.27	50805.00
606.47	50350.00
606.66	50135.00
606.86	49914.00
607.05	49543.00
607.25	49486.00
607.44	49237.00
607.64	48983.00
607.83	48893.00
608.03	48780.00
608.22	48623.00
608.42	48507.00
608.61	48000.00
608.81	47898.00
609.00	48040.00
609.20	47931.00
609.39	47444.00
609.59	47140.00
609.78	46987.00
609.98	46644.00
610.17	46426.00
610.37	46346.00
610.56	46118.00
610.76	45809.00
610.95	46016.00
611.15	46087.00
611.34	45891.00
611.54	45719.00
611.73	45755.00
611.93	45500.00
612.12	45021.00
612.32	44869.00
612.51	44722.00
612.71	44624.00
612.90	44252.00
613.09	43955.00
613.29	44013.00
613.48	43963.00
613.68	44030.00
613.87	43968.00
614.07	43902.00
614.26	43972.00
614.46	43878.00
614.65	43515.00
614.85	43310.00
615.04	43167.00
615.24	43178.00
615.43	43257.00
615.63	42924.00
615.82	42753.00
616.02	42782.00
616.21	42735.00
616.40	42534.00
616.60	42386.00
616.79	42650.00
616.99	42923.00
617.18	42773.00
617.38	42875.00
617.57	42651.00
617.77	42375.00
617.96	42237.00
618.16	42113.00
618.35	42075.00
618.54	42086.00
618.74	42022.00
618.93	41823.00
619.13	41910.00
619.32	41911.00
619.52	41993.00
619.71	42181.00
619.91	42341.00
620.10	42511.00
620.30	42517.00
620.49	42321.00
620.68	42151.00
620.88	41972.00
621.07	42099.00
621.27	42173.00
621.46	42063.00
621.66	42195.00
621.85	42142.00
622.05	42014.00
622.24	42196.00
622.43	42440.00
622.63	42646.00
622.82	42739.00
623.02	42789.00
623.21	42932.00
623.41	42864.00
623.60	43031.00
623.80	43124.00
623.99	43153.00
624.18	42998.00
624.38	42944.00
624.57	43116.00
624.77	43286.00
624.96	43448.00
625.16	43447.00
625.35	43494.00
625.54	43622.00
625.74	44021.00
625.93	44304.00
626.13	44429.00
626.32	44549.00
626.52	44653.00
626.71	44546.00
626.90	44428.00
627.10	44289.00
627.29	44471.00
627.49	44634.00
627.68	44725.00
627.88	44810.00
628.07	45004.00
628.26	45371.00
628.46	45637.00
628.65	46096.00
628.85	46601.00
629.04	46704.00
629.23	46556.00
629.43	46403.00
629.62	46432.00
629.82	46662.00
630.01	46642.00
630.21	46710.00
630.40	46711.00
630.59	47054.00
630.79	47313.00
630.98	47471.00
631.18	47607.00
631.37	47748.00
631.56	48033.00
631.76	48510.00
631.95	48732.00
632.15	49069.00
632.34	49158.00
632.53	49404.00
632.73	49403.00
632.92	49240.00
633.12	49276.00
633.31	49439.00
633.50	49360.00
633.70	49498.00
633.89	49976.00
634.09	50226.00
634.28	50549.00
634.47	50814.00
634.67	50881.00
634.86	51328.00
635.06	51615.00
635.25	51772.00
635.44	51955.00
635.64	52289.00
635.83	52156.00
636.03	52237.00
636.22	52348.00
636.41	52424.00
636.61	52924.00
636.80	53284.00
637.00	53108.00
637.19	53082.00
637.38	53236.00
637.58	53510.00
637.77	53848.00
637.96	54286.00
638.16	54819.00
638.35	55118.00
638.55	55307.00
638.74	55654.00
638.93	55797.00
639.13	55875.00
639.32	55843.00
639.51	55849.00
639.71	55813.00
639.90	55758.00
640.10	56220.00
640.29	56420.00
640.48	56413.00
640.68	56628.00
640.87	57037.00
641.07	57040.00
641.26	57296.00
641.45	57846.00
641.65	58068.00
641.84	57982.00
642.03	58106.00
642.23	58310.00
642.42	58587.00
642.61	58938.00
642.81	58999.00
643.00	59343.00
643.20	59263.00
643.39	58938.00
643.58	58895.00
643.78	58862.00
643.97	59144.00
644.16	59573.00
644.36	59843.00
644.55	60283.00
644.74	60631.00
644.94	60748.00
645.13	60911.00
645.33	61083.00
645.52	61160.00
645.71	60997.00
645.91	60992.00
646.10	60866.00
646.29	60880.00
646.49	60898.00
646.68	60985.00
646.87	60892.00
647.07	60919.00
647.26	61040.00
647.45	61321.00
647.65	61639.00
647.84	61818.00
648.03	62063.00
648.23	62266.00
648.42	62388.00
648.62	62519.00
648.81	62585.00
649.00	62668.00
649.20	62719.00
649.39	62560.00
649.58	62650.00
649.78	62620.00
649.97	62606.00
650.16	62531.00
650.36	62546.00
650.55	62413.00
650.74	62582.00
650.94	62745.00
651.13	62944.00
651.32	63149.00
651.52	63125.00
651.71	63195.00
651.90	63436.00
652.10	63586.00
652.29	63536.00
652.48	63453.00
652.68	63282.00
652.87	63220.00
653.06	63091.00
653.26	62860.00
653.45	62842.00
653.64	62733.00
653.84	62686.00
654.03	62487.00
654.22	62478.00
654.42	62463.00
654.61	62426.00
654.80	62711.00
654.99	63017.00
655.19	63125.00
655.38	63227.00
655.57	63275.00
655.77	63362.00
655.96	63413.00
656.15	63477.00
656.35	63261.00
656.54	63045.00
656.73	62745.00
656.93	62356.00
657.12	62288.00
657.31	62262.00
657.51	62210.00
657.70	62062.00
657.89	62110.00
658.09	62230.00
658.28	62183.00
658.47	62287.00
658.66	62377.00
658.86	62339.00
659.05	62433.00
659.24	62392.00
659.44	62425.00
659.63	62286.00
659.82	62236.00
660.02	62157.00
660.21	61850.00
660.40	61514.00
660.60	61281.00
660.79	61008.00
660.98	60604.00
661.17	60483.00
661.37	60387.00
661.56	60463.00
661.75	60526.00
661.95	60554.00
662.14	60592.00
662.33	60668.00
662.52	60795.00
662.72	60673.00
662.91	60599.00
663.10	60516.00
663.30	60376.00
663.49	60271.00
663.68	60044.00
663.88	60037.00
664.07	59984.00
664.26	59872.00
664.45	59356.00
664.65	58770.00
664.84	58298.00
665.03	57950.00
665.23	57810.00
665.42	57786.00
665.61	57647.00
665.80	57679.00
666.00	57791.00
666.19	57937.00
666.38	57887.00
666.57	57718.00
666.77	57721.00
666.96	57621.00
667.15	57543.00
667.35	57431.00
667.54	57227.00
667.73	57070.00
667.92	56844.00
668.12	56539.00
668.31	56315.00
668.50	55952.00
668.70	55771.00
668.89	55718.00
669.08	55218.00
669.27	55198.00
669.47	55288.00
669.66	55256.00
669.85	55349.00
670.04	55233.00
670.24	55177.00
670.43	55314.00
670.62	55236.00
670.81	54987.00
671.01	54858.00
671.20	54834.00
671.39	54895.00
671.58	55022.00
671.78	54760.00
671.97	54447.00
672.16	54149.00
672.36	53804.00
672.55	53479.00
672.74	53180.00
672.93	53068.00
673.13	52955.00
673.32	52890.00
673.51	52831.00
673.70	52602.00
673.90	52794.00
674.09	53041.00
674.28	52983.00
674.47	52983.00
674.67	52939.00
674.86	53005.00
675.05	53120.00
675.24	53116.00
675.44	52958.00
675.63	52568.00
675.82	52548.00
676.01	52310.00
676.21	52000.00
676.40	51811.00
676.59	51572.00
676.78	51286.00
676.97	51201.00
677.17	51080.00
677.36	50868.00
677.55	50714.00
677.74	50667.00
677.94	50537.00
678.13	50552.00
678.32	50922.00
678.51	51149.00
678.71	50929.00
678.90	50832.00
679.09	50700.00
679.28	50561.00
679.48	50621.00
679.67	50595.00
679.86	50476.00
680.05	50356.00
680.24	50204.00
680.44	49960.00
680.63	49525.00
680.82	49238.00
681.01	49298.00
681.21	49154.00
681.40	48864.00
681.59	48682.00
681.78	48507.00
681.97	48499.00
682.17	48609.00
682.36	48546.00
682.55	48553.00
682.74	48542.00
682.94	48437.00
683.13	48494.00
683.32	48443.00
683.51	48506.00
683.70	48463.00
683.90	48441.00
684.09	48455.00
684.28	48441.00
684.47	48297.00
684.66	47900.00
684.86	47961.00
685.05	47834.00
685.24	47394.00
685.43	47187.00
685.63	47030.00
685.82	47132.00
686.01	47253.00
686.20	47253.00
686.39	47025.00
686.59	46989.00
686.78	47098.00
686.97	47169.00
687.16	47155.00
687.35	47081.00
687.55	47099.00
687.74	47265.00
687.93	47307.00
688.12	47204.00
688.31	47207.00
688.51	47132.00
688.70	47216.00
688.89	47133.00
689.08	46980.00
689.27	46929.00
689.47	46918.00
689.66	46882.00
689.85	46756.00
690.04	46678.00
690.23	46496.00
690.42	46229.00
690.62	46285.00
690.81	46132.00
691.00	45971.00
691.19	46216.00
691.38	46418.00
691.58	46319.00
691.77	46306.00
691.96	46316.00
692.15	46656.00
692.34	46517.00
692.54	46518.00
692.73	46733.00
692.92	46820.00
693.11	47090.00
693.30	46752.00
693.49	46469.00
693.69	46499.00
693.88	46446.00
694.07	46269.00
694.26	46012.00
694.45	45754.00
694.64	45509.00
694.84	45537.00
695.03	45560.00
695.22	45668.00
695.41	45941.00
695.60	45762.00
695.80	45556.00
695.99	45458.00
696.18	45494.00
696.37	45509.00
696.56	45711.00
696.75	45934.00
696.95	46019.00
697.14	46079.00
697.33	46112.00
697.52	45979.00
697.71	46255.00
697.90	46501.00
698.09	46622.00
698.29	46748.00
698.48	46973.00
698.67	46980.00
698.86	46876.00
699.05	46755.00
699.24	46770.00
699.44	46939.00
699.63	46574.00
699.82	46298.00
700.01	46336.00
700.20	46743.00
700.39	46792.00
700.58	46569.00
700.78	46605.00
700.97	46760.00
701.16	46950.00
701.35	47106.00
701.54	46806.00
701.73	47060.00
701.93	47556.00
702.12	47341.00
702.31	47651.00
702.50	47883.00
702.69	48042.00
702.88	48478.00
703.07	48656.00
703.27	48830.00
703.46	48866.00
703.65	48855.00
703.84	49051.00
704.03	49164.00
704.22	49105.00
704.41	49171.00
704.60	49030.00
704.80	48887.00
704.99	48828.00
705.18	48744.00
705.37	48643.00
705.56	48969.00
705.75	49298.00
705.94	49094.00
706.14	49050.00
706.33	49125.00
706.52	49135.00
706.71	49363.00
706.90	49761.00
707.09	49781.00
707.28	49891.00
707.47	50232.00
707.67	50448.00
707.86	50599.00
708.05	50857.00
708.24	50978.00
708.43	51300.00
708.62	51456.00
708.81	51470.00
709.00	51616.00
709.20	51653.00
709.39	51782.00
709.58	51530.00
709.77	51363.00
709.96	51446.00
710.15	51577.00
710.34	51657.00
710.53	51669.00
710.72	51641.00
710.92	51703.00
711.11	51768.00
711.30	51726.00
711.49	51968.00
711.68	52007.00
711.87	52135.00
712.06	52392.00
712.25	52619.00
712.44	52786.00
712.64	53045.00
712.83	53177.00
713.02	53300.00
713.21	53272.00
713.40	53345.00
713.59	53604.00
713.78	53714.00
713.97	53668.00
714.16	53732.00
714.35	53905.00
714.55	53990.00
714.74	54071.00
714.93	54022.00
715.12	54026.00
715.31	54081.00
715.50	54239.00
715.69	54107.00
715.88	53815.00
716.07	53545.00
716.26	53900.00
716.45	53962.00
716.65	53691.00
716.84	53849.00
717.03	54040.00
717.22	53806.00
717.41	53933.00
717.60	54334.00
717.79	54440.00
717.98	54318.00
718.17	54507.00
718.36	54736.00
718.55	54911.00
718.75	55210.00
718.94	55317.00
719.13	55669.00
719.32	55528.00
719.51	55302.00
719.70	55595.00
719.89	55781.00
720.08	55762.00
720.27	55832.00
720.46	56047.00
720.65	55875.00
720.84	55676.00
721.03	55637.00
721.22	55630.00
721.42	55429.00
721.61	55404.00
721.80	55402.00
721.99	55118.00
722.18	55215.00
722.37	55115.00
722.56	54892.00
722.75	54965.00
722.94	54855.00
723.13	54799.00
723.32	55156.00
723.51	55014.00
723.70	54831.00
723.89	55018.00
724.08	55257.00
724.28	55380.00
724.47	55345.00
724.66	55290.00
724.85	55265.00
725.04	55356.00
725.23	55386.00
725.42	55489.00
725.61	55531.00
725.80	55653.00
725.99	55984.00
726.18	55909.00
726.37	55711.00
726.56	55793.00
726.75	55622.00
726.94	55388.00
727.13	55160.00
727.32	55343.00
727.51	55287.00
727.71	55019.00
727.90	54814.00
728.09	54770.00
728.28	54801.00
728.47	54799.00
728.66	54627.00
728.85	54427.00
729.04	54453.00
729.23	54429.00
729.42	54556.00
729.61	54408.00
729.80	54127.00
729.99	54199.00
730.18	54193.00
730.37	54142.00
730.56	54222.00
730.75	54329.00
730.94	54541.00
731.13	54573.00
731.32	54557.00
731.51	54531.00
731.70	54585.00
731.89	54467.00
732.08	54475.00
732.27	54311.00
732.46	54408.00
732.65	54627.00
732.84	54543.00
733.04	54492.00
733.23	54398.00
733.42	54134.00
733.61	54011.00
733.80	53793.00
733.99	53552.00
734.18	53475.00
734.37	53305.00
734.56	52873.00
734.75	52893.00
734.94	52840.00
735.13	52727.00
735.32	52519.00
735.51	52416.00
735.70	52402.00
735.89	52280.00
736.08	51972.00
736.27	51928.00
736.46	51854.00
736.65	51957.00
736.84	51746.00
737.03	51590.00
737.22	51616.00
737.41	51737.00
737.60	51609.00
737.79	51721.00
737.98	51519.00
738.17	51294.00
738.36	51300.00
738.55	51304.00
738.74	51239.00
738.93	51206.00
739.12	51505.00
739.31	51464.00
739.50	51164.00
739.69	51160.00
739.88	50785.00
740.07	50339.00
740.26	50212.00
740.45	50098.00
740.64	49930.00
740.83	49743.00
741.02	49586.00
741.21	49356.00
741.40	49177.00
741.59	48949.00
741.78	48613.00
741.97	48281.00
742.16	48160.00
742.35	47989.00
742.54	47821.00
742.73	47851.00
742.92	47755.00
743.11	47542.00
743.30	47433.00
743.49	47265.00
743.68	47106.00
743.87	47061.00
744.06	47063.00
744.25	47085.00
744.44	46992.00
744.63	46795.00
744.82	46669.00
745.01	46753.00
745.20	46648.00
745.39	46686.00
745.58	46792.00
745.77	46581.00
745.96	46315.00
746.15	46304.00
746.34	46191.00
746.52	45984.00
746.71	45692.00
746.90	45501.00
747.09	45444.00
747.28	45471.00
747.47	45330.00
747.66	45134.00
747.85	44812.00
748.04	44564.00
748.23	44358.00
748.42	44041.00
748.61	43967.00
748.80	43814.00
748.99	43442.00
749.18	43347.00
749.37	43101.00
749.56	42897.00
749.75	42835.00
749.94	42763.00
750.13	42631.00
750.32	42356.00
750.51	42206.00
750.70	42043.00
750.89	41884.00
751.08	41842.00
751.27	41640.00
751.46	41439.00
751.64	41215.00
751.83	41394.00
752.02	41497.00
752.21	41362.00
752.40	41388.00
752.59	41311.00
752.78	41219.00
752.97	41156.00
753.16	41201.00
753.35	41252.00
753.54	41205.00
753.73	41077.00
753.92	40932.00
754.11	40732.00
754.30	40816.00
754.49	40685.00
754.68	40561.00
754.87	40546.00
755.06	40512.00
755.24	40400.00
755.43	40217.00
755.62	39883.00
755.81	39713.00
756.00	39494.00
756.19	39220.00
756.38	38985.00
756.57	38958.00
756.76	38886.00
756.95	38761.00
757.14	38696.00
757.33	38470.00
757.52	38347.00
757.71	38463.00
757.90	38222.00
758.08	37996.00
758.27	37863.00
758.46	37791.00
758.65	37741.00
758.84	37467.00
759.03	37270.00
759.22	37299.00
759.41	37433.00
759.60	37265.00
759.79	36973.00
759.98	36977.00
760.17	36915.00
760.36	36893.00
760.54	36904.00
760.73	36724.00
760.92	36550.00
761.11	36132.00
761.30	35510.00
761.49	35056.00
761.68	34830.00
761.87	34369.00
762.06	33880.00
762.25	33415.00
762.44	33176.00
762.63	32855.00
762.81	32561.00
763.00	32136.00
763.19	31681.00
763.38	31320.00
763.57	31040.00
763.76	30931.00
763.95	30862.00
764.14	30842.00
764.33	30604.00
764.52	30716.00
764.71	30857.00
764.89	30757.00
765.08	30765.00
765.27	30916.00
765.46	31154.00
765.65	31286.00
765.84	31262.00
766.03	31423.00
766.22	31636.00
766.41	31685.00
766.59	31897.00
766.78	32277.00
766.97	32848.00
767.16	33208.00
767.35	33244.00
767.54	33515.00
767.73	33696.00
767.92	33742.00
768.11	33966.00
768.30	34066.00
768.48	33961.00
768.67	34202.00
768.86	34589.00
769.05	34731.00
769.24	34625.00
769.43	34453.00
769.62	34365.00
769.81	34261.00
769.99	34182.00
770.18	34139.00
770.37	34274.00
770.56	34215.00
770.75	33930.00
770.94	33979.00
771.13	33951.00
771.32	33925.00
771.50	34023.00
771.69	34149.00
771.88	33932.00
772.07	33754.00
772.26	33767.00
772.45	33714.00
772.64	33647.00
772.83	33716.00
773.01	33747.00
773.20	33682.00
773.39	33583.00
773.58	33682.00
773.77	33210.00
773.96	33138.00
774.15	33111.00
774.34	33064.00
774.52	32951.00
774.71	32861.00
774.90	32941.00
775.09	32993.00
775.28	32958.00
775.47	32959.00
775.66	32864.00
775.84	32770.00
776.03	32595.00
776.22	32359.00
776.41	32358.00
776.60	32302.00
776.79	32295.00
776.98	32221.00
777.16	32091.00
777.35	32241.00
777.54	32105.00
777.73	32067.00
777.92	31864.00
778.11	31963.00
778.29	32019.00
778.48	32042.00
778.67	31923.00
778.86	31898.00
779.05	31915.00
779.24	31956.00
779.43	31901.00
779.61	31912.00
779.80	31953.00
779.99	31980.00
780.18	32014.00
780.37	32063.00
780.56	32124.00
780.74	32005.00
780.93	31968.00
781.12	31995.00
781.31	32085.00
781.50	32228.00
781.69	32188.00
781.87	32288.00
782.06	32229.00
782.25	32202.00
782.44	32594.00
782.63	32634.00
782.82	32478.00
783.00	32309.00
783.19	32375.00
783.38	32685.00
783.57	32635.00
783.76	32385.00
783.95	32383.00
784.13	32447.00
784.32	32546.00
784.51	32484.00
784.70	32552.00
784.89	32385.00
785.08	32227.00
785.26	32279.00
785.45	32152.00
785.64	32004.00
785.83	31971.00
786.02	32129.00
786.20	32291.00
786.39	32206.00
786.58	32074.00
786.77	32213.00
786.96	32340.00
787.15	32481.00
787.33	32487.00
787.52	32565.00
787.71	32518.00
787.90	32378.00
788.09	32430.00
788.27	32458.00
788.46	32623.00
788.65	32657.00
788.84	32569.00
789.03	32635.00
789.21	32613.00
789.40	32705.00
789.59	32825.00
789.78	32817.00
789.97	32884.00
790.15	32829.00
790.34	32693.00
790.53	32705.00
790.72	32849.00
790.91	32918.00
791.09	33094.00
791.28	33225.00
791.47	33012.00
791.66	33091.00
791.85	33407.00
792.03	33565.00
792.22	33507.00
792.41	33424.00
792.60	33445.00
792.79	33479.00
792.97	33497.00
793.16	33786.00
793.35	33804.00
793.54	33788.00
793.72	33794.00
793.91	33628.00
794.10	33681.00
794.29	33682.00
794.48	33680.00
794.66	34005.00
794.85	34102.00
795.04	34087.00
795.23	34097.00
795.42	33728.00
795.60	33698.00
795.79	34067.00
795.98	33952.00
796.17	33767.00
796.35	33766.00
796.54	33729.00
796.73	33610.00
796.92	33556.00
797.11	33667.00
797.29	33697.00
797.48	33459.00
797.67	33485.00
797.86	33612.00
798.04	33452.00
798.23	33285.00
798.42	33408.00
798.61	33428.00
798.79	33454.00
798.98	33444.00
799.17	33399.00
799.36	33502.00
799.54	33414.00
799.73	33251.00
799.92	33138.00
800.11	33136.00
800.30	33191.00
800.48	33315.00
800.67	33243.00
800.86	32959.00
801.05	33102.00
801.23	33166.00
801.42	33129.00
801.61	33291.00
801.80	33192.00
801.98	33251.00
802.17	33275.00
802.36	33246.00
802.55	33304.00
802.73	33356.00
802.92	33425.00
803.11	33492.00
803.30	33423.00
803.48	33392.00
803.67	33338.00
803.86	33350.00
804.05	33408.00
804.23	33518.00
804.42	33582.00
804.61	33749.00
804.80	33801.00
804.98	33648.00
805.17	33575.00
805.36	33449.00
805.54	33636.00
805.73	33699.00
805.92	33654.00
806.11	33606.00
806.29	33824.00
806.48	33974.00
806.67	33775.00
806.86	33515.00
807.04	33553.00
807.23	33664.00
807.42	33671.00
807.61	33581.00
807.79	33294.00
807.98	33467.00
808.17	33620.00
808.35	33536.00
808.54	33584.00
808.73	33527.00
808.92	33563.00
809.10	33402.00
809.29	33288.00
809.48	33454.00
809.67	33260.00
809.85	33194.00
810.04	33101.00
810.23	33206.00
810.41	32975.00
810.60	32800.00
810.79	32909.00
810.98	33099.00
811.16	32791.00
811.35	32625.00
811.54	32848.00
811.72	32790.00
811.91	32714.00
812.10	32518.00
812.29	32539.00
812.47	32738.00
812.66	32583.00
812.85	32473.00
813.03	32449.00
813.22	32366.00
813.41	32421.00
813.60	32383.00
813.78	32502.00
813.97	32470.00
814.16	32481.00
814.34	32490.00
814.53	32383.00
814.72	32475.00
814.90	32469.00
815.09	32378.00
815.28	32317.00
815.47	31994.00
815.65	32099.00
815.84	32367.00
816.03	32461.00
816.21	32450.00
816.40	32435.00
816.59	32240.00
816.77	32295.00
816.96	32340.00
817.15	32297.00
817.33	32175.00
817.52	32192.00
817.71	32218.00
817.90	32148.00
818.08	32303.00
818.27	32226.00
818.46	32164.00
818.64	32109.00
818.83	32286.00
819.02	32407.00
819.20	32191.00
819.39	32174.00
819.58	32217.00
819.76	32171.00
819.95	32406.00
820.14	32425.00
820.32	32427.00
820.51	32300.00
820.70	32173.00
820.88	32195.00
821.07	32265.00
821.26	32097.00
821.44	32020.00
821.63	32008.00
821.82	31911.00
822.01	31761.00
822.19	31659.00
822.38	31796.00
822.57	32060.00
822.75	31944.00
822.94	31748.00
823.13	31667.00
823.31	31520.00
823.50	31356.00
823.69	31400.00
823.87	31600.00
824.06	31388.00
824.25	31218.00
824.43	31160.00
824.62	30970.00
824.80	30918.00
824.99	30960.00
825.18	31045.00
825.36	30866.00
825.55	30987.00
825.74	30919.00
825.92	30750.00
826.11	30605.00
826.30	30573.00
826.48	30575.00
826.67	30599.00
826.86	30537.00
827.04	30444.00
827.23	30385.00
827.42	30264.00
827.60	30376.00
827.79	30285.00
827.98	30196.00
828.16	30176.00
828.35	30102.00
828.54	30024.00
828.72	29894.00
828.91	29752.00
829.09	29728.00
829.28	29727.00
829.47	29636.00
829.65	29703.00
829.84	29720.00
830.03	29652.00
830.21	29630.00
830.40	29532.00
830.59	29553.00
830.77	29524.00
830.96	29380.00
831.14	29423.00
831.33	29368.00
831.52	29429.00
831.70	29172.00
831.89	29084.00
832.08	29256.00
832.26	29344.00
832.45	29127.00
832.64	29036.00
832.82	28846.00
833.01	28974.00
833.19	29036.00
833.38	28817.00
833.57	28812.00
833.75	28803.00
833.94	28749.00
834.13	28708.00
834.31	28721.00
834.50	28740.00
834.68	28735.00
834.87	28754.00
835.06	28652.00
835.24	28670.00
835.43	28460.00
835.61	28273.00
835.80	28303.00
835.99	28152.00
836.17	28079.00
836.36	28208.00
836.55	28035.00
836.73	27936.00
836.92	28010.00
837.10	27897.00
837.29	27792.00
837.48	27783.00
837.66	27978.00
837.85	28023.00
838.03	27886.00
838.22	27772.00
838.41	27718.00
838.59	27513.00
838.78	27589.00
838.96	27621.00
839.15	27464.00
839.34	27305.00
839.52	27402.00
839.71	27363.00
839.89	27193.00
840.08	27096.00
840.27	27160.00
840.45	27107.00
840.64	26833.00
840.82	26939.00
841.01	26890.00
841.20	26694.00
841.38	26500.00
841.57	26629.00
841.75	26583.00
841.94	26517.00
842.13	26491.00
842.31	26478.00
842.50	26461.00
842.68	26349.00
842.87	26215.00
843.05	26095.00
843.24	25919.00
843.43	25810.00
843.61	25713.00
843.80	25569.00
843.98	25622.00
844.17	25418.00
844.36	25409.00
844.54	25370.00
844.73	25243.00
844.91	25005.00
845.10	24929.00
845.28	24899.00
845.47	24821.00
845.66	24911.00
845.84	24697.00
846.03	24503.00
846.21	24480.00
846.40	24599.00
846.58	24426.00
846.77	24220.00
846.96	24283.00
847.14	24048.00
847.33	23858.00
847.51	23923.00
847.70	24052.00
847.88	24190.00
848.07	24112.00
848.25	23955.00
848.44	23880.00
848.63	23824.00
848.81	23629.00
849.00	23716.00
849.18	23567.00
849.37	23418.00
849.55	23444.00
849.74	23562.00
849.93	23620.00
850.11	23428.00
850.30	23321.00
850.48	23208.00
850.67	23115.00
850.85	23068.00
851.04	23040.00
851.22	22974.00
851.41	22974.00
851.59	22872.00
851.78	23048.00
851.97	23036.00
852.15	22883.00
852.34	22661.00
852.52	22490.00
852.71	22672.00
852.89	22742.00
853.08	22716.00
853.26	22601.00
853.45	22509.00
853.63	22540.00
853.82	22509.00
854.01	22406.00
854.19	22392.00
854.38	22311.00
854.56	22200.00
854.75	22205.00
854.93	22085.00
855.12	22004.00
855.30	21969.00
855.49	21930.00
855.67	21700.00
855.86	21862.00
856.04	21978.00
856.23	21695.00
856.41	21461.00
856.60	21526.00
856.79	21389.00
856.97	21183.00
857.16	21198.00
857.34	21339.00
857.53	21351.00
857.71	21236.00
857.90	21026.00
858.08	21115.00
858.27	21160.00
858.45	21020.00
858.64	20910.00
858.82	20851.00
859.01	20854.00
859.19	20868.00
859.38	20914.00
859.56	20805.00
859.75	20564.00
859.93	20607.00
860.12	20672.00
860.30	20571.00
860.49	20519.00
860.67	20704.00
860.86	20540.00
861.04	20430.00
861.23	20456.00
861.41	20392.00
861.60	20376.00
861.78	20294.00
861.97	20087.00
862.15	20092.00
862.34	20192.00
862.53	20074.00
862.71	19873.00
862.90	19681.00
863.08	19678.00
863.27	19662.00
863.45	19619.00
863.64	19671.00
863.82	19556.00
864.01	19351.00
864.19	19297.00
864.37	19213.00
864.56	19084.00
864.74	19184.00
864.93	19269.00
865.11	19121.00
865.30	18868.00
865.48	18860.00
865.67	18878.00
865.85	18770.00
866.04	18677.00
866.22	18608.00
866.41	18774.00
866.59	18489.00
866.78	18333.00
866.96	18415.00
867.15	18364.00
867.33	18325.00
867.52	18306.00
867.70	18071.00
867.89	18110.00
868.07	18172.00
868.26	17958.00
868.44	17953.00
868.63	17951.00
868.81	17919.00
869.00	17856.00
869.18	17809.00
869.37	17784.00
869.55	17949.00
869.74	17799.00
869.92	17606.00
870.10	17589.00
870.29	17526.00
870.47	17336.00
870.66	17158.00
870.84	17317.00
871.03	17375.00
871.21	17203.00
871.40	17206.00
871.58	17209.00
871.77	17193.00
871.95	17173.00
872.14	17010.00
872.32	16905.00
872.51	17013.00
872.69	17003.00
872.87	17009.00
873.06	16813.00
873.24	16788.00
873.43	16827.00
873.61	16773.00
873.80	16810.00
873.98	16862.00
874.17	16722.00
874.35	16661.00
874.54	16602.00
874.72	16693.00
874.90	16655.00
875.09	16617.00
875.27	16551.00
875.46	16421.00
875.64	16268.00
875.83	16258.00
876.01	16249.00
876.20	16271.00
876.38	16198.00
876.56	16220.00
876.75	16261.00
876.93	16048.00
877.12	16146.00
877.30	16073.00
877.49	15954.00
877.67	16008.00
877.86	16014.00
878.04	16127.00
878.22	16033.00
878.41	16027.00
878.59	16108.00
878.78	15893.00
878.96	15818.00
879.15	15931.00
879.33	16018.00
879.51	15924.00
879.70	15823.00
879.88	15885.00
880.07	15928.00
880.25	16017.00
880.44	16044.00
880.62	15997.00
880.80	15912.00
880.99	15874.00
881.17	15790.00
881.36	15718.00
881.54	15786.00
881.73	15626.00
881.91	15505.00
882.09	15617.00
882.28	15609.00
882.46	15479.00
882.65	15469.00
882.83	15428.00
883.02	15405.00
883.20	15489.00
883.38	15647.00
883.57	15638.00
883.75	15566.00
883.94	15431.00
884.12	15472.00
884.30	15398.00
884.49	15271.00
884.67	15337.00
884.86	15339.00
885.04	15282.00
885.22	15097.00
885.41	15002.00
885.59	15056.00
885.78	15092.00
885.96	15213.00
886.14	15071.00
886.33	14945.00
886.51	15014.00
886.70	14934.00
886.88	15041.00
887.06	15104.00
887.25	15016.00
887.43	14851.00
887.62	14773.00
887.80	14821.00
887.98	14814.00
888.17	14930.00
888.35	14800.00
888.54	14766.00
888.72	14775.00
888.90	14769.00
889.09	14673.00
889.27	14754.00
889.46	14769.00
889.64	14662.00
889.82	14825.00
890.01	14883.00
890.19	14737.00
890.38	14733.00
890.56	14643.00
890.74	14587.00
890.93	14678.00
891.11	14794.00
891.29	14762.00
891.48	14654.00
891.66	14603.00
891.85	14493.00
892.03	14627.00
892.21	14763.00
892.40	14791.00
892.58	14612.00
892.76	14497.00
892.95	14543.00
893.13	14589.00
893.32	14591.00
893.50	14584.00
893.68	14741.00
893.87	14753.00
894.05	14498.00
894.23	14393.00
894.42	14666.00
894.60	14800.00
894.79	14866.00
894.97	14721.00
895.15	14559.00
895.34	14527.00
895.52	14564.00
895.70	14655.00
895.89	14669.00
896.07	14621.00
896.25	14654.00
896.44	14832.00
896.62	14887.00
896.81	14924.00
896.99	14844.00
897.17	14913.00
897.36	14988.00
897.54	14959.00
897.72	14928.00
897.91	14834.00
898.09	14742.00
898.27	14734.00
898.46	14989.00
898.64	15098.00
898.82	14979.00
899.01	14961.00
899.19	15007.00
899.37	15213.00
899.56	15255.00
899.74	15204.00
899.92	15260.00
900.11	15271.00
900.29	15251.00
900.47	15207.00
900.66	15378.00
900.84	15434.00
901.03	15444.00
901.21	15430.00
901.39	15368.00
901.58	15323.00
901.76	15401.00
901.94	15502.00
902.13	15437.00
902.31	15470.00
902.49	15531.00
902.68	15568.00
902.86	15639.00
903.04	15558.00
903.23	15461.00
903.41	15670.00
903.59	15670.00
903.78	15591.00
903.96	15771.00
904.14	15734.00
904.32	15739.00
904.51	15909.00
904.69	15821.00
904.87	15873.00
905.06	15949.00
905.24	15780.00
905.42	15782.00
905.61	15785.00
905.79	15915.00
905.97	15870.00
906.16	15854.00
906.34	15929.00
906.52	15935.00
906.71	16061.00
906.89	15951.00
907.07	15771.00
907.26	15825.00
907.44	15949.00
907.62	15820.00
907.81	15798.00
907.99	15861.00
908.17	15776.00
908.35	15722.00
908.54	15854.00
908.72	15873.00
908.90	15834.00
909.09	15796.00
909.27	15805.00
909.45	15779.00
909.64	15838.00
909.82	15787.00
910.00	15756.00
910.18	15803.00
910.37	15764.00
910.55	15747.00
910.73	15643.00
910.92	15634.00
911.10	15708.00
911.28	15696.00
911.47	15600.00
911.65	15549.00
911.83	15539.00
912.01	15568.00
912.20	15576.00
912.38	15536.00
912.56	15563.00
912.75	15375.00
912.93	15328.00
913.11	15390.00
913.29	15426.00
913.48	15545.00
913.66	15398.00
913.84	15280.00
914.03	15213.00
914.21	15123.00
914.39	15245.00
914.57	15217.00
914.76	15022.00
914.94	14962.00
915.12	15015.00
915.31	15051.00
915.49	15106.00
915.67	14973.00
915.85	14919.00
916.04	14848.00
916.22	14901.00
916.40	15041.00
916.58	14975.00
916.77	14879.00
916.95	14904.00
917.13	14673.00
917.32	14643.00
917.50	14871.00
917.68	14924.00
917.86	14858.00
918.05	14786.00
918.23	14651.00
918.41	14639.00
918.59	14716.00
918.78	14631.00
918.96	14545.00
919.14	14512.00
919.32	14507.00
919.51	14492.00
919.69	14398.00
919.87	14448.00
920.05	14346.00
920.24	14260.00
920.42	14276.00
920.60	14309.00
920.78	14410.00
920.97	14213.00
921.15	14082.00
921.33	14018.00
921.52	14007.00
921.70	14063.00
921.88	14005.00
922.06	14003.00
922.24	14009.00
922.43	13889.00
922.61	13834.00
922.79	13908.00
922.97	13798.00
923.16	13844.00
923.34	14068.00
923.52	14025.00
923.70	13806.00
923.89	13735.00
924.07	13782.00
924.25	13666.00
924.43	13584.00
924.62	13555.00
924.80	13590.00
924.98	13731.00
925.16	13619.00
925.35	13520.00
925.53	13484.00
925.71	13505.00
925.89	13461.00
926.08	13474.00
926.26	13488.00
926.44	13348.00
926.62	13239.00
926.80	13269.00
926.99	13251.00
927.17	13166.00
927.35	13232.00
927.53	13283.00
927.72	13242.00
927.90	13235.00
928.08	13303.00
928.26	13324.00
928.44	13217.00
928.63	13129.00
928.81	13060.00
928.99	13105.00
929.17	13124.00
929.36	13082.00
929.54	13141.00
929.72	12986.00
929.90	12875.00
930.08	12834.00
930.27	12795.00
930.45	12765.00
930.63	12687.00
930.81	12611.00
930.99	12743.00
931.18	12753.00
931.36	12645.00
931.54	12500.00
931.72	12408.00
931.90	12335.00
932.09	12400.00
932.27	12114.00
932.45	11944.00
932.63	11984.00
932.81	12020.00
933.00	11998.00
933.18	11877.00
933.36	11814.00
933.54	11656.00
933.72	11578.00
933.91	11503.00
934.09	11363.00
934.27	11273.00
934.45	11244.00
934.63	11313.00
934.82	11286.00
935.00	11228.00
935.18	10976.00
935.36	10852.00
935.54	10783.00
935.73	10593.00
935.91	10496.00
936.09	10348.00
936.27	10202.00
936.45	10237.00
936.64	10236.00
936.82	10066.00
937.00	9834.00
937.18	9615.00
937.36	9438.00
937.54	9358.00
937.73	9215.00
937.91	9039.00
938.09	8835.00
938.27	8755.00
938.45	8645.00
938.63	8570.00
938.82	8489.00
939.00	8336.00
939.18	8295.00
939.36	8118.00
939.54	7929.00
939.73	7847.00
939.91	7896.00
940.09	7771.00
940.27	7641.00
940.45	7523.00
940.63	7512.00
940.82	7316.00
941.00	7251.00
941.18	7169.00
941.36	7100.00
941.54	7040.00
941.72	7118.00
941.91	7013.00
942.09	6979.00
942.27	6854.00
942.45	6822.00
942.63	6781.00
942.81	6712.00
942.99	6741.00
943.18	6753.00
943.36	6655.00
943.54	6613.00
943.72	6706.00
943.90	6714.00
944.08	6604.00
944.27	6646.00
944.45	6551.00
944.63	6561.00
944.81	6595.00
944.99	6534.00
945.17	6563.00
945.35	6580.00
945.54	6553.00
945.72	6593.00
945.90	6617.00
946.08	6537.00
946.26	6528.00
946.44	6587.00
946.62	6660.00
946.81	6614.00
946.99	6559.00
947.17	6622.00
947.35	6585.00
947.53	6514.00
947.71	6561.00
947.89	6569.00
948.07	6691.00
948.26	6720.00
948.44	6705.00
948.62	6707.00
948.80	6773.00
948.98	6843.00
949.16	6852.00
949.34	6845.00
949.53	6773.00
949.71	6858.00
949.89	6903.00
950.07	6964.00
950.25	7045.00
950.43	7050.00
950.61	7075.00
950.79	6978.00
950.98	6980.00
951.16	7106.00
951.34	7127.00
951.52	7091.00
951.70	7053.00
951.88	7046.00
952.06	6943.00
952.24	6915.00
952.42	6960.00
952.61	6904.00
952.79	6799.00
952.97	6732.00
953.15	6921.00
953.33	6898.00
953.51	6818.00
953.69	6970.00
953.87	7094.00
954.05	7081.00
954.24	6975.00
954.42	7013.00
954.60	7083.00
954.78	7003.00
954.96	7094.00
955.14	7125.00
955.32	7137.00
955.50	7091.00
955.68	7127.00
955.86	7115.00
956.05	7108.00
956.23	7202.00
956.41	7110.00
956.59	7007.00
956.77	7098.00
956.95	7112.00
957.13	7105.00
957.31	7075.00
957.49	7134.00
957.67	7169.00
957.86	7184.00
958.04	7123.00
958.22	7159.00
958.40	7183.00
958.58	7238.00
958.76	7268.00
958.94	7131.00
959.12	7170.00
959.30	7238.00
959.48	7205.00
959.66	7126.00
959.84	7080.00
960.03	7103.00
960.21	7061.00
960.39	7051.00
960.57	7127.00
960.75	7100.00
960.93	7106.00
961.11	7134.00
961.29	7063.00
961.47	7002.00
961.65	6978.00
961.83	7077.00
962.01	7007.00
962.19	7020.00
962.37	6989.00
962.56	6929.00
962.74	6911.00
962.92	6860.00
963.10	6912.00
963.28	6950.00
963.46	6970.00
963.64	6916.00
963.82	6862.00
964.00	6898.00
964.18	6939.00
964.36	6949.00
964.54	6860.00
964.72	6887.00
964.90	6945.00
965.08	7041.00
965.27	7077.00
965.45	7040.00
965.63	6932.00
965.81	6878.00
965.99	6925.00
966.17	6942.00
966.35	6882.00
966.53	6888.00
966.71	6869.00
966.89	6845.00
967.07	6709.00
967.25	6809.00
967.43	6882.00
967.61	6876.00
967.79	6812.00
967.97	6772.00
968.15	6767.00
968.33	6713.00
968.51	6666.00
968.69	6642.00
968.87	6606.00
969.06	6613.00
969.24	6644.00
969.42	6629.00
969.60	6579.00
969.78	6495.00
969.96	6333.00
970.14	6350.00
970.32	6456.00
970.50	6495.00
970.68	6439.00
970.86	6405.00
971.04	6323.00
971.22	6330.00
971.40	6375.00
971.58	6305.00
971.76	6183.00
971.94	6226.00
972.12	6167.00
972.30	6231.00
972.48	6222.00
972.66	6139.00
972.84	6261.00
973.02	6183.00
973.20	6062.00
973.38	6049.00
973.56	6052.00
973.74	6005.00
973.92	5938.00
974.10	6027.00
974.28	5993.00
974.46	5908.00
974.64	5807.00
974.82	5807.00
975.00	5730.00
975.18	5719.00
975.36	5716.00
975.54	5812.00
975.72	5827.00
975.90	5773.00
976.08	5802.00
976.26	5786.00
976.44	5800.00
976.62	5770.00
976.80	5666.00
976.98	5537.00
977.16	5577.00
977.34	5640.00
977.52	5629.00
977.70	5651.00
977.88	5621.00
978.06	5497.00
978.24	5520.00
978.42	5434.00
978.60	5452.00
978.78	5552.00
978.96	5582.00
979.14	5536.00
979.32	5425.00
979.50	5394.00
979.68	5396.00
979.86	5431.00
980.04	5418.00
980.22	5387.00
980.40	5513.00
980.58	5428.00
980.76	5316.00
980.94	5401.00
981.12	5437.00
981.30	5374.00
981.48	5270.00
981.66	5222.00
981.84	5245.00
982.02	5260.00
982.20	5247.00
982.38	5175.00
982.56	5081.00
982.74	5084.00
982.92	5192.00
983.10	5168.00
983.28	5083.00
983.46	5056.00
983.64	5088.00
983.82	5118.00
984.00	5020.00
984.18	4963.00
984.36	4976.00
984.54	4990.00
984.72	4949.00
984.90	4946.00
985.08	4843.00
985.26	4722.00
985.44	4693.00
985.62	4747.00
985.80	4831.00
985.98	4746.00
986.16	4697.00
986.34	4722.00
986.51	4761.00
986.69	4769.00
986.87	4707.00
987.05	4661.00
987.23	4617.00
987.41	4580.00
987.59	4644.00
987.77	4597.00
987.95	4548.00
988.13	4547.00
988.31	4638.00
988.49	4578.00
988.67	4576.00
988.85	4502.00
989.03	4329.00
989.21	4361.00
989.39	4369.00
989.57	4402.00
989.75	4371.00
989.93	4321.00
990.11	4332.00
990.28	4321.00
990.46	4329.00
990.64	4286.00
990.82	4289.00
991.00	4312.00
991.18	4410.00
991.36	4263.00
991.54	4261.00
991.72	4198.00
991.90	4156.00
992.08	4131.00
992.26	4165.00
992.44	4170.00
992.62	4149.00
992.80	4204.00
992.98	4205.00
993.15	4167.00
993.33	4187.00
993.51	4073.00
993.69	4028.00
993.87	4020.00
994.05	3998.00
994.23	4020.00
994.41	3960.00
994.59	3954.00
994.77	3928.00
994.95	3989.00
995.13	3972.00
995.31	3966.00
995.48	3897.00
995.66	3824.00
995.84	3797.00
996.02	3786.00
996.20	3773.00
996.38	3818.00
996.56	3760.00
996.74	3631.00
996.92	3731.00
997.10	3798.00
997.28	3705.00
997.46	3584.00
997.63	3577.00
997.81	3591.00
997.99	3579.00
998.17	3580.00
998.35	3540.00
998.53	3528.00
998.71	3544.00
998.89	3485.00
999.07	3478.00
999.25	3514.00
999.43	3498.00
999.60	3488.00
999.78	3443.00
999.96	3431.00
1000.14	3513.00
1000.32	3553.00
1000.50	3390.00
1000.68	3274.00
1000.86	3315.00
1001.04	3382.00
1001.21	3338.00
1001.39	3335.00
1001.57	3327.00
1001.75	3380.00
1001.93	3423.00
1002.11	3429.00
1002.29	3291.00
1002.47	3303.00
1002.65	3292.00
1002.82	3293.00
1003.00	3198.00
1003.18	3210.00
1003.36	3225.00
1003.54	3158.00
1003.72	3205.00
1003.90	3275.00
1004.08	3261.00
1004.26	3200.00
1004.43	3235.00
1004.61	3187.00
1004.79	3120.00
1004.97	3284.00
1005.15	3244.00
1005.33	3110.00
1005.51	3147.00
1005.69	3074.00
1005.86	3012.00
1006.04	3090.00
1006.22	3161.00
1006.40	3036.00
1006.58	2991.00
1006.76	3026.00
1006.94	3089.00
1007.12	2950.00
1007.29	2866.00
1007.47	2844.00
1007.65	2965.00
1007.83	2996.00
1008.01	2943.00
1008.19	2987.00
1008.37	2932.00
1008.54	2898.00
1008.72	2848.00
1008.90	2835.00
1009.08	2831.00
1009.26	2782.00
1009.44	2807.00
1009.62	2854.00
1009.79	2814.00
1009.97	2669.00
1010.15	2641.00
1010.33	2688.00
1010.51	2733.00
1010.69	2735.00
1010.87	2733.00
1011.04	2721.00
1011.22	2696.00
1011.40	2729.00
1011.58	2731.00
1011.76	2694.00
1011.94	2619.00
1012.11	2662.00
1012.29	2656.00
1012.47	2685.00
1012.65	2579.00
1012.83	2531.00
1013.01	2617.00
1013.18	2582.00
1013.36	2608.00
1013.54	2587.00
1013.72	2492.00
1013.90	2526.00
1014.08	2541.00
1014.25	2542.00
1014.43	2472.00
1014.61	2468.00
1014.79	2485.00
1014.97	2500.00
1015.15	2441.00
1015.32	2520.00
1015.50	2520.00
1015.68	2498.00
1015.86	2426.00
1016.04	2429.00
1016.22	2494.00
1016.39	2474.00
1016.57	2449.00
1016.75	2469.00
1016.93	2444.00
1017.11	2341.00
1017.29	2347.00
1017.46	2380.00
1017.64	2382.00
1017.82	2342.00
1018.00	2372.00
1018.18	2338.00
1018.35	2410.00
1018.53	2371.00
1018.71	2377.00
1018.89	2264.00
1019.07	2303.00
1019.24	2249.00
1019.42	2196.00
1019.60	2177.00
1019.78	2158.00
1019.96	2159.00
1020.14	2176.00
1020.31	2164.00
1020.49	2072.00
1020.67	2081.00
1020.85	2242.00
1021.03	2212.00
1021.20	2148.00
1021.38	2208.00
1021.56	2165.00
1021.74	2153.00
1021.92	2116.00
1022.09	2044.00
1022.27	2016.00
1022.45	2009.00
1022.63	2103.00
1022.81	2186.00
1022.98	2182.00
1023.16	2114.00
1023.34	2052.00
1023.52	2042.00
1023.69	2055.00
1023.87	2017.00
1024.05	2017.00
1024.23	2022.00
1024.41	2015.00
1024.58	1997.00
1024.76	1958.00
1024.94	1976.00
1025.12	2063.00
1025.30	1978.00
1025.47	1917.00
1025.65	1895.00
1025.83	1932.00
1026.01	1899.00
1026.18	1889.00
1026.36	1885.00
1026.54	1933.00
1026.72	1962.00
1026.90	1909.00
1027.07	1931.00
1027.25	1930.00
1027.43	1860.00
1027.61	1859.00
1027.78	1871.00
1027.96	1887.00
1028.14	1837.00
1028.32	1856.00
1028.49	1850.00
1028.67	1876.00
1028.85	1887.00
1029.03	1784.00
1029.21	1752.00
1029.38	1801.00
1029.56	1804.00
1029.74	1742.00
1029.92	1732.00
1030.09	1764.00
1030.27	1711.00
1030.45	1654.00
1030.63	1691.00
1030.80	1814.00
1030.98	1782.00
1031.16	1652.00
1031.34	1623.00
1031.51	1606.00
1031.69	1679.00
1031.87	1689.00
1032.05	1680.00
1032.22	1657.00
1032.40	1611.00
1032.58	1665.00
1032.76	1709.00
1032.93	1730.00
1033.11	1684.00
1033.29	1690.00
1033.47	1624.00
1033.64	1614.00
1033.82	1587.00
1034.00	1608.00
1034.18	1665.00
1034.35	1674.00
1034.53	1609.00
1034.71	1567.00
1034.89	1524.00
1035.06	1573.00
1035.24	1591.00
1035.42	1564.00
1035.59	1549.00
1035.77	1584.00
1035.95	1534.00
1036.13	1498.00
1036.30	1522.00
1036.48	1527.00
1036.66	1576.00
1036.84	1533.00
1037.01	1547.00
1037.19	1587.00
1037.37	1566.00
1037.54	1502.00
1037.72	1517.00
1037.90	1460.00
1038.08	1449.00
1038.25	1507.00
1038.43	1475.00
1038.61	1440.00
1038.79	1474.00
1038.96	1480.00
1039.14	1478.00
1039.32	1464.00
1039.49	1406.00
1039.67	1321.00
1039.85	1466.00
1040.03	1455.00
1040.20	1458.00
1040.38	1481.00
1040.56	1418.00
1040.73	1391.00
1040.91	1356.00
1041.09	1335.00
1041.27	1397.00
1041.44	1397.00
1041.62	1378.00
1041.80	1366.00
1041.97	1407.00
1042.15	1464.00
1042.33	1363.00
1042.50	1319.00
1042.68	1339.00
1042.86	1295.00
1043.04	1274.00
1043.21	1354.00
1043.39	1354.00
1043.57	1365.00
1043.74	1314.00
1043.92	1315.00
1044.10	1373.00
1044.27	1393.00
1044.45	1301.00
1044.63	1267.00
1044.80	1261.00
1044.98	1301.00
1045.16	1316.00
1045.34	1273.00
1045.51	1273.00
1045.69	1237.00
1045.87	1320.00
1046.04	1322.00
1046.22	1211.00
1046.40	1218.00
1046.57	1229.00
1046.75	1252.00
1046.93	1257.00
1047.10	1253.00
1047.28	1211.00
1047.46	1199.00
1047.63	1220.00
1047.81	1219.00
1047.99	1208.00
1048.16	1207.00
1048.34	1240.00
1048.52	1204.00
1048.69	1170.00
1048.87	1178.00
1049.05	1221.00
1049.22	1148.00
1049.40	1196.00
1049.58	1143.00
1049.75	1143.00
1049.93	1221.00
1050.11	1288.00
1050.28	1274.00
1050.46	1249.00
1050.64	1179.00
1050.81	1185.00
1050.99	1206.00
1051.17	1191.00
1051.34	1226.00
1051.52	1217.00
1051.70	1130.00
1051.87	1167.00
1052.05	1123.00
1052.23	1165.00
1052.40	1172.00
1052.58	1087.00
1052.76	1190.00
1052.93	1167.00
1053.11	1130.00
1053.29	1198.00
1053.46	1180.00
1053.64	1075.00
1053.82	1041.00
1053.99	1101.00
1054.17	1101.00
1054.35	1090.00
1054.52	1121.00
1054.70	1127.00
1054.87	1133.00
1055.05	1124.00
1055.23	1115.00
1055.40	1065.00
1055.58	1075.00
1055.76	1089.00
1055.93	1118.00
1056.11	1113.00
1056.29	1113.00
1056.46	1130.00
1056.64	1139.00
1056.81	1101.00
1056.99	1107.00
1057.17	1040.00
1057.34	1013.00
1057.52	1003.00
1057.70	1017.00
1057.87	1075.00
1058.05	1022.00
1058.22	1041.00
1058.40	1064.00
1058.58	982.00
1058.75	969.00
1058.93	997.00
1059.11	944.00
1059.28	948.00
1059.46	979.00
1059.63	992.00
1059.81	943.00
1059.99	966.00
1060.16	1066.00
1060.34	1060.00
1060.52	1048.00
1060.69	1002.00
1060.87	947.00
1061.04	973.00
1061.22	988.00
