367.62	-36.00
367.82	-54.00
368.02	-84.00
368.23	-44.00
368.43	13.00
368.63	-8.00
368.83	-75.00
369.04	-52.00
369.24	18.00
369.44	-5.00
369.65	-16.00
369.85	1.00
370.05	-22.00
370.25	-59.00
370.46	-38.00
370.66	22.00
370.86	14.00
371.07	51.00
371.27	55.00
371.47	11.00
371.67	15.00
371.88	57.00
372.08	52.00
372.28	-10.00
372.49	-50.00
372.69	-4.00
372.89	21.00
373.09	52.00
373.30	19.00
373.50	29.00
373.70	30.00
373.91	-6.00
374.11	12.00
374.31	49.00
374.51	15.00
374.72	11.00
374.92	37.00
375.12	32.00
375.33	-49.00
375.53	-17.00
375.73	-39.00
375.93	-3.00
376.14	24.00
376.34	-6.00
376.54	19.00
376.74	1.00
376.95	-15.00
377.15	-4.00
377.35	-21.00
377.55	-38.00
377.76	-45.00
377.96	-30.00
378.16	38.00
378.37	53.00
378.57	63.00
378.77	5.00
378.97	9.00
379.18	41.00
379.38	20.00
379.58	-23.00
379.78	-18.00
379.99	-24.00
380.19	-29.00
380.39	-46.00
380.59	-21.00
380.80	-9.00
381.00	86.00
381.20	13.00
381.40	-29.00
381.61	-41.00
381.81	-36.00
382.01	-15.00
382.21	-21.00
382.42	-61.00
382.62	-80.00
382.82	46.00
383.02	19.00
383.23	57.00
383.43	12.00
383.63	-36.00
383.83	-35.00
384.04	14.00
384.24	33.00
384.44	56.00
384.64	60.00
384.85	-32.00
385.05	-39.00
385.25	6.00
385.45	28.00
385.66	-8.00
385.86	10.00
386.06	13.00
386.26	75.00
386.47	8.00
386.67	10.00
386.87	-11.00
387.07	-31.00
387.27	-23.00
387.48	32.00
387.68	5.00
387.88	-22.00
388.08	29.00
388.29	2.00
388.49	10.00
388.69	-5.00
388.89	-33.00
389.10	-14.00
389.30	-21.00
389.50	-17.00
389.70	22.00
389.90	44.00
390.11	35.00
390.31	-8.00
390.51	-31.00
390.71	-43.00
390.92	10.00
391.12	1.00
391.32	-78.00
391.52	-109.00
391.72	-31.00
391.93	5.00
392.13	36.00
392.33	51.00
392.53	9.00
392.74	-19.00
392.94	-32.00
393.14	-12.00
393.34	7.00
393.54	108.00
393.75	20.00
393.95	-54.00
394.15	-68.00
394.35	-11.00
394.56	44.00
394.76	22.00
394.96	91.00
395.16	60.00
395.36	50.00
395.57	6.00
395.77	79.00
395.97	61.00
396.17	66.00
396.37	71.00
396.58	-21.00
396.78	76.00
396.98	44.00
397.18	-31.00
397.38	9.00
397.59	-5.00
397.79	-58.00
397.99	-4.00
398.19	-20.00
398.39	-1.00
398.60	8.00
398.80	93.00
399.00	42.00
399.20	38.00
399.40	6.00
399.61	32.00
399.81	4.00
400.01	19.00
400.21	45.00
400.41	-9.00
400.62	16.00
400.82	-46.00
401.02	-74.00
401.22	-2.00
401.42	39.00
401.63	22.00
401.83	-5.00
402.03	-5.00
402.23	27.00
402.43	9.00
402.64	-11.00
402.84	5.00
403.04	-8.00
403.24	3.00
403.44	19.00
403.64	26.00
403.85	23.00
404.05	10.00
404.25	-46.00
404.45	-27.00
404.65	7.00
404.86	11.00
405.06	19.00
405.26	-67.00
405.46	21.00
405.66	-6.00
405.86	-13.00
406.07	-24.00
406.27	25.00
406.47	22.00
406.67	13.00
406.87	-4.00
407.07	-8.00
407.28	40.00
407.48	31.00
407.68	48.00
407.88	-4.00
408.08	10.00
408.28	42.00
408.49	21.00
408.69	56.00
408.89	-48.00
409.09	-71.00
409.29	25.00
409.49	14.00
409.70	2.00
409.90	34.00
410.10	-23.00
410.30	22.00
410.50	-39.00
410.70	-9.00
410.91	27.00
411.11	-47.00
411.31	-13.00
411.51	54.00
411.71	23.00
411.91	41.00
412.12	0.00
412.32	0.00
412.52	37.00
412.72	2.00
412.92	-17.00
413.12	30.00
413.32	10.00
413.53	-14.00
413.73	-29.00
413.93	-2.00
414.13	7.00
414.33	3.00
414.53	-41.00
414.74	-52.00
414.94	-21.00
415.14	56.00
415.34	49.00
415.54	-36.00
415.74	2.00
415.94	-51.00
416.15	-68.00
416.35	-38.00
416.55	-18.00
416.75	-9.00
416.95	-2.00
417.15	30.00
417.35	11.00
417.56	-19.00
417.76	-40.00
417.96	-37.00
418.16	-17.00
418.36	16.00
418.56	43.00
418.76	10.00
418.97	-17.00
419.17	-13.00
419.37	-12.00
419.57	29.00
419.77	-3.00
419.97	-5.00
420.17	-70.00
420.37	24.00
420.58	-4.00
420.78	-24.00
420.98	39.00
421.18	-43.00
421.38	28.00
421.58	48.00
421.78	48.00
421.98	-43.00
422.19	-14.00
422.39	10.00
422.59	-12.00
422.79	16.00
422.99	76.00
423.19	35.00
423.39	5.00
423.59	54.00
423.80	30.00
424.00	30.00
424.20	60.00
424.40	43.00
424.60	-13.00
424.80	1.00
425.00	-7.00
425.20	-42.00
425.40	-13.00
425.61	11.00
425.81	52.00
426.01	-1.00
426.21	41.00
426.41	19.00
426.61	-26.00
426.81	-50.00
427.01	3.00
427.21	50.00
427.42	10.00
427.62	37.00
427.82	67.00
428.02	38.00
428.22	-5.00
428.42	15.00
428.62	58.00
428.82	15.00
429.02	49.00
429.23	23.00
429.43	-4.00
429.63	27.00
429.83	2.00
430.03	70.00
430.23	70.00
430.43	80.00
430.63	60.00
430.83	23.00
431.03	1.00
431.24	-95.00
431.44	-36.00
431.64	28.00
431.84	64.00
432.04	40.00
432.24	27.00
432.44	-8.00
432.64	22.00
432.84	6.00
433.04	4.00
433.24	-14.00
433.45	48.00
433.65	-7.00
433.85	1.00
434.05	52.00
434.25	45.00
434.45	62.00
434.65	115.00
434.85	62.00
435.05	2.00
435.25	-29.00
435.45	41.00
435.65	79.00
435.86	19.00
436.06	31.00
436.26	41.00
436.46	36.00
436.66	53.00
436.86	32.00
437.06	14.00
437.26	7.00
437.46	24.00
437.66	44.00
437.86	6.00
438.06	27.00
438.26	41.00
438.47	-24.00
438.67	-12.00
438.87	-3.00
439.07	-35.00
439.27	-61.00
439.47	16.00
439.67	32.00
439.87	15.00
440.07	39.00
440.27	54.00
440.47	44.00
440.67	68.00
440.87	21.00
441.07	-8.00
441.27	53.00
441.48	30.00
441.68	50.00
441.88	20.00
442.08	50.00
442.28	37.00
442.48	45.00
442.68	55.00
442.88	26.00
443.08	7.00
443.28	8.00
443.48	5.00
443.68	23.00
443.88	-11.00
444.08	-35.00
444.28	-2.00
444.48	47.00
444.68	54.00
444.88	17.00
445.09	-23.00
445.29	-15.00
445.49	40.00
445.69	83.00
445.89	23.00
446.09	2.00
446.29	43.00
446.49	12.00
446.69	3.00
446.89	75.00
447.09	45.00
447.29	55.00
447.49	8.00
447.69	-41.00
447.89	15.00
448.09	54.00
448.29	65.00
448.49	68.00
448.69	99.00
448.89	30.00
449.09	37.00
449.29	29.00
449.49	-8.00
449.70	-51.00
449.90	5.00
450.10	38.00
450.30	28.00
450.50	26.00
450.70	4.00
450.90	39.00
451.10	-9.00
451.30	20.00
451.50	1.00
451.70	-36.00
451.90	25.00
452.10	18.00
452.30	10.00
452.50	2.00
452.70	36.00
452.90	51.00
453.10	19.00
453.30	11.00
453.50	9.00
453.70	6.00
453.90	-6.00
454.10	64.00
454.30	94.00
454.50	30.00
454.70	39.00
454.90	41.00
455.10	90.00
455.30	53.00
455.50	23.00
455.70	24.00
455.90	62.00
456.10	55.00
456.30	105.00
456.50	75.00
456.70	26.00
456.90	19.00
457.10	22.00
457.30	43.00
457.50	21.00
457.70	13.00
457.90	12.00
458.10	53.00
458.30	31.00
458.50	61.00
458.70	80.00
458.90	44.00
459.10	3.00
459.30	93.00
459.50	92.00
459.70	62.00
459.90	58.00
460.10	66.00
460.30	91.00
460.50	54.00
460.70	9.00
460.90	29.00
461.10	-29.00
461.30	-10.00
461.50	3.00
461.70	19.00
461.90	58.00
462.10	69.00
462.30	45.00
462.50	120.00
462.70	94.00
462.90	71.00
463.10	39.00
463.30	51.00
463.50	84.00
463.70	87.00
463.90	92.00
464.10	73.00
464.30	59.00
464.50	86.00
464.70	17.00
464.90	28.00
465.10	-29.00
465.30	-36.00
465.50	-21.00
465.70	31.00
465.90	92.00
466.10	86.00
466.30	120.00
466.50	82.00
466.70	6.00
466.90	62.00
467.10	75.00
467.30	2.00
467.50	83.00
467.70	97.00
467.90	41.00
468.10	24.00
468.30	5.00
468.50	103.00
468.70	54.00
468.90	30.00
469.10	136.00
469.30	77.00
469.50	75.00
469.70	95.00
469.90	65.00
470.10	64.00
470.30	72.00
470.50	15.00
470.70	-13.00
470.90	38.00
471.10	60.00
471.29	58.00
471.49	29.00
471.69	-8.00
471.89	21.00
472.09	72.00
472.29	79.00
472.49	79.00
472.69	46.00
472.89	62.00
473.09	54.00
473.29	19.00
473.49	75.00
473.69	73.00
473.89	1.00
474.09	27.00
474.29	56.00
474.49	39.00
474.69	55.00
474.89	54.00
475.09	35.00
475.29	86.00
475.49	25.00
475.69	57.00
475.88	33.00
476.08	48.00
476.28	23.00
476.48	27.00
476.68	39.00
476.88	14.00
477.08	-6.00
477.28	25.00
477.48	-41.00
477.68	39.00
477.88	65.00
478.08	45.00
478.28	56.00
478.48	72.00
478.68	105.00
478.88	122.00
479.08	128.00
479.28	42.00
479.47	42.00
479.67	-33.00
479.87	39.00
480.07	106.00
480.27	65.00
480.47	115.00
480.67	84.00
480.87	54.00
481.07	45.00
481.27	57.00
481.47	33.00
481.67	58.00
481.87	101.00
482.07	5.00
482.27	40.00
482.46	104.00
482.66	85.00
482.86	41.00
483.06	18.00
483.26	-10.00
483.46	64.00
483.66	111.00
483.86	48.00
484.06	127.00
484.26	93.00
484.46	20.00
484.66	10.00
484.86	50.00
485.05	50.00
485.25	75.00
485.45	56.00
485.65	43.00
485.85	35.00
486.05	23.00
486.25	34.00
486.45	12.00
486.65	26.00
486.85	15.00
487.05	62.00
487.25	133.00
487.44	130.00
487.64	81.00
487.84	45.00
488.04	63.00
488.24	94.00
488.44	35.00
488.64	58.00
488.84	40.00
489.04	97.00
489.24	25.00
489.43	10.00
489.63	93.00
489.83	74.00
490.03	35.00
490.23	42.00
490.43	97.00
490.63	91.00
490.83	71.00
491.03	97.00
491.23	103.00
491.42	62.00
491.62	103.00
491.82	85.00
492.02	109.00
492.22	104.00
492.42	69.00
492.62	83.00
492.82	88.00
493.02	93.00
493.22	70.00
493.41	66.00
493.61	131.00
493.81	102.00
494.01	76.00
494.21	103.00
494.41	149.00
494.61	157.00
494.81	87.00
495.01	128.00
495.20	51.00
495.40	26.00
495.60	14.00
495.80	79.00
496.00	152.00
496.20	104.00
496.40	41.00
496.60	63.00
496.79	12.00
496.99	132.00
497.19	124.00
497.39	92.00
497.59	125.00
497.79	114.00
497.99	106.00
498.19	120.00
498.38	110.00
498.58	116.00
498.78	59.00
498.98	77.00
499.18	48.00
499.38	65.00
499.58	116.00
499.78	159.00
499.97	122.00
500.17	80.00
500.37	102.00
500.57	126.00
500.77	120.00
500.97	157.00
501.17	160.00
501.37	99.00
501.56	97.00
501.76	72.00
501.96	111.00
502.16	174.00
502.36	154.00
502.56	105.00
502.76	100.00
502.95	98.00
503.15	139.00
503.35	139.00
503.55	144.00
503.75	130.00
503.95	107.00
504.15	39.00
504.34	49.00
504.54	132.00
504.74	141.00
504.94	188.00
505.14	204.00
505.34	127.00
505.54	126.00
505.73	169.00
505.93	136.00
506.13	120.00
506.33	176.00
506.53	143.00
506.73	98.00
506.92	140.00
507.12	114.00
507.32	128.00
507.52	34.00
507.72	85.00
507.92	178.00
508.12	149.00
508.31	146.00
508.51	115.00
508.71	155.00
508.91	109.00
509.11	122.00
509.31	107.00
509.50	48.00
509.70	142.00
509.90	102.00
510.10	127.00
510.30	99.00
510.50	82.00
510.69	85.00
510.89	103.00
511.09	134.00
511.29	112.00
511.49	159.00
511.69	154.00
511.88	98.00
512.08	113.00
512.28	138.00
512.48	103.00
512.68	145.00
512.88	117.00
513.07	28.00
513.27	101.00
513.47	141.00
513.67	74.00
513.87	65.00
514.06	104.00
514.26	85.00
514.46	55.00
514.66	73.00
514.86	60.00
515.06	80.00
515.25	140.00
515.45	120.00
515.65	159.00
515.85	174.00
516.05	120.00
516.24	82.00
516.44	110.00
516.64	108.00
516.84	99.00
517.04	120.00
517.23	119.00
517.43	145.00
517.63	118.00
517.83	132.00
518.03	82.00
518.23	122.00
518.42	129.00
518.62	145.00
518.82	140.00
519.02	129.00
519.22	137.00
519.41	69.00
519.61	101.00
519.81	128.00
520.01	105.00
520.21	122.00
520.40	116.00
520.60	125.00
520.80	120.00
521.00	132.00
521.20	141.00
521.39	110.00
521.59	155.00
521.79	142.00
521.99	134.00
522.19	123.00
522.38	103.00
522.58	156.00
522.78	109.00
522.98	151.00
523.17	174.00
523.37	144.00
523.57	146.00
523.77	147.00
523.97	104.00
524.16	183.00
524.36	100.00
524.56	65.00
524.76	144.00
524.96	102.00
525.15	126.00
525.35	152.00
525.55	176.00
525.75	138.00
525.94	133.00
526.14	175.00
526.34	188.00
526.54	248.00
526.74	221.00
526.93	190.00
527.13	194.00
527.33	168.00
527.53	158.00
527.72	129.00
527.92	163.00
528.12	201.00
528.32	200.00
528.52	131.00
528.71	115.00
528.91	145.00
529.11	197.00
529.31	154.00
529.50	219.00
529.70	244.00
529.90	202.00
530.10	128.00
530.29	147.00
530.49	247.00
530.69	226.00
530.89	193.00
531.09	162.00
531.28	158.00
531.48	210.00
531.68	233.00
531.88	276.00
532.07	191.00
532.27	163.00
532.47	207.00
532.67	189.00
532.86	128.00
533.06	194.00
533.26	217.00
533.46	170.00
533.65	135.00
533.85	170.00
534.05	213.00
534.25	220.00
534.44	205.00
534.64	231.00
534.84	291.00
535.04	266.00
535.23	240.00
535.43	229.00
535.63	220.00
535.83	207.00
536.02	195.00
536.22	218.00
536.42	149.00
536.62	164.00
536.81	181.00
537.01	234.00
537.21	263.00
537.41	241.00
537.60	282.00
537.80	286.00
538.00	329.00
538.20	331.00
538.39	287.00
538.59	231.00
538.79	327.00
538.99	352.00
539.18	319.00
539.38	309.00
539.58	273.00
539.77	296.00
539.97	314.00
540.17	301.00
540.37	226.00
540.56	294.00
540.76	348.00
540.96	309.00
541.16	361.00
541.35	307.00
541.55	297.00
541.75	286.00
541.94	284.00
542.14	341.00
542.34	374.00
542.54	303.00
542.73	305.00
542.93	274.00
543.13	342.00
543.33	413.00
543.52	392.00
543.72	324.00
543.92	327.00
544.11	277.00
544.31	333.00
544.51	318.00
544.71	354.00
544.90	280.00
545.10	319.00
545.30	399.00
545.49	353.00
545.69	349.00
545.89	334.00
546.09	421.00
546.28	421.00
546.48	398.00
546.68	416.00
546.87	393.00
547.07	376.00
547.27	336.00
547.47	291.00
547.66	378.00
547.86	378.00
548.06	366.00
548.25	314.00
548.45	293.00
548.65	371.00
548.84	391.00
549.04	353.00
549.24	313.00
549.44	307.00
549.63	363.00
549.83	337.00
550.03	374.00
550.22	311.00
550.42	276.00
550.62	240.00
550.81	236.00
551.01	277.00
551.21	356.00
551.41	358.00
551.60	320.00
551.80	318.00
552.00	314.00
552.19	230.00
552.39	285.00
552.59	316.00
552.78	343.00
552.98	285.00
553.18	305.00
553.37	270.00
553.57	324.00
553.77	370.00
553.96	332.00
554.16	310.00
554.36	309.00
554.56	280.00
554.75	289.00
554.95	258.00
555.15	315.00
555.34	325.00
555.54	284.00
555.74	262.00
555.93	263.00
556.13	226.00
556.33	240.00
556.52	274.00
556.72	203.00
556.92	214.00
557.11	279.00
557.31	256.00
557.51	247.00
557.70	211.00
557.90	227.00
558.10	237.00
558.29	218.00
558.49	254.00
558.69	185.00
558.88	252.00
559.08	213.00
559.28	223.00
559.47	219.00
559.67	228.00
559.87	226.00
560.06	279.00
560.26	244.00
560.46	246.00
560.65	182.00
560.85	137.00
561.05	261.00
561.24	306.00
561.44	325.00
561.64	279.00
561.83	233.00
562.03	244.00
562.23	275.00
562.42	302.00
562.62	285.00
562.82	285.00
563.01	302.00
563.21	254.00
563.40	235.00
563.60	288.00
563.80	269.00
563.99	265.00
564.19	261.00
564.39	238.00
564.58	320.00
564.78	300.00
564.98	259.00
565.17	319.00
565.37	271.00
565.57	260.00
565.76	294.00
565.96	330.00
566.16	287.00
566.35	285.00
566.55	306.00
566.74	275.00
566.94	257.00
567.14	266.00
567.33	292.00
567.53	301.00
567.73	338.00
567.92	358.00
568.12	341.00
568.32	306.00
568.51	295.00
568.71	365.00
568.90	327.00
569.10	289.00
569.30	263.00
569.49	345.00
569.69	351.00
569.89	289.00
570.08	335.00
570.28	301.00
570.47	333.00
570.67	297.00
570.87	292.00
571.06	320.00
571.26	404.00
571.46	356.00
571.65	277.00
571.85	246.00
572.04	188.00
572.24	206.00
572.44	244.00
572.63	284.00
572.83	309.00
573.03	360.00
573.22	357.00
573.42	356.00
573.61	376.00
573.81	404.00
574.01	440.00
574.20	402.00
574.40	310.00
574.59	250.00
574.79	308.00
574.99	334.00
575.18	311.00
575.38	337.00
575.58	421.00
575.77	448.00
575.97	437.00
576.16	518.00
576.36	460.00
576.56	445.00
576.75	486.00
576.95	484.00
577.14	429.00
577.34	412.00
577.54	381.00
577.73	467.00
577.93	444.00
578.12	423.00
578.32	440.00
578.52	434.00
578.71	418.00
578.91	506.00
579.10	502.00
579.30	488.00
579.50	473.00
579.69	441.00
579.89	403.00
580.08	447.00
580.28	468.00
580.48	553.00
580.67	520.00
580.87	554.00
581.06	536.00
581.26	592.00
581.45	592.00
581.65	606.00
581.85	613.00
582.04	590.00
582.24	560.00
582.43	576.00
582.63	571.00
582.83	586.00
583.02	583.00
583.22	638.00
583.41	640.00
583.61	654.00
583.80	661.00
584.00	783.00
584.20	731.00
584.39	706.00
584.59	737.00
584.78	756.00
584.98	701.00
585.17	694.00
585.37	685.00
585.57	696.00
585.76	758.00
585.96	762.00
586.15	711.00
586.35	758.00
586.54	854.00
586.74	795.00
586.94	753.00
587.13	802.00
587.33	765.00
587.52	763.00
587.72	910.00
587.91	867.00
588.11	817.00
588.31	889.00
588.50	859.00
588.70	875.00
588.89	846.00
589.09	893.00
589.28	855.00
589.48	833.00
589.68	875.00
589.87	869.00
590.07	896.00
590.26	969.00
590.46	983.00
590.65	956.00
590.85	980.00
591.04	1000.00
591.24	967.00
591.44	932.00
591.63	978.00
591.83	1016.00
592.02	1048.00
592.22	970.00
592.41	1000.00
592.61	1137.00
592.80	1082.00
593.00	1056.00
593.19	1099.00
593.39	1186.00
593.59	1188.00
593.78	1179.00
593.98	1152.00
594.17	1074.00
594.37	1049.00
594.56	1098.00
594.76	1104.00
594.95	1108.00
595.15	1135.00
595.34	1135.00
595.54	1105.00
595.73	1060.00
595.93	1110.00
596.13	1109.00
596.32	1144.00
596.52	1128.00
596.71	1168.00
596.91	1161.00
597.10	1168.00
597.30	1208.00
597.49	1240.00
597.69	1224.00
597.88	1260.00
598.08	1216.00
598.27	1278.00
598.47	1314.00
598.66	1266.00
598.86	1258.00
599.06	1286.00
599.25	1307.00
599.45	1293.00
599.64	1277.00
599.84	1331.00
600.03	1299.00
600.23	1273.00
600.42	1304.00
600.62	1316.00
600.81	1298.00
601.01	1273.00
601.20	1271.00
601.40	1284.00
601.59	1312.00
601.79	1295.00
601.98	1300.00
602.18	1248.00
602.37	1196.00
602.57	1238.00
602.76	1258.00
602.96	1286.00
603.15	1276.00
603.35	1316.00
603.54	1297.00
603.74	1289.00
603.93	1389.00
604.13	1342.00
604.32	1270.00
604.52	1278.00
604.71	1275.00
604.91	1317.00
605.10	1355.00
605.30	1293.00
605.49	1289.00
605.69	1298.00
605.88	1277.00
606.08	1372.00
606.27	1360.00
606.47	1324.00
606.66	1301.00
606.86	1354.00
607.05	1354.00
607.25	1306.00
607.44	1330.00
607.64	1314.00
607.83	1363.00
608.03	1385.00
608.22	1315.00
608.42	1389.00
608.61	1375.00
608.81	1397.00
609.00	1451.00
609.20	1523.00
609.39	1519.00
609.59	1484.00
609.78	1582.00
609.98	1767.00
610.17	1868.00
610.37	1937.00
610.56	2138.00
610.76	2243.00
610.95	2305.00
611.15	2546.00
611.34	2714.00
611.54	2789.00
611.73	2716.00
611.93	2480.00
612.12	2307.00
612.32	2107.00
612.51	1897.00
612.71	1828.00
612.90	1738.00
613.09	1682.00
613.29	1668.00
613.48	1656.00
613.68	1690.00
613.87	1609.00
614.07	1567.00
614.26	1648.00
614.46	1644.00
614.65	1601.00
614.85	1589.00
615.04	1563.00
615.24	1544.00
615.43	1496.00
615.63	1443.00
615.82	1418.00
616.02	1382.00
616.21	1378.00
616.40	1398.00
616.60	1387.00
616.79	1393.00
616.99	1313.00
617.18	1321.00
617.38	1355.00
617.57	1392.00
617.77	1374.00
617.96	1408.00
618.16	1275.00
618.35	1283.00
618.54	1270.00
618.74	1279.00
618.93	1340.00
619.13	1337.00
619.32	1313.00
619.52	1233.00
619.71	1267.00
619.91	1326.00
620.10	1322.00
620.30	1350.00
620.49	1403.00
620.68	1348.00
620.88	1299.00
621.07	1401.00
621.27	1391.00
621.46	1418.00
621.66	1446.00
621.85	1377.00
622.05	1383.00
622.24	1419.00
622.43	1383.00
622.63	1393.00
622.82	1426.00
623.02	1440.00
623.21	1413.00
623.41	1439.00
623.60	1482.00
623.80	1483.00
623.99	1492.00
624.18	1493.00
624.38	1449.00
624.57	1481.00
624.77	1515.00
624.96	1458.00
625.16	1373.00
625.35	1410.00
625.54	1493.00
625.74	1521.00
625.93	1427.00
626.13	1446.00
626.32	1489.00
626.52	1525.00
626.71	1594.00
626.90	1560.00
627.10	1509.00
627.29	1559.00
627.49	1526.00
627.68	1517.00
627.88	1510.00
628.07	1552.00
628.26	1597.00
628.46	1555.00
628.65	1554.00
628.85	1591.00
629.04	1672.00
629.23	1611.00
629.43	1578.00
629.62	1569.00
629.82	1611.00
630.01	1672.00
630.21	1629.00
630.40	1619.00
630.59	1742.00
630.79	1768.00
630.98	1764.00
631.18	1707.00
631.37	1728.00
631.56	1733.00
631.76	1670.00
631.95	1644.00
632.15	1701.00
632.34	1738.00
632.53	1726.00
632.73	1741.00
632.92	1718.00
633.12	1640.00
633.31	1621.00
633.50	1633.00
633.70	1671.00
633.89	1495.00
634.09	1518.00
634.28	1634.00
634.47	1638.00
634.67	1632.00
634.86	1610.00
635.06	1659.00
635.25	1707.00
635.44	1671.00
635.64	1656.00
635.83	1757.00
636.03	1801.00
636.22	1748.00
636.41	1736.00
636.61	1644.00
636.80	1718.00
637.00	1714.00
637.19	1692.00
637.38	1790.00
637.58	1826.00
637.77	1749.00
637.96	1777.00
638.16	1872.00
638.35	1929.00
638.55	1907.00
638.74	1919.00
638.93	1874.00
639.13	1876.00
639.32	1907.00
639.51	1907.00
639.71	1895.00
639.90	1889.00
640.10	1960.00
640.29	1964.00
640.48	1888.00
640.68	1845.00
640.87	1829.00
641.07	1862.00
641.26	1970.00
641.45	1980.00
641.65	1936.00
641.84	2024.00
642.03	2007.00
642.23	2031.00
642.42	2046.00
642.61	2080.00
642.81	2062.00
643.00	2017.00
643.20	2045.00
643.39	2007.00
643.58	1990.00
643.78	1991.00
643.97	2079.00
644.16	2086.00
644.36	2061.00
644.55	2101.00
644.74	2127.00
644.94	2195.00
645.13	2203.00
645.33	2098.00
645.52	2117.00
645.71	2063.00
645.91	2094.00
646.10	2110.00
646.29	2093.00
646.49	2053.00
646.68	2058.00
646.87	2115.00
647.07	2137.00
647.26	2063.00
647.45	2113.00
647.65	2061.00
647.84	2149.00
648.03	2250.00
648.23	2240.00
648.42	2256.00
648.62	2190.00
648.81	2212.00
649.00	2233.00
649.20	2304.00
649.39	2258.00
649.58	2313.00
649.78	2330.00
649.97	2272.00
650.16	2196.00
650.36	2181.00
650.55	2238.00
650.74	2267.00
650.94	2296.00
651.13	2332.00
651.32	2338.00
651.52	2281.00
651.71	2242.00
651.90	2276.00
652.10	2292.00
652.29	2295.00
652.48	2297.00
652.68	2215.00
652.87	2240.00
653.06	2228.00
653.26	2171.00
653.45	2250.00
653.64	2330.00
653.84	2228.00
654.03	2250.00
654.22	2278.00
654.42	2257.00
654.61	2259.00
654.80	2234.00
654.99	2279.00
655.19	2359.00
655.38	2398.00
655.57	2323.00
655.77	2335.00
655.96	2358.00
656.15	2326.00
656.35	2239.00
656.54	2233.00
656.73	2301.00
656.93	2281.00
657.12	2255.00
657.31	2339.00
657.51	2300.00
657.70	2358.00
657.89	2294.00
658.09	2187.00
658.28	2244.00
658.47	2324.00
658.66	2305.00
658.86	2223.00
659.05	2228.00
659.24	2264.00
659.44	2298.00
659.63	2300.00
659.82	2318.00
660.02	2278.00
660.21	2224.00
660.40	2239.00
660.60	2232.00
660.79	2297.00
660.98	2297.00
661.17	2238.00
661.37	2230.00
661.56	2176.00
661.75	2137.00
661.95	2187.00
662.14	2257.00
662.33	2263.00
662.52	2222.00
662.72	2258.00
662.91	2264.00
663.10	2283.00
663.30	2192.00
663.49	2115.00
663.68	2131.00
663.88	2224.00
664.07	2234.00
664.26	2172.00
664.45	2104.00
664.65	2159.00
664.84	2102.00
665.03	2161.00
665.23	2162.00
665.42	2114.00
665.61	2083.00
665.80	2079.00
666.00	2135.00
666.19	2085.00
666.38	2047.00
666.57	2060.00
666.77	2083.00
666.96	2129.00
667.15	2105.00
667.35	2127.00
667.54	2206.00
667.73	2141.00
667.92	2094.00
668.12	2084.00
668.31	2097.00
668.50	2103.00
668.70	2020.00
668.89	2045.00
669.08	2026.00
669.27	1967.00
669.47	1957.00
669.66	2020.00
669.85	2030.00
670.04	2045.00
670.24	2069.00
670.43	2122.00
670.62	2068.00
670.81	2021.00
671.01	2036.00
671.20	2030.00
671.39	2031.00
671.58	1976.00
671.78	1999.00
671.97	2040.00
672.16	2123.00
672.36	2166.00
672.55	1982.00
672.74	1963.00
672.93	1916.00
673.13	1942.00
673.32	1967.00
673.51	2011.00
673.70	1880.00
673.90	1874.00
674.09	2013.00
674.28	2000.00
674.47	1983.00
674.67	1980.00
674.86	1969.00
675.05	1998.00
675.24	1958.00
675.44	1918.00
675.63	1862.00
675.82	1880.00
676.01	1853.00
676.21	1879.00
676.40	1959.00
676.59	2001.00
676.78	1966.00
676.97	1916.00
677.17	2006.00
677.36	1980.00
677.55	1936.00
677.74	1875.00
677.94	1914.00
678.13	1957.00
678.32	2018.00
678.51	2012.00
678.71	1921.00
678.90	1885.00
679.09	1905.00
679.28	1835.00
679.48	1838.00
679.67	1883.00
679.86	1872.00
680.05	1986.00
680.24	1871.00
680.44	1829.00
680.63	1841.00
680.82	1840.00
681.01	1891.00
681.21	1851.00
681.40	1787.00
681.59	1758.00
681.78	1776.00
681.97	1837.00
682.17	1874.00
682.36	1913.00
682.55	1821.00
682.74	1822.00
682.94	1836.00
683.13	1791.00
683.32	1777.00
683.51	1892.00
683.70	1881.00
683.90	1870.00
684.09	1829.00
684.28	1852.00
684.47	1872.00
684.66	1823.00
684.86	1863.00
685.05	1775.00
685.24	1780.00
685.43	1804.00
685.63	1799.00
685.82	1807.00
686.01	1871.00
686.20	1846.00
686.39	1792.00
686.59	1773.00
686.78	1844.00
686.97	1856.00
687.16	1817.00
687.35	1794.00
687.55	1865.00
687.74	1832.00
687.93	1836.00
688.12	1867.00
688.31	1883.00
688.51	1855.00
688.70	1814.00
688.89	1792.00
689.08	1853.00
689.27	1863.00
689.47	1833.00
689.66	1829.00
689.85	1764.00
690.04	1729.00
690.23	1757.00
690.42	1689.00
690.62	1671.00
690.81	1706.00
691.00	1710.00
691.19	1784.00
691.38	1764.00
691.58	1782.00
691.77	1837.00
691.96	1755.00
692.15	1746.00
692.34	1804.00
692.54	1837.00
692.73	1801.00
692.92	1805.00
693.11	1889.00
693.30	1892.00
693.49	1821.00
693.69	1859.00
693.88	1844.00
694.07	1783.00
694.26	1778.00
694.45	1810.00
694.64	1797.00
694.84	1756.00
695.03	1743.00
695.22	1807.00
695.41	1835.00
695.60	1766.00
695.80	1744.00
695.99	1781.00
696.18	1775.00
696.37	1848.00
696.56	1835.00
696.75	1840.00
696.95	1821.00
697.14	1819.00
697.33	1832.00
697.52	1843.00
697.71	1868.00
697.90	1880.00
698.09	1836.00
698.29	1834.00
698.48	1839.00
698.67	1914.00
698.86	1862.00
699.05	1742.00
699.24	1759.00
699.44	1722.00
699.63	1749.00
699.82	1809.00
700.01	1891.00
700.20	1886.00
700.39	1901.00
700.58	1884.00
700.78	1772.00
700.97	1825.00
701.16	1927.00
701.35	1934.00
701.54	1928.00
701.73	1886.00
701.93	1931.00
702.12	1916.00
702.31	1985.00
702.50	1942.00
702.69	1897.00
702.88	1842.00
703.07	1924.00
703.27	1881.00
703.46	1887.00
703.65	1960.00
703.84	1943.00
704.03	2000.00
704.22	2029.00
704.41	1975.00
704.60	2004.00
704.80	2001.00
704.99	1994.00
705.18	1954.00
705.37	1913.00
705.56	1990.00
705.75	1995.00
705.94	1961.00
706.14	1999.00
706.33	2132.00
706.52	2195.00
706.71	2105.00
706.90	2127.00
707.09	2159.00
707.28	2170.00
707.47	2170.00
707.67	2205.00
707.86	2152.00
708.05	2036.00
708.24	2105.00
708.43	2305.00
708.62	2248.00
708.81	2200.00
709.00	2214.00
709.20	2259.00
709.39	2234.00
709.58	2254.00
709.77	2228.00
709.96	2219.00
710.15	2186.00
710.34	2221.00
710.53	2127.00
710.72	2030.00
710.92	2100.00
711.11	2287.00
711.30	2292.00
711.49	2263.00
711.68	2303.00
711.87	2372.00
712.06	2302.00
712.25	2266.00
712.44	2290.00
712.64	2297.00
712.83	2284.00
713.02	2283.00
713.21	2253.00
713.40	2255.00
713.59	2306.00
713.78	2316.00
713.97	2253.00
714.16	2291.00
714.35	2324.00
714.55	2259.00
714.74	2182.00
714.93	2232.00
715.12	2251.00
715.31	2226.00
715.50	2218.00
715.69	2209.00
715.88	2234.00
716.07	2312.00
716.26	2285.00
716.45	2197.00
716.65	2166.00
716.84	2275.00
717.03	2302.00
717.22	2187.00
717.41	2182.00
717.60	2169.00
717.79	2285.00
717.98	2313.00
718.17	2188.00
718.36	2285.00
718.55	2332.00
718.75	2296.00
718.94	2319.00
719.13	2300.00
719.32	2292.00
719.51	2360.00
719.70	2366.00
719.89	2408.00
720.08	2408.00
720.27	2374.00
720.46	2422.00
720.65	2401.00
720.84	2458.00
721.03	2428.00
721.22	2369.00
721.42	2349.00
721.61	2335.00
721.80	2305.00
721.99	2304.00
722.18	2285.00
722.37	2271.00
722.56	2376.00
722.75	2345.00
722.94	2276.00
723.13	2316.00
723.32	2344.00
723.51	2308.00
723.70	2335.00
723.89	2430.00
724.08	2452.00
724.28	2404.00
724.47	2292.00
724.66	2282.00
724.85	2381.00
725.04	2360.00
725.23	2414.00
725.42	2328.00
725.61	2289.00
725.80	2341.00
725.99	2384.00
726.18	2423.00
726.37	2420.00
726.56	2378.00
726.75	2352.00
726.94	2426.00
727.13	2371.00
727.32	2256.00
727.51	2275.00
727.71	2288.00
727.90	2249.00
728.09	2294.00
728.28	2328.00
728.47	2363.00
728.66	2358.00
728.85	2342.00
729.04	2381.00
729.23	2440.00
729.42	2372.00
729.61	2329.00
729.80	2309.00
729.99	2391.00
730.18	2396.00
730.37	2334.00
730.56	2335.00
730.75	2378.00
730.94	2253.00
731.13	2450.00
731.32	2385.00
731.51	2328.00
731.70	2351.00
731.89	2341.00
732.08	2383.00
732.27	2311.00
732.46	2276.00
732.65	2432.00
732.84	2360.00
733.04	2370.00
733.23	2418.00
733.42	2314.00
733.61	2278.00
733.80	2300.00
733.99	2273.00
734.18	2239.00
734.37	2341.00
734.56	2375.00
734.75	2318.00
734.94	2274.00
735.13	2255.00
735.32	2269.00
735.51	2247.00
735.70	2273.00
735.89	2221.00
736.08	2226.00
736.27	2243.00
736.46	2196.00
736.65	2223.00
736.84	2293.00
737.03	2325.00
737.22	2254.00
737.41	2230.00
737.60	2182.00
737.79	2224.00
737.98	2202.00
738.17	2227.00
738.36	2255.00
738.55	2297.00
738.74	2302.00
738.93	2235.00
739.12	2275.00
739.31	2334.00
739.50	2241.00
739.69	2173.00
739.88	2242.00
740.07	2184.00
740.26	2119.00
740.45	2166.00
740.64	2241.00
740.83	2151.00
741.02	2108.00
741.21	2073.00
741.40	2077.00
741.59	2201.00
741.78	2153.00
741.97	2078.00
742.16	2012.00
742.35	2063.00
742.54	2107.00
742.73	2079.00
742.92	2089.00
743.11	2132.00
743.30	2090.00
743.49	2056.00
743.68	2080.00
743.87	2126.00
744.06	2072.00
744.25	2117.00
744.44	2080.00
744.63	2068.00
744.82	1997.00
745.01	2076.00
745.20	2074.00
745.39	2086.00
745.58	2064.00
745.77	2059.00
745.96	1966.00
746.15	2007.00
746.34	2043.00
746.52	2106.00
746.71	2081.00
746.90	2001.00
747.09	1988.00
747.28	1943.00
747.47	1893.00
747.66	1979.00
747.85	2020.00
748.04	1968.00
748.23	1960.00
748.42	1983.00
748.61	2034.00
748.80	1980.00
748.99	1862.00
749.18	1900.00
749.37	1950.00
749.56	1957.00
749.75	1884.00
749.94	1875.00
750.13	1856.00
750.32	1797.00
750.51	1804.00
750.70	1796.00
750.89	1814.00
751.08	1846.00
751.27	1894.00
751.46	1874.00
751.64	1838.00
751.83	1841.00
752.02	1817.00
752.21	1773.00
752.40	1807.00
752.59	1809.00
752.78	1870.00
752.97	1856.00
753.16	1859.00
753.35	1858.00
753.54	1826.00
753.73	1833.00
753.92	1828.00
754.11	1795.00
754.30	1869.00
754.49	1891.00
754.68	1835.00
754.87	1840.00
755.06	1835.00
755.24	1834.00
755.43	1830.00
755.62	1884.00
755.81	1772.00
756.00	1749.00
756.19	1691.00
756.38	1693.00
756.57	1740.00
756.76	1728.00
756.95	1697.00
757.14	1661.00
757.33	1602.00
757.52	1696.00
757.71	1726.00
757.90	1692.00
758.08	1766.00
758.27	1813.00
758.46	1698.00
758.65	1635.00
758.84	1666.00
759.03	1727.00
759.22	1706.00
759.41	1645.00
759.60	1654.00
759.79	1707.00
759.98	1686.00
760.17	1647.00
760.36	1691.00
760.54	1779.00
760.73	1751.00
760.92	1723.00
761.11	1708.00
761.30	1639.00
761.49	1606.00
761.68	1579.00
761.87	1561.00
762.06	1550.00
762.25	1518.00
762.44	1405.00
762.63	1414.00
762.81	1569.00
763.00	1533.00
763.19	1459.00
763.38	1407.00
763.57	1405.00
763.76	1411.00
763.95	1387.00
764.14	1445.00
764.33	1467.00
764.52	1448.00
764.71	1455.00
764.89	1458.00
765.08	1468.00
765.27	1455.00
765.46	1446.00
765.65	1445.00
765.84	1447.00
766.03	1442.00
766.22	1452.00
766.41	1459.00
766.59	1472.00
766.78	1448.00
766.97	1521.00
767.16	1500.00
767.35	1493.00
767.54	1556.00
767.73	1538.00
767.92	1540.00
768.11	1594.00
768.30	1636.00
768.48	1568.00
768.67	1587.00
768.86	1638.00
769.05	1607.00
769.24	1620.00
769.43	1598.00
769.62	1628.00
769.81	1629.00
769.99	1664.00
770.18	1588.00
770.37	1575.00
770.56	1618.00
770.75	1574.00
770.94	1576.00
771.13	1550.00
771.32	1592.00
771.50	1623.00
771.69	1587.00
771.88	1558.00
772.07	1569.00
772.26	1566.00
772.45	1618.00
772.64	1576.00
772.83	1587.00
773.01	1498.00
773.20	1435.00
773.39	1483.00
773.58	1616.00
773.77	1627.00
773.96	1637.00
774.15	1678.00
774.34	1616.00
774.52	1572.00
774.71	1510.00
774.90	1554.00
775.09	1555.00
775.28	1568.00
775.47	1574.00
775.66	1551.00
775.84	1617.00
776.03	1586.00
776.22	1588.00
776.41	1537.00
776.60	1508.00
776.79	1545.00
776.98	1549.00
777.16	1544.00
777.35	1591.00
777.54	1446.00
777.73	1466.00
777.92	1524.00
778.11	1560.00
778.29	1558.00
778.48	1525.00
778.67	1527.00
778.86	1488.00
779.05	1554.00
779.24	1605.00
779.43	1558.00
779.61	1532.00
779.80	1448.00
779.99	1479.00
780.18	1540.00
780.37	1529.00
780.56	1504.00
780.74	1566.00
780.93	1559.00
781.12	1570.00
781.31	1576.00
781.50	1592.00
781.69	1561.00
781.87	1570.00
782.06	1547.00
782.25	1542.00
782.44	1600.00
782.63	1661.00
782.82	1633.00
783.00	1542.00
783.19	1511.00
783.38	1604.00
783.57	1550.00
783.76	1470.00
783.95	1525.00
784.13	1509.00
784.32	1512.00
784.51	1617.00
784.70	1655.00
784.89	1598.00
785.08	1608.00
785.26	1642.00
785.45	1566.00
785.64	1553.00
785.83	1569.00
786.02	1606.00
786.20	1557.00
786.39	1531.00
786.58	1482.00
786.77	1532.00
786.96	1607.00
787.15	1594.00
787.33	1622.00
787.52	1635.00
787.71	1664.00
787.90	1595.00
788.09	1603.00
788.27	1647.00
788.46	1606.00
788.65	1668.00
788.84	1678.00
789.03	1598.00
789.21	1591.00
789.40	1679.00
789.59	1668.00
789.78	1627.00
789.97	1597.00
790.15	1624.00
790.34	1636.00
790.53	1568.00
790.72	1608.00
790.91	1567.00
791.09	1658.00
791.28	1684.00
791.47	1642.00
791.66	1666.00
791.85	1674.00
792.03	1633.00
792.22	1648.00
792.41	1627.00
792.60	1615.00
792.79	1683.00
792.97	1697.00
793.16	1704.00
793.35	1715.00
793.54	1781.00
793.72	1730.00
793.91	1636.00
794.10	1658.00
794.29	1680.00
794.48	1695.00
794.66	1735.00
794.85	1716.00
795.04	1723.00
795.23	1678.00
795.42	1648.00
795.60	1671.00
795.79	1708.00
795.98	1698.00
796.17	1761.00
796.35	1654.00
796.54	1627.00
796.73	1696.00
796.92	1663.00
797.11	1742.00
797.29	1665.00
797.48	1640.00
797.67	1654.00
797.86	1742.00
798.04	1663.00
798.23	1655.00
798.42	1730.00
798.61	1663.00
798.79	1609.00
798.98	1620.00
799.17	1656.00
799.36	1681.00
799.54	1700.00
799.73	1650.00
799.92	1654.00
800.11	1662.00
800.30	1622.00
800.48	1674.00
800.67	1695.00
800.86	1683.00
801.05	1591.00
801.23	1601.00
801.42	1703.00
801.61	1671.00
801.80	1592.00
801.98	1605.00
802.17	1683.00
802.36	1671.00
802.55	1652.00
802.73	1704.00
802.92	1716.00
803.11	1678.00
803.30	1575.00
803.48	1604.00
803.67	1624.00
803.86	1618.00
804.05	1755.00
804.23	1770.00
804.42	1732.00
804.61	1780.00
804.80	1715.00
804.98	1681.00
805.17	1719.00
805.36	1748.00
805.54	1698.00
805.73	1714.00
805.92	1711.00
806.11	1710.00
806.29	1764.00
806.48	1753.00
806.67	1745.00
806.86	1707.00
807.04	1769.00
807.23	1762.00
807.42	1747.00
807.61	1728.00
807.79	1770.00
807.98	1791.00
808.17	1803.00
808.35	1706.00
808.54	1742.00
808.73	1741.00
808.92	1797.00
809.10	1779.00
809.29	1701.00
809.48	1725.00
809.67	1733.00
809.85	1775.00
810.04	1677.00
810.23	1672.00
810.41	1754.00
810.60	1688.00
810.79	1735.00
810.98	1771.00
811.16	1648.00
811.35	1661.00
811.54	1764.00
811.72	1751.00
811.91	1708.00
812.10	1750.00
812.29	1637.00
812.47	1708.00
812.66	1741.00
812.85	1732.00
813.03	1765.00
813.22	1757.00
813.41	1742.00
813.60	1718.00
813.78	1706.00
813.97	1742.00
814.16	1742.00
814.34	1747.00
814.53	1703.00
814.72	1715.00
814.90	1737.00
815.09	1667.00
815.28	1616.00
815.47	1600.00
815.65	1655.00
815.84	1675.00
816.03	1679.00
816.21	1766.00
816.40	1748.00
816.59	1680.00
816.77	1685.00
816.96	1715.00
817.15	1723.00
817.33	1736.00
817.52	1774.00
817.71	1765.00
817.90	1727.00
818.08	1752.00
818.27	1812.00
818.46	1713.00
818.64	1705.00
818.83	1791.00
819.02	1786.00
819.20	1790.00
819.39	1681.00
819.58	1655.00
819.76	1706.00
819.95	1729.00
820.14	1725.00
820.32	1691.00
820.51	1681.00
820.70	1695.00
820.88	1685.00
821.07	1737.00
821.26	1787.00
821.44	1677.00
821.63	1689.00
821.82	1678.00
822.01	1695.00
822.19	1726.00
822.38	1729.00
822.57	1756.00
822.75	1691.00
822.94	1675.00
823.13	1659.00
823.31	1641.00
823.50	1602.00
823.69	1617.00
823.87	1692.00
824.06	1656.00
824.25	1680.00
824.43	1727.00
824.62	1648.00
824.80	1660.00
824.99	1678.00
825.18	1708.00
825.36	1678.00
825.55	1686.00
825.74	1702.00
825.92	1745.00
826.11	1696.00
826.30	1641.00
826.48	1679.00
826.67	1649.00
826.86	1599.00
827.04	1622.00
827.23	1641.00
827.42	1626.00
827.60	1681.00
827.79	1716.00
827.98	1669.00
828.16	1606.00
828.35	1555.00
828.54	1627.00
828.72	1672.00
828.91	1660.00
829.09	1625.00
829.28	1544.00
829.47	1610.00
829.65	1672.00
829.84	1638.00
830.03	1609.00
830.21	1634.00
830.40	1573.00
830.59	1570.00
830.77	1583.00
830.96	1618.00
831.14	1605.00
831.33	1650.00
831.52	1577.00
831.70	1595.00
831.89	1595.00
832.08	1599.00
832.26	1615.00
832.45	1517.00
832.64	1476.00
832.82	1534.00
833.01	1627.00
833.19	1610.00
833.38	1520.00
833.57	1486.00
833.75	1555.00
833.94	1494.00
834.13	1491.00
834.31	1578.00
834.50	1565.00
834.68	1595.00
834.87	1653.00
835.06	1563.00
835.24	1503.00
835.43	1543.00
835.61	1483.00
835.80	1478.00
835.99	1523.00
836.17	1524.00
836.36	1504.00
836.55	1480.00
836.73	1545.00
836.92	1569.00
837.10	1552.00
837.29	1546.00
837.48	1522.00
837.66	1541.00
837.85	1541.00
838.03	1526.00
838.22	1489.00
838.41	1543.00
838.59	1493.00
838.78	1480.00
838.96	1469.00
839.15	1560.00
839.34	1518.00
839.52	1472.00
839.71	1494.00
839.89	1545.00
840.08	1498.00
840.27	1461.00
840.45	1530.00
840.64	1505.00
840.82	1579.00
841.01	1465.00
841.20	1476.00
841.38	1465.00
841.57	1463.00
841.75	1427.00
841.94	1401.00
842.13	1396.00
842.31	1494.00
842.50	1432.00
842.68	1457.00
842.87	1525.00
843.05	1482.00
843.24	1427.00
843.43	1398.00
843.61	1519.00
843.80	1458.00
843.98	1421.00
844.17	1442.00
844.36	1537.00
844.54	1447.00
844.73	1457.00
844.91	1426.00
845.10	1383.00
845.28	1317.00
845.47	1406.00
845.66	1462.00
845.84	1343.00
846.03	1378.00
846.21	1341.00
846.40	1403.00
846.58	1343.00
846.77	1331.00
846.96	1421.00
847.14	1362.00
847.33	1338.00
847.51	1365.00
847.70	1389.00
847.88	1325.00
848.07	1301.00
848.25	1357.00
848.44	1303.00
848.63	1368.00
848.81	1327.00
849.00	1415.00
849.18	1316.00
849.37	1290.00
849.55	1320.00
849.74	1345.00
849.93	1388.00
850.11	1324.00
850.30	1311.00
850.48	1286.00
850.67	1327.00
850.85	1274.00
851.04	1262.00
851.22	1327.00
851.41	1349.00
851.59	1300.00
851.78	1309.00
851.97	1375.00
852.15	1300.00
852.34	1212.00
852.52	1234.00
852.71	1263.00
852.89	1266.00
853.08	1264.00
853.26	1324.00
853.45	1335.00
853.63	1327.00
853.82	1277.00
854.01	1266.00
854.19	1212.00
854.38	1232.00
854.56	1222.00
854.75	1221.00
854.93	1193.00
855.12	1200.00
855.30	1200.00
855.49	1195.00
855.67	1190.00
855.86	1150.00
856.04	1184.00
856.23	1192.00
856.41	1157.00
856.60	1161.00
856.79	1283.00
856.97	1278.00
857.16	1166.00
857.34	1209.00
857.53	1217.00
857.71	1187.00
857.90	1119.00
858.08	1169.00
858.27	1197.00
858.45	1167.00
858.64	1200.00
858.82	1175.00
859.01	1211.00
859.19	1266.00
859.38	1273.00
859.56	1270.00
859.75	1258.00
859.93	1182.00
860.12	1129.00
860.30	1194.00
860.49	1155.00
860.67	1191.00
860.86	1151.00
861.04	1127.00
861.23	1123.00
861.41	1164.00
861.60	1207.00
861.78	1173.00
861.97	1152.00
862.15	1128.00
862.34	1128.00
862.53	1124.00
862.71	1145.00
862.90	1076.00
863.08	1082.00
863.27	1130.00
863.45	1052.00
863.64	1117.00
863.82	1164.00
864.01	1195.00
864.19	1111.00
864.37	1132.00
864.56	1121.00
864.74	1156.00
864.93	1169.00
865.11	1064.00
865.30	1042.00
865.48	1089.00
865.67	1104.00
865.85	1150.00
866.04	1144.00
866.22	1071.00
866.41	1095.00
866.59	1068.00
866.78	1033.00
866.96	1124.00
867.15	1134.00
867.33	1057.00
867.52	1028.00
867.70	1001.00
867.89	1054.00
868.07	1069.00
868.26	1022.00
868.44	1036.00
868.63	1004.00
868.81	1045.00
869.00	983.00
869.18	985.00
869.37	1002.00
869.55	1026.00
869.74	996.00
869.92	932.00
870.10	961.00
870.29	999.00
870.47	1069.00
870.66	1012.00
870.84	950.00
871.03	987.00
871.21	934.00
871.40	1054.00
871.58	1080.00
871.77	1001.00
871.95	1025.00
872.14	953.00
872.32	971.00
872.51	958.00
872.69	947.00
872.87	987.00
873.06	949.00
873.24	927.00
873.43	951.00
873.61	935.00
873.80	949.00
873.98	1026.00
874.17	973.00
874.35	987.00
874.54	943.00
874.72	943.00
874.90	1001.00
875.09	978.00
875.27	918.00
875.46	900.00
875.64	907.00
875.83	951.00
876.01	1005.00
876.20	1001.00
876.38	956.00
876.56	1011.00
876.75	1040.00
876.93	1040.00
877.12	975.00
877.30	980.00
877.49	956.00
877.67	934.00
877.86	916.00
878.04	951.00
878.22	858.00
878.41	898.00
878.59	963.00
878.78	950.00
878.96	986.00
879.15	965.00
879.33	935.00
879.51	975.00
879.70	965.00
879.88	979.00
880.07	1019.00
880.25	940.00
880.44	933.00
880.62	928.00
880.80	879.00
880.99	888.00
881.17	930.00
881.36	920.00
881.54	992.00
881.73	917.00
881.91	868.00
882.09	911.00
882.28	1024.00
882.46	982.00
882.65	938.00
882.83	872.00
883.02	848.00
883.20	848.00
883.38	917.00
883.57	889.00
883.75	874.00
883.94	902.00
884.12	930.00
884.30	935.00
884.49	958.00
884.67	877.00
884.86	893.00
885.04	939.00
885.22	930.00
885.41	933.00
885.59	956.00
885.78	905.00
885.96	852.00
886.14	911.00
886.33	829.00
886.51	818.00
886.70	851.00
886.88	892.00
887.06	910.00
887.25	894.00
887.43	873.00
887.62	901.00
887.80	914.00
887.98	889.00
888.17	893.00
888.35	915.00
888.54	936.00
888.72	933.00
888.90	922.00
889.09	933.00
889.27	955.00
889.46	944.00
889.64	881.00
889.82	891.00
890.01	925.00
890.19	933.00
890.38	866.00
890.56	834.00
890.74	862.00
890.93	933.00
891.11	960.00
891.29	885.00
891.48	861.00
891.66	873.00
891.85	844.00
892.03	866.00
892.21	938.00
892.40	937.00
892.58	919.00
892.76	944.00
892.95	889.00
893.13	935.00
893.32	908.00
893.50	906.00
893.68	922.00
893.87	882.00
894.05	781.00
894.23	832.00
894.42	879.00
894.60	855.00
894.79	869.00
894.97	937.00
895.15	926.00
895.34	905.00
895.52	950.00
895.70	923.00
895.89	909.00
896.07	909.00
896.25	925.00
896.44	973.00
896.62	963.00
896.81	930.00
896.99	920.00
897.17	914.00
897.36	864.00
897.54	843.00
897.72	823.00
897.91	806.00
898.09	871.00
898.27	874.00
898.46	879.00
898.64	866.00
898.82	897.00
899.01	988.00
899.19	947.00
899.37	976.00
899.56	933.00
899.74	895.00
899.92	962.00
900.11	969.00
900.29	934.00
900.47	964.00
900.66	930.00
900.84	933.00
901.03	933.00
901.21	911.00
901.39	862.00
901.58	891.00
901.76	999.00
901.94	1038.00
902.13	1010.00
902.31	947.00
902.49	941.00
902.68	897.00
902.86	921.00
903.04	977.00
903.23	985.00
903.41	1053.00
903.59	1035.00
903.78	966.00
903.96	986.00
904.14	978.00
904.32	937.00
904.51	930.00
904.69	971.00
904.87	1023.00
905.06	993.00
905.24	925.00
905.42	927.00
905.61	874.00
905.79	930.00
905.97	1040.00
906.16	1007.00
906.34	1000.00
906.52	1009.00
906.71	1049.00
906.89	954.00
907.07	918.00
907.26	970.00
907.44	978.00
907.62	996.00
907.81	929.00
907.99	921.00
908.17	919.00
908.35	993.00
908.54	988.00
908.72	995.00
908.90	1014.00
909.09	1021.00
909.27	1042.00
909.45	1024.00
909.64	1027.00
909.82	1037.00
910.00	949.00
910.18	977.00
910.37	1002.00
910.55	1027.00
910.73	1016.00
910.92	1030.00
911.10	997.00
911.28	1053.00
911.47	996.00
911.65	982.00
911.83	937.00
912.01	929.00
912.20	985.00
912.38	1014.00
912.56	1033.00
912.75	1080.00
912.93	1015.00
913.11	909.00
913.29	985.00
913.48	1042.00
913.66	976.00
913.84	979.00
914.03	981.00
914.21	944.00
914.39	929.00
914.57	952.00
914.76	947.00
914.94	944.00
915.12	958.00
915.31	939.00
915.49	986.00
915.67	943.00
915.85	946.00
916.04	975.00
916.22	931.00
916.40	1005.00
916.58	986.00
916.77	961.00
916.95	987.00
917.13	914.00
917.32	877.00
917.50	905.00
917.68	951.00
917.86	918.00
918.05	907.00
918.23	860.00
918.41	852.00
918.59	895.00
918.78	925.00
918.96	883.00
919.14	874.00
919.32	944.00
919.51	882.00
919.69	893.00
919.87	939.00
920.05	967.00
920.24	932.00
920.42	965.00
920.60	931.00
920.78	906.00
920.97	874.00
921.15	900.00
921.33	894.00
921.52	880.00
921.70	855.00
921.88	851.00
922.06	874.00
922.24	907.00
922.43	834.00
922.61	894.00
922.79	941.00
922.97	897.00
923.16	891.00
923.34	929.00
923.52	885.00
923.70	937.00
923.89	951.00
924.07	893.00
924.25	865.00
924.43	860.00
924.62	816.00
924.80	806.00
924.98	855.00
925.16	887.00
925.35	912.00
925.53	846.00
925.71	863.00
925.89	839.00
926.08	854.00
926.26	886.00
926.44	859.00
926.62	860.00
926.80	864.00
926.99	837.00
927.17	815.00
927.35	824.00
927.53	858.00
927.72	822.00
927.90	810.00
928.08	818.00
928.26	838.00
928.44	865.00
928.63	821.00
928.81	823.00
928.99	829.00
929.17	839.00
929.36	726.00
929.54	811.00
929.72	896.00
929.90	877.00
930.08	812.00
930.27	767.00
930.45	776.00
930.63	774.00
930.81	766.00
930.99	808.00
931.18	825.00
931.36	832.00
931.54	745.00
931.72	745.00
931.90	710.00
932.09	748.00
932.27	684.00
932.45	683.00
932.63	661.00
932.81	667.00
933.00	754.00
933.18	734.00
933.36	687.00
933.54	734.00
933.72	731.00
933.91	697.00
934.09	667.00
934.27	679.00
934.45	673.00
934.63	690.00
934.82	705.00
935.00	692.00
935.18	643.00
935.36	654.00
935.54	667.00
935.73	594.00
935.91	602.00
936.09	633.00
936.27	615.00
936.45	573.00
936.64	565.00
936.82	605.00
937.00	571.00
937.18	583.00
937.36	596.00
937.54	584.00
937.73	565.00
937.91	512.00
938.09	497.00
938.27	538.00
938.45	590.00
938.63	541.00
938.82	494.00
939.00	559.00
939.18	533.00
939.36	501.00
939.54	461.00
939.73	419.00
939.91	420.00
940.09	432.00
940.27	431.00
940.45	465.00
940.63	478.00
940.82	432.00
941.00	444.00
941.18	454.00
941.36	457.00
941.54	401.00
941.72	408.00
941.91	384.00
942.09	387.00
942.27	401.00
942.45	446.00
942.63	452.00
942.81	424.00
942.99	387.00
943.18	474.00
943.36	435.00
943.54	386.00
943.72	376.00
943.90	361.00
944.08	411.00
944.27	376.00
944.45	397.00
944.63	398.00
944.81	389.00
944.99	371.00
945.17	392.00
945.35	431.00
945.54	443.00
945.72	418.00
945.90	407.00
946.08	382.00
946.26	375.00
946.44	378.00
946.62	391.00
946.81	391.00
946.99	373.00
947.17	346.00
947.35	349.00
947.53	393.00
947.71	382.00
947.89	418.00
948.07	417.00
948.26	416.00
948.44	436.00
948.62	361.00
948.80	385.00
948.98	388.00
949.16	410.00
949.34	366.00
949.53	386.00
949.71	430.00
949.89	412.00
950.07	401.00
950.25	463.00
950.43	439.00
950.61	389.00
950.79	396.00
950.98	365.00
951.16	371.00
951.34	368.00
951.52	424.00
951.70	416.00
951.88	415.00
952.06	376.00
952.24	410.00
952.42	394.00
952.61	360.00
952.79	331.00
952.97	340.00
953.15	341.00
953.33	327.00
953.51	318.00
953.69	368.00
953.87	350.00
954.05	341.00
954.24	413.00
954.42	475.00
954.60	434.00
954.78	363.00
954.96	302.00
955.14	340.00
955.32	380.00
955.50	353.00
955.68	377.00
955.86	401.00
956.05	392.00
956.23	374.00
956.41	345.00
956.59	328.00
956.77	367.00
956.95	382.00
957.13	417.00
957.31	330.00
957.49	318.00
957.67	395.00
957.86	421.00
958.04	383.00
958.22	343.00
958.40	357.00
958.58	325.00
958.76	342.00
958.94	301.00
959.12	354.00
959.30	345.00
959.48	375.00
959.66	399.00
959.84	295.00
960.03	345.00
960.21	383.00
960.39	302.00
960.57	344.00
960.75	341.00
960.93	369.00
961.11	369.00
961.29	359.00
961.47	368.00
961.65	356.00
961.83	365.00
962.01	327.00
962.19	350.00
962.37	322.00
962.56	368.00
962.74	389.00
962.92	340.00
963.10	311.00
963.28	331.00
963.46	362.00
963.64	369.00
963.82	380.00
964.00	346.00
964.18	302.00
964.36	283.00
964.54	273.00
964.72	342.00
964.90	329.00
965.08	397.00
965.27	440.00
965.45	329.00
965.63	387.00
965.81	386.00
965.99	375.00
966.17	334.00
966.35	349.00
966.53	349.00
966.71	305.00
966.89	330.00
967.07	333.00
967.25	406.00
967.43	390.00
967.61	406.00
967.79	397.00
967.97	368.00
968.15	337.00
968.33	357.00
968.51	311.00
968.69	292.00
968.87	284.00
969.06	308.00
969.24	430.00
969.42	382.00
969.60	356.00
969.78	322.00
969.96	294.00
970.14	329.00
970.32	291.00
970.50	268.00
970.68	295.00
970.86	233.00
971.04	248.00
971.22	259.00
971.40	328.00
971.58	343.00
971.76	219.00
971.94	258.00
972.12	291.00
972.30	340.00
972.48	335.00
972.66	303.00
972.84	355.00
973.02	295.00
973.20	274.00
973.38	234.00
973.56	260.00
973.74	300.00
973.92	280.00
974.10	279.00
974.28	327.00
974.46	266.00
974.64	270.00
974.82	316.00
975.00	308.00
975.18	224.00
975.36	231.00
975.54	259.00
975.72	352.00
975.90	274.00
976.08	264.00
976.26	303.00
976.44	325.00
976.62	342.00
976.80	291.00
976.98	252.00
977.16	277.00
977.34	273.00
977.52	249.00
977.70	266.00
977.88	306.00
978.06	201.00
978.24	207.00
978.42	194.00
978.60	229.00
978.78	285.00
978.96	338.00
979.14	322.00
979.32	233.00
979.50	233.00
979.68	276.00
979.86	207.00
980.04	191.00
980.22	275.00
980.40	305.00
980.58	266.00
980.76	230.00
980.94	241.00
981.12	261.00
981.30	290.00
981.48	265.00
981.66	291.00
981.84	265.00
982.02	232.00
982.20	225.00
982.38	284.00
982.56	290.00
982.74	292.00
982.92	292.00
983.10	255.00
983.28	242.00
983.46	263.00
983.64	242.00
983.82	286.00
984.00	204.00
984.18	171.00
984.36	184.00
984.54	227.00
984.72	207.00
984.90	222.00
985.08	269.00
985.26	260.00
985.44	234.00
985.62	192.00
985.80	171.00
985.98	217.00
986.16	234.00
986.34	211.00
986.51	238.00
986.69	271.00
986.87	260.00
987.05	279.00
987.23	258.00
987.41	255.00
987.59	265.00
987.77	176.00
987.95	197.00
988.13	221.00
988.31	238.00
988.49	185.00
988.67	226.00
988.85	238.00
989.03	214.00
989.21	193.00
989.39	172.00
989.57	199.00
989.75	297.00
989.93	289.00
990.11	238.00
990.28	238.00
990.46	265.00
990.64	285.00
990.82	245.00
991.00	227.00
991.18	281.00
991.36	237.00
991.54	220.00
991.72	190.00
991.90	200.00
992.08	162.00
992.26	174.00
992.44	204.00
992.62	197.00
992.80	164.00
992.98	195.00
993.15	237.00
993.33	222.00
993.51	193.00
993.69	202.00
993.87	197.00
994.05	211.00
994.23	197.00
994.41	184.00
994.59	213.00
994.77	205.00
994.95	202.00
995.13	228.00
995.31	232.00
995.48	185.00
995.66	137.00
995.84	215.00
996.02	210.00
996.20	196.00
996.38	212.00
996.56	205.00
996.74	170.00
996.92	183.00
997.10	256.00
997.28	254.00
997.46	246.00
997.63	181.00
997.81	95.00
997.99	152.00
998.17	169.00
998.35	137.00
998.53	110.00
998.71	166.00
998.89	162.00
999.07	157.00
999.25	225.00
999.43	239.00
999.60	181.00
999.78	203.00
999.96	183.00
1000.14	167.00
1000.32	181.00
1000.50	171.00
1000.68	126.00
1000.86	157.00
1001.04	193.00
1001.21	196.00
1001.39	193.00
1001.57	213.00
1001.75	259.00
1001.93	194.00
1002.11	246.00
1002.29	206.00
1002.47	166.00
1002.65	193.00
1002.82	183.00
1003.00	159.00
1003.18	189.00
1003.36	277.00
1003.54	232.00
1003.72	182.00
1003.90	212.00
1004.08	220.00
1004.26	172.00
1004.43	184.00
1004.61	161.00
1004.79	158.00
1004.97	178.00
1005.15	186.00
1005.33	122.00
1005.51	164.00
1005.69	207.00
1005.86	189.00
1006.04	177.00
1006.22	241.00
1006.40	188.00
1006.58	197.00
1006.76	201.00
1006.94	227.00
1007.12	160.00
1007.29	144.00
1007.47	183.00
1007.65	207.00
1007.83	157.00
1008.01	164.00
1008.19	138.00
1008.37	156.00
1008.54	179.00
1008.72	134.00
1008.90	134.00
1009.08	143.00
1009.26	132.00
1009.44	198.00
1009.62	193.00
1009.79	193.00
1009.97	217.00
1010.15	170.00
1010.33	117.00
1010.51	152.00
1010.69	190.00
1010.87	135.00
1011.04	169.00
1011.22	191.00
1011.40	186.00
1011.58	207.00
1011.76	187.00
1011.94	149.00
1012.11	171.00
1012.29	169.00
1012.47	201.00
1012.65	136.00
1012.83	106.00
1013.01	138.00
1013.18	170.00
1013.36	188.00
1013.54	150.00
1013.72	201.00
1013.90	227.00
1014.08	187.00
1014.25	142.00
1014.43	137.00
1014.61	164.00
1014.79	216.00
1014.97	201.00
1015.15	87.00
1015.32	163.00
1015.50	200.00
1015.68	138.00
1015.86	133.00
1016.04	122.00
1016.22	196.00
1016.39	228.00
1016.57	137.00
1016.75	199.00
1016.93	141.00
1017.11	126.00
1017.29	122.00
1017.46	96.00
1017.64	167.00
1017.82	179.00
1018.00	133.00
1018.18	177.00
1018.35	262.00
1018.53	173.00
1018.71	170.00
1018.89	112.00
1019.07	165.00
1019.24	141.00
1019.42	155.00
1019.60	155.00
1019.78	86.00
1019.96	94.00
1020.14	134.00
1020.31	117.00
1020.49	85.00
1020.67	101.00
1020.85	173.00
1021.03	109.00
1021.20	149.00
1021.38	191.00
1021.56	171.00
1021.74	185.00
1021.92	163.00
1022.09	136.00
1022.27	133.00
1022.45	114.00
1022.63	131.00
1022.81	134.00
1022.98	174.00
1023.16	167.00
1023.34	139.00
1023.52	106.00
1023.69	115.00
1023.87	137.00
1024.05	137.00
1024.23	151.00
1024.41	147.00
1024.58	115.00
1024.76	160.00
1024.94	136.00
1025.12	190.00
1025.30	108.00
1025.47	78.00
1025.65	114.00
1025.83	134.00
1026.01	109.00
1026.18	120.00
1026.36	79.00
1026.54	113.00
1026.72	159.00
1026.90	168.00
1027.07	122.00
1027.25	109.00
1027.43	96.00
1027.61	108.00
1027.78	70.00
1027.96	71.00
1028.14	106.00
1028.32	108.00
1028.49	124.00
1028.67	183.00
1028.85	171.00
1029.03	107.00
1029.21	64.00
1029.38	146.00
1029.56	132.00
1029.74	82.00
1029.92	43.00
1030.09	102.00
1030.27	71.00
1030.45	72.00
1030.63	67.00
1030.80	111.00
1030.98	137.00
1031.16	116.00
1031.34	164.00
1031.51	102.00
1031.69	123.00
1031.87	133.00
1032.05	74.00
1032.22	102.00
1032.40	49.00
1032.58	67.00
1032.76	157.00
1032.93	109.00
1033.11	121.00
1033.29	73.00
1033.47	63.00
1033.64	110.00
1033.82	145.00
1034.00	146.00
1034.18	169.00
1034.35	179.00
1034.53	99.00
1034.71	86.00
1034.89	61.00
1035.06	97.00
1035.24	149.00
1035.42	97.00
1035.59	109.00
1035.77	127.00
1035.95	96.00
1036.13	87.00
1036.30	116.00
1036.48	123.00
1036.66	109.00
1036.84	32.00
1037.01	106.00
1037.19	126.00
1037.37	156.00
1037.54	129.00
1037.72	150.00
1037.90	67.00
1038.08	65.00
1038.25	90.00
1038.43	55.00
1038.61	57.00
1038.79	104.00
1038.96	130.00
1039.14	149.00
1039.32	86.00
1039.49	106.00
1039.67	80.00
1039.85	125.00
1040.03	130.00
1040.20	79.00
1040.38	131.00
1040.56	86.00
1040.73	84.00
1040.91	97.00
1041.09	37.00
1041.27	100.00
1041.44	139.00
1041.62	112.00
1041.80	117.00
1041.97	150.00
1042.15	160.00
1042.33	104.00
1042.50	92.00
1042.68	66.00
1042.86	53.00
1043.04	76.00
1043.21	122.00
1043.39	156.00
1043.57	131.00
1043.74	85.00
1043.92	88.00
1044.10	97.00
1044.27	76.00
1044.45	108.00
1044.63	87.00
1044.80	74.00
1044.98	127.00
1045.16	124.00
1045.34	78.00
1045.51	33.00
1045.69	27.00
1045.87	75.00
1046.04	96.00
1046.22	37.00
1046.40	82.00
1046.57	94.00
1046.75	37.00
1046.93	44.00
1047.10	96.00
1047.28	91.00
1047.46	83.00
1047.63	51.00
1047.81	96.00
1047.99	86.00
1048.16	127.00
1048.34	124.00
1048.52	148.00
1048.69	94.00
1048.87	35.00
1049.05	-3.00
1049.22	56.00
1049.40	74.00
1049.58	37.00
1049.75	29.00
1049.93	23.00
1050.11	128.00
1050.28	151.00
1050.46	82.00
1050.64	66.00
1050.81	102.00
1050.99	114.00
1051.17	52.00
1051.34	75.00
1051.52	165.00
1051.70	99.00
1051.87	133.00
1052.05	42.00
1052.23	56.00
1052.40	82.00
1052.58	71.00
1052.76	69.00
1052.93	79.00
1053.11	82.00
1053.29	113.00
1053.46	106.00
1053.64	121.00
1053.82	69.00
1053.99	63.00
1054.17	48.00
1054.35	91.00
1054.52	86.00
1054.70	99.00
1054.87	40.00
1055.05	74.00
1055.23	59.00
1055.40	41.00
1055.58	57.00
1055.76	98.00
1055.93	101.00
1056.11	93.00
1056.29	121.00
1056.46	107.00
1056.64	115.00
1056.81	95.00
1056.99	123.00
1057.17	126.00
1057.34	51.00
1057.52	25.00
1057.70	6.00
1057.87	67.00
1058.05	131.00
1058.22	100.00
1058.40	61.00
1058.58	77.00
1058.75	3.00
1058.93	32.00
1059.11	48.00
1059.28	5.00
1059.46	31.00
1059.63	25.00
1059.81	44.00
1059.99	36.00
1060.16	67.00
1060.34	100.00
1060.52	104.00
1060.69	92.00
1060.87	8.00
1061.04	39.00
1061.22	68.00
