367.62	-43.00
367.82	-9.00
368.02	12.00
368.23	-9.00
368.43	-16.00
368.63	14.00
368.83	-87.00
369.04	-68.00
369.24	7.00
369.44	4.00
369.65	-25.00
369.85	17.00
370.05	-6.00
370.25	-25.00
370.46	-6.00
370.66	11.00
370.86	-18.00
371.07	-13.00
371.27	4.00
371.47	-21.00
371.67	4.00
371.88	77.00
372.08	32.00
372.28	4.00
372.49	-12.00
372.69	6.00
372.89	39.00
373.09	66.00
373.30	72.00
373.50	72.00
373.70	61.00
373.91	45.00
374.11	15.00
374.31	58.00
374.51	46.00
374.72	10.00
374.92	25.00
375.12	27.00
375.33	-19.00
375.53	-13.00
375.73	-61.00
375.93	-43.00
376.14	27.00
376.34	9.00
376.54	-5.00
376.74	44.00
376.95	35.00
377.15	-10.00
377.35	-57.00
377.55	-22.00
377.76	-22.00
377.96	7.00
378.16	63.00
378.37	47.00
378.57	71.00
378.77	51.00
378.97	-7.00
379.18	39.00
379.38	-5.00
379.58	-29.00
379.78	13.00
379.99	-8.00
380.19	-42.00
380.39	-24.00
380.59	18.00
380.80	-10.00
381.00	62.00
381.20	47.00
381.40	-20.00
381.61	-35.00
381.81	-53.00
382.01	-29.00
382.21	24.00
382.42	0.00
382.62	-69.00
382.82	-17.00
383.02	16.00
383.23	28.00
383.43	22.00
383.63	22.00
383.83	-62.00
384.04	-44.00
384.24	20.00
384.44	73.00
384.64	47.00
384.85	9.00
385.05	-30.00
385.25	16.00
385.45	14.00
385.66	11.00
385.86	18.00
386.06	31.00
386.26	94.00
386.47	29.00
386.67	-13.00
386.87	-1.00
387.07	-12.00
387.27	9.00
387.48	12.00
387.68	15.00
387.88	1.00
388.08	-14.00
388.29	-58.00
388.49	14.00
388.69	6.00
388.89	-19.00
389.10	-35.00
389.30	-57.00
389.50	7.00
389.70	5.00
389.90	-13.00
390.11	13.00
390.31	34.00
390.51	45.00
390.71	-5.00
390.92	21.00
391.12	-30.00
391.32	3.00
391.52	-59.00
391.72	6.00
391.93	15.00
392.13	-13.00
392.33	38.00
392.53	10.00
392.74	-37.00
392.94	-43.00
393.14	-4.00
393.34	-19.00
393.54	77.00
393.75	57.00
393.95	0.00
394.15	4.00
394.35	2.00
394.56	-22.00
394.76	23.00
394.96	40.00
395.16	68.00
395.36	63.00
395.57	9.00
395.77	52.00
395.97	30.00
396.17	80.00
396.37	26.00
396.58	0.00
396.78	64.00
396.98	91.00
397.18	-18.00
397.38	9.00
397.59	38.00
397.79	-30.00
397.99	0.00
398.19	7.00
398.39	3.00
398.60	-19.00
398.80	53.00
399.00	42.00
399.20	35.00
399.40	-18.00
399.61	30.00
399.81	12.00
400.01	23.00
400.21	52.00
400.41	27.00
400.62	23.00
400.82	10.00
401.02	-2.00
401.22	20.00
401.42	55.00
401.63	-6.00
401.83	-5.00
402.03	9.00
402.23	32.00
402.43	49.00
402.64	-19.00
402.84	17.00
403.04	33.00
403.24	34.00
403.44	39.00
403.64	12.00
403.85	39.00
404.05	4.00
404.25	7.00
404.45	45.00
404.65	58.00
404.86	47.00
405.06	-8.00
405.26	-30.00
405.46	45.00
405.66	43.00
405.86	7.00
406.07	16.00
406.27	55.00
406.47	0.00
406.67	-14.00
406.87	16.00
407.07	-2.00
407.28	-13.00
407.48	30.00
407.68	35.00
407.88	12.00
408.08	7.00
408.28	1.00
408.49	3.00
408.69	5.00
408.89	-76.00
409.09	-78.00
409.29	22.00
409.49	-7.00
409.70	-4.00
409.90	34.00
410.10	7.00
410.30	37.00
410.50	13.00
410.70	26.00
410.91	29.00
411.11	-22.00
411.31	17.00
411.51	78.00
411.71	27.00
411.91	70.00
412.12	7.00
412.32	45.00
412.52	47.00
412.72	66.00
412.92	17.00
413.12	-8.00
413.32	11.00
413.53	21.00
413.73	13.00
413.93	55.00
414.13	42.00
414.33	48.00
414.53	14.00
414.74	5.00
414.94	-5.00
415.14	-5.00
415.34	34.00
415.54	1.00
415.74	17.00
415.94	-33.00
416.15	19.00
416.35	47.00
416.55	1.00
416.75	14.00
416.95	17.00
417.15	41.00
417.35	44.00
417.56	5.00
417.76	-35.00
417.96	-34.00
418.16	-53.00
418.36	-18.00
418.56	-13.00
418.76	-29.00
418.97	-39.00
419.17	-13.00
419.37	37.00
419.57	25.00
419.77	49.00
419.97	32.00
420.17	-2.00
420.37	71.00
420.58	56.00
420.78	-20.00
420.98	28.00
421.18	21.00
421.38	64.00
421.58	88.00
421.78	22.00
421.98	-14.00
422.19	52.00
422.39	82.00
422.59	24.00
422.79	49.00
422.99	75.00
423.19	12.00
423.39	21.00
423.59	74.00
423.80	40.00
424.00	48.00
424.20	68.00
424.40	47.00
424.60	71.00
424.80	-4.00
425.00	36.00
425.20	46.00
425.40	37.00
425.61	35.00
425.81	52.00
426.01	20.00
426.21	71.00
426.41	82.00
426.61	56.00
426.81	32.00
427.01	54.00
427.21	81.00
427.42	95.00
427.62	40.00
427.82	58.00
428.02	87.00
428.22	28.00
428.42	69.00
428.62	58.00
428.82	1.00
429.02	-21.00
429.23	-28.00
429.43	-9.00
429.63	67.00
429.83	111.00
430.03	119.00
430.23	118.00
430.43	115.00
430.63	42.00
430.83	14.00
431.03	16.00
431.24	-35.00
431.44	-16.00
431.64	41.00
431.84	61.00
432.04	70.00
432.24	81.00
432.44	44.00
432.64	48.00
432.84	37.00
433.04	41.00
433.24	51.00
433.45	88.00
433.65	58.00
433.85	36.00
434.05	34.00
434.25	43.00
434.45	50.00
434.65	95.00
434.85	100.00
435.05	87.00
435.25	44.00
435.45	93.00
435.65	101.00
435.86	18.00
436.06	55.00
436.26	108.00
436.46	50.00
436.66	66.00
436.86	73.00
437.06	50.00
437.26	74.00
437.46	77.00
437.66	119.00
437.86	123.00
438.06	59.00
438.26	61.00
438.47	74.00
438.67	49.00
438.87	26.00
439.07	3.00
439.27	3.00
439.47	63.00
439.67	117.00
439.87	113.00
440.07	74.00
440.27	66.00
440.47	84.00
440.67	101.00
440.87	20.00
441.07	-5.00
441.27	49.00
441.48	52.00
441.68	84.00
441.88	62.00
442.08	51.00
442.28	75.00
442.48	70.00
442.68	56.00
442.88	85.00
443.08	68.00
443.28	7.00
443.48	57.00
443.68	122.00
443.88	65.00
444.08	14.00
444.28	56.00
444.48	141.00
444.68	61.00
444.88	67.00
445.09	103.00
445.29	54.00
445.49	77.00
445.69	126.00
445.89	76.00
446.09	27.00
446.29	49.00
446.49	51.00
446.69	27.00
446.89	60.00
447.09	57.00
447.29	72.00
447.49	22.00
447.69	9.00
447.89	76.00
448.09	98.00
448.29	102.00
448.49	123.00
448.69	102.00
448.89	104.00
449.09	95.00
449.29	37.00
449.49	28.00
449.70	-9.00
449.90	38.00
450.10	79.00
450.30	66.00
450.50	48.00
450.70	29.00
450.90	25.00
451.10	16.00
451.30	63.00
451.50	44.00
451.70	1.00
451.90	46.00
452.10	44.00
452.30	104.00
452.50	32.00
452.70	59.00
452.90	83.00
453.10	124.00
453.30	130.00
453.50	18.00
453.70	57.00
453.90	52.00
454.10	16.00
454.30	43.00
454.50	61.00
454.70	59.00
454.90	102.00
455.10	66.00
455.30	41.00
455.50	24.00
455.70	34.00
455.90	115.00
456.10	45.00
456.30	89.00
456.50	68.00
456.70	95.00
456.90	50.00
457.10	91.00
457.30	125.00
457.50	100.00
457.70	77.00
457.90	95.00
458.10	109.00
458.30	66.00
458.50	90.00
458.70	168.00
458.90	131.00
459.10	35.00
459.30	59.00
459.50	83.00
459.70	62.00
459.90	38.00
460.10	84.00
460.30	102.00
460.50	167.00
460.70	99.00
460.90	85.00
461.10	64.00
461.30	59.00
461.50	77.00
461.70	126.00
461.90	114.00
462.10	114.00
462.30	110.00
462.50	145.00
462.70	165.00
462.90	91.00
463.10	111.00
463.30	175.00
463.50	143.00
463.70	97.00
463.90	142.00
464.10	121.00
464.30	149.00
464.50	127.00
464.70	68.00
464.90	93.00
465.10	43.00
465.30	-1.00
465.50	9.00
465.70	68.00
465.90	114.00
466.10	138.00
466.30	137.00
466.50	139.00
466.70	120.00
466.90	135.00
467.10	135.00
467.30	65.00
467.50	140.00
467.70	124.00
467.90	70.00
468.10	98.00
468.30	75.00
468.50	144.00
468.70	74.00
468.90	15.00
469.10	133.00
469.30	162.00
469.50	134.00
469.70	103.00
469.90	142.00
470.10	115.00
470.30	123.00
470.50	101.00
470.70	17.00
470.90	63.00
471.10	150.00
471.29	114.00
471.49	56.00
471.69	49.00
471.89	113.00
472.09	141.00
472.29	113.00
472.49	138.00
472.69	113.00
472.89	94.00
473.09	60.00
473.29	68.00
473.49	95.00
473.69	92.00
473.89	19.00
474.09	40.00
474.29	84.00
474.49	71.00
474.69	70.00
474.89	117.00
475.09	98.00
475.29	98.00
475.49	69.00
475.69	83.00
475.88	99.00
476.08	93.00
476.28	123.00
476.48	97.00
476.68	86.00
476.88	77.00
477.08	72.00
477.28	75.00
477.48	10.00
477.68	77.00
477.88	93.00
478.08	96.00
478.28	127.00
478.48	65.00
478.68	52.00
478.88	104.00
479.08	114.00
479.28	29.00
479.47	49.00
479.67	88.00
479.87	132.00
480.07	141.00
480.27	99.00
480.47	82.00
480.67	82.00
480.87	126.00
481.07	137.00
481.27	52.00
481.47	65.00
481.67	119.00
481.87	63.00
482.07	65.00
482.27	162.00
482.46	170.00
482.66	150.00
482.86	106.00
483.06	16.00
483.26	-13.00
483.46	71.00
483.66	133.00
483.86	53.00
484.06	166.00
484.26	189.00
484.46	126.00
484.66	59.00
484.86	118.00
485.05	113.00
485.25	133.00
485.45	153.00
485.65	110.00
485.85	91.00
486.05	70.00
486.25	137.00
486.45	160.00
486.65	117.00
486.85	99.00
487.05	99.00
487.25	116.00
487.44	154.00
487.64	125.00
487.84	91.00
488.04	127.00
488.24	130.00
488.44	109.00
488.64	140.00
488.84	101.00
489.04	121.00
489.24	133.00
489.43	61.00
489.63	118.00
489.83	149.00
490.03	131.00
490.23	140.00
490.43	155.00
490.63	131.00
490.83	135.00
491.03	135.00
491.23	178.00
491.42	147.00
491.62	119.00
491.82	97.00
492.02	114.00
492.22	69.00
492.42	57.00
492.62	171.00
492.82	152.00
493.02	175.00
493.22	147.00
493.41	144.00
493.61	217.00
493.81	184.00
494.01	139.00
494.21	158.00
494.41	176.00
494.61	182.00
494.81	140.00
495.01	164.00
495.20	97.00
495.40	122.00
495.60	161.00
495.80	152.00
496.00	198.00
496.20	175.00
496.40	145.00
496.60	140.00
496.79	108.00
496.99	129.00
497.19	135.00
497.39	170.00
497.59	182.00
497.79	176.00
497.99	158.00
498.19	163.00
498.38	167.00
498.58	177.00
498.78	140.00
498.98	147.00
499.18	114.00
499.38	164.00
499.58	209.00
499.78	186.00
499.97	125.00
500.17	105.00
500.37	164.00
500.57	142.00
500.77	157.00
500.97	274.00
501.17	267.00
501.37	184.00
501.56	169.00
501.76	218.00
501.96	249.00
502.16	257.00
502.36	224.00
502.56	259.00
502.76	221.00
502.95	207.00
503.15	209.00
503.35	162.00
503.55	143.00
503.75	180.00
503.95	194.00
504.15	156.00
504.34	147.00
504.54	198.00
504.74	198.00
504.94	259.00
505.14	266.00
505.34	210.00
505.54	213.00
505.73	229.00
505.93	243.00
506.13	225.00
506.33	221.00
506.53	148.00
506.73	170.00
506.92	216.00
507.12	238.00
507.32	155.00
507.52	118.00
507.72	157.00
507.92	172.00
508.12	161.00
508.31	160.00
508.51	163.00
508.71	151.00
508.91	84.00
509.11	138.00
509.31	154.00
509.50	156.00
509.70	200.00
509.90	142.00
510.10	201.00
510.30	221.00
510.50	172.00
510.69	206.00
510.89	167.00
511.09	207.00
511.29	231.00
511.49	222.00
511.69	221.00
511.88	154.00
512.08	165.00
512.28	215.00
512.48	151.00
512.68	191.00
512.88	199.00
513.07	116.00
513.27	204.00
513.47	205.00
513.67	171.00
513.87	156.00
514.06	194.00
514.26	180.00
514.46	161.00
514.66	189.00
514.86	186.00
515.06	189.00
515.25	206.00
515.45	163.00
515.65	159.00
515.85	171.00
516.05	116.00
516.24	167.00
516.44	229.00
516.64	170.00
516.84	143.00
517.04	198.00
517.23	176.00
517.43	217.00
517.63	167.00
517.83	126.00
518.03	133.00
518.23	132.00
518.42	215.00
518.62	221.00
518.82	211.00
519.02	187.00
519.22	230.00
519.41	234.00
519.61	207.00
519.81	209.00
520.01	160.00
520.21	157.00
520.40	229.00
520.60	276.00
520.80	216.00
521.00	190.00
521.20	208.00
521.39	191.00
521.59	206.00
521.79	174.00
521.99	197.00
522.19	174.00
522.38	192.00
522.58	185.00
522.78	125.00
522.98	172.00
523.17	225.00
523.37	172.00
523.57	213.00
523.77	155.00
523.97	144.00
524.16	229.00
524.36	190.00
524.56	152.00
524.76	210.00
524.96	140.00
525.15	143.00
525.35	141.00
525.55	232.00
525.75	193.00
525.94	160.00
526.14	210.00
526.34	248.00
526.54	248.00
526.74	234.00
526.93	222.00
527.13	267.00
527.33	236.00
527.53	272.00
527.72	217.00
527.92	221.00
528.12	262.00
528.32	208.00
528.52	218.00
528.71	253.00
528.91	244.00
529.11	265.00
529.31	186.00
529.50	257.00
529.70	301.00
529.90	340.00
530.10	252.00
530.29	251.00
530.49	334.00
530.69	303.00
530.89	244.00
531.09	236.00
531.28	230.00
531.48	275.00
531.68	282.00
531.88	314.00
532.07	322.00
532.27	329.00
532.47	310.00
532.67	281.00
532.86	241.00
533.06	287.00
533.26	228.00
533.46	249.00
533.65	193.00
533.85	243.00
534.05	266.00
534.25	270.00
534.44	279.00
534.64	250.00
534.84	314.00
535.04	309.00
535.23	317.00
535.43	350.00
535.63	293.00
535.83	273.00
536.02	274.00
536.22	272.00
536.42	365.00
536.62	319.00
536.81	280.00
537.01	275.00
537.21	334.00
537.41	353.00
537.60	371.00
537.80	364.00
538.00	400.00
538.20	437.00
538.39	385.00
538.59	335.00
538.79	360.00
538.99	360.00
539.18	308.00
539.38	356.00
539.58	379.00
539.77	444.00
539.97	434.00
540.17	372.00
540.37	376.00
540.56	387.00
540.76	406.00
540.96	401.00
541.16	404.00
541.35	382.00
541.55	435.00
541.75	451.00
541.94	414.00
542.14	466.00
542.34	523.00
542.54	450.00
542.73	457.00
542.93	441.00
543.13	453.00
543.33	483.00
543.52	433.00
543.72	440.00
543.92	501.00
544.11	448.00
544.31	522.00
544.51	467.00
544.71	516.00
544.90	523.00
545.10	538.00
545.30	601.00
545.49	499.00
545.69	484.00
545.89	540.00
546.09	515.00
546.28	532.00
546.48	571.00
546.68	628.00
546.87	512.00
547.07	497.00
547.27	496.00
547.47	459.00
547.66	440.00
547.86	432.00
548.06	515.00
548.25	466.00
548.45	469.00
548.65	486.00
548.84	500.00
549.04	468.00
549.24	449.00
549.44	371.00
549.63	431.00
549.83	446.00
550.03	522.00
550.22	475.00
550.42	396.00
550.62	380.00
550.81	413.00
551.01	443.00
551.21	488.00
551.41	432.00
551.60	428.00
551.80	465.00
552.00	479.00
552.19	424.00
552.39	462.00
552.59	458.00
552.78	485.00
552.98	487.00
553.18	486.00
553.37	427.00
553.57	437.00
553.77	429.00
553.96	381.00
554.16	381.00
554.36	445.00
554.56	408.00
554.75	398.00
554.95	386.00
555.15	474.00
555.34	451.00
555.54	404.00
555.74	395.00
555.93	361.00
556.13	345.00
556.33	373.00
556.52	404.00
556.72	365.00
556.92	359.00
557.11	327.00
557.31	327.00
557.51	344.00
557.70	316.00
557.90	294.00
558.10	297.00
558.29	346.00
558.49	336.00
558.69	298.00
558.88	321.00
559.08	301.00
559.28	383.00
559.47	394.00
559.67	327.00
559.87	346.00
560.06	377.00
560.26	336.00
560.46	385.00
560.65	368.00
560.85	305.00
561.05	414.00
561.24	466.00
561.44	479.00
561.64	356.00
561.83	311.00
562.03	265.00
562.23	277.00
562.42	389.00
562.62	362.00
562.82	374.00
563.01	405.00
563.21	355.00
563.40	341.00
563.60	359.00
563.80	395.00
563.99	342.00
564.19	353.00
564.39	351.00
564.58	385.00
564.78	403.00
564.98	371.00
565.17	355.00
565.37	385.00
565.57	358.00
565.76	408.00
565.96	454.00
566.16	405.00
566.35	348.00
566.55	451.00
566.74	394.00
566.94	357.00
567.14	375.00
567.33	370.00
567.53	367.00
567.73	367.00
567.92	370.00
568.12	388.00
568.32	431.00
568.51	448.00
568.71	432.00
568.90	423.00
569.10	426.00
569.30	402.00
569.49	482.00
569.69	512.00
569.89	415.00
570.08	401.00
570.28	403.00
570.47	469.00
570.67	492.00
570.87	425.00
571.06	415.00
571.26	471.00
571.46	438.00
571.65	344.00
571.85	372.00
572.04	392.00
572.24	392.00
572.44	435.00
572.63	404.00
572.83	398.00
573.03	440.00
573.22	530.00
573.42	522.00
573.61	506.00
573.81	545.00
574.01	526.00
574.20	535.00
574.40	455.00
574.59	465.00
574.79	442.00
574.99	465.00
575.18	502.00
575.38	544.00
575.58	515.00
575.77	525.00
575.97	549.00
576.16	573.00
576.36	594.00
576.56	608.00
576.75	593.00
576.95	600.00
577.14	550.00
577.34	595.00
577.54	530.00
577.73	520.00
577.93	550.00
578.12	617.00
578.32	628.00
578.52	603.00
578.71	624.00
578.91	745.00
579.10	721.00
579.30	730.00
579.50	723.00
579.69	630.00
579.89	606.00
580.08	603.00
580.28	659.00
580.48	708.00
580.67	677.00
580.87	725.00
581.06	696.00
581.26	758.00
581.45	738.00
581.65	764.00
581.85	806.00
582.04	794.00
582.24	739.00
582.43	729.00
582.63	740.00
582.83	779.00
583.02	783.00
583.22	841.00
583.41	860.00
583.61	838.00
583.80	860.00
584.00	889.00
584.20	908.00
584.39	880.00
584.59	895.00
584.78	982.00
584.98	916.00
585.17	940.00
585.37	940.00
585.57	949.00
585.76	1019.00
585.96	972.00
586.15	912.00
586.35	976.00
586.54	1069.00
586.74	1077.00
586.94	990.00
587.13	998.00
587.33	1018.00
587.52	1041.00
587.72	1129.00
587.91	1175.00
588.11	1103.00
588.31	1095.00
588.50	1158.00
588.70	1144.00
588.89	1102.00
589.09	1102.00
589.28	1112.00
589.48	1113.00
589.68	1134.00
589.87	1223.00
590.07	1221.00
590.26	1204.00
590.46	1209.00
590.65	1187.00
590.85	1239.00
591.04	1293.00
591.24	1234.00
591.44	1241.00
591.63	1307.00
591.83	1291.00
592.02	1297.00
592.22	1301.00
592.41	1316.00
592.61	1448.00
592.80	1403.00
593.00	1421.00
593.19	1393.00
593.39	1444.00
593.59	1420.00
593.78	1375.00
593.98	1412.00
594.17	1413.00
594.37	1372.00
594.56	1486.00
594.76	1468.00
594.95	1412.00
595.15	1451.00
595.34	1464.00
595.54	1509.00
595.73	1426.00
595.93	1402.00
596.13	1437.00
596.32	1458.00
596.52	1470.00
596.71	1517.00
596.91	1487.00
597.10	1488.00
597.30	1547.00
597.49	1499.00
597.69	1547.00
597.88	1565.00
598.08	1582.00
598.27	1648.00
598.47	1613.00
598.66	1607.00
598.86	1550.00
599.06	1619.00
599.25	1672.00
599.45	1669.00
599.64	1688.00
599.84	1707.00
600.03	1741.00
600.23	1766.00
600.42	1784.00
600.62	1712.00
600.81	1684.00
601.01	1642.00
601.20	1623.00
601.40	1618.00
601.59	1678.00
601.79	1660.00
601.98	1649.00
602.18	1652.00
602.37	1637.00
602.57	1621.00
602.76	1662.00
602.96	1697.00
603.15	1622.00
603.35	1596.00
603.54	1549.00
603.74	1601.00
603.93	1713.00
604.13	1681.00
604.32	1676.00
604.52	1694.00
604.71	1663.00
604.91	1723.00
605.10	1714.00
605.30	1678.00
605.49	1681.00
605.69	1726.00
605.88	1756.00
606.08	1763.00
606.27	1785.00
606.47	1726.00
606.66	1613.00
606.86	1692.00
607.05	1718.00
607.25	1722.00
607.44	1719.00
607.64	1742.00
607.83	1734.00
608.03	1759.00
608.22	1723.00
608.42	1728.00
608.61	1705.00
608.81	1785.00
609.00	1856.00
609.20	1851.00
609.39	1876.00
609.59	1907.00
609.78	2004.00
609.98	2052.00
610.17	2294.00
610.37	2412.00
610.56	2541.00
610.76	2706.00
610.95	2700.00
611.15	2833.00
611.34	3024.00
611.54	3113.00
611.73	2999.00
611.93	2884.00
612.12	2612.00
612.32	2372.00
612.51	2261.00
612.71	2146.00
612.90	2046.00
613.09	1994.00
613.29	2016.00
613.48	2030.00
613.68	2023.00
613.87	1957.00
614.07	1913.00
614.26	2016.00
614.46	2025.00
614.65	1968.00
614.85	1951.00
615.04	1868.00
615.24	1828.00
615.43	1834.00
615.63	1794.00
615.82	1743.00
616.02	1764.00
616.21	1744.00
616.40	1729.00
616.60	1751.00
616.79	1685.00
616.99	1710.00
617.18	1754.00
617.38	1799.00
617.57	1694.00
617.77	1672.00
617.96	1669.00
618.16	1715.00
618.35	1695.00
618.54	1683.00
618.74	1726.00
618.93	1749.00
619.13	1719.00
619.32	1701.00
619.52	1660.00
619.71	1727.00
619.91	1810.00
620.10	1799.00
620.30	1726.00
620.49	1746.00
620.68	1736.00
620.88	1777.00
621.07	1827.00
621.27	1833.00
621.46	1853.00
621.66	1786.00
621.85	1836.00
622.05	1834.00
622.24	1788.00
622.43	1753.00
622.63	1779.00
622.82	1798.00
623.02	1819.00
623.21	1794.00
623.41	1938.00
623.60	1977.00
623.80	1769.00
623.99	1810.00
624.18	1877.00
624.38	1923.00
624.57	1965.00
624.77	1916.00
624.96	1865.00
625.16	1883.00
625.35	1865.00
625.54	1939.00
625.74	1982.00
625.93	1873.00
626.13	1927.00
626.32	1959.00
626.52	1854.00
626.71	1879.00
626.90	1937.00
627.10	2002.00
627.29	2004.00
627.49	1941.00
627.68	2000.00
627.88	2090.00
628.07	2039.00
628.26	2004.00
628.46	1980.00
628.65	1990.00
628.85	1993.00
629.04	2011.00
629.23	2036.00
629.43	2060.00
629.62	2047.00
629.82	2046.00
630.01	2091.00
630.21	2108.00
630.40	2168.00
630.59	2211.00
630.79	2161.00
630.98	2108.00
631.18	2092.00
631.37	2144.00
631.56	2093.00
631.76	2196.00
631.95	2234.00
632.15	2174.00
632.34	2138.00
632.53	2172.00
632.73	2130.00
632.92	2069.00
633.12	2005.00
633.31	2123.00
633.50	2162.00
633.70	2123.00
633.89	2100.00
634.09	2086.00
634.28	2041.00
634.47	2059.00
634.67	2098.00
634.86	2118.00
635.06	2133.00
635.25	2084.00
635.44	2129.00
635.64	2209.00
635.83	2293.00
636.03	2292.00
636.22	2214.00
636.41	2217.00
636.61	2266.00
636.80	2294.00
637.00	2296.00
637.19	2271.00
637.38	2331.00
637.58	2385.00
637.77	2361.00
637.96	2348.00
638.16	2311.00
638.35	2420.00
638.55	2536.00
638.74	2507.00
638.93	2500.00
639.13	2497.00
639.32	2438.00
639.51	2458.00
639.71	2441.00
639.90	2456.00
640.10	2505.00
640.29	2455.00
640.48	2423.00
640.68	2398.00
640.87	2382.00
641.07	2424.00
641.26	2535.00
641.45	2557.00
641.65	2583.00
641.84	2563.00
642.03	2580.00
642.23	2665.00
642.42	2710.00
642.61	2621.00
642.81	2592.00
643.00	2620.00
643.20	2600.00
643.39	2703.00
643.58	2673.00
643.78	2670.00
643.97	2698.00
644.16	2698.00
644.36	2659.00
644.55	2658.00
644.74	2763.00
644.94	2809.00
645.13	2835.00
645.33	2729.00
645.52	2875.00
645.71	2905.00
645.91	2877.00
646.10	2790.00
646.29	2827.00
646.49	2818.00
646.68	2849.00
646.87	2791.00
647.07	2729.00
647.26	2754.00
647.45	2807.00
647.65	2851.00
647.84	2905.00
648.03	2994.00
648.23	3003.00
648.42	2907.00
648.62	2895.00
648.81	2892.00
649.00	2917.00
649.20	3036.00
649.39	2893.00
649.58	2892.00
649.78	2990.00
649.97	3030.00
650.16	3020.00
650.36	2959.00
650.55	3018.00
650.74	3011.00
650.94	3033.00
651.13	2954.00
651.32	2867.00
651.52	2895.00
651.71	2908.00
651.90	3058.00
652.10	3091.00
652.29	3101.00
652.48	3022.00
652.68	2950.00
652.87	3041.00
653.06	2949.00
653.26	2890.00
653.45	2893.00
653.64	2907.00
653.84	2927.00
654.03	2898.00
654.22	2955.00
654.42	3004.00
654.61	3057.00
654.80	3040.00
654.99	3011.00
655.19	3050.00
655.38	3152.00
655.57	3098.00
655.77	3044.00
655.96	3050.00
656.15	3105.00
656.35	3074.00
656.54	3105.00
656.73	3032.00
656.93	2957.00
657.12	3034.00
657.31	3061.00
657.51	3048.00
657.70	3026.00
657.89	2886.00
658.09	2913.00
658.28	3013.00
658.47	3022.00
658.66	3005.00
658.86	2957.00
659.05	3043.00
659.24	3045.00
659.44	3035.00
659.63	3000.00
659.82	2951.00
660.02	2934.00
660.21	3034.00
660.40	3061.00
660.60	3010.00
660.79	2929.00
660.98	2915.00
661.17	2941.00
661.37	2933.00
661.56	2959.00
661.75	2969.00
661.95	2992.00
662.14	2955.00
662.33	2845.00
662.52	2909.00
662.72	2996.00
662.91	3006.00
663.10	3052.00
663.30	2903.00
663.49	2872.00
663.68	2908.00
663.88	2941.00
664.07	2950.00
664.26	2947.00
664.45	2834.00
664.65	2848.00
664.84	2732.00
665.03	2763.00
665.23	2762.00
665.42	2759.00
665.61	2804.00
665.80	2854.00
666.00	2862.00
666.19	2813.00
666.38	2798.00
666.57	2790.00
666.77	2773.00
666.96	2773.00
667.15	2789.00
667.35	2845.00
667.54	2917.00
667.73	2874.00
667.92	2824.00
668.12	2806.00
668.31	2742.00
668.50	2757.00
668.70	2685.00
668.89	2690.00
669.08	2657.00
669.27	2659.00
669.47	2646.00
669.66	2705.00
669.85	2723.00
670.04	2740.00
670.24	2779.00
670.43	2681.00
670.62	2632.00
670.81	2668.00
671.01	2686.00
671.20	2673.00
671.39	2661.00
671.58	2676.00
671.78	2642.00
671.97	2701.00
672.16	2775.00
672.36	2735.00
672.55	2624.00
672.74	2619.00
672.93	2643.00
673.13	2688.00
673.32	2636.00
673.51	2636.00
673.70	2620.00
673.90	2604.00
674.09	2710.00
674.28	2650.00
674.47	2618.00
674.67	2666.00
674.86	2632.00
675.05	2647.00
675.24	2693.00
675.44	2673.00
675.63	2709.00
675.82	2682.00
676.01	2609.00
676.21	2528.00
676.40	2591.00
676.59	2647.00
676.78	2655.00
676.97	2676.00
677.17	2704.00
677.36	2572.00
677.55	2507.00
677.74	2533.00
677.94	2600.00
678.13	2552.00
678.32	2610.00
678.51	2542.00
678.71	2558.00
678.90	2648.00
679.09	2634.00
679.28	2561.00
679.48	2603.00
679.67	2595.00
679.86	2548.00
680.05	2585.00
680.24	2602.00
680.44	2565.00
680.63	2471.00
680.82	2474.00
681.01	2495.00
681.21	2519.00
681.40	2451.00
681.59	2431.00
681.78	2471.00
681.97	2529.00
682.17	2504.00
682.36	2579.00
682.55	2451.00
682.74	2382.00
682.94	2414.00
683.13	2394.00
683.32	2448.00
683.51	2511.00
683.70	2429.00
683.90	2391.00
684.09	2411.00
684.28	2544.00
684.47	2479.00
684.66	2363.00
684.86	2456.00
685.05	2412.00
685.24	2380.00
685.43	2462.00
685.63	2417.00
685.82	2416.00
686.01	2408.00
686.20	2518.00
686.39	2457.00
686.59	2380.00
686.78	2482.00
686.97	2486.00
687.16	2393.00
687.35	2419.00
687.55	2558.00
687.74	2505.00
687.93	2497.00
688.12	2513.00
688.31	2510.00
688.51	2519.00
688.70	2420.00
688.89	2410.00
689.08	2484.00
689.27	2437.00
689.47	2481.00
689.66	2474.00
689.85	2387.00
690.04	2388.00
690.23	2370.00
690.42	2439.00
690.62	2433.00
690.81	2368.00
691.00	2412.00
691.19	2391.00
691.38	2457.00
691.58	2493.00
691.77	2520.00
691.96	2418.00
692.15	2408.00
692.34	2503.00
692.54	2541.00
692.73	2554.00
692.92	2513.00
693.11	2548.00
693.30	2499.00
693.49	2473.00
693.69	2421.00
693.88	2466.00
694.07	2468.00
694.26	2467.00
694.45	2476.00
694.64	2458.00
694.84	2427.00
695.03	2498.00
695.22	2535.00
695.41	2478.00
695.60	2389.00
695.80	2365.00
695.99	2479.00
696.18	2425.00
696.37	2387.00
696.56	2427.00
696.75	2489.00
696.95	2550.00
697.14	2494.00
697.33	2477.00
697.52	2465.00
697.71	2508.00
697.90	2533.00
698.09	2533.00
698.29	2423.00
698.48	2474.00
698.67	2562.00
698.86	2494.00
699.05	2440.00
699.24	2382.00
699.44	2371.00
699.63	2441.00
699.82	2441.00
700.01	2488.00
700.20	2557.00
700.39	2582.00
700.58	2588.00
700.78	2494.00
700.97	2484.00
701.16	2547.00
701.35	2489.00
701.54	2526.00
701.73	2497.00
701.93	2550.00
702.12	2546.00
702.31	2572.00
702.50	2591.00
702.69	2571.00
702.88	2573.00
703.07	2749.00
703.27	2718.00
703.46	2624.00
703.65	2649.00
703.84	2709.00
704.03	2719.00
704.22	2777.00
704.41	2738.00
704.60	2729.00
704.80	2748.00
704.99	2721.00
705.18	2694.00
705.37	2641.00
705.56	2697.00
705.75	2738.00
705.94	2750.00
706.14	2795.00
706.33	2872.00
706.52	2941.00
706.71	2841.00
706.90	2775.00
707.09	2889.00
707.28	2930.00
707.47	2881.00
707.67	2851.00
707.86	2840.00
708.05	2883.00
708.24	2965.00
708.43	2998.00
708.62	2961.00
708.81	2928.00
709.00	2981.00
709.20	3025.00
709.39	2993.00
709.58	2953.00
709.77	2954.00
709.96	2960.00
710.15	2959.00
710.34	2908.00
710.53	2862.00
710.72	2899.00
710.92	2920.00
711.11	2923.00
711.30	2872.00
711.49	2963.00
711.68	3040.00
711.87	3048.00
712.06	3014.00
712.25	3010.00
712.44	3024.00
712.64	3014.00
712.83	3064.00
713.02	3123.00
713.21	3113.00
713.40	3072.00
713.59	3099.00
713.78	3080.00
713.97	3069.00
714.16	3169.00
714.35	3154.00
714.55	3130.00
714.74	3110.00
714.93	3106.00
715.12	3056.00
715.31	3079.00
715.50	3091.00
715.69	3037.00
715.88	3061.00
716.07	3172.00
716.26	3189.00
716.45	3070.00
716.65	2992.00
716.84	3092.00
717.03	3102.00
717.22	3029.00
717.41	3053.00
717.60	3028.00
717.79	3054.00
717.98	3145.00
718.17	3085.00
718.36	3112.00
718.55	3222.00
718.75	3199.00
718.94	3137.00
719.13	3160.00
719.32	3210.00
719.51	3235.00
719.70	3163.00
719.89	3185.00
720.08	3194.00
720.27	3253.00
720.46	3282.00
720.65	3245.00
720.84	3252.00
721.03	3283.00
721.22	3240.00
721.42	3209.00
721.61	3283.00
721.80	3322.00
721.99	3221.00
722.18	3230.00
722.37	3219.00
722.56	3250.00
722.75	3247.00
722.94	3218.00
723.13	3235.00
723.32	3190.00
723.51	3101.00
723.70	3066.00
723.89	3137.00
724.08	3287.00
724.28	3301.00
724.47	3222.00
724.66	3233.00
724.85	3199.00
725.04	3243.00
725.23	3283.00
725.42	3309.00
725.61	3263.00
725.80	3262.00
725.99	3230.00
726.18	3238.00
726.37	3327.00
726.56	3281.00
726.75	3271.00
726.94	3239.00
727.13	3105.00
727.32	3225.00
727.51	3267.00
727.71	3231.00
727.90	3213.00
728.09	3169.00
728.28	3162.00
728.47	3247.00
728.66	3271.00
728.85	3180.00
729.04	3186.00
729.23	3185.00
729.42	3182.00
729.61	3254.00
729.80	3210.00
729.99	3271.00
730.18	3291.00
730.37	3223.00
730.56	3279.00
730.75	3267.00
730.94	3183.00
731.13	3228.00
731.32	3184.00
731.51	3154.00
731.70	3212.00
731.89	3180.00
732.08	3240.00
732.27	3310.00
732.46	3309.00
732.65	3228.00
732.84	3212.00
733.04	3310.00
733.23	3329.00
733.42	3218.00
733.61	3118.00
733.80	3068.00
733.99	3105.00
734.18	3169.00
734.37	3181.00
734.56	3159.00
734.75	3222.00
734.94	3252.00
735.13	3140.00
735.32	3119.00
735.51	3155.00
735.70	3201.00
735.89	3152.00
736.08	3120.00
736.27	3094.00
736.46	3062.00
736.65	3087.00
736.84	3112.00
737.03	3122.00
737.22	3121.00
737.41	3043.00
737.60	3030.00
737.79	3040.00
737.98	3037.00
738.17	3131.00
738.36	3121.00
738.55	3149.00
738.74	3122.00
738.93	3017.00
739.12	3045.00
739.31	3127.00
739.50	3131.00
739.69	3063.00
739.88	3013.00
740.07	3055.00
740.26	3021.00
740.45	3003.00
740.64	2938.00
740.83	3017.00
741.02	3026.00
741.21	2936.00
741.40	2954.00
741.59	2965.00
741.78	2940.00
741.97	2921.00
742.16	2904.00
742.35	3019.00
742.54	2993.00
742.73	2948.00
742.92	2925.00
743.11	2908.00
743.30	2932.00
743.49	2897.00
743.68	2872.00
743.87	2934.00
744.06	2892.00
744.25	2782.00
744.44	2776.00
744.63	2798.00
744.82	2789.00
745.01	2720.00
745.20	2759.00
745.39	2766.00
745.58	2747.00
745.77	2789.00
745.96	2808.00
746.15	2927.00
746.34	2859.00
746.52	2891.00
746.71	2892.00
746.90	2892.00
747.09	2840.00
747.28	2733.00
747.47	2704.00
747.66	2752.00
747.85	2764.00
748.04	2750.00
748.23	2819.00
748.42	2706.00
748.61	2650.00
748.80	2718.00
748.99	2693.00
749.18	2660.00
749.37	2661.00
749.56	2717.00
749.75	2643.00
749.94	2670.00
750.13	2642.00
750.32	2654.00
750.51	2606.00
750.70	2585.00
750.89	2555.00
751.08	2561.00
751.27	2581.00
751.46	2589.00
751.64	2504.00
751.83	2552.00
752.02	2539.00
752.21	2522.00
752.40	2531.00
752.59	2550.00
752.78	2516.00
752.97	2563.00
753.16	2599.00
753.35	2566.00
753.54	2541.00
753.73	2548.00
753.92	2609.00
754.11	2523.00
754.30	2495.00
754.49	2463.00
754.68	2476.00
754.87	2559.00
755.06	2587.00
755.24	2543.00
755.43	2480.00
755.62	2558.00
755.81	2499.00
756.00	2539.00
756.19	2480.00
756.38	2490.00
756.57	2521.00
756.76	2499.00
756.95	2446.00
757.14	2334.00
757.33	2275.00
757.52	2338.00
757.71	2464.00
757.90	2451.00
758.08	2383.00
758.27	2376.00
758.46	2403.00
758.65	2390.00
758.84	2415.00
759.03	2420.00
759.22	2350.00
759.41	2335.00
759.60	2383.00
759.79	2369.00
759.98	2382.00
760.17	2367.00
760.36	2366.00
760.54	2295.00
760.73	2320.00
760.92	2377.00
761.11	2380.00
761.30	2277.00
761.49	2240.00
761.68	2260.00
761.87	2210.00
762.06	2098.00
762.25	2119.00
762.44	2100.00
762.63	1992.00
762.81	2061.00
763.00	2009.00
763.19	1991.00
763.38	2076.00
763.57	2054.00
763.76	2003.00
763.95	1993.00
764.14	1975.00
764.33	1918.00
764.52	1949.00
764.71	1975.00
764.89	1933.00
765.08	2017.00
765.27	1987.00
765.46	1959.00
765.65	2089.00
765.84	2096.00
766.03	1967.00
766.22	2042.00
766.41	2119.00
766.59	2066.00
766.78	2046.00
766.97	2084.00
767.16	2085.00
767.35	2127.00
767.54	2179.00
767.73	2149.00
767.92	2092.00
768.11	2191.00
768.30	2203.00
768.48	2111.00
768.67	2164.00
768.86	2244.00
769.05	2289.00
769.24	2256.00
769.43	2266.00
769.62	2250.00
769.81	2238.00
769.99	2215.00
770.18	2246.00
770.37	2249.00
770.56	2303.00
770.75	2217.00
770.94	2152.00
771.13	2161.00
771.32	2235.00
771.50	2267.00
771.69	2233.00
771.88	2190.00
772.07	2191.00
772.26	2208.00
772.45	2264.00
772.64	2259.00
772.83	2219.00
773.01	2127.00
773.20	2134.00
773.39	2180.00
773.58	2250.00
773.77	2123.00
773.96	2170.00
774.15	2195.00
774.34	2224.00
774.52	2253.00
774.71	2198.00
774.90	2185.00
775.09	2193.00
775.28	2156.00
775.47	2154.00
775.66	2115.00
775.84	2184.00
776.03	2155.00
776.22	2190.00
776.41	2121.00
776.60	2086.00
776.79	2070.00
776.98	2127.00
777.16	2177.00
777.35	2153.00
777.54	2055.00
777.73	2095.00
777.92	2173.00
778.11	2158.00
778.29	2095.00
778.48	2033.00
778.67	2157.00
778.86	2147.00
779.05	2203.00
779.24	2178.00
779.43	2130.00
779.61	2087.00
779.80	2102.00
779.99	2132.00
780.18	2117.00
780.37	2223.00
780.56	2165.00
780.74	2205.00
780.93	2268.00
781.12	2208.00
781.31	2195.00
781.50	2189.00
781.69	2152.00
781.87	2102.00
782.06	2132.00
782.25	2187.00
782.44	2246.00
782.63	2230.00
782.82	2253.00
783.00	2172.00
783.19	2120.00
783.38	2165.00
783.57	2221.00
783.76	2170.00
783.95	2220.00
784.13	2230.00
784.32	2230.00
784.51	2229.00
784.70	2311.00
784.89	2272.00
785.08	2235.00
785.26	2215.00
785.45	2214.00
785.64	2233.00
785.83	2196.00
786.02	2205.00
786.20	2205.00
786.39	2259.00
786.58	2184.00
786.77	2206.00
786.96	2236.00
787.15	2242.00
787.33	2310.00
787.52	2300.00
787.71	2305.00
787.90	2302.00
788.09	2359.00
788.27	2353.00
788.46	2224.00
788.65	2235.00
788.84	2247.00
789.03	2222.00
789.21	2222.00
789.40	2252.00
789.59	2282.00
789.78	2310.00
789.97	2297.00
790.15	2311.00
790.34	2236.00
790.53	2197.00
790.72	2255.00
790.91	2249.00
791.09	2345.00
791.28	2306.00
791.47	2248.00
791.66	2252.00
791.85	2285.00
792.03	2332.00
792.22	2211.00
792.41	2154.00
792.60	2294.00
792.79	2328.00
792.97	2300.00
793.16	2402.00
793.35	2369.00
793.54	2347.00
793.72	2360.00
793.91	2368.00
794.10	2457.00
794.29	2441.00
794.48	2402.00
794.66	2350.00
794.85	2310.00
795.04	2325.00
795.23	2344.00
795.42	2369.00
795.60	2371.00
795.79	2443.00
795.98	2447.00
796.17	2388.00
796.35	2349.00
796.54	2393.00
796.73	2450.00
796.92	2423.00
797.11	2410.00
797.29	2380.00
797.48	2381.00
797.67	2421.00
797.86	2458.00
798.04	2377.00
798.23	2322.00
798.42	2421.00
798.61	2350.00
798.79	2281.00
798.98	2369.00
799.17	2399.00
799.36	2462.00
799.54	2365.00
799.73	2296.00
799.92	2367.00
800.11	2412.00
800.30	2397.00
800.48	2428.00
800.67	2408.00
800.86	2406.00
801.05	2424.00
801.23	2443.00
801.42	2350.00
801.61	2366.00
801.80	2395.00
801.98	2354.00
802.17	2400.00
802.36	2371.00
802.55	2333.00
802.73	2323.00
802.92	2339.00
803.11	2414.00
803.30	2329.00
803.48	2345.00
803.67	2370.00
803.86	2349.00
804.05	2363.00
804.23	2443.00
804.42	2307.00
804.61	2389.00
804.80	2456.00
804.98	2367.00
805.17	2452.00
805.36	2417.00
805.54	2424.00
805.73	2458.00
805.92	2414.00
806.11	2468.00
806.29	2462.00
806.48	2452.00
806.67	2409.00
806.86	2391.00
807.04	2552.00
807.23	2585.00
807.42	2518.00
807.61	2448.00
807.79	2400.00
807.98	2490.00
808.17	2596.00
808.35	2467.00
808.54	2450.00
808.73	2394.00
808.92	2391.00
809.10	2506.00
809.29	2489.00
809.48	2429.00
809.67	2361.00
809.85	2390.00
810.04	2425.00
810.23	2436.00
810.41	2440.00
810.60	2450.00
810.79	2429.00
810.98	2441.00
811.16	2388.00
811.35	2400.00
811.54	2453.00
811.72	2420.00
811.91	2385.00
812.10	2404.00
812.29	2328.00
812.47	2367.00
812.66	2452.00
812.85	2470.00
813.03	2454.00
813.22	2448.00
813.41	2435.00
813.60	2388.00
813.78	2329.00
813.97	2313.00
814.16	2358.00
814.34	2319.00
814.53	2318.00
814.72	2293.00
814.90	2395.00
815.09	2423.00
815.28	2406.00
815.47	2321.00
815.65	2324.00
815.84	2416.00
816.03	2325.00
816.21	2383.00
816.40	2428.00
816.59	2446.00
816.77	2400.00
816.96	2430.00
817.15	2499.00
817.33	2468.00
817.52	2451.00
817.71	2414.00
817.90	2451.00
818.08	2440.00
818.27	2414.00
818.46	2394.00
818.64	2447.00
818.83	2489.00
819.02	2456.00
819.20	2465.00
819.39	2457.00
819.58	2472.00
819.76	2435.00
819.95	2462.00
820.14	2464.00
820.32	2447.00
820.51	2400.00
820.70	2343.00
820.88	2451.00
821.07	2458.00
821.26	2373.00
821.44	2356.00
821.63	2403.00
821.82	2405.00
822.01	2459.00
822.19	2453.00
822.38	2416.00
822.57	2421.00
822.75	2353.00
822.94	2415.00
823.13	2398.00
823.31	2312.00
823.50	2312.00
823.69	2296.00
823.87	2342.00
824.06	2339.00
824.25	2328.00
824.43	2444.00
824.62	2346.00
824.80	2303.00
824.99	2452.00
825.18	2478.00
825.36	2332.00
825.55	2355.00
825.74	2309.00
825.92	2276.00
826.11	2403.00
826.30	2378.00
826.48	2333.00
826.67	2354.00
826.86	2324.00
827.04	2307.00
827.23	2311.00
827.42	2315.00
827.60	2343.00
827.79	2294.00
827.98	2318.00
828.16	2319.00
828.35	2252.00
828.54	2262.00
828.72	2313.00
828.91	2273.00
829.09	2300.00
829.28	2308.00
829.47	2305.00
829.65	2383.00
829.84	2319.00
830.03	2224.00
830.21	2212.00
830.40	2227.00
830.59	2233.00
830.77	2281.00
830.96	2286.00
831.14	2322.00
831.33	2293.00
831.52	2219.00
831.70	2248.00
831.89	2251.00
832.08	2271.00
832.26	2272.00
832.45	2262.00
832.64	2200.00
832.82	2230.00
833.01	2233.00
833.19	2222.00
833.38	2205.00
833.57	2216.00
833.75	2215.00
833.94	2151.00
834.13	2171.00
834.31	2191.00
834.50	2256.00
834.68	2255.00
834.87	2273.00
835.06	2213.00
835.24	2227.00
835.43	2172.00
835.61	2137.00
835.80	2090.00
835.99	2096.00
836.17	2178.00
836.36	2176.00
836.55	2223.00
836.73	2281.00
836.92	2206.00
837.10	2149.00
837.29	2206.00
837.48	2103.00
837.66	2137.00
837.85	2189.00
838.03	2228.00
838.22	2243.00
838.41	2132.00
838.59	2063.00
838.78	2124.00
838.96	2154.00
839.15	2217.00
839.34	2150.00
839.52	2113.00
839.71	2170.00
839.89	2165.00
840.08	2124.00
840.27	2097.00
840.45	2114.00
840.64	2081.00
840.82	2185.00
841.01	2166.00
841.20	2130.00
841.38	2125.00
841.57	2089.00
841.75	1994.00
841.94	2001.00
842.13	2061.00
842.31	2104.00
842.50	2001.00
842.68	1997.00
842.87	2131.00
843.05	2042.00
843.24	2006.00
843.43	2038.00
843.61	2067.00
843.80	2061.00
843.98	2061.00
844.17	2075.00
844.36	2121.00
844.54	1983.00
844.73	1975.00
844.91	1980.00
845.10	1908.00
845.28	1915.00
845.47	1948.00
845.66	2023.00
845.84	1876.00
846.03	1810.00
846.21	1838.00
846.40	1874.00
846.58	1862.00
846.77	1938.00
846.96	2005.00
847.14	1915.00
847.33	1907.00
847.51	1971.00
847.70	1933.00
847.88	1903.00
848.07	1921.00
848.25	2026.00
848.44	1940.00
848.63	1860.00
848.81	1822.00
849.00	1909.00
849.18	1891.00
849.37	1846.00
849.55	1852.00
849.74	1895.00
849.93	1901.00
850.11	1870.00
850.30	1827.00
850.48	1838.00
850.67	1924.00
850.85	1856.00
851.04	1787.00
851.22	1859.00
851.41	1943.00
851.59	1834.00
851.78	1874.00
851.97	1932.00
852.15	1830.00
852.34	1789.00
852.52	1755.00
852.71	1823.00
852.89	1824.00
853.08	1757.00
853.26	1793.00
853.45	1808.00
853.63	1857.00
853.82	1832.00
854.01	1877.00
854.19	1814.00
854.38	1854.00
854.56	1877.00
854.75	1898.00
854.93	1799.00
855.12	1787.00
855.30	1743.00
855.49	1767.00
855.67	1701.00
855.86	1705.00
856.04	1735.00
856.23	1732.00
856.41	1715.00
856.60	1703.00
856.79	1733.00
856.97	1705.00
857.16	1702.00
857.34	1770.00
857.53	1800.00
857.71	1772.00
857.90	1689.00
858.08	1657.00
858.27	1729.00
858.45	1738.00
858.64	1700.00
858.82	1760.00
859.01	1739.00
859.19	1724.00
859.38	1747.00
859.56	1668.00
859.75	1680.00
859.93	1694.00
860.12	1660.00
860.30	1689.00
860.49	1670.00
860.67	1658.00
860.86	1613.00
861.04	1618.00
861.23	1645.00
861.41	1651.00
861.60	1709.00
861.78	1678.00
861.97	1619.00
862.15	1601.00
862.34	1641.00
862.53	1617.00
862.71	1653.00
862.90	1645.00
863.08	1583.00
863.27	1628.00
863.45	1643.00
863.64	1623.00
863.82	1624.00
864.01	1625.00
864.19	1628.00
864.37	1667.00
864.56	1656.00
864.74	1630.00
864.93	1622.00
865.11	1612.00
865.30	1561.00
865.48	1554.00
865.67	1575.00
865.85	1471.00
866.04	1528.00
866.22	1544.00
866.41	1603.00
866.59	1600.00
866.78	1536.00
866.96	1564.00
867.15	1544.00
867.33	1579.00
867.52	1574.00
867.70	1494.00
867.89	1508.00
868.07	1518.00
868.26	1455.00
868.44	1503.00
868.63	1477.00
868.81	1498.00
869.00	1467.00
869.18	1484.00
869.37	1473.00
869.55	1428.00
869.74	1455.00
869.92	1440.00
870.10	1446.00
870.29	1427.00
870.47	1486.00
870.66	1484.00
870.84	1380.00
871.03	1399.00
871.21	1488.00
871.40	1495.00
871.58	1390.00
871.77	1438.00
871.95	1445.00
872.14	1400.00
872.32	1375.00
872.51	1329.00
872.69	1395.00
872.87	1403.00
873.06	1346.00
873.24	1393.00
873.43	1425.00
873.61	1445.00
873.80	1431.00
873.98	1471.00
874.17	1430.00
874.35	1384.00
874.54	1370.00
874.72	1378.00
874.90	1371.00
875.09	1363.00
875.27	1360.00
875.46	1379.00
875.64	1381.00
875.83	1346.00
876.01	1320.00
876.20	1402.00
876.38	1457.00
876.56	1488.00
876.75	1467.00
876.93	1416.00
877.12	1337.00
877.30	1374.00
877.49	1362.00
877.67	1357.00
877.86	1368.00
878.04	1322.00
878.22	1277.00
878.41	1263.00
878.59	1313.00
878.78	1360.00
878.96	1419.00
879.15	1373.00
879.33	1398.00
879.51	1390.00
879.70	1384.00
879.88	1370.00
880.07	1405.00
880.25	1427.00
880.44	1375.00
880.62	1320.00
880.80	1301.00
880.99	1325.00
881.17	1289.00
881.36	1301.00
881.54	1418.00
881.73	1406.00
881.91	1366.00
882.09	1376.00
882.28	1432.00
882.46	1281.00
882.65	1319.00
882.83	1337.00
883.02	1260.00
883.20	1254.00
883.38	1354.00
883.57	1355.00
883.75	1339.00
883.94	1240.00
884.12	1297.00
884.30	1333.00
884.49	1327.00
884.67	1343.00
884.86	1378.00
885.04	1290.00
885.22	1235.00
885.41	1268.00
885.59	1355.00
885.78	1313.00
885.96	1301.00
886.14	1294.00
886.33	1294.00
886.51	1253.00
886.70	1247.00
886.88	1233.00
887.06	1249.00
887.25	1323.00
887.43	1279.00
887.62	1247.00
887.80	1283.00
887.98	1270.00
888.17	1262.00
888.35	1256.00
888.54	1293.00
888.72	1322.00
888.90	1331.00
889.09	1273.00
889.27	1318.00
889.46	1274.00
889.64	1237.00
889.82	1290.00
890.01	1329.00
890.19	1309.00
890.38	1289.00
890.56	1284.00
890.74	1333.00
890.93	1325.00
891.11	1334.00
891.29	1278.00
891.48	1230.00
891.66	1186.00
891.85	1188.00
892.03	1239.00
892.21	1301.00
892.40	1333.00
892.58	1293.00
892.76	1288.00
892.95	1289.00
893.13	1310.00
893.32	1292.00
893.50	1301.00
893.68	1342.00
893.87	1312.00
894.05	1195.00
894.23	1152.00
894.42	1215.00
894.60	1253.00
894.79	1264.00
894.97	1264.00
895.15	1298.00
895.34	1377.00
895.52	1303.00
895.70	1304.00
895.89	1290.00
896.07	1253.00
896.25	1251.00
896.44	1301.00
896.62	1356.00
896.81	1349.00
896.99	1296.00
897.17	1317.00
897.36	1272.00
897.54	1298.00
897.72	1316.00
897.91	1316.00
898.09	1306.00
898.27	1250.00
898.46	1305.00
898.64	1318.00
898.82	1316.00
899.01	1371.00
899.19	1381.00
899.37	1325.00
899.56	1347.00
899.74	1390.00
899.92	1301.00
900.11	1314.00
900.29	1369.00
900.47	1365.00
900.66	1327.00
900.84	1410.00
901.03	1405.00
901.21	1351.00
901.39	1287.00
901.58	1290.00
901.76	1417.00
901.94	1452.00
902.13	1396.00
902.31	1402.00
902.49	1401.00
902.68	1452.00
902.86	1430.00
903.04	1400.00
903.23	1335.00
903.41	1397.00
903.59	1360.00
903.78	1339.00
903.96	1398.00
904.14	1377.00
904.32	1319.00
904.51	1362.00
904.69	1397.00
904.87	1427.00
905.06	1410.00
905.24	1336.00
905.42	1305.00
905.61	1277.00
905.79	1376.00
905.97	1449.00
906.16	1490.00
906.34	1433.00
906.52	1359.00
906.71	1480.00
906.89	1468.00
907.07	1427.00
907.26	1431.00
907.44	1417.00
907.62	1432.00
907.81	1364.00
907.99	1369.00
908.17	1345.00
908.35	1394.00
908.54	1404.00
908.72	1458.00
908.90	1520.00
909.09	1396.00
909.27	1453.00
909.45	1458.00
909.64	1389.00
909.82	1448.00
910.00	1410.00
910.18	1431.00
910.37	1459.00
910.55	1454.00
910.73	1462.00
910.92	1457.00
911.10	1448.00
911.28	1449.00
911.47	1437.00
911.65	1397.00
911.83	1383.00
912.01	1396.00
912.20	1471.00
912.38	1418.00
912.56	1377.00
912.75	1433.00
912.93	1422.00
913.11	1368.00
913.29	1393.00
913.48	1486.00
913.66	1397.00
913.84	1351.00
914.03	1344.00
914.21	1328.00
914.39	1445.00
914.57	1404.00
914.76	1347.00
914.94	1304.00
915.12	1366.00
915.31	1341.00
915.49	1362.00
915.67	1289.00
915.85	1264.00
916.04	1309.00
916.22	1330.00
916.40	1383.00
916.58	1325.00
916.77	1282.00
916.95	1360.00
917.13	1361.00
917.32	1366.00
917.50	1296.00
917.68	1317.00
917.86	1310.00
918.05	1346.00
918.23	1291.00
918.41	1300.00
918.59	1304.00
918.78	1277.00
918.96	1291.00
919.14	1298.00
919.32	1338.00
919.51	1242.00
919.69	1251.00
919.87	1255.00
920.05	1285.00
920.24	1307.00
920.42	1333.00
920.60	1304.00
920.78	1252.00
920.97	1279.00
921.15	1324.00
921.33	1232.00
921.52	1260.00
921.70	1280.00
921.88	1272.00
922.06	1206.00
922.24	1272.00
922.43	1262.00
922.61	1242.00
922.79	1242.00
922.97	1253.00
923.16	1258.00
923.34	1295.00
923.52	1237.00
923.70	1247.00
923.89	1369.00
924.07	1295.00
924.25	1252.00
924.43	1248.00
924.62	1217.00
924.80	1199.00
924.98	1228.00
925.16	1208.00
925.35	1216.00
925.53	1197.00
925.71	1216.00
925.89	1192.00
926.08	1190.00
926.26	1224.00
926.44	1170.00
926.62	1204.00
926.80	1242.00
926.99	1161.00
927.17	1188.00
927.35	1221.00
927.53	1198.00
927.72	1239.00
927.90	1178.00
928.08	1152.00
928.26	1199.00
928.44	1187.00
928.63	1214.00
928.81	1191.00
928.99	1188.00
929.17	1257.00
929.36	1165.00
929.54	1175.00
929.72	1196.00
929.90	1220.00
930.08	1233.00
930.27	1164.00
930.45	1210.00
930.63	1250.00
930.81	1202.00
930.99	1187.00
931.18	1232.00
931.36	1209.00
931.54	1145.00
931.72	1155.00
931.90	1123.00
932.09	1082.00
932.27	958.00
932.45	1025.00
932.63	1046.00
932.81	1014.00
933.00	1111.00
933.18	1135.00
933.36	1108.00
933.54	1119.00
933.72	1013.00
933.91	987.00
934.09	950.00
934.27	928.00
934.45	1002.00
934.63	1055.00
934.82	1026.00
935.00	1057.00
935.18	986.00
935.36	927.00
935.54	892.00
935.73	829.00
935.91	912.00
936.09	947.00
936.27	911.00
936.45	880.00
936.64	832.00
936.82	848.00
937.00	862.00
937.18	863.00
937.36	862.00
937.54	866.00
937.73	786.00
937.91	745.00
938.09	765.00
938.27	735.00
938.45	795.00
938.63	749.00
938.82	694.00
939.00	701.00
939.18	711.00
939.36	719.00
939.54	659.00
939.73	665.00
939.91	637.00
940.09	585.00
940.27	622.00
940.45	624.00
940.63	653.00
940.82	647.00
941.00	626.00
941.18	637.00
941.36	618.00
941.54	548.00
941.72	561.00
941.91	507.00
942.09	589.00
942.27	625.00
942.45	602.00
942.63	616.00
942.81	629.00
942.99	592.00
943.18	568.00
943.36	573.00
943.54	526.00
943.72	556.00
943.90	566.00
944.08	548.00
944.27	563.00
944.45	569.00
944.63	568.00
944.81	513.00
944.99	518.00
945.17	530.00
945.35	529.00
945.54	558.00
945.72	570.00
945.90	509.00
946.08	527.00
946.26	552.00
946.44	565.00
946.62	549.00
946.81	520.00
946.99	550.00
947.17	604.00
947.35	590.00
947.53	550.00
947.71	552.00
947.89	623.00
948.07	590.00
948.26	549.00
948.44	555.00
948.62	524.00
948.80	528.00
948.98	509.00
949.16	530.00
949.34	520.00
949.53	552.00
949.71	588.00
949.89	592.00
950.07	597.00
950.25	658.00
950.43	616.00
950.61	556.00
950.79	544.00
950.98	589.00
951.16	583.00
951.34	546.00
951.52	536.00
951.70	588.00
951.88	619.00
952.06	544.00
952.24	573.00
952.42	548.00
952.61	498.00
952.79	507.00
952.97	552.00
953.15	574.00
953.33	496.00
953.51	479.00
953.69	510.00
953.87	540.00
954.05	555.00
954.24	582.00
954.42	540.00
954.60	535.00
954.78	550.00
954.96	509.00
955.14	509.00
955.32	562.00
955.50	517.00
955.68	529.00
955.86	551.00
956.05	548.00
956.23	543.00
956.41	499.00
956.59	550.00
956.77	560.00
956.95	556.00
957.13	600.00
957.31	529.00
957.49	533.00
957.67	516.00
957.86	516.00
958.04	522.00
958.22	556.00
958.40	528.00
958.58	472.00
958.76	540.00
958.94	525.00
959.12	546.00
959.30	540.00
959.48	552.00
959.66	540.00
959.84	455.00
960.03	513.00
960.21	568.00
960.39	526.00
960.57	526.00
960.75	501.00
960.93	445.00
961.11	506.00
961.29	495.00
961.47	503.00
961.65	508.00
961.83	479.00
962.01	413.00
962.19	492.00
962.37	480.00
962.56	470.00
962.74	552.00
962.92	541.00
963.10	494.00
963.28	472.00
963.46	497.00
963.64	550.00
963.82	535.00
964.00	501.00
964.18	484.00
964.36	479.00
964.54	455.00
964.72	503.00
964.90	489.00
965.08	544.00
965.27	608.00
965.45	526.00
965.63	534.00
965.81	532.00
965.99	486.00
966.17	460.00
966.35	501.00
966.53	513.00
966.71	464.00
966.89	515.00
967.07	580.00
967.25	548.00
967.43	512.00
967.61	504.00
967.79	479.00
967.97	484.00
968.15	450.00
968.33	514.00
968.51	466.00
968.69	417.00
968.87	468.00
969.06	443.00
969.24	561.00
969.42	507.00
969.60	494.00
969.78	504.00
969.96	504.00
970.14	462.00
970.32	509.00
970.50	515.00
970.68	504.00
970.86	454.00
971.04	427.00
971.22	412.00
971.40	459.00
971.58	444.00
971.76	407.00
971.94	424.00
972.12	426.00
972.30	391.00
972.48	446.00
972.66	437.00
972.84	454.00
973.02	401.00
973.20	396.00
973.38	441.00
973.56	415.00
973.74	395.00
973.92	419.00
974.10	404.00
974.28	415.00
974.46	383.00
974.64	342.00
974.82	391.00
975.00	486.00
975.18	464.00
975.36	409.00
975.54	365.00
975.72	437.00
975.90	443.00
976.08	458.00
976.26	422.00
976.44	446.00
976.62	489.00
976.80	453.00
976.98	391.00
977.16	345.00
977.34	371.00
977.52	384.00
977.70	395.00
977.88	428.00
978.06	355.00
978.24	372.00
978.42	320.00
978.60	326.00
978.78	434.00
978.96	451.00
979.14	430.00
979.32	346.00
979.50	393.00
979.68	445.00
979.86	406.00
980.04	347.00
980.22	385.00
980.40	425.00
980.58	415.00
980.76	357.00
980.94	381.00
981.12	374.00
981.30	454.00
981.48	445.00
981.66	402.00
981.84	373.00
982.02	369.00
982.20	395.00
982.38	388.00
982.56	345.00
982.74	370.00
982.92	379.00
983.10	344.00
983.28	416.00
983.46	418.00
983.64	379.00
983.82	456.00
984.00	368.00
984.18	362.00
984.36	395.00
984.54	420.00
984.72	372.00
984.90	350.00
985.08	327.00
985.26	307.00
985.44	358.00
985.62	388.00
985.80	335.00
985.98	338.00
986.16	425.00
986.34	371.00
986.51	358.00
986.69	359.00
986.87	353.00
987.05	385.00
987.23	382.00
987.41	389.00
987.59	431.00
987.77	384.00
987.95	290.00
988.13	291.00
988.31	355.00
988.49	284.00
988.67	378.00
988.85	423.00
989.03	359.00
989.21	319.00
989.39	324.00
989.57	317.00
989.75	332.00
989.93	388.00
990.11	359.00
990.28	346.00
990.46	320.00
990.64	304.00
990.82	348.00
991.00	369.00
991.18	365.00
991.36	290.00
991.54	332.00
991.72	310.00
991.90	329.00
992.08	350.00
992.26	369.00
992.44	318.00
992.62	287.00
992.80	306.00
992.98	277.00
993.15	327.00
993.33	287.00
993.51	336.00
993.69	295.00
993.87	324.00
994.05	314.00
994.23	326.00
994.41	244.00
994.59	269.00
994.77	310.00
994.95	317.00
995.13	303.00
995.31	322.00
995.48	331.00
995.66	341.00
995.84	305.00
996.02	254.00
996.20	233.00
996.38	251.00
996.56	219.00
996.74	245.00
996.92	311.00
997.10	368.00
997.28	323.00
997.46	255.00
997.63	230.00
997.81	227.00
997.99	286.00
998.17	303.00
998.35	316.00
998.53	227.00
998.71	244.00
998.89	233.00
999.07	274.00
999.25	284.00
999.43	308.00
999.60	294.00
999.78	271.00
999.96	277.00
1000.14	294.00
1000.32	252.00
1000.50	237.00
1000.68	252.00
1000.86	236.00
1001.04	255.00
1001.21	250.00
1001.39	286.00
1001.57	282.00
1001.75	290.00
1001.93	287.00
1002.11	271.00
1002.29	271.00
1002.47	275.00
1002.65	241.00
1002.82	281.00
1003.00	265.00
1003.18	300.00
1003.36	287.00
1003.54	280.00
1003.72	331.00
1003.90	311.00
1004.08	292.00
1004.26	233.00
1004.43	264.00
1004.61	242.00
1004.79	244.00
1004.97	278.00
1005.15	230.00
1005.33	166.00
1005.51	243.00
1005.69	300.00
1005.86	259.00
1006.04	327.00
1006.22	355.00
1006.40	296.00
1006.58	282.00
1006.76	274.00
1006.94	312.00
1007.12	219.00
1007.29	192.00
1007.47	273.00
1007.65	257.00
1007.83	238.00
1008.01	280.00
1008.19	332.00
1008.37	251.00
1008.54	234.00
1008.72	207.00
1008.90	218.00
1009.08	224.00
1009.26	254.00
1009.44	317.00
1009.62	294.00
1009.79	259.00
1009.97	252.00
1010.15	193.00
1010.33	163.00
1010.51	237.00
1010.69	277.00
1010.87	260.00
1011.04	265.00
1011.22	218.00
1011.40	171.00
1011.58	260.00
1011.76	294.00
1011.94	247.00
1012.11	243.00
1012.29	219.00
1012.47	250.00
1012.65	229.00
1012.83	217.00
1013.01	262.00
1013.18	265.00
1013.36	207.00
1013.54	194.00
1013.72	237.00
1013.90	265.00
1014.08	241.00
1014.25	230.00
1014.43	229.00
1014.61	226.00
1014.79	257.00
1014.97	240.00
1015.15	201.00
1015.32	309.00
1015.50	295.00
1015.68	264.00
1015.86	240.00
1016.04	249.00
1016.22	301.00
1016.39	275.00
1016.57	224.00
1016.75	240.00
1016.93	184.00
1017.11	170.00
1017.29	162.00
1017.46	128.00
1017.64	278.00
1017.82	270.00
1018.00	199.00
1018.18	221.00
1018.35	244.00
1018.53	189.00
1018.71	253.00
1018.89	189.00
1019.07	245.00
1019.24	190.00
1019.42	211.00
1019.60	251.00
1019.78	177.00
1019.96	178.00
1020.14	243.00
1020.31	187.00
1020.49	175.00
1020.67	155.00
1020.85	223.00
1021.03	206.00
1021.20	126.00
1021.38	204.00
1021.56	268.00
1021.74	264.00
1021.92	201.00
1022.09	113.00
1022.27	166.00
1022.45	184.00
1022.63	184.00
1022.81	169.00
1022.98	170.00
1023.16	217.00
1023.34	220.00
1023.52	166.00
1023.69	161.00
1023.87	193.00
1024.05	202.00
1024.23	206.00
1024.41	193.00
1024.58	144.00
1024.76	164.00
1024.94	221.00
1025.12	267.00
1025.30	209.00
1025.47	154.00
1025.65	194.00
1025.83	195.00
1026.01	121.00
1026.18	146.00
1026.36	159.00
1026.54	185.00
1026.72	207.00
1026.90	222.00
1027.07	185.00
1027.25	163.00
1027.43	144.00
1027.61	184.00
1027.78	227.00
1027.96	200.00
1028.14	243.00
1028.32	186.00
1028.49	170.00
1028.67	206.00
1028.85	228.00
1029.03	183.00
1029.21	153.00
1029.38	175.00
1029.56	195.00
1029.74	186.00
1029.92	175.00
1030.09	180.00
1030.27	144.00
1030.45	136.00
1030.63	145.00
1030.80	185.00
1030.98	192.00
1031.16	174.00
1031.34	206.00
1031.51	153.00
1031.69	150.00
1031.87	184.00
1032.05	139.00
1032.22	119.00
1032.40	70.00
1032.58	137.00
1032.76	226.00
1032.93	191.00
1033.11	171.00
1033.29	203.00
1033.47	174.00
1033.64	155.00
1033.82	166.00
1034.00	209.00
1034.18	202.00
1034.35	251.00
1034.53	199.00
1034.71	121.00
1034.89	136.00
1035.06	173.00
1035.24	213.00
1035.42	177.00
1035.59	176.00
1035.77	174.00
1035.95	106.00
1036.13	111.00
1036.30	174.00
1036.48	170.00
1036.66	167.00
1036.84	61.00
1037.01	94.00
1037.19	143.00
1037.37	135.00
1037.54	104.00
1037.72	151.00
1037.90	105.00
1038.08	101.00
1038.25	159.00
1038.43	122.00
1038.61	131.00
1038.79	139.00
1038.96	174.00
1039.14	238.00
1039.32	149.00
1039.49	97.00
1039.67	105.00
1039.85	147.00
1040.03	123.00
1040.20	124.00
1040.38	152.00
1040.56	120.00
1040.73	139.00
1040.91	136.00
1041.09	138.00
1041.27	164.00
1041.44	122.00
1041.62	124.00
1041.80	156.00
1041.97	189.00
1042.15	134.00
1042.33	131.00
1042.50	142.00
1042.68	154.00
1042.86	160.00
1043.04	135.00
1043.21	202.00
1043.39	203.00
1043.57	165.00
1043.74	110.00
1043.92	160.00
1044.10	183.00
1044.27	107.00
1044.45	91.00
1044.63	65.00
1044.80	88.00
1044.98	162.00
1045.16	173.00
1045.34	106.00
1045.51	54.00
1045.69	88.00
1045.87	107.00
1046.04	126.00
1046.22	81.00
1046.40	95.00
1046.57	80.00
1046.75	79.00
1046.93	137.00
1047.10	168.00
1047.28	147.00
1047.46	170.00
1047.63	164.00
1047.81	137.00
1047.99	122.00
1048.16	149.00
1048.34	165.00
1048.52	148.00
1048.69	131.00
1048.87	87.00
1049.05	44.00
1049.22	54.00
1049.40	136.00
1049.58	105.00
1049.75	41.00
1049.93	92.00
1050.11	169.00
1050.28	228.00
1050.46	138.00
1050.64	96.00
1050.81	140.00
1050.99	196.00
1051.17	98.00
1051.34	115.00
1051.52	180.00
1051.70	132.00
1051.87	172.00
1052.05	73.00
1052.23	86.00
1052.40	118.00
1052.58	78.00
1052.76	122.00
1052.93	192.00
1053.11	113.00
1053.29	139.00
1053.46	101.00
1053.64	95.00
1053.82	116.00
1053.99	64.00
1054.17	81.00
1054.35	86.00
1054.52	119.00
1054.70	152.00
1054.87	134.00
1055.05	110.00
1055.23	109.00
1055.40	112.00
1055.58	118.00
1055.76	135.00
1055.93	111.00
1056.11	130.00
1056.29	110.00
1056.46	131.00
1056.64	156.00
1056.81	114.00
1056.99	107.00
1057.17	157.00
1057.34	143.00
1057.52	94.00
1057.70	51.00
1057.87	73.00
1058.05	102.00
1058.22	110.00
1058.40	127.00
1058.58	103.00
1058.75	56.00
1058.93	61.00
1059.11	43.00
1059.28	34.00
1059.46	88.00
1059.63	84.00
1059.81	43.00
1059.99	96.00
1060.16	151.00
1060.34	162.00
1060.52	162.00
1060.69	128.00
1060.87	72.00
1061.04	99.00
1061.22	109.00
