367.62	-71.00
367.82	-23.00
368.02	3.00
368.23	20.00
368.43	-36.00
368.63	-30.00
368.83	-54.00
369.04	-50.00
369.24	18.00
369.44	30.00
369.65	1.00
369.85	23.00
370.05	13.00
370.25	53.00
370.46	45.00
370.66	60.00
370.86	3.00
371.07	56.00
371.27	5.00
371.47	-24.00
371.67	38.00
371.88	58.00
372.08	26.00
372.28	39.00
372.49	12.00
372.69	-29.00
372.89	49.00
373.09	53.00
373.30	90.00
373.50	90.00
373.70	16.00
373.91	44.00
374.11	39.00
374.31	59.00
374.51	15.00
374.72	2.00
374.92	10.00
375.12	25.00
375.33	2.00
375.53	-7.00
375.73	-27.00
375.93	3.00
376.14	50.00
376.34	51.00
376.54	10.00
376.74	21.00
376.95	-2.00
377.15	-3.00
377.35	-60.00
377.55	-61.00
377.76	-53.00
377.96	-9.00
378.16	47.00
378.37	70.00
378.57	53.00
378.77	9.00
378.97	-1.00
379.18	67.00
379.38	-39.00
379.58	-74.00
379.78	-36.00
379.99	-29.00
380.19	-58.00
380.39	-31.00
380.59	-57.00
380.80	-2.00
381.00	61.00
381.20	51.00
381.40	-9.00
381.61	-49.00
381.81	-17.00
382.01	-25.00
382.21	-24.00
382.42	-43.00
382.62	-60.00
382.82	-33.00
383.02	-14.00
383.23	46.00
383.43	7.00
383.63	8.00
383.83	-42.00
384.04	9.00
384.24	9.00
384.44	60.00
384.64	72.00
384.85	3.00
385.05	-36.00
385.25	-8.00
385.45	-48.00
385.66	-22.00
385.86	33.00
386.06	38.00
386.26	74.00
386.47	58.00
386.67	29.00
386.87	52.00
387.07	51.00
387.27	49.00
387.48	19.00
387.68	-50.00
387.88	-64.00
388.08	-22.00
388.29	-28.00
388.49	-20.00
388.69	-49.00
388.89	-38.00
389.10	-37.00
389.30	2.00
389.50	-20.00
389.70	0.00
389.90	-13.00
390.11	6.00
390.31	43.00
390.51	38.00
390.71	-36.00
390.92	29.00
391.12	-25.00
391.32	-38.00
391.52	-65.00
391.72	4.00
391.93	17.00
392.13	29.00
392.33	25.00
392.53	15.00
392.74	-42.00
392.94	-44.00
393.14	-49.00
393.34	18.00
393.54	109.00
393.75	53.00
393.95	34.00
394.15	11.00
394.35	21.00
394.56	26.00
394.76	59.00
394.96	85.00
395.16	86.00
395.36	34.00
395.57	-11.00
395.77	26.00
395.97	24.00
396.17	23.00
396.37	35.00
396.58	60.00
396.78	137.00
396.98	110.00
397.18	-31.00
397.38	31.00
397.59	92.00
397.79	16.00
397.99	19.00
398.19	24.00
398.39	24.00
398.60	-60.00
398.80	-18.00
399.00	8.00
399.20	-20.00
399.40	-12.00
399.61	-8.00
399.81	13.00
400.01	20.00
400.21	16.00
400.41	-62.00
400.62	-66.00
400.82	-63.00
401.02	-16.00
401.22	18.00
401.42	37.00
401.63	27.00
401.83	52.00
402.03	42.00
402.23	57.00
402.43	-4.00
402.64	-24.00
402.84	-8.00
403.04	-19.00
403.24	-6.00
403.44	-48.00
403.64	16.00
403.85	86.00
404.05	0.00
404.25	21.00
404.45	16.00
404.65	0.00
404.86	13.00
405.06	42.00
405.26	-9.00
405.46	10.00
405.66	32.00
405.86	64.00
406.07	67.00
406.27	86.00
406.47	59.00
406.67	20.00
406.87	-28.00
407.07	-46.00
407.28	-19.00
407.48	37.00
407.68	70.00
407.88	8.00
408.08	-1.00
408.28	44.00
408.49	56.00
408.69	59.00
408.89	-34.00
409.09	-12.00
409.29	26.00
409.49	-34.00
409.70	27.00
409.90	21.00
410.10	22.00
410.30	51.00
410.50	-21.00
410.70	10.00
410.91	55.00
411.11	-7.00
411.31	-22.00
411.51	31.00
411.71	27.00
411.91	51.00
412.12	16.00
412.32	23.00
412.52	44.00
412.72	18.00
412.92	-16.00
413.12	18.00
413.32	-2.00
413.53	-36.00
413.73	3.00
413.93	24.00
414.13	-29.00
414.33	21.00
414.53	-12.00
414.74	-40.00
414.94	-36.00
415.14	-16.00
415.34	54.00
415.54	22.00
415.74	52.00
415.94	-14.00
416.15	-28.00
416.35	-19.00
416.55	-45.00
416.75	8.00
416.95	57.00
417.15	66.00
417.35	59.00
417.56	38.00
417.76	24.00
417.96	0.00
418.16	-1.00
418.36	102.00
418.56	109.00
418.76	4.00
418.97	-28.00
419.17	-25.00
419.37	3.00
419.57	36.00
419.77	46.00
419.97	-26.00
420.17	-88.00
420.37	32.00
420.58	42.00
420.78	-13.00
420.98	-13.00
421.18	-40.00
421.38	6.00
421.58	61.00
421.78	63.00
421.98	-21.00
422.19	6.00
422.39	93.00
422.59	25.00
422.79	26.00
422.99	63.00
423.19	77.00
423.39	34.00
423.59	60.00
423.80	65.00
424.00	32.00
424.20	47.00
424.40	11.00
424.60	28.00
424.80	-6.00
425.00	-12.00
425.20	-25.00
425.40	-9.00
425.61	-6.00
425.81	31.00
426.01	64.00
426.21	93.00
426.41	27.00
426.61	-9.00
426.81	0.00
427.01	14.00
427.21	64.00
427.42	52.00
427.62	2.00
427.82	72.00
428.02	57.00
428.22	22.00
428.42	42.00
428.62	41.00
428.82	30.00
429.02	104.00
429.23	79.00
429.43	51.00
429.63	5.00
429.83	43.00
430.03	74.00
430.23	78.00
430.43	77.00
430.63	19.00
430.83	-12.00
431.03	-11.00
431.24	-37.00
431.44	-11.00
431.64	53.00
431.84	96.00
432.04	64.00
432.24	12.00
432.44	15.00
432.64	32.00
432.84	54.00
433.04	62.00
433.24	8.00
433.45	22.00
433.65	14.00
433.85	-15.00
434.05	43.00
434.25	48.00
434.45	93.00
434.65	105.00
434.85	42.00
435.05	9.00
435.25	-34.00
435.45	10.00
435.65	34.00
435.86	25.00
436.06	44.00
436.26	59.00
436.46	39.00
436.66	21.00
436.86	51.00
437.06	76.00
437.26	74.00
437.46	79.00
437.66	40.00
437.86	-8.00
438.06	0.00
438.26	71.00
438.47	15.00
438.67	-2.00
438.87	8.00
439.07	-10.00
439.27	-22.00
439.47	40.00
439.67	53.00
439.87	56.00
440.07	49.00
440.27	65.00
440.47	58.00
440.67	43.00
440.87	12.00
441.07	25.00
441.27	52.00
441.48	65.00
441.68	69.00
441.88	38.00
442.08	68.00
442.28	42.00
442.48	57.00
442.68	49.00
442.88	51.00
443.08	34.00
443.28	35.00
443.48	53.00
443.68	44.00
443.88	8.00
444.08	-29.00
444.28	-2.00
444.48	89.00
444.68	94.00
444.88	54.00
445.09	12.00
445.29	35.00
445.49	49.00
445.69	91.00
445.89	59.00
446.09	22.00
446.29	62.00
446.49	61.00
446.69	49.00
446.89	89.00
447.09	113.00
447.29	87.00
447.49	9.00
447.69	-44.00
447.89	34.00
448.09	78.00
448.29	67.00
448.49	54.00
448.69	42.00
448.89	65.00
449.09	71.00
449.29	36.00
449.49	39.00
449.70	35.00
449.90	55.00
450.10	109.00
450.30	70.00
450.50	5.00
450.70	-13.00
450.90	60.00
451.10	9.00
451.30	25.00
451.50	14.00
451.70	-22.00
451.90	56.00
452.10	35.00
452.30	41.00
452.50	37.00
452.70	37.00
452.90	28.00
453.10	60.00
453.30	94.00
453.50	45.00
453.70	54.00
453.90	52.00
454.10	48.00
454.30	109.00
454.50	32.00
454.70	51.00
454.90	40.00
455.10	58.00
455.30	86.00
455.50	62.00
455.70	86.00
455.90	130.00
456.10	103.00
456.30	77.00
456.50	91.00
456.70	67.00
456.90	37.00
457.10	68.00
457.30	73.00
457.50	41.00
457.70	15.00
457.90	29.00
458.10	102.00
458.30	50.00
458.50	89.00
458.70	159.00
458.90	140.00
459.10	119.00
459.30	131.00
459.50	134.00
459.70	81.00
459.90	54.00
460.10	112.00
460.30	112.00
460.50	95.00
460.70	99.00
460.90	97.00
461.10	10.00
461.30	8.00
461.50	45.00
461.70	86.00
461.90	40.00
462.10	1.00
462.30	60.00
462.50	99.00
462.70	91.00
462.90	64.00
463.10	17.00
463.30	34.00
463.50	108.00
463.70	58.00
463.90	94.00
464.10	30.00
464.30	81.00
464.50	82.00
464.70	13.00
464.90	77.00
465.10	63.00
465.30	17.00
465.50	11.00
465.70	83.00
465.90	150.00
466.10	132.00
466.30	176.00
466.50	124.00
466.70	90.00
466.90	79.00
467.10	94.00
467.30	80.00
467.50	156.00
467.70	123.00
467.90	80.00
468.10	45.00
468.30	64.00
468.50	94.00
468.70	13.00
468.90	-28.00
469.10	63.00
469.30	90.00
469.50	79.00
469.70	118.00
469.90	168.00
470.10	76.00
470.30	57.00
470.50	77.00
470.70	-5.00
470.90	66.00
471.10	114.00
471.29	91.00
471.49	22.00
471.69	42.00
471.89	73.00
472.09	81.00
472.29	108.00
472.49	127.00
472.69	43.00
472.89	38.00
473.09	54.00
473.29	88.00
473.49	47.00
473.69	29.00
473.89	7.00
474.09	71.00
474.29	126.00
474.49	47.00
474.69	85.00
474.89	115.00
475.09	91.00
475.29	73.00
475.49	65.00
475.69	80.00
475.88	88.00
476.08	68.00
476.28	36.00
476.48	19.00
476.68	34.00
476.88	34.00
477.08	58.00
477.28	70.00
477.48	51.00
477.68	75.00
477.88	73.00
478.08	49.00
478.28	11.00
478.48	60.00
478.68	91.00
478.88	104.00
479.08	38.00
479.28	-7.00
479.47	34.00
479.67	8.00
479.87	90.00
480.07	119.00
480.27	135.00
480.47	143.00
480.67	100.00
480.87	105.00
481.07	94.00
481.27	62.00
481.47	49.00
481.67	68.00
481.87	5.00
482.07	21.00
482.27	125.00
482.46	128.00
482.66	84.00
482.86	13.00
483.06	36.00
483.26	19.00
483.46	58.00
483.66	90.00
483.86	30.00
484.06	178.00
484.26	131.00
484.46	87.00
484.66	55.00
484.86	81.00
485.05	49.00
485.25	62.00
485.45	65.00
485.65	62.00
485.85	50.00
486.05	14.00
486.25	57.00
486.45	84.00
486.65	69.00
486.85	51.00
487.05	61.00
487.25	74.00
487.44	144.00
487.64	103.00
487.84	27.00
488.04	46.00
488.24	99.00
488.44	40.00
488.64	73.00
488.84	67.00
489.04	89.00
489.24	80.00
489.43	38.00
489.63	93.00
489.83	60.00
490.03	55.00
490.23	56.00
490.43	127.00
490.63	143.00
490.83	82.00
491.03	99.00
491.23	126.00
491.42	113.00
491.62	93.00
491.82	67.00
492.02	90.00
492.22	39.00
492.42	110.00
492.62	130.00
492.82	103.00
493.02	141.00
493.22	108.00
493.41	165.00
493.61	195.00
493.81	117.00
494.01	124.00
494.21	156.00
494.41	157.00
494.61	163.00
494.81	139.00
495.01	172.00
495.20	114.00
495.40	122.00
495.60	133.00
495.80	57.00
496.00	136.00
496.20	141.00
496.40	135.00
496.60	116.00
496.79	71.00
496.99	112.00
497.19	106.00
497.39	125.00
497.59	86.00
497.79	112.00
497.99	150.00
498.19	173.00
498.38	165.00
498.58	133.00
498.78	62.00
498.98	143.00
499.18	85.00
499.38	101.00
499.58	65.00
499.78	143.00
499.97	137.00
500.17	75.00
500.37	102.00
500.57	124.00
500.77	180.00
500.97	204.00
501.17	204.00
501.37	185.00
501.56	142.00
501.76	150.00
501.96	146.00
502.16	150.00
502.36	191.00
502.56	109.00
502.76	103.00
502.95	127.00
503.15	185.00
503.35	204.00
503.55	156.00
503.75	185.00
503.95	94.00
504.15	42.00
504.34	72.00
504.54	184.00
504.74	169.00
504.94	205.00
505.14	237.00
505.34	134.00
505.54	108.00
505.73	167.00
505.93	130.00
506.13	122.00
506.33	199.00
506.53	124.00
506.73	61.00
506.92	171.00
507.12	201.00
507.32	180.00
507.52	124.00
507.72	117.00
507.92	143.00
508.12	170.00
508.31	198.00
508.51	110.00
508.71	125.00
508.91	142.00
509.11	163.00
509.31	129.00
509.50	131.00
509.70	151.00
509.90	95.00
510.10	134.00
510.30	156.00
510.50	114.00
510.69	158.00
510.89	126.00
511.09	181.00
511.29	166.00
511.49	169.00
511.69	141.00
511.88	127.00
512.08	94.00
512.28	139.00
512.48	110.00
512.68	193.00
512.88	169.00
513.07	149.00
513.27	184.00
513.47	181.00
513.67	138.00
513.87	155.00
514.06	160.00
514.26	92.00
514.46	105.00
514.66	115.00
514.86	141.00
515.06	152.00
515.25	158.00
515.45	131.00
515.65	164.00
515.85	175.00
516.05	110.00
516.24	115.00
516.44	185.00
516.64	190.00
516.84	199.00
517.04	161.00
517.23	150.00
517.43	161.00
517.63	161.00
517.83	132.00
518.03	77.00
518.23	87.00
518.42	181.00
518.62	170.00
518.82	156.00
519.02	131.00
519.22	123.00
519.41	111.00
519.61	149.00
519.81	140.00
520.01	164.00
520.21	153.00
520.40	159.00
520.60	183.00
520.80	168.00
521.00	132.00
521.20	160.00
521.39	148.00
521.59	148.00
521.79	162.00
521.99	162.00
522.19	130.00
522.38	140.00
522.58	118.00
522.78	101.00
522.98	119.00
523.17	201.00
523.37	198.00
523.57	165.00
523.77	169.00
523.97	82.00
524.16	161.00
524.36	165.00
524.56	166.00
524.76	149.00
524.96	125.00
525.15	175.00
525.35	129.00
525.55	195.00
525.75	164.00
525.94	156.00
526.14	186.00
526.34	190.00
526.54	202.00
526.74	178.00
526.93	204.00
527.13	243.00
527.33	195.00
527.53	187.00
527.72	151.00
527.92	184.00
528.12	280.00
528.32	192.00
528.52	122.00
528.71	124.00
528.91	148.00
529.11	198.00
529.31	198.00
529.50	227.00
529.70	260.00
529.90	252.00
530.10	161.00
530.29	175.00
530.49	241.00
530.69	230.00
530.89	246.00
531.09	208.00
531.28	174.00
531.48	201.00
531.68	273.00
531.88	285.00
532.07	244.00
532.27	221.00
532.47	223.00
532.67	251.00
532.86	234.00
533.06	236.00
533.26	244.00
533.46	256.00
533.65	254.00
533.85	205.00
534.05	202.00
534.25	282.00
534.44	314.00
534.64	259.00
534.84	299.00
535.04	315.00
535.23	283.00
535.43	289.00
535.63	284.00
535.83	237.00
536.02	209.00
536.22	251.00
536.42	217.00
536.62	258.00
536.81	236.00
537.01	255.00
537.21	331.00
537.41	387.00
537.60	349.00
537.80	334.00
538.00	358.00
538.20	359.00
538.39	346.00
538.59	332.00
538.79	347.00
538.99	423.00
539.18	333.00
539.38	325.00
539.58	358.00
539.77	372.00
539.97	415.00
540.17	410.00
540.37	356.00
540.56	391.00
540.76	402.00
540.96	389.00
541.16	377.00
541.35	390.00
541.55	455.00
541.75	417.00
541.94	404.00
542.14	485.00
542.34	487.00
542.54	406.00
542.73	392.00
542.93	342.00
543.13	378.00
543.33	459.00
543.52	439.00
543.72	376.00
543.92	407.00
544.11	367.00
544.31	366.00
544.51	384.00
544.71	392.00
544.90	344.00
545.10	408.00
545.30	449.00
545.49	448.00
545.69	408.00
545.89	404.00
546.09	526.00
546.28	550.00
546.48	524.00
546.68	546.00
546.87	502.00
547.07	427.00
547.27	353.00
547.47	360.00
547.66	425.00
547.86	433.00
548.06	398.00
548.25	392.00
548.45	376.00
548.65	402.00
548.84	425.00
549.04	389.00
549.24	358.00
549.44	324.00
549.63	371.00
549.83	352.00
550.03	368.00
550.22	331.00
550.42	362.00
550.62	326.00
550.81	380.00
551.01	384.00
551.21	412.00
551.41	401.00
551.60	375.00
551.80	346.00
552.00	340.00
552.19	286.00
552.39	322.00
552.59	341.00
552.78	413.00
552.98	412.00
553.18	425.00
553.37	369.00
553.57	380.00
553.77	337.00
553.96	312.00
554.16	410.00
554.36	432.00
554.56	380.00
554.75	398.00
554.95	426.00
555.15	455.00
555.34	434.00
555.54	410.00
555.74	389.00
555.93	337.00
556.13	306.00
556.33	303.00
556.52	367.00
556.72	376.00
556.92	319.00
557.11	297.00
557.31	346.00
557.51	344.00
557.70	310.00
557.90	284.00
558.10	276.00
558.29	307.00
558.49	334.00
558.69	261.00
558.88	288.00
559.08	244.00
559.28	270.00
559.47	307.00
559.67	296.00
559.87	348.00
560.06	368.00
560.26	325.00
560.46	312.00
560.65	316.00
560.85	242.00
561.05	338.00
561.24	360.00
561.44	348.00
561.64	314.00
561.83	219.00
562.03	249.00
562.23	322.00
562.42	344.00
562.62	335.00
562.82	346.00
563.01	377.00
563.21	261.00
563.40	286.00
563.60	327.00
563.80	317.00
563.99	316.00
564.19	314.00
564.39	313.00
564.58	329.00
564.78	384.00
564.98	320.00
565.17	311.00
565.37	286.00
565.57	308.00
565.76	390.00
565.96	412.00
566.16	363.00
566.35	331.00
566.55	352.00
566.74	335.00
566.94	308.00
567.14	312.00
567.33	297.00
567.53	270.00
567.73	308.00
567.92	342.00
568.12	352.00
568.32	306.00
568.51	293.00
568.71	304.00
568.90	313.00
569.10	390.00
569.30	349.00
569.49	382.00
569.69	450.00
569.89	364.00
570.08	367.00
570.28	358.00
570.47	373.00
570.67	443.00
570.87	432.00
571.06	444.00
571.26	457.00
571.46	384.00
571.65	416.00
571.85	326.00
572.04	284.00
572.24	319.00
572.44	454.00
572.63	426.00
572.83	407.00
573.03	412.00
573.22	451.00
573.42	435.00
573.61	409.00
573.81	459.00
574.01	488.00
574.20	443.00
574.40	373.00
574.59	408.00
574.79	415.00
574.99	416.00
575.18	418.00
575.38	453.00
575.58	450.00
575.77	412.00
575.97	480.00
576.16	521.00
576.36	452.00
576.56	509.00
576.75	472.00
576.95	474.00
577.14	484.00
577.34	478.00
577.54	441.00
577.73	476.00
577.93	517.00
578.12	548.00
578.32	533.00
578.52	548.00
578.71	564.00
578.91	640.00
579.10	600.00
579.30	617.00
579.50	630.00
579.69	652.00
579.89	622.00
580.08	602.00
580.28	627.00
580.48	659.00
580.67	616.00
580.87	583.00
581.06	563.00
581.26	630.00
581.45	697.00
581.65	682.00
581.85	655.00
582.04	680.00
582.24	691.00
582.43	677.00
582.63	681.00
582.83	743.00
583.02	768.00
583.22	763.00
583.41	768.00
583.61	807.00
583.80	782.00
584.00	816.00
584.20	775.00
584.39	840.00
584.59	845.00
584.78	853.00
584.98	786.00
585.17	830.00
585.37	890.00
585.57	822.00
585.76	880.00
585.96	915.00
586.15	847.00
586.35	913.00
586.54	991.00
586.74	982.00
586.94	893.00
587.13	922.00
587.33	963.00
587.52	1000.00
587.72	1045.00
587.91	997.00
588.11	1019.00
588.31	1040.00
588.50	1018.00
588.70	1010.00
588.89	1031.00
589.09	1060.00
589.28	1002.00
589.48	1017.00
589.68	1053.00
589.87	1084.00
590.07	1070.00
590.26	1079.00
590.46	1061.00
590.65	1055.00
590.85	1098.00
591.04	1125.00
591.24	1080.00
591.44	1143.00
591.63	1209.00
591.83	1151.00
592.02	1193.00
592.22	1194.00
592.41	1177.00
592.61	1269.00
592.80	1233.00
593.00	1243.00
593.19	1247.00
593.39	1246.00
593.59	1252.00
593.78	1258.00
593.98	1239.00
594.17	1286.00
594.37	1255.00
594.56	1290.00
594.76	1271.00
594.95	1293.00
595.15	1311.00
595.34	1324.00
595.54	1339.00
595.73	1327.00
595.93	1368.00
596.13	1363.00
596.32	1388.00
596.52	1387.00
596.71	1422.00
596.91	1322.00
597.10	1267.00
597.30	1342.00
597.49	1352.00
597.69	1407.00
597.88	1375.00
598.08	1437.00
598.27	1497.00
598.47	1518.00
598.66	1477.00
598.86	1477.00
599.06	1449.00
599.25	1448.00
599.45	1485.00
599.64	1527.00
599.84	1522.00
600.03	1442.00
600.23	1484.00
600.42	1520.00
600.62	1533.00
600.81	1547.00
601.01	1513.00
601.20	1466.00
601.40	1490.00
601.59	1544.00
601.79	1518.00
601.98	1528.00
602.18	1493.00
602.37	1447.00
602.57	1454.00
602.76	1457.00
602.96	1520.00
603.15	1432.00
603.35	1511.00
603.54	1555.00
603.74	1584.00
603.93	1462.00
604.13	1418.00
604.32	1517.00
604.52	1575.00
604.71	1518.00
604.91	1505.00
605.10	1551.00
605.30	1513.00
605.49	1511.00
605.69	1523.00
605.88	1565.00
606.08	1564.00
606.27	1602.00
606.47	1557.00
606.66	1437.00
606.86	1466.00
607.05	1512.00
607.25	1603.00
607.44	1638.00
607.64	1590.00
607.83	1531.00
608.03	1564.00
608.22	1617.00
608.42	1655.00
608.61	1581.00
608.81	1577.00
609.00	1632.00
609.20	1712.00
609.39	1790.00
609.59	1807.00
609.78	1788.00
609.98	1930.00
610.17	2064.00
610.37	2179.00
610.56	2315.00
610.76	2412.00
610.95	2593.00
611.15	2784.00
611.34	2837.00
611.54	2950.00
611.73	2936.00
611.93	2702.00
612.12	2496.00
612.32	2246.00
612.51	2079.00
612.71	2026.00
612.90	2005.00
613.09	1896.00
613.29	1769.00
613.48	1777.00
613.68	1849.00
613.87	1793.00
614.07	1808.00
614.26	1860.00
614.46	1831.00
614.65	1805.00
614.85	1731.00
615.04	1748.00
615.24	1806.00
615.43	1765.00
615.63	1641.00
615.82	1627.00
616.02	1616.00
616.21	1603.00
616.40	1542.00
616.60	1610.00
616.79	1589.00
616.99	1530.00
617.18	1607.00
617.38	1615.00
617.57	1657.00
617.77	1624.00
617.96	1621.00
618.16	1502.00
618.35	1515.00
618.54	1557.00
618.74	1540.00
618.93	1551.00
619.13	1563.00
619.32	1531.00
619.52	1439.00
619.71	1506.00
619.91	1653.00
620.10	1689.00
620.30	1547.00
620.49	1466.00
620.68	1529.00
620.88	1654.00
621.07	1630.00
621.27	1588.00
621.46	1645.00
621.66	1642.00
621.85	1621.00
622.05	1687.00
622.24	1668.00
622.43	1573.00
622.63	1691.00
622.82	1748.00
623.02	1666.00
623.21	1648.00
623.41	1752.00
623.60	1757.00
623.80	1706.00
623.99	1765.00
624.18	1778.00
624.38	1768.00
624.57	1841.00
624.77	1799.00
624.96	1732.00
625.16	1715.00
625.35	1724.00
625.54	1795.00
625.74	1833.00
625.93	1716.00
626.13	1611.00
626.32	1698.00
626.52	1750.00
626.71	1776.00
626.90	1742.00
627.10	1712.00
627.29	1787.00
627.49	1827.00
627.68	1816.00
627.88	1843.00
628.07	1778.00
628.26	1795.00
628.46	1847.00
628.65	1906.00
628.85	1886.00
629.04	1885.00
629.23	1908.00
629.43	1808.00
629.62	1803.00
629.82	1959.00
630.01	1958.00
630.21	1924.00
630.40	2004.00
630.59	2011.00
630.79	1966.00
630.98	2067.00
631.18	2028.00
631.37	2086.00
631.56	2075.00
631.76	1939.00
631.95	1964.00
632.15	1938.00
632.34	1819.00
632.53	1981.00
632.73	1992.00
632.92	1948.00
633.12	1903.00
633.31	1968.00
633.50	1930.00
633.70	1902.00
633.89	1894.00
634.09	2005.00
634.28	2022.00
634.47	1931.00
634.67	1963.00
634.86	2041.00
635.06	2006.00
635.25	1923.00
635.44	1957.00
635.64	1976.00
635.83	2034.00
636.03	2029.00
636.22	1942.00
636.41	1959.00
636.61	2040.00
636.80	2041.00
637.00	2106.00
637.19	2069.00
637.38	2074.00
637.58	2152.00
637.77	2110.00
637.96	2145.00
638.16	2118.00
638.35	2097.00
638.55	2132.00
638.74	2173.00
638.93	2260.00
639.13	2261.00
639.32	2251.00
639.51	2272.00
639.71	2226.00
639.90	2222.00
640.10	2227.00
640.29	2254.00
640.48	2238.00
640.68	2211.00
640.87	2237.00
641.07	2283.00
641.26	2271.00
641.45	2273.00
641.65	2323.00
641.84	2350.00
642.03	2327.00
642.23	2355.00
642.42	2378.00
642.61	2391.00
642.81	2411.00
643.00	2421.00
643.20	2443.00
643.39	2467.00
643.58	2396.00
643.78	2396.00
643.97	2429.00
644.16	2385.00
644.36	2371.00
644.55	2352.00
644.74	2512.00
644.94	2516.00
645.13	2533.00
645.33	2523.00
645.52	2568.00
645.71	2588.00
645.91	2548.00
646.10	2473.00
646.29	2506.00
646.49	2520.00
646.68	2504.00
646.87	2534.00
647.07	2490.00
647.26	2415.00
647.45	2546.00
647.65	2542.00
647.84	2607.00
648.03	2585.00
648.23	2558.00
648.42	2575.00
648.62	2557.00
648.81	2617.00
649.00	2675.00
649.20	2635.00
649.39	2609.00
649.58	2625.00
649.78	2724.00
649.97	2729.00
650.16	2651.00
650.36	2645.00
650.55	2698.00
650.74	2724.00
650.94	2689.00
651.13	2688.00
651.32	2734.00
651.52	2643.00
651.71	2628.00
651.90	2732.00
652.10	2702.00
652.29	2629.00
652.48	2644.00
652.68	2612.00
652.87	2664.00
653.06	2727.00
653.26	2704.00
653.45	2664.00
653.64	2614.00
653.84	2674.00
654.03	2675.00
654.22	2708.00
654.42	2708.00
654.61	2677.00
654.80	2647.00
654.99	2671.00
655.19	2780.00
655.38	2778.00
655.57	2782.00
655.77	2756.00
655.96	2728.00
656.15	2670.00
656.35	2663.00
656.54	2765.00
656.73	2788.00
656.93	2758.00
657.12	2705.00
657.31	2813.00
657.51	2788.00
657.70	2716.00
657.89	2667.00
658.09	2670.00
658.28	2665.00
658.47	2698.00
658.66	2786.00
658.86	2706.00
659.05	2667.00
659.24	2689.00
659.44	2785.00
659.63	2827.00
659.82	2743.00
660.02	2752.00
660.21	2702.00
660.40	2644.00
660.60	2645.00
660.79	2687.00
660.98	2678.00
661.17	2659.00
661.37	2592.00
661.56	2603.00
661.75	2674.00
661.95	2683.00
662.14	2658.00
662.33	2650.00
662.52	2687.00
662.72	2663.00
662.91	2636.00
663.10	2631.00
663.30	2611.00
663.49	2605.00
663.68	2663.00
663.88	2626.00
664.07	2574.00
664.26	2687.00
664.45	2625.00
664.65	2603.00
664.84	2491.00
665.03	2509.00
665.23	2598.00
665.42	2598.00
665.61	2619.00
665.80	2621.00
666.00	2527.00
666.19	2467.00
666.38	2513.00
666.57	2468.00
666.77	2502.00
666.96	2577.00
667.15	2534.00
667.35	2606.00
667.54	2592.00
667.73	2531.00
667.92	2474.00
668.12	2411.00
668.31	2395.00
668.50	2426.00
668.70	2345.00
668.89	2457.00
669.08	2510.00
669.27	2458.00
669.47	2405.00
669.66	2489.00
669.85	2442.00
670.04	2459.00
670.24	2553.00
670.43	2500.00
670.62	2456.00
670.81	2513.00
671.01	2475.00
671.20	2448.00
671.39	2418.00
671.58	2436.00
671.78	2433.00
671.97	2415.00
672.16	2308.00
672.36	2395.00
672.55	2302.00
672.74	2280.00
672.93	2314.00
673.13	2348.00
673.32	2408.00
673.51	2369.00
673.70	2328.00
673.90	2369.00
674.09	2364.00
674.28	2306.00
674.47	2348.00
674.67	2478.00
674.86	2415.00
675.05	2382.00
675.24	2327.00
675.44	2308.00
675.63	2343.00
675.82	2367.00
676.01	2305.00
676.21	2329.00
676.40	2360.00
676.59	2364.00
676.78	2339.00
676.97	2380.00
677.17	2373.00
677.36	2290.00
677.55	2256.00
677.74	2235.00
677.94	2332.00
678.13	2269.00
678.32	2291.00
678.51	2298.00
678.71	2257.00
678.90	2246.00
679.09	2317.00
679.28	2334.00
679.48	2269.00
679.67	2291.00
679.86	2299.00
680.05	2276.00
680.24	2309.00
680.44	2370.00
680.63	2279.00
680.82	2283.00
681.01	2308.00
681.21	2244.00
681.40	2195.00
681.59	2261.00
681.78	2188.00
681.97	2240.00
682.17	2258.00
682.36	2201.00
682.55	2174.00
682.74	2202.00
682.94	2236.00
683.13	2235.00
683.32	2219.00
683.51	2277.00
683.70	2285.00
683.90	2266.00
684.09	2287.00
684.28	2361.00
684.47	2346.00
684.66	2233.00
684.86	2227.00
685.05	2148.00
685.24	2126.00
685.43	2139.00
685.63	2134.00
685.82	2195.00
686.01	2212.00
686.20	2209.00
686.39	2101.00
686.59	2137.00
686.78	2222.00
686.97	2212.00
687.16	2253.00
687.35	2267.00
687.55	2275.00
687.74	2305.00
687.93	2324.00
688.12	2301.00
688.31	2220.00
688.51	2202.00
688.70	2232.00
688.89	2216.00
689.08	2206.00
689.27	2242.00
689.47	2261.00
689.66	2200.00
689.85	2158.00
690.04	2183.00
690.23	2195.00
690.42	2193.00
690.62	2178.00
690.81	2133.00
691.00	2123.00
691.19	2129.00
691.38	2144.00
691.58	2173.00
691.77	2187.00
691.96	2102.00
692.15	2125.00
692.34	2188.00
692.54	2211.00
692.73	2194.00
692.92	2201.00
693.11	2260.00
693.30	2248.00
693.49	2158.00
693.69	2155.00
693.88	2218.00
694.07	2188.00
694.26	2200.00
694.45	2235.00
694.64	2259.00
694.84	2205.00
695.03	2244.00
695.22	2328.00
695.41	2295.00
695.60	2193.00
695.80	2110.00
695.99	2142.00
696.18	2226.00
696.37	2274.00
696.56	2217.00
696.75	2155.00
696.95	2243.00
697.14	2247.00
697.33	2143.00
697.52	2114.00
697.71	2177.00
697.90	2235.00
698.09	2242.00
698.29	2158.00
698.48	2177.00
698.67	2293.00
698.86	2285.00
699.05	2215.00
699.24	2177.00
699.44	2233.00
699.63	2196.00
699.82	2231.00
700.01	2190.00
700.20	2197.00
700.39	2193.00
700.58	2188.00
700.78	2207.00
700.97	2255.00
701.16	2355.00
701.35	2344.00
701.54	2286.00
701.73	2139.00
701.93	2242.00
702.12	2258.00
702.31	2328.00
702.50	2327.00
702.69	2284.00
702.88	2293.00
703.07	2343.00
703.27	2382.00
703.46	2354.00
703.65	2324.00
703.84	2349.00
704.03	2420.00
704.22	2473.00
704.41	2467.00
704.60	2526.00
704.80	2470.00
704.99	2424.00
705.18	2456.00
705.37	2425.00
705.56	2389.00
705.75	2479.00
705.94	2536.00
706.14	2442.00
706.33	2536.00
706.52	2591.00
706.71	2513.00
706.90	2558.00
707.09	2621.00
707.28	2632.00
707.47	2590.00
707.67	2517.00
707.86	2611.00
708.05	2667.00
708.24	2682.00
708.43	2721.00
708.62	2586.00
708.81	2590.00
709.00	2707.00
709.20	2657.00
709.39	2650.00
709.58	2675.00
709.77	2647.00
709.96	2665.00
710.15	2625.00
710.34	2617.00
710.53	2507.00
710.72	2519.00
710.92	2605.00
711.11	2694.00
711.30	2682.00
711.49	2629.00
711.68	2696.00
711.87	2734.00
712.06	2687.00
712.25	2671.00
712.44	2731.00
712.64	2728.00
712.83	2749.00
713.02	2712.00
713.21	2606.00
713.40	2639.00
713.59	2716.00
713.78	2696.00
713.97	2708.00
714.16	2785.00
714.35	2794.00
714.55	2778.00
714.74	2708.00
714.93	2700.00
715.12	2720.00
715.31	2741.00
715.50	2721.00
715.69	2750.00
715.88	2766.00
716.07	2756.00
716.26	2770.00
716.45	2749.00
716.65	2687.00
716.84	2761.00
717.03	2740.00
717.22	2669.00
717.41	2790.00
717.60	2760.00
717.79	2812.00
717.98	2762.00
718.17	2729.00
718.36	2837.00
718.55	2846.00
718.75	2898.00
718.94	2819.00
719.13	2826.00
719.32	2822.00
719.51	2871.00
719.70	2811.00
719.89	2890.00
720.08	2841.00
720.27	2807.00
720.46	2912.00
720.65	2869.00
720.84	2893.00
721.03	2979.00
721.22	2899.00
721.42	2878.00
721.61	2885.00
721.80	2912.00
721.99	2891.00
722.18	2876.00
722.37	2851.00
722.56	2803.00
722.75	2780.00
722.94	2761.00
723.13	2780.00
723.32	2784.00
723.51	2820.00
723.70	2888.00
723.89	2927.00
724.08	2920.00
724.28	2946.00
724.47	2872.00
724.66	2814.00
724.85	2860.00
725.04	2886.00
725.23	2849.00
725.42	2922.00
725.61	2963.00
725.80	2960.00
725.99	2875.00
726.18	2889.00
726.37	2891.00
726.56	2867.00
726.75	2902.00
726.94	2888.00
727.13	2814.00
727.32	2885.00
727.51	2880.00
727.71	2863.00
727.90	2820.00
728.09	2793.00
728.28	2884.00
728.47	2906.00
728.66	2863.00
728.85	2846.00
729.04	2906.00
729.23	2910.00
729.42	2875.00
729.61	2858.00
729.80	2893.00
729.99	2931.00
730.18	2933.00
730.37	2806.00
730.56	2805.00
730.75	2828.00
730.94	2865.00
731.13	2973.00
731.32	2869.00
731.51	2829.00
731.70	2860.00
731.89	2881.00
732.08	2819.00
732.27	2883.00
732.46	2875.00
732.65	2874.00
732.84	2792.00
733.04	2898.00
733.23	2980.00
733.42	2849.00
733.61	2895.00
733.80	2872.00
733.99	2807.00
734.18	2810.00
734.37	2819.00
734.56	2771.00
734.75	2740.00
734.94	2809.00
735.13	2839.00
735.32	2828.00
735.51	2793.00
735.70	2848.00
735.89	2849.00
736.08	2770.00
736.27	2746.00
736.46	2743.00
736.65	2750.00
736.84	2803.00
737.03	2833.00
737.22	2799.00
737.41	2778.00
737.60	2803.00
737.79	2847.00
737.98	2776.00
738.17	2772.00
738.36	2831.00
738.55	2851.00
738.74	2808.00
738.93	2710.00
739.12	2690.00
739.31	2734.00
739.50	2716.00
739.69	2716.00
739.88	2659.00
740.07	2689.00
740.26	2661.00
740.45	2714.00
740.64	2726.00
740.83	2644.00
741.02	2617.00
741.21	2504.00
741.40	2545.00
741.59	2667.00
741.78	2598.00
741.97	2596.00
742.16	2514.00
742.35	2549.00
742.54	2612.00
742.73	2615.00
742.92	2556.00
743.11	2621.00
743.30	2573.00
743.49	2530.00
743.68	2514.00
743.87	2578.00
744.06	2531.00
744.25	2539.00
744.44	2481.00
744.63	2465.00
744.82	2499.00
745.01	2487.00
745.20	2467.00
745.39	2510.00
745.58	2491.00
745.77	2500.00
745.96	2482.00
746.15	2593.00
746.34	2583.00
746.52	2515.00
746.71	2516.00
746.90	2487.00
747.09	2467.00
747.28	2485.00
747.47	2422.00
747.66	2382.00
747.85	2413.00
748.04	2399.00
748.23	2423.00
748.42	2287.00
748.61	2327.00
748.80	2452.00
748.99	2382.00
749.18	2396.00
749.37	2360.00
749.56	2423.00
749.75	2430.00
749.94	2473.00
750.13	2400.00
750.32	2252.00
750.51	2265.00
750.70	2323.00
750.89	2357.00
751.08	2304.00
751.27	2282.00
751.46	2293.00
751.64	2185.00
751.83	2241.00
752.02	2346.00
752.21	2305.00
752.40	2217.00
752.59	2200.00
752.78	2306.00
752.97	2225.00
753.16	2251.00
753.35	2341.00
753.54	2320.00
753.73	2351.00
753.92	2330.00
754.11	2227.00
754.30	2187.00
754.49	2186.00
754.68	2204.00
754.87	2255.00
755.06	2231.00
755.24	2245.00
755.43	2311.00
755.62	2268.00
755.81	2217.00
756.00	2177.00
756.19	2157.00
756.38	2146.00
756.57	2206.00
756.76	2146.00
756.95	2113.00
757.14	2134.00
757.33	2125.00
757.52	2181.00
757.71	2245.00
757.90	2182.00
758.08	2139.00
758.27	2147.00
758.46	2114.00
758.65	2096.00
758.84	2071.00
759.03	2008.00
759.22	2053.00
759.41	2081.00
759.60	2078.00
759.79	2087.00
759.98	2126.00
760.17	2090.00
760.36	2081.00
760.54	2017.00
760.73	2093.00
760.92	2135.00
761.11	2041.00
761.30	2020.00
761.49	2051.00
761.68	1960.00
761.87	1885.00
762.06	1817.00
762.25	1868.00
762.44	1894.00
762.63	1828.00
762.81	1875.00
763.00	1860.00
763.19	1806.00
763.38	1805.00
763.57	1780.00
763.76	1754.00
763.95	1738.00
764.14	1833.00
764.33	1860.00
764.52	1778.00
764.71	1773.00
764.89	1771.00
765.08	1818.00
765.27	1828.00
765.46	1869.00
765.65	1850.00
765.84	1841.00
766.03	1829.00
766.22	1824.00
766.41	1860.00
766.59	1815.00
766.78	1829.00
766.97	1861.00
767.16	1886.00
767.35	1962.00
767.54	1960.00
767.73	1900.00
767.92	1876.00
768.11	1903.00
768.30	1967.00
768.48	1906.00
768.67	1972.00
768.86	1956.00
769.05	1957.00
769.24	2040.00
769.43	1997.00
769.62	1990.00
769.81	2032.00
769.99	2029.00
770.18	1978.00
770.37	1970.00
770.56	1999.00
770.75	1982.00
770.94	1955.00
771.13	2011.00
771.32	2029.00
771.50	2009.00
771.69	1991.00
771.88	1994.00
772.07	1942.00
772.26	1969.00
772.45	1973.00
772.64	1906.00
772.83	1907.00
773.01	1915.00
773.20	1915.00
773.39	1940.00
773.58	2001.00
773.77	1951.00
773.96	1880.00
774.15	1922.00
774.34	1948.00
774.52	1902.00
774.71	1980.00
774.90	1928.00
775.09	1861.00
775.28	1894.00
775.47	1947.00
775.66	1958.00
775.84	1936.00
776.03	1937.00
776.22	2001.00
776.41	1906.00
776.60	1829.00
776.79	1908.00
776.98	1972.00
777.16	1960.00
777.35	1977.00
777.54	1911.00
777.73	1912.00
777.92	1944.00
778.11	1932.00
778.29	1897.00
778.48	1925.00
778.67	1918.00
778.86	1822.00
779.05	1844.00
779.24	1877.00
779.43	1742.00
779.61	1741.00
779.80	1827.00
779.99	1830.00
780.18	1832.00
780.37	1875.00
780.56	1834.00
780.74	1950.00
780.93	2011.00
781.12	1926.00
781.31	1907.00
781.50	1895.00
781.69	1925.00
781.87	1996.00
782.06	1985.00
782.25	2005.00
782.44	2019.00
782.63	1977.00
782.82	1978.00
783.00	1951.00
783.19	1961.00
783.38	2003.00
783.57	2016.00
783.76	1981.00
783.95	1876.00
784.13	1932.00
784.32	1959.00
784.51	1942.00
784.70	1976.00
784.89	1950.00
785.08	1954.00
785.26	1984.00
785.45	1951.00
785.64	1934.00
785.83	1953.00
786.02	1963.00
786.20	1936.00
786.39	1864.00
786.58	1827.00
786.77	1922.00
786.96	2005.00
787.15	2014.00
787.33	1992.00
787.52	1899.00
787.71	2055.00
787.90	2044.00
788.09	1941.00
788.27	2036.00
788.46	2024.00
788.65	2062.00
788.84	2096.00
789.03	1981.00
789.21	1960.00
789.40	1972.00
789.59	2025.00
789.78	2004.00
789.97	1939.00
790.15	1994.00
790.34	1990.00
790.53	1965.00
790.72	2028.00
790.91	1962.00
791.09	1985.00
791.28	2015.00
791.47	2034.00
791.66	2052.00
791.85	2059.00
792.03	2064.00
792.22	2078.00
792.41	2073.00
792.60	2104.00
792.79	2083.00
792.97	2060.00
793.16	2039.00
793.35	2070.00
793.54	2124.00
793.72	2136.00
793.91	2144.00
794.10	2147.00
794.29	2177.00
794.48	2182.00
794.66	2112.00
794.85	2034.00
795.04	2076.00
795.23	2084.00
795.42	2071.00
795.60	2044.00
795.79	2103.00
795.98	2098.00
796.17	2062.00
796.35	2050.00
796.54	2042.00
796.73	2116.00
796.92	2073.00
797.11	2119.00
797.29	2181.00
797.48	2121.00
797.67	2064.00
797.86	2111.00
798.04	2118.00
798.23	2071.00
798.42	2149.00
798.61	2150.00
798.79	2101.00
798.98	2109.00
799.17	2118.00
799.36	2152.00
799.54	2179.00
799.73	2056.00
799.92	2099.00
800.11	2115.00
800.30	2122.00
800.48	2179.00
800.67	2136.00
800.86	2126.00
801.05	2157.00
801.23	2133.00
801.42	2091.00
801.61	2132.00
801.80	2089.00
801.98	2048.00
802.17	2111.00
802.36	2117.00
802.55	2058.00
802.73	2132.00
802.92	2180.00
803.11	2206.00
803.30	2120.00
803.48	2143.00
803.67	2196.00
803.86	2210.00
804.05	2257.00
804.23	2192.00
804.42	2062.00
804.61	2130.00
804.80	2213.00
804.98	2144.00
805.17	2154.00
805.36	2139.00
805.54	2121.00
805.73	2149.00
805.92	2142.00
806.11	2125.00
806.29	2203.00
806.48	2244.00
806.67	2170.00
806.86	2139.00
807.04	2187.00
807.23	2204.00
807.42	2108.00
807.61	2189.00
807.79	2162.00
807.98	2158.00
808.17	2180.00
808.35	2116.00
808.54	2192.00
808.73	2253.00
808.92	2261.00
809.10	2222.00
809.29	2172.00
809.48	2132.00
809.67	2109.00
809.85	2115.00
810.04	2135.00
810.23	2182.00
810.41	2084.00
810.60	2062.00
810.79	2141.00
810.98	2132.00
811.16	2043.00
811.35	2090.00
811.54	2231.00
811.72	2196.00
811.91	2126.00
812.10	2162.00
812.29	2103.00
812.47	2150.00
812.66	2142.00
812.85	2139.00
813.03	2163.00
813.22	2182.00
813.41	2171.00
813.60	2099.00
813.78	2101.00
813.97	2097.00
814.16	2149.00
814.34	2161.00
814.53	2149.00
814.72	2067.00
814.90	2085.00
815.09	2180.00
815.28	2191.00
815.47	2099.00
815.65	2135.00
815.84	2137.00
816.03	2072.00
816.21	2075.00
816.40	2133.00
816.59	2116.00
816.77	2100.00
816.96	2134.00
817.15	2167.00
817.33	2176.00
817.52	2128.00
817.71	2192.00
817.90	2241.00
818.08	2224.00
818.27	2170.00
818.46	2176.00
818.64	2212.00
818.83	2206.00
819.02	2188.00
819.20	2175.00
819.39	2152.00
819.58	2152.00
819.76	2217.00
819.95	2250.00
820.14	2205.00
820.32	2118.00
820.51	2092.00
820.70	2116.00
820.88	2135.00
821.07	2129.00
821.26	2115.00
821.44	2092.00
821.63	2162.00
821.82	2155.00
822.01	2077.00
822.19	2060.00
822.38	2098.00
822.57	2209.00
822.75	2172.00
822.94	2152.00
823.13	2228.00
823.31	2127.00
823.50	2038.00
823.69	2080.00
823.87	2206.00
824.06	2114.00
824.25	2071.00
824.43	2097.00
824.62	2082.00
824.80	2091.00
824.99	2059.00
825.18	2121.00
825.36	2097.00
825.55	2135.00
825.74	2097.00
825.92	2100.00
826.11	2049.00
826.30	1986.00
826.48	2081.00
826.67	2108.00
826.86	2088.00
827.04	2098.00
827.23	2089.00
827.42	2049.00
827.60	2046.00
827.79	2028.00
827.98	2089.00
828.16	2112.00
828.35	2073.00
828.54	2063.00
828.72	2020.00
828.91	2032.00
829.09	2010.00
829.28	1883.00
829.47	1934.00
829.65	2022.00
829.84	1998.00
830.03	1985.00
830.21	2026.00
830.40	1955.00
830.59	2005.00
830.77	2033.00
830.96	1994.00
831.14	2071.00
831.33	2065.00
831.52	2009.00
831.70	1952.00
831.89	1939.00
832.08	1962.00
832.26	2010.00
832.45	1943.00
832.64	1976.00
832.82	2048.00
833.01	2029.00
833.19	1981.00
833.38	1931.00
833.57	1994.00
833.75	2032.00
833.94	1971.00
834.13	1911.00
834.31	1908.00
834.50	1963.00
834.68	1938.00
834.87	2011.00
835.06	1977.00
835.24	1930.00
835.43	1960.00
835.61	1983.00
835.80	1927.00
835.99	1984.00
836.17	1977.00
836.36	1978.00
836.55	1890.00
836.73	1922.00
836.92	1910.00
837.10	1872.00
837.29	1883.00
837.48	1883.00
837.66	1891.00
837.85	1951.00
838.03	2018.00
838.22	1913.00
838.41	1940.00
838.59	1898.00
838.78	1883.00
838.96	1881.00
839.15	1964.00
839.34	1952.00
839.52	1927.00
839.71	1872.00
839.89	1889.00
840.08	1968.00
840.27	1956.00
840.45	1969.00
840.64	1942.00
840.82	1979.00
841.01	1880.00
841.20	1846.00
841.38	1869.00
841.57	1897.00
841.75	1805.00
841.94	1716.00
842.13	1771.00
842.31	1856.00
842.50	1847.00
842.68	1776.00
842.87	1788.00
843.05	1809.00
843.24	1842.00
843.43	1873.00
843.61	1844.00
843.80	1820.00
843.98	1763.00
844.17	1821.00
844.36	1872.00
844.54	1736.00
844.73	1754.00
844.91	1781.00
845.10	1733.00
845.28	1716.00
845.47	1754.00
845.66	1673.00
845.84	1663.00
846.03	1713.00
846.21	1700.00
846.40	1735.00
846.58	1711.00
846.77	1703.00
846.96	1756.00
847.14	1692.00
847.33	1710.00
847.51	1711.00
847.70	1783.00
847.88	1742.00
848.07	1678.00
848.25	1707.00
848.44	1720.00
848.63	1683.00
848.81	1617.00
849.00	1721.00
849.18	1749.00
849.37	1686.00
849.55	1675.00
849.74	1684.00
849.93	1715.00
850.11	1627.00
850.30	1555.00
850.48	1614.00
850.67	1610.00
850.85	1525.00
851.04	1559.00
851.22	1625.00
851.41	1677.00
851.59	1683.00
851.78	1661.00
851.97	1652.00
852.15	1661.00
852.34	1544.00
852.52	1566.00
852.71	1593.00
852.89	1606.00
853.08	1629.00
853.26	1604.00
853.45	1613.00
853.63	1634.00
853.82	1617.00
854.01	1615.00
854.19	1526.00
854.38	1611.00
854.56	1611.00
854.75	1521.00
854.93	1592.00
855.12	1567.00
855.30	1579.00
855.49	1582.00
855.67	1548.00
855.86	1528.00
856.04	1577.00
856.23	1550.00
856.41	1473.00
856.60	1550.00
856.79	1590.00
856.97	1598.00
857.16	1523.00
857.34	1555.00
857.53	1599.00
857.71	1571.00
857.90	1507.00
858.08	1470.00
858.27	1524.00
858.45	1500.00
858.64	1464.00
858.82	1473.00
859.01	1581.00
859.19	1650.00
859.38	1588.00
859.56	1422.00
859.75	1423.00
859.93	1439.00
860.12	1453.00
860.30	1502.00
860.49	1493.00
860.67	1475.00
860.86	1448.00
861.04	1439.00
861.23	1425.00
861.41	1411.00
861.60	1489.00
861.78	1432.00
861.97	1446.00
862.15	1421.00
862.34	1437.00
862.53	1485.00
862.71	1482.00
862.90	1375.00
863.08	1415.00
863.27	1442.00
863.45	1427.00
863.64	1451.00
863.82	1415.00
864.01	1473.00
864.19	1455.00
864.37	1449.00
864.56	1426.00
864.74	1452.00
864.93	1470.00
865.11	1350.00
865.30	1320.00
865.48	1361.00
865.67	1410.00
865.85	1377.00
866.04	1407.00
866.22	1384.00
866.41	1413.00
866.59	1433.00
866.78	1339.00
866.96	1366.00
867.15	1352.00
867.33	1292.00
867.52	1316.00
867.70	1254.00
867.89	1275.00
868.07	1346.00
868.26	1312.00
868.44	1272.00
868.63	1235.00
868.81	1369.00
869.00	1349.00
869.18	1340.00
869.37	1292.00
869.55	1257.00
869.74	1336.00
869.92	1323.00
870.10	1350.00
870.29	1278.00
870.47	1234.00
870.66	1264.00
870.84	1299.00
871.03	1295.00
871.21	1223.00
871.40	1241.00
871.58	1234.00
871.77	1262.00
871.95	1261.00
872.14	1238.00
872.32	1186.00
872.51	1141.00
872.69	1229.00
872.87	1261.00
873.06	1167.00
873.24	1183.00
873.43	1201.00
873.61	1178.00
873.80	1232.00
873.98	1187.00
874.17	1175.00
874.35	1278.00
874.54	1251.00
874.72	1194.00
874.90	1237.00
875.09	1247.00
875.27	1189.00
875.46	1212.00
875.64	1261.00
875.83	1193.00
876.01	1230.00
876.20	1300.00
876.38	1256.00
876.56	1280.00
876.75	1279.00
876.93	1249.00
877.12	1224.00
877.30	1254.00
877.49	1276.00
877.67	1203.00
877.86	1199.00
878.04	1194.00
878.22	1135.00
878.41	1102.00
878.59	1126.00
878.78	1171.00
878.96	1239.00
879.15	1236.00
879.33	1273.00
879.51	1283.00
879.70	1144.00
879.88	1174.00
880.07	1222.00
880.25	1213.00
880.44	1203.00
880.62	1206.00
880.80	1147.00
880.99	1147.00
881.17	1216.00
881.36	1201.00
881.54	1265.00
881.73	1161.00
881.91	1129.00
882.09	1178.00
882.28	1268.00
882.46	1209.00
882.65	1184.00
882.83	1220.00
883.02	1169.00
883.20	1126.00
883.38	1214.00
883.57	1166.00
883.75	1216.00
883.94	1149.00
884.12	1121.00
884.30	1123.00
884.49	1135.00
884.67	1184.00
884.86	1158.00
885.04	1108.00
885.22	1138.00
885.41	1170.00
885.59	1140.00
885.78	1131.00
885.96	1152.00
886.14	1179.00
886.33	1181.00
886.51	1140.00
886.70	1130.00
886.88	1128.00
887.06	1150.00
887.25	1166.00
887.43	1082.00
887.62	1125.00
887.80	1154.00
887.98	1087.00
888.17	1061.00
888.35	1077.00
888.54	1144.00
888.72	1135.00
888.90	1105.00
889.09	1143.00
889.27	1138.00
889.46	1112.00
889.64	1064.00
889.82	1053.00
890.01	1102.00
890.19	1069.00
890.38	1088.00
890.56	1164.00
890.74	1147.00
890.93	1141.00
891.11	1174.00
891.29	1136.00
891.48	1150.00
891.66	1185.00
891.85	1100.00
892.03	1081.00
892.21	1198.00
892.40	1151.00
892.58	1153.00
892.76	1134.00
892.95	1142.00
893.13	1161.00
893.32	1119.00
893.50	1113.00
893.68	1197.00
893.87	1169.00
894.05	1074.00
894.23	1067.00
894.42	1151.00
894.60	1150.00
894.79	1154.00
894.97	1123.00
895.15	1118.00
895.34	1105.00
895.52	1159.00
895.70	1225.00
895.89	1128.00
896.07	1131.00
896.25	1113.00
896.44	1115.00
896.62	1178.00
896.81	1176.00
896.99	1111.00
897.17	1122.00
897.36	1113.00
897.54	1081.00
897.72	1100.00
897.91	1110.00
898.09	1195.00
898.27	1184.00
898.46	1206.00
898.64	1216.00
898.82	1177.00
899.01	1174.00
899.19	1168.00
899.37	1207.00
899.56	1230.00
899.74	1233.00
899.92	1195.00
900.11	1232.00
900.29	1188.00
900.47	1129.00
900.66	1107.00
900.84	1171.00
901.03	1226.00
901.21	1196.00
901.39	1195.00
901.58	1160.00
901.76	1226.00
901.94	1295.00
902.13	1300.00
902.31	1272.00
902.49	1316.00
902.68	1323.00
902.86	1247.00
903.04	1224.00
903.23	1228.00
903.41	1234.00
903.59	1260.00
903.78	1199.00
903.96	1226.00
904.14	1214.00
904.32	1209.00
904.51	1220.00
904.69	1239.00
904.87	1243.00
905.06	1233.00
905.24	1247.00
905.42	1248.00
905.61	1198.00
905.79	1234.00
905.97	1226.00
906.16	1296.00
906.34	1282.00
906.52	1311.00
906.71	1321.00
906.89	1277.00
907.07	1188.00
907.26	1121.00
907.44	1241.00
907.62	1280.00
907.81	1189.00
907.99	1260.00
908.17	1254.00
908.35	1220.00
908.54	1226.00
908.72	1287.00
908.90	1306.00
909.09	1207.00
909.27	1236.00
909.45	1295.00
909.64	1335.00
909.82	1323.00
910.00	1306.00
910.18	1342.00
910.37	1288.00
910.55	1299.00
910.73	1265.00
910.92	1279.00
911.10	1237.00
911.28	1244.00
911.47	1290.00
911.65	1244.00
911.83	1242.00
912.01	1175.00
912.20	1246.00
912.38	1267.00
912.56	1246.00
912.75	1259.00
912.93	1242.00
913.11	1229.00
913.29	1247.00
913.48	1321.00
913.66	1226.00
913.84	1231.00
914.03	1211.00
914.21	1241.00
914.39	1265.00
914.57	1271.00
914.76	1247.00
914.94	1205.00
915.12	1182.00
915.31	1145.00
915.49	1235.00
915.67	1173.00
915.85	1142.00
916.04	1171.00
916.22	1210.00
916.40	1227.00
916.58	1231.00
916.77	1181.00
916.95	1207.00
917.13	1113.00
917.32	1150.00
917.50	1217.00
917.68	1205.00
917.86	1124.00
918.05	1124.00
918.23	1141.00
918.41	1160.00
918.59	1120.00
918.78	1154.00
918.96	1142.00
919.14	1133.00
919.32	1182.00
919.51	1178.00
919.69	1155.00
919.87	1125.00
920.05	1132.00
920.24	1123.00
920.42	1151.00
920.60	1132.00
920.78	1087.00
920.97	1176.00
921.15	1206.00
921.33	1101.00
921.52	1124.00
921.70	1124.00
921.88	1066.00
922.06	1071.00
922.24	1122.00
922.43	1132.00
922.61	1120.00
922.79	1083.00
922.97	1062.00
923.16	1113.00
923.34	1128.00
923.52	1108.00
923.70	1128.00
923.89	1191.00
924.07	1206.00
924.25	1180.00
924.43	1144.00
924.62	1108.00
924.80	1096.00
924.98	1087.00
925.16	1114.00
925.35	1144.00
925.53	1100.00
925.71	1086.00
925.89	1033.00
926.08	1081.00
926.26	1134.00
926.44	1050.00
926.62	1037.00
926.80	1111.00
926.99	1066.00
927.17	1043.00
927.35	1071.00
927.53	1082.00
927.72	1039.00
927.90	1051.00
928.08	1098.00
928.26	1048.00
928.44	989.00
928.63	1018.00
928.81	1040.00
928.99	1013.00
929.17	1070.00
929.36	1044.00
929.54	1049.00
929.72	1052.00
929.90	1035.00
930.08	1007.00
930.27	1000.00
930.45	1023.00
930.63	1024.00
930.81	987.00
930.99	1028.00
931.18	984.00
931.36	994.00
931.54	956.00
931.72	996.00
931.90	988.00
932.09	940.00
932.27	873.00
932.45	912.00
932.63	976.00
932.81	968.00
933.00	978.00
933.18	972.00
933.36	956.00
933.54	952.00
933.72	962.00
933.91	933.00
934.09	854.00
934.27	860.00
934.45	842.00
934.63	911.00
934.82	929.00
935.00	985.00
935.18	888.00
935.36	799.00
935.54	764.00
935.73	752.00
935.91	890.00
936.09	900.00
936.27	789.00
936.45	764.00
936.64	780.00
936.82	699.00
937.00	702.00
937.18	772.00
937.36	812.00
937.54	806.00
937.73	754.00
937.91	691.00
938.09	658.00
938.27	674.00
938.45	701.00
938.63	661.00
938.82	647.00
939.00	605.00
939.18	641.00
939.36	626.00
939.54	615.00
939.73	588.00
939.91	607.00
940.09	540.00
940.27	555.00
940.45	526.00
940.63	664.00
940.82	636.00
941.00	594.00
941.18	560.00
941.36	587.00
941.54	508.00
941.72	550.00
941.91	511.00
942.09	548.00
942.27	584.00
942.45	546.00
942.63	551.00
942.81	539.00
942.99	494.00
943.18	518.00
943.36	573.00
943.54	526.00
943.72	505.00
943.90	569.00
944.08	545.00
944.27	511.00
944.45	501.00
944.63	512.00
944.81	533.00
944.99	504.00
945.17	492.00
945.35	469.00
945.54	530.00
945.72	506.00
945.90	486.00
946.08	528.00
946.26	518.00
946.44	501.00
946.62	453.00
946.81	437.00
946.99	464.00
947.17	507.00
947.35	476.00
947.53	488.00
947.71	505.00
947.89	464.00
948.07	531.00
948.26	540.00
948.44	480.00
948.62	445.00
948.80	488.00
948.98	543.00
949.16	492.00
949.34	444.00
949.53	466.00
949.71	526.00
949.89	457.00
950.07	474.00
950.25	580.00
950.43	501.00
950.61	541.00
950.79	495.00
950.98	459.00
951.16	514.00
951.34	499.00
951.52	492.00
951.70	524.00
951.88	532.00
952.06	505.00
952.24	487.00
952.42	516.00
952.61	566.00
952.79	504.00
952.97	447.00
953.15	511.00
953.33	448.00
953.51	439.00
953.69	466.00
953.87	473.00
954.05	480.00
954.24	498.00
954.42	520.00
954.60	539.00
954.78	489.00
954.96	442.00
955.14	475.00
955.32	442.00
955.50	443.00
955.68	454.00
955.86	497.00
956.05	437.00
956.23	461.00
956.41	472.00
956.59	499.00
956.77	527.00
956.95	479.00
957.13	485.00
957.31	448.00
957.49	430.00
957.67	467.00
957.86	483.00
958.04	477.00
958.22	456.00
958.40	485.00
958.58	453.00
958.76	489.00
958.94	494.00
959.12	448.00
959.30	381.00
959.48	405.00
959.66	475.00
959.84	425.00
960.03	394.00
960.21	433.00
960.39	455.00
960.57	530.00
960.75	476.00
960.93	365.00
961.11	458.00
961.29	461.00
961.47	467.00
961.65	456.00
961.83	485.00
962.01	429.00
962.19	475.00
962.37	456.00
962.56	482.00
962.74	477.00
962.92	447.00
963.10	445.00
963.28	436.00
963.46	423.00
963.64	475.00
963.82	498.00
964.00	451.00
964.18	408.00
964.36	394.00
964.54	436.00
964.72	459.00
964.90	448.00
965.08	424.00
965.27	407.00
965.45	370.00
965.63	406.00
965.81	376.00
965.99	406.00
966.17	405.00
966.35	459.00
966.53	481.00
966.71	456.00
966.89	437.00
967.07	477.00
967.25	489.00
967.43	472.00
967.61	470.00
967.79	438.00
967.97	424.00
968.15	377.00
968.33	484.00
968.51	447.00
968.69	485.00
968.87	438.00
969.06	444.00
969.24	482.00
969.42	390.00
969.60	430.00
969.78	439.00
969.96	432.00
970.14	449.00
970.32	467.00
970.50	371.00
970.68	359.00
970.86	370.00
971.04	376.00
971.22	335.00
971.40	373.00
971.58	451.00
971.76	365.00
971.94	324.00
972.12	339.00
972.30	378.00
972.48	427.00
972.66	408.00
972.84	450.00
973.02	371.00
973.20	421.00
973.38	400.00
973.56	366.00
973.74	367.00
973.92	390.00
974.10	437.00
974.28	416.00
974.46	387.00
974.64	358.00
974.82	393.00
975.00	387.00
975.18	376.00
975.36	347.00
975.54	327.00
975.72	434.00
975.90	425.00
976.08	384.00
976.26	383.00
976.44	431.00
976.62	439.00
976.80	344.00
976.98	324.00
977.16	369.00
977.34	362.00
977.52	383.00
977.70	362.00
977.88	334.00
978.06	293.00
978.24	339.00
978.42	291.00
978.60	319.00
978.78	417.00
978.96	464.00
979.14	422.00
979.32	274.00
979.50	332.00
979.68	382.00
979.86	366.00
980.04	319.00
980.22	329.00
980.40	380.00
980.58	347.00
980.76	267.00
980.94	299.00
981.12	348.00
981.30	422.00
981.48	347.00
981.66	311.00
981.84	300.00
982.02	322.00
982.20	337.00
982.38	351.00
982.56	324.00
982.74	332.00
982.92	331.00
983.10	321.00
983.28	303.00
983.46	316.00
983.64	304.00
983.82	344.00
984.00	347.00
984.18	279.00
984.36	334.00
984.54	328.00
984.72	266.00
984.90	321.00
985.08	277.00
985.26	277.00
985.44	286.00
985.62	273.00
985.80	238.00
985.98	245.00
986.16	294.00
986.34	273.00
986.51	258.00
986.69	311.00
986.87	306.00
987.05	323.00
987.23	321.00
987.41	315.00
987.59	377.00
987.77	371.00
987.95	283.00
988.13	307.00
988.31	386.00
988.49	287.00
988.67	321.00
988.85	361.00
989.03	273.00
989.21	259.00
989.39	285.00
989.57	262.00
989.75	269.00
989.93	293.00
990.11	299.00
990.28	265.00
990.46	293.00
990.64	273.00
990.82	269.00
991.00	283.00
991.18	388.00
991.36	299.00
991.54	268.00
991.72	280.00
991.90	314.00
992.08	272.00
992.26	219.00
992.44	256.00
992.62	234.00
992.80	277.00
992.98	340.00
993.15	342.00
993.33	276.00
993.51	273.00
993.69	260.00
993.87	244.00
994.05	327.00
994.23	282.00
994.41	228.00
994.59	274.00
994.77	296.00
994.95	234.00
995.13	263.00
995.31	294.00
995.48	277.00
995.66	280.00
995.84	267.00
996.02	196.00
996.20	217.00
996.38	294.00
996.56	230.00
996.74	184.00
996.92	268.00
997.10	296.00
997.28	257.00
997.46	295.00
997.63	282.00
997.81	268.00
997.99	252.00
998.17	214.00
998.35	244.00
998.53	241.00
998.71	194.00
998.89	162.00
999.07	177.00
999.25	270.00
999.43	295.00
999.60	267.00
999.78	225.00
999.96	225.00
1000.14	209.00
1000.32	227.00
1000.50	266.00
1000.68	235.00
1000.86	202.00
1001.04	262.00
1001.21	247.00
1001.39	277.00
1001.57	278.00
1001.75	301.00
1001.93	225.00
1002.11	252.00
1002.29	196.00
1002.47	211.00
1002.65	252.00
1002.82	290.00
1003.00	212.00
1003.18	260.00
1003.36	289.00
1003.54	238.00
1003.72	267.00
1003.90	250.00
1004.08	240.00
1004.26	284.00
1004.43	285.00
1004.61	216.00
1004.79	189.00
1004.97	236.00
1005.15	212.00
1005.33	167.00
1005.51	220.00
1005.69	260.00
1005.86	232.00
1006.04	218.00
1006.22	281.00
1006.40	230.00
1006.58	280.00
1006.76	282.00
1006.94	295.00
1007.12	176.00
1007.29	167.00
1007.47	214.00
1007.65	205.00
1007.83	171.00
1008.01	226.00
1008.19	225.00
1008.37	231.00
1008.54	208.00
1008.72	179.00
1008.90	197.00
1009.08	188.00
1009.26	222.00
1009.44	236.00
1009.62	276.00
1009.79	275.00
1009.97	206.00
1010.15	179.00
1010.33	198.00
1010.51	218.00
1010.69	223.00
1010.87	193.00
1011.04	212.00
1011.22	165.00
1011.40	169.00
1011.58	249.00
1011.76	228.00
1011.94	176.00
1012.11	172.00
1012.29	234.00
1012.47	234.00
1012.65	176.00
1012.83	166.00
1013.01	216.00
1013.18	221.00
1013.36	189.00
1013.54	180.00
1013.72	213.00
1013.90	266.00
1014.08	237.00
1014.25	253.00
1014.43	236.00
1014.61	206.00
1014.79	263.00
1014.97	218.00
1015.15	138.00
1015.32	288.00
1015.50	249.00
1015.68	185.00
1015.86	151.00
1016.04	177.00
1016.22	278.00
1016.39	262.00
1016.57	176.00
1016.75	212.00
1016.93	182.00
1017.11	167.00
1017.29	151.00
1017.46	136.00
1017.64	202.00
1017.82	211.00
1018.00	185.00
1018.18	188.00
1018.35	230.00
1018.53	197.00
1018.71	218.00
1018.89	206.00
1019.07	240.00
1019.24	167.00
1019.42	135.00
1019.60	187.00
1019.78	123.00
1019.96	128.00
1020.14	141.00
1020.31	149.00
1020.49	123.00
1020.67	114.00
1020.85	212.00
1021.03	185.00
1021.20	153.00
1021.38	202.00
1021.56	211.00
1021.74	216.00
1021.92	203.00
1022.09	166.00
1022.27	153.00
1022.45	166.00
1022.63	202.00
1022.81	196.00
1022.98	207.00
1023.16	205.00
1023.34	153.00
1023.52	113.00
1023.69	118.00
1023.87	163.00
1024.05	168.00
1024.23	142.00
1024.41	171.00
1024.58	179.00
1024.76	193.00
1024.94	198.00
1025.12	227.00
1025.30	162.00
1025.47	166.00
1025.65	201.00
1025.83	183.00
1026.01	103.00
1026.18	181.00
1026.36	159.00
1026.54	124.00
1026.72	177.00
1026.90	143.00
1027.07	71.00
1027.25	101.00
1027.43	152.00
1027.61	161.00
1027.78	154.00
1027.96	127.00
1028.14	180.00
1028.32	210.00
1028.49	153.00
1028.67	151.00
1028.85	145.00
1029.03	134.00
1029.21	149.00
1029.38	212.00
1029.56	186.00
1029.74	119.00
1029.92	105.00
1030.09	174.00
1030.27	120.00
1030.45	153.00
1030.63	136.00
1030.80	182.00
1030.98	177.00
1031.16	126.00
1031.34	129.00
1031.51	112.00
1031.69	135.00
1031.87	117.00
1032.05	43.00
1032.22	68.00
1032.40	114.00
1032.58	113.00
1032.76	181.00
1032.93	165.00
1033.11	144.00
1033.29	157.00
1033.47	176.00
1033.64	140.00
1033.82	161.00
1034.00	180.00
1034.18	215.00
1034.35	238.00
1034.53	162.00
1034.71	118.00
1034.89	68.00
1035.06	150.00
1035.24	133.00
1035.42	111.00
1035.59	91.00
1035.77	142.00
1035.95	149.00
1036.13	121.00
1036.30	139.00
1036.48	142.00
1036.66	91.00
1036.84	91.00
1037.01	167.00
1037.19	154.00
1037.37	159.00
1037.54	124.00
1037.72	206.00
1037.90	112.00
1038.08	125.00
1038.25	121.00
1038.43	82.00
1038.61	123.00
1038.79	90.00
1038.96	124.00
1039.14	145.00
1039.32	135.00
1039.49	91.00
1039.67	113.00
1039.85	160.00
1040.03	110.00
1040.20	111.00
1040.38	107.00
1040.56	110.00
1040.73	136.00
1040.91	137.00
1041.09	87.00
1041.27	122.00
1041.44	123.00
1041.62	124.00
1041.80	151.00
1041.97	205.00
1042.15	193.00
1042.33	122.00
1042.50	134.00
1042.68	117.00
1042.86	94.00
1043.04	130.00
1043.21	171.00
1043.39	207.00
1043.57	152.00
1043.74	137.00
1043.92	125.00
1044.10	86.00
1044.27	113.00
1044.45	152.00
1044.63	95.00
1044.80	66.00
1044.98	165.00
1045.16	114.00
1045.34	42.00
1045.51	59.00
1045.69	83.00
1045.87	104.00
1046.04	137.00
1046.22	81.00
1046.40	75.00
1046.57	88.00
1046.75	88.00
1046.93	124.00
1047.10	140.00
1047.28	117.00
1047.46	106.00
1047.63	90.00
1047.81	110.00
1047.99	162.00
1048.16	154.00
1048.34	89.00
1048.52	93.00
1048.69	139.00
1048.87	77.00
1049.05	63.00
1049.22	132.00
1049.40	186.00
1049.58	155.00
1049.75	74.00
1049.93	82.00
1050.11	188.00
1050.28	209.00
1050.46	137.00
1050.64	101.00
1050.81	103.00
1050.99	68.00
1051.17	57.00
1051.34	130.00
1051.52	138.00
1051.70	35.00
1051.87	104.00
1052.05	48.00
1052.23	103.00
1052.40	155.00
1052.58	87.00
1052.76	76.00
1052.93	108.00
1053.11	91.00
1053.29	123.00
1053.46	102.00
1053.64	90.00
1053.82	92.00
1053.99	109.00
1054.17	93.00
1054.35	59.00
1054.52	87.00
1054.70	168.00
1054.87	99.00
1055.05	128.00
1055.23	113.00
1055.40	86.00
1055.58	58.00
1055.76	118.00
1055.93	106.00
1056.11	108.00
1056.29	99.00
1056.46	141.00
1056.64	143.00
1056.81	109.00
1056.99	138.00
1057.17	119.00
1057.34	150.00
1057.52	167.00
1057.70	59.00
1057.87	97.00
1058.05	117.00
1058.22	91.00
1058.40	102.00
1058.58	87.00
1058.75	70.00
1058.93	119.00
1059.11	71.00
1059.28	9.00
1059.46	50.00
1059.63	99.00
1059.81	28.00
1059.99	70.00
1060.16	133.00
1060.34	135.00
1060.52	139.00
1060.69	116.00
1060.87	-11.00
1061.04	36.00
1061.22	95.00
