367.62	414.00
367.82	355.00
368.02	403.00
368.23	442.00
368.43	421.00
368.63	429.00
368.83	455.00
369.04	388.00
369.24	549.00
369.44	439.00
369.65	470.00
369.85	487.00
370.05	478.00
370.25	504.00
370.46	500.00
370.66	483.00
370.86	398.00
371.07	461.00
371.27	428.00
371.47	528.00
371.67	507.00
371.88	555.00
372.08	496.00
372.28	546.00
372.49	498.00
372.69	512.00
372.89	576.00
373.09	616.00
373.30	607.00
373.50	525.00
373.70	564.00
373.91	642.00
374.11	718.00
374.31	668.00
374.51	671.00
374.72	670.00
374.92	653.00
375.12	691.00
375.33	750.00
375.53	771.00
375.73	767.00
375.93	690.00
376.14	768.00
376.34	779.00
376.54	804.00
376.74	803.00
376.95	801.00
377.15	824.00
377.35	842.00
377.55	842.00
377.76	827.00
377.96	875.00
378.16	916.00
378.37	867.00
378.57	935.00
378.77	872.00
378.97	887.00
379.18	884.00
379.38	851.00
379.58	882.00
379.78	896.00
379.99	916.00
380.19	926.00
380.39	1016.00
380.59	961.00
380.80	926.00
381.00	854.00
381.20	857.00
381.40	902.00
381.61	924.00
381.81	1009.00
382.01	957.00
382.21	947.00
382.42	965.00
382.62	1002.00
382.82	1006.00
383.02	934.00
383.23	908.00
383.43	922.00
383.63	955.00
383.83	941.00
384.04	947.00
384.24	944.00
384.44	985.00
384.64	1008.00
384.85	1036.00
385.05	991.00
385.25	1008.00
385.45	1066.00
385.66	986.00
385.86	984.00
386.06	978.00
386.26	982.00
386.47	963.00
386.67	981.00
386.87	996.00
387.07	987.00
387.27	1015.00
387.48	1017.00
387.68	1042.00
387.88	1076.00
388.08	1071.00
388.29	1089.00
388.49	1147.00
388.69	1097.00
388.89	1092.00
389.10	1067.00
389.30	1204.00
389.50	1100.00
389.70	1088.00
389.90	1118.00
390.11	1167.00
390.31	1164.00
390.51	1124.00
390.71	1160.00
390.92	1245.00
391.12	1187.00
391.32	1146.00
391.52	1200.00
391.72	1090.00
391.93	1193.00
392.13	1193.00
392.33	1203.00
392.53	1272.00
392.74	1375.00
392.94	1375.00
393.14	1410.00
393.34	1417.00
393.54	1394.00
393.75	1407.00
393.95	1440.00
394.15	1447.00
394.35	1534.00
394.56	1521.00
394.76	1508.00
394.96	1586.00
395.16	1623.00
395.36	1731.00
395.57	1703.00
395.77	1690.00
395.97	1677.00
396.17	1705.00
396.37	1761.00
396.58	1797.00
396.78	1909.00
396.98	1859.00
397.18	1914.00
397.38	1870.00
397.59	1926.00
397.79	2050.00
397.99	2063.00
398.19	2077.00
398.39	2071.00
398.60	2035.00
398.80	2059.00
399.00	2179.00
399.20	2245.00
399.40	2196.00
399.61	2248.00
399.81	2333.00
400.01	2369.00
400.21	2375.00
400.41	2364.00
400.62	2554.00
400.82	2561.00
401.02	2570.00
401.22	2648.00
401.42	2654.00
401.63	2683.00
401.83	2753.00
402.03	2755.00
402.23	2728.00
402.43	2835.00
402.64	2765.00
402.84	2785.00
403.04	2882.00
403.24	2976.00
403.44	2950.00
403.64	2942.00
403.85	3077.00
404.05	3189.00
404.25	3176.00
404.45	3179.00
404.65	3105.00
404.86	3063.00
405.06	3143.00
405.26	3262.00
405.46	3286.00
405.66	3182.00
405.86	3091.00
406.07	3067.00
406.27	3225.00
406.47	3185.00
406.67	3175.00
406.87	3174.00
407.07	3248.00
407.28	3253.00
407.48	3223.00
407.68	3431.00
407.88	3385.00
408.08	3252.00
408.28	3347.00
408.49	3337.00
408.69	3322.00
408.89	3378.00
409.09	3338.00
409.29	3263.00
409.49	3434.00
409.70	3291.00
409.90	3409.00
410.10	3445.00
410.30	3353.00
410.50	3417.00
410.70	3367.00
410.91	3346.00
411.11	3398.00
411.31	3395.00
411.51	3475.00
411.71	3544.00
411.91	3513.00
412.12	3485.00
412.32	3550.00
412.52	3521.00
412.72	3570.00
412.92	3640.00
413.12	3530.00
413.32	3605.00
413.53	3621.00
413.73	3717.00
413.93	3708.00
414.13	3699.00
414.33	3706.00
414.53	3689.00
414.74	3752.00
414.94	3694.00
415.14	3808.00
415.34	3915.00
415.54	4021.00
415.74	3852.00
415.94	3881.00
416.15	3934.00
416.35	4124.00
416.55	4050.00
416.75	4078.00
416.95	4190.00
417.15	4121.00
417.35	4130.00
417.56	4245.00
417.76	4361.00
417.96	4385.00
418.16	4341.00
418.36	4495.00
418.56	4542.00
418.76	4499.00
418.97	4603.00
419.17	4629.00
419.37	4596.00
419.57	4663.00
419.77	4821.00
419.97	4817.00
420.17	4820.00
420.37	4904.00
420.58	4959.00
420.78	5092.00
420.98	4995.00
421.18	5080.00
421.38	5234.00
421.58	5315.00
421.78	5316.00
421.98	5413.00
422.19	5560.00
422.39	5541.00
422.59	5670.00
422.79	5670.00
422.99	5823.00
423.19	6036.00
423.39	6062.00
423.59	6063.00
423.80	6081.00
424.00	6100.00
424.20	6216.00
424.40	6195.00
424.60	6317.00
424.80	6367.00
425.00	6548.00
425.20	6500.00
425.40	6541.00
425.61	6815.00
425.81	6782.00
426.01	6678.00
426.21	6844.00
426.41	7039.00
426.61	7135.00
426.81	7239.00
427.01	7213.00
427.21	7214.00
427.42	7228.00
427.62	7422.00
427.82	7560.00
428.02	7558.00
428.22	7531.00
428.42	7574.00
428.62	7667.00
428.82	7740.00
429.02	7789.00
429.23	7827.00
429.43	7933.00
429.63	7869.00
429.83	7758.00
430.03	7857.00
430.23	7986.00
430.43	7929.00
430.63	7953.00
430.83	8003.00
431.03	7963.00
431.24	8045.00
431.44	8096.00
431.64	8189.00
431.84	8093.00
432.04	8071.00
432.24	8102.00
432.44	8166.00
432.64	8281.00
432.84	8174.00
433.04	8159.00
433.24	8109.00
433.45	8089.00
433.65	7998.00
433.85	8091.00
434.05	8212.00
434.25	8025.00
434.45	7876.00
434.65	7929.00
434.85	8207.00
435.05	8104.00
435.25	8111.00
435.45	7990.00
435.65	8098.00
435.86	8085.00
436.06	8028.00
436.26	7944.00
436.46	7885.00
436.66	7885.00
436.86	7903.00
437.06	7794.00
437.26	7832.00
437.46	7857.00
437.66	7902.00
437.86	7915.00
438.06	7775.00
438.26	7892.00
438.47	7801.00
438.67	7737.00
438.87	7747.00
439.07	7801.00
439.27	7852.00
439.47	7784.00
439.67	7676.00
439.87	7805.00
440.07	7814.00
440.27	7814.00
440.47	7890.00
440.67	7798.00
440.87	7748.00
441.07	7875.00
441.27	7743.00
441.48	7783.00
441.68	7835.00
441.88	7844.00
442.08	7816.00
442.28	7901.00
442.48	7968.00
442.68	8018.00
442.88	7978.00
443.08	7970.00
443.28	8061.00
443.48	8144.00
443.68	7915.00
443.88	8115.00
444.08	8055.00
444.28	8079.00
444.48	8102.00
444.68	8110.00
444.88	8053.00
445.09	8252.00
445.29	8202.00
445.49	8463.00
445.69	8319.00
445.89	8275.00
446.09	8440.00
446.29	8357.00
446.49	8501.00
446.69	8642.00
446.89	8704.00
447.09	8738.00
447.29	8663.00
447.49	8642.00
447.69	8783.00
447.89	8878.00
448.09	8965.00
448.29	9244.00
448.49	9163.00
448.69	9332.00
448.89	9251.00
449.09	9347.00
449.29	9506.00
449.49	9454.00
449.70	9664.00
449.90	9584.00
450.10	9675.00
450.30	9665.00
450.50	9923.00
450.70	10002.00
450.90	10108.00
451.10	10154.00
451.30	10157.00
451.50	10293.00
451.70	10377.00
451.90	10506.00
452.10	10627.00
452.30	10657.00
452.50	10721.00
452.70	10965.00
452.90	11173.00
453.10	11285.00
453.30	11301.00
453.50	11378.00
453.70	11390.00
453.90	11727.00
454.10	11805.00
454.30	11814.00
454.50	11935.00
454.70	11999.00
454.90	12081.00
455.10	12237.00
455.30	12251.00
455.50	12501.00
455.70	12627.00
455.90	12591.00
456.10	12803.00
456.30	12845.00
456.50	12868.00
456.70	13084.00
456.90	13077.00
457.10	13242.00
457.30	13528.00
457.50	13418.00
457.70	13432.00
457.90	13585.00
458.10	13599.00
458.30	13506.00
458.50	13777.00
458.70	13912.00
458.90	14220.00
459.10	14228.00
459.30	14249.00
459.50	14272.00
459.70	14312.00
459.90	14306.00
460.10	14214.00
460.30	14340.00
460.50	14432.00
460.70	14632.00
460.90	14681.00
461.10	14795.00
461.30	14842.00
461.50	14582.00
461.70	14652.00
461.90	14893.00
462.10	15018.00
462.30	14957.00
462.50	15079.00
462.70	14882.00
462.90	14956.00
463.10	15025.00
463.30	15078.00
463.50	15147.00
463.70	15091.00
463.90	14980.00
464.10	15076.00
464.30	15093.00
464.50	15042.00
464.70	14764.00
464.90	14974.00
465.10	14950.00
465.30	14921.00
465.50	15017.00
465.70	14782.00
465.90	14665.00
466.10	14747.00
466.30	14665.00
466.50	14628.00
466.70	14629.00
466.90	14582.00
467.10	14696.00
467.30	14449.00
467.50	14330.00
467.70	14400.00
467.90	14331.00
468.10	14360.00
468.30	14438.00
468.50	14441.00
468.70	14346.00
468.90	14382.00
469.10	14220.00
469.30	14315.00
469.50	14356.00
469.70	14261.00
469.90	14331.00
470.10	14300.00
470.30	14162.00
470.50	14212.00
470.70	14131.00
470.90	14247.00
471.10	14208.00
471.29	14239.00
471.49	14136.00
471.69	14168.00
471.89	14096.00
472.09	13992.00
472.29	14028.00
472.49	14210.00
472.69	14194.00
472.89	14304.00
473.09	14250.00
473.29	14172.00
473.49	14147.00
473.69	14125.00
473.89	14054.00
474.09	14039.00
474.29	14122.00
474.49	14004.00
474.69	14101.00
474.89	14077.00
475.09	14361.00
475.29	14235.00
475.49	14124.00
475.69	14164.00
475.88	14349.00
476.08	14484.00
476.28	14379.00
476.48	14300.00
476.68	14360.00
476.88	14522.00
477.08	14422.00
477.28	14280.00
477.48	14252.00
477.68	14446.00
477.88	14689.00
478.08	14581.00
478.28	14554.00
478.48	14662.00
478.68	14825.00
478.88	14698.00
479.08	14810.00
479.28	14997.00
479.47	14939.00
479.67	15026.00
479.87	15049.00
480.07	15145.00
480.27	15202.00
480.47	15036.00
480.67	15055.00
480.87	15231.00
481.07	15340.00
481.27	15499.00
481.47	15730.00
481.67	15660.00
481.87	15598.00
482.07	15624.00
482.27	15805.00
482.46	16069.00
482.66	16220.00
482.86	16125.00
483.06	16308.00
483.26	16444.00
483.46	16568.00
483.66	16640.00
483.86	16547.00
484.06	16556.00
484.26	16762.00
484.46	16936.00
484.66	17388.00
484.86	17275.00
485.05	17400.00
485.25	17313.00
485.45	17556.00
485.65	17666.00
485.85	17949.00
486.05	17932.00
486.25	18127.00
486.45	18426.00
486.65	18455.00
486.85	18541.00
487.05	18580.00
487.25	18702.00
487.44	18949.00
487.64	19108.00
487.84	19483.00
488.04	19724.00
488.24	19623.00
488.44	19604.00
488.64	19866.00
488.84	20133.00
489.04	20196.00
489.24	20339.00
489.43	20608.00
489.63	20841.00
489.83	20877.00
490.03	20890.00
490.23	21176.00
490.43	21348.00
490.63	21387.00
490.83	21581.00
491.03	21845.00
491.23	22046.00
491.42	21862.00
491.62	22079.00
491.82	22534.00
492.02	22544.00
492.22	22495.00
492.42	22797.00
492.62	23181.00
492.82	23229.00
493.02	23306.00
493.22	23288.00
493.41	23404.00
493.61	23555.00
493.81	23633.00
494.01	23841.00
494.21	24142.00
494.41	24306.00
494.61	24241.00
494.81	24289.00
495.01	24325.00
495.20	24357.00
495.40	24401.00
495.60	24813.00
495.80	24805.00
496.00	24906.00
496.20	25144.00
496.40	25302.00
496.60	25534.00
496.79	25409.00
496.99	25291.00
497.19	25350.00
497.39	25621.00
497.59	25779.00
497.79	26031.00
497.99	25847.00
498.19	25715.00
498.38	25675.00
498.58	25693.00
498.78	25771.00
498.98	25868.00
499.18	25843.00
499.38	25991.00
499.58	26442.00
499.78	26366.00
499.97	26308.00
500.17	26454.00
500.37	26239.00
500.57	25959.00
500.77	25831.00
500.97	26064.00
501.17	26195.00
501.37	26237.00
501.56	26300.00
501.76	26300.00
501.96	26248.00
502.16	26125.00
502.36	25990.00
502.56	25896.00
502.76	26080.00
502.95	26040.00
503.15	25906.00
503.35	25895.00
503.55	25816.00
503.75	25634.00
503.95	25718.00
504.15	25659.00
504.34	25751.00
504.54	25748.00
504.74	25671.00
504.94	25471.00
505.14	25459.00
505.34	25593.00
505.54	25390.00
505.73	25328.00
505.93	25388.00
506.13	25075.00
506.33	25229.00
506.53	25419.00
506.73	25134.00
506.92	24888.00
507.12	25005.00
507.32	24950.00
507.52	24790.00
507.72	24827.00
507.92	24964.00
508.12	25068.00
508.31	24987.00
508.51	24737.00
508.71	24607.00
508.91	24622.00
509.11	24530.00
509.31	24614.00
509.50	24515.00
509.70	24418.00
509.90	24495.00
510.10	24321.00
510.30	24429.00
510.50	24263.00
510.69	24199.00
510.89	24027.00
511.09	24193.00
511.29	24213.00
511.49	24120.00
511.69	24084.00
511.88	24302.00
512.08	24374.00
512.28	24282.00
512.48	24210.00
512.68	24082.00
512.88	24161.00
513.07	24139.00
513.27	24095.00
513.47	24237.00
513.67	24163.00
513.87	24375.00
514.06	24292.00
514.26	24043.00
514.46	24060.00
514.66	24015.00
514.86	24018.00
515.06	24194.00
515.25	24298.00
515.45	24344.00
515.65	24420.00
515.85	24437.00
516.05	24475.00
516.24	24325.00
516.44	24314.00
516.64	24226.00
516.84	24316.00
517.04	24512.00
517.23	24609.00
517.43	24615.00
517.63	24479.00
517.83	24798.00
518.03	24850.00
518.23	24910.00
518.42	24939.00
518.62	24806.00
518.82	24973.00
519.02	25193.00
519.22	25339.00
519.41	25446.00
519.61	25369.00
519.81	25414.00
520.01	25394.00
520.21	25347.00
520.40	25625.00
520.60	25651.00
520.80	25845.00
521.00	26033.00
521.20	25945.00
521.39	26046.00
521.59	26151.00
521.79	26131.00
521.99	26325.00
522.19	26393.00
522.38	26611.00
522.58	26903.00
522.78	27019.00
522.98	27224.00
523.17	27445.00
523.37	27352.00
523.57	27323.00
523.77	27549.00
523.97	27574.00
524.16	27785.00
524.36	27960.00
524.56	28204.00
524.76	28563.00
524.96	28567.00
525.15	28624.00
525.35	28546.00
525.55	28656.00
525.75	28767.00
525.94	28904.00
526.14	29284.00
526.34	29383.00
526.54	29548.00
526.74	29878.00
526.93	30022.00
527.13	30180.00
527.33	30091.00
527.53	30368.00
527.72	30493.00
527.92	30719.00
528.12	30848.00
528.32	30990.00
528.52	31368.00
528.71	31397.00
528.91	31802.00
529.11	31910.00
529.31	32079.00
529.50	32356.00
529.70	32615.00
529.90	32601.00
530.10	32745.00
530.29	32850.00
530.49	33104.00
530.69	33326.00
530.89	33544.00
531.09	33538.00
531.28	33857.00
531.48	34096.00
531.68	34383.00
531.88	34354.00
532.07	34655.00
532.27	35140.00
532.47	35312.00
532.67	35367.00
532.86	35481.00
533.06	35421.00
533.26	35376.00
533.46	35890.00
533.65	36298.00
533.85	36274.00
534.05	36297.00
534.25	36860.00
534.44	36921.00
534.64	36925.00
534.84	36853.00
535.04	36997.00
535.23	37086.00
535.43	37414.00
535.63	37773.00
535.83	37756.00
536.02	37945.00
536.22	38221.00
536.42	38323.00
536.62	38191.00
536.81	38326.00
537.01	38530.00
537.21	38405.00
537.41	38463.00
537.60	38887.00
537.80	38961.00
538.00	38979.00
538.20	39418.00
538.39	39301.00
538.59	39234.00
538.79	39403.00
538.99	39576.00
539.18	39751.00
539.38	39942.00
539.58	39847.00
539.77	40155.00
539.97	40036.00
540.17	40194.00
540.37	40239.00
540.56	40360.00
540.76	40235.00
540.96	40066.00
541.16	40143.00
541.35	40107.00
541.55	40390.00
541.75	40481.00
541.94	40691.00
542.14	40982.00
542.34	41082.00
542.54	40993.00
542.73	40774.00
542.93	40675.00
543.13	40549.00
543.33	40641.00
543.52	40447.00
543.72	40455.00
543.92	40623.00
544.11	40762.00
544.31	40590.00
544.51	40541.00
544.71	40668.00
544.90	40512.00
545.10	40209.00
545.30	40025.00
545.49	40127.00
545.69	40270.00
545.89	40160.00
546.09	40436.00
546.28	40274.00
546.48	39832.00
546.68	39505.00
546.87	39332.00
547.07	39696.00
547.27	39415.00
547.47	39502.00
547.66	39697.00
547.86	39728.00
548.06	39524.00
548.25	39692.00
548.45	39711.00
548.65	39371.00
548.84	39438.00
549.04	38978.00
549.24	38918.00
549.44	38870.00
549.63	39241.00
549.83	39079.00
550.03	39317.00
550.22	39397.00
550.42	39141.00
550.62	38936.00
550.81	38920.00
551.01	38591.00
551.21	38322.00
551.41	38312.00
551.60	38462.00
551.80	38526.00
552.00	38485.00
552.19	38571.00
552.39	38478.00
552.59	38415.00
552.78	37951.00
552.98	37429.00
553.18	37326.00
553.37	37483.00
553.57	37395.00
553.77	37508.00
553.96	37265.00
554.16	37427.00
554.36	37649.00
554.56	37472.00
554.75	37496.00
554.95	37293.00
555.15	36967.00
555.34	36738.00
555.54	36638.00
555.74	36732.00
555.93	36941.00
556.13	36768.00
556.33	36367.00
556.52	36693.00
556.72	36952.00
556.92	36384.00
557.11	36000.00
557.31	35703.00
557.51	35211.00
557.70	34554.00
557.90	34038.00
558.10	33826.00
558.29	33560.00
558.49	33146.00
558.69	33015.00
558.88	33521.00
559.08	33933.00
559.28	33826.00
559.47	33667.00
559.67	33818.00
559.87	33811.00
560.06	33959.00
560.26	33895.00
560.46	34010.00
560.65	33967.00
560.85	34022.00
561.05	34456.00
561.24	34745.00
561.44	34545.00
561.64	34655.00
561.83	34865.00
562.03	34634.00
562.23	34901.00
562.42	35225.00
562.62	35246.00
562.82	35512.00
563.01	35549.00
563.21	35575.00
563.40	35617.00
563.60	35539.00
563.80	35814.00
563.99	35597.00
564.19	35715.00
564.39	36024.00
564.58	36247.00
564.78	36285.00
564.98	36234.00
565.17	36371.00
565.37	36294.00
565.57	36128.00
565.76	36245.00
565.96	36203.00
566.16	36110.00
566.35	36113.00
566.55	36686.00
566.74	37146.00
566.94	37432.00
567.14	38127.00
567.33	38432.00
567.53	38945.00
567.73	39211.00
567.92	38604.00
568.12	38289.00
568.32	38156.00
568.51	38016.00
568.71	38070.00
568.90	38364.00
569.10	38544.00
569.30	38530.00
569.49	38524.00
569.69	38743.00
569.89	38674.00
570.08	38148.00
570.28	37737.00
570.47	37930.00
570.67	37888.00
570.87	38129.00
571.06	38180.00
571.26	38243.00
571.46	38157.00
571.65	38290.00
571.85	38583.00
572.04	38834.00
572.24	38776.00
572.44	38968.00
572.63	39003.00
572.83	39084.00
573.03	38947.00
573.22	39004.00
573.42	39844.00
573.61	39960.00
573.81	40216.00
574.01	40409.00
574.20	40796.00
574.40	40920.00
574.59	40750.00
574.79	40880.00
574.99	40812.00
575.18	40908.00
575.38	41114.00
575.58	41371.00
575.77	41594.00
575.97	41818.00
576.16	41832.00
576.36	42209.00
576.56	42330.00
576.75	42419.00
576.95	42479.00
577.14	42360.00
577.34	42531.00
577.54	42873.00
577.73	42932.00
577.93	43349.00
578.12	43444.00
578.32	43751.00
578.52	44120.00
578.71	44456.00
578.91	44431.00
579.10	44344.00
579.30	44504.00
579.50	44578.00
579.69	44654.00
579.89	44837.00
580.08	45050.00
580.28	45304.00
580.48	45507.00
580.67	46053.00
580.87	45740.00
581.06	46279.00
581.26	46300.00
581.45	46238.00
581.65	46322.00
581.85	46302.00
582.04	46468.00
582.24	46464.00
582.43	46665.00
582.63	46955.00
582.83	47105.00
583.02	47316.00
583.22	47650.00
583.41	47968.00
583.61	48192.00
583.80	48437.00
584.00	48190.00
584.20	48289.00
584.39	48492.00
584.59	48790.00
584.78	48904.00
584.98	48957.00
585.17	49076.00
585.37	49300.00
585.57	49851.00
585.76	49998.00
585.96	49999.00
586.15	50314.00
586.35	50526.00
586.54	50654.00
586.74	50675.00
586.94	50811.00
587.13	50819.00
587.33	51125.00
587.52	51223.00
587.72	51775.00
587.91	52344.00
588.11	52653.00
588.31	53022.00
588.50	52985.00
588.70	53263.00
588.89	53132.00
589.09	53315.00
589.28	52975.00
589.48	53158.00
589.68	53260.00
589.87	53734.00
590.07	54198.00
590.26	54123.00
590.46	54227.00
590.65	54340.00
590.85	54633.00
591.04	54591.00
591.24	54449.00
591.44	54473.00
591.63	54602.00
591.83	54646.00
592.02	54636.00
592.22	55377.00
592.41	55104.00
592.61	55465.00
592.80	55729.00
593.00	56090.00
593.19	56086.00
593.39	56072.00
593.59	56166.00
593.78	55738.00
593.98	56017.00
594.17	56129.00
594.37	56100.00
594.56	56221.00
594.76	56217.00
594.95	56262.00
595.15	56782.00
595.34	57030.00
595.54	57091.00
595.73	57088.00
595.93	56889.00
596.13	56949.00
596.32	56969.00
596.52	56919.00
596.71	56930.00
596.91	56861.00
597.10	56832.00
597.30	56890.00
597.49	57095.00
597.69	57251.00
597.88	57456.00
598.08	57404.00
598.27	57511.00
598.47	57213.00
598.66	56994.00
598.86	56706.00
599.06	56628.00
599.25	56634.00
599.45	56099.00
599.64	56193.00
599.84	56409.00
600.03	56014.00
600.23	55601.00
600.42	55778.00
600.62	55665.00
600.81	55792.00
601.01	55707.00
601.20	55848.00
601.40	55999.00
601.59	55476.00
601.79	54942.00
601.98	54503.00
602.18	54062.00
602.37	53901.00
602.57	53812.00
602.76	54127.00
602.96	53954.00
603.15	53935.00
603.35	54001.00
603.54	53720.00
603.74	53663.00
603.93	53185.00
604.13	52715.00
604.32	52369.00
604.52	52118.00
604.71	51759.00
604.91	51667.00
605.10	51563.00
605.30	51605.00
605.49	51361.00
605.69	51385.00
605.88	51021.00
606.08	51034.00
606.27	50898.00
606.47	50854.00
606.66	50707.00
606.86	50263.00
607.05	49997.00
607.25	49395.00
607.44	49371.00
607.64	49200.00
607.83	49294.00
608.03	49144.00
608.22	48904.00
608.42	48609.00
608.61	48280.00
608.81	48381.00
609.00	48196.00
609.20	48256.00
609.39	47963.00
609.59	47430.00
609.78	47174.00
609.98	46874.00
610.17	46542.00
610.37	46447.00
610.56	46205.00
610.76	46209.00
610.95	46145.00
611.15	46355.00
611.34	46433.00
611.54	46296.00
611.73	45890.00
611.93	45903.00
612.12	45499.00
612.32	45071.00
612.51	44968.00
612.71	44805.00
612.90	44356.00
613.09	44133.00
613.29	44457.00
613.48	44136.00
613.68	44386.00
613.87	44230.00
614.07	44186.00
614.26	43917.00
614.46	43912.00
614.65	43709.00
614.85	43607.00
615.04	43401.00
615.24	43320.00
615.43	43386.00
615.63	43498.00
615.82	43253.00
616.02	42979.00
616.21	42758.00
616.40	42787.00
616.60	42899.00
616.79	43025.00
616.99	43070.00
617.18	43061.00
617.38	42939.00
617.57	42858.00
617.77	42832.00
617.96	42667.00
618.16	42579.00
618.35	42450.00
618.54	42399.00
618.74	42366.00
618.93	42389.00
619.13	42426.00
619.32	42583.00
619.52	42683.00
619.71	42729.00
619.91	42837.00
620.10	42459.00
620.30	42809.00
620.49	42820.00
620.68	42688.00
620.88	42264.00
621.07	42339.00
621.27	42201.00
621.46	42026.00
621.66	42292.00
621.85	42516.00
622.05	42587.00
622.24	42738.00
622.43	42823.00
622.63	43074.00
622.82	43224.00
623.02	43299.00
623.21	43305.00
623.41	43157.00
623.60	43219.00
623.80	43206.00
623.99	43247.00
624.18	43110.00
624.38	43210.00
624.57	43662.00
624.77	43587.00
624.96	43629.00
625.16	44061.00
625.35	44209.00
625.54	44351.00
625.74	44494.00
625.93	44529.00
626.13	44607.00
626.32	44849.00
626.52	44994.00
626.71	44709.00
626.90	44469.00
627.10	44682.00
627.29	44748.00
627.49	44931.00
627.68	44873.00
627.88	45302.00
628.07	45563.00
628.26	45814.00
628.46	46041.00
628.65	46800.00
628.85	47075.00
629.04	47101.00
629.23	46961.00
629.43	46805.00
629.62	47086.00
629.82	46902.00
630.01	47111.00
630.21	47140.00
630.40	47388.00
630.59	47635.00
630.79	47543.00
630.98	47658.00
631.18	48128.00
631.37	48324.00
631.56	48729.00
631.76	48954.00
631.95	49201.00
632.15	49374.00
632.34	49684.00
632.53	49639.00
632.73	50053.00
632.92	49917.00
633.12	49701.00
633.31	49916.00
633.50	49951.00
633.70	50124.00
633.89	50583.00
634.09	50707.00
634.28	51040.00
634.47	51358.00
634.67	51502.00
634.86	51950.00
635.06	52127.00
635.25	52382.00
635.44	52343.00
635.64	52357.00
635.83	52691.00
636.03	52946.00
636.22	52803.00
636.41	52993.00
636.61	53350.00
636.80	53564.00
637.00	53673.00
637.19	53785.00
637.38	53852.00
637.58	53965.00
637.77	54394.00
637.96	54859.00
638.16	55347.00
638.35	55802.00
638.55	56088.00
638.74	56137.00
638.93	56053.00
639.13	56254.00
639.32	56273.00
639.51	56164.00
639.71	56099.00
639.90	56176.00
640.10	56413.00
640.29	56409.00
640.48	56418.00
640.68	56960.00
640.87	57496.00
641.07	57185.00
641.26	57998.00
641.45	58367.00
641.65	58064.00
641.84	58386.00
642.03	58859.00
642.23	58657.00
642.42	59168.00
642.61	59448.00
642.81	59479.00
643.00	59410.00
643.20	59481.00
643.39	59378.00
643.58	59192.00
643.78	59209.00
643.97	59373.00
644.16	59867.00
644.36	60425.00
644.55	60588.00
644.74	60982.00
644.94	61075.00
645.13	61353.00
645.33	61591.00
645.52	61538.00
645.71	61163.00
645.91	61313.00
646.10	61248.00
646.29	61208.00
646.49	61433.00
646.68	61466.00
646.87	61549.00
647.07	61624.00
647.26	61814.00
647.45	61771.00
647.65	62009.00
647.84	62226.00
648.03	62326.00
648.23	62775.00
648.42	62899.00
648.62	62826.00
648.81	62739.00
649.00	62935.00
649.20	62800.00
649.39	62647.00
649.58	62671.00
649.78	62733.00
649.97	62500.00
650.16	62634.00
650.36	62770.00
650.55	62859.00
650.74	62792.00
650.94	62986.00
651.13	63217.00
651.32	63323.00
651.52	63448.00
651.71	63318.00
651.90	63539.00
652.10	63540.00
652.29	63743.00
652.48	63700.00
652.68	63649.00
652.87	63664.00
653.06	63562.00
653.26	63382.00
653.45	63306.00
653.64	63090.00
653.84	63050.00
654.03	62871.00
654.22	62945.00
654.42	63117.00
654.61	63163.00
654.80	63237.00
654.99	63326.00
655.19	63364.00
655.38	63536.00
655.57	63691.00
655.77	63758.00
655.96	63767.00
656.15	63666.00
656.35	63560.00
656.54	63373.00
656.73	62953.00
656.93	62883.00
657.12	62871.00
657.31	62750.00
657.51	62749.00
657.70	62574.00
657.89	62696.00
658.09	62640.00
658.28	62685.00
658.47	62573.00
658.66	62797.00
658.86	62658.00
659.05	62760.00
659.24	62619.00
659.44	62627.00
659.63	62479.00
659.82	62309.00
660.02	62294.00
660.21	62033.00
660.40	61911.00
660.60	61778.00
660.79	61364.00
660.98	61237.00
661.17	61111.00
661.37	60834.00
661.56	60831.00
661.75	60922.00
661.95	60813.00
662.14	60978.00
662.33	61109.00
662.52	61011.00
662.72	60961.00
662.91	60809.00
663.10	60729.00
663.30	60625.00
663.49	60596.00
663.68	60435.00
663.88	60131.00
664.07	60226.00
664.26	59843.00
664.45	59478.00
664.65	58736.00
664.84	58740.00
665.03	58631.00
665.23	58290.00
665.42	58151.00
665.61	58162.00
665.80	58092.00
666.00	58225.00
666.19	58147.00
666.38	58245.00
666.57	58243.00
666.77	58162.00
666.96	58191.00
667.15	57900.00
667.35	57492.00
667.54	57256.00
667.73	57095.00
667.92	57148.00
668.12	56726.00
668.31	56838.00
668.50	56472.00
668.70	56309.00
668.89	56002.00
669.08	55959.00
669.27	55737.00
669.47	55642.00
669.66	55951.00
669.85	56163.00
670.04	56142.00
670.24	56100.00
670.43	55703.00
670.62	55451.00
670.81	55242.00
671.01	55477.00
671.20	55396.00
671.39	55159.00
671.58	55146.00
671.78	55071.00
671.97	54691.00
672.16	54288.00
672.36	54274.00
672.55	54115.00
672.74	53788.00
672.93	53363.00
673.13	53360.00
673.32	53463.00
673.51	53362.00
673.70	53344.00
673.90	53386.00
674.09	53408.00
674.28	53420.00
674.47	53333.00
674.67	53438.00
674.86	53347.00
675.05	53246.00
675.24	52924.00
675.44	52785.00
675.63	52589.00
675.82	52641.00
676.01	52601.00
676.21	52494.00
676.40	52070.00
676.59	51721.00
676.78	51738.00
676.97	51692.00
677.17	51289.00
677.36	51223.00
677.55	50853.00
677.74	51151.00
677.94	51180.00
678.13	51331.00
678.32	51050.00
678.51	50808.00
678.71	51137.00
678.90	50990.00
679.09	51019.00
679.28	50805.00
679.48	51034.00
679.67	50946.00
679.86	50909.00
680.05	50583.00
680.24	50444.00
680.44	49973.00
680.63	50089.00
680.82	49438.00
681.01	49108.00
681.21	49066.00
681.40	49008.00
681.59	48859.00
681.78	49039.00
681.97	49004.00
682.17	48975.00
682.36	48874.00
682.55	48781.00
682.74	48556.00
682.94	48922.00
683.13	49000.00
683.32	48711.00
683.51	48712.00
683.70	48664.00
683.90	48405.00
684.09	49064.00
684.28	48921.00
684.47	48290.00
684.66	48180.00
684.86	47870.00
685.05	47906.00
685.24	47717.00
685.43	47919.00
685.63	47418.00
685.82	47095.00
686.01	47113.00
686.20	47368.00
686.39	47546.00
686.59	47521.00
686.78	47523.00
686.97	47475.00
687.16	47424.00
687.35	47453.00
687.55	47463.00
687.74	47638.00
687.93	47620.00
688.12	47730.00
688.31	47740.00
688.51	47665.00
688.70	47523.00
688.89	47540.00
689.08	47459.00
689.27	47208.00
689.47	47049.00
689.66	46797.00
689.85	46676.00
690.04	46818.00
690.23	46582.00
690.42	46618.00
690.62	46387.00
690.81	46464.00
691.00	46369.00
691.19	46227.00
691.38	46509.00
691.58	46476.00
691.77	46390.00
691.96	46742.00
692.15	46873.00
692.34	47077.00
692.54	47022.00
692.73	47229.00
692.92	47237.00
693.11	47800.00
693.30	47506.00
693.49	47257.00
693.69	47009.00
693.88	46958.00
694.07	46716.00
694.26	46191.00
694.45	45803.00
694.64	45870.00
694.84	45977.00
695.03	45902.00
695.22	46323.00
695.41	46134.00
695.60	46061.00
695.80	45899.00
695.99	45711.00
696.18	45991.00
696.37	46095.00
696.56	46297.00
696.75	46404.00
696.95	46554.00
697.14	46448.00
697.33	46386.00
697.52	46315.00
697.71	46574.00
697.90	46493.00
698.09	46892.00
698.29	47047.00
698.48	47386.00
698.67	47509.00
698.86	47306.00
699.05	47364.00
699.24	47197.00
699.44	46825.00
699.63	47009.00
699.82	46959.00
700.01	47098.00
700.20	47183.00
700.39	46962.00
700.58	47180.00
700.78	47010.00
700.97	47043.00
701.16	47427.00
701.35	47253.00
701.54	47498.00
701.73	47571.00
701.93	47606.00
702.12	48023.00
702.31	48335.00
702.50	48579.00
702.69	48587.00
702.88	49025.00
703.07	49155.00
703.27	49258.00
703.46	49472.00
703.65	49321.00
703.84	48879.00
704.03	49230.00
704.22	49057.00
704.41	49094.00
704.60	49069.00
704.80	49122.00
704.99	49045.00
705.18	49049.00
705.37	49175.00
705.56	49299.00
705.75	49417.00
705.94	49352.00
706.14	49105.00
706.33	49501.00
706.52	49710.00
706.71	50227.00
706.90	50284.00
707.09	50314.00
707.28	50284.00
707.47	50607.00
707.67	50921.00
707.86	51150.00
708.05	51271.00
708.24	51642.00
708.43	51436.00
708.62	51761.00
708.81	51819.00
709.00	51837.00
709.20	52091.00
709.39	52212.00
709.58	52239.00
709.77	52072.00
709.96	52044.00
710.15	51915.00
710.34	52264.00
710.53	52074.00
710.72	52114.00
710.92	51722.00
711.11	51953.00
711.30	52000.00
711.49	52307.00
711.68	52575.00
711.87	52567.00
712.06	52630.00
712.25	52822.00
712.44	52975.00
712.64	53330.00
712.83	53624.00
713.02	53825.00
713.21	53845.00
713.40	53768.00
713.59	53715.00
713.78	54164.00
713.97	54313.00
714.16	54392.00
714.35	54538.00
714.55	54496.00
714.74	54922.00
714.93	54751.00
715.12	54386.00
715.31	54149.00
715.50	54338.00
715.69	54293.00
715.88	54008.00
716.07	54153.00
716.26	54149.00
716.45	54207.00
716.65	54304.00
716.84	54384.00
717.03	54302.00
717.22	54446.00
717.41	54555.00
717.60	54668.00
717.79	54706.00
717.98	55123.00
718.17	55079.00
718.36	55131.00
718.55	55022.00
718.75	55605.00
718.94	55494.00
719.13	55639.00
719.32	55894.00
719.51	55881.00
719.70	55993.00
719.89	56077.00
720.08	56163.00
720.27	56235.00
720.46	56296.00
720.65	56173.00
720.84	56141.00
721.03	55789.00
721.22	55525.00
721.42	55670.00
721.61	55671.00
721.80	55410.00
721.99	55252.00
722.18	55362.00
722.37	55475.00
722.56	55301.00
722.75	55409.00
722.94	55424.00
723.13	55563.00
723.32	55461.00
723.51	55373.00
723.70	55529.00
723.89	55428.00
724.08	55417.00
724.28	55538.00
724.47	55404.00
724.66	55613.00
724.85	55880.00
725.04	55806.00
725.23	55777.00
725.42	56142.00
725.61	56219.00
725.80	56282.00
725.99	56363.00
726.18	56094.00
726.37	56079.00
726.56	56149.00
726.75	56057.00
726.94	55997.00
727.13	56001.00
727.32	56072.00
727.51	55850.00
727.71	55659.00
727.90	55504.00
728.09	55347.00
728.28	55476.00
728.47	55019.00
728.66	54836.00
728.85	54838.00
729.04	54998.00
729.23	54730.00
729.42	54754.00
729.61	54654.00
729.80	54725.00
729.99	54611.00
730.18	54399.00
730.37	54677.00
730.56	54733.00
730.75	54770.00
730.94	54643.00
731.13	54604.00
731.32	54626.00
731.51	54755.00
731.70	54725.00
731.89	54878.00
732.08	54812.00
732.27	54539.00
732.46	54583.00
732.65	55033.00
732.84	54819.00
733.04	54714.00
733.23	54879.00
733.42	54846.00
733.61	54764.00
733.80	54608.00
733.99	54113.00
734.18	53763.00
734.37	53601.00
734.56	53448.00
734.75	53384.00
734.94	53469.00
735.13	53336.00
735.32	52955.00
735.51	52636.00
735.70	52606.00
735.89	52363.00
736.08	52460.00
736.27	52279.00
736.46	52096.00
736.65	52189.00
736.84	52157.00
737.03	51826.00
737.22	52063.00
737.41	51758.00
737.60	52095.00
737.79	52138.00
737.98	51849.00
738.17	52093.00
738.36	52055.00
738.55	52071.00
738.74	52313.00
738.93	51781.00
739.12	51676.00
739.31	51620.00
739.50	51465.00
739.69	51243.00
739.88	50966.00
740.07	50596.00
740.26	50504.00
740.45	50123.00
740.64	50197.00
740.83	50247.00
741.02	50234.00
741.21	49938.00
741.40	49552.00
741.59	49195.00
741.78	48635.00
741.97	48623.00
742.16	48579.00
742.35	48474.00
742.54	48287.00
742.73	48000.00
742.92	47918.00
743.11	47956.00
743.30	47771.00
743.49	47651.00
743.68	47310.00
743.87	47187.00
744.06	47394.00
744.25	47297.00
744.44	47491.00
744.63	47269.00
744.82	46973.00
745.01	47023.00
745.20	47081.00
745.39	47183.00
745.58	47109.00
745.77	46825.00
745.96	46653.00
746.15	46365.00
746.34	46138.00
746.52	46277.00
746.71	46378.00
746.90	46177.00
747.09	45820.00
747.28	45897.00
747.47	45717.00
747.66	45287.00
747.85	44926.00
748.04	44896.00
748.23	44547.00
748.42	44341.00
748.61	44220.00
748.80	43973.00
748.99	43720.00
749.18	43704.00
749.37	43428.00
749.56	43270.00
749.75	43128.00
749.94	42842.00
750.13	42790.00
750.32	42882.00
750.51	42405.00
750.70	42388.00
750.89	42013.00
751.08	42029.00
751.27	41927.00
751.46	41973.00
751.64	41646.00
751.83	41725.00
752.02	41919.00
752.21	41589.00
752.40	41864.00
752.59	41795.00
752.78	41920.00
752.97	41668.00
753.16	41621.00
753.35	41244.00
753.54	41073.00
753.73	40894.00
753.92	41112.00
754.11	40942.00
754.30	41000.00
754.49	41190.00
754.68	40653.00
754.87	40682.00
755.06	40493.00
755.24	40400.00
755.43	40263.00
755.62	40182.00
755.81	40037.00
756.00	39638.00
756.19	39612.00
756.38	39285.00
756.57	39121.00
756.76	38994.00
756.95	38765.00
757.14	38696.00
757.33	38962.00
757.52	38804.00
757.71	38343.00
757.90	38347.00
758.08	38456.00
758.27	38129.00
758.46	37966.00
758.65	37658.00
758.84	37521.00
759.03	37622.00
759.22	37531.00
759.41	37649.00
759.60	37537.00
759.79	37513.00
759.98	37489.00
760.17	37145.00
760.36	37238.00
760.54	37136.00
760.73	36919.00
760.92	36538.00
761.11	35998.00
761.30	35659.00
761.49	35432.00
761.68	35133.00
761.87	34429.00
762.06	34033.00
762.25	33852.00
762.44	33582.00
762.63	33069.00
762.81	32626.00
763.00	32344.00
763.19	31976.00
763.38	31287.00
763.57	31178.00
763.76	31327.00
763.95	31280.00
764.14	31124.00
764.33	31056.00
764.52	31051.00
764.71	31129.00
764.89	31090.00
765.08	30976.00
765.27	31094.00
765.46	31414.00
765.65	31550.00
765.84	31693.00
766.03	31852.00
766.22	31867.00
766.41	32187.00
766.59	32511.00
766.78	32824.00
766.97	33338.00
767.16	33594.00
767.35	33753.00
767.54	33813.00
767.73	34206.00
767.92	34415.00
768.11	34337.00
768.30	34522.00
768.48	34459.00
768.67	34665.00
768.86	34977.00
769.05	35166.00
769.24	34815.00
769.43	34589.00
769.62	34740.00
769.81	34678.00
769.99	34609.00
770.18	34322.00
770.37	34371.00
770.56	34538.00
770.75	34413.00
770.94	34215.00
771.13	34239.00
771.32	34253.00
771.50	34353.00
771.69	34273.00
771.88	34344.00
772.07	34386.00
772.26	34290.00
772.45	34120.00
772.64	33972.00
772.83	34080.00
773.01	34037.00
773.20	33841.00
773.39	33884.00
773.58	33794.00
773.77	33606.00
773.96	33615.00
774.15	33728.00
774.34	33550.00
774.52	33195.00
774.71	33059.00
774.90	32967.00
775.09	33086.00
775.28	33281.00
775.47	33206.00
775.66	33076.00
775.84	33056.00
776.03	32551.00
776.22	32627.00
776.41	32489.00
776.60	32372.00
776.79	32718.00
776.98	32646.00
777.16	32409.00
777.35	32477.00
777.54	32392.00
777.73	32313.00
777.92	32073.00
778.11	32221.00
778.29	32270.00
778.48	32232.00
778.67	32178.00
778.86	32303.00
779.05	32335.00
779.24	32347.00
779.43	32326.00
779.61	32287.00
779.80	32302.00
779.99	32435.00
780.18	32415.00
780.37	32461.00
780.56	32395.00
780.74	32477.00
780.93	32405.00
781.12	32353.00
781.31	32299.00
781.50	32323.00
781.69	32426.00
781.87	32118.00
782.06	32226.00
782.25	32475.00
782.44	32537.00
782.63	32585.00
782.82	32729.00
783.00	32707.00
783.19	32819.00
783.38	32907.00
783.57	32825.00
783.76	32964.00
783.95	32977.00
784.13	32885.00
784.32	32964.00
784.51	32687.00
784.70	32496.00
784.89	32454.00
785.08	32578.00
785.26	32358.00
785.45	32454.00
785.64	32626.00
785.83	32479.00
786.02	32443.00
786.20	32675.00
786.39	32541.00
786.58	32589.00
786.77	32885.00
786.96	32598.00
787.15	32592.00
787.33	32740.00
787.52	32668.00
787.71	32584.00
787.90	32827.00
788.09	32732.00
788.27	32686.00
788.46	32584.00
788.65	32756.00
788.84	32853.00
789.03	32662.00
789.21	32687.00
789.40	32978.00
789.59	33132.00
789.78	33052.00
789.97	33253.00
790.15	33281.00
790.34	33421.00
790.53	33358.00
790.72	32984.00
790.91	33064.00
791.09	33247.00
791.28	33227.00
791.47	33399.00
791.66	33318.00
791.85	33596.00
792.03	33653.00
792.22	33780.00
792.41	33786.00
792.60	33823.00
792.79	33904.00
792.97	34017.00
793.16	34062.00
793.35	34157.00
793.54	34067.00
793.72	34042.00
793.91	34009.00
794.10	34155.00
794.29	34533.00
794.48	34403.00
794.66	34251.00
794.85	34315.00
795.04	34499.00
795.23	34305.00
795.42	34097.00
795.60	34181.00
795.79	34247.00
795.98	34175.00
796.17	34318.00
796.35	34206.00
796.54	34290.00
796.73	34100.00
796.92	33784.00
797.11	33815.00
797.29	33789.00
797.48	33689.00
797.67	33404.00
797.86	33440.00
798.04	33416.00
798.23	33532.00
798.42	33487.00
798.61	33640.00
798.79	33592.00
798.98	33300.00
799.17	33464.00
799.36	33634.00
799.54	33302.00
799.73	33590.00
799.92	33584.00
800.11	33820.00
800.30	33459.00
800.48	33459.00
800.67	33617.00
800.86	33390.00
801.05	33434.00
801.23	33593.00
801.42	33279.00
801.61	33505.00
801.80	33577.00
801.98	33649.00
802.17	33701.00
802.36	33620.00
802.55	33755.00
802.73	33752.00
802.92	33504.00
803.11	33633.00
803.30	33864.00
803.48	33902.00
803.67	33742.00
803.86	33650.00
804.05	33854.00
804.23	33646.00
804.42	33773.00
804.61	33873.00
804.80	34011.00
804.98	33795.00
805.17	33719.00
805.36	33964.00
805.54	34027.00
805.73	34033.00
805.92	33766.00
806.11	33660.00
806.29	33884.00
806.48	33971.00
806.67	34220.00
806.86	34023.00
807.04	33980.00
807.23	33924.00
807.42	33964.00
807.61	33846.00
807.79	33901.00
807.98	33662.00
808.17	33716.00
808.35	34060.00
808.54	33743.00
808.73	33893.00
808.92	33691.00
809.10	33980.00
809.29	33754.00
809.48	33395.00
809.67	33506.00
809.85	33552.00
810.04	33570.00
810.23	33401.00
810.41	33269.00
810.60	33591.00
810.79	33588.00
810.98	33467.00
811.16	33345.00
811.35	33248.00
811.54	33175.00
811.72	32958.00
811.91	33147.00
812.10	33190.00
812.29	33054.00
812.47	33181.00
812.66	32903.00
812.85	32871.00
813.03	32843.00
813.22	32661.00
813.41	32659.00
813.60	32738.00
813.78	32814.00
813.97	32610.00
814.16	32595.00
814.34	32401.00
814.53	32383.00
814.72	32503.00
814.90	32461.00
815.09	32586.00
815.28	32354.00
815.47	32296.00
815.65	32496.00
815.84	32409.00
816.03	32523.00
816.21	32647.00
816.40	32748.00
816.59	32808.00
816.77	32491.00
816.96	32615.00
817.15	32718.00
817.33	32734.00
817.52	32638.00
817.71	32467.00
817.90	32615.00
818.08	32647.00
818.27	32519.00
818.46	32283.00
818.64	32519.00
818.83	32608.00
819.02	32622.00
819.20	32649.00
819.39	32509.00
819.58	32489.00
819.76	32430.00
819.95	32611.00
820.14	32391.00
820.32	32355.00
820.51	32585.00
820.70	32581.00
820.88	32602.00
821.07	32727.00
821.26	32758.00
821.44	32561.00
821.63	32391.00
821.82	32357.00
822.01	32321.00
822.19	32155.00
822.38	32112.00
822.57	32230.00
822.75	32138.00
822.94	32191.00
823.13	31935.00
823.31	31892.00
823.50	31869.00
823.69	31921.00
823.87	31831.00
824.06	31718.00
824.25	31628.00
824.43	31445.00
824.62	31518.00
824.80	31380.00
824.99	31479.00
825.18	31460.00
825.36	31429.00
825.55	31109.00
825.74	31434.00
825.92	31217.00
826.11	30890.00
826.30	30854.00
826.48	30705.00
826.67	30625.00
826.86	30587.00
827.04	30779.00
827.23	30843.00
827.42	30866.00
827.60	30576.00
827.79	30356.00
827.98	30385.00
828.16	30287.00
828.35	30039.00
828.54	30098.00
828.72	29940.00
828.91	30092.00
829.09	29956.00
829.28	29926.00
829.47	29755.00
829.65	29760.00
829.84	29666.00
830.03	29670.00
830.21	29845.00
830.40	29748.00
830.59	29594.00
830.77	29477.00
830.96	29751.00
831.14	29650.00
831.33	29542.00
831.52	29513.00
831.70	29549.00
831.89	29617.00
832.08	29671.00
832.26	29433.00
832.45	29389.00
832.64	29215.00
832.82	29007.00
833.01	29115.00
833.19	28890.00
833.38	28926.00
833.57	29179.00
833.75	28948.00
833.94	29060.00
834.13	29123.00
834.31	28727.00
834.50	28766.00
834.68	29088.00
834.87	29062.00
835.06	28747.00
835.24	28544.00
835.43	28475.00
835.61	28236.00
835.80	28499.00
835.99	28431.00
836.17	28128.00
836.36	28234.00
836.55	28226.00
836.73	28160.00
836.92	28204.00
837.10	28088.00
837.29	28091.00
837.48	28283.00
837.66	28036.00
837.85	28150.00
838.03	28138.00
838.22	27810.00
838.41	27807.00
838.59	27782.00
838.78	27759.00
838.96	27811.00
839.15	27929.00
839.34	27576.00
839.52	27387.00
839.71	27405.00
839.89	27233.00
840.08	27368.00
840.27	27324.00
840.45	27307.00
840.64	27163.00
840.82	26904.00
841.01	26834.00
841.20	26782.00
841.38	27059.00
841.57	26833.00
841.75	26720.00
841.94	26735.00
842.13	26765.00
842.31	26454.00
842.50	26415.00
842.68	26440.00
842.87	26439.00
843.05	26246.00
843.24	26057.00
843.43	25889.00
843.61	25988.00
843.80	25658.00
843.98	25551.00
844.17	25723.00
844.36	25449.00
844.54	25430.00
844.73	25319.00
844.91	25276.00
845.10	25201.00
845.28	25105.00
845.47	25153.00
845.66	25011.00
845.84	25082.00
846.03	24646.00
846.21	24794.00
846.40	24790.00
846.58	24648.00
846.77	24451.00
846.96	24507.00
847.14	24363.00
847.33	24407.00
847.51	24466.00
847.70	24326.00
847.88	24253.00
848.07	24242.00
848.25	24255.00
848.44	24213.00
848.63	24137.00
848.81	23996.00
849.00	23795.00
849.18	23707.00
849.37	23942.00
849.55	23971.00
849.74	23848.00
849.93	23737.00
850.11	23761.00
850.30	23543.00
850.48	23608.00
850.67	23502.00
850.85	23299.00
851.04	23265.00
851.22	23151.00
851.41	23006.00
851.59	22993.00
851.78	23115.00
851.97	23246.00
852.15	23104.00
852.34	22919.00
852.52	22788.00
852.71	22983.00
852.89	22915.00
853.08	22950.00
853.26	22628.00
853.45	22542.00
853.63	22674.00
853.82	22725.00
854.01	22619.00
854.19	22614.00
854.38	22577.00
854.56	22475.00
854.75	22157.00
854.93	22280.00
855.12	22235.00
855.30	22111.00
855.49	22219.00
855.67	21960.00
855.86	22006.00
856.04	21912.00
856.23	22017.00
856.41	21710.00
856.60	21814.00
856.79	21687.00
856.97	21622.00
857.16	21586.00
857.34	21665.00
857.53	21565.00
857.71	21520.00
857.90	21155.00
858.08	21217.00
858.27	21288.00
858.45	21364.00
858.64	21066.00
858.82	20903.00
859.01	20985.00
859.19	21126.00
859.38	21050.00
859.56	21087.00
859.75	20971.00
859.93	20899.00
860.12	21037.00
860.30	20745.00
860.49	20552.00
860.67	20638.00
860.86	20696.00
861.04	20588.00
861.23	20612.00
861.41	20456.00
861.60	20329.00
861.78	20430.00
861.97	20358.00
862.15	20042.00
862.34	20180.00
862.53	20163.00
862.71	20009.00
862.90	19937.00
863.08	19749.00
863.27	19712.00
863.45	19693.00
863.64	19602.00
863.82	19551.00
864.01	19325.00
864.19	19528.00
864.37	19356.00
864.56	19447.00
864.74	19357.00
864.93	19307.00
865.11	19280.00
865.30	19222.00
865.48	19280.00
865.67	19321.00
865.85	19110.00
866.04	19110.00
866.22	18921.00
866.41	18630.00
866.59	18605.00
866.78	18597.00
866.96	18501.00
867.15	18540.00
867.33	18433.00
867.52	18330.00
867.70	18291.00
867.89	18479.00
868.07	18438.00
868.26	18194.00
868.44	18245.00
868.63	18122.00
868.81	18115.00
869.00	17849.00
869.18	17719.00
869.37	17769.00
869.55	17839.00
869.74	17681.00
869.92	17620.00
870.10	17618.00
870.29	17706.00
870.47	17628.00
870.66	17597.00
870.84	17690.00
871.03	17681.00
871.21	17599.00
871.40	17506.00
871.58	17309.00
871.77	17269.00
871.95	17230.00
872.14	17348.00
872.32	17323.00
872.51	17140.00
872.69	17152.00
872.87	17079.00
873.06	17014.00
873.24	17101.00
873.43	17118.00
873.61	16764.00
873.80	16662.00
873.98	16657.00
874.17	16823.00
874.35	16933.00
874.54	16780.00
874.72	16781.00
874.90	16796.00
875.09	16601.00
875.27	16518.00
875.46	16644.00
875.64	16616.00
875.83	16472.00
876.01	16308.00
876.20	16497.00
876.38	16466.00
876.56	16522.00
876.75	16360.00
876.93	16306.00
877.12	16350.00
877.30	16347.00
877.49	16465.00
877.67	16230.00
877.86	16235.00
878.04	16287.00
878.22	16013.00
878.41	16095.00
878.59	16113.00
878.78	16110.00
878.96	16281.00
879.15	16277.00
879.33	16011.00
879.51	16016.00
879.70	16129.00
879.88	16210.00
880.07	16280.00
880.25	16205.00
880.44	15778.00
880.62	15838.00
880.80	15807.00
880.99	15840.00
881.17	15996.00
881.36	15897.00
881.54	15869.00
881.73	15932.00
881.91	15710.00
882.09	15856.00
882.28	15803.00
882.46	15630.00
882.65	15746.00
882.83	15623.00
883.02	15694.00
883.20	15640.00
883.38	15669.00
883.57	15537.00
883.75	15592.00
883.94	15403.00
884.12	15504.00
884.30	15464.00
884.49	15360.00
884.67	15374.00
884.86	15456.00
885.04	15434.00
885.22	15438.00
885.41	15226.00
885.59	15363.00
885.78	15368.00
885.96	15173.00
886.14	15091.00
886.33	15051.00
886.51	15184.00
886.70	15162.00
886.88	14920.00
887.06	14976.00
887.25	15026.00
887.43	14980.00
887.62	14931.00
887.80	15016.00
887.98	15084.00
888.17	15111.00
888.35	15108.00
888.54	14927.00
888.72	14974.00
888.90	14804.00
889.09	14914.00
889.27	14872.00
889.46	14858.00
889.64	14737.00
889.82	14842.00
890.01	14811.00
890.19	14856.00
890.38	14985.00
890.56	15061.00
890.74	15031.00
890.93	14899.00
891.11	14856.00
891.29	14948.00
891.48	14832.00
891.66	14929.00
891.85	14930.00
892.03	14972.00
892.21	14778.00
892.40	14664.00
892.58	14709.00
892.76	14729.00
892.95	14732.00
893.13	14677.00
893.32	14698.00
893.50	14806.00
893.68	14879.00
893.87	14846.00
894.05	14819.00
894.23	14805.00
894.42	14947.00
894.60	14802.00
894.79	15103.00
894.97	14916.00
895.15	14779.00
895.34	14877.00
895.52	14973.00
895.70	15031.00
895.89	14886.00
896.07	14892.00
896.25	14921.00
896.44	14970.00
896.62	14985.00
896.81	15117.00
896.99	14924.00
897.17	14898.00
897.36	15091.00
897.54	15234.00
897.72	15138.00
897.91	15032.00
898.09	15145.00
898.27	15146.00
898.46	15261.00
898.64	15329.00
898.82	15128.00
899.01	15237.00
899.19	15389.00
899.37	15264.00
899.56	15299.00
899.74	15386.00
899.92	15513.00
900.11	15531.00
900.29	15618.00
900.47	15412.00
900.66	15615.00
900.84	15640.00
901.03	15654.00
901.21	15561.00
901.39	15608.00
901.58	15586.00
901.76	15612.00
901.94	15779.00
902.13	15825.00
902.31	15692.00
902.49	15713.00
902.68	15880.00
902.86	15746.00
903.04	15722.00
903.23	15744.00
903.41	15824.00
903.59	15802.00
903.78	15757.00
903.96	15911.00
904.14	16024.00
904.32	16164.00
904.51	16147.00
904.69	16040.00
904.87	16094.00
905.06	16226.00
905.24	16170.00
905.42	16248.00
905.61	16064.00
905.79	16071.00
905.97	16149.00
906.16	16143.00
906.34	16120.00
906.52	16088.00
906.71	15905.00
906.89	16090.00
907.07	16029.00
907.26	16056.00
907.44	15866.00
907.62	15952.00
907.81	16121.00
907.99	15931.00
908.17	15914.00
908.35	16087.00
908.54	16088.00
908.72	16096.00
908.90	16018.00
909.09	15917.00
909.27	15990.00
909.45	15954.00
909.64	16034.00
909.82	16009.00
910.00	15979.00
910.18	16049.00
910.37	16005.00
910.55	15927.00
910.73	15682.00
910.92	15762.00
911.10	15707.00
911.28	15697.00
911.47	15728.00
911.65	15755.00
911.83	15505.00
912.01	15615.00
912.20	15458.00
912.38	15508.00
912.56	15587.00
912.75	15482.00
912.93	15583.00
913.11	15445.00
913.29	15618.00
913.48	15584.00
913.66	15585.00
913.84	15611.00
914.03	15503.00
914.21	15601.00
914.39	15526.00
914.57	15364.00
914.76	15287.00
914.94	15207.00
915.12	15218.00
915.31	15263.00
915.49	15266.00
915.67	15392.00
915.85	15320.00
916.04	15419.00
916.22	15203.00
916.40	15075.00
916.58	15114.00
916.77	15060.00
916.95	14873.00
917.13	14906.00
917.32	15072.00
917.50	15123.00
917.68	14906.00
917.86	14893.00
918.05	14907.00
918.23	14788.00
918.41	14835.00
918.59	14719.00
918.78	14780.00
918.96	14567.00
919.14	14550.00
919.32	14486.00
919.51	14465.00
919.69	14398.00
919.87	14523.00
920.05	14481.00
920.24	14343.00
920.42	14363.00
920.60	14491.00
920.78	14417.00
920.97	14282.00
921.15	14284.00
921.33	14272.00
921.52	14164.00
921.70	14184.00
921.88	14285.00
922.06	14320.00
922.24	14278.00
922.43	14200.00
922.61	14000.00
922.79	14064.00
922.97	14074.00
923.16	13931.00
923.34	14070.00
923.52	14080.00
923.70	14092.00
923.89	13979.00
924.07	14030.00
924.25	13919.00
924.43	13746.00
924.62	13796.00
924.80	13716.00
924.98	13577.00
925.16	13681.00
925.35	13787.00
925.53	13658.00
925.71	13832.00
925.89	13683.00
926.08	13572.00
926.26	13606.00
926.44	13579.00
926.62	13560.00
926.80	13718.00
926.99	13510.00
927.17	13303.00
927.35	13454.00
927.53	13486.00
927.72	13511.00
927.90	13297.00
928.08	13214.00
928.26	13163.00
928.44	13039.00
928.63	13082.00
928.81	13257.00
928.99	13217.00
929.17	13219.00
929.36	13261.00
929.54	13193.00
929.72	13137.00
929.90	13012.00
930.08	12910.00
930.27	12806.00
930.45	12812.00
930.63	12868.00
930.81	12976.00
930.99	12689.00
931.18	12655.00
931.36	12900.00
931.54	12740.00
931.72	12588.00
931.90	12433.00
932.09	12432.00
932.27	12510.00
932.45	12400.00
932.63	12232.00
932.81	11920.00
933.00	12098.00
933.18	11977.00
933.36	11938.00
933.54	11976.00
933.72	11876.00
933.91	11733.00
934.09	11559.00
934.27	11503.00
934.45	11416.00
934.63	11218.00
934.82	11206.00
935.00	11229.00
935.18	11097.00
935.36	10932.00
935.54	10953.00
935.73	10743.00
935.91	10635.00
936.09	10588.00
936.27	10374.00
936.45	10207.00
936.64	10072.00
936.82	9990.00
937.00	9886.00
937.18	9677.00
937.36	9506.00
937.54	9534.00
937.73	9331.00
937.91	9141.00
938.09	9163.00
938.27	8913.00
938.45	8733.00
938.63	8703.00
938.82	8597.00
939.00	8553.00
939.18	8353.00
939.36	8170.00
939.54	8164.00
939.73	8056.00
939.91	7945.00
940.09	7817.00
940.27	7771.00
940.45	7632.00
940.63	7460.00
940.82	7380.00
941.00	7395.00
941.18	7345.00
941.36	7308.00
941.54	7200.00
941.72	7116.00
941.91	6935.00
942.09	7017.00
942.27	7012.00
942.45	7030.00
942.63	7006.00
942.81	6646.00
942.99	6822.00
943.18	6866.00
943.36	6869.00
943.54	6885.00
943.72	6759.00
943.90	6669.00
944.08	6685.00
944.27	6585.00
944.45	6689.00
944.63	6685.00
944.81	6625.00
944.99	6743.00
945.17	6613.00
945.35	6664.00
945.54	6661.00
945.72	6671.00
945.90	6687.00
946.08	6755.00
946.26	6764.00
946.44	6783.00
946.62	6689.00
946.81	6642.00
946.99	6788.00
947.17	6784.00
947.35	6761.00
947.53	6865.00
947.71	6821.00
947.89	6824.00
948.07	6828.00
948.26	6776.00
948.44	6854.00
948.62	6964.00
948.80	7044.00
948.98	7070.00
949.16	6996.00
949.34	7075.00
949.53	6900.00
949.71	6992.00
949.89	7025.00
950.07	6998.00
950.25	7151.00
950.43	7186.00
950.61	7018.00
950.79	7114.00
950.98	7087.00
951.16	7139.00
951.34	7067.00
951.52	7205.00
951.70	7123.00
951.88	7169.00
952.06	7157.00
952.24	7051.00
952.42	7078.00
952.61	6996.00
952.79	7092.00
952.97	7256.00
953.15	7200.00
953.33	7231.00
953.51	7134.00
953.69	7224.00
953.87	7238.00
954.05	7238.00
954.24	7149.00
954.42	7177.00
954.60	7220.00
954.78	7181.00
954.96	7287.00
955.14	7225.00
955.32	7177.00
955.50	7202.00
955.68	7242.00
955.86	7258.00
956.05	7372.00
956.23	7220.00
956.41	7117.00
956.59	7165.00
956.77	7209.00
956.95	7306.00
957.13	7312.00
957.31	7429.00
957.49	7390.00
957.67	7344.00
957.86	7409.00
958.04	7384.00
958.22	7435.00
958.40	7303.00
958.58	7362.00
958.76	7378.00
958.94	7214.00
959.12	7309.00
959.30	7416.00
959.48	7361.00
959.66	7357.00
959.84	7375.00
960.03	7358.00
960.21	7290.00
960.39	7099.00
960.57	7177.00
960.75	7249.00
960.93	7279.00
961.11	7409.00
961.29	7174.00
961.47	7296.00
961.65	7244.00
961.83	7150.00
962.01	7202.00
962.19	7209.00
962.37	7152.00
962.56	7186.00
962.74	7167.00
962.92	7133.00
963.10	6937.00
963.28	7026.00
963.46	6963.00
963.64	7014.00
963.82	7143.00
964.00	6971.00
964.18	7037.00
964.36	7138.00
964.54	7091.00
964.72	7057.00
964.90	7040.00
965.08	6928.00
965.27	6981.00
965.45	7099.00
965.63	7039.00
965.81	7168.00
965.99	7062.00
966.17	7079.00
966.35	7038.00
966.53	7116.00
966.71	7106.00
966.89	6995.00
967.07	6873.00
967.25	6855.00
967.43	6998.00
967.61	6909.00
967.79	6779.00
967.97	6636.00
968.15	6821.00
968.33	6803.00
968.51	6650.00
968.69	6702.00
968.87	6686.00
969.06	6619.00
969.24	6656.00
969.42	6595.00
969.60	6583.00
969.78	6645.00
969.96	6537.00
970.14	6590.00
970.32	6746.00
970.50	6638.00
970.68	6529.00
970.86	6353.00
971.04	6447.00
971.22	6401.00
971.40	6477.00
971.58	6568.00
971.76	6514.00
971.94	6342.00
972.12	6182.00
972.30	6264.00
972.48	6270.00
972.66	6385.00
972.84	6451.00
973.02	6343.00
973.20	6218.00
973.38	6227.00
973.56	6198.00
973.74	6261.00
973.92	6326.00
974.10	6091.00
974.28	6151.00
974.46	6069.00
974.64	6037.00
974.82	6003.00
975.00	6003.00
975.18	5996.00
975.36	5896.00
975.54	5839.00
975.72	5861.00
975.90	5875.00
976.08	5890.00
976.26	5794.00
976.44	5748.00
976.62	5757.00
976.80	5791.00
976.98	5859.00
977.16	5749.00
977.34	5804.00
977.52	5707.00
977.70	5669.00
977.88	5665.00
978.06	5643.00
978.24	5626.00
978.42	5643.00
978.60	5744.00
978.78	5642.00
978.96	5634.00
979.14	5637.00
979.32	5611.00
979.50	5538.00
979.68	5637.00
979.86	5327.00
980.04	5391.00
980.22	5645.00
980.40	5485.00
980.58	5509.00
980.76	5567.00
980.94	5409.00
981.12	5420.00
981.30	5295.00
981.48	5408.00
981.66	5486.00
981.84	5461.00
982.02	5410.00
982.20	5335.00
982.38	5282.00
982.56	5237.00
982.74	5280.00
982.92	5221.00
983.10	5343.00
983.28	5319.00
983.46	5268.00
983.64	5180.00
983.82	5200.00
984.00	5207.00
984.18	5162.00
984.36	5100.00
984.54	5066.00
984.72	5056.00
984.90	5076.00
985.08	4929.00
985.26	5022.00
985.44	4985.00
985.62	4866.00
985.80	4918.00
985.98	4850.00
986.16	4851.00
986.34	4935.00
986.51	4781.00
986.69	4853.00
986.87	4939.00
987.05	4766.00
987.23	4733.00
987.41	4819.00
987.59	4819.00
987.77	4739.00
987.95	4693.00
988.13	4542.00
988.31	4632.00
988.49	4725.00
988.67	4586.00
988.85	4488.00
989.03	4507.00
989.21	4502.00
989.39	4493.00
989.57	4541.00
989.75	4464.00
989.93	4553.00
990.11	4415.00
990.28	4349.00
990.46	4385.00
990.64	4438.00
990.82	4280.00
991.00	4303.00
991.18	4374.00
991.36	4398.00
991.54	4289.00
991.72	4304.00
991.90	4296.00
992.08	4339.00
992.26	4329.00
992.44	4182.00
992.62	4200.00
992.80	4292.00
992.98	4340.00
993.15	4284.00
993.33	4239.00
993.51	4236.00
993.69	4078.00
993.87	4154.00
994.05	4200.00
994.23	4107.00
994.41	4116.00
994.59	4089.00
994.77	4053.00
994.95	3960.00
995.13	4048.00
995.31	4022.00
995.48	4024.00
995.66	4010.00
995.84	3958.00
996.02	3824.00
996.20	3915.00
996.38	3930.00
996.56	3849.00
996.74	3769.00
996.92	3686.00
997.10	3776.00
997.28	3779.00
997.46	3676.00
997.63	3666.00
997.81	3739.00
997.99	3652.00
998.17	3703.00
998.35	3810.00
998.53	3675.00
998.71	3608.00
998.89	3592.00
999.07	3667.00
999.25	3601.00
999.43	3568.00
999.60	3494.00
999.78	3532.00
999.96	3560.00
1000.14	3577.00
1000.32	3508.00
1000.50	3531.00
1000.68	3484.00
1000.86	3476.00
1001.04	3487.00
1001.21	3522.00
1001.39	3462.00
1001.57	3422.00
1001.75	3358.00
1001.93	3312.00
1002.11	3323.00
1002.29	3383.00
1002.47	3467.00
1002.65	3381.00
1002.82	3450.00
1003.00	3348.00
1003.18	3403.00
1003.36	3384.00
1003.54	3315.00
1003.72	3323.00
1003.90	3304.00
1004.08	3333.00
1004.26	3316.00
1004.43	3347.00
1004.61	3303.00
1004.79	3264.00
1004.97	3196.00
1005.15	3178.00
1005.33	3194.00
1005.51	3221.00
1005.69	3116.00
1005.86	3166.00
1006.04	3097.00
1006.22	3099.00
1006.40	3087.00
1006.58	3234.00
1006.76	3065.00
1006.94	3047.00
1007.12	3048.00
1007.29	3054.00
1007.47	3011.00
1007.65	2956.00
1007.83	3040.00
1008.01	2990.00
1008.19	3025.00
1008.37	3035.00
1008.54	2994.00
1008.72	3036.00
1008.90	2979.00
1009.08	2879.00
1009.26	2950.00
1009.44	2845.00
1009.62	2822.00
1009.79	2784.00
1009.97	2752.00
1010.15	2813.00
1010.33	2893.00
1010.51	2835.00
1010.69	2804.00
1010.87	2788.00
1011.04	2778.00
1011.22	2697.00
1011.40	2694.00
1011.58	2700.00
1011.76	2734.00
1011.94	2773.00
1012.11	2649.00
1012.29	2705.00
1012.47	2716.00
1012.65	2711.00
1012.83	2656.00
1013.01	2697.00
1013.18	2658.00
1013.36	2610.00
1013.54	2645.00
1013.72	2726.00
1013.90	2609.00
1014.08	2647.00
1014.25	2641.00
1014.43	2575.00
1014.61	2571.00
1014.79	2561.00
1014.97	2631.00
1015.15	2607.00
1015.32	2614.00
1015.50	2586.00
1015.68	2623.00
1015.86	2557.00
1016.04	2515.00
1016.22	2555.00
1016.39	2585.00
1016.57	2480.00
1016.75	2465.00
1016.93	2481.00
1017.11	2499.00
1017.29	2398.00
1017.46	2412.00
1017.64	2480.00
1017.82	2407.00
1018.00	2428.00
1018.18	2403.00
1018.35	2426.00
1018.53	2406.00
1018.71	2388.00
1018.89	2326.00
1019.07	2246.00
1019.24	2309.00
1019.42	2245.00
1019.60	2334.00
1019.78	2377.00
1019.96	2321.00
1020.14	2266.00
1020.31	2254.00
1020.49	2285.00
1020.67	2290.00
1020.85	2190.00
1021.03	2217.00
1021.20	2235.00
1021.38	2233.00
1021.56	2261.00
1021.74	2289.00
1021.92	2236.00
1022.09	2149.00
1022.27	2181.00
1022.45	2238.00
1022.63	2231.00
1022.81	2108.00
1022.98	2156.00
1023.16	2085.00
1023.34	2105.00
1023.52	2168.00
1023.69	2184.00
1023.87	2104.00
1024.05	2096.00
1024.23	2185.00
1024.41	2094.00
1024.58	2112.00
1024.76	2068.00
1024.94	2090.00
1025.12	2041.00
1025.30	2045.00
1025.47	2088.00
1025.65	2048.00
1025.83	2135.00
1026.01	2076.00
1026.18	1968.00
1026.36	1974.00
1026.54	2024.00
1026.72	1939.00
1026.90	1942.00
1027.07	1968.00
1027.25	1987.00
1027.43	2028.00
1027.61	2021.00
1027.78	2009.00
1027.96	1980.00
1028.14	1953.00
1028.32	1926.00
1028.49	1896.00
1028.67	1797.00
1028.85	1820.00
1029.03	1863.00
1029.21	1977.00
1029.38	1986.00
1029.56	1927.00
1029.74	1902.00
1029.92	1808.00
1030.09	1816.00
1030.27	1747.00
1030.45	1772.00
1030.63	1799.00
1030.80	1832.00
1030.98	1908.00
1031.16	1820.00
1031.34	1878.00
1031.51	1779.00
1031.69	1804.00
1031.87	1752.00
1032.05	1818.00
1032.22	1773.00
1032.40	1744.00
1032.58	1652.00
1032.76	1794.00
1032.93	1805.00
1033.11	1758.00
1033.29	1806.00
1033.47	1712.00
1033.64	1727.00
1033.82	1710.00
1034.00	1657.00
1034.18	1697.00
1034.35	1832.00
1034.53	1801.00
1034.71	1817.00
1034.89	1772.00
1035.06	1759.00
1035.24	1662.00
1035.42	1635.00
1035.59	1644.00
1035.77	1562.00
1035.95	1627.00
1036.13	1539.00
1036.30	1576.00
1036.48	1658.00
1036.66	1709.00
1036.84	1679.00
1037.01	1574.00
1037.19	1596.00
1037.37	1585.00
1037.54	1667.00
1037.72	1548.00
1037.90	1521.00
1038.08	1576.00
1038.25	1518.00
1038.43	1546.00
1038.61	1478.00
1038.79	1444.00
1038.96	1488.00
1039.14	1501.00
1039.32	1557.00
1039.49	1513.00
1039.67	1544.00
1039.85	1486.00
1040.03	1397.00
1040.20	1498.00
1040.38	1471.00
1040.56	1450.00
1040.73	1449.00
1040.91	1432.00
1041.09	1473.00
1041.27	1428.00
1041.44	1459.00
1041.62	1460.00
1041.80	1480.00
1041.97	1481.00
1042.15	1474.00
1042.33	1417.00
1042.50	1410.00
1042.68	1430.00
1042.86	1438.00
1043.04	1433.00
1043.21	1361.00
1043.39	1323.00
1043.57	1451.00
1043.74	1429.00
1043.92	1378.00
1044.10	1406.00
1044.27	1439.00
1044.45	1355.00
1044.63	1425.00
1044.80	1431.00
1044.98	1315.00
1045.16	1363.00
1045.34	1367.00
1045.51	1425.00
1045.69	1404.00
1045.87	1358.00
1046.04	1410.00
1046.22	1285.00
1046.40	1359.00
1046.57	1372.00
1046.75	1323.00
1046.93	1299.00
1047.10	1327.00
1047.28	1261.00
1047.46	1318.00
1047.63	1286.00
1047.81	1263.00
1047.99	1225.00
1048.16	1284.00
1048.34	1219.00
1048.52	1263.00
1048.69	1326.00
1048.87	1310.00
1049.05	1274.00
1049.22	1390.00
1049.40	1278.00
1049.58	1269.00
1049.75	1397.00
1049.93	1323.00
1050.11	1215.00
1050.28	1321.00
1050.46	1262.00
1050.64	1258.00
1050.81	1204.00
1050.99	1235.00
1051.17	1252.00
1051.34	1181.00
1051.52	1215.00
1051.70	1188.00
1051.87	1199.00
1052.05	1250.00
1052.23	1224.00
1052.40	1256.00
1052.58	1110.00
1052.76	1219.00
1052.93	1245.00
1053.11	1256.00
1053.29	1212.00
1053.46	1127.00
1053.64	1193.00
1053.82	1165.00
1053.99	1146.00
1054.17	1152.00
1054.35	1169.00
1054.52	1189.00
1054.70	1189.00
1054.87	1209.00
1055.05	1134.00
1055.23	1113.00
1055.40	1138.00
1055.58	1152.00
1055.76	1154.00
1055.93	1165.00
1056.11	1168.00
1056.29	1205.00
1056.46	1108.00
1056.64	1151.00
1056.81	1147.00
1056.99	1170.00
1057.17	1073.00
1057.34	1144.00
1057.52	1205.00
1057.70	1207.00
1057.87	1253.00
1058.05	1201.00
1058.22	1168.00
1058.40	1079.00
1058.58	1081.00
1058.75	1110.00
1058.93	1125.00
1059.11	1144.00
1059.28	1121.00
1059.46	1090.00
1059.63	1075.00
1059.81	1029.00
1059.99	1096.00
1060.16	1027.00
1060.34	1021.00
1060.52	1045.00
1060.69	1080.00
1060.87	1090.00
1061.04	1064.00
1061.22	1001.00
