367.62	50.00
367.82	34.00
368.02	136.00
368.23	125.00
368.43	52.00
368.63	79.00
368.83	69.00
369.04	8.00
369.24	106.00
369.44	114.00
369.65	143.00
369.85	154.00
370.05	186.00
370.25	117.00
370.46	109.00
370.66	84.00
370.86	51.00
371.07	39.00
371.27	87.00
371.47	126.00
371.67	94.00
371.88	91.00
372.08	81.00
372.28	80.00
372.49	27.00
372.69	97.00
372.89	134.00
373.09	143.00
373.30	60.00
373.50	68.00
373.70	91.00
373.91	67.00
374.11	91.00
374.31	80.00
374.51	56.00
374.72	54.00
374.92	31.00
375.12	54.00
375.33	100.00
375.53	142.00
375.73	181.00
375.93	11.00
376.14	33.00
376.34	24.00
376.54	41.00
376.74	46.00
376.95	20.00
377.15	52.00
377.35	70.00
377.55	154.00
377.76	125.00
377.96	154.00
378.16	146.00
378.37	95.00
378.57	143.00
378.77	125.00
378.97	65.00
379.18	57.00
379.38	53.00
379.58	86.00
379.78	62.00
379.99	9.00
380.19	31.00
380.39	93.00
380.59	83.00
380.80	53.00
381.00	52.00
381.20	65.00
381.40	76.00
381.61	81.00
381.81	108.00
382.01	58.00
382.21	53.00
382.42	96.00
382.62	96.00
382.82	88.00
383.02	3.00
383.23	113.00
383.43	112.00
383.63	38.00
383.83	34.00
384.04	45.00
384.24	109.00
384.44	126.00
384.64	131.00
384.85	81.00
385.05	54.00
385.25	78.00
385.45	103.00
385.66	60.00
385.86	73.00
386.06	27.00
386.26	87.00
386.47	78.00
386.67	110.00
386.87	100.00
387.07	78.00
387.27	43.00
387.48	77.00
387.68	53.00
387.88	84.00
388.08	93.00
388.29	49.00
388.49	87.00
388.69	51.00
388.89	32.00
389.10	40.00
389.30	122.00
389.50	76.00
389.70	69.00
389.90	110.00
390.11	86.00
390.31	59.00
390.51	56.00
390.71	57.00
390.92	133.00
391.12	95.00
391.32	91.00
391.52	132.00
391.72	55.00
391.93	77.00
392.13	29.00
392.33	19.00
392.53	42.00
392.74	54.00
392.94	87.00
393.14	110.00
393.34	77.00
393.54	93.00
393.75	135.00
393.95	100.00
394.15	91.00
394.35	80.00
394.56	34.00
394.76	52.00
394.96	86.00
395.16	125.00
395.36	88.00
395.57	95.00
395.77	84.00
395.97	77.00
396.17	70.00
396.37	20.00
396.58	85.00
396.78	126.00
396.98	61.00
397.18	113.00
397.38	110.00
397.59	128.00
397.79	109.00
397.99	88.00
398.19	57.00
398.39	111.00
398.60	66.00
398.80	65.00
399.00	94.00
399.20	77.00
399.40	130.00
399.61	143.00
399.81	56.00
400.01	-3.00
400.21	43.00
400.41	79.00
400.62	143.00
400.82	120.00
401.02	82.00
401.22	80.00
401.42	91.00
401.63	166.00
401.83	140.00
402.03	115.00
402.23	64.00
402.43	78.00
402.64	47.00
402.84	26.00
403.04	86.00
403.24	90.00
403.44	107.00
403.64	71.00
403.85	97.00
404.05	91.00
404.25	85.00
404.45	53.00
404.65	66.00
404.86	87.00
405.06	112.00
405.26	127.00
405.46	71.00
405.66	27.00
405.86	51.00
406.07	12.00
406.27	24.00
406.47	16.00
406.67	102.00
406.87	62.00
407.07	114.00
407.28	62.00
407.48	52.00
407.68	99.00
407.88	105.00
408.08	55.00
408.28	129.00
408.49	142.00
408.69	118.00
408.89	100.00
409.09	39.00
409.29	76.00
409.49	119.00
409.70	47.00
409.90	138.00
410.10	133.00
410.30	48.00
410.50	95.00
410.70	71.00
410.91	27.00
411.11	-2.00
411.31	34.00
411.51	142.00
411.71	128.00
411.91	134.00
412.12	115.00
412.32	67.00
412.52	17.00
412.72	72.00
412.92	45.00
413.12	1.00
413.32	117.00
413.53	127.00
413.73	142.00
413.93	127.00
414.13	132.00
414.33	66.00
414.53	66.00
414.74	99.00
414.94	7.00
415.14	60.00
415.34	95.00
415.54	79.00
415.74	137.00
415.94	123.00
416.15	146.00
416.35	92.00
416.55	47.00
416.75	81.00
416.95	117.00
417.15	49.00
417.35	88.00
417.56	46.00
417.76	83.00
417.96	122.00
418.16	65.00
418.36	74.00
418.56	107.00
418.76	72.00
418.97	85.00
419.17	99.00
419.37	97.00
419.57	50.00
419.77	78.00
419.97	72.00
420.17	79.00
420.37	42.00
420.58	33.00
420.78	107.00
420.98	66.00
421.18	83.00
421.38	119.00
421.58	42.00
421.78	35.00
421.98	17.00
422.19	62.00
422.39	74.00
422.59	105.00
422.79	65.00
422.99	149.00
423.19	151.00
423.39	83.00
423.59	114.00
423.80	127.00
424.00	157.00
424.20	99.00
424.40	105.00
424.60	63.00
424.80	76.00
425.00	181.00
425.20	52.00
425.40	24.00
425.61	88.00
425.81	50.00
426.01	52.00
426.21	78.00
426.41	110.00
426.61	124.00
426.81	127.00
427.01	206.00
427.21	147.00
427.42	121.00
427.62	110.00
427.82	116.00
428.02	69.00
428.22	50.00
428.42	84.00
428.62	135.00
428.82	108.00
429.02	86.00
429.23	163.00
429.43	132.00
429.63	131.00
429.83	116.00
430.03	147.00
430.23	154.00
430.43	92.00
430.63	82.00
430.83	84.00
431.03	44.00
431.24	71.00
431.44	60.00
431.64	135.00
431.84	164.00
432.04	132.00
432.24	149.00
432.44	104.00
432.64	108.00
432.84	148.00
433.04	146.00
433.24	94.00
433.45	82.00
433.65	98.00
433.85	132.00
434.05	117.00
434.25	67.00
434.45	39.00
434.65	99.00
434.85	152.00
435.05	105.00
435.25	114.00
435.45	96.00
435.65	85.00
435.86	132.00
436.06	69.00
436.26	29.00
436.46	64.00
436.66	120.00
436.86	120.00
437.06	64.00
437.26	101.00
437.46	94.00
437.66	74.00
437.86	150.00
438.06	136.00
438.26	154.00
438.47	117.00
438.67	51.00
438.87	69.00
439.07	72.00
439.27	109.00
439.47	186.00
439.67	109.00
439.87	72.00
440.07	66.00
440.27	166.00
440.47	133.00
440.67	138.00
440.87	52.00
441.07	123.00
441.27	91.00
441.48	84.00
441.68	135.00
441.88	102.00
442.08	46.00
442.28	101.00
442.48	82.00
442.68	208.00
442.88	209.00
443.08	177.00
443.28	189.00
443.48	171.00
443.68	94.00
443.88	87.00
444.08	87.00
444.28	75.00
444.48	88.00
444.68	119.00
444.88	123.00
445.09	96.00
445.29	102.00
445.49	220.00
445.69	219.00
445.89	100.00
446.09	80.00
446.29	71.00
446.49	118.00
446.69	106.00
446.89	68.00
447.09	90.00
447.29	144.00
447.49	109.00
447.69	145.00
447.89	122.00
448.09	135.00
448.29	136.00
448.49	124.00
448.69	161.00
448.89	125.00
449.09	118.00
449.29	164.00
449.49	168.00
449.70	165.00
449.90	69.00
450.10	95.00
450.30	98.00
450.50	104.00
450.70	68.00
450.90	122.00
451.10	174.00
451.30	143.00
451.50	136.00
451.70	106.00
451.90	97.00
452.10	109.00
452.30	98.00
452.50	56.00
452.70	59.00
452.90	78.00
453.10	170.00
453.30	179.00
453.50	122.00
453.70	85.00
453.90	191.00
454.10	133.00
454.30	181.00
454.50	109.00
454.70	195.00
454.90	223.00
455.10	167.00
455.30	116.00
455.50	70.00
455.70	131.00
455.90	94.00
456.10	152.00
456.30	180.00
456.50	161.00
456.70	132.00
456.90	75.00
457.10	138.00
457.30	140.00
457.50	154.00
457.70	100.00
457.90	104.00
458.10	155.00
458.30	104.00
458.50	141.00
458.70	134.00
458.90	118.00
459.10	212.00
459.30	188.00
459.50	200.00
459.70	149.00
459.90	143.00
460.10	140.00
460.30	98.00
460.50	78.00
460.70	77.00
460.90	173.00
461.10	80.00
461.30	133.00
461.50	175.00
461.70	124.00
461.90	179.00
462.10	210.00
462.30	236.00
462.50	259.00
462.70	144.00
462.90	135.00
463.10	139.00
463.30	86.00
463.50	139.00
463.70	218.00
463.90	142.00
464.10	191.00
464.30	197.00
464.50	220.00
464.70	187.00
464.90	179.00
465.10	133.00
465.30	171.00
465.50	134.00
465.70	132.00
465.90	116.00
466.10	104.00
466.30	82.00
466.50	129.00
466.70	160.00
466.90	144.00
467.10	118.00
467.30	173.00
467.50	156.00
467.70	210.00
467.90	148.00
468.10	173.00
468.30	148.00
468.50	158.00
468.70	175.00
468.90	174.00
469.10	198.00
469.30	182.00
469.50	111.00
469.70	92.00
469.90	175.00
470.10	161.00
470.30	157.00
470.50	114.00
470.70	94.00
470.90	111.00
471.10	132.00
471.29	170.00
471.49	159.00
471.69	179.00
471.89	164.00
472.09	180.00
472.29	185.00
472.49	149.00
472.69	210.00
472.89	174.00
473.09	180.00
473.29	174.00
473.49	208.00
473.69	177.00
473.89	153.00
474.09	194.00
474.29	125.00
474.49	84.00
474.69	161.00
474.89	139.00
475.09	135.00
475.29	164.00
475.49	150.00
475.69	172.00
475.88	166.00
476.08	137.00
476.28	166.00
476.48	243.00
476.68	148.00
476.88	141.00
477.08	274.00
477.28	189.00
477.48	171.00
477.68	116.00
477.88	150.00
478.08	155.00
478.28	193.00
478.48	162.00
478.68	122.00
478.88	143.00
479.08	105.00
479.28	108.00
479.47	125.00
479.67	151.00
479.87	177.00
480.07	75.00
480.27	146.00
480.47	183.00
480.67	154.00
480.87	139.00
481.07	151.00
481.27	191.00
481.47	183.00
481.67	183.00
481.87	180.00
482.07	134.00
482.27	189.00
482.46	102.00
482.66	125.00
482.86	104.00
483.06	123.00
483.26	182.00
483.46	129.00
483.66	110.00
483.86	196.00
484.06	198.00
484.26	147.00
484.46	168.00
484.66	161.00
484.86	156.00
485.05	197.00
485.25	201.00
485.45	202.00
485.65	197.00
485.85	208.00
486.05	222.00
486.25	149.00
486.45	179.00
486.65	134.00
486.85	182.00
487.05	245.00
487.25	157.00
487.44	147.00
487.64	147.00
487.84	209.00
488.04	177.00
488.24	158.00
488.44	207.00
488.64	137.00
488.84	176.00
489.04	139.00
489.24	141.00
489.43	231.00
489.63	204.00
489.83	142.00
490.03	208.00
490.23	301.00
490.43	184.00
490.63	226.00
490.83	219.00
491.03	188.00
491.23	227.00
491.42	240.00
491.62	183.00
491.82	153.00
492.02	228.00
492.22	200.00
492.42	184.00
492.62	275.00
492.82	266.00
493.02	186.00
493.22	130.00
493.41	138.00
493.61	130.00
493.81	139.00
494.01	191.00
494.21	183.00
494.41	187.00
494.61	141.00
494.81	230.00
495.01	230.00
495.20	216.00
495.40	224.00
495.60	191.00
495.80	177.00
496.00	233.00
496.20	240.00
496.40	208.00
496.60	255.00
496.79	279.00
496.99	225.00
497.19	190.00
497.39	262.00
497.59	183.00
497.79	288.00
497.99	292.00
498.19	235.00
498.38	243.00
498.58	239.00
498.78	220.00
498.98	310.00
499.18	257.00
499.38	207.00
499.58	247.00
499.78	262.00
499.97	255.00
500.17	271.00
500.37	267.00
500.57	217.00
500.77	189.00
500.97	224.00
501.17	249.00
501.37	209.00
501.56	245.00
501.76	229.00
501.96	226.00
502.16	242.00
502.36	230.00
502.56	248.00
502.76	293.00
502.95	231.00
503.15	215.00
503.35	209.00
503.55	160.00
503.75	175.00
503.95	277.00
504.15	269.00
504.34	178.00
504.54	280.00
504.74	219.00
504.94	210.00
505.14	316.00
505.34	317.00
505.54	206.00
505.73	226.00
505.93	235.00
506.13	226.00
506.33	275.00
506.53	281.00
506.73	187.00
506.92	218.00
507.12	261.00
507.32	201.00
507.52	203.00
507.72	162.00
507.92	225.00
508.12	232.00
508.31	236.00
508.51	175.00
508.71	191.00
508.91	217.00
509.11	220.00
509.31	228.00
509.50	240.00
509.70	302.00
509.90	272.00
510.10	238.00
510.30	230.00
510.50	184.00
510.69	239.00
510.89	298.00
511.09	271.00
511.29	265.00
511.49	242.00
511.69	256.00
511.88	249.00
512.08	229.00
512.28	222.00
512.48	295.00
512.68	222.00
512.88	214.00
513.07	247.00
513.27	265.00
513.47	233.00
513.67	241.00
513.87	259.00
514.06	202.00
514.26	228.00
514.46	246.00
514.66	236.00
514.86	244.00
515.06	245.00
515.25	208.00
515.45	191.00
515.65	216.00
515.85	220.00
516.05	201.00
516.24	236.00
516.44	245.00
516.64	222.00
516.84	198.00
517.04	265.00
517.23	224.00
517.43	198.00
517.63	221.00
517.83	223.00
518.03	244.00
518.23	240.00
518.42	289.00
518.62	213.00
518.82	215.00
519.02	262.00
519.22	308.00
519.41	313.00
519.61	320.00
519.81	281.00
520.01	247.00
520.21	168.00
520.40	208.00
520.60	212.00
520.80	255.00
521.00	227.00
521.20	274.00
521.39	280.00
521.59	274.00
521.79	180.00
521.99	222.00
522.19	265.00
522.38	286.00
522.58	283.00
522.78	268.00
522.98	251.00
523.17	225.00
523.37	273.00
523.57	287.00
523.77	282.00
523.97	330.00
524.16	303.00
524.36	222.00
524.56	240.00
524.76	303.00
524.96	281.00
525.15	321.00
525.35	273.00
525.55	294.00
525.75	303.00
525.94	167.00
526.14	266.00
526.34	250.00
526.54	273.00
526.74	366.00
526.93	307.00
527.13	259.00
527.33	237.00
527.53	304.00
527.72	323.00
527.92	248.00
528.12	299.00
528.32	301.00
528.52	294.00
528.71	332.00
528.91	262.00
529.11	292.00
529.31	255.00
529.50	339.00
529.70	286.00
529.90	341.00
530.10	328.00
530.29	382.00
530.49	332.00
530.69	331.00
530.89	362.00
531.09	328.00
531.28	351.00
531.48	370.00
531.68	401.00
531.88	365.00
532.07	362.00
532.27	361.00
532.47	349.00
532.67	330.00
532.86	386.00
533.06	427.00
533.26	435.00
533.46	350.00
533.65	371.00
533.85	381.00
534.05	342.00
534.25	336.00
534.44	397.00
534.64	356.00
534.84	313.00
535.04	305.00
535.23	364.00
535.43	392.00
535.63	424.00
535.83	416.00
536.02	405.00
536.22	386.00
536.42	464.00
536.62	406.00
536.81	460.00
537.01	452.00
537.21	373.00
537.41	420.00
537.60	461.00
537.80	472.00
538.00	424.00
538.20	402.00
538.39	400.00
538.59	413.00
538.79	374.00
538.99	418.00
539.18	411.00
539.38	522.00
539.58	532.00
539.77	437.00
539.97	489.00
540.17	488.00
540.37	465.00
540.56	478.00
540.76	428.00
540.96	373.00
541.16	466.00
541.35	492.00
541.55	477.00
541.75	528.00
541.94	503.00
542.14	553.00
542.34	536.00
542.54	547.00
542.73	556.00
542.93	553.00
543.13	564.00
543.33	578.00
543.52	556.00
543.72	564.00
543.92	518.00
544.11	568.00
544.31	557.00
544.51	592.00
544.71	632.00
544.90	603.00
545.10	568.00
545.30	482.00
545.49	672.00
545.69	640.00
545.89	640.00
546.09	598.00
546.28	675.00
546.48	630.00
546.68	608.00
546.87	510.00
547.07	555.00
547.27	459.00
547.47	509.00
547.66	566.00
547.86	535.00
548.06	500.00
548.25	472.00
548.45	540.00
548.65	529.00
548.84	574.00
549.04	472.00
549.24	472.00
549.44	516.00
549.63	530.00
549.83	507.00
550.03	564.00
550.22	558.00
550.42	514.00
550.62	569.00
550.81	518.00
551.01	482.00
551.21	463.00
551.41	463.00
551.60	463.00
551.80	509.00
552.00	569.00
552.19	520.00
552.39	499.00
552.59	498.00
552.78	447.00
552.98	343.00
553.18	486.00
553.37	428.00
553.57	455.00
553.77	398.00
553.96	462.00
554.16	457.00
554.36	436.00
554.56	440.00
554.75	539.00
554.95	513.00
555.15	504.00
555.34	436.00
555.54	426.00
555.74	447.00
555.93	427.00
556.13	446.00
556.33	452.00
556.52	467.00
556.72	490.00
556.92	469.00
557.11	407.00
557.31	404.00
557.51	464.00
557.70	433.00
557.90	472.00
558.10	444.00
558.29	490.00
558.49	372.00
558.69	410.00
558.88	438.00
559.08	454.00
559.28	479.00
559.47	464.00
559.67	479.00
559.87	415.00
560.06	399.00
560.26	471.00
560.46	508.00
560.65	513.00
560.85	466.00
561.05	428.00
561.24	439.00
561.44	456.00
561.64	434.00
561.83	409.00
562.03	392.00
562.23	356.00
562.42	436.00
562.62	449.00
562.82	424.00
563.01	394.00
563.21	428.00
563.40	370.00
563.60	397.00
563.80	474.00
563.99	389.00
564.19	470.00
564.39	467.00
564.58	444.00
564.78	439.00
564.98	396.00
565.17	367.00
565.37	500.00
565.57	456.00
565.76	434.00
565.96	442.00
566.16	420.00
566.35	460.00
566.55	474.00
566.74	433.00
566.94	475.00
567.14	492.00
567.33	554.00
567.53	511.00
567.73	502.00
567.92	487.00
568.12	458.00
568.32	501.00
568.51	493.00
568.71	501.00
568.90	497.00
569.10	515.00
569.30	537.00
569.49	507.00
569.69	527.00
569.89	548.00
570.08	491.00
570.28	466.00
570.47	572.00
570.67	562.00
570.87	460.00
571.06	455.00
571.26	541.00
571.46	570.00
571.65	535.00
571.85	424.00
572.04	434.00
572.24	501.00
572.44	567.00
572.63	643.00
572.83	552.00
573.03	465.00
573.22	526.00
573.42	588.00
573.61	522.00
573.81	524.00
574.01	582.00
574.20	589.00
574.40	534.00
574.59	501.00
574.79	520.00
574.99	569.00
575.18	634.00
575.38	595.00
575.58	647.00
575.77	650.00
575.97	630.00
576.16	641.00
576.36	648.00
576.56	618.00
576.75	655.00
576.95	715.00
577.14	723.00
577.34	672.00
577.54	663.00
577.73	652.00
577.93	661.00
578.12	634.00
578.32	698.00
578.52	777.00
578.71	778.00
578.91	773.00
579.10	765.00
579.30	765.00
579.50	747.00
579.69	771.00
579.89	748.00
580.08	724.00
580.28	779.00
580.48	790.00
580.67	834.00
580.87	780.00
581.06	882.00
581.26	883.00
581.45	773.00
581.65	885.00
581.85	888.00
582.04	859.00
582.24	907.00
582.43	941.00
582.63	914.00
582.83	1044.00
583.02	924.00
583.22	959.00
583.41	974.00
583.61	959.00
583.80	1012.00
584.00	972.00
584.20	999.00
584.39	937.00
584.59	982.00
584.78	1030.00
584.98	1030.00
585.17	945.00
585.37	1028.00
585.57	1027.00
585.76	1019.00
585.96	1023.00
586.15	1063.00
586.35	1114.00
586.54	1154.00
586.74	985.00
586.94	1069.00
587.13	1127.00
587.33	1037.00
587.52	1105.00
587.72	1158.00
587.91	1179.00
588.11	1109.00
588.31	1154.00
588.50	1166.00
588.70	1191.00
588.89	1270.00
589.09	1267.00
589.28	1223.00
589.48	1189.00
589.68	1238.00
589.87	1233.00
590.07	1200.00
590.26	1179.00
590.46	1222.00
590.65	1265.00
590.85	1321.00
591.04	1342.00
591.24	1339.00
591.44	1373.00
591.63	1336.00
591.83	1358.00
592.02	1307.00
592.22	1360.00
592.41	1346.00
592.61	1460.00
592.80	1531.00
593.00	1526.00
593.19	1520.00
593.39	1479.00
593.59	1478.00
593.78	1391.00
593.98	1447.00
594.17	1548.00
594.37	1491.00
594.56	1439.00
594.76	1373.00
594.95	1455.00
595.15	1526.00
595.34	1568.00
595.54	1588.00
595.73	1488.00
595.93	1562.00
596.13	1531.00
596.32	1504.00
596.52	1592.00
596.71	1604.00
596.91	1541.00
597.10	1593.00
597.30	1556.00
597.49	1564.00
597.69	1612.00
597.88	1592.00
598.08	1639.00
598.27	1680.00
598.47	1622.00
598.66	1686.00
598.86	1686.00
599.06	1647.00
599.25	1672.00
599.45	1657.00
599.64	1747.00
599.84	1753.00
600.03	1674.00
600.23	1726.00
600.42	1645.00
600.62	1680.00
600.81	1710.00
601.01	1695.00
601.20	1703.00
601.40	1783.00
601.59	1720.00
601.79	1735.00
601.98	1609.00
602.18	1588.00
602.37	1657.00
602.57	1780.00
602.76	1686.00
602.96	1767.00
603.15	1670.00
603.35	1633.00
603.54	1754.00
603.74	1793.00
603.93	1748.00
604.13	1813.00
604.32	1727.00
604.52	1675.00
604.71	1642.00
604.91	1690.00
605.10	1688.00
605.30	1608.00
605.49	1669.00
605.69	1683.00
605.88	1697.00
606.08	1628.00
606.27	1612.00
606.47	1668.00
606.66	1666.00
606.86	1633.00
607.05	1694.00
607.25	1694.00
607.44	1678.00
607.64	1769.00
607.83	1707.00
608.03	1713.00
608.22	1809.00
608.42	1829.00
608.61	1788.00
608.81	1835.00
609.00	1833.00
609.20	1995.00
609.39	1915.00
609.59	1854.00
609.78	2045.00
609.98	2103.00
610.17	2287.00
610.37	2405.00
610.56	2605.00
610.76	2791.00
610.95	2786.00
611.15	2959.00
611.34	3066.00
611.54	3060.00
611.73	2985.00
611.93	2873.00
612.12	2641.00
612.32	2357.00
612.51	2234.00
612.71	2160.00
612.90	2115.00
613.09	1996.00
613.29	2028.00
613.48	2133.00
613.68	2012.00
613.87	1991.00
614.07	1924.00
614.26	1998.00
614.46	1989.00
614.65	1962.00
614.85	1992.00
615.04	1936.00
615.24	1759.00
615.43	1830.00
615.63	1869.00
615.82	1742.00
616.02	1826.00
616.21	1743.00
616.40	1805.00
616.60	1788.00
616.79	1753.00
616.99	1739.00
617.18	1718.00
617.38	1842.00
617.57	1784.00
617.77	1696.00
617.96	1724.00
618.16	1775.00
618.35	1715.00
618.54	1722.00
618.74	1812.00
618.93	1726.00
619.13	1786.00
619.32	1809.00
619.52	1799.00
619.71	1718.00
619.91	1733.00
620.10	1765.00
620.30	1732.00
620.49	1724.00
620.68	1711.00
620.88	1774.00
621.07	1812.00
621.27	1708.00
621.46	1670.00
621.66	1791.00
621.85	1765.00
622.05	1790.00
622.24	1854.00
622.43	1897.00
622.63	1913.00
622.82	1918.00
623.02	1841.00
623.21	1825.00
623.41	1788.00
623.60	1879.00
623.80	1861.00
623.99	1768.00
624.18	1868.00
624.38	1924.00
624.57	1882.00
624.77	1927.00
624.96	1894.00
625.16	1850.00
625.35	1968.00
625.54	1965.00
625.74	1984.00
625.93	2017.00
626.13	2039.00
626.32	1960.00
626.52	1935.00
626.71	1968.00
626.90	1985.00
627.10	2100.00
627.29	2020.00
627.49	2074.00
627.68	1982.00
627.88	1932.00
628.07	1926.00
628.26	1856.00
628.46	1991.00
628.65	2003.00
628.85	2038.00
629.04	2059.00
629.23	2022.00
629.43	2060.00
629.62	2027.00
629.82	2127.00
630.01	2210.00
630.21	2093.00
630.40	2122.00
630.59	2196.00
630.79	2206.00
630.98	2207.00
631.18	2259.00
631.37	2161.00
631.56	2156.00
631.76	2193.00
631.95	2174.00
632.15	2104.00
632.34	2156.00
632.53	2118.00
632.73	2061.00
632.92	2035.00
633.12	2098.00
633.31	2088.00
633.50	2147.00
633.70	2170.00
633.89	2200.00
634.09	2179.00
634.28	2170.00
634.47	2198.00
634.67	2245.00
634.86	2246.00
635.06	2231.00
635.25	2253.00
635.44	2205.00
635.64	2211.00
635.83	2291.00
636.03	2306.00
636.22	2247.00
636.41	2252.00
636.61	2289.00
636.80	2236.00
637.00	2199.00
637.19	2283.00
637.38	2300.00
637.58	2345.00
637.77	2356.00
637.96	2516.00
638.16	2356.00
638.35	2378.00
638.55	2380.00
638.74	2402.00
638.93	2412.00
639.13	2436.00
639.32	2397.00
639.51	2404.00
639.71	2481.00
639.90	2474.00
640.10	2394.00
640.29	2367.00
640.48	2360.00
640.68	2453.00
640.87	2487.00
641.07	2445.00
641.26	2561.00
641.45	2478.00
641.65	2564.00
641.84	2544.00
642.03	2571.00
642.23	2556.00
642.42	2597.00
642.61	2622.00
642.81	2656.00
643.00	2738.00
643.20	2694.00
643.39	2624.00
643.58	2599.00
643.78	2524.00
643.97	2501.00
644.16	2593.00
644.36	2678.00
644.55	2740.00
644.74	2754.00
644.94	2751.00
645.13	2742.00
645.33	2697.00
645.52	2788.00
645.71	2753.00
645.91	2693.00
646.10	2623.00
646.29	2717.00
646.49	2716.00
646.68	2795.00
646.87	2803.00
647.07	2764.00
647.26	2755.00
647.45	2840.00
647.65	2856.00
647.84	2861.00
648.03	2918.00
648.23	2885.00
648.42	2988.00
648.62	2946.00
648.81	2883.00
649.00	2897.00
649.20	2889.00
649.39	2898.00
649.58	2937.00
649.78	2863.00
649.97	2865.00
650.16	2968.00
650.36	3007.00
650.55	2952.00
650.74	2865.00
650.94	3008.00
651.13	2944.00
651.32	2972.00
651.52	3014.00
651.71	2953.00
651.90	2900.00
652.10	2956.00
652.29	2998.00
652.48	2851.00
652.68	2939.00
652.87	2972.00
653.06	2936.00
653.26	2967.00
653.45	2993.00
653.64	2989.00
653.84	2910.00
654.03	3014.00
654.22	2927.00
654.42	2929.00
654.61	2950.00
654.80	2929.00
654.99	2941.00
655.19	2883.00
655.38	2888.00
655.57	3003.00
655.77	3054.00
655.96	2919.00
656.15	2932.00
656.35	3018.00
656.54	3039.00
656.73	2979.00
656.93	2925.00
657.12	2826.00
657.31	2765.00
657.51	2764.00
657.70	2797.00
657.89	2907.00
658.09	2911.00
658.28	2947.00
658.47	2962.00
658.66	2949.00
658.86	2976.00
659.05	2930.00
659.24	2942.00
659.44	2927.00
659.63	2939.00
659.82	2960.00
660.02	2935.00
660.21	2933.00
660.40	2937.00
660.60	2912.00
660.79	2950.00
660.98	2929.00
661.17	2987.00
661.37	3021.00
661.56	2880.00
661.75	2877.00
661.95	2867.00
662.14	2978.00
662.33	3039.00
662.52	2978.00
662.72	2909.00
662.91	2926.00
663.10	3001.00
663.30	2980.00
663.49	2965.00
663.68	2965.00
663.88	2849.00
664.07	2954.00
664.26	2868.00
664.45	2810.00
664.65	2779.00
664.84	2805.00
665.03	2801.00
665.23	2792.00
665.42	2781.00
665.61	2821.00
665.80	2755.00
666.00	2702.00
666.19	2826.00
666.38	2858.00
666.57	2810.00
666.77	2861.00
666.96	2807.00
667.15	2873.00
667.35	2791.00
667.54	2733.00
667.73	2759.00
667.92	2718.00
668.12	2749.00
668.31	2735.00
668.50	2669.00
668.70	2707.00
668.89	2629.00
669.08	2641.00
669.27	2567.00
669.47	2695.00
669.66	2738.00
669.85	2668.00
670.04	2799.00
670.24	2647.00
670.43	2627.00
670.62	2635.00
670.81	2660.00
671.01	2755.00
671.20	2787.00
671.39	2743.00
671.58	2700.00
671.78	2714.00
671.97	2616.00
672.16	2547.00
672.36	2600.00
672.55	2596.00
672.74	2593.00
672.93	2546.00
673.13	2642.00
673.32	2688.00
673.51	2606.00
673.70	2510.00
673.90	2485.00
674.09	2587.00
674.28	2612.00
674.47	2599.00
674.67	2567.00
674.86	2546.00
675.05	2583.00
675.24	2578.00
675.44	2562.00
675.63	2599.00
675.82	2585.00
676.01	2481.00
676.21	2497.00
676.40	2513.00
676.59	2450.00
676.78	2464.00
676.97	2464.00
677.17	2474.00
677.36	2506.00
677.55	2533.00
677.74	2544.00
677.94	2584.00
678.13	2585.00
678.32	2635.00
678.51	2614.00
678.71	2592.00
678.90	2540.00
679.09	2554.00
679.28	2490.00
679.48	2615.00
679.67	2552.00
679.86	2634.00
680.05	2537.00
680.24	2425.00
680.44	2444.00
680.63	2480.00
680.82	2491.00
681.01	2419.00
681.21	2359.00
681.40	2384.00
681.59	2422.00
681.78	2419.00
681.97	2402.00
682.17	2426.00
682.36	2432.00
682.55	2461.00
682.74	2470.00
682.94	2443.00
683.13	2399.00
683.32	2408.00
683.51	2422.00
683.70	2531.00
683.90	2442.00
684.09	2440.00
684.28	2426.00
684.47	2385.00
684.66	2402.00
684.86	2377.00
685.05	2332.00
685.24	2417.00
685.43	2459.00
685.63	2419.00
685.82	2351.00
686.01	2340.00
686.20	2382.00
686.39	2356.00
686.59	2443.00
686.78	2469.00
686.97	2432.00
687.16	2447.00
687.35	2484.00
687.55	2382.00
687.74	2413.00
687.93	2448.00
688.12	2474.00
688.31	2406.00
688.51	2425.00
688.70	2461.00
688.89	2406.00
689.08	2363.00
689.27	2323.00
689.47	2327.00
689.66	2338.00
689.85	2301.00
690.04	2394.00
690.23	2295.00
690.42	2383.00
690.62	2349.00
690.81	2455.00
691.00	2353.00
691.19	2408.00
691.38	2460.00
691.58	2475.00
691.77	2278.00
691.96	2342.00
692.15	2444.00
692.34	2432.00
692.54	2347.00
692.73	2417.00
692.92	2463.00
693.11	2520.00
693.30	2458.00
693.49	2490.00
693.69	2441.00
693.88	2505.00
694.07	2576.00
694.26	2497.00
694.45	2389.00
694.64	2442.00
694.84	2375.00
695.03	2432.00
695.22	2472.00
695.41	2471.00
695.60	2415.00
695.80	2402.00
695.99	2418.00
696.18	2434.00
696.37	2365.00
696.56	2430.00
696.75	2473.00
696.95	2455.00
697.14	2449.00
697.33	2431.00
697.52	2479.00
697.71	2493.00
697.90	2509.00
698.09	2495.00
698.29	2478.00
698.48	2548.00
698.67	2552.00
698.86	2526.00
699.05	2472.00
699.24	2473.00
699.44	2522.00
699.63	2518.00
699.82	2431.00
700.01	2454.00
700.20	2497.00
700.39	2485.00
700.58	2459.00
700.78	2380.00
700.97	2499.00
701.16	2536.00
701.35	2487.00
701.54	2550.00
701.73	2522.00
701.93	2602.00
702.12	2512.00
702.31	2560.00
702.50	2545.00
702.69	2613.00
702.88	2623.00
703.07	2536.00
703.27	2596.00
703.46	2609.00
703.65	2608.00
703.84	2662.00
704.03	2666.00
704.22	2688.00
704.41	2725.00
704.60	2618.00
704.80	2675.00
704.99	2701.00
705.18	2666.00
705.37	2757.00
705.56	2695.00
705.75	2817.00
705.94	2750.00
706.14	2639.00
706.33	2746.00
706.52	2746.00
706.71	2885.00
706.90	2819.00
707.09	2763.00
707.28	2749.00
707.47	2891.00
707.67	2906.00
707.86	2896.00
708.05	2926.00
708.24	2875.00
708.43	2900.00
708.62	2935.00
708.81	2924.00
709.00	2943.00
709.20	2862.00
709.39	2956.00
709.58	2938.00
709.77	2896.00
709.96	2887.00
710.15	2855.00
710.34	2854.00
710.53	2909.00
710.72	2876.00
710.92	2818.00
711.11	2879.00
711.30	2859.00
711.49	2950.00
711.68	2960.00
711.87	2829.00
712.06	2913.00
712.25	2979.00
712.44	2885.00
712.64	3008.00
712.83	2999.00
713.02	3035.00
713.21	3039.00
713.40	3007.00
713.59	2936.00
713.78	2937.00
713.97	2942.00
714.16	3027.00
714.35	2997.00
714.55	3078.00
714.74	3056.00
714.93	3069.00
715.12	3076.00
715.31	3038.00
715.50	3017.00
715.69	2972.00
715.88	3099.00
716.07	3044.00
716.26	2993.00
716.45	3079.00
716.65	3052.00
716.84	3069.00
717.03	3092.00
717.22	3018.00
717.41	3035.00
717.60	3084.00
717.79	3027.00
717.98	3046.00
718.17	3037.00
718.36	3139.00
718.55	3100.00
718.75	3128.00
718.94	3041.00
719.13	3010.00
719.32	3066.00
719.51	3018.00
719.70	3120.00
719.89	3000.00
720.08	3037.00
720.27	3135.00
720.46	3103.00
720.65	3112.00
720.84	3108.00
721.03	3170.00
721.22	3139.00
721.42	3130.00
721.61	3160.00
721.80	3188.00
721.99	3181.00
722.18	3137.00
722.37	3125.00
722.56	3072.00
722.75	3138.00
722.94	3133.00
723.13	3068.00
723.32	3082.00
723.51	3142.00
723.70	3057.00
723.89	3134.00
724.08	3098.00
724.28	3093.00
724.47	3095.00
724.66	3131.00
724.85	3205.00
725.04	3197.00
725.23	3235.00
725.42	3195.00
725.61	3098.00
725.80	3246.00
725.99	3275.00
726.18	3275.00
726.37	3195.00
726.56	3157.00
726.75	3097.00
726.94	3127.00
727.13	3216.00
727.32	3284.00
727.51	3200.00
727.71	3105.00
727.90	3163.00
728.09	3308.00
728.28	3136.00
728.47	3052.00
728.66	3123.00
728.85	3119.00
729.04	3158.00
729.23	3212.00
729.42	3154.00
729.61	3182.00
729.80	3137.00
729.99	3137.00
730.18	3120.00
730.37	3127.00
730.56	3117.00
730.75	3026.00
730.94	3078.00
731.13	3074.00
731.32	3185.00
731.51	3159.00
731.70	3133.00
731.89	3085.00
732.08	3249.00
732.27	3144.00
732.46	3089.00
732.65	3119.00
732.84	3115.00
733.04	3127.00
733.23	3130.00
733.42	3057.00
733.61	3043.00
733.80	3124.00
733.99	3151.00
734.18	3033.00
734.37	3050.00
734.56	3150.00
734.75	3090.00
734.94	3030.00
735.13	3057.00
735.32	3105.00
735.51	3043.00
735.70	3009.00
735.89	3041.00
736.08	3102.00
736.27	3064.00
736.46	2955.00
736.65	3040.00
736.84	3044.00
737.03	3045.00
737.22	3044.00
737.41	2939.00
737.60	2996.00
737.79	3050.00
737.98	3102.00
738.17	2988.00
738.36	2902.00
738.55	3030.00
738.74	2881.00
738.93	2981.00
739.12	3108.00
739.31	3067.00
739.50	2985.00
739.69	3025.00
739.88	3084.00
740.07	2892.00
740.26	2879.00
740.45	2903.00
740.64	2946.00
740.83	2966.00
741.02	2940.00
741.21	2994.00
741.40	2956.00
741.59	2933.00
741.78	2911.00
741.97	2910.00
742.16	2981.00
742.35	2820.00
742.54	2752.00
742.73	2692.00
742.92	2779.00
743.11	2839.00
743.30	2774.00
743.49	2752.00
743.68	2674.00
743.87	2781.00
744.06	2839.00
744.25	2761.00
744.44	2816.00
744.63	2795.00
744.82	2818.00
745.01	2823.00
745.20	2791.00
745.39	2824.00
745.58	2726.00
745.77	2653.00
745.96	2637.00
746.15	2726.00
746.34	2746.00
746.52	2759.00
746.71	2694.00
746.90	2667.00
747.09	2787.00
747.28	2725.00
747.47	2642.00
747.66	2669.00
747.85	2523.00
748.04	2509.00
748.23	2557.00
748.42	2573.00
748.61	2519.00
748.80	2578.00
748.99	2539.00
749.18	2481.00
749.37	2536.00
749.56	2514.00
749.75	2557.00
749.94	2480.00
750.13	2501.00
750.32	2520.00
750.51	2553.00
750.70	2534.00
750.89	2528.00
751.08	2395.00
751.27	2482.00
751.46	2505.00
751.64	2421.00
751.83	2472.00
752.02	2466.00
752.21	2471.00
752.40	2496.00
752.59	2400.00
752.78	2438.00
752.97	2525.00
753.16	2552.00
753.35	2462.00
753.54	2454.00
753.73	2465.00
753.92	2498.00
754.11	2392.00
754.30	2427.00
754.49	2411.00
754.68	2447.00
754.87	2507.00
755.06	2488.00
755.24	2478.00
755.43	2484.00
755.62	2465.00
755.81	2496.00
756.00	2506.00
756.19	2419.00
756.38	2340.00
756.57	2360.00
756.76	2446.00
756.95	2385.00
757.14	2333.00
757.33	2364.00
757.52	2348.00
757.71	2345.00
757.90	2383.00
758.08	2412.00
758.27	2374.00
758.46	2358.00
758.65	2423.00
758.84	2301.00
759.03	2308.00
759.22	2405.00
759.41	2365.00
759.60	2261.00
759.79	2295.00
759.98	2334.00
760.17	2178.00
760.36	2306.00
760.54	2184.00
760.73	2210.00
760.92	2195.00
761.11	2199.00
761.30	2235.00
761.49	2166.00
761.68	2189.00
761.87	2102.00
762.06	2099.00
762.25	2068.00
762.44	2019.00
762.63	1973.00
762.81	2041.00
763.00	1951.00
763.19	2046.00
763.38	1990.00
763.57	1962.00
763.76	1869.00
763.95	2028.00
764.14	2077.00
764.33	1901.00
764.52	1921.00
764.71	1986.00
764.89	1984.00
765.08	1905.00
765.27	1907.00
765.46	1983.00
765.65	1927.00
765.84	1908.00
766.03	1983.00
766.22	1935.00
766.41	1931.00
766.59	1919.00
766.78	1974.00
766.97	2107.00
767.16	2216.00
767.35	2151.00
767.54	2091.00
767.73	2031.00
767.92	2079.00
768.11	2098.00
768.30	2057.00
768.48	2082.00
768.67	2155.00
768.86	2213.00
769.05	2245.00
769.24	2256.00
769.43	2159.00
769.62	2187.00
769.81	2176.00
769.99	2157.00
770.18	2200.00
770.37	2222.00
770.56	2173.00
770.75	2232.00
770.94	2197.00
771.13	2132.00
771.32	2155.00
771.50	2221.00
771.69	2094.00
771.88	2115.00
772.07	2188.00
772.26	2247.00
772.45	2210.00
772.64	2187.00
772.83	2171.00
773.01	2152.00
773.20	2157.00
773.39	2123.00
773.58	2192.00
773.77	2120.00
773.96	2204.00
774.15	2202.00
774.34	2147.00
774.52	2126.00
774.71	2192.00
774.90	2184.00
775.09	2189.00
775.28	2057.00
775.47	2111.00
775.66	2178.00
775.84	2054.00
776.03	2084.00
776.22	2057.00
776.41	2099.00
776.60	2165.00
776.79	2111.00
776.98	2098.00
777.16	2102.00
777.35	2100.00
777.54	2046.00
777.73	2064.00
777.92	2119.00
778.11	2157.00
778.29	2118.00
778.48	2137.00
778.67	2102.00
778.86	2046.00
779.05	2127.00
779.24	2067.00
779.43	2089.00
779.61	2103.00
779.80	2081.00
779.99	2049.00
780.18	2179.00
780.37	2225.00
780.56	2199.00
780.74	2129.00
780.93	2096.00
781.12	2063.00
781.31	2083.00
781.50	2149.00
781.69	2140.00
781.87	2130.00
782.06	2105.00
782.25	2173.00
782.44	2038.00
782.63	2122.00
782.82	2093.00
783.00	2108.00
783.19	2172.00
783.38	2183.00
783.57	2279.00
783.76	2116.00
783.95	2152.00
784.13	2190.00
784.32	2088.00
784.51	2080.00
784.70	2118.00
784.89	2178.00
785.08	2207.00
785.26	2104.00
785.45	2106.00
785.64	2215.00
785.83	2171.00
786.02	2091.00
786.20	2200.00
786.39	2209.00
786.58	2168.00
786.77	2263.00
786.96	2164.00
787.15	2114.00
787.33	2210.00
787.52	2272.00
787.71	2297.00
787.90	2228.00
788.09	2201.00
788.27	2127.00
788.46	2140.00
788.65	2148.00
788.84	2052.00
789.03	2126.00
789.21	2179.00
789.40	2150.00
789.59	2112.00
789.78	2170.00
789.97	2203.00
790.15	2161.00
790.34	2267.00
790.53	2274.00
790.72	2233.00
790.91	2219.00
791.09	2301.00
791.28	2270.00
791.47	2307.00
791.66	2248.00
791.85	2229.00
792.03	2326.00
792.22	2279.00
792.41	2218.00
792.60	2284.00
792.79	2279.00
792.97	2357.00
793.16	2406.00
793.35	2385.00
793.54	2430.00
793.72	2374.00
793.91	2351.00
794.10	2277.00
794.29	2381.00
794.48	2375.00
794.66	2329.00
794.85	2262.00
795.04	2230.00
795.23	2391.00
795.42	2375.00
795.60	2370.00
795.79	2295.00
795.98	2211.00
796.17	2313.00
796.35	2357.00
796.54	2311.00
796.73	2298.00
796.92	2360.00
797.11	2303.00
797.29	2350.00
797.48	2342.00
797.67	2317.00
797.86	2340.00
798.04	2350.00
798.23	2329.00
798.42	2371.00
798.61	2374.00
798.79	2416.00
798.98	2409.00
799.17	2307.00
799.36	2214.00
799.54	2291.00
799.73	2320.00
799.92	2250.00
800.11	2338.00
800.30	2221.00
800.48	2344.00
800.67	2344.00
800.86	2273.00
801.05	2353.00
801.23	2292.00
801.42	2332.00
801.61	2370.00
801.80	2364.00
801.98	2310.00
802.17	2356.00
802.36	2414.00
802.55	2315.00
802.73	2312.00
802.92	2341.00
803.11	2424.00
803.30	2387.00
803.48	2338.00
803.67	2396.00
803.86	2343.00
804.05	2316.00
804.23	2327.00
804.42	2405.00
804.61	2402.00
804.80	2450.00
804.98	2316.00
805.17	2399.00
805.36	2456.00
805.54	2477.00
805.73	2319.00
805.92	2432.00
806.11	2382.00
806.29	2410.00
806.48	2346.00
806.67	2331.00
806.86	2436.00
807.04	2501.00
807.23	2481.00
807.42	2377.00
807.61	2355.00
807.79	2412.00
807.98	2418.00
808.17	2366.00
808.35	2373.00
808.54	2336.00
808.73	2366.00
808.92	2431.00
809.10	2461.00
809.29	2465.00
809.48	2410.00
809.67	2421.00
809.85	2378.00
810.04	2360.00
810.23	2377.00
810.41	2277.00
810.60	2318.00
810.79	2327.00
810.98	2418.00
811.16	2399.00
811.35	2330.00
811.54	2347.00
811.72	2392.00
811.91	2409.00
812.10	2405.00
812.29	2335.00
812.47	2381.00
812.66	2370.00
812.85	2360.00
813.03	2282.00
813.22	2315.00
813.41	2261.00
813.60	2275.00
813.78	2316.00
813.97	2353.00
814.16	2278.00
814.34	2322.00
814.53	2225.00
814.72	2302.00
814.90	2294.00
815.09	2273.00
815.28	2191.00
815.47	2305.00
815.65	2339.00
815.84	2405.00
816.03	2383.00
816.21	2342.00
816.40	2261.00
816.59	2338.00
816.77	2307.00
816.96	2267.00
817.15	2311.00
817.33	2397.00
817.52	2365.00
817.71	2317.00
817.90	2419.00
818.08	2396.00
818.27	2337.00
818.46	2238.00
818.64	2398.00
818.83	2292.00
819.02	2360.00
819.20	2284.00
819.39	2277.00
819.58	2307.00
819.76	2334.00
819.95	2430.00
820.14	2348.00
820.32	2409.00
820.51	2328.00
820.70	2479.00
820.88	2437.00
821.07	2480.00
821.26	2431.00
821.44	2332.00
821.63	2322.00
821.82	2304.00
822.01	2402.00
822.19	2441.00
822.38	2376.00
822.57	2287.00
822.75	2338.00
822.94	2361.00
823.13	2366.00
823.31	2334.00
823.50	2377.00
823.69	2385.00
823.87	2346.00
824.06	2315.00
824.25	2369.00
824.43	2267.00
824.62	2266.00
824.80	2301.00
824.99	2258.00
825.18	2304.00
825.36	2346.00
825.55	2347.00
825.74	2222.00
825.92	2269.00
826.11	2246.00
826.30	2247.00
826.48	2280.00
826.67	2353.00
826.86	2257.00
827.04	2193.00
827.23	2261.00
827.42	2332.00
827.60	2262.00
827.79	2215.00
827.98	2264.00
828.16	2234.00
828.35	2236.00
828.54	2273.00
828.72	2333.00
828.91	2248.00
829.09	2175.00
829.28	2250.00
829.47	2245.00
829.65	2271.00
829.84	2194.00
830.03	2181.00
830.21	2155.00
830.40	2243.00
830.59	2179.00
830.77	2153.00
830.96	2248.00
831.14	2159.00
831.33	2256.00
831.52	2125.00
831.70	2177.00
831.89	2146.00
832.08	2124.00
832.26	2076.00
832.45	2099.00
832.64	2167.00
832.82	2147.00
833.01	2196.00
833.19	2176.00
833.38	2085.00
833.57	2169.00
833.75	2192.00
833.94	2156.00
834.13	2166.00
834.31	2188.00
834.50	2185.00
834.68	2186.00
834.87	2132.00
835.06	2137.00
835.24	2170.00
835.43	2165.00
835.61	2171.00
835.80	2082.00
835.99	2118.00
836.17	2115.00
836.36	2131.00
836.55	2045.00
836.73	2105.00
836.92	2177.00
837.10	2147.00
837.29	2209.00
837.48	2168.00
837.66	2213.00
837.85	2184.00
838.03	2095.00
838.22	2117.00
838.41	2072.00
838.59	2147.00
838.78	2088.00
838.96	2052.00
839.15	2042.00
839.34	2008.00
839.52	2091.00
839.71	2062.00
839.89	2108.00
840.08	2043.00
840.27	2052.00
840.45	2069.00
840.64	2083.00
840.82	2044.00
841.01	2090.00
841.20	2050.00
841.38	2028.00
841.57	1991.00
841.75	2044.00
841.94	1975.00
842.13	1917.00
842.31	2030.00
842.50	2080.00
842.68	2054.00
842.87	2019.00
843.05	2044.00
843.24	2063.00
843.43	1928.00
843.61	1993.00
843.80	2008.00
843.98	1956.00
844.17	1986.00
844.36	1970.00
844.54	1959.00
844.73	1874.00
844.91	1968.00
845.10	2007.00
845.28	1957.00
845.47	1912.00
845.66	1941.00
845.84	1918.00
846.03	1979.00
846.21	1988.00
846.40	1914.00
846.58	1885.00
846.77	1877.00
846.96	1915.00
847.14	1836.00
847.33	1771.00
847.51	1783.00
847.70	1827.00
847.88	1873.00
848.07	1884.00
848.25	1873.00
848.44	1822.00
848.63	1795.00
848.81	1812.00
849.00	1826.00
849.18	1830.00
849.37	1865.00
849.55	1800.00
849.74	1828.00
849.93	1845.00
850.11	1833.00
850.30	1807.00
850.48	1880.00
850.67	1860.00
850.85	1811.00
851.04	1941.00
851.22	1833.00
851.41	1832.00
851.59	1782.00
851.78	1807.00
851.97	1858.00
852.15	1851.00
852.34	1814.00
852.52	1757.00
852.71	1751.00
852.89	1769.00
853.08	1828.00
853.26	1883.00
853.45	1785.00
853.63	1734.00
853.82	1862.00
854.01	1916.00
854.19	1829.00
854.38	1777.00
854.56	1715.00
854.75	1719.00
854.93	1840.00
855.12	1807.00
855.30	1711.00
855.49	1717.00
855.67	1781.00
855.86	1768.00
856.04	1690.00
856.23	1731.00
856.41	1745.00
856.60	1751.00
856.79	1736.00
856.97	1879.00
857.16	1781.00
857.34	1850.00
857.53	1774.00
857.71	1754.00
857.90	1709.00
858.08	1749.00
858.27	1705.00
858.45	1755.00
858.64	1671.00
858.82	1672.00
859.01	1649.00
859.19	1630.00
859.38	1672.00
859.56	1709.00
859.75	1722.00
859.93	1713.00
860.12	1669.00
860.30	1652.00
860.49	1663.00
860.67	1639.00
860.86	1579.00
861.04	1622.00
861.23	1614.00
861.41	1638.00
861.60	1707.00
861.78	1613.00
861.97	1669.00
862.15	1629.00
862.34	1617.00
862.53	1668.00
862.71	1600.00
862.90	1615.00
863.08	1574.00
863.27	1567.00
863.45	1660.00
863.64	1644.00
863.82	1652.00
864.01	1601.00
864.19	1562.00
864.37	1466.00
864.56	1558.00
864.74	1510.00
864.93	1501.00
865.11	1569.00
865.30	1569.00
865.48	1579.00
865.67	1561.00
865.85	1531.00
866.04	1509.00
866.22	1464.00
866.41	1458.00
866.59	1483.00
866.78	1483.00
866.96	1486.00
867.15	1458.00
867.33	1513.00
867.52	1533.00
867.70	1478.00
867.89	1497.00
868.07	1539.00
868.26	1554.00
868.44	1478.00
868.63	1459.00
868.81	1460.00
869.00	1377.00
869.18	1451.00
869.37	1463.00
869.55	1422.00
869.74	1436.00
869.92	1526.00
870.10	1488.00
870.29	1539.00
870.47	1535.00
870.66	1466.00
870.84	1453.00
871.03	1416.00
871.21	1439.00
871.40	1576.00
871.58	1483.00
871.77	1468.00
871.95	1376.00
872.14	1462.00
872.32	1504.00
872.51	1495.00
872.69	1470.00
872.87	1470.00
873.06	1387.00
873.24	1400.00
873.43	1353.00
873.61	1399.00
873.80	1447.00
873.98	1401.00
874.17	1346.00
874.35	1355.00
874.54	1325.00
874.72	1346.00
874.90	1390.00
875.09	1421.00
875.27	1417.00
875.46	1403.00
875.64	1393.00
875.83	1373.00
876.01	1420.00
876.20	1381.00
876.38	1440.00
876.56	1367.00
876.75	1328.00
876.93	1370.00
877.12	1384.00
877.30	1370.00
877.49	1343.00
877.67	1376.00
877.86	1395.00
878.04	1298.00
878.22	1331.00
878.41	1374.00
878.59	1302.00
878.78	1348.00
878.96	1409.00
879.15	1430.00
879.33	1361.00
879.51	1349.00
879.70	1370.00
879.88	1370.00
880.07	1401.00
880.25	1402.00
880.44	1381.00
880.62	1329.00
880.80	1391.00
880.99	1350.00
881.17	1351.00
881.36	1282.00
881.54	1331.00
881.73	1412.00
881.91	1331.00
882.09	1379.00
882.28	1255.00
882.46	1307.00
882.65	1344.00
882.83	1339.00
883.02	1337.00
883.20	1276.00
883.38	1265.00
883.57	1302.00
883.75	1288.00
883.94	1293.00
884.12	1330.00
884.30	1296.00
884.49	1293.00
884.67	1322.00
884.86	1315.00
885.04	1381.00
885.22	1292.00
885.41	1333.00
885.59	1331.00
885.78	1271.00
885.96	1261.00
886.14	1200.00
886.33	1335.00
886.51	1336.00
886.70	1279.00
886.88	1272.00
887.06	1276.00
887.25	1336.00
887.43	1260.00
887.62	1289.00
887.80	1332.00
887.98	1238.00
888.17	1220.00
888.35	1268.00
888.54	1308.00
888.72	1280.00
888.90	1259.00
889.09	1288.00
889.27	1290.00
889.46	1168.00
889.64	1298.00
889.82	1265.00
890.01	1226.00
890.19	1259.00
890.38	1318.00
890.56	1253.00
890.74	1263.00
890.93	1219.00
891.11	1332.00
891.29	1267.00
891.48	1256.00
891.66	1307.00
891.85	1208.00
892.03	1310.00
892.21	1301.00
892.40	1344.00
892.58	1210.00
892.76	1220.00
892.95	1271.00
893.13	1344.00
893.32	1390.00
893.50	1369.00
893.68	1354.00
893.87	1311.00
894.05	1246.00
894.23	1277.00
894.42	1321.00
894.60	1361.00
894.79	1302.00
894.97	1279.00
895.15	1283.00
895.34	1240.00
895.52	1241.00
895.70	1249.00
895.89	1291.00
896.07	1230.00
896.25	1228.00
896.44	1312.00
896.62	1392.00
896.81	1337.00
896.99	1251.00
897.17	1262.00
897.36	1278.00
897.54	1280.00
897.72	1350.00
897.91	1257.00
898.09	1227.00
898.27	1299.00
898.46	1332.00
898.64	1311.00
898.82	1377.00
899.01	1342.00
899.19	1382.00
899.37	1330.00
899.56	1394.00
899.74	1320.00
899.92	1319.00
900.11	1293.00
900.29	1343.00
900.47	1351.00
900.66	1406.00
900.84	1375.00
901.03	1363.00
901.21	1286.00
901.39	1343.00
901.58	1365.00
901.76	1380.00
901.94	1343.00
902.13	1345.00
902.31	1389.00
902.49	1367.00
902.68	1436.00
902.86	1404.00
903.04	1382.00
903.23	1349.00
903.41	1389.00
903.59	1416.00
903.78	1398.00
903.96	1387.00
904.14	1395.00
904.32	1369.00
904.51	1372.00
904.69	1419.00
904.87	1324.00
905.06	1312.00
905.24	1352.00
905.42	1482.00
905.61	1384.00
905.79	1414.00
905.97	1438.00
906.16	1386.00
906.34	1419.00
906.52	1386.00
906.71	1369.00
906.89	1379.00
907.07	1399.00
907.26	1361.00
907.44	1379.00
907.62	1386.00
907.81	1425.00
907.99	1398.00
908.17	1391.00
908.35	1377.00
908.54	1347.00
908.72	1400.00
908.90	1461.00
909.09	1356.00
909.27	1375.00
909.45	1410.00
909.64	1416.00
909.82	1398.00
910.00	1424.00
910.18	1486.00
910.37	1391.00
910.55	1364.00
910.73	1373.00
910.92	1416.00
911.10	1327.00
911.28	1382.00
911.47	1436.00
911.65	1451.00
911.83	1342.00
912.01	1401.00
912.20	1419.00
912.38	1394.00
912.56	1393.00
912.75	1419.00
912.93	1430.00
913.11	1391.00
913.29	1431.00
913.48	1369.00
913.66	1400.00
913.84	1395.00
914.03	1398.00
914.21	1378.00
914.39	1451.00
914.57	1384.00
914.76	1267.00
914.94	1343.00
915.12	1351.00
915.31	1357.00
915.49	1452.00
915.67	1428.00
915.85	1400.00
916.04	1393.00
916.22	1376.00
916.40	1312.00
916.58	1234.00
916.77	1314.00
916.95	1348.00
917.13	1302.00
917.32	1376.00
917.50	1325.00
917.68	1321.00
917.86	1330.00
918.05	1261.00
918.23	1374.00
918.41	1392.00
918.59	1346.00
918.78	1415.00
918.96	1406.00
919.14	1307.00
919.32	1272.00
919.51	1323.00
919.69	1255.00
919.87	1349.00
920.05	1277.00
920.24	1220.00
920.42	1324.00
920.60	1277.00
920.78	1266.00
920.97	1248.00
921.15	1252.00
921.33	1294.00
921.52	1269.00
921.70	1211.00
921.88	1270.00
922.06	1356.00
922.24	1311.00
922.43	1278.00
922.61	1249.00
922.79	1313.00
922.97	1262.00
923.16	1223.00
923.34	1305.00
923.52	1335.00
923.70	1256.00
923.89	1211.00
924.07	1304.00
924.25	1231.00
924.43	1293.00
924.62	1254.00
924.80	1182.00
924.98	1240.00
925.16	1151.00
925.35	1172.00
925.53	1205.00
925.71	1265.00
925.89	1252.00
926.08	1257.00
926.26	1308.00
926.44	1168.00
926.62	1125.00
926.80	1186.00
926.99	1152.00
927.17	1190.00
927.35	1222.00
927.53	1207.00
927.72	1219.00
927.90	1178.00
928.08	1185.00
928.26	1247.00
928.44	1168.00
928.63	1138.00
928.81	1123.00
928.99	1213.00
929.17	1191.00
929.36	1150.00
929.54	1177.00
929.72	1228.00
929.90	1172.00
930.08	1188.00
930.27	1141.00
930.45	1100.00
930.63	1134.00
930.81	1142.00
930.99	1184.00
931.18	1131.00
931.36	1120.00
931.54	1115.00
931.72	1117.00
931.90	1092.00
932.09	1110.00
932.27	1098.00
932.45	1042.00
932.63	1207.00
932.81	1090.00
933.00	1067.00
933.18	1101.00
933.36	1043.00
933.54	1084.00
933.72	1069.00
933.91	1114.00
934.09	1057.00
934.27	1047.00
934.45	1048.00
934.63	978.00
934.82	999.00
935.00	1036.00
935.18	967.00
935.36	982.00
935.54	995.00
935.73	974.00
935.91	860.00
936.09	917.00
936.27	981.00
936.45	898.00
936.64	869.00
936.82	936.00
937.00	863.00
937.18	914.00
937.36	871.00
937.54	883.00
937.73	886.00
937.91	907.00
938.09	845.00
938.27	854.00
938.45	826.00
938.63	773.00
938.82	698.00
939.00	736.00
939.18	715.00
939.36	723.00
939.54	731.00
939.73	749.00
939.91	666.00
940.09	634.00
940.27	771.00
940.45	750.00
940.63	700.00
940.82	741.00
941.00	693.00
941.18	687.00
941.36	731.00
941.54	666.00
941.72	652.00
941.91	616.00
942.09	652.00
942.27	588.00
942.45	639.00
942.63	662.00
942.81	576.00
942.99	606.00
943.18	610.00
943.36	567.00
943.54	631.00
943.72	708.00
943.90	595.00
944.08	597.00
944.27	578.00
944.45	576.00
944.63	558.00
944.81	658.00
944.99	583.00
945.17	547.00
945.35	564.00
945.54	581.00
945.72	545.00
945.90	575.00
946.08	654.00
946.26	628.00
946.44	583.00
946.62	582.00
946.81	492.00
946.99	615.00
947.17	620.00
947.35	593.00
947.53	651.00
947.71	662.00
947.89	584.00
948.07	634.00
948.26	578.00
948.44	549.00
948.62	567.00
948.80	644.00
948.98	653.00
949.16	597.00
949.34	594.00
949.53	564.00
949.71	592.00
949.89	657.00
950.07	687.00
950.25	645.00
950.43	678.00
950.61	588.00
950.79	556.00
950.98	614.00
951.16	642.00
951.34	689.00
951.52	650.00
951.70	594.00
951.88	645.00
952.06	681.00
952.24	660.00
952.42	605.00
952.61	537.00
952.79	598.00
952.97	618.00
953.15	626.00
953.33	622.00
953.51	559.00
953.69	531.00
953.87	593.00
954.05	593.00
954.24	471.00
954.42	541.00
954.60	631.00
954.78	581.00
954.96	556.00
955.14	590.00
955.32	545.00
955.50	520.00
955.68	560.00
955.86	568.00
956.05	573.00
956.23	562.00
956.41	608.00
956.59	638.00
956.77	646.00
956.95	641.00
957.13	583.00
957.31	548.00
957.49	603.00
957.67	593.00
957.86	569.00
958.04	530.00
958.22	494.00
958.40	476.00
958.58	580.00
958.76	588.00
958.94	509.00
959.12	535.00
959.30	576.00
959.48	492.00
959.66	618.00
959.84	693.00
960.03	597.00
960.21	542.00
960.39	556.00
960.57	545.00
960.75	496.00
960.93	565.00
961.11	583.00
961.29	510.00
961.47	594.00
961.65	656.00
961.83	621.00
962.01	561.00
962.19	549.00
962.37	553.00
962.56	614.00
962.74	510.00
962.92	505.00
963.10	509.00
963.28	544.00
963.46	441.00
963.64	433.00
963.82	477.00
964.00	517.00
964.18	536.00
964.36	549.00
964.54	606.00
964.72	594.00
964.90	517.00
965.08	510.00
965.27	510.00
965.45	555.00
965.63	513.00
965.81	601.00
965.99	535.00
966.17	503.00
966.35	580.00
966.53	569.00
966.71	471.00
966.89	514.00
967.07	505.00
967.25	502.00
967.43	456.00
967.61	502.00
967.79	495.00
967.97	528.00
968.15	499.00
968.33	484.00
968.51	521.00
968.69	526.00
968.87	422.00
969.06	548.00
969.24	520.00
969.42	526.00
969.60	503.00
969.78	431.00
969.96	504.00
970.14	560.00
970.32	581.00
970.50	472.00
970.68	478.00
970.86	466.00
971.04	488.00
971.22	471.00
971.40	534.00
971.58	593.00
971.76	535.00
971.94	524.00
972.12	427.00
972.30	463.00
972.48	437.00
972.66	503.00
972.84	534.00
973.02	539.00
973.20	522.00
973.38	552.00
973.56	537.00
973.74	563.00
973.92	502.00
974.10	497.00
974.28	534.00
974.46	456.00
974.64	486.00
974.82	477.00
975.00	456.00
975.18	475.00
975.36	436.00
975.54	465.00
975.72	464.00
975.90	466.00
976.08	500.00
976.26	438.00
976.44	457.00
976.62	452.00
976.80	427.00
976.98	508.00
977.16	511.00
977.34	490.00
977.52	428.00
977.70	439.00
977.88	418.00
978.06	432.00
978.24	433.00
978.42	458.00
978.60	467.00
978.78	427.00
978.96	416.00
979.14	417.00
979.32	393.00
979.50	371.00
979.68	459.00
979.86	358.00
980.04	367.00
980.22	446.00
980.40	469.00
980.58	408.00
980.76	427.00
980.94	403.00
981.12	455.00
981.30	453.00
981.48	400.00
981.66	458.00
981.84	464.00
982.02	420.00
982.20	324.00
982.38	436.00
982.56	439.00
982.74	440.00
982.92	358.00
983.10	472.00
983.28	410.00
983.46	439.00
983.64	446.00
983.82	429.00
984.00	380.00
984.18	443.00
984.36	473.00
984.54	489.00
984.72	435.00
984.90	422.00
985.08	425.00
985.26	496.00
985.44	411.00
985.62	411.00
985.80	455.00
985.98	412.00
986.16	398.00
986.34	424.00
986.51	465.00
986.69	428.00
986.87	486.00
987.05	421.00
987.23	374.00
987.41	399.00
987.59	398.00
987.77	363.00
987.95	383.00
988.13	357.00
988.31	406.00
988.49	429.00
988.67	436.00
988.85	375.00
989.03	358.00
989.21	297.00
989.39	325.00
989.57	454.00
989.75	405.00
989.93	413.00
990.11	385.00
990.28	373.00
990.46	399.00
990.64	438.00
990.82	342.00
991.00	340.00
991.18	354.00
991.36	355.00
991.54	309.00
991.72	363.00
991.90	446.00
992.08	409.00
992.26	343.00
992.44	368.00
992.62	409.00
992.80	399.00
992.98	377.00
993.15	417.00
993.33	452.00
993.51	368.00
993.69	338.00
993.87	398.00
994.05	427.00
994.23	364.00
994.41	366.00
994.59	379.00
994.77	427.00
994.95	391.00
995.13	384.00
995.31	349.00
995.48	365.00
995.66	355.00
995.84	371.00
996.02	338.00
996.20	340.00
996.38	326.00
996.56	270.00
996.74	330.00
996.92	303.00
997.10	290.00
997.28	385.00
997.46	315.00
997.63	281.00
997.81	270.00
997.99	301.00
998.17	358.00
998.35	400.00
998.53	404.00
998.71	355.00
998.89	325.00
999.07	297.00
999.25	282.00
999.43	322.00
999.60	353.00
999.78	328.00
999.96	373.00
1000.14	299.00
1000.32	325.00
1000.50	348.00
1000.68	310.00
1000.86	321.00
1001.04	312.00
1001.21	349.00
1001.39	404.00
1001.57	385.00
1001.75	295.00
1001.93	274.00
1002.11	321.00
1002.29	310.00
1002.47	385.00
1002.65	355.00
1002.82	383.00
1003.00	349.00
1003.18	357.00
1003.36	387.00
1003.54	306.00
1003.72	374.00
1003.90	399.00
1004.08	352.00
1004.26	351.00
1004.43	313.00
1004.61	315.00
1004.79	368.00
1004.97	308.00
1005.15	257.00
1005.33	245.00
1005.51	285.00
1005.69	268.00
1005.86	290.00
1006.04	300.00
1006.22	279.00
1006.40	279.00
1006.58	310.00
1006.76	283.00
1006.94	432.00
1007.12	368.00
1007.29	278.00
1007.47	265.00
1007.65	269.00
1007.83	282.00
1008.01	286.00
1008.19	287.00
1008.37	406.00
1008.54	361.00
1008.72	327.00
1008.90	293.00
1009.08	238.00
1009.26	277.00
1009.44	181.00
1009.62	263.00
1009.79	279.00
1009.97	321.00
1010.15	305.00
1010.33	317.00
1010.51	302.00
1010.69	270.00
1010.87	263.00
1011.04	286.00
1011.22	279.00
1011.40	309.00
1011.58	279.00
1011.76	308.00
1011.94	335.00
1012.11	274.00
1012.29	276.00
1012.47	291.00
1012.65	326.00
1012.83	311.00
1013.01	327.00
1013.18	320.00
1013.36	264.00
1013.54	269.00
1013.72	298.00
1013.90	284.00
1014.08	284.00
1014.25	298.00
1014.43	255.00
1014.61	293.00
1014.79	258.00
1014.97	220.00
1015.15	319.00
1015.32	324.00
1015.50	303.00
1015.68	311.00
1015.86	246.00
1016.04	325.00
1016.22	272.00
1016.39	286.00
1016.57	280.00
1016.75	221.00
1016.93	300.00
1017.11	266.00
1017.29	223.00
1017.46	254.00
1017.64	230.00
1017.82	268.00
1018.00	291.00
1018.18	276.00
1018.35	323.00
1018.53	307.00
1018.71	240.00
1018.89	213.00
1019.07	224.00
1019.24	226.00
1019.42	213.00
1019.60	282.00
1019.78	374.00
1019.96	304.00
1020.14	233.00
1020.31	244.00
1020.49	259.00
1020.67	259.00
1020.85	186.00
1021.03	246.00
1021.20	268.00
1021.38	274.00
1021.56	232.00
1021.74	267.00
1021.92	257.00
1022.09	274.00
1022.27	315.00
1022.45	324.00
1022.63	212.00
1022.81	220.00
1022.98	229.00
1023.16	270.00
1023.34	224.00
1023.52	202.00
1023.69	200.00
1023.87	215.00
1024.05	213.00
1024.23	254.00
1024.41	221.00
1024.58	256.00
1024.76	266.00
1024.94	311.00
1025.12	265.00
1025.30	228.00
1025.47	218.00
1025.65	233.00
1025.83	295.00
1026.01	246.00
1026.18	176.00
1026.36	217.00
1026.54	270.00
1026.72	197.00
1026.90	197.00
1027.07	218.00
1027.25	224.00
1027.43	275.00
1027.61	234.00
1027.78	211.00
1027.96	223.00
1028.14	234.00
1028.32	208.00
1028.49	271.00
1028.67	248.00
1028.85	218.00
1029.03	239.00
1029.21	270.00
1029.38	277.00
1029.56	256.00
1029.74	241.00
1029.92	196.00
1030.09	161.00
1030.27	190.00
1030.45	152.00
1030.63	201.00
1030.80	174.00
1030.98	264.00
1031.16	231.00
1031.34	242.00
1031.51	256.00
1031.69	257.00
1031.87	196.00
1032.05	248.00
1032.22	269.00
1032.40	202.00
1032.58	154.00
1032.76	282.00
1032.93	242.00
1033.11	178.00
1033.29	223.00
1033.47	207.00
1033.64	197.00
1033.82	185.00
1034.00	233.00
1034.18	215.00
1034.35	228.00
1034.53	216.00
1034.71	272.00
1034.89	156.00
1035.06	220.00
1035.24	240.00
1035.42	232.00
1035.59	184.00
1035.77	162.00
1035.95	200.00
1036.13	148.00
1036.30	178.00
1036.48	182.00
1036.66	205.00
1036.84	284.00
1037.01	180.00
1037.19	175.00
1037.37	231.00
1037.54	289.00
1037.72	246.00
1037.90	252.00
1038.08	212.00
1038.25	151.00
1038.43	253.00
1038.61	233.00
1038.79	200.00
1038.96	248.00
1039.14	248.00
1039.32	212.00
1039.49	164.00
1039.67	218.00
1039.85	212.00
1040.03	164.00
1040.20	168.00
1040.38	242.00
1040.56	169.00
1040.73	202.00
1040.91	214.00
1041.09	186.00
1041.27	243.00
1041.44	247.00
1041.62	193.00
1041.80	173.00
1041.97	207.00
1042.15	193.00
1042.33	211.00
1042.50	163.00
1042.68	159.00
1042.86	151.00
1043.04	133.00
1043.21	44.00
1043.39	152.00
1043.57	194.00
1043.74	204.00
1043.92	224.00
1044.10	142.00
1044.27	142.00
1044.45	187.00
1044.63	262.00
1044.80	200.00
1044.98	179.00
1045.16	303.00
1045.34	209.00
1045.51	275.00
1045.69	252.00
1045.87	232.00
1046.04	232.00
1046.22	142.00
1046.40	118.00
1046.57	194.00
1046.75	216.00
1046.93	152.00
1047.10	229.00
1047.28	169.00
1047.46	213.00
1047.63	220.00
1047.81	176.00
1047.99	104.00
1048.16	170.00
1048.34	149.00
1048.52	212.00
1048.69	198.00
1048.87	230.00
1049.05	201.00
1049.22	177.00
1049.40	156.00
1049.58	153.00
1049.75	181.00
1049.93	135.00
1050.11	110.00
1050.28	190.00
1050.46	190.00
1050.64	270.00
1050.81	258.00
1050.99	203.00
1051.17	177.00
1051.34	119.00
1051.52	179.00
1051.70	177.00
1051.87	191.00
1052.05	194.00
1052.23	217.00
1052.40	196.00
1052.58	148.00
1052.76	233.00
1052.93	201.00
1053.11	169.00
1053.29	234.00
1053.46	122.00
1053.64	136.00
1053.82	155.00
1053.99	157.00
1054.17	145.00
1054.35	157.00
1054.52	176.00
1054.70	208.00
1054.87	153.00
1055.05	127.00
1055.23	149.00
1055.40	146.00
1055.58	156.00
1055.76	212.00
1055.93	177.00
1056.11	166.00
1056.29	157.00
1056.46	186.00
1056.64	170.00
1056.81	151.00
1056.99	161.00
1057.17	145.00
1057.34	189.00
1057.52	209.00
1057.70	231.00
1057.87	253.00
1058.05	129.00
1058.22	126.00
1058.40	151.00
1058.58	175.00
1058.75	186.00
1058.93	193.00
1059.11	239.00
1059.28	221.00
1059.46	167.00
1059.63	221.00
1059.81	165.00
1059.99	114.00
1060.16	137.00
1060.34	119.00
1060.52	124.00
1060.69	168.00
1060.87	167.00
1061.04	217.00
1061.22	134.00
