367.62	73.00
367.82	91.00
368.02	171.00
368.23	152.00
368.43	73.00
368.63	90.00
368.83	57.00
369.04	-28.00
369.24	122.00
369.44	93.00
369.65	113.00
369.85	134.00
370.05	138.00
370.25	113.00
370.46	95.00
370.66	77.00
370.86	71.00
371.07	43.00
371.27	37.00
371.47	105.00
371.67	50.00
371.88	127.00
372.08	33.00
372.28	51.00
372.49	10.00
372.69	79.00
372.89	48.00
373.09	107.00
373.30	99.00
373.50	57.00
373.70	64.00
373.91	90.00
374.11	177.00
374.31	148.00
374.51	109.00
374.72	64.00
374.92	17.00
375.12	73.00
375.33	84.00
375.53	144.00
375.73	162.00
375.93	18.00
376.14	57.00
376.34	58.00
376.54	66.00
376.74	69.00
376.95	101.00
377.15	98.00
377.35	101.00
377.55	85.00
377.76	56.00
377.96	91.00
378.16	87.00
378.37	95.00
378.57	160.00
378.77	56.00
378.97	45.00
379.18	-7.00
379.38	31.00
379.58	118.00
379.78	84.00
379.99	53.00
380.19	29.00
380.39	98.00
380.59	25.00
380.80	12.00
381.00	8.00
381.20	40.00
381.40	27.00
381.61	64.00
381.81	94.00
382.01	122.00
382.21	94.00
382.42	128.00
382.62	134.00
382.82	103.00
383.02	63.00
383.23	101.00
383.43	84.00
383.63	53.00
383.83	17.00
384.04	17.00
384.24	7.00
384.44	52.00
384.64	85.00
384.85	86.00
385.05	108.00
385.25	95.00
385.45	114.00
385.66	97.00
385.86	45.00
386.06	52.00
386.26	62.00
386.47	35.00
386.67	62.00
386.87	106.00
387.07	112.00
387.27	37.00
387.48	85.00
387.68	59.00
387.88	61.00
388.08	4.00
388.29	42.00
388.49	135.00
388.69	112.00
388.89	139.00
389.10	98.00
389.30	141.00
389.50	88.00
389.70	102.00
389.90	96.00
390.11	53.00
390.31	40.00
390.51	70.00
390.71	89.00
390.92	134.00
391.12	82.00
391.32	100.00
391.52	69.00
391.72	25.00
391.93	91.00
392.13	49.00
392.33	62.00
392.53	23.00
392.74	23.00
392.94	26.00
393.14	80.00
393.34	79.00
393.54	79.00
393.75	91.00
393.95	113.00
394.15	100.00
394.35	57.00
394.56	51.00
394.76	18.00
394.96	70.00
395.16	114.00
395.36	150.00
395.57	32.00
395.77	63.00
395.97	83.00
396.17	113.00
396.37	37.00
396.58	90.00
396.78	129.00
396.98	90.00
397.18	66.00
397.38	100.00
397.59	91.00
397.79	104.00
397.99	81.00
398.19	99.00
398.39	142.00
398.60	53.00
398.80	20.00
399.00	128.00
399.20	74.00
399.40	99.00
399.61	103.00
399.81	52.00
400.01	34.00
400.21	59.00
400.41	71.00
400.62	131.00
400.82	114.00
401.02	43.00
401.22	60.00
401.42	65.00
401.63	148.00
401.83	155.00
402.03	75.00
402.23	14.00
402.43	75.00
402.64	-6.00
402.84	-2.00
403.04	50.00
403.24	97.00
403.44	138.00
403.64	127.00
403.85	53.00
404.05	69.00
404.25	114.00
404.45	163.00
404.65	102.00
404.86	99.00
405.06	127.00
405.26	161.00
405.46	100.00
405.66	55.00
405.86	35.00
406.07	21.00
406.27	63.00
406.47	78.00
406.67	78.00
406.87	44.00
407.07	71.00
407.28	44.00
407.48	31.00
407.68	89.00
407.88	80.00
408.08	19.00
408.28	130.00
408.49	85.00
408.69	81.00
408.89	110.00
409.09	81.00
409.29	69.00
409.49	158.00
409.70	101.00
409.90	123.00
410.10	142.00
410.30	98.00
410.50	77.00
410.70	64.00
410.91	101.00
411.11	65.00
411.31	83.00
411.51	121.00
411.71	126.00
411.91	115.00
412.12	92.00
412.32	128.00
412.52	52.00
412.72	57.00
412.92	95.00
413.12	36.00
413.32	124.00
413.53	108.00
413.73	170.00
413.93	84.00
414.13	36.00
414.33	82.00
414.53	84.00
414.74	83.00
414.94	16.00
415.14	58.00
415.34	127.00
415.54	74.00
415.74	79.00
415.94	102.00
416.15	125.00
416.35	70.00
416.55	87.00
416.75	122.00
416.95	87.00
417.15	31.00
417.35	13.00
417.56	40.00
417.76	67.00
417.96	159.00
418.16	66.00
418.36	60.00
418.56	68.00
418.76	116.00
418.97	132.00
419.17	115.00
419.37	102.00
419.57	74.00
419.77	146.00
419.97	78.00
420.17	39.00
420.37	27.00
420.58	61.00
420.78	131.00
420.98	107.00
421.18	131.00
421.38	131.00
421.58	36.00
421.78	35.00
421.98	97.00
422.19	116.00
422.39	128.00
422.59	134.00
422.79	79.00
422.99	107.00
423.19	146.00
423.39	100.00
423.59	151.00
423.80	146.00
424.00	138.00
424.20	47.00
424.40	36.00
424.60	51.00
424.80	175.00
425.00	183.00
425.20	72.00
425.40	108.00
425.61	120.00
425.81	50.00
426.01	59.00
426.21	86.00
426.41	114.00
426.61	128.00
426.81	133.00
427.01	141.00
427.21	135.00
427.42	77.00
427.62	76.00
427.82	93.00
428.02	-2.00
428.22	20.00
428.42	58.00
428.62	102.00
428.82	146.00
429.02	89.00
429.23	88.00
429.43	97.00
429.63	115.00
429.83	51.00
430.03	53.00
430.23	106.00
430.43	111.00
430.63	58.00
430.83	24.00
431.03	71.00
431.24	101.00
431.44	79.00
431.64	95.00
431.84	130.00
432.04	141.00
432.24	88.00
432.44	73.00
432.64	80.00
432.84	77.00
433.04	104.00
433.24	82.00
433.45	97.00
433.65	54.00
433.85	97.00
434.05	90.00
434.25	67.00
434.45	32.00
434.65	55.00
434.85	70.00
435.05	79.00
435.25	86.00
435.45	68.00
435.65	59.00
435.86	105.00
436.06	34.00
436.26	-35.00
436.46	6.00
436.66	117.00
436.86	129.00
437.06	51.00
437.26	75.00
437.46	113.00
437.66	66.00
437.86	34.00
438.06	110.00
438.26	87.00
438.47	31.00
438.67	59.00
438.87	81.00
439.07	105.00
439.27	71.00
439.47	175.00
439.67	53.00
439.87	10.00
440.07	50.00
440.27	83.00
440.47	90.00
440.67	128.00
440.87	91.00
441.07	137.00
441.27	106.00
441.48	137.00
441.68	130.00
441.88	130.00
442.08	83.00
442.28	79.00
442.48	65.00
442.68	139.00
442.88	171.00
443.08	163.00
443.28	178.00
443.48	110.00
443.68	84.00
443.88	100.00
444.08	112.00
444.28	51.00
444.48	127.00
444.68	156.00
444.88	88.00
445.09	98.00
445.29	140.00
445.49	157.00
445.69	126.00
445.89	146.00
446.09	115.00
446.29	52.00
446.49	64.00
446.69	41.00
446.89	69.00
447.09	46.00
447.29	96.00
447.49	112.00
447.69	153.00
447.89	77.00
448.09	75.00
448.29	134.00
448.49	50.00
448.69	91.00
448.89	125.00
449.09	112.00
449.29	187.00
449.49	169.00
449.70	164.00
449.90	61.00
450.10	68.00
450.30	94.00
450.50	132.00
450.70	78.00
450.90	142.00
451.10	110.00
451.30	77.00
451.50	34.00
451.70	13.00
451.90	135.00
452.10	125.00
452.30	105.00
452.50	81.00
452.70	53.00
452.90	107.00
453.10	168.00
453.30	149.00
453.50	122.00
453.70	80.00
453.90	138.00
454.10	128.00
454.30	156.00
454.50	125.00
454.70	134.00
454.90	139.00
455.10	130.00
455.30	156.00
455.50	174.00
455.70	171.00
455.90	136.00
456.10	83.00
456.30	84.00
456.50	87.00
456.70	88.00
456.90	58.00
457.10	76.00
457.30	158.00
457.50	109.00
457.70	44.00
457.90	107.00
458.10	140.00
458.30	133.00
458.50	154.00
458.70	144.00
458.90	109.00
459.10	118.00
459.30	129.00
459.50	179.00
459.70	186.00
459.90	155.00
460.10	153.00
460.30	132.00
460.50	95.00
460.70	93.00
460.90	157.00
461.10	75.00
461.30	118.00
461.50	135.00
461.70	106.00
461.90	143.00
462.10	188.00
462.30	205.00
462.50	237.00
462.70	193.00
462.90	163.00
463.10	120.00
463.30	120.00
463.50	136.00
463.70	163.00
463.90	100.00
464.10	160.00
464.30	190.00
464.50	216.00
464.70	162.00
464.90	132.00
465.10	118.00
465.30	121.00
465.50	126.00
465.70	89.00
465.90	92.00
466.10	125.00
466.30	87.00
466.50	95.00
466.70	95.00
466.90	158.00
467.10	101.00
467.30	132.00
467.50	163.00
467.70	201.00
467.90	139.00
468.10	173.00
468.30	148.00
468.50	168.00
468.70	125.00
468.90	108.00
469.10	106.00
469.30	126.00
469.50	126.00
469.70	103.00
469.90	74.00
470.10	105.00
470.30	151.00
470.50	133.00
470.70	50.00
470.90	165.00
471.10	184.00
471.29	157.00
471.49	144.00
471.69	121.00
471.89	161.00
472.09	192.00
472.29	117.00
472.49	104.00
472.69	151.00
472.89	177.00
473.09	166.00
473.29	136.00
473.49	178.00
473.69	147.00
473.89	138.00
474.09	187.00
474.29	184.00
474.49	103.00
474.69	74.00
474.89	105.00
475.09	83.00
475.29	84.00
475.49	115.00
475.69	155.00
475.88	159.00
476.08	139.00
476.28	164.00
476.48	180.00
476.68	166.00
476.88	187.00
477.08	191.00
477.28	144.00
477.48	94.00
477.68	117.00
477.88	131.00
478.08	107.00
478.28	146.00
478.48	145.00
478.68	197.00
478.88	145.00
479.08	87.00
479.28	159.00
479.47	164.00
479.67	150.00
479.87	182.00
480.07	102.00
480.27	109.00
480.47	114.00
480.67	127.00
480.87	93.00
481.07	87.00
481.27	131.00
481.47	157.00
481.67	134.00
481.87	221.00
482.07	116.00
482.27	99.00
482.46	89.00
482.66	109.00
482.86	74.00
483.06	106.00
483.26	173.00
483.46	100.00
483.66	94.00
483.86	173.00
484.06	129.00
484.26	77.00
484.46	74.00
484.66	83.00
484.86	140.00
485.05	199.00
485.25	164.00
485.45	131.00
485.65	130.00
485.85	132.00
486.05	171.00
486.25	154.00
486.45	107.00
486.65	59.00
486.85	148.00
487.05	131.00
487.25	141.00
487.44	119.00
487.64	42.00
487.84	214.00
488.04	224.00
488.24	134.00
488.44	119.00
488.64	159.00
488.84	181.00
489.04	114.00
489.24	147.00
489.43	199.00
489.63	151.00
489.83	125.00
490.03	155.00
490.23	232.00
490.43	132.00
490.63	164.00
490.83	211.00
491.03	174.00
491.23	134.00
491.42	182.00
491.62	152.00
491.82	139.00
492.02	151.00
492.22	161.00
492.42	127.00
492.62	236.00
492.82	179.00
493.02	183.00
493.22	97.00
493.41	101.00
493.61	106.00
493.81	150.00
494.01	125.00
494.21	122.00
494.41	128.00
494.61	155.00
494.81	141.00
495.01	173.00
495.20	171.00
495.40	142.00
495.60	150.00
495.80	175.00
496.00	230.00
496.20	229.00
496.40	175.00
496.60	211.00
496.79	236.00
496.99	199.00
497.19	206.00
497.39	248.00
497.59	209.00
497.79	216.00
497.99	179.00
498.19	131.00
498.38	146.00
498.58	128.00
498.78	102.00
498.98	158.00
499.18	199.00
499.38	197.00
499.58	262.00
499.78	213.00
499.97	213.00
500.17	198.00
500.37	216.00
500.57	181.00
500.77	116.00
500.97	149.00
501.17	185.00
501.37	166.00
501.56	145.00
501.76	152.00
501.96	198.00
502.16	250.00
502.36	191.00
502.56	170.00
502.76	150.00
502.95	157.00
503.15	165.00
503.35	164.00
503.55	125.00
503.75	99.00
503.95	148.00
504.15	196.00
504.34	222.00
504.54	216.00
504.74	171.00
504.94	196.00
505.14	234.00
505.34	267.00
505.54	106.00
505.73	134.00
505.93	268.00
506.13	229.00
506.33	284.00
506.53	249.00
506.73	151.00
506.92	168.00
507.12	188.00
507.32	168.00
507.52	87.00
507.72	114.00
507.92	208.00
508.12	202.00
508.31	216.00
508.51	155.00
508.71	159.00
508.91	224.00
509.11	125.00
509.31	146.00
509.50	182.00
509.70	252.00
509.90	214.00
510.10	216.00
510.30	247.00
510.50	161.00
510.69	262.00
510.89	253.00
511.09	220.00
511.29	192.00
511.49	143.00
511.69	173.00
511.88	211.00
512.08	214.00
512.28	160.00
512.48	157.00
512.68	150.00
512.88	203.00
513.07	197.00
513.27	196.00
513.47	236.00
513.67	183.00
513.87	166.00
514.06	161.00
514.26	136.00
514.46	170.00
514.66	207.00
514.86	213.00
515.06	202.00
515.25	130.00
515.45	151.00
515.65	202.00
515.85	148.00
516.05	183.00
516.24	213.00
516.44	249.00
516.64	207.00
516.84	166.00
517.04	244.00
517.23	221.00
517.43	90.00
517.63	142.00
517.83	129.00
518.03	136.00
518.23	142.00
518.42	247.00
518.62	199.00
518.82	212.00
519.02	240.00
519.22	289.00
519.41	276.00
519.61	257.00
519.81	206.00
520.01	220.00
520.21	170.00
520.40	158.00
520.60	181.00
520.80	203.00
521.00	208.00
521.20	231.00
521.39	203.00
521.59	228.00
521.79	176.00
521.99	182.00
522.19	256.00
522.38	230.00
522.58	176.00
522.78	224.00
522.98	205.00
523.17	146.00
523.37	185.00
523.57	258.00
523.77	260.00
523.97	235.00
524.16	231.00
524.36	208.00
524.56	173.00
524.76	192.00
524.96	207.00
525.15	231.00
525.35	202.00
525.55	248.00
525.75	268.00
525.94	148.00
526.14	217.00
526.34	163.00
526.54	156.00
526.74	234.00
526.93	226.00
527.13	280.00
527.33	251.00
527.53	266.00
527.72	227.00
527.92	183.00
528.12	178.00
528.32	262.00
528.52	221.00
528.71	228.00
528.91	230.00
529.11	265.00
529.31	247.00
529.50	338.00
529.70	246.00
529.90	273.00
530.10	267.00
530.29	270.00
530.49	255.00
530.69	243.00
530.89	260.00
531.09	245.00
531.28	269.00
531.48	284.00
531.68	295.00
531.88	240.00
532.07	217.00
532.27	236.00
532.47	296.00
532.67	305.00
532.86	296.00
533.06	254.00
533.26	324.00
533.46	338.00
533.65	295.00
533.85	240.00
534.05	231.00
534.25	260.00
534.44	273.00
534.64	252.00
534.84	264.00
535.04	288.00
535.23	306.00
535.43	222.00
535.63	246.00
535.83	292.00
536.02	316.00
536.22	291.00
536.42	349.00
536.62	355.00
536.81	332.00
537.01	246.00
537.21	300.00
537.41	330.00
537.60	373.00
537.80	314.00
538.00	345.00
538.20	284.00
538.39	259.00
538.59	293.00
538.79	337.00
538.99	347.00
539.18	344.00
539.38	393.00
539.58	438.00
539.77	378.00
539.97	390.00
540.17	382.00
540.37	366.00
540.56	385.00
540.76	321.00
540.96	285.00
541.16	287.00
541.35	285.00
541.55	309.00
541.75	366.00
541.94	377.00
542.14	446.00
542.34	449.00
542.54	397.00
542.73	361.00
542.93	414.00
543.13	437.00
543.33	434.00
543.52	385.00
543.72	392.00
543.92	409.00
544.11	474.00
544.31	443.00
544.51	464.00
544.71	456.00
544.90	439.00
545.10	435.00
545.30	457.00
545.49	502.00
545.69	538.00
545.89	528.00
546.09	487.00
546.28	526.00
546.48	453.00
546.68	477.00
546.87	458.00
547.07	385.00
547.27	373.00
547.47	386.00
547.66	461.00
547.86	413.00
548.06	377.00
548.25	401.00
548.45	377.00
548.65	367.00
548.84	425.00
549.04	402.00
549.24	398.00
549.44	367.00
549.63	405.00
549.83	385.00
550.03	375.00
550.22	409.00
550.42	373.00
550.62	404.00
550.81	441.00
551.01	468.00
551.21	440.00
551.41	390.00
551.60	292.00
551.80	420.00
552.00	360.00
552.19	344.00
552.39	381.00
552.59	374.00
552.78	384.00
552.98	266.00
553.18	382.00
553.37	341.00
553.57	379.00
553.77	388.00
553.96	453.00
554.16	421.00
554.36	330.00
554.56	320.00
554.75	350.00
554.95	359.00
555.15	356.00
555.34	287.00
555.54	340.00
555.74	417.00
555.93	324.00
556.13	368.00
556.33	338.00
556.52	300.00
556.72	385.00
556.92	306.00
557.11	256.00
557.31	279.00
557.51	292.00
557.70	297.00
557.90	365.00
558.10	426.00
558.29	406.00
558.49	328.00
558.69	326.00
558.88	277.00
559.08	349.00
559.28	371.00
559.47	332.00
559.67	367.00
559.87	263.00
560.06	329.00
560.26	373.00
560.46	384.00
560.65	373.00
560.85	376.00
561.05	325.00
561.24	380.00
561.44	356.00
561.64	302.00
561.83	334.00
562.03	241.00
562.23	278.00
562.42	362.00
562.62	345.00
562.82	343.00
563.01	320.00
563.21	349.00
563.40	319.00
563.60	345.00
563.80	401.00
563.99	328.00
564.19	350.00
564.39	337.00
564.58	358.00
564.78	271.00
564.98	298.00
565.17	299.00
565.37	369.00
565.57	325.00
565.76	280.00
565.96	319.00
566.16	306.00
566.35	373.00
566.55	408.00
566.74	364.00
566.94	354.00
567.14	373.00
567.33	410.00
567.53	406.00
567.73	380.00
567.92	361.00
568.12	394.00
568.32	365.00
568.51	365.00
568.71	360.00
568.90	354.00
569.10	395.00
569.30	429.00
569.49	369.00
569.69	338.00
569.89	397.00
570.08	381.00
570.28	306.00
570.47	401.00
570.67	399.00
570.87	395.00
571.06	382.00
571.26	397.00
571.46	433.00
571.65	402.00
571.85	320.00
572.04	297.00
572.24	339.00
572.44	412.00
572.63	473.00
572.83	390.00
573.03	366.00
573.22	397.00
573.42	456.00
573.61	401.00
573.81	373.00
574.01	397.00
574.20	494.00
574.40	450.00
574.59	424.00
574.79	428.00
574.99	404.00
575.18	477.00
575.38	491.00
575.58	490.00
575.77	472.00
575.97	448.00
576.16	437.00
576.36	552.00
576.56	539.00
576.75	496.00
576.95	474.00
577.14	499.00
577.34	494.00
577.54	470.00
577.73	514.00
577.93	537.00
578.12	528.00
578.32	515.00
578.52	557.00
578.71	585.00
578.91	545.00
579.10	574.00
579.30	590.00
579.50	629.00
579.69	583.00
579.89	582.00
580.08	539.00
580.28	521.00
580.48	551.00
580.67	644.00
580.87	645.00
581.06	705.00
581.26	646.00
581.45	600.00
581.65	634.00
581.85	664.00
582.04	589.00
582.24	641.00
582.43	742.00
582.63	709.00
582.83	740.00
583.02	685.00
583.22	664.00
583.41	685.00
583.61	719.00
583.80	710.00
584.00	711.00
584.20	764.00
584.39	780.00
584.59	732.00
584.78	707.00
584.98	693.00
585.17	664.00
585.37	794.00
585.57	826.00
585.76	821.00
585.96	761.00
586.15	810.00
586.35	753.00
586.54	777.00
586.74	750.00
586.94	852.00
587.13	969.00
587.33	941.00
587.52	891.00
587.72	953.00
587.91	890.00
588.11	906.00
588.31	942.00
588.50	917.00
588.70	910.00
588.89	973.00
589.09	961.00
589.28	987.00
589.48	940.00
589.68	945.00
589.87	907.00
590.07	933.00
590.26	947.00
590.46	984.00
590.65	926.00
590.85	1022.00
591.04	1020.00
591.24	973.00
591.44	1066.00
591.63	1065.00
591.83	1103.00
592.02	1052.00
592.22	1055.00
592.41	1045.00
592.61	1055.00
592.80	1155.00
593.00	1168.00
593.19	1159.00
593.39	1198.00
593.59	1153.00
593.78	1111.00
593.98	1178.00
594.17	1198.00
594.37	1171.00
594.56	1082.00
594.76	1073.00
594.95	1169.00
595.15	1207.00
595.34	1204.00
595.54	1125.00
595.73	1156.00
595.93	1257.00
596.13	1232.00
596.32	1202.00
596.52	1200.00
596.71	1246.00
596.91	1199.00
597.10	1284.00
597.30	1285.00
597.49	1274.00
597.69	1259.00
597.88	1241.00
598.08	1266.00
598.27	1304.00
598.47	1233.00
598.66	1286.00
598.86	1360.00
599.06	1401.00
599.25	1282.00
599.45	1373.00
599.64	1355.00
599.84	1386.00
600.03	1307.00
600.23	1359.00
600.42	1291.00
600.62	1270.00
600.81	1243.00
601.01	1322.00
601.20	1335.00
601.40	1396.00
601.59	1327.00
601.79	1299.00
601.98	1227.00
602.18	1292.00
602.37	1288.00
602.57	1327.00
602.76	1322.00
602.96	1312.00
603.15	1368.00
603.35	1288.00
603.54	1340.00
603.74	1315.00
603.93	1382.00
604.13	1380.00
604.32	1362.00
604.52	1334.00
604.71	1223.00
604.91	1287.00
605.10	1360.00
605.30	1279.00
605.49	1255.00
605.69	1277.00
605.88	1347.00
606.08	1332.00
606.27	1277.00
606.47	1267.00
606.66	1375.00
606.86	1392.00
607.05	1418.00
607.25	1396.00
607.44	1325.00
607.64	1286.00
607.83	1292.00
608.03	1357.00
608.22	1374.00
608.42	1492.00
608.61	1489.00
608.81	1500.00
609.00	1425.00
609.20	1525.00
609.39	1574.00
609.59	1572.00
609.78	1716.00
609.98	1761.00
610.17	1986.00
610.37	2151.00
610.56	2222.00
610.76	2350.00
610.95	2423.00
611.15	2681.00
611.34	2695.00
611.54	2815.00
611.73	2769.00
611.93	2504.00
612.12	2236.00
612.32	2018.00
612.51	1912.00
612.71	1764.00
612.90	1702.00
613.09	1666.00
613.29	1753.00
613.48	1756.00
613.68	1726.00
613.87	1673.00
614.07	1589.00
614.26	1657.00
614.46	1702.00
614.65	1663.00
614.85	1621.00
615.04	1520.00
615.24	1422.00
615.43	1513.00
615.63	1487.00
615.82	1388.00
616.02	1368.00
616.21	1351.00
616.40	1413.00
616.60	1389.00
616.79	1360.00
616.99	1428.00
617.18	1432.00
617.38	1434.00
617.57	1423.00
617.77	1370.00
617.96	1388.00
618.16	1408.00
618.35	1285.00
618.54	1391.00
618.74	1465.00
618.93	1378.00
619.13	1404.00
619.32	1438.00
619.52	1391.00
619.71	1354.00
619.91	1379.00
620.10	1378.00
620.30	1465.00
620.49	1490.00
620.68	1469.00
620.88	1401.00
621.07	1405.00
621.27	1401.00
621.46	1401.00
621.66	1430.00
621.85	1439.00
622.05	1490.00
622.24	1442.00
622.43	1407.00
622.63	1449.00
622.82	1481.00
623.02	1449.00
623.21	1435.00
623.41	1463.00
623.60	1509.00
623.80	1441.00
623.99	1350.00
624.18	1443.00
624.38	1559.00
624.57	1493.00
624.77	1503.00
624.96	1553.00
625.16	1532.00
625.35	1589.00
625.54	1512.00
625.74	1520.00
625.93	1513.00
626.13	1614.00
626.32	1589.00
626.52	1588.00
626.71	1592.00
626.90	1589.00
627.10	1593.00
627.29	1570.00
627.49	1592.00
627.68	1564.00
627.88	1502.00
628.07	1572.00
628.26	1607.00
628.46	1594.00
628.65	1612.00
628.85	1625.00
629.04	1552.00
629.23	1552.00
629.43	1593.00
629.62	1578.00
629.82	1685.00
630.01	1748.00
630.21	1720.00
630.40	1778.00
630.59	1769.00
630.79	1709.00
630.98	1710.00
631.18	1728.00
631.37	1801.00
631.56	1782.00
631.76	1775.00
631.95	1619.00
632.15	1536.00
632.34	1628.00
632.53	1653.00
632.73	1684.00
632.92	1608.00
633.12	1594.00
633.31	1710.00
633.50	1656.00
633.70	1654.00
633.89	1706.00
634.09	1687.00
634.28	1677.00
634.47	1718.00
634.67	1675.00
634.86	1717.00
635.06	1733.00
635.25	1808.00
635.44	1733.00
635.64	1734.00
635.83	1800.00
636.03	1771.00
636.22	1760.00
636.41	1758.00
636.61	1691.00
636.80	1696.00
637.00	1700.00
637.19	1776.00
637.38	1795.00
637.58	1838.00
637.77	1892.00
637.96	1912.00
638.16	1824.00
638.35	1827.00
638.55	1925.00
638.74	1852.00
638.93	1802.00
639.13	1904.00
639.32	1859.00
639.51	1855.00
639.71	1876.00
639.90	1873.00
640.10	1804.00
640.29	1828.00
640.48	1838.00
640.68	1878.00
640.87	1892.00
641.07	1944.00
641.26	2026.00
641.45	1927.00
641.65	1941.00
641.84	2026.00
642.03	2040.00
642.23	2041.00
642.42	2054.00
642.61	1971.00
642.81	1959.00
643.00	1968.00
643.20	2055.00
643.39	1977.00
643.58	1987.00
643.78	1927.00
643.97	1936.00
644.16	1988.00
644.36	2055.00
644.55	2036.00
644.74	2059.00
644.94	2034.00
645.13	2024.00
645.33	2110.00
645.52	2100.00
645.71	2163.00
645.91	2085.00
646.10	2112.00
646.29	2139.00
646.49	2092.00
646.68	2132.00
646.87	2119.00
647.07	2084.00
647.26	2074.00
647.45	2166.00
647.65	2108.00
647.84	2171.00
648.03	2222.00
648.23	2101.00
648.42	2157.00
648.62	2242.00
648.81	2240.00
649.00	2197.00
649.20	2167.00
649.39	2196.00
649.58	2229.00
649.78	2230.00
649.97	2245.00
650.16	2303.00
650.36	2320.00
650.55	2300.00
650.74	2297.00
650.94	2396.00
651.13	2302.00
651.32	2320.00
651.52	2362.00
651.71	2295.00
651.90	2280.00
652.10	2239.00
652.29	2296.00
652.48	2207.00
652.68	2260.00
652.87	2344.00
653.06	2351.00
653.26	2334.00
653.45	2311.00
653.64	2288.00
653.84	2306.00
654.03	2311.00
654.22	2185.00
654.42	2232.00
654.61	2266.00
654.80	2341.00
654.99	2278.00
655.19	2228.00
655.38	2278.00
655.57	2339.00
655.77	2386.00
655.96	2239.00
656.15	2264.00
656.35	2251.00
656.54	2239.00
656.73	2239.00
656.93	2249.00
657.12	2260.00
657.31	2248.00
657.51	2198.00
657.70	2171.00
657.89	2277.00
658.09	2224.00
658.28	2324.00
658.47	2211.00
658.66	2118.00
658.86	2155.00
659.05	2200.00
659.24	2226.00
659.44	2286.00
659.63	2357.00
659.82	2293.00
660.02	2174.00
660.21	2187.00
660.40	2213.00
660.60	2231.00
660.79	2278.00
660.98	2233.00
661.17	2274.00
661.37	2235.00
661.56	2243.00
661.75	2155.00
661.95	2147.00
662.14	2173.00
662.33	2278.00
662.52	2199.00
662.72	2214.00
662.91	2174.00
663.10	2227.00
663.30	2167.00
663.49	2192.00
663.68	2271.00
663.88	2197.00
664.07	2225.00
664.26	2252.00
664.45	2186.00
664.65	2238.00
664.84	2203.00
665.03	2123.00
665.23	2160.00
665.42	2097.00
665.61	2231.00
665.80	2140.00
666.00	2061.00
666.19	2124.00
666.38	2112.00
666.57	2169.00
666.77	2120.00
666.96	2071.00
667.15	2240.00
667.35	2074.00
667.54	2069.00
667.73	2106.00
667.92	2050.00
668.12	2002.00
668.31	2039.00
668.50	2055.00
668.70	2011.00
668.89	1953.00
669.08	2011.00
669.27	1981.00
669.47	1974.00
669.66	2052.00
669.85	2036.00
670.04	2112.00
670.24	2058.00
670.43	2015.00
670.62	2056.00
670.81	2024.00
671.01	2068.00
671.20	2049.00
671.39	2041.00
671.58	2122.00
671.78	2026.00
671.97	2050.00
672.16	2000.00
672.36	1991.00
672.55	2023.00
672.74	1923.00
672.93	1901.00
673.13	2010.00
673.32	1996.00
673.51	1880.00
673.70	1901.00
673.90	1973.00
674.09	1957.00
674.28	1978.00
674.47	1990.00
674.67	1987.00
674.86	2048.00
675.05	2054.00
675.24	1951.00
675.44	1941.00
675.63	1985.00
675.82	1954.00
676.01	1923.00
676.21	1953.00
676.40	2022.00
676.59	1861.00
676.78	1859.00
676.97	1943.00
677.17	1938.00
677.36	1809.00
677.55	1871.00
677.74	1883.00
677.94	1875.00
678.13	1785.00
678.32	1883.00
678.51	1891.00
678.71	1919.00
678.90	1950.00
679.09	1934.00
679.28	2008.00
679.48	1948.00
679.67	1943.00
679.86	1917.00
680.05	1931.00
680.24	1930.00
680.44	1838.00
680.63	1820.00
680.82	1852.00
681.01	1818.00
681.21	1771.00
681.40	1815.00
681.59	1816.00
681.78	1848.00
681.97	1885.00
682.17	1862.00
682.36	1842.00
682.55	1834.00
682.74	1896.00
682.94	1850.00
683.13	1733.00
683.32	1831.00
683.51	1869.00
683.70	1918.00
683.90	1855.00
684.09	1895.00
684.28	1895.00
684.47	1865.00
684.66	1829.00
684.86	1795.00
685.05	1814.00
685.24	1776.00
685.43	1815.00
685.63	1777.00
685.82	1770.00
686.01	1719.00
686.20	1772.00
686.39	1818.00
686.59	1882.00
686.78	1861.00
686.97	1898.00
687.16	1836.00
687.35	1857.00
687.55	1815.00
687.74	1847.00
687.93	1883.00
688.12	1840.00
688.31	1878.00
688.51	1765.00
688.70	1884.00
688.89	1798.00
689.08	1808.00
689.27	1849.00
689.47	1807.00
689.66	1788.00
689.85	1701.00
690.04	1770.00
690.23	1656.00
690.42	1811.00
690.62	1780.00
690.81	1801.00
691.00	1807.00
691.19	1856.00
691.38	1854.00
691.58	1806.00
691.77	1653.00
691.96	1747.00
692.15	1740.00
692.34	1847.00
692.54	1757.00
692.73	1762.00
692.92	1760.00
693.11	1760.00
693.30	1857.00
693.49	1879.00
693.69	1849.00
693.88	1860.00
694.07	1962.00
694.26	1893.00
694.45	1744.00
694.64	1846.00
694.84	1782.00
695.03	1785.00
695.22	1758.00
695.41	1664.00
695.60	1763.00
695.80	1783.00
695.99	1739.00
696.18	1729.00
696.37	1730.00
696.56	1702.00
696.75	1778.00
696.95	1762.00
697.14	1709.00
697.33	1749.00
697.52	1735.00
697.71	1821.00
697.90	1797.00
698.09	1821.00
698.29	1783.00
698.48	1876.00
698.67	1988.00
698.86	1864.00
699.05	1879.00
699.24	1821.00
699.44	1840.00
699.63	1794.00
699.82	1750.00
700.01	1867.00
700.20	1917.00
700.39	1958.00
700.58	1905.00
700.78	1765.00
700.97	1851.00
701.16	1932.00
701.35	1871.00
701.54	1851.00
701.73	1851.00
701.93	1962.00
702.12	1854.00
702.31	1894.00
702.50	1946.00
702.69	1949.00
702.88	1985.00
703.07	1989.00
703.27	1995.00
703.46	1965.00
703.65	1964.00
703.84	1955.00
704.03	1935.00
704.22	2065.00
704.41	1981.00
704.60	1920.00
704.80	1932.00
704.99	1966.00
705.18	2041.00
705.37	2107.00
705.56	2050.00
705.75	2076.00
705.94	2029.00
706.14	2019.00
706.33	2059.00
706.52	2137.00
706.71	2100.00
706.90	2133.00
707.09	2091.00
707.28	2031.00
707.47	2070.00
707.67	2160.00
707.86	2241.00
708.05	2126.00
708.24	2210.00
708.43	2185.00
708.62	2194.00
708.81	2155.00
709.00	2219.00
709.20	2253.00
709.39	2297.00
709.58	2273.00
709.77	2244.00
709.96	2209.00
710.15	2164.00
710.34	2141.00
710.53	2151.00
710.72	2114.00
710.92	2097.00
711.11	2152.00
711.30	2156.00
711.49	2189.00
711.68	2131.00
711.87	2111.00
712.06	2166.00
712.25	2212.00
712.44	2246.00
712.64	2264.00
712.83	2204.00
713.02	2229.00
713.21	2228.00
713.40	2179.00
713.59	2198.00
713.78	2280.00
713.97	2227.00
714.16	2304.00
714.35	2183.00
714.55	2211.00
714.74	2268.00
714.93	2326.00
715.12	2254.00
715.31	2153.00
715.50	2190.00
715.69	2226.00
715.88	2213.00
716.07	2257.00
716.26	2239.00
716.45	2201.00
716.65	2245.00
716.84	2290.00
717.03	2220.00
717.22	2195.00
717.41	2328.00
717.60	2337.00
717.79	2275.00
717.98	2280.00
718.17	2322.00
718.36	2322.00
718.55	2297.00
718.75	2332.00
718.94	2240.00
719.13	2253.00
719.32	2339.00
719.51	2319.00
719.70	2328.00
719.89	2320.00
720.08	2306.00
720.27	2299.00
720.46	2363.00
720.65	2324.00
720.84	2258.00
721.03	2305.00
721.22	2329.00
721.42	2294.00
721.61	2326.00
721.80	2221.00
721.99	2256.00
722.18	2276.00
722.37	2257.00
722.56	2289.00
722.75	2357.00
722.94	2338.00
723.13	2234.00
723.32	2210.00
723.51	2247.00
723.70	2201.00
723.89	2265.00
724.08	2231.00
724.28	2327.00
724.47	2355.00
724.66	2231.00
724.85	2294.00
725.04	2315.00
725.23	2260.00
725.42	2365.00
725.61	2416.00
725.80	2389.00
725.99	2402.00
726.18	2458.00
726.37	2346.00
726.56	2378.00
726.75	2369.00
726.94	2247.00
727.13	2297.00
727.32	2309.00
727.51	2421.00
727.71	2367.00
727.90	2369.00
728.09	2405.00
728.28	2256.00
728.47	2358.00
728.66	2386.00
728.85	2310.00
729.04	2307.00
729.23	2346.00
729.42	2289.00
729.61	2349.00
729.80	2329.00
729.99	2319.00
730.18	2269.00
730.37	2318.00
730.56	2363.00
730.75	2268.00
730.94	2339.00
731.13	2365.00
731.32	2337.00
731.51	2218.00
731.70	2274.00
731.89	2314.00
732.08	2320.00
732.27	2310.00
732.46	2275.00
732.65	2267.00
732.84	2211.00
733.04	2338.00
733.23	2409.00
733.42	2284.00
733.61	2341.00
733.80	2288.00
733.99	2245.00
734.18	2190.00
734.37	2284.00
734.56	2297.00
734.75	2226.00
734.94	2233.00
735.13	2203.00
735.32	2272.00
735.51	2229.00
735.70	2267.00
735.89	2227.00
736.08	2231.00
736.27	2182.00
736.46	2224.00
736.65	2257.00
736.84	2187.00
737.03	2219.00
737.22	2251.00
737.41	2226.00
737.60	2245.00
737.79	2225.00
737.98	2235.00
738.17	2199.00
738.36	2187.00
738.55	2220.00
738.74	2140.00
738.93	2192.00
739.12	2205.00
739.31	2272.00
739.50	2206.00
739.69	2094.00
739.88	2212.00
740.07	2145.00
740.26	2078.00
740.45	2227.00
740.64	2221.00
740.83	2160.00
741.02	2203.00
741.21	2193.00
741.40	2156.00
741.59	2153.00
741.78	2142.00
741.97	2098.00
742.16	2149.00
742.35	2070.00
742.54	2012.00
742.73	2025.00
742.92	2075.00
743.11	2117.00
743.30	2039.00
743.49	2008.00
743.68	1930.00
743.87	1961.00
744.06	2028.00
744.25	2043.00
744.44	2068.00
744.63	2007.00
744.82	1980.00
745.01	1990.00
745.20	2032.00
745.39	2080.00
745.58	2016.00
745.77	2052.00
745.96	1975.00
746.15	2038.00
746.34	1906.00
746.52	2008.00
746.71	2062.00
746.90	1954.00
747.09	1981.00
747.28	1899.00
747.47	1918.00
747.66	2009.00
747.85	1937.00
748.04	1918.00
748.23	1920.00
748.42	1983.00
748.61	1907.00
748.80	1953.00
748.99	1947.00
749.18	1906.00
749.37	1883.00
749.56	1932.00
749.75	1894.00
749.94	1832.00
750.13	1915.00
750.32	1958.00
750.51	1854.00
750.70	1819.00
750.89	1904.00
751.08	1856.00
751.27	1893.00
751.46	1907.00
751.64	1792.00
751.83	1862.00
752.02	1794.00
752.21	1896.00
752.40	1901.00
752.59	1788.00
752.78	1813.00
752.97	1805.00
753.16	1842.00
753.35	1769.00
753.54	1800.00
753.73	1839.00
753.92	1900.00
754.11	1873.00
754.30	1791.00
754.49	1792.00
754.68	1806.00
754.87	1828.00
755.06	1790.00
755.24	1746.00
755.43	1820.00
755.62	1755.00
755.81	1832.00
756.00	1873.00
756.19	1845.00
756.38	1788.00
756.57	1785.00
756.76	1714.00
756.95	1761.00
757.14	1694.00
757.33	1658.00
757.52	1688.00
757.71	1703.00
757.90	1723.00
758.08	1727.00
758.27	1683.00
758.46	1756.00
758.65	1688.00
758.84	1653.00
759.03	1735.00
759.22	1770.00
759.41	1768.00
759.60	1664.00
759.79	1651.00
759.98	1762.00
760.17	1647.00
760.36	1682.00
760.54	1660.00
760.73	1702.00
760.92	1585.00
761.11	1571.00
761.30	1609.00
761.49	1588.00
761.68	1577.00
761.87	1503.00
762.06	1581.00
762.25	1683.00
762.44	1504.00
762.63	1535.00
762.81	1457.00
763.00	1494.00
763.19	1563.00
763.38	1478.00
763.57	1435.00
763.76	1409.00
763.95	1487.00
764.14	1482.00
764.33	1397.00
764.52	1445.00
764.71	1502.00
764.89	1423.00
765.08	1379.00
765.27	1383.00
765.46	1433.00
765.65	1403.00
765.84	1396.00
766.03	1488.00
766.22	1483.00
766.41	1372.00
766.59	1383.00
766.78	1486.00
766.97	1516.00
767.16	1574.00
767.35	1530.00
767.54	1471.00
767.73	1537.00
767.92	1564.00
768.11	1585.00
768.30	1601.00
768.48	1514.00
768.67	1612.00
768.86	1708.00
769.05	1714.00
769.24	1654.00
769.43	1595.00
769.62	1580.00
769.81	1566.00
769.99	1581.00
770.18	1563.00
770.37	1546.00
770.56	1536.00
770.75	1541.00
770.94	1537.00
771.13	1536.00
771.32	1569.00
771.50	1560.00
771.69	1613.00
771.88	1595.00
772.07	1538.00
772.26	1596.00
772.45	1592.00
772.64	1602.00
772.83	1611.00
773.01	1611.00
773.20	1588.00
773.39	1654.00
773.58	1629.00
773.77	1558.00
773.96	1596.00
774.15	1566.00
774.34	1557.00
774.52	1588.00
774.71	1585.00
774.90	1518.00
775.09	1561.00
775.28	1536.00
775.47	1562.00
775.66	1555.00
775.84	1549.00
776.03	1518.00
776.22	1486.00
776.41	1467.00
776.60	1467.00
776.79	1504.00
776.98	1561.00
777.16	1559.00
777.35	1510.00
777.54	1515.00
777.73	1508.00
777.92	1546.00
778.11	1530.00
778.29	1535.00
778.48	1573.00
778.67	1588.00
778.86	1515.00
779.05	1547.00
779.24	1569.00
779.43	1505.00
779.61	1548.00
779.80	1586.00
779.99	1573.00
780.18	1588.00
780.37	1531.00
780.56	1468.00
780.74	1533.00
780.93	1530.00
781.12	1468.00
781.31	1462.00
781.50	1570.00
781.69	1602.00
781.87	1485.00
782.06	1504.00
782.25	1617.00
782.44	1585.00
782.63	1647.00
782.82	1550.00
783.00	1590.00
783.19	1592.00
783.38	1579.00
783.57	1586.00
783.76	1545.00
783.95	1615.00
784.13	1642.00
784.32	1532.00
784.51	1517.00
784.70	1575.00
784.89	1507.00
785.08	1583.00
785.26	1556.00
785.45	1601.00
785.64	1492.00
785.83	1522.00
786.02	1545.00
786.20	1630.00
786.39	1599.00
786.58	1538.00
786.77	1637.00
786.96	1549.00
787.15	1565.00
787.33	1633.00
787.52	1671.00
787.71	1620.00
787.90	1551.00
788.09	1586.00
788.27	1564.00
788.46	1585.00
788.65	1584.00
788.84	1551.00
789.03	1579.00
789.21	1580.00
789.40	1695.00
789.59	1546.00
789.78	1571.00
789.97	1634.00
790.15	1580.00
790.34	1610.00
790.53	1647.00
790.72	1645.00
790.91	1615.00
791.09	1580.00
791.28	1581.00
791.47	1564.00
791.66	1564.00
791.85	1643.00
792.03	1694.00
792.22	1679.00
792.41	1608.00
792.60	1676.00
792.79	1714.00
792.97	1713.00
793.16	1670.00
793.35	1732.00
793.54	1790.00
793.72	1777.00
793.91	1753.00
794.10	1727.00
794.29	1762.00
794.48	1769.00
794.66	1779.00
794.85	1685.00
795.04	1701.00
795.23	1733.00
795.42	1726.00
795.60	1747.00
795.79	1732.00
795.98	1666.00
796.17	1738.00
796.35	1677.00
796.54	1603.00
796.73	1722.00
796.92	1705.00
797.11	1697.00
797.29	1670.00
797.48	1642.00
797.67	1601.00
797.86	1651.00
798.04	1649.00
798.23	1699.00
798.42	1663.00
798.61	1674.00
798.79	1732.00
798.98	1607.00
799.17	1632.00
799.36	1694.00
799.54	1701.00
799.73	1670.00
799.92	1669.00
800.11	1784.00
800.30	1757.00
800.48	1713.00
800.67	1693.00
800.86	1592.00
801.05	1730.00
801.23	1722.00
801.42	1700.00
801.61	1739.00
801.80	1698.00
801.98	1651.00
802.17	1631.00
802.36	1672.00
802.55	1676.00
802.73	1677.00
802.92	1707.00
803.11	1714.00
803.30	1710.00
803.48	1650.00
803.67	1732.00
803.86	1810.00
804.05	1827.00
804.23	1823.00
804.42	1735.00
804.61	1744.00
804.80	1739.00
804.98	1695.00
805.17	1733.00
805.36	1679.00
805.54	1752.00
805.73	1727.00
805.92	1752.00
806.11	1731.00
806.29	1720.00
806.48	1698.00
806.67	1739.00
806.86	1720.00
807.04	1793.00
807.23	1706.00
807.42	1733.00
807.61	1809.00
807.79	1790.00
807.98	1780.00
808.17	1729.00
808.35	1781.00
808.54	1721.00
808.73	1739.00
808.92	1640.00
809.10	1794.00
809.29	1773.00
809.48	1674.00
809.67	1741.00
809.85	1748.00
810.04	1757.00
810.23	1745.00
810.41	1619.00
810.60	1678.00
810.79	1756.00
810.98	1768.00
811.16	1787.00
811.35	1647.00
811.54	1663.00
811.72	1714.00
811.91	1792.00
812.10	1779.00
812.29	1670.00
812.47	1695.00
812.66	1703.00
812.85	1730.00
813.03	1645.00
813.22	1617.00
813.41	1596.00
813.60	1694.00
813.78	1773.00
813.97	1779.00
814.16	1697.00
814.34	1702.00
814.53	1629.00
814.72	1645.00
814.90	1685.00
815.09	1717.00
815.28	1647.00
815.47	1675.00
815.65	1713.00
815.84	1743.00
816.03	1697.00
816.21	1664.00
816.40	1668.00
816.59	1681.00
816.77	1694.00
816.96	1708.00
817.15	1694.00
817.33	1690.00
817.52	1738.00
817.71	1653.00
817.90	1672.00
818.08	1693.00
818.27	1613.00
818.46	1657.00
818.64	1772.00
818.83	1708.00
819.02	1837.00
819.20	1780.00
819.39	1698.00
819.58	1706.00
819.76	1752.00
819.95	1720.00
820.14	1732.00
820.32	1785.00
820.51	1743.00
820.70	1772.00
820.88	1734.00
821.07	1740.00
821.26	1739.00
821.44	1772.00
821.63	1658.00
821.82	1675.00
822.01	1726.00
822.19	1689.00
822.38	1628.00
822.57	1669.00
822.75	1755.00
822.94	1729.00
823.13	1716.00
823.31	1700.00
823.50	1734.00
823.69	1655.00
823.87	1676.00
824.06	1690.00
824.25	1618.00
824.43	1613.00
824.62	1655.00
824.80	1656.00
824.99	1569.00
825.18	1625.00
825.36	1647.00
825.55	1686.00
825.74	1678.00
825.92	1680.00
826.11	1682.00
826.30	1703.00
826.48	1599.00
826.67	1643.00
826.86	1674.00
827.04	1633.00
827.23	1633.00
827.42	1705.00
827.60	1643.00
827.79	1679.00
827.98	1584.00
828.16	1588.00
828.35	1627.00
828.54	1661.00
828.72	1633.00
828.91	1594.00
829.09	1650.00
829.28	1640.00
829.47	1621.00
829.65	1611.00
829.84	1633.00
830.03	1639.00
830.21	1648.00
830.40	1611.00
830.59	1515.00
830.77	1567.00
830.96	1653.00
831.14	1554.00
831.33	1522.00
831.52	1603.00
831.70	1562.00
831.89	1530.00
832.08	1547.00
832.26	1467.00
832.45	1566.00
832.64	1451.00
832.82	1581.00
833.01	1629.00
833.19	1529.00
833.38	1463.00
833.57	1575.00
833.75	1547.00
833.94	1463.00
834.13	1544.00
834.31	1541.00
834.50	1602.00
834.68	1588.00
834.87	1577.00
835.06	1552.00
835.24	1525.00
835.43	1537.00
835.61	1576.00
835.80	1528.00
835.99	1524.00
836.17	1578.00
836.36	1509.00
836.55	1452.00
836.73	1528.00
836.92	1544.00
837.10	1577.00
837.29	1550.00
837.48	1608.00
837.66	1558.00
837.85	1568.00
838.03	1488.00
838.22	1505.00
838.41	1538.00
838.59	1509.00
838.78	1464.00
838.96	1530.00
839.15	1510.00
839.34	1481.00
839.52	1490.00
839.71	1528.00
839.89	1465.00
840.08	1473.00
840.27	1490.00
840.45	1521.00
840.64	1552.00
840.82	1534.00
841.01	1499.00
841.20	1447.00
841.38	1602.00
841.57	1464.00
841.75	1547.00
841.94	1578.00
842.13	1448.00
842.31	1495.00
842.50	1466.00
842.68	1381.00
842.87	1351.00
843.05	1428.00
843.24	1425.00
843.43	1415.00
843.61	1436.00
843.80	1450.00
843.98	1420.00
844.17	1409.00
844.36	1434.00
844.54	1428.00
844.73	1319.00
844.91	1476.00
845.10	1476.00
845.28	1353.00
845.47	1352.00
845.66	1439.00
845.84	1426.00
846.03	1388.00
846.21	1416.00
846.40	1412.00
846.58	1504.00
846.77	1407.00
846.96	1378.00
847.14	1378.00
847.33	1298.00
847.51	1368.00
847.70	1316.00
847.88	1393.00
848.07	1375.00
848.25	1433.00
848.44	1328.00
848.63	1352.00
848.81	1358.00
849.00	1366.00
849.18	1392.00
849.37	1342.00
849.55	1388.00
849.74	1325.00
849.93	1329.00
850.11	1308.00
850.30	1229.00
850.48	1322.00
850.67	1308.00
850.85	1313.00
851.04	1310.00
851.22	1282.00
851.41	1299.00
851.59	1378.00
851.78	1334.00
851.97	1317.00
852.15	1343.00
852.34	1311.00
852.52	1271.00
852.71	1227.00
852.89	1303.00
853.08	1302.00
853.26	1296.00
853.45	1232.00
853.63	1234.00
853.82	1383.00
854.01	1375.00
854.19	1232.00
854.38	1220.00
854.56	1241.00
854.75	1264.00
854.93	1284.00
855.12	1220.00
855.30	1178.00
855.49	1282.00
855.67	1392.00
855.86	1308.00
856.04	1248.00
856.23	1327.00
856.41	1295.00
856.60	1258.00
856.79	1216.00
856.97	1250.00
857.16	1221.00
857.34	1233.00
857.53	1195.00
857.71	1240.00
857.90	1157.00
858.08	1187.00
858.27	1194.00
858.45	1263.00
858.64	1188.00
858.82	1248.00
859.01	1216.00
859.19	1193.00
859.38	1242.00
859.56	1218.00
859.75	1220.00
859.93	1154.00
860.12	1182.00
860.30	1175.00
860.49	1157.00
860.67	1174.00
860.86	1179.00
861.04	1159.00
861.23	1191.00
861.41	1177.00
861.60	1191.00
861.78	1219.00
861.97	1216.00
862.15	1210.00
862.34	1130.00
862.53	1156.00
862.71	1113.00
862.90	1182.00
863.08	1139.00
863.27	1107.00
863.45	1154.00
863.64	1158.00
863.82	1209.00
864.01	1132.00
864.19	1080.00
864.37	1011.00
864.56	1139.00
864.74	1072.00
864.93	1064.00
865.11	1130.00
865.30	1119.00
865.48	1130.00
865.67	1176.00
865.85	1042.00
866.04	1173.00
866.22	1027.00
866.41	1085.00
866.59	1104.00
866.78	1121.00
866.96	1096.00
867.15	1049.00
867.33	1128.00
867.52	1096.00
867.70	1069.00
867.89	1032.00
868.07	1058.00
868.26	990.00
868.44	1062.00
868.63	1127.00
868.81	1136.00
869.00	1079.00
869.18	1077.00
869.37	1067.00
869.55	1106.00
869.74	1050.00
869.92	999.00
870.10	1027.00
870.29	1091.00
870.47	1065.00
870.66	1131.00
870.84	1112.00
871.03	997.00
871.21	1047.00
871.40	1047.00
871.58	1064.00
871.77	1082.00
871.95	1052.00
872.14	1030.00
872.32	1025.00
872.51	1022.00
872.69	1055.00
872.87	1006.00
873.06	949.00
873.24	1078.00
873.43	1033.00
873.61	1025.00
873.80	1071.00
873.98	994.00
874.17	977.00
874.35	1029.00
874.54	990.00
874.72	946.00
874.90	989.00
875.09	1058.00
875.27	980.00
875.46	945.00
875.64	991.00
875.83	975.00
876.01	927.00
876.20	994.00
876.38	1033.00
876.56	1010.00
876.75	1017.00
876.93	1011.00
877.12	933.00
877.30	929.00
877.49	915.00
877.67	968.00
877.86	977.00
878.04	985.00
878.22	952.00
878.41	1032.00
878.59	964.00
878.78	965.00
878.96	998.00
879.15	1016.00
879.33	942.00
879.51	912.00
879.70	955.00
879.88	1031.00
880.07	1084.00
880.25	1023.00
880.44	956.00
880.62	1015.00
880.80	997.00
880.99	988.00
881.17	1033.00
881.36	956.00
881.54	1030.00
881.73	997.00
881.91	906.00
882.09	996.00
882.28	956.00
882.46	1039.00
882.65	1063.00
882.83	1037.00
883.02	946.00
883.20	888.00
883.38	973.00
883.57	942.00
883.75	957.00
883.94	1007.00
884.12	940.00
884.30	872.00
884.49	921.00
884.67	937.00
884.86	908.00
885.04	984.00
885.22	924.00
885.41	973.00
885.59	958.00
885.78	942.00
885.96	1010.00
886.14	958.00
886.33	973.00
886.51	979.00
886.70	973.00
886.88	937.00
887.06	957.00
887.25	1011.00
887.43	966.00
887.62	976.00
887.80	997.00
887.98	940.00
888.17	914.00
888.35	913.00
888.54	950.00
888.72	979.00
888.90	900.00
889.09	933.00
889.27	979.00
889.46	847.00
889.64	838.00
889.82	866.00
890.01	881.00
890.19	924.00
890.38	945.00
890.56	943.00
890.74	943.00
890.93	936.00
891.11	972.00
891.29	928.00
891.48	865.00
891.66	871.00
891.85	874.00
892.03	938.00
892.21	930.00
892.40	880.00
892.58	838.00
892.76	925.00
892.95	979.00
893.13	971.00
893.32	968.00
893.50	957.00
893.68	967.00
893.87	893.00
894.05	898.00
894.23	918.00
894.42	939.00
894.60	966.00
894.79	907.00
894.97	953.00
895.15	953.00
895.34	937.00
895.52	905.00
895.70	909.00
895.89	898.00
896.07	943.00
896.25	939.00
896.44	914.00
896.62	992.00
896.81	977.00
896.99	951.00
897.17	999.00
897.36	901.00
897.54	988.00
897.72	996.00
897.91	949.00
898.09	943.00
898.27	981.00
898.46	944.00
898.64	932.00
898.82	1081.00
899.01	986.00
899.19	999.00
899.37	960.00
899.56	952.00
899.74	938.00
899.92	997.00
900.11	946.00
900.29	994.00
900.47	944.00
900.66	965.00
900.84	990.00
901.03	937.00
901.21	969.00
901.39	1046.00
901.58	1061.00
901.76	1003.00
901.94	952.00
902.13	977.00
902.31	981.00
902.49	959.00
902.68	1003.00
902.86	978.00
903.04	970.00
903.23	967.00
903.41	919.00
903.59	906.00
903.78	1031.00
903.96	1011.00
904.14	1010.00
904.32	980.00
904.51	951.00
904.69	1027.00
904.87	988.00
905.06	1043.00
905.24	984.00
905.42	1096.00
905.61	1050.00
905.79	1020.00
905.97	1070.00
906.16	1038.00
906.34	1016.00
906.52	1011.00
906.71	1056.00
906.89	1077.00
907.07	1019.00
907.26	992.00
907.44	1007.00
907.62	1044.00
907.81	1034.00
907.99	984.00
908.17	1000.00
908.35	973.00
908.54	1008.00
908.72	1025.00
908.90	1044.00
909.09	1052.00
909.27	1015.00
909.45	996.00
909.64	1043.00
909.82	1060.00
910.00	978.00
910.18	992.00
910.37	928.00
910.55	1035.00
910.73	990.00
910.92	1003.00
911.10	998.00
911.28	1028.00
911.47	962.00
911.65	1053.00
911.83	1030.00
912.01	1039.00
912.20	1032.00
912.38	977.00
912.56	956.00
912.75	1057.00
912.93	1087.00
913.11	992.00
913.29	1022.00
913.48	988.00
913.66	991.00
913.84	1013.00
914.03	1018.00
914.21	979.00
914.39	1024.00
914.57	961.00
914.76	946.00
914.94	971.00
915.12	983.00
915.31	982.00
915.49	1025.00
915.67	1009.00
915.85	1026.00
916.04	989.00
916.22	1015.00
916.40	1045.00
916.58	971.00
916.77	991.00
916.95	966.00
917.13	988.00
917.32	1079.00
917.50	1011.00
917.68	931.00
917.86	943.00
918.05	954.00
918.23	1004.00
918.41	923.00
918.59	953.00
918.78	985.00
918.96	897.00
919.14	920.00
919.32	912.00
919.51	934.00
919.69	984.00
919.87	932.00
920.05	910.00
920.24	918.00
920.42	935.00
920.60	946.00
920.78	954.00
920.97	943.00
921.15	1015.00
921.33	982.00
921.52	957.00
921.70	843.00
921.88	870.00
922.06	939.00
922.24	955.00
922.43	898.00
922.61	913.00
922.79	925.00
922.97	944.00
923.16	931.00
923.34	979.00
923.52	1019.00
923.70	912.00
923.89	944.00
924.07	948.00
924.25	890.00
924.43	901.00
924.62	896.00
924.80	952.00
924.98	884.00
925.16	833.00
925.35	860.00
925.53	840.00
925.71	916.00
925.89	900.00
926.08	868.00
926.26	896.00
926.44	944.00
926.62	862.00
926.80	926.00
926.99	854.00
927.17	874.00
927.35	880.00
927.53	889.00
927.72	931.00
927.90	835.00
928.08	821.00
928.26	850.00
928.44	849.00
928.63	872.00
928.81	850.00
928.99	869.00
929.17	851.00
929.36	892.00
929.54	884.00
929.72	861.00
929.90	852.00
930.08	888.00
930.27	784.00
930.45	756.00
930.63	874.00
930.81	918.00
930.99	834.00
931.18	804.00
931.36	862.00
931.54	811.00
931.72	813.00
931.90	853.00
932.09	792.00
932.27	775.00
932.45	760.00
932.63	789.00
932.81	776.00
933.00	812.00
933.18	807.00
933.36	750.00
933.54	711.00
933.72	736.00
933.91	816.00
934.09	732.00
934.27	689.00
934.45	748.00
934.63	670.00
934.82	734.00
935.00	730.00
935.18	678.00
935.36	688.00
935.54	681.00
935.73	637.00
935.91	649.00
936.09	659.00
936.27	652.00
936.45	611.00
936.64	673.00
936.82	677.00
937.00	624.00
937.18	638.00
937.36	634.00
937.54	655.00
937.73	605.00
937.91	694.00
938.09	625.00
938.27	663.00
938.45	728.00
938.63	618.00
938.82	551.00
939.00	538.00
939.18	496.00
939.36	478.00
939.54	479.00
939.73	553.00
939.91	571.00
940.09	478.00
940.27	603.00
940.45	534.00
940.63	490.00
940.82	587.00
941.00	569.00
941.18	495.00
941.36	491.00
941.54	465.00
941.72	475.00
941.91	452.00
942.09	512.00
942.27	476.00
942.45	450.00
942.63	471.00
942.81	370.00
942.99	466.00
943.18	486.00
943.36	515.00
943.54	529.00
943.72	493.00
943.90	419.00
944.08	461.00
944.27	382.00
944.45	413.00
944.63	416.00
944.81	468.00
944.99	411.00
945.17	429.00
945.35	482.00
945.54	460.00
945.72	450.00
945.90	435.00
946.08	459.00
946.26	501.00
946.44	438.00
946.62	477.00
946.81	418.00
946.99	496.00
947.17	445.00
947.35	395.00
947.53	473.00
947.71	487.00
947.89	496.00
948.07	532.00
948.26	427.00
948.44	396.00
948.62	349.00
948.80	434.00
948.98	530.00
949.16	485.00
949.34	458.00
949.53	431.00
949.71	473.00
949.89	507.00
950.07	511.00
950.25	421.00
950.43	467.00
950.61	494.00
950.79	511.00
950.98	494.00
951.16	470.00
951.34	473.00
951.52	477.00
951.70	450.00
951.88	467.00
952.06	533.00
952.24	452.00
952.42	496.00
952.61	361.00
952.79	389.00
952.97	422.00
953.15	448.00
953.33	480.00
953.51	417.00
953.69	406.00
953.87	491.00
954.05	446.00
954.24	396.00
954.42	396.00
954.60	453.00
954.78	440.00
954.96	431.00
955.14	468.00
955.32	428.00
955.50	437.00
955.68	432.00
955.86	402.00
956.05	412.00
956.23	402.00
956.41	409.00
956.59	446.00
956.77	453.00
956.95	446.00
957.13	413.00
957.31	387.00
957.49	425.00
957.67	442.00
957.86	425.00
958.04	433.00
958.22	498.00
958.40	415.00
958.58	469.00
958.76	460.00
958.94	423.00
959.12	399.00
959.30	432.00
959.48	382.00
959.66	416.00
959.84	434.00
960.03	441.00
960.21	430.00
960.39	423.00
960.57	366.00
960.75	371.00
960.93	411.00
961.11	437.00
961.29	376.00
961.47	443.00
961.65	457.00
961.83	428.00
962.01	460.00
962.19	472.00
962.37	400.00
962.56	474.00
962.74	458.00
962.92	400.00
963.10	406.00
963.28	436.00
963.46	325.00
963.64	343.00
963.82	398.00
964.00	407.00
964.18	430.00
964.36	403.00
964.54	413.00
964.72	415.00
964.90	420.00
965.08	425.00
965.27	485.00
965.45	432.00
965.63	392.00
965.81	444.00
965.99	383.00
966.17	349.00
966.35	396.00
966.53	502.00
966.71	398.00
966.89	376.00
967.07	380.00
967.25	394.00
967.43	425.00
967.61	393.00
967.79	394.00
967.97	418.00
968.15	475.00
968.33	439.00
968.51	448.00
968.69	395.00
968.87	335.00
969.06	374.00
969.24	366.00
969.42	416.00
969.60	405.00
969.78	313.00
969.96	323.00
970.14	401.00
970.32	392.00
970.50	387.00
970.68	387.00
970.86	352.00
971.04	362.00
971.22	344.00
971.40	419.00
971.58	407.00
971.76	432.00
971.94	347.00
972.12	268.00
972.30	397.00
972.48	302.00
972.66	378.00
972.84	458.00
973.02	470.00
973.20	449.00
973.38	411.00
973.56	429.00
973.74	403.00
973.92	423.00
974.10	426.00
974.28	409.00
974.46	330.00
974.64	382.00
974.82	408.00
975.00	341.00
975.18	333.00
975.36	329.00
975.54	389.00
975.72	364.00
975.90	290.00
976.08	357.00
976.26	347.00
976.44	275.00
976.62	382.00
976.80	349.00
976.98	360.00
977.16	341.00
977.34	379.00
977.52	343.00
977.70	372.00
977.88	374.00
978.06	361.00
978.24	306.00
978.42	311.00
978.60	400.00
978.78	415.00
978.96	369.00
979.14	299.00
979.32	271.00
979.50	302.00
979.68	341.00
979.86	269.00
980.04	302.00
980.22	351.00
980.40	371.00
980.58	335.00
980.76	358.00
980.94	313.00
981.12	335.00
981.30	340.00
981.48	313.00
981.66	335.00
981.84	283.00
982.02	280.00
982.20	274.00
982.38	327.00
982.56	359.00
982.74	353.00
982.92	296.00
983.10	341.00
983.28	324.00
983.46	305.00
983.64	346.00
983.82	334.00
984.00	352.00
984.18	276.00
984.36	296.00
984.54	311.00
984.72	333.00
984.90	314.00
985.08	274.00
985.26	318.00
985.44	304.00
985.62	282.00
985.80	325.00
985.98	259.00
986.16	327.00
986.34	342.00
986.51	325.00
986.69	293.00
986.87	369.00
987.05	358.00
987.23	265.00
987.41	291.00
987.59	327.00
987.77	282.00
987.95	289.00
988.13	294.00
988.31	354.00
988.49	275.00
988.67	271.00
988.85	322.00
989.03	259.00
989.21	229.00
989.39	242.00
989.57	352.00
989.75	333.00
989.93	371.00
990.11	335.00
990.28	305.00
990.46	300.00
990.64	318.00
990.82	257.00
991.00	227.00
991.18	286.00
991.36	264.00
991.54	225.00
991.72	279.00
991.90	268.00
992.08	275.00
992.26	296.00
992.44	272.00
992.62	239.00
992.80	312.00
992.98	326.00
993.15	314.00
993.33	340.00
993.51	259.00
993.69	306.00
993.87	289.00
994.05	335.00
994.23	244.00
994.41	257.00
994.59	281.00
994.77	290.00
994.95	289.00
995.13	288.00
995.31	271.00
995.48	348.00
995.66	311.00
995.84	332.00
996.02	316.00
996.20	305.00
996.38	212.00
996.56	202.00
996.74	264.00
996.92	210.00
997.10	209.00
997.28	244.00
997.46	239.00
997.63	220.00
997.81	219.00
997.99	196.00
998.17	266.00
998.35	274.00
998.53	346.00
998.71	310.00
998.89	266.00
999.07	319.00
999.25	219.00
999.43	235.00
999.60	261.00
999.78	235.00
999.96	260.00
1000.14	222.00
1000.32	224.00
1000.50	234.00
1000.68	215.00
1000.86	154.00
1001.04	225.00
1001.21	220.00
1001.39	285.00
1001.57	295.00
1001.75	245.00
1001.93	227.00
1002.11	230.00
1002.29	259.00
1002.47	286.00
1002.65	276.00
1002.82	328.00
1003.00	245.00
1003.18	271.00
1003.36	259.00
1003.54	216.00
1003.72	226.00
1003.90	251.00
1004.08	259.00
1004.26	291.00
1004.43	298.00
1004.61	277.00
1004.79	278.00
1004.97	207.00
1005.15	191.00
1005.33	219.00
1005.51	230.00
1005.69	185.00
1005.86	190.00
1006.04	257.00
1006.22	302.00
1006.40	261.00
1006.58	214.00
1006.76	203.00
1006.94	267.00
1007.12	243.00
1007.29	211.00
1007.47	211.00
1007.65	215.00
1007.83	226.00
1008.01	197.00
1008.19	251.00
1008.37	341.00
1008.54	270.00
1008.72	221.00
1008.90	237.00
1009.08	226.00
1009.26	245.00
1009.44	205.00
1009.62	278.00
1009.79	245.00
1009.97	175.00
1010.15	167.00
1010.33	223.00
1010.51	279.00
1010.69	229.00
1010.87	210.00
1011.04	221.00
1011.22	268.00
1011.40	206.00
1011.58	182.00
1011.76	235.00
1011.94	308.00
1012.11	276.00
1012.29	249.00
1012.47	179.00
1012.65	168.00
1012.83	180.00
1013.01	236.00
1013.18	238.00
1013.36	196.00
1013.54	200.00
1013.72	244.00
1013.90	270.00
1014.08	273.00
1014.25	270.00
1014.43	264.00
1014.61	194.00
1014.79	201.00
1014.97	132.00
1015.15	177.00
1015.32	240.00
1015.50	201.00
1015.68	243.00
1015.86	210.00
1016.04	246.00
1016.22	192.00
1016.39	221.00
1016.57	204.00
1016.75	169.00
1016.93	207.00
1017.11	174.00
1017.29	160.00
1017.46	208.00
1017.64	198.00
1017.82	214.00
1018.00	221.00
1018.18	226.00
1018.35	290.00
1018.53	211.00
1018.71	199.00
1018.89	152.00
1019.07	143.00
1019.24	119.00
1019.42	159.00
1019.60	212.00
1019.78	270.00
1019.96	221.00
1020.14	193.00
1020.31	247.00
1020.49	198.00
1020.67	251.00
1020.85	204.00
1021.03	202.00
1021.20	205.00
1021.38	179.00
1021.56	240.00
1021.74	198.00
1021.92	205.00
1022.09	148.00
1022.27	228.00
1022.45	286.00
1022.63	229.00
1022.81	210.00
1022.98	212.00
1023.16	186.00
1023.34	209.00
1023.52	193.00
1023.69	203.00
1023.87	266.00
1024.05	219.00
1024.23	199.00
1024.41	203.00
1024.58	244.00
1024.76	193.00
1024.94	228.00
1025.12	192.00
1025.30	153.00
1025.47	162.00
1025.65	163.00
1025.83	248.00
1026.01	176.00
1026.18	114.00
1026.36	171.00
1026.54	267.00
1026.72	178.00
1026.90	86.00
1027.07	213.00
1027.25	173.00
1027.43	205.00
1027.61	215.00
1027.78	151.00
1027.96	174.00
1028.14	188.00
1028.32	205.00
1028.49	181.00
1028.67	150.00
1028.85	157.00
1029.03	176.00
1029.21	286.00
1029.38	218.00
1029.56	109.00
1029.74	131.00
1029.92	162.00
1030.09	153.00
1030.27	149.00
1030.45	191.00
1030.63	180.00
1030.80	137.00
1030.98	210.00
1031.16	217.00
1031.34	227.00
1031.51	230.00
1031.69	240.00
1031.87	159.00
1032.05	219.00
1032.22	188.00
1032.40	199.00
1032.58	146.00
1032.76	206.00
1032.93	197.00
1033.11	180.00
1033.29	209.00
1033.47	153.00
1033.64	163.00
1033.82	156.00
1034.00	162.00
1034.18	146.00
1034.35	193.00
1034.53	195.00
1034.71	218.00
1034.89	221.00
1035.06	219.00
1035.24	176.00
1035.42	140.00
1035.59	167.00
1035.77	180.00
1035.95	173.00
1036.13	168.00
1036.30	106.00
1036.48	145.00
1036.66	190.00
1036.84	234.00
1037.01	150.00
1037.19	145.00
1037.37	98.00
1037.54	177.00
1037.72	123.00
1037.90	117.00
1038.08	145.00
1038.25	187.00
1038.43	243.00
1038.61	164.00
1038.79	176.00
1038.96	170.00
1039.14	174.00
1039.32	181.00
1039.49	184.00
1039.67	196.00
1039.85	145.00
1040.03	143.00
1040.20	162.00
1040.38	208.00
1040.56	194.00
1040.73	124.00
1040.91	153.00
1041.09	159.00
1041.27	168.00
1041.44	165.00
1041.62	146.00
1041.80	109.00
1041.97	122.00
1042.15	184.00
1042.33	194.00
1042.50	159.00
1042.68	175.00
1042.86	167.00
1043.04	194.00
1043.21	137.00
1043.39	150.00
1043.57	194.00
1043.74	228.00
1043.92	191.00
1044.10	190.00
1044.27	189.00
1044.45	169.00
1044.63	162.00
1044.80	133.00
1044.98	169.00
1045.16	192.00
1045.34	166.00
1045.51	213.00
1045.69	135.00
1045.87	181.00
1046.04	178.00
1046.22	91.00
1046.40	131.00
1046.57	183.00
1046.75	237.00
1046.93	147.00
1047.10	164.00
1047.28	99.00
1047.46	160.00
1047.63	153.00
1047.81	115.00
1047.99	104.00
1048.16	177.00
1048.34	70.00
1048.52	104.00
1048.69	126.00
1048.87	182.00
1049.05	134.00
1049.22	137.00
1049.40	108.00
1049.58	23.00
1049.75	161.00
1049.93	191.00
1050.11	146.00
1050.28	184.00
1050.46	161.00
1050.64	214.00
1050.81	208.00
1050.99	213.00
1051.17	172.00
1051.34	91.00
1051.52	115.00
1051.70	142.00
1051.87	104.00
1052.05	156.00
1052.23	149.00
1052.40	168.00
1052.58	117.00
1052.76	132.00
1052.93	150.00
1053.11	169.00
1053.29	226.00
1053.46	161.00
1053.64	168.00
1053.82	171.00
1053.99	135.00
1054.17	139.00
1054.35	198.00
1054.52	156.00
1054.70	124.00
1054.87	162.00
1055.05	186.00
1055.23	167.00
1055.40	140.00
1055.58	202.00
1055.76	117.00
1055.93	99.00
1056.11	173.00
1056.29	172.00
1056.46	141.00
1056.64	187.00
1056.81	118.00
1056.99	148.00
1057.17	130.00
1057.34	171.00
1057.52	177.00
1057.70	127.00
1057.87	164.00
1058.05	107.00
1058.22	161.00
1058.40	133.00
1058.58	161.00
1058.75	156.00
1058.93	174.00
1059.11	133.00
1059.28	146.00
1059.46	148.00
1059.63	180.00
1059.81	113.00
1059.99	147.00
1060.16	149.00
1060.34	110.00
1060.52	114.00
1060.69	150.00
1060.87	125.00
1061.04	177.00
1061.22	107.00
