367.62	-83.00
367.82	-82.00
368.02	-2.00
368.23	22.00
368.43	25.00
368.63	16.00
368.83	-33.00
369.04	-27.00
369.24	19.00
369.44	21.00
369.65	50.00
369.85	3.00
370.05	3.00
370.25	19.00
370.46	-21.00
370.66	35.00
370.86	53.00
371.07	25.00
371.27	22.00
371.47	-36.00
371.67	-55.00
371.88	-6.00
372.08	-12.00
372.28	9.00
372.49	16.00
372.69	19.00
372.89	-19.00
373.09	-14.00
373.30	-27.00
373.50	-28.00
373.70	27.00
373.91	60.00
374.11	27.00
374.31	20.00
374.51	8.00
374.72	25.00
374.92	-18.00
375.12	0.00
375.33	-8.00
375.53	24.00
375.73	33.00
375.93	-13.00
376.14	6.00
376.34	12.00
376.54	-12.00
376.74	48.00
376.95	10.00
377.15	-17.00
377.35	-22.00
377.55	-46.00
377.76	-46.00
377.96	25.00
378.16	27.00
378.37	19.00
378.57	35.00
378.77	43.00
378.97	8.00
379.18	-42.00
379.38	-14.00
379.58	72.00
379.78	-17.00
379.99	42.00
380.19	25.00
380.39	-43.00
380.59	-10.00
380.80	-27.00
381.00	-35.00
381.20	-22.00
381.40	-14.00
381.61	29.00
381.81	-42.00
382.01	-12.00
382.21	53.00
382.42	21.00
382.62	-11.00
382.82	-3.00
383.02	-8.00
383.23	18.00
383.43	-25.00
383.63	-7.00
383.83	-9.00
384.04	-4.00
384.24	-39.00
384.44	-4.00
384.64	3.00
384.85	14.00
385.05	-20.00
385.25	24.00
385.45	84.00
385.66	4.00
385.86	69.00
386.06	14.00
386.26	4.00
386.47	58.00
386.67	30.00
386.87	-31.00
387.07	-45.00
387.27	-98.00
387.48	31.00
387.68	25.00
387.88	-10.00
388.08	-53.00
388.29	-29.00
388.49	1.00
388.69	26.00
388.89	-7.00
389.10	-51.00
389.30	-33.00
389.50	-64.00
389.70	11.00
389.90	2.00
390.11	16.00
390.31	-55.00
390.51	42.00
390.71	72.00
390.92	39.00
391.12	0.00
391.32	-3.00
391.52	-19.00
391.72	24.00
391.93	54.00
392.13	2.00
392.33	56.00
392.53	16.00
392.74	2.00
392.94	27.00
393.14	35.00
393.34	2.00
393.54	36.00
393.75	-9.00
393.95	-1.00
394.15	20.00
394.35	13.00
394.56	-64.00
394.76	-30.00
394.96	4.00
395.16	20.00
395.36	22.00
395.57	-50.00
395.77	-21.00
395.97	4.00
396.17	8.00
396.37	11.00
396.58	-5.00
396.78	0.00
396.98	-6.00
397.18	-16.00
397.38	-47.00
397.59	-53.00
397.79	-8.00
397.99	-33.00
398.19	-24.00
398.39	-35.00
398.60	16.00
398.80	36.00
399.00	83.00
399.20	54.00
399.40	-21.00
399.61	24.00
399.81	-12.00
400.01	22.00
400.21	-17.00
400.41	-58.00
400.62	-34.00
400.82	-70.00
401.02	-3.00
401.22	60.00
401.42	53.00
401.63	59.00
401.83	39.00
402.03	49.00
402.23	28.00
402.43	-60.00
402.64	-41.00
402.84	-7.00
403.04	5.00
403.24	56.00
403.44	58.00
403.64	82.00
403.85	-15.00
404.05	79.00
404.25	74.00
404.45	-43.00
404.65	-29.00
404.86	30.00
405.06	80.00
405.26	-9.00
405.46	-51.00
405.66	-22.00
405.86	-31.00
406.07	44.00
406.27	25.00
406.47	18.00
406.67	51.00
406.87	89.00
407.07	70.00
407.28	13.00
407.48	-13.00
407.68	-19.00
407.88	-13.00
408.08	47.00
408.28	75.00
408.49	13.00
408.69	60.00
408.89	86.00
409.09	36.00
409.29	24.00
409.49	-1.00
409.70	-14.00
409.90	5.00
410.10	-2.00
410.30	104.00
410.50	31.00
410.70	-81.00
410.91	-59.00
411.11	-15.00
411.31	40.00
411.51	72.00
411.71	28.00
411.91	60.00
412.12	51.00
412.32	34.00
412.52	58.00
412.72	52.00
412.92	46.00
413.12	-15.00
413.32	15.00
413.53	-3.00
413.73	40.00
413.93	39.00
414.13	-6.00
414.33	29.00
414.53	-1.00
414.74	2.00
414.94	-6.00
415.14	-37.00
415.34	-25.00
415.54	14.00
415.74	35.00
415.94	-5.00
416.15	7.00
416.35	0.00
416.55	29.00
416.75	46.00
416.95	50.00
417.15	65.00
417.35	64.00
417.56	37.00
417.76	49.00
417.96	-5.00
418.16	-17.00
418.36	30.00
418.56	89.00
418.76	55.00
418.97	20.00
419.17	20.00
419.37	55.00
419.57	38.00
419.77	97.00
419.97	64.00
420.17	2.00
420.37	44.00
420.58	41.00
420.78	117.00
420.98	34.00
421.18	7.00
421.38	58.00
421.58	88.00
421.78	30.00
421.98	-1.00
422.19	56.00
422.39	11.00
422.59	-6.00
422.79	25.00
422.99	64.00
423.19	74.00
423.39	34.00
423.59	43.00
423.80	62.00
424.00	-22.00
424.20	43.00
424.40	63.00
424.60	56.00
424.80	69.00
425.00	81.00
425.20	41.00
425.40	126.00
425.61	40.00
425.81	37.00
426.01	50.00
426.21	87.00
426.41	71.00
426.61	16.00
426.81	15.00
427.01	29.00
427.21	65.00
427.42	17.00
427.62	88.00
427.82	61.00
428.02	33.00
428.22	24.00
428.42	-28.00
428.62	-18.00
428.82	107.00
429.02	106.00
429.23	4.00
429.43	4.00
429.63	13.00
429.83	67.00
430.03	51.00
430.23	84.00
430.43	-12.00
430.63	-51.00
430.83	20.00
431.03	26.00
431.24	32.00
431.44	92.00
431.64	77.00
431.84	82.00
432.04	71.00
432.24	74.00
432.44	60.00
432.64	20.00
432.84	-11.00
433.04	-19.00
433.24	51.00
433.45	14.00
433.65	-2.00
433.85	-31.00
434.05	21.00
434.25	29.00
434.45	17.00
434.65	137.00
434.85	103.00
435.05	10.00
435.25	72.00
435.45	38.00
435.65	29.00
435.86	72.00
436.06	55.00
436.26	-6.00
436.46	85.00
436.66	53.00
436.86	54.00
437.06	57.00
437.26	25.00
437.46	45.00
437.66	9.00
437.86	-27.00
438.06	23.00
438.26	16.00
438.47	113.00
438.67	59.00
438.87	46.00
439.07	18.00
439.27	-4.00
439.47	27.00
439.67	83.00
439.87	61.00
440.07	43.00
440.27	72.00
440.47	1.00
440.67	-33.00
440.87	13.00
441.07	-4.00
441.27	16.00
441.48	52.00
441.68	18.00
441.88	-13.00
442.08	-4.00
442.28	64.00
442.48	34.00
442.68	43.00
442.88	18.00
443.08	-2.00
443.28	70.00
443.48	137.00
443.68	97.00
443.88	47.00
444.08	23.00
444.28	95.00
444.48	66.00
444.68	-3.00
444.88	-6.00
445.09	80.00
445.29	51.00
445.49	-1.00
445.69	39.00
445.89	29.00
446.09	62.00
446.29	75.00
446.49	24.00
446.69	82.00
446.89	25.00
447.09	27.00
447.29	2.00
447.49	60.00
447.69	121.00
447.89	101.00
448.09	45.00
448.29	49.00
448.49	8.00
448.69	20.00
448.89	75.00
449.09	46.00
449.29	75.00
449.49	102.00
449.70	72.00
449.90	103.00
450.10	87.00
450.30	96.00
450.50	73.00
450.70	152.00
450.90	81.00
451.10	-28.00
451.30	10.00
451.50	71.00
451.70	128.00
451.90	107.00
452.10	58.00
452.30	33.00
452.50	79.00
452.70	74.00
452.90	63.00
453.10	79.00
453.30	52.00
453.50	54.00
453.70	105.00
453.90	11.00
454.10	94.00
454.30	94.00
454.50	59.00
454.70	40.00
454.90	56.00
455.10	99.00
455.30	139.00
455.50	175.00
455.70	130.00
455.90	104.00
456.10	40.00
456.30	113.00
456.50	109.00
456.70	85.00
456.90	74.00
457.10	68.00
457.30	82.00
457.50	84.00
457.70	86.00
457.90	87.00
458.10	52.00
458.30	57.00
458.50	68.00
458.70	61.00
458.90	62.00
459.10	54.00
459.30	82.00
459.50	86.00
459.70	-21.00
459.90	37.00
460.10	105.00
460.30	141.00
460.50	109.00
460.70	103.00
460.90	71.00
461.10	7.00
461.30	77.00
461.50	91.00
461.70	95.00
461.90	130.00
462.10	198.00
462.30	145.00
462.50	80.00
462.70	91.00
462.90	107.00
463.10	95.00
463.30	73.00
463.50	166.00
463.70	111.00
463.90	124.00
464.10	111.00
464.30	95.00
464.50	61.00
464.70	116.00
464.90	64.00
465.10	-4.00
465.30	10.00
465.50	118.00
465.70	160.00
465.90	144.00
466.10	98.00
466.30	101.00
466.50	51.00
466.70	116.00
466.90	78.00
467.10	55.00
467.30	26.00
467.50	77.00
467.70	44.00
467.90	95.00
468.10	130.00
468.30	181.00
468.50	139.00
468.70	72.00
468.90	89.00
469.10	65.00
469.30	7.00
469.50	51.00
469.70	86.00
469.90	42.00
470.10	148.00
470.30	110.00
470.50	120.00
470.70	127.00
470.90	95.00
471.10	142.00
471.29	123.00
471.49	130.00
471.69	74.00
471.89	59.00
472.09	5.00
472.29	65.00
472.49	105.00
472.69	59.00
472.89	76.00
473.09	98.00
473.29	126.00
473.49	150.00
473.69	179.00
473.89	60.00
474.09	49.00
474.29	57.00
474.49	111.00
474.69	108.00
474.89	98.00
475.09	95.00
475.29	133.00
475.49	110.00
475.69	34.00
475.88	51.00
476.08	96.00
476.28	82.00
476.48	65.00
476.68	89.00
476.88	136.00
477.08	90.00
477.28	81.00
477.48	49.00
477.68	11.00
477.88	94.00
478.08	67.00
478.28	174.00
478.48	111.00
478.68	86.00
478.88	101.00
479.08	67.00
479.28	117.00
479.47	168.00
479.67	151.00
479.87	72.00
480.07	99.00
480.27	84.00
480.47	182.00
480.67	140.00
480.87	110.00
481.07	107.00
481.27	146.00
481.47	135.00
481.67	78.00
481.87	47.00
482.07	101.00
482.27	127.00
482.46	112.00
482.66	77.00
482.86	133.00
483.06	125.00
483.26	103.00
483.46	158.00
483.66	127.00
483.86	25.00
484.06	34.00
484.26	97.00
484.46	79.00
484.66	109.00
484.86	82.00
485.05	131.00
485.25	134.00
485.45	69.00
485.65	158.00
485.85	137.00
486.05	67.00
486.25	113.00
486.45	94.00
486.65	91.00
486.85	149.00
487.05	152.00
487.25	116.00
487.44	107.00
487.64	172.00
487.84	161.00
488.04	186.00
488.24	218.00
488.44	136.00
488.64	94.00
488.84	102.00
489.04	173.00
489.24	95.00
489.43	80.00
489.63	97.00
489.83	211.00
490.03	157.00
490.23	85.00
490.43	160.00
490.63	99.00
490.83	99.00
491.03	144.00
491.23	210.00
491.42	126.00
491.62	161.00
491.82	162.00
492.02	204.00
492.22	119.00
492.42	121.00
492.62	142.00
492.82	117.00
493.02	104.00
493.22	48.00
493.41	77.00
493.61	181.00
493.81	162.00
494.01	140.00
494.21	180.00
494.41	69.00
494.61	142.00
494.81	185.00
495.01	130.00
495.20	208.00
495.40	172.00
495.60	151.00
495.80	177.00
496.00	145.00
496.20	140.00
496.40	174.00
496.60	176.00
496.79	215.00
496.99	170.00
497.19	140.00
497.39	217.00
497.59	214.00
497.79	198.00
497.99	141.00
498.19	162.00
498.38	141.00
498.58	205.00
498.78	179.00
498.98	238.00
499.18	177.00
499.38	191.00
499.58	190.00
499.78	123.00
499.97	157.00
500.17	223.00
500.37	151.00
500.57	181.00
500.77	257.00
500.97	203.00
501.17	209.00
501.37	176.00
501.56	120.00
501.76	174.00
501.96	124.00
502.16	86.00
502.36	82.00
502.56	108.00
502.76	181.00
502.95	208.00
503.15	157.00
503.35	125.00
503.55	154.00
503.75	180.00
503.95	160.00
504.15	136.00
504.34	120.00
504.54	113.00
504.74	178.00
504.94	246.00
505.14	210.00
505.34	116.00
505.54	152.00
505.73	155.00
505.93	143.00
506.13	131.00
506.33	128.00
506.53	70.00
506.73	204.00
506.92	200.00
507.12	155.00
507.32	238.00
507.52	235.00
507.72	180.00
507.92	218.00
508.12	169.00
508.31	143.00
508.51	150.00
508.71	140.00
508.91	203.00
509.11	230.00
509.31	170.00
509.50	179.00
509.70	210.00
509.90	214.00
510.10	177.00
510.30	215.00
510.50	179.00
510.69	187.00
510.89	169.00
511.09	189.00
511.29	296.00
511.49	249.00
511.69	198.00
511.88	203.00
512.08	187.00
512.28	176.00
512.48	192.00
512.68	163.00
512.88	164.00
513.07	195.00
513.27	220.00
513.47	148.00
513.67	238.00
513.87	178.00
514.06	204.00
514.26	172.00
514.46	164.00
514.66	171.00
514.86	259.00
515.06	194.00
515.25	186.00
515.45	156.00
515.65	171.00
515.85	210.00
516.05	215.00
516.24	219.00
516.44	158.00
516.64	186.00
516.84	185.00
517.04	182.00
517.23	188.00
517.43	229.00
517.63	215.00
517.83	232.00
518.03	227.00
518.23	158.00
518.42	164.00
518.62	242.00
518.82	222.00
519.02	249.00
519.22	233.00
519.41	214.00
519.61	209.00
519.81	233.00
520.01	189.00
520.21	256.00
520.40	189.00
520.60	164.00
520.80	164.00
521.00	157.00
521.20	184.00
521.39	184.00
521.59	138.00
521.79	176.00
521.99	239.00
522.19	272.00
522.38	238.00
522.58	227.00
522.78	268.00
522.98	165.00
523.17	240.00
523.37	191.00
523.57	187.00
523.77	260.00
523.97	226.00
524.16	152.00
524.36	201.00
524.56	235.00
524.76	180.00
524.96	241.00
525.15	224.00
525.35	262.00
525.55	248.00
525.75	216.00
525.94	201.00
526.14	196.00
526.34	233.00
526.54	214.00
526.74	222.00
526.93	268.00
527.13	244.00
527.33	187.00
527.53	177.00
527.72	243.00
527.92	266.00
528.12	240.00
528.32	219.00
528.52	227.00
528.71	331.00
528.91	279.00
529.11	324.00
529.31	342.00
529.50	267.00
529.70	250.00
529.90	271.00
530.10	260.00
530.29	333.00
530.49	288.00
530.69	261.00
530.89	265.00
531.09	278.00
531.28	277.00
531.48	250.00
531.68	305.00
531.88	253.00
532.07	203.00
532.27	241.00
532.47	273.00
532.67	286.00
532.86	305.00
533.06	295.00
533.26	302.00
533.46	227.00
533.65	255.00
533.85	266.00
534.05	210.00
534.25	271.00
534.44	335.00
534.64	377.00
534.84	343.00
535.04	325.00
535.23	344.00
535.43	334.00
535.63	340.00
535.83	301.00
536.02	321.00
536.22	332.00
536.42	279.00
536.62	344.00
536.81	356.00
537.01	359.00
537.21	312.00
537.41	354.00
537.60	384.00
537.80	350.00
538.00	326.00
538.20	360.00
538.39	387.00
538.59	358.00
538.79	423.00
538.99	437.00
539.18	410.00
539.38	406.00
539.58	449.00
539.77	415.00
539.97	417.00
540.17	353.00
540.37	401.00
540.56	348.00
540.76	452.00
540.96	357.00
541.16	376.00
541.35	380.00
541.55	368.00
541.75	426.00
541.94	451.00
542.14	474.00
542.34	420.00
542.54	448.00
542.73	465.00
542.93	448.00
543.13	499.00
543.33	426.00
543.52	416.00
543.72	449.00
543.92	450.00
544.11	503.00
544.31	439.00
544.51	468.00
544.71	528.00
544.90	505.00
545.10	491.00
545.30	494.00
545.49	456.00
545.69	396.00
545.89	409.00
546.09	530.00
546.28	543.00
546.48	614.00
546.68	534.00
546.87	439.00
547.07	475.00
547.27	520.00
547.47	503.00
547.66	479.00
547.86	456.00
548.06	514.00
548.25	408.00
548.45	467.00
548.65	480.00
548.84	410.00
549.04	381.00
549.24	442.00
549.44	447.00
549.63	422.00
549.83	453.00
550.03	465.00
550.22	517.00
550.42	466.00
550.62	409.00
550.81	383.00
551.01	436.00
551.21	432.00
551.41	421.00
551.60	470.00
551.80	442.00
552.00	376.00
552.19	368.00
552.39	417.00
552.59	389.00
552.78	435.00
552.98	414.00
553.18	366.00
553.37	468.00
553.57	462.00
553.77	419.00
553.96	391.00
554.16	455.00
554.36	440.00
554.56	415.00
554.75	495.00
554.95	392.00
555.15	432.00
555.34	422.00
555.54	409.00
555.74	446.00
555.93	438.00
556.13	394.00
556.33	421.00
556.52	450.00
556.72	389.00
556.92	385.00
557.11	389.00
557.31	353.00
557.51	371.00
557.70	357.00
557.90	384.00
558.10	337.00
558.29	325.00
558.49	383.00
558.69	445.00
558.88	346.00
559.08	316.00
559.28	288.00
559.47	337.00
559.67	379.00
559.87	345.00
560.06	390.00
560.26	400.00
560.46	353.00
560.65	311.00
560.85	348.00
561.05	333.00
561.24	266.00
561.44	277.00
561.64	384.00
561.83	458.00
562.03	424.00
562.23	369.00
562.42	374.00
562.62	382.00
562.82	355.00
563.01	274.00
563.21	369.00
563.40	391.00
563.60	367.00
563.80	365.00
563.99	359.00
564.19	339.00
564.39	361.00
564.58	479.00
564.78	462.00
564.98	375.00
565.17	384.00
565.37	374.00
565.57	375.00
565.76	309.00
565.96	369.00
566.16	328.00
566.35	341.00
566.55	401.00
566.74	388.00
566.94	346.00
567.14	412.00
567.33	484.00
567.53	425.00
567.73	432.00
567.92	407.00
568.12	398.00
568.32	408.00
568.51	410.00
568.71	376.00
568.90	392.00
569.10	347.00
569.30	390.00
569.49	459.00
569.69	484.00
569.89	512.00
570.08	449.00
570.28	413.00
570.47	465.00
570.67	492.00
570.87	434.00
571.06	404.00
571.26	465.00
571.46	399.00
571.65	416.00
571.85	393.00
572.04	428.00
572.24	501.00
572.44	457.00
572.63	408.00
572.83	435.00
573.03	458.00
573.22	432.00
573.42	455.00
573.61	446.00
573.81	531.00
574.01	471.00
574.20	518.00
574.40	470.00
574.59	513.00
574.79	501.00
574.99	553.00
575.18	581.00
575.38	599.00
575.58	597.00
575.77	547.00
575.97	508.00
576.16	584.00
576.36	597.00
576.56	619.00
576.75	672.00
576.95	632.00
577.14	638.00
577.34	713.00
577.54	648.00
577.73	558.00
577.93	576.00
578.12	595.00
578.32	710.00
578.52	696.00
578.71	705.00
578.91	696.00
579.10	703.00
579.30	671.00
579.50	630.00
579.69	624.00
579.89	642.00
580.08	672.00
580.28	751.00
580.48	737.00
580.67	750.00
580.87	743.00
581.06	712.00
581.26	727.00
581.45	745.00
581.65	765.00
581.85	780.00
582.04	796.00
582.24	779.00
582.43	779.00
582.63	860.00
582.83	836.00
583.02	866.00
583.22	898.00
583.41	991.00
583.61	978.00
583.80	934.00
584.00	945.00
584.20	971.00
584.39	978.00
584.59	937.00
584.78	917.00
584.98	946.00
585.17	906.00
585.37	985.00
585.57	965.00
585.76	1022.00
585.96	997.00
586.15	1025.00
586.35	1011.00
586.54	996.00
586.74	1029.00
586.94	1032.00
587.13	1049.00
587.33	1093.00
587.52	1094.00
587.72	1153.00
587.91	1132.00
588.11	1164.00
588.31	1088.00
588.50	1105.00
588.70	1128.00
588.89	1158.00
589.09	1168.00
589.28	1272.00
589.48	1197.00
589.68	1130.00
589.87	1257.00
590.07	1300.00
590.26	1254.00
590.46	1226.00
590.65	1321.00
590.85	1391.00
591.04	1224.00
591.24	1249.00
591.44	1291.00
591.63	1346.00
591.83	1262.00
592.02	1300.00
592.22	1365.00
592.41	1430.00
592.61	1375.00
592.80	1385.00
593.00	1420.00
593.19	1450.00
593.39	1503.00
593.59	1408.00
593.78	1461.00
593.98	1562.00
594.17	1511.00
594.37	1443.00
594.56	1460.00
594.76	1425.00
594.95	1435.00
595.15	1495.00
595.34	1506.00
595.54	1446.00
595.73	1440.00
595.93	1470.00
596.13	1505.00
596.32	1555.00
596.52	1481.00
596.71	1568.00
596.91	1643.00
597.10	1602.00
597.30	1634.00
597.49	1625.00
597.69	1612.00
597.88	1612.00
598.08	1631.00
598.27	1709.00
598.47	1673.00
598.66	1686.00
598.86	1778.00
599.06	1730.00
599.25	1680.00
599.45	1691.00
599.64	1729.00
599.84	1735.00
600.03	1587.00
600.23	1736.00
600.42	1697.00
600.62	1667.00
600.81	1733.00
601.01	1751.00
601.20	1716.00
601.40	1685.00
601.59	1690.00
601.79	1666.00
601.98	1690.00
602.18	1694.00
602.37	1690.00
602.57	1627.00
602.76	1615.00
602.96	1697.00
603.15	1595.00
603.35	1767.00
603.54	1734.00
603.74	1709.00
603.93	1675.00
604.13	1703.00
604.32	1648.00
604.52	1685.00
604.71	1648.00
604.91	1662.00
605.10	1637.00
605.30	1682.00
605.49	1739.00
605.69	1624.00
605.88	1723.00
606.08	1738.00
606.27	1631.00
606.47	1648.00
606.66	1744.00
606.86	1741.00
607.05	1735.00
607.25	1699.00
607.44	1726.00
607.64	1846.00
607.83	1695.00
608.03	1682.00
608.22	1820.00
608.42	1793.00
608.61	1869.00
608.81	1874.00
609.00	1901.00
609.20	1874.00
609.39	1974.00
609.59	1990.00
609.78	2011.00
609.98	2117.00
610.17	2265.00
610.37	2441.00
610.56	2547.00
610.76	2799.00
610.95	2882.00
611.15	2952.00
611.34	3103.00
611.54	3159.00
611.73	3069.00
611.93	2907.00
612.12	2620.00
612.32	2484.00
612.51	2266.00
612.71	2156.00
612.90	2087.00
613.09	2158.00
613.29	2054.00
613.48	2077.00
613.68	2080.00
613.87	2053.00
614.07	2067.00
614.26	2013.00
614.46	1949.00
614.65	1904.00
614.85	2014.00
615.04	1982.00
615.24	1979.00
615.43	1989.00
615.63	1786.00
615.82	1801.00
616.02	1831.00
616.21	1758.00
616.40	1795.00
616.60	1775.00
616.79	1763.00
616.99	1776.00
617.18	1829.00
617.38	1788.00
617.57	1714.00
617.77	1648.00
617.96	1762.00
618.16	1753.00
618.35	1774.00
618.54	1727.00
618.74	1806.00
618.93	1765.00
619.13	1671.00
619.32	1699.00
619.52	1817.00
619.71	1751.00
619.91	1880.00
620.10	1834.00
620.30	1806.00
620.49	1832.00
620.68	1774.00
620.88	1760.00
621.07	1755.00
621.27	1825.00
621.46	1858.00
621.66	1909.00
621.85	1918.00
622.05	1839.00
622.24	1878.00
622.43	1963.00
622.63	1874.00
622.82	1875.00
623.02	1877.00
623.21	1831.00
623.41	1926.00
623.60	1907.00
623.80	1844.00
623.99	1832.00
624.18	1913.00
624.38	1843.00
624.57	1845.00
624.77	1812.00
624.96	1848.00
625.16	1906.00
625.35	1983.00
625.54	2023.00
625.74	2038.00
625.93	2050.00
626.13	1901.00
626.32	1961.00
626.52	2015.00
626.71	1987.00
626.90	1999.00
627.10	2005.00
627.29	1932.00
627.49	1967.00
627.68	1987.00
627.88	1986.00
628.07	2027.00
628.26	2042.00
628.46	2010.00
628.65	1979.00
628.85	1965.00
629.04	2035.00
629.23	2159.00
629.43	2187.00
629.62	2153.00
629.82	2183.00
630.01	2212.00
630.21	2273.00
630.40	2064.00
630.59	2135.00
630.79	2181.00
630.98	2284.00
631.18	2216.00
631.37	2208.00
631.56	2233.00
631.76	2276.00
631.95	2216.00
632.15	2166.00
632.34	2218.00
632.53	2159.00
632.73	2136.00
632.92	2148.00
633.12	2197.00
633.31	2177.00
633.50	2152.00
633.70	2182.00
633.89	2206.00
634.09	2160.00
634.28	2143.00
634.47	2186.00
634.67	2153.00
634.86	2219.00
635.06	2260.00
635.25	2280.00
635.44	2261.00
635.64	2299.00
635.83	2255.00
636.03	2248.00
636.22	2336.00
636.41	2349.00
636.61	2370.00
636.80	2317.00
637.00	2326.00
637.19	2366.00
637.38	2340.00
637.58	2369.00
637.77	2364.00
637.96	2475.00
638.16	2451.00
638.35	2412.00
638.55	2453.00
638.74	2452.00
638.93	2425.00
639.13	2506.00
639.32	2422.00
639.51	2549.00
639.71	2632.00
639.90	2575.00
640.10	2499.00
640.29	2551.00
640.48	2619.00
640.68	2594.00
640.87	2594.00
641.07	2673.00
641.26	2581.00
641.45	2560.00
641.65	2723.00
641.84	2709.00
642.03	2638.00
642.23	2709.00
642.42	2694.00
642.61	2712.00
642.81	2680.00
643.00	2741.00
643.20	2693.00
643.39	2585.00
643.58	2658.00
643.78	2688.00
643.97	2674.00
644.16	2703.00
644.36	2740.00
644.55	2713.00
644.74	2816.00
644.94	2837.00
645.13	2933.00
645.33	2868.00
645.52	2819.00
645.71	2850.00
645.91	2820.00
646.10	2806.00
646.29	2842.00
646.49	2854.00
646.68	2915.00
646.87	2906.00
647.07	2971.00
647.26	2899.00
647.45	2937.00
647.65	2963.00
647.84	2931.00
648.03	2957.00
648.23	3003.00
648.42	3001.00
648.62	2896.00
648.81	3059.00
649.00	2983.00
649.20	2943.00
649.39	2966.00
649.58	3036.00
649.78	2984.00
649.97	2939.00
650.16	2940.00
650.36	3027.00
650.55	2980.00
650.74	3010.00
650.94	3087.00
651.13	3096.00
651.32	3129.00
651.52	3068.00
651.71	3121.00
651.90	3134.00
652.10	3064.00
652.29	3132.00
652.48	3222.00
652.68	3090.00
652.87	3119.00
653.06	3074.00
653.26	3122.00
653.45	3021.00
653.64	3087.00
653.84	3065.00
654.03	2969.00
654.22	3039.00
654.42	3112.00
654.61	3133.00
654.80	3053.00
654.99	2930.00
655.19	3102.00
655.38	3076.00
655.57	3041.00
655.77	3159.00
655.96	3197.00
656.15	3149.00
656.35	3112.00
656.54	3129.00
656.73	3124.00
656.93	3134.00
657.12	3043.00
657.31	3056.00
657.51	3064.00
657.70	3050.00
657.89	3087.00
658.09	3135.00
658.28	3148.00
658.47	3154.00
658.66	3155.00
658.86	3074.00
659.05	3062.00
659.24	3122.00
659.44	3085.00
659.63	3111.00
659.82	3085.00
660.02	3051.00
660.21	3095.00
660.40	3044.00
660.60	2871.00
660.79	2920.00
660.98	2861.00
661.17	2922.00
661.37	2970.00
661.56	2956.00
661.75	3050.00
661.95	3045.00
662.14	3023.00
662.33	3039.00
662.52	3018.00
662.72	3011.00
662.91	2958.00
663.10	3046.00
663.30	3136.00
663.49	3049.00
663.68	3105.00
663.88	3021.00
664.07	2959.00
664.26	2930.00
664.45	2926.00
664.65	2829.00
664.84	2802.00
665.03	2891.00
665.23	2861.00
665.42	2881.00
665.61	2914.00
665.80	2873.00
666.00	2836.00
666.19	2843.00
666.38	2891.00
666.57	2857.00
666.77	2943.00
666.96	2942.00
667.15	3027.00
667.35	2968.00
667.54	2929.00
667.73	2937.00
667.92	2845.00
668.12	2835.00
668.31	2918.00
668.50	2839.00
668.70	2785.00
668.89	2790.00
669.08	2716.00
669.27	2755.00
669.47	2818.00
669.66	2725.00
669.85	2877.00
670.04	2860.00
670.24	2905.00
670.43	2853.00
670.62	2782.00
670.81	2825.00
671.01	2808.00
671.20	2783.00
671.39	2796.00
671.58	2845.00
671.78	2789.00
671.97	2812.00
672.16	2743.00
672.36	2750.00
672.55	2699.00
672.74	2748.00
672.93	2706.00
673.13	2748.00
673.32	2729.00
673.51	2660.00
673.70	2640.00
673.90	2703.00
674.09	2664.00
674.28	2754.00
674.47	2674.00
674.67	2730.00
674.86	2754.00
675.05	2780.00
675.24	2693.00
675.44	2657.00
675.63	2667.00
675.82	2701.00
676.01	2678.00
676.21	2648.00
676.40	2606.00
676.59	2647.00
676.78	2713.00
676.97	2677.00
677.17	2712.00
677.36	2647.00
677.55	2663.00
677.74	2622.00
677.94	2592.00
678.13	2592.00
678.32	2600.00
678.51	2638.00
678.71	2663.00
678.90	2630.00
679.09	2704.00
679.28	2606.00
679.48	2605.00
679.67	2631.00
679.86	2595.00
680.05	2590.00
680.24	2615.00
680.44	2639.00
680.63	2559.00
680.82	2593.00
681.01	2597.00
681.21	2551.00
681.40	2591.00
681.59	2548.00
681.78	2604.00
681.97	2522.00
682.17	2521.00
682.36	2485.00
682.55	2578.00
682.74	2702.00
682.94	2541.00
683.13	2494.00
683.32	2558.00
683.51	2583.00
683.70	2543.00
683.90	2505.00
684.09	2451.00
684.28	2549.00
684.47	2664.00
684.66	2544.00
684.86	2503.00
685.05	2486.00
685.24	2466.00
685.43	2410.00
685.63	2394.00
685.82	2523.00
686.01	2413.00
686.20	2467.00
686.39	2567.00
686.59	2587.00
686.78	2588.00
686.97	2613.00
687.16	2458.00
687.35	2524.00
687.55	2572.00
687.74	2542.00
687.93	2429.00
688.12	2457.00
688.31	2452.00
688.51	2524.00
688.70	2549.00
688.89	2571.00
689.08	2570.00
689.27	2626.00
689.47	2614.00
689.66	2531.00
689.85	2568.00
690.04	2553.00
690.23	2549.00
690.42	2573.00
690.62	2452.00
690.81	2450.00
691.00	2595.00
691.19	2526.00
691.38	2571.00
691.58	2480.00
691.77	2413.00
691.96	2456.00
692.15	2495.00
692.34	2389.00
692.54	2446.00
692.73	2503.00
692.92	2470.00
693.11	2491.00
693.30	2514.00
693.49	2495.00
693.69	2597.00
693.88	2565.00
694.07	2554.00
694.26	2499.00
694.45	2444.00
694.64	2409.00
694.84	2461.00
695.03	2463.00
695.22	2434.00
695.41	2450.00
695.60	2469.00
695.80	2561.00
695.99	2575.00
696.18	2497.00
696.37	2513.00
696.56	2542.00
696.75	2446.00
696.95	2516.00
697.14	2577.00
697.33	2525.00
697.52	2507.00
697.71	2587.00
697.90	2550.00
698.09	2469.00
698.29	2601.00
698.48	2658.00
698.67	2563.00
698.86	2535.00
699.05	2550.00
699.24	2621.00
699.44	2623.00
699.63	2659.00
699.82	2586.00
700.01	2579.00
700.20	2501.00
700.39	2506.00
700.58	2646.00
700.78	2575.00
700.97	2609.00
701.16	2529.00
701.35	2593.00
701.54	2533.00
701.73	2603.00
701.93	2640.00
702.12	2647.00
702.31	2556.00
702.50	2688.00
702.69	2752.00
702.88	2794.00
703.07	2734.00
703.27	2744.00
703.46	2816.00
703.65	2856.00
703.84	2837.00
704.03	2735.00
704.22	2802.00
704.41	2854.00
704.60	2764.00
704.80	2863.00
704.99	2832.00
705.18	2801.00
705.37	2777.00
705.56	2906.00
705.75	2836.00
705.94	2854.00
706.14	2855.00
706.33	2944.00
706.52	2933.00
706.71	2852.00
706.90	2907.00
707.09	2886.00
707.28	3002.00
707.47	3020.00
707.67	2894.00
707.86	2954.00
708.05	3029.00
708.24	2949.00
708.43	2886.00
708.62	3007.00
708.81	3069.00
709.00	3047.00
709.20	3058.00
709.39	3015.00
709.58	2956.00
709.77	3046.00
709.96	3097.00
710.15	2971.00
710.34	2941.00
710.53	2992.00
710.72	2979.00
710.92	3035.00
711.11	3001.00
711.30	3037.00
711.49	2946.00
711.68	2955.00
711.87	3040.00
712.06	3108.00
712.25	3173.00
712.44	3089.00
712.64	3136.00
712.83	3190.00
713.02	3072.00
713.21	3127.00
713.40	3219.00
713.59	3194.00
713.78	3109.00
713.97	3116.00
714.16	3132.00
714.35	3129.00
714.55	3101.00
714.74	3215.00
714.93	3176.00
715.12	3230.00
715.31	3207.00
715.50	3164.00
715.69	3103.00
715.88	3148.00
716.07	3173.00
716.26	3222.00
716.45	3158.00
716.65	3177.00
716.84	3052.00
717.03	3075.00
717.22	3209.00
717.41	3185.00
717.60	3273.00
717.79	3206.00
717.98	3182.00
718.17	3239.00
718.36	3326.00
718.55	3244.00
718.75	3229.00
718.94	3289.00
719.13	3253.00
719.32	3287.00
719.51	3210.00
719.70	3340.00
719.89	3361.00
720.08	3321.00
720.27	3275.00
720.46	3373.00
720.65	3338.00
720.84	3272.00
721.03	3254.00
721.22	3209.00
721.42	3276.00
721.61	3253.00
721.80	3276.00
721.99	3259.00
722.18	3207.00
722.37	3218.00
722.56	3296.00
722.75	3266.00
722.94	3238.00
723.13	3273.00
723.32	3221.00
723.51	3194.00
723.70	3261.00
723.89	3295.00
724.08	3278.00
724.28	3305.00
724.47	3269.00
724.66	3272.00
724.85	3233.00
725.04	3259.00
725.23	3367.00
725.42	3369.00
725.61	3428.00
725.80	3451.00
725.99	3315.00
726.18	3275.00
726.37	3358.00
726.56	3354.00
726.75	3349.00
726.94	3329.00
727.13	3432.00
727.32	3395.00
727.51	3431.00
727.71	3344.00
727.90	3340.00
728.09	3292.00
728.28	3260.00
728.47	3254.00
728.66	3200.00
728.85	3194.00
729.04	3340.00
729.23	3352.00
729.42	3339.00
729.61	3330.00
729.80	3295.00
729.99	3312.00
730.18	3282.00
730.37	3323.00
730.56	3437.00
730.75	3367.00
730.94	3284.00
731.13	3243.00
731.32	3230.00
731.51	3268.00
731.70	3280.00
731.89	3220.00
732.08	3355.00
732.27	3409.00
732.46	3340.00
732.65	3362.00
732.84	3304.00
733.04	3258.00
733.23	3246.00
733.42	3320.00
733.61	3217.00
733.80	3294.00
733.99	3277.00
734.18	3279.00
734.37	3216.00
734.56	3314.00
734.75	3365.00
734.94	3245.00
735.13	3249.00
735.32	3238.00
735.51	3203.00
735.70	3232.00
735.89	3137.00
736.08	3222.00
736.27	3185.00
736.46	3179.00
736.65	3096.00
736.84	3135.00
737.03	3133.00
737.22	3174.00
737.41	3148.00
737.60	3132.00
737.79	3111.00
737.98	3172.00
738.17	3153.00
738.36	3086.00
738.55	3146.00
738.74	3185.00
738.93	3114.00
739.12	3155.00
739.31	3233.00
739.50	3123.00
739.69	3104.00
739.88	3109.00
740.07	3047.00
740.26	3023.00
740.45	3029.00
740.64	3082.00
740.83	3098.00
741.02	3074.00
741.21	3044.00
741.40	3126.00
741.59	3059.00
741.78	3021.00
741.97	2937.00
742.16	2964.00
742.35	2941.00
742.54	2929.00
742.73	2942.00
742.92	2910.00
743.11	2952.00
743.30	2929.00
743.49	2918.00
743.68	2993.00
743.87	3009.00
744.06	2978.00
744.25	2946.00
744.44	2865.00
744.63	2856.00
744.82	2945.00
745.01	2979.00
745.20	2839.00
745.39	2882.00
745.58	2872.00
745.77	2861.00
745.96	2863.00
746.15	2915.00
746.34	2923.00
746.52	2942.00
746.71	2848.00
746.90	2786.00
747.09	2925.00
747.28	2949.00
747.47	2827.00
747.66	2844.00
747.85	2901.00
748.04	2790.00
748.23	2848.00
748.42	2809.00
748.61	2850.00
748.80	2794.00
748.99	2713.00
749.18	2726.00
749.37	2735.00
749.56	2713.00
749.75	2661.00
749.94	2622.00
750.13	2595.00
750.32	2685.00
750.51	2678.00
750.70	2627.00
750.89	2603.00
751.08	2613.00
751.27	2641.00
751.46	2645.00
751.64	2705.00
751.83	2677.00
752.02	2660.00
752.21	2635.00
752.40	2620.00
752.59	2606.00
752.78	2580.00
752.97	2666.00
753.16	2662.00
753.35	2608.00
753.54	2551.00
753.73	2612.00
753.92	2595.00
754.11	2501.00
754.30	2610.00
754.49	2544.00
754.68	2640.00
754.87	2616.00
755.06	2544.00
755.24	2603.00
755.43	2548.00
755.62	2534.00
755.81	2584.00
756.00	2474.00
756.19	2493.00
756.38	2520.00
756.57	2481.00
756.76	2502.00
756.95	2427.00
757.14	2346.00
757.33	2416.00
757.52	2408.00
757.71	2411.00
757.90	2390.00
758.08	2517.00
758.27	2508.00
758.46	2494.00
758.65	2491.00
758.84	2413.00
759.03	2406.00
759.22	2468.00
759.41	2507.00
759.60	2388.00
759.79	2486.00
759.98	2347.00
760.17	2354.00
760.36	2395.00
760.54	2392.00
760.73	2413.00
760.92	2433.00
761.11	2361.00
761.30	2201.00
761.49	2254.00
761.68	2249.00
761.87	2215.00
762.06	2242.00
762.25	2207.00
762.44	2105.00
762.63	2104.00
762.81	2036.00
763.00	2067.00
763.19	2052.00
763.38	2009.00
763.57	2014.00
763.76	2022.00
763.95	2006.00
764.14	2124.00
764.33	2054.00
764.52	2007.00
764.71	2009.00
764.89	2079.00
765.08	2156.00
765.27	2027.00
765.46	2100.00
765.65	2097.00
765.84	1996.00
766.03	2014.00
766.22	2044.00
766.41	2004.00
766.59	2054.00
766.78	2074.00
766.97	2145.00
767.16	2142.00
767.35	2084.00
767.54	2291.00
767.73	2241.00
767.92	2178.00
768.11	2163.00
768.30	2166.00
768.48	2192.00
768.67	2225.00
768.86	2261.00
769.05	2263.00
769.24	2221.00
769.43	2346.00
769.62	2339.00
769.81	2355.00
769.99	2283.00
770.18	2242.00
770.37	2253.00
770.56	2292.00
770.75	2336.00
770.94	2370.00
771.13	2267.00
771.32	2196.00
771.50	2290.00
771.69	2328.00
771.88	2279.00
772.07	2246.00
772.26	2262.00
772.45	2235.00
772.64	2218.00
772.83	2184.00
773.01	2219.00
773.20	2143.00
773.39	2198.00
773.58	2287.00
773.77	2286.00
773.96	2288.00
774.15	2257.00
774.34	2045.00
774.52	2092.00
774.71	2109.00
774.90	2118.00
775.09	2171.00
775.28	2129.00
775.47	2248.00
775.66	2248.00
775.84	2201.00
776.03	2143.00
776.22	2184.00
776.41	2162.00
776.60	2208.00
776.79	2200.00
776.98	2098.00
777.16	2192.00
777.35	2163.00
777.54	2178.00
777.73	2096.00
777.92	2079.00
778.11	2070.00
778.29	2126.00
778.48	2089.00
778.67	2076.00
778.86	2194.00
779.05	2139.00
779.24	2181.00
779.43	2188.00
779.61	2286.00
779.80	2353.00
779.99	2200.00
780.18	2171.00
780.37	2228.00
780.56	2155.00
780.74	2227.00
780.93	2176.00
781.12	2284.00
781.31	2252.00
781.50	2233.00
781.69	2232.00
781.87	2260.00
782.06	2328.00
782.25	2252.00
782.44	2334.00
782.63	2280.00
782.82	2274.00
783.00	2180.00
783.19	2172.00
783.38	2265.00
783.57	2358.00
783.76	2241.00
783.95	2220.00
784.13	2192.00
784.32	2213.00
784.51	2281.00
784.70	2287.00
784.89	2312.00
785.08	2264.00
785.26	2247.00
785.45	2235.00
785.64	2185.00
785.83	2224.00
786.02	2372.00
786.20	2345.00
786.39	2312.00
786.58	2266.00
786.77	2172.00
786.96	2226.00
787.15	2274.00
787.33	2228.00
787.52	2227.00
787.71	2330.00
787.90	2323.00
788.09	2289.00
788.27	2234.00
788.46	2364.00
788.65	2353.00
788.84	2279.00
789.03	2221.00
789.21	2265.00
789.40	2328.00
789.59	2283.00
789.78	2277.00
789.97	2235.00
790.15	2383.00
790.34	2332.00
790.53	2324.00
790.72	2350.00
790.91	2403.00
791.09	2422.00
791.28	2264.00
791.47	2324.00
791.66	2477.00
791.85	2448.00
792.03	2431.00
792.22	2454.00
792.41	2356.00
792.60	2443.00
792.79	2464.00
792.97	2423.00
793.16	2373.00
793.35	2324.00
793.54	2423.00
793.72	2438.00
793.91	2470.00
794.10	2415.00
794.29	2500.00
794.48	2513.00
794.66	2411.00
794.85	2309.00
795.04	2331.00
795.23	2434.00
795.42	2538.00
795.60	2465.00
795.79	2419.00
795.98	2404.00
796.17	2413.00
796.35	2515.00
796.54	2404.00
796.73	2420.00
796.92	2418.00
797.11	2421.00
797.29	2368.00
797.48	2380.00
797.67	2450.00
797.86	2359.00
798.04	2386.00
798.23	2376.00
798.42	2378.00
798.61	2477.00
798.79	2492.00
798.98	2465.00
799.17	2524.00
799.36	2509.00
799.54	2485.00
799.73	2396.00
799.92	2369.00
800.11	2386.00
800.30	2434.00
800.48	2284.00
800.67	2316.00
800.86	2389.00
801.05	2365.00
801.23	2357.00
801.42	2476.00
801.61	2522.00
801.80	2449.00
801.98	2449.00
802.17	2478.00
802.36	2514.00
802.55	2493.00
802.73	2381.00
802.92	2584.00
803.11	2495.00
803.30	2471.00
803.48	2429.00
803.67	2450.00
803.86	2520.00
804.05	2554.00
804.23	2401.00
804.42	2498.00
804.61	2465.00
804.80	2566.00
804.98	2505.00
805.17	2529.00
805.36	2493.00
805.54	2455.00
805.73	2519.00
805.92	2454.00
806.11	2447.00
806.29	2508.00
806.48	2545.00
806.67	2526.00
806.86	2553.00
807.04	2518.00
807.23	2490.00
807.42	2530.00
807.61	2497.00
807.79	2395.00
807.98	2431.00
808.17	2393.00
808.35	2533.00
808.54	2530.00
808.73	2541.00
808.92	2501.00
809.10	2455.00
809.29	2456.00
809.48	2461.00
809.67	2514.00
809.85	2450.00
810.04	2513.00
810.23	2530.00
810.41	2481.00
810.60	2537.00
810.79	2499.00
810.98	2459.00
811.16	2453.00
811.35	2532.00
811.54	2599.00
811.72	2533.00
811.91	2421.00
812.10	2453.00
812.29	2366.00
812.47	2442.00
812.66	2589.00
812.85	2514.00
813.03	2516.00
813.22	2601.00
813.41	2493.00
813.60	2398.00
813.78	2485.00
813.97	2430.00
814.16	2444.00
814.34	2384.00
814.53	2439.00
814.72	2448.00
814.90	2463.00
815.09	2422.00
815.28	2500.00
815.47	2485.00
815.65	2442.00
815.84	2472.00
816.03	2519.00
816.21	2468.00
816.40	2497.00
816.59	2447.00
816.77	2496.00
816.96	2540.00
817.15	2550.00
817.33	2432.00
817.52	2421.00
817.71	2386.00
817.90	2428.00
818.08	2387.00
818.27	2482.00
818.46	2435.00
818.64	2413.00
818.83	2464.00
819.02	2421.00
819.20	2469.00
819.39	2500.00
819.58	2478.00
819.76	2404.00
819.95	2404.00
820.14	2426.00
820.32	2426.00
820.51	2421.00
820.70	2410.00
820.88	2516.00
821.07	2413.00
821.26	2493.00
821.44	2532.00
821.63	2445.00
821.82	2436.00
822.01	2496.00
822.19	2504.00
822.38	2540.00
822.57	2443.00
822.75	2474.00
822.94	2478.00
823.13	2476.00
823.31	2476.00
823.50	2436.00
823.69	2443.00
823.87	2431.00
824.06	2400.00
824.25	2428.00
824.43	2338.00
824.62	2413.00
824.80	2432.00
824.99	2446.00
825.18	2448.00
825.36	2381.00
825.55	2460.00
825.74	2414.00
825.92	2411.00
826.11	2468.00
826.30	2439.00
826.48	2404.00
826.67	2383.00
826.86	2334.00
827.04	2306.00
827.23	2249.00
827.42	2326.00
827.60	2306.00
827.79	2377.00
827.98	2443.00
828.16	2372.00
828.35	2327.00
828.54	2319.00
828.72	2417.00
828.91	2284.00
829.09	2268.00
829.28	2305.00
829.47	2267.00
829.65	2394.00
829.84	2414.00
830.03	2322.00
830.21	2348.00
830.40	2395.00
830.59	2329.00
830.77	2283.00
830.96	2379.00
831.14	2330.00
831.33	2296.00
831.52	2264.00
831.70	2264.00
831.89	2286.00
832.08	2313.00
832.26	2174.00
832.45	2172.00
832.64	2282.00
832.82	2185.00
833.01	2193.00
833.19	2191.00
833.38	2244.00
833.57	2253.00
833.75	2210.00
833.94	2161.00
834.13	2169.00
834.31	2342.00
834.50	2311.00
834.68	2243.00
834.87	2181.00
835.06	2244.00
835.24	2255.00
835.43	2221.00
835.61	2281.00
835.80	2334.00
835.99	2270.00
836.17	2343.00
836.36	2330.00
836.55	2270.00
836.73	2265.00
836.92	2301.00
837.10	2207.00
837.29	2171.00
837.48	2165.00
837.66	2136.00
837.85	2169.00
838.03	2189.00
838.22	2210.00
838.41	2184.00
838.59	2188.00
838.78	2174.00
838.96	2145.00
839.15	2163.00
839.34	2164.00
839.52	2204.00
839.71	2237.00
839.89	2161.00
840.08	2195.00
840.27	2034.00
840.45	2120.00
840.64	2224.00
840.82	2150.00
841.01	2205.00
841.20	2185.00
841.38	2124.00
841.57	2142.00
841.75	2223.00
841.94	2148.00
842.13	2122.00
842.31	2138.00
842.50	2171.00
842.68	2087.00
842.87	2116.00
843.05	2127.00
843.24	2113.00
843.43	2058.00
843.61	2005.00
843.80	2010.00
843.98	2049.00
844.17	2031.00
844.36	2067.00
844.54	2071.00
844.73	1991.00
844.91	2000.00
845.10	1975.00
845.28	2017.00
845.47	2070.00
845.66	1993.00
845.84	1974.00
846.03	1908.00
846.21	1940.00
846.40	2035.00
846.58	1969.00
846.77	1975.00
846.96	1966.00
847.14	1958.00
847.33	1980.00
847.51	1982.00
847.70	2044.00
847.88	2007.00
848.07	1935.00
848.25	1912.00
848.44	1885.00
848.63	1872.00
848.81	1944.00
849.00	1939.00
849.18	1980.00
849.37	1942.00
849.55	1934.00
849.74	1906.00
849.93	1939.00
850.11	1962.00
850.30	1953.00
850.48	1877.00
850.67	1845.00
850.85	1879.00
851.04	1841.00
851.22	1837.00
851.41	1825.00
851.59	1760.00
851.78	1854.00
851.97	1873.00
852.15	1943.00
852.34	1940.00
852.52	1940.00
852.71	1857.00
852.89	1928.00
853.08	1874.00
853.26	1872.00
853.45	1890.00
853.63	1799.00
853.82	1842.00
854.01	1801.00
854.19	1880.00
854.38	1843.00
854.56	1812.00
854.75	1777.00
854.93	1818.00
855.12	1796.00
855.30	1830.00
855.49	1800.00
855.67	1823.00
855.86	1771.00
856.04	1844.00
856.23	1745.00
856.41	1822.00
856.60	1731.00
856.79	1750.00
856.97	1784.00
857.16	1746.00
857.34	1759.00
857.53	1774.00
857.71	1733.00
857.90	1750.00
858.08	1807.00
858.27	1719.00
858.45	1649.00
858.64	1683.00
858.82	1745.00
859.01	1765.00
859.19	1800.00
859.38	1765.00
859.56	1686.00
859.75	1759.00
859.93	1767.00
860.12	1680.00
860.30	1722.00
860.49	1745.00
860.67	1719.00
860.86	1707.00
861.04	1722.00
861.23	1639.00
861.41	1689.00
861.60	1682.00
861.78	1661.00
861.97	1623.00
862.15	1707.00
862.34	1666.00
862.53	1673.00
862.71	1698.00
862.90	1622.00
863.08	1632.00
863.27	1669.00
863.45	1766.00
863.64	1669.00
863.82	1581.00
864.01	1606.00
864.19	1622.00
864.37	1653.00
864.56	1580.00
864.74	1565.00
864.93	1645.00
865.11	1685.00
865.30	1582.00
865.48	1570.00
865.67	1556.00
865.85	1570.00
866.04	1604.00
866.22	1577.00
866.41	1599.00
866.59	1588.00
866.78	1611.00
866.96	1632.00
867.15	1625.00
867.33	1597.00
867.52	1604.00
867.70	1649.00
867.89	1558.00
868.07	1644.00
868.26	1611.00
868.44	1486.00
868.63	1510.00
868.81	1547.00
869.00	1484.00
869.18	1563.00
869.37	1573.00
869.55	1503.00
869.74	1439.00
869.92	1476.00
870.10	1490.00
870.29	1523.00
870.47	1585.00
870.66	1552.00
870.84	1544.00
871.03	1467.00
871.21	1427.00
871.40	1476.00
871.58	1536.00
871.77	1452.00
871.95	1497.00
872.14	1420.00
872.32	1458.00
872.51	1444.00
872.69	1430.00
872.87	1524.00
873.06	1510.00
873.24	1395.00
873.43	1424.00
873.61	1423.00
873.80	1428.00
873.98	1543.00
874.17	1499.00
874.35	1390.00
874.54	1387.00
874.72	1410.00
874.90	1457.00
875.09	1418.00
875.27	1427.00
875.46	1388.00
875.64	1461.00
875.83	1439.00
876.01	1423.00
876.20	1360.00
876.38	1370.00
876.56	1281.00
876.75	1382.00
876.93	1374.00
877.12	1374.00
877.30	1353.00
877.49	1372.00
877.67	1363.00
877.86	1367.00
878.04	1381.00
878.22	1458.00
878.41	1374.00
878.59	1414.00
878.78	1375.00
878.96	1393.00
879.15	1365.00
879.33	1339.00
879.51	1321.00
879.70	1403.00
879.88	1412.00
880.07	1467.00
880.25	1347.00
880.44	1421.00
880.62	1500.00
880.80	1414.00
880.99	1352.00
881.17	1389.00
881.36	1331.00
881.54	1350.00
881.73	1383.00
881.91	1362.00
882.09	1347.00
882.28	1431.00
882.46	1395.00
882.65	1325.00
882.83	1383.00
883.02	1421.00
883.20	1377.00
883.38	1332.00
883.57	1278.00
883.75	1294.00
883.94	1327.00
884.12	1382.00
884.30	1290.00
884.49	1337.00
884.67	1381.00
884.86	1367.00
885.04	1365.00
885.22	1387.00
885.41	1363.00
885.59	1382.00
885.78	1384.00
885.96	1289.00
886.14	1307.00
886.33	1380.00
886.51	1337.00
886.70	1342.00
886.88	1318.00
887.06	1382.00
887.25	1316.00
887.43	1191.00
887.62	1229.00
887.80	1251.00
887.98	1307.00
888.17	1360.00
888.35	1308.00
888.54	1264.00
888.72	1347.00
888.90	1311.00
889.09	1280.00
889.27	1318.00
889.46	1340.00
889.64	1321.00
889.82	1261.00
890.01	1336.00
890.19	1371.00
890.38	1336.00
890.56	1358.00
890.74	1305.00
890.93	1374.00
891.11	1371.00
891.29	1266.00
891.48	1363.00
891.66	1343.00
891.85	1287.00
892.03	1242.00
892.21	1239.00
892.40	1185.00
892.58	1217.00
892.76	1305.00
892.95	1293.00
893.13	1276.00
893.32	1297.00
893.50	1307.00
893.68	1345.00
893.87	1367.00
894.05	1388.00
894.23	1374.00
894.42	1307.00
894.60	1342.00
894.79	1356.00
894.97	1314.00
895.15	1307.00
895.34	1351.00
895.52	1283.00
895.70	1358.00
895.89	1329.00
896.07	1383.00
896.25	1406.00
896.44	1320.00
896.62	1289.00
896.81	1354.00
896.99	1292.00
897.17	1371.00
897.36	1422.00
897.54	1340.00
897.72	1375.00
897.91	1372.00
898.09	1413.00
898.27	1419.00
898.46	1390.00
898.64	1450.00
898.82	1394.00
899.01	1445.00
899.19	1389.00
899.37	1373.00
899.56	1345.00
899.74	1327.00
899.92	1352.00
900.11	1380.00
900.29	1360.00
900.47	1387.00
900.66	1396.00
900.84	1396.00
901.03	1360.00
901.21	1386.00
901.39	1448.00
901.58	1392.00
901.76	1382.00
901.94	1410.00
902.13	1455.00
902.31	1494.00
902.49	1438.00
902.68	1461.00
902.86	1423.00
903.04	1437.00
903.23	1461.00
903.41	1469.00
903.59	1470.00
903.78	1404.00
903.96	1447.00
904.14	1401.00
904.32	1399.00
904.51	1481.00
904.69	1400.00
904.87	1416.00
905.06	1433.00
905.24	1306.00
905.42	1452.00
905.61	1492.00
905.79	1472.00
905.97	1522.00
906.16	1473.00
906.34	1464.00
906.52	1440.00
906.71	1414.00
906.89	1411.00
907.07	1471.00
907.26	1470.00
907.44	1434.00
907.62	1401.00
907.81	1415.00
907.99	1446.00
908.17	1329.00
908.35	1397.00
908.54	1476.00
908.72	1479.00
908.90	1553.00
909.09	1480.00
909.27	1486.00
909.45	1448.00
909.64	1441.00
909.82	1462.00
910.00	1514.00
910.18	1493.00
910.37	1408.00
910.55	1458.00
910.73	1491.00
910.92	1491.00
911.10	1427.00
911.28	1432.00
911.47	1489.00
911.65	1528.00
911.83	1447.00
912.01	1400.00
912.20	1420.00
912.38	1410.00
912.56	1438.00
912.75	1502.00
912.93	1408.00
913.11	1344.00
913.29	1401.00
913.48	1443.00
913.66	1453.00
913.84	1476.00
914.03	1466.00
914.21	1398.00
914.39	1366.00
914.57	1328.00
914.76	1350.00
914.94	1333.00
915.12	1427.00
915.31	1397.00
915.49	1430.00
915.67	1417.00
915.85	1353.00
916.04	1377.00
916.22	1416.00
916.40	1453.00
916.58	1386.00
916.77	1394.00
916.95	1430.00
917.13	1414.00
917.32	1383.00
917.50	1327.00
917.68	1423.00
917.86	1305.00
918.05	1337.00
918.23	1425.00
918.41	1390.00
918.59	1438.00
918.78	1340.00
918.96	1281.00
919.14	1347.00
919.32	1379.00
919.51	1275.00
919.69	1310.00
919.87	1312.00
920.05	1255.00
920.24	1311.00
920.42	1290.00
920.60	1341.00
920.78	1402.00
920.97	1315.00
921.15	1328.00
921.33	1405.00
921.52	1257.00
921.70	1269.00
921.88	1234.00
922.06	1306.00
922.24	1330.00
922.43	1317.00
922.61	1343.00
922.79	1327.00
922.97	1329.00
923.16	1217.00
923.34	1297.00
923.52	1332.00
923.70	1253.00
923.89	1339.00
924.07	1310.00
924.25	1161.00
924.43	1290.00
924.62	1308.00
924.80	1383.00
924.98	1339.00
925.16	1239.00
925.35	1281.00
925.53	1314.00
925.71	1291.00
925.89	1319.00
926.08	1315.00
926.26	1295.00
926.44	1255.00
926.62	1181.00
926.80	1281.00
926.99	1228.00
927.17	1224.00
927.35	1232.00
927.53	1203.00
927.72	1244.00
927.90	1284.00
928.08	1246.00
928.26	1258.00
928.44	1295.00
928.63	1218.00
928.81	1156.00
928.99	1195.00
929.17	1177.00
929.36	1172.00
929.54	1189.00
929.72	1184.00
929.90	1256.00
930.08	1241.00
930.27	1254.00
930.45	1114.00
930.63	1106.00
930.81	1180.00
930.99	1187.00
931.18	1103.00
931.36	1103.00
931.54	1119.00
931.72	1080.00
931.90	1112.00
932.09	1141.00
932.27	1126.00
932.45	1117.00
932.63	1148.00
932.81	1106.00
933.00	1144.00
933.18	1115.00
933.36	1196.00
933.54	1076.00
933.72	1065.00
933.91	1032.00
934.09	1086.00
934.27	1038.00
934.45	942.00
934.63	995.00
934.82	990.00
935.00	991.00
935.18	913.00
935.36	965.00
935.54	934.00
935.73	985.00
935.91	955.00
936.09	1030.00
936.27	930.00
936.45	929.00
936.64	901.00
936.82	872.00
937.00	913.00
937.18	903.00
937.36	822.00
937.54	804.00
937.73	810.00
937.91	848.00
938.09	882.00
938.27	773.00
938.45	774.00
938.63	835.00
938.82	740.00
939.00	769.00
939.18	784.00
939.36	763.00
939.54	715.00
939.73	646.00
939.91	684.00
940.09	716.00
940.27	699.00
940.45	708.00
940.63	719.00
940.82	646.00
941.00	620.00
941.18	640.00
941.36	674.00
941.54	603.00
941.72	597.00
941.91	674.00
942.09	630.00
942.27	691.00
942.45	598.00
942.63	589.00
942.81	647.00
942.99	567.00
943.18	537.00
943.36	553.00
943.54	516.00
943.72	546.00
943.90	565.00
944.08	553.00
944.27	583.00
944.45	596.00
944.63	609.00
944.81	583.00
944.99	508.00
945.17	541.00
945.35	640.00
945.54	547.00
945.72	607.00
945.90	584.00
946.08	531.00
946.26	516.00
946.44	540.00
946.62	621.00
946.81	534.00
946.99	577.00
947.17	550.00
947.35	546.00
947.53	529.00
947.71	579.00
947.89	580.00
948.07	575.00
948.26	537.00
948.44	497.00
948.62	542.00
948.80	488.00
948.98	508.00
949.16	532.00
949.34	563.00
949.53	577.00
949.71	620.00
949.89	548.00
950.07	574.00
950.25	593.00
950.43	612.00
950.61	568.00
950.79	602.00
950.98	637.00
951.16	573.00
951.34	588.00
951.52	594.00
951.70	599.00
951.88	550.00
952.06	586.00
952.24	620.00
952.42	569.00
952.61	543.00
952.79	521.00
952.97	575.00
953.15	562.00
953.33	571.00
953.51	511.00
953.69	488.00
953.87	541.00
954.05	557.00
954.24	507.00
954.42	516.00
954.60	530.00
954.78	571.00
954.96	563.00
955.14	575.00
955.32	534.00
955.50	569.00
955.68	606.00
955.86	562.00
956.05	616.00
956.23	521.00
956.41	575.00
956.59	561.00
956.77	611.00
956.95	636.00
957.13	555.00
957.31	474.00
957.49	522.00
957.67	542.00
957.86	484.00
958.04	558.00
958.22	585.00
958.40	617.00
958.58	579.00
958.76	530.00
958.94	487.00
959.12	537.00
959.30	563.00
959.48	578.00
959.66	533.00
959.84	548.00
960.03	619.00
960.21	535.00
960.39	527.00
960.57	551.00
960.75	526.00
960.93	513.00
961.11	504.00
961.29	545.00
961.47	562.00
961.65	629.00
961.83	534.00
962.01	460.00
962.19	495.00
962.37	579.00
962.56	517.00
962.74	509.00
962.92	518.00
963.10	594.00
963.28	471.00
963.46	481.00
963.64	516.00
963.82	519.00
964.00	541.00
964.18	538.00
964.36	463.00
964.54	538.00
964.72	565.00
964.90	558.00
965.08	529.00
965.27	491.00
965.45	479.00
965.63	531.00
965.81	553.00
965.99	514.00
966.17	478.00
966.35	515.00
966.53	531.00
966.71	496.00
966.89	453.00
967.07	503.00
967.25	488.00
967.43	407.00
967.61	402.00
967.79	486.00
967.97	510.00
968.15	506.00
968.33	408.00
968.51	441.00
968.69	435.00
968.87	445.00
969.06	505.00
969.24	430.00
969.42	421.00
969.60	494.00
969.78	496.00
969.96	551.00
970.14	533.00
970.32	464.00
970.50	519.00
970.68	462.00
970.86	472.00
971.04	446.00
971.22	412.00
971.40	392.00
971.58	425.00
971.76	454.00
971.94	483.00
972.12	448.00
972.30	454.00
972.48	429.00
972.66	393.00
972.84	385.00
973.02	432.00
973.20	449.00
973.38	504.00
973.56	435.00
973.74	482.00
973.92	420.00
974.10	443.00
974.28	428.00
974.46	420.00
974.64	417.00
974.82	416.00
975.00	419.00
975.18	426.00
975.36	496.00
975.54	501.00
975.72	378.00
975.90	449.00
976.08	353.00
976.26	380.00
976.44	478.00
976.62	505.00
976.80	401.00
976.98	437.00
977.16	480.00
977.34	405.00
977.52	399.00
977.70	445.00
977.88	444.00
978.06	454.00
978.24	382.00
978.42	428.00
978.60	416.00
978.78	392.00
978.96	363.00
979.14	329.00
979.32	340.00
979.50	414.00
979.68	444.00
979.86	453.00
980.04	354.00
980.22	422.00
980.40	387.00
980.58	348.00
980.76	375.00
980.94	347.00
981.12	425.00
981.30	398.00
981.48	360.00
981.66	421.00
981.84	407.00
982.02	379.00
982.20	385.00
982.38	408.00
982.56	438.00
982.74	418.00
982.92	349.00
983.10	351.00
983.28	400.00
983.46	369.00
983.64	391.00
983.82	325.00
984.00	352.00
984.18	334.00
984.36	314.00
984.54	406.00
984.72	367.00
984.90	426.00
985.08	381.00
985.26	375.00
985.44	385.00
985.62	422.00
985.80	427.00
985.98	413.00
986.16	302.00
986.34	319.00
986.51	337.00
986.69	317.00
986.87	341.00
987.05	365.00
987.23	346.00
987.41	378.00
987.59	364.00
987.77	417.00
987.95	371.00
988.13	337.00
988.31	339.00
988.49	374.00
988.67	413.00
988.85	388.00
989.03	365.00
989.21	332.00
989.39	341.00
989.57	317.00
989.75	358.00
989.93	364.00
990.11	348.00
990.28	294.00
990.46	322.00
990.64	345.00
990.82	366.00
991.00	310.00
991.18	285.00
991.36	281.00
991.54	277.00
991.72	293.00
991.90	311.00
992.08	365.00
992.26	370.00
992.44	345.00
992.62	280.00
992.80	285.00
992.98	267.00
993.15	277.00
993.33	307.00
993.51	328.00
993.69	282.00
993.87	245.00
994.05	257.00
994.23	312.00
994.41	298.00
994.59	269.00
994.77	312.00
994.95	308.00
995.13	380.00
995.31	291.00
995.48	237.00
995.66	282.00
995.84	278.00
996.02	248.00
996.20	259.00
996.38	224.00
996.56	237.00
996.74	259.00
996.92	240.00
997.10	253.00
997.28	292.00
997.46	375.00
997.63	341.00
997.81	256.00
997.99	313.00
998.17	274.00
998.35	273.00
998.53	282.00
998.71	320.00
998.89	278.00
999.07	277.00
999.25	293.00
999.43	289.00
999.60	218.00
999.78	297.00
999.96	249.00
1000.14	195.00
1000.32	222.00
1000.50	261.00
1000.68	288.00
1000.86	320.00
1001.04	312.00
1001.21	197.00
1001.39	245.00
1001.57	266.00
1001.75	292.00
1001.93	286.00
1002.11	349.00
1002.29	271.00
1002.47	305.00
1002.65	274.00
1002.82	301.00
1003.00	229.00
1003.18	263.00
1003.36	269.00
1003.54	269.00
1003.72	274.00
1003.90	260.00
1004.08	295.00
1004.26	293.00
1004.43	250.00
1004.61	231.00
1004.79	250.00
1004.97	233.00
1005.15	209.00
1005.33	241.00
1005.51	314.00
1005.69	297.00
1005.86	255.00
1006.04	249.00
1006.22	215.00
1006.40	271.00
1006.58	271.00
1006.76	226.00
1006.94	318.00
1007.12	289.00
1007.29	274.00
1007.47	200.00
1007.65	183.00
1007.83	245.00
1008.01	254.00
1008.19	245.00
1008.37	198.00
1008.54	194.00
1008.72	197.00
1008.90	233.00
1009.08	242.00
1009.26	229.00
1009.44	253.00
1009.62	180.00
1009.79	182.00
1009.97	177.00
1010.15	200.00
1010.33	196.00
1010.51	208.00
1010.69	253.00
1010.87	283.00
1011.04	304.00
1011.22	244.00
1011.40	190.00
1011.58	292.00
1011.76	297.00
1011.94	218.00
1012.11	192.00
1012.29	141.00
1012.47	188.00
1012.65	168.00
1012.83	233.00
1013.01	200.00
1013.18	164.00
1013.36	208.00
1013.54	222.00
1013.72	271.00
1013.90	314.00
1014.08	268.00
1014.25	258.00
1014.43	215.00
1014.61	223.00
1014.79	227.00
1014.97	268.00
1015.15	219.00
1015.32	239.00
1015.50	264.00
1015.68	235.00
1015.86	244.00
1016.04	276.00
1016.22	232.00
1016.39	246.00
1016.57	236.00
1016.75	170.00
1016.93	252.00
1017.11	260.00
1017.29	189.00
1017.46	206.00
1017.64	203.00
1017.82	230.00
1018.00	282.00
1018.18	221.00
1018.35	211.00
1018.53	249.00
1018.71	197.00
1018.89	199.00
1019.07	244.00
1019.24	202.00
1019.42	144.00
1019.60	184.00
1019.78	245.00
1019.96	212.00
1020.14	227.00
1020.31	218.00
1020.49	232.00
1020.67	254.00
1020.85	158.00
1021.03	196.00
1021.20	157.00
1021.38	142.00
1021.56	187.00
1021.74	173.00
1021.92	192.00
1022.09	198.00
1022.27	195.00
1022.45	177.00
1022.63	164.00
1022.81	214.00
1022.98	201.00
1023.16	145.00
1023.34	175.00
1023.52	152.00
1023.69	185.00
1023.87	144.00
1024.05	143.00
1024.23	219.00
1024.41	236.00
1024.58	175.00
1024.76	228.00
1024.94	176.00
1025.12	229.00
1025.30	196.00
1025.47	197.00
1025.65	208.00
1025.83	222.00
1026.01	245.00
1026.18	234.00
1026.36	197.00
1026.54	154.00
1026.72	151.00
1026.90	122.00
1027.07	165.00
1027.25	183.00
1027.43	157.00
1027.61	120.00
1027.78	179.00
1027.96	147.00
1028.14	168.00
1028.32	224.00
1028.49	174.00
1028.67	165.00
1028.85	160.00
1029.03	204.00
1029.21	184.00
1029.38	153.00
1029.56	169.00
1029.74	158.00
1029.92	214.00
1030.09	138.00
1030.27	153.00
1030.45	195.00
1030.63	249.00
1030.80	197.00
1030.98	175.00
1031.16	204.00
1031.34	237.00
1031.51	253.00
1031.69	206.00
1031.87	256.00
1032.05	232.00
1032.22	145.00
1032.40	143.00
1032.58	155.00
1032.76	240.00
1032.93	146.00
1033.11	139.00
1033.29	111.00
1033.47	159.00
1033.64	146.00
1033.82	189.00
1034.00	195.00
1034.18	205.00
1034.35	199.00
1034.53	127.00
1034.71	124.00
1034.89	166.00
1035.06	193.00
1035.24	206.00
1035.42	166.00
1035.59	170.00
1035.77	135.00
1035.95	179.00
1036.13	153.00
1036.30	149.00
1036.48	173.00
1036.66	157.00
1036.84	145.00
1037.01	148.00
1037.19	195.00
1037.37	217.00
1037.54	181.00
1037.72	126.00
1037.90	146.00
1038.08	151.00
1038.25	148.00
1038.43	116.00
1038.61	137.00
1038.79	123.00
1038.96	106.00
1039.14	138.00
1039.32	132.00
1039.49	137.00
1039.67	179.00
1039.85	169.00
1040.03	153.00
1040.20	172.00
1040.38	116.00
1040.56	146.00
1040.73	178.00
1040.91	133.00
1041.09	116.00
1041.27	168.00
1041.44	213.00
1041.62	121.00
1041.80	89.00
1041.97	156.00
1042.15	202.00
1042.33	142.00
1042.50	62.00
1042.68	125.00
1042.86	122.00
1043.04	157.00
1043.21	157.00
1043.39	99.00
1043.57	151.00
1043.74	231.00
1043.92	130.00
1044.10	113.00
1044.27	95.00
1044.45	81.00
1044.63	110.00
1044.80	91.00
1044.98	162.00
1045.16	154.00
1045.34	122.00
1045.51	167.00
1045.69	153.00
1045.87	67.00
1046.04	101.00
1046.22	165.00
1046.40	150.00
1046.57	145.00
1046.75	180.00
1046.93	127.00
1047.10	88.00
1047.28	113.00
1047.46	110.00
1047.63	114.00
1047.81	103.00
1047.99	58.00
1048.16	120.00
1048.34	173.00
1048.52	135.00
1048.69	210.00
1048.87	167.00
1049.05	92.00
1049.22	135.00
1049.40	161.00
1049.58	89.00
1049.75	131.00
1049.93	90.00
1050.11	86.00
1050.28	203.00
1050.46	170.00
1050.64	155.00
1050.81	151.00
1050.99	125.00
1051.17	155.00
1051.34	173.00
1051.52	66.00
1051.70	36.00
1051.87	100.00
1052.05	102.00
1052.23	66.00
1052.40	101.00
1052.58	126.00
1052.76	76.00
1052.93	145.00
1053.11	139.00
1053.29	204.00
1053.46	179.00
1053.64	118.00
1053.82	155.00
1053.99	157.00
1054.17	120.00
1054.35	120.00
1054.52	147.00
1054.70	118.00
1054.87	153.00
1055.05	116.00
1055.23	116.00
1055.40	79.00
1055.58	53.00
1055.76	101.00
1055.93	88.00
1056.11	38.00
1056.29	77.00
1056.46	92.00
1056.64	174.00
1056.81	106.00
1056.99	91.00
1057.17	128.00
1057.34	138.00
1057.52	123.00
1057.70	101.00
1057.87	106.00
1058.05	110.00
1058.22	89.00
1058.40	108.00
1058.58	110.00
1058.75	111.00
1058.93	119.00
1059.11	86.00
1059.28	88.00
1059.46	97.00
1059.63	35.00
1059.81	55.00
1059.99	129.00
1060.16	52.00
1060.34	48.00
1060.52	104.00
1060.69	85.00
1060.87	113.00
1061.04	130.00
1061.22	140.00
