367.62	-32.00
367.82	-23.00
368.02	35.00
368.23	58.00
368.43	67.00
368.63	28.00
368.83	-24.00
369.04	-35.00
369.24	23.00
369.44	30.00
369.65	24.00
369.85	12.00
370.05	-29.00
370.25	17.00
370.46	-1.00
370.66	-28.00
370.86	40.00
371.07	51.00
371.27	3.00
371.47	-74.00
371.67	-92.00
371.88	-12.00
372.08	1.00
372.28	-24.00
372.49	-7.00
372.69	90.00
372.89	-24.00
373.09	-53.00
373.30	-22.00
373.50	-38.00
373.70	-13.00
373.91	18.00
374.11	37.00
374.31	45.00
374.51	13.00
374.72	-15.00
374.92	-7.00
375.12	21.00
375.33	-5.00
375.53	-18.00
375.73	-55.00
375.93	-26.00
376.14	55.00
376.34	-21.00
376.54	-59.00
376.74	28.00
376.95	53.00
377.15	-19.00
377.35	-16.00
377.55	-70.00
377.76	8.00
377.96	26.00
378.16	60.00
378.37	32.00
378.57	7.00
378.77	20.00
378.97	25.00
379.18	-36.00
379.38	-38.00
379.58	-34.00
379.78	-40.00
379.99	13.00
380.19	62.00
380.39	-15.00
380.59	-21.00
380.80	-52.00
381.00	-21.00
381.20	-53.00
381.40	-76.00
381.61	-40.00
381.81	-48.00
382.01	7.00
382.21	1.00
382.42	14.00
382.62	26.00
382.82	40.00
383.02	-29.00
383.23	-40.00
383.43	-91.00
383.63	23.00
383.83	62.00
384.04	65.00
384.24	-4.00
384.44	13.00
384.64	-8.00
384.85	-25.00
385.05	-10.00
385.25	30.00
385.45	54.00
385.66	18.00
385.86	72.00
386.06	-13.00
386.26	1.00
386.47	9.00
386.67	-23.00
386.87	58.00
387.07	53.00
387.27	-31.00
387.48	-7.00
387.68	-10.00
387.88	-47.00
388.08	-54.00
388.29	-42.00
388.49	54.00
388.69	29.00
388.89	11.00
389.10	-7.00
389.30	-11.00
389.50	-29.00
389.70	10.00
389.90	9.00
390.11	4.00
390.31	-2.00
390.51	21.00
390.71	97.00
390.92	85.00
391.12	-10.00
391.32	-15.00
391.52	-22.00
391.72	-16.00
391.93	21.00
392.13	17.00
392.33	58.00
392.53	9.00
392.74	-16.00
392.94	-3.00
393.14	-15.00
393.34	39.00
393.54	41.00
393.75	64.00
393.95	36.00
394.15	31.00
394.35	-2.00
394.56	-23.00
394.76	-76.00
394.96	-58.00
395.16	11.00
395.36	-73.00
395.57	-29.00
395.77	-64.00
395.97	-23.00
396.17	30.00
396.37	-58.00
396.58	-71.00
396.78	-42.00
396.98	12.00
397.18	-7.00
397.38	-43.00
397.59	4.00
397.79	-29.00
397.99	-6.00
398.19	-63.00
398.39	-33.00
398.60	12.00
398.80	18.00
399.00	45.00
399.20	75.00
399.40	-16.00
399.61	-42.00
399.81	-41.00
400.01	27.00
400.21	11.00
400.41	-24.00
400.62	1.00
400.82	-10.00
401.02	4.00
401.22	56.00
401.42	106.00
401.63	50.00
401.83	1.00
402.03	-16.00
402.23	-30.00
402.43	-63.00
402.64	-35.00
402.84	-16.00
403.04	26.00
403.24	13.00
403.44	6.00
403.64	-15.00
403.85	58.00
404.05	79.00
404.25	50.00
404.45	-9.00
404.65	-11.00
404.86	1.00
405.06	-4.00
405.26	3.00
405.46	12.00
405.66	-9.00
405.86	-52.00
406.07	-18.00
406.27	15.00
406.47	6.00
406.67	68.00
406.87	92.00
407.07	61.00
407.28	-6.00
407.48	-21.00
407.68	2.00
407.88	-6.00
408.08	31.00
408.28	21.00
408.49	5.00
408.69	61.00
408.89	19.00
409.09	14.00
409.29	-3.00
409.49	-3.00
409.70	8.00
409.90	-13.00
410.10	29.00
410.30	71.00
410.50	34.00
410.70	-76.00
410.91	-10.00
411.11	50.00
411.31	55.00
411.51	61.00
411.71	74.00
411.91	83.00
412.12	29.00
412.32	16.00
412.52	78.00
412.72	57.00
412.92	-5.00
413.12	12.00
413.32	56.00
413.53	19.00
413.73	-26.00
413.93	-30.00
414.13	-10.00
414.33	10.00
414.53	8.00
414.74	33.00
414.94	-3.00
415.14	-27.00
415.34	-45.00
415.54	48.00
415.74	51.00
415.94	1.00
416.15	48.00
416.35	-6.00
416.55	-24.00
416.75	62.00
416.95	35.00
417.15	24.00
417.35	31.00
417.56	-34.00
417.76	15.00
417.96	32.00
418.16	-26.00
418.36	30.00
418.56	-13.00
418.76	-28.00
418.97	-46.00
419.17	-3.00
419.37	43.00
419.57	-47.00
419.77	34.00
419.97	1.00
420.17	4.00
420.37	-6.00
420.58	12.00
420.78	79.00
420.98	21.00
421.18	42.00
421.38	67.00
421.58	12.00
421.78	-17.00
421.98	13.00
422.19	43.00
422.39	-21.00
422.59	-56.00
422.79	-5.00
422.99	35.00
423.19	42.00
423.39	12.00
423.59	14.00
423.80	-19.00
424.00	-77.00
424.20	11.00
424.40	-22.00
424.60	47.00
424.80	44.00
425.00	55.00
425.20	29.00
425.40	47.00
425.61	-14.00
425.81	-12.00
426.01	-31.00
426.21	33.00
426.41	4.00
426.61	11.00
426.81	22.00
427.01	-59.00
427.21	-34.00
427.42	-14.00
427.62	34.00
427.82	41.00
428.02	53.00
428.22	1.00
428.42	-7.00
428.62	-7.00
428.82	67.00
429.02	26.00
429.23	7.00
429.43	21.00
429.63	-42.00
429.83	-53.00
430.03	47.00
430.23	5.00
430.43	-42.00
430.63	1.00
430.83	40.00
431.03	38.00
431.24	45.00
431.44	51.00
431.64	15.00
431.84	4.00
432.04	17.00
432.24	25.00
432.44	5.00
432.64	-3.00
432.84	-16.00
433.04	-48.00
433.24	4.00
433.45	37.00
433.65	6.00
433.85	-90.00
434.05	-52.00
434.25	-30.00
434.45	4.00
434.65	51.00
434.85	69.00
435.05	46.00
435.25	79.00
435.45	-12.00
435.65	-20.00
435.86	-11.00
436.06	-59.00
436.26	-67.00
436.46	54.00
436.66	50.00
436.86	17.00
437.06	-12.00
437.26	-7.00
437.46	41.00
437.66	3.00
437.86	-19.00
438.06	18.00
438.26	22.00
438.47	35.00
438.67	12.00
438.87	50.00
439.07	65.00
439.27	21.00
439.47	50.00
439.67	90.00
439.87	-35.00
440.07	14.00
440.27	8.00
440.47	-51.00
440.67	-27.00
440.87	3.00
441.07	11.00
441.27	24.00
441.48	38.00
441.68	-9.00
441.88	-24.00
442.08	3.00
442.28	-36.00
442.48	-1.00
442.68	27.00
442.88	-32.00
443.08	-26.00
443.28	44.00
443.48	32.00
443.68	3.00
443.88	28.00
444.08	65.00
444.28	86.00
444.48	20.00
444.68	66.00
444.88	-18.00
445.09	55.00
445.29	-7.00
445.49	-14.00
445.69	61.00
445.89	-43.00
446.09	40.00
446.29	56.00
446.49	13.00
446.69	47.00
446.89	23.00
447.09	-14.00
447.29	-24.00
447.49	91.00
447.69	59.00
447.89	80.00
448.09	23.00
448.29	-16.00
448.49	-45.00
448.69	-33.00
448.89	36.00
449.09	-61.00
449.29	-12.00
449.49	37.00
449.70	-9.00
449.90	-4.00
450.10	30.00
450.30	66.00
450.50	90.00
450.70	81.00
450.90	12.00
451.10	23.00
451.30	43.00
451.50	21.00
451.70	29.00
451.90	74.00
452.10	35.00
452.30	28.00
452.50	80.00
452.70	107.00
452.90	31.00
453.10	36.00
453.30	-36.00
453.50	6.00
453.70	47.00
453.90	7.00
454.10	-30.00
454.30	36.00
454.50	3.00
454.70	-21.00
454.90	-2.00
455.10	63.00
455.30	78.00
455.50	101.00
455.70	78.00
455.90	49.00
456.10	28.00
456.30	99.00
456.50	44.00
456.70	71.00
456.90	50.00
457.10	38.00
457.30	49.00
457.50	76.00
457.70	9.00
457.90	-21.00
458.10	11.00
458.30	65.00
458.50	-4.00
458.70	33.00
458.90	94.00
459.10	139.00
459.30	18.00
459.50	-42.00
459.70	-13.00
459.90	1.00
460.10	37.00
460.30	57.00
460.50	-5.00
460.70	85.00
460.90	19.00
461.10	5.00
461.30	43.00
461.50	70.00
461.70	80.00
461.90	98.00
462.10	137.00
462.30	138.00
462.50	-5.00
462.70	2.00
462.90	55.00
463.10	20.00
463.30	-15.00
463.50	55.00
463.70	15.00
463.90	-12.00
464.10	-8.00
464.30	51.00
464.50	49.00
464.70	76.00
464.90	22.00
465.10	-6.00
465.30	34.00
465.50	74.00
465.70	56.00
465.90	17.00
466.10	79.00
466.30	99.00
466.50	51.00
466.70	-2.00
466.90	19.00
467.10	29.00
467.30	21.00
467.50	77.00
467.70	21.00
467.90	106.00
468.10	85.00
468.30	41.00
468.50	19.00
468.70	-24.00
468.90	9.00
469.10	56.00
469.30	1.00
469.50	-31.00
469.70	58.00
469.90	48.00
470.10	86.00
470.30	79.00
470.50	97.00
470.70	141.00
470.90	100.00
471.10	83.00
471.29	70.00
471.49	72.00
471.69	9.00
471.89	-58.00
472.09	-90.00
472.29	-23.00
472.49	18.00
472.69	-22.00
472.89	59.00
473.09	113.00
473.29	114.00
473.49	97.00
473.69	101.00
473.89	66.00
474.09	38.00
474.29	1.00
474.49	71.00
474.69	99.00
474.89	13.00
475.09	75.00
475.29	57.00
475.49	16.00
475.69	21.00
475.88	80.00
476.08	64.00
476.28	124.00
476.48	38.00
476.68	24.00
476.88	104.00
477.08	48.00
477.28	44.00
477.48	-15.00
477.68	-24.00
477.88	22.00
478.08	54.00
478.28	68.00
478.48	7.00
478.68	40.00
478.88	47.00
479.08	61.00
479.28	78.00
479.47	100.00
479.67	50.00
479.87	-13.00
480.07	28.00
480.27	-19.00
480.47	20.00
480.67	59.00
480.87	82.00
481.07	72.00
481.27	72.00
481.47	82.00
481.67	4.00
481.87	-21.00
482.07	12.00
482.27	102.00
482.46	73.00
482.66	48.00
482.86	89.00
483.06	22.00
483.26	31.00
483.46	92.00
483.66	58.00
483.86	-9.00
484.06	23.00
484.26	91.00
484.46	60.00
484.66	111.00
484.86	71.00
485.05	109.00
485.25	91.00
485.45	16.00
485.65	51.00
485.85	128.00
486.05	64.00
486.25	19.00
486.45	-2.00
486.65	50.00
486.85	114.00
487.05	116.00
487.25	93.00
487.44	45.00
487.64	23.00
487.84	83.00
488.04	144.00
488.24	112.00
488.44	73.00
488.64	87.00
488.84	49.00
489.04	96.00
489.24	54.00
489.43	55.00
489.63	32.00
489.83	53.00
490.03	116.00
490.23	51.00
490.43	48.00
490.63	62.00
490.83	66.00
491.03	22.00
491.23	109.00
491.42	102.00
491.62	63.00
491.82	107.00
492.02	83.00
492.22	26.00
492.42	57.00
492.62	111.00
492.82	76.00
493.02	91.00
493.22	53.00
493.41	33.00
493.61	115.00
493.81	102.00
494.01	96.00
494.21	133.00
494.41	65.00
494.61	75.00
494.81	115.00
495.01	98.00
495.20	93.00
495.40	30.00
495.60	37.00
495.80	60.00
496.00	33.00
496.20	88.00
496.40	33.00
496.60	65.00
496.79	62.00
496.99	80.00
497.19	90.00
497.39	46.00
497.59	64.00
497.79	71.00
497.99	26.00
498.19	39.00
498.38	77.00
498.58	72.00
498.78	83.00
498.98	71.00
499.18	78.00
499.38	155.00
499.58	110.00
499.78	51.00
499.97	87.00
500.17	125.00
500.37	77.00
500.57	103.00
500.77	117.00
500.97	108.00
501.17	150.00
501.37	105.00
501.56	81.00
501.76	44.00
501.96	104.00
502.16	95.00
502.36	88.00
502.56	53.00
502.76	88.00
502.95	106.00
503.15	62.00
503.35	64.00
503.55	90.00
503.75	124.00
503.95	9.00
504.15	9.00
504.34	62.00
504.54	3.00
504.74	32.00
504.94	114.00
505.14	176.00
505.34	117.00
505.54	95.00
505.73	76.00
505.93	85.00
506.13	70.00
506.33	59.00
506.53	-14.00
506.73	44.00
506.92	71.00
507.12	105.00
507.32	70.00
507.52	61.00
507.72	88.00
507.92	60.00
508.12	62.00
508.31	63.00
508.51	69.00
508.71	58.00
508.91	74.00
509.11	91.00
509.31	84.00
509.50	59.00
509.70	55.00
509.90	75.00
510.10	104.00
510.30	88.00
510.50	79.00
510.69	139.00
510.89	135.00
511.09	106.00
511.29	148.00
511.49	147.00
511.69	94.00
511.88	106.00
512.08	113.00
512.28	122.00
512.48	61.00
512.68	39.00
512.88	79.00
513.07	80.00
513.27	133.00
513.47	106.00
513.67	130.00
513.87	125.00
514.06	138.00
514.26	111.00
514.46	107.00
514.66	95.00
514.86	124.00
515.06	91.00
515.25	55.00
515.45	105.00
515.65	71.00
515.85	94.00
516.05	168.00
516.24	122.00
516.44	130.00
516.64	100.00
516.84	87.00
517.04	100.00
517.23	121.00
517.43	97.00
517.63	94.00
517.83	105.00
518.03	102.00
518.23	138.00
518.42	100.00
518.62	103.00
518.82	126.00
519.02	147.00
519.22	107.00
519.41	126.00
519.61	102.00
519.81	53.00
520.01	44.00
520.21	59.00
520.40	101.00
520.60	65.00
520.80	96.00
521.00	148.00
521.20	105.00
521.39	114.00
521.59	117.00
521.79	170.00
521.99	162.00
522.19	96.00
522.38	101.00
522.58	112.00
522.78	115.00
522.98	103.00
523.17	108.00
523.37	117.00
523.57	110.00
523.77	112.00
523.97	91.00
524.16	82.00
524.36	94.00
524.56	171.00
524.76	140.00
524.96	177.00
525.15	105.00
525.35	129.00
525.55	66.00
525.75	34.00
525.94	109.00
526.14	103.00
526.34	196.00
526.54	129.00
526.74	131.00
526.93	194.00
527.13	147.00
527.33	108.00
527.53	120.00
527.72	88.00
527.92	71.00
528.12	116.00
528.32	102.00
528.52	120.00
528.71	154.00
528.91	146.00
529.11	202.00
529.31	201.00
529.50	150.00
529.70	129.00
529.90	141.00
530.10	107.00
530.29	196.00
530.49	179.00
530.69	158.00
530.89	164.00
531.09	106.00
531.28	150.00
531.48	188.00
531.68	189.00
531.88	122.00
532.07	105.00
532.27	157.00
532.47	136.00
532.67	190.00
532.86	197.00
533.06	178.00
533.26	124.00
533.46	94.00
533.65	155.00
533.85	128.00
534.05	167.00
534.25	156.00
534.44	221.00
534.64	285.00
534.84	276.00
535.04	197.00
535.23	208.00
535.43	223.00
535.63	228.00
535.83	140.00
536.02	193.00
536.22	208.00
536.42	175.00
536.62	244.00
536.81	266.00
537.01	201.00
537.21	148.00
537.41	182.00
537.60	210.00
537.80	197.00
538.00	213.00
538.20	172.00
538.39	151.00
538.59	159.00
538.79	211.00
538.99	206.00
539.18	232.00
539.38	256.00
539.58	257.00
539.77	301.00
539.97	257.00
540.17	296.00
540.37	372.00
540.56	328.00
540.76	329.00
540.96	245.00
541.16	246.00
541.35	262.00
541.55	296.00
541.75	280.00
541.94	331.00
542.14	321.00
542.34	299.00
542.54	318.00
542.73	362.00
542.93	326.00
543.13	327.00
543.33	233.00
543.52	213.00
543.72	311.00
543.92	323.00
544.11	319.00
544.31	297.00
544.51	359.00
544.71	375.00
544.90	441.00
545.10	375.00
545.30	379.00
545.49	298.00
545.69	255.00
545.89	345.00
546.09	354.00
546.28	461.00
546.48	457.00
546.68	407.00
546.87	301.00
547.07	287.00
547.27	237.00
547.47	345.00
547.66	263.00
547.86	267.00
548.06	284.00
548.25	300.00
548.45	264.00
548.65	220.00
548.84	246.00
549.04	268.00
549.24	228.00
549.44	208.00
549.63	228.00
549.83	287.00
550.03	314.00
550.22	300.00
550.42	268.00
550.62	236.00
550.81	256.00
551.01	253.00
551.21	276.00
551.41	302.00
551.60	294.00
551.80	262.00
552.00	268.00
552.19	212.00
552.39	253.00
552.59	261.00
552.78	229.00
552.98	232.00
553.18	218.00
553.37	244.00
553.57	240.00
553.77	230.00
553.96	224.00
554.16	267.00
554.36	246.00
554.56	276.00
554.75	263.00
554.95	194.00
555.15	264.00
555.34	233.00
555.54	212.00
555.74	254.00
555.93	243.00
556.13	230.00
556.33	254.00
556.52	242.00
556.72	189.00
556.92	245.00
557.11	291.00
557.31	239.00
557.51	231.00
557.70	171.00
557.90	196.00
558.10	176.00
558.29	188.00
558.49	193.00
558.69	216.00
558.88	132.00
559.08	172.00
559.28	132.00
559.47	160.00
559.67	200.00
559.87	190.00
560.06	198.00
560.26	174.00
560.46	202.00
560.65	184.00
560.85	239.00
561.05	193.00
561.24	95.00
561.44	179.00
561.64	242.00
561.83	302.00
562.03	256.00
562.23	163.00
562.42	193.00
562.62	225.00
562.82	269.00
563.01	296.00
563.21	244.00
563.40	233.00
563.60	244.00
563.80	232.00
563.99	252.00
564.19	194.00
564.39	242.00
564.58	302.00
564.78	256.00
564.98	238.00
565.17	269.00
565.37	207.00
565.57	107.00
565.76	126.00
565.96	219.00
566.16	193.00
566.35	203.00
566.55	205.00
566.74	227.00
566.94	177.00
567.14	224.00
567.33	279.00
567.53	221.00
567.73	264.00
567.92	240.00
568.12	200.00
568.32	215.00
568.51	234.00
568.71	214.00
568.90	210.00
569.10	246.00
569.30	236.00
569.49	305.00
569.69	345.00
569.89	283.00
570.08	217.00
570.28	256.00
570.47	210.00
570.67	307.00
570.87	280.00
571.06	320.00
571.26	254.00
571.46	259.00
571.65	274.00
571.85	228.00
572.04	228.00
572.24	207.00
572.44	227.00
572.63	207.00
572.83	250.00
573.03	230.00
573.22	201.00
573.42	260.00
573.61	342.00
573.81	347.00
574.01	265.00
574.20	259.00
574.40	216.00
574.59	241.00
574.79	305.00
574.99	284.00
575.18	360.00
575.38	330.00
575.58	293.00
575.77	385.00
575.97	318.00
576.16	330.00
576.36	353.00
576.56	359.00
576.75	375.00
576.95	345.00
577.14	367.00
577.34	351.00
577.54	342.00
577.73	390.00
577.93	320.00
578.12	364.00
578.32	401.00
578.52	369.00
578.71	395.00
578.91	434.00
579.10	430.00
579.30	460.00
579.50	459.00
579.69	453.00
579.89	399.00
580.08	339.00
580.28	448.00
580.48	503.00
580.67	464.00
580.87	469.00
581.06	409.00
581.26	414.00
581.45	412.00
581.65	438.00
581.85	407.00
582.04	563.00
582.24	493.00
582.43	458.00
582.63	553.00
582.83	527.00
583.02	617.00
583.22	613.00
583.41	639.00
583.61	537.00
583.80	543.00
584.00	523.00
584.20	573.00
584.39	536.00
584.59	619.00
584.78	622.00
584.98	567.00
585.17	539.00
585.37	658.00
585.57	622.00
585.76	633.00
585.96	621.00
586.15	667.00
586.35	699.00
586.54	673.00
586.74	663.00
586.94	668.00
587.13	720.00
587.33	685.00
587.52	716.00
587.72	786.00
587.91	684.00
588.11	702.00
588.31	758.00
588.50	756.00
588.70	687.00
588.89	714.00
589.09	709.00
589.28	715.00
589.48	718.00
589.68	740.00
589.87	743.00
590.07	780.00
590.26	795.00
590.46	819.00
590.65	848.00
590.85	844.00
591.04	772.00
591.24	773.00
591.44	819.00
591.63	848.00
591.83	832.00
592.02	898.00
592.22	889.00
592.41	886.00
592.61	944.00
592.80	912.00
593.00	953.00
593.19	928.00
593.39	1001.00
593.59	906.00
593.78	888.00
593.98	911.00
594.17	930.00
594.37	922.00
594.56	957.00
594.76	946.00
594.95	992.00
595.15	915.00
595.34	955.00
595.54	995.00
595.73	951.00
595.93	900.00
596.13	979.00
596.32	1065.00
596.52	1051.00
596.71	978.00
596.91	962.00
597.10	1005.00
597.30	1039.00
597.49	1024.00
597.69	913.00
597.88	1021.00
598.08	960.00
598.27	940.00
598.47	1048.00
598.66	1062.00
598.86	1066.00
599.06	1092.00
599.25	1082.00
599.45	1044.00
599.64	1051.00
599.84	1099.00
600.03	1082.00
600.23	1109.00
600.42	1092.00
600.62	1038.00
600.81	1109.00
601.01	1087.00
601.20	1047.00
601.40	1080.00
601.59	1083.00
601.79	1038.00
601.98	1024.00
602.18	1096.00
602.37	1076.00
602.57	1087.00
602.76	1049.00
602.96	1070.00
603.15	1026.00
603.35	1056.00
603.54	1132.00
603.74	990.00
603.93	1035.00
604.13	1005.00
604.32	1062.00
604.52	1018.00
604.71	1007.00
604.91	1092.00
605.10	1034.00
605.30	1047.00
605.49	1057.00
605.69	1039.00
605.88	1110.00
606.08	1089.00
606.27	1136.00
606.47	1057.00
606.66	1098.00
606.86	1171.00
607.05	1151.00
607.25	1162.00
607.44	1119.00
607.64	1017.00
607.83	1118.00
608.03	1080.00
608.22	1143.00
608.42	1189.00
608.61	1272.00
608.81	1277.00
609.00	1298.00
609.20	1274.00
609.39	1348.00
609.59	1410.00
609.78	1395.00
609.98	1531.00
610.17	1751.00
610.37	1940.00
610.56	2065.00
610.76	2165.00
610.95	2375.00
611.15	2493.00
611.34	2634.00
611.54	2752.00
611.73	2618.00
611.93	2356.00
612.12	2084.00
612.32	1891.00
612.51	1716.00
612.71	1575.00
612.90	1560.00
613.09	1550.00
613.29	1447.00
613.48	1526.00
613.68	1423.00
613.87	1444.00
614.07	1423.00
614.26	1409.00
614.46	1411.00
614.65	1411.00
614.85	1478.00
615.04	1398.00
615.24	1347.00
615.43	1344.00
615.63	1207.00
615.82	1207.00
616.02	1233.00
616.21	1186.00
616.40	1132.00
616.60	1147.00
616.79	1172.00
616.99	1175.00
617.18	1209.00
617.38	1154.00
617.57	1168.00
617.77	1086.00
617.96	1113.00
618.16	1141.00
618.35	1145.00
618.54	1196.00
618.74	1117.00
618.93	1054.00
619.13	1087.00
619.32	1117.00
619.52	1134.00
619.71	1186.00
619.91	1137.00
620.10	1160.00
620.30	1161.00
620.49	1219.00
620.68	1199.00
620.88	1174.00
621.07	1146.00
621.27	1187.00
621.46	1186.00
621.66	1214.00
621.85	1183.00
622.05	1153.00
622.24	1213.00
622.43	1273.00
622.63	1289.00
622.82	1219.00
623.02	1198.00
623.21	1165.00
623.41	1241.00
623.60	1258.00
623.80	1284.00
623.99	1293.00
624.18	1190.00
624.38	1202.00
624.57	1271.00
624.77	1164.00
624.96	1203.00
625.16	1251.00
625.35	1239.00
625.54	1318.00
625.74	1288.00
625.93	1332.00
626.13	1288.00
626.32	1259.00
626.52	1381.00
626.71	1340.00
626.90	1324.00
627.10	1342.00
627.29	1325.00
627.49	1328.00
627.68	1276.00
627.88	1232.00
628.07	1345.00
628.26	1322.00
628.46	1288.00
628.65	1282.00
628.85	1314.00
629.04	1374.00
629.23	1315.00
629.43	1376.00
629.62	1357.00
629.82	1363.00
630.01	1367.00
630.21	1411.00
630.40	1442.00
630.59	1415.00
630.79	1461.00
630.98	1496.00
631.18	1403.00
631.37	1427.00
631.56	1471.00
631.76	1460.00
631.95	1434.00
632.15	1417.00
632.34	1385.00
632.53	1354.00
632.73	1272.00
632.92	1337.00
633.12	1420.00
633.31	1350.00
633.50	1287.00
633.70	1342.00
633.89	1307.00
634.09	1280.00
634.28	1335.00
634.47	1440.00
634.67	1391.00
634.86	1286.00
635.06	1350.00
635.25	1442.00
635.44	1436.00
635.64	1334.00
635.83	1361.00
636.03	1371.00
636.22	1395.00
636.41	1396.00
636.61	1409.00
636.80	1372.00
637.00	1425.00
637.19	1386.00
637.38	1342.00
637.58	1446.00
637.77	1446.00
637.96	1534.00
638.16	1565.00
638.35	1491.00
638.55	1473.00
638.74	1517.00
638.93	1451.00
639.13	1491.00
639.32	1474.00
639.51	1485.00
639.71	1574.00
639.90	1588.00
640.10	1539.00
640.29	1547.00
640.48	1557.00
640.68	1599.00
640.87	1582.00
641.07	1581.00
641.26	1527.00
641.45	1613.00
641.65	1666.00
641.84	1519.00
642.03	1632.00
642.23	1680.00
642.42	1687.00
642.61	1657.00
642.81	1641.00
643.00	1506.00
643.20	1584.00
643.39	1640.00
643.58	1621.00
643.78	1750.00
643.97	1699.00
644.16	1670.00
644.36	1592.00
644.55	1655.00
644.74	1657.00
644.94	1634.00
645.13	1825.00
645.33	1702.00
645.52	1672.00
645.71	1731.00
645.91	1711.00
646.10	1790.00
646.29	1723.00
646.49	1702.00
646.68	1782.00
646.87	1807.00
647.07	1713.00
647.26	1691.00
647.45	1749.00
647.65	1727.00
647.84	1709.00
648.03	1766.00
648.23	1709.00
648.42	1645.00
648.62	1758.00
648.81	1788.00
649.00	1761.00
649.20	1814.00
649.39	1768.00
649.58	1773.00
649.78	1886.00
649.97	1836.00
650.16	1779.00
650.36	1894.00
650.55	1862.00
650.74	1865.00
650.94	1804.00
651.13	1832.00
651.32	1875.00
651.52	1867.00
651.71	1804.00
651.90	1812.00
652.10	1834.00
652.29	1867.00
652.48	1928.00
652.68	1928.00
652.87	1840.00
653.06	1845.00
653.26	1860.00
653.45	1940.00
653.64	1900.00
653.84	1892.00
654.03	1800.00
654.22	1884.00
654.42	1912.00
654.61	1780.00
654.80	1794.00
654.99	1768.00
655.19	1802.00
655.38	1886.00
655.57	1790.00
655.77	1815.00
655.96	1880.00
656.15	1873.00
656.35	1809.00
656.54	1813.00
656.73	1784.00
656.93	1858.00
657.12	1753.00
657.31	1679.00
657.51	1752.00
657.70	1816.00
657.89	1871.00
658.09	1820.00
658.28	1816.00
658.47	1876.00
658.66	1904.00
658.86	1888.00
659.05	1870.00
659.24	1900.00
659.44	1858.00
659.63	1808.00
659.82	1862.00
660.02	1819.00
660.21	1874.00
660.40	1823.00
660.60	1738.00
660.79	1655.00
660.98	1677.00
661.17	1679.00
661.37	1776.00
661.56	1763.00
661.75	1670.00
661.95	1805.00
662.14	1788.00
662.33	1864.00
662.52	1812.00
662.72	1741.00
662.91	1788.00
663.10	1908.00
663.30	1854.00
663.49	1796.00
663.68	1794.00
663.88	1750.00
664.07	1706.00
664.26	1735.00
664.45	1778.00
664.65	1687.00
664.84	1717.00
665.03	1717.00
665.23	1770.00
665.42	1793.00
665.61	1687.00
665.80	1726.00
666.00	1777.00
666.19	1705.00
666.38	1687.00
666.57	1706.00
666.77	1789.00
666.96	1725.00
667.15	1724.00
667.35	1668.00
667.54	1669.00
667.73	1708.00
667.92	1730.00
668.12	1708.00
668.31	1642.00
668.50	1617.00
668.70	1624.00
668.89	1615.00
669.08	1568.00
669.27	1541.00
669.47	1645.00
669.66	1594.00
669.85	1626.00
670.04	1616.00
670.24	1624.00
670.43	1568.00
670.62	1573.00
670.81	1631.00
671.01	1648.00
671.20	1624.00
671.39	1570.00
671.58	1643.00
671.78	1674.00
671.97	1572.00
672.16	1570.00
672.36	1609.00
672.55	1610.00
672.74	1633.00
672.93	1560.00
673.13	1593.00
673.32	1595.00
673.51	1613.00
673.70	1608.00
673.90	1586.00
674.09	1531.00
674.28	1525.00
674.47	1626.00
674.67	1546.00
674.86	1565.00
675.05	1607.00
675.24	1580.00
675.44	1567.00
675.63	1571.00
675.82	1543.00
676.01	1534.00
676.21	1574.00
676.40	1621.00
676.59	1521.00
676.78	1554.00
676.97	1511.00
677.17	1489.00
677.36	1551.00
677.55	1570.00
677.74	1449.00
677.94	1583.00
678.13	1533.00
678.32	1462.00
678.51	1527.00
678.71	1544.00
678.90	1507.00
679.09	1562.00
679.28	1475.00
679.48	1470.00
679.67	1512.00
679.86	1538.00
680.05	1537.00
680.24	1473.00
680.44	1437.00
680.63	1446.00
680.82	1503.00
681.01	1448.00
681.21	1456.00
681.40	1478.00
681.59	1455.00
681.78	1449.00
681.97	1410.00
682.17	1514.00
682.36	1403.00
682.55	1471.00
682.74	1518.00
682.94	1451.00
683.13	1481.00
683.32	1491.00
683.51	1501.00
683.70	1549.00
683.90	1462.00
684.09	1431.00
684.28	1483.00
684.47	1531.00
684.66	1505.00
684.86	1479.00
685.05	1478.00
685.24	1455.00
685.43	1466.00
685.63	1531.00
685.82	1509.00
686.01	1383.00
686.20	1444.00
686.39	1503.00
686.59	1514.00
686.78	1559.00
686.97	1464.00
687.16	1438.00
687.35	1460.00
687.55	1451.00
687.74	1478.00
687.93	1444.00
688.12	1405.00
688.31	1510.00
688.51	1556.00
688.70	1493.00
688.89	1546.00
689.08	1488.00
689.27	1505.00
689.47	1478.00
689.66	1427.00
689.85	1441.00
690.04	1394.00
690.23	1435.00
690.42	1511.00
690.62	1478.00
690.81	1453.00
691.00	1475.00
691.19	1535.00
691.38	1444.00
691.58	1265.00
691.77	1331.00
691.96	1368.00
692.15	1380.00
692.34	1384.00
692.54	1456.00
692.73	1440.00
692.92	1466.00
693.11	1416.00
693.30	1444.00
693.49	1416.00
693.69	1484.00
693.88	1515.00
694.07	1444.00
694.26	1464.00
694.45	1446.00
694.64	1414.00
694.84	1352.00
695.03	1436.00
695.22	1444.00
695.41	1413.00
695.60	1451.00
695.80	1404.00
695.99	1428.00
696.18	1372.00
696.37	1411.00
696.56	1381.00
696.75	1452.00
696.95	1452.00
697.14	1426.00
697.33	1424.00
697.52	1388.00
697.71	1362.00
697.90	1404.00
698.09	1389.00
698.29	1428.00
698.48	1464.00
698.67	1399.00
698.86	1454.00
699.05	1440.00
699.24	1422.00
699.44	1458.00
699.63	1445.00
699.82	1513.00
700.01	1472.00
700.20	1425.00
700.39	1443.00
700.58	1445.00
700.78	1497.00
700.97	1528.00
701.16	1479.00
701.35	1407.00
701.54	1488.00
701.73	1536.00
701.93	1508.00
702.12	1460.00
702.31	1505.00
702.50	1554.00
702.69	1572.00
702.88	1514.00
703.07	1462.00
703.27	1568.00
703.46	1521.00
703.65	1564.00
703.84	1593.00
704.03	1587.00
704.22	1534.00
704.41	1528.00
704.60	1532.00
704.80	1583.00
704.99	1538.00
705.18	1581.00
705.37	1568.00
705.56	1566.00
705.75	1584.00
705.94	1623.00
706.14	1673.00
706.33	1676.00
706.52	1737.00
706.71	1630.00
706.90	1676.00
707.09	1647.00
707.28	1736.00
707.47	1752.00
707.67	1667.00
707.86	1746.00
708.05	1813.00
708.24	1728.00
708.43	1702.00
708.62	1765.00
708.81	1701.00
709.00	1695.00
709.20	1778.00
709.39	1715.00
709.58	1777.00
709.77	1784.00
709.96	1789.00
710.15	1681.00
710.34	1695.00
710.53	1740.00
710.72	1744.00
710.92	1783.00
711.11	1648.00
711.30	1670.00
711.49	1642.00
711.68	1732.00
711.87	1704.00
712.06	1738.00
712.25	1881.00
712.44	1789.00
712.64	1760.00
712.83	1860.00
713.02	1851.00
713.21	1811.00
713.40	1793.00
713.59	1762.00
713.78	1822.00
713.97	1798.00
714.16	1720.00
714.35	1772.00
714.55	1737.00
714.74	1827.00
714.93	1763.00
715.12	1800.00
715.31	1860.00
715.50	1814.00
715.69	1743.00
715.88	1816.00
716.07	1850.00
716.26	1716.00
716.45	1729.00
716.65	1705.00
716.84	1686.00
717.03	1709.00
717.22	1766.00
717.41	1789.00
717.60	1737.00
717.79	1681.00
717.98	1793.00
718.17	1795.00
718.36	1866.00
718.55	1838.00
718.75	1811.00
718.94	1745.00
719.13	1735.00
719.32	1793.00
719.51	1831.00
719.70	1863.00
719.89	1791.00
720.08	1768.00
720.27	1812.00
720.46	1835.00
720.65	1931.00
720.84	1867.00
721.03	1778.00
721.22	1832.00
721.42	1883.00
721.61	1819.00
721.80	1762.00
721.99	1791.00
722.18	1786.00
722.37	1770.00
722.56	1829.00
722.75	1787.00
722.94	1844.00
723.13	1741.00
723.32	1705.00
723.51	1682.00
723.70	1724.00
723.89	1830.00
724.08	1778.00
724.28	1729.00
724.47	1765.00
724.66	1800.00
724.85	1877.00
725.04	1837.00
725.23	1817.00
725.42	1835.00
725.61	1784.00
725.80	1793.00
725.99	1838.00
726.18	1772.00
726.37	1895.00
726.56	1860.00
726.75	1860.00
726.94	1843.00
727.13	1910.00
727.32	1892.00
727.51	1954.00
727.71	1878.00
727.90	1843.00
728.09	1853.00
728.28	1836.00
728.47	1835.00
728.66	1813.00
728.85	1790.00
729.04	1824.00
729.23	1806.00
729.42	1829.00
729.61	1800.00
729.80	1773.00
729.99	1808.00
730.18	1851.00
730.37	1836.00
730.56	1856.00
730.75	1802.00
730.94	1824.00
731.13	1802.00
731.32	1794.00
731.51	1868.00
731.70	1857.00
731.89	1800.00
732.08	1831.00
732.27	1855.00
732.46	1782.00
732.65	1786.00
732.84	1844.00
733.04	1834.00
733.23	1855.00
733.42	1777.00
733.61	1679.00
733.80	1684.00
733.99	1841.00
734.18	1805.00
734.37	1749.00
734.56	1685.00
734.75	1684.00
734.94	1717.00
735.13	1792.00
735.32	1650.00
735.51	1716.00
735.70	1764.00
735.89	1769.00
736.08	1746.00
736.27	1725.00
736.46	1706.00
736.65	1846.00
736.84	1759.00
737.03	1707.00
737.22	1720.00
737.41	1751.00
737.60	1761.00
737.79	1745.00
737.98	1761.00
738.17	1744.00
738.36	1658.00
738.55	1711.00
738.74	1738.00
738.93	1683.00
739.12	1742.00
739.31	1767.00
739.50	1690.00
739.69	1615.00
739.88	1676.00
740.07	1655.00
740.26	1606.00
740.45	1613.00
740.64	1703.00
740.83	1692.00
741.02	1626.00
741.21	1613.00
741.40	1746.00
741.59	1722.00
741.78	1616.00
741.97	1597.00
742.16	1614.00
742.35	1545.00
742.54	1567.00
742.73	1658.00
742.92	1610.00
743.11	1537.00
743.30	1535.00
743.49	1555.00
743.68	1579.00
743.87	1647.00
744.06	1569.00
744.25	1615.00
744.44	1605.00
744.63	1539.00
744.82	1536.00
745.01	1610.00
745.20	1511.00
745.39	1536.00
745.58	1566.00
745.77	1628.00
745.96	1571.00
746.15	1559.00
746.34	1524.00
746.52	1623.00
746.71	1518.00
746.90	1428.00
747.09	1525.00
747.28	1544.00
747.47	1537.00
747.66	1571.00
747.85	1528.00
748.04	1546.00
748.23	1490.00
748.42	1468.00
748.61	1500.00
748.80	1556.00
748.99	1503.00
749.18	1513.00
749.37	1502.00
749.56	1496.00
749.75	1476.00
749.94	1405.00
750.13	1497.00
750.32	1439.00
750.51	1400.00
750.70	1390.00
750.89	1381.00
751.08	1340.00
751.27	1358.00
751.46	1414.00
751.64	1425.00
751.83	1444.00
752.02	1388.00
752.21	1429.00
752.40	1477.00
752.59	1424.00
752.78	1334.00
752.97	1422.00
753.16	1447.00
753.35	1399.00
753.54	1346.00
753.73	1397.00
753.92	1465.00
754.11	1349.00
754.30	1367.00
754.49	1375.00
754.68	1353.00
754.87	1401.00
755.06	1416.00
755.24	1356.00
755.43	1360.00
755.62	1341.00
755.81	1363.00
756.00	1414.00
756.19	1414.00
756.38	1326.00
756.57	1307.00
756.76	1276.00
756.95	1263.00
757.14	1277.00
757.33	1261.00
757.52	1297.00
757.71	1348.00
757.90	1260.00
758.08	1296.00
758.27	1323.00
758.46	1338.00
758.65	1382.00
758.84	1274.00
759.03	1246.00
759.22	1361.00
759.41	1351.00
759.60	1363.00
759.79	1355.00
759.98	1333.00
760.17	1350.00
760.36	1333.00
760.54	1243.00
760.73	1267.00
760.92	1274.00
761.11	1259.00
761.30	1246.00
761.49	1231.00
761.68	1244.00
761.87	1235.00
762.06	1299.00
762.25	1279.00
762.44	1213.00
762.63	1114.00
762.81	1138.00
763.00	1099.00
763.19	1084.00
763.38	1103.00
763.57	1095.00
763.76	1097.00
763.95	1050.00
764.14	1050.00
764.33	1097.00
764.52	1038.00
764.71	1022.00
764.89	1081.00
765.08	1099.00
765.27	1140.00
765.46	1137.00
765.65	1121.00
765.84	1081.00
766.03	1033.00
766.22	1156.00
766.41	1133.00
766.59	1026.00
766.78	1119.00
766.97	1175.00
767.16	1130.00
767.35	1150.00
767.54	1219.00
767.73	1176.00
767.92	1177.00
768.11	1169.00
768.30	1185.00
768.48	1200.00
768.67	1212.00
768.86	1272.00
769.05	1234.00
769.24	1237.00
769.43	1286.00
769.62	1236.00
769.81	1170.00
769.99	1209.00
770.18	1232.00
770.37	1225.00
770.56	1226.00
770.75	1127.00
770.94	1159.00
771.13	1170.00
771.32	1232.00
771.50	1227.00
771.69	1106.00
771.88	1094.00
772.07	1137.00
772.26	1232.00
772.45	1225.00
772.64	1141.00
772.83	1229.00
773.01	1233.00
773.20	1194.00
773.39	1221.00
773.58	1222.00
773.77	1134.00
773.96	1199.00
774.15	1171.00
774.34	1148.00
774.52	1191.00
774.71	1141.00
774.90	1219.00
775.09	1240.00
775.28	1176.00
775.47	1171.00
775.66	1114.00
775.84	1164.00
776.03	1166.00
776.22	1208.00
776.41	1210.00
776.60	1263.00
776.79	1158.00
776.98	1123.00
777.16	1164.00
777.35	1057.00
777.54	1036.00
777.73	1063.00
777.92	1084.00
778.11	1054.00
778.29	1113.00
778.48	1170.00
778.67	1204.00
778.86	1156.00
779.05	1203.00
779.24	1169.00
779.43	1215.00
779.61	1168.00
779.80	1182.00
779.99	1152.00
780.18	1125.00
780.37	1138.00
780.56	1082.00
780.74	1173.00
780.93	1086.00
781.12	1221.00
781.31	1259.00
781.50	1109.00
781.69	1095.00
781.87	1099.00
782.06	1173.00
782.25	1142.00
782.44	1202.00
782.63	1170.00
782.82	1218.00
783.00	1163.00
783.19	1187.00
783.38	1233.00
783.57	1225.00
783.76	1219.00
783.95	1135.00
784.13	1175.00
784.32	1173.00
784.51	1136.00
784.70	1166.00
784.89	1244.00
785.08	1208.00
785.26	1273.00
785.45	1214.00
785.64	1175.00
785.83	1210.00
786.02	1188.00
786.20	1266.00
786.39	1257.00
786.58	1209.00
786.77	1129.00
786.96	1144.00
787.15	1161.00
787.33	1207.00
787.52	1167.00
787.71	1270.00
787.90	1262.00
788.09	1250.00
788.27	1140.00
788.46	1198.00
788.65	1267.00
788.84	1279.00
789.03	1225.00
789.21	1236.00
789.40	1257.00
789.59	1190.00
789.78	1231.00
789.97	1179.00
790.15	1230.00
790.34	1283.00
790.53	1239.00
790.72	1273.00
790.91	1257.00
791.09	1293.00
791.28	1214.00
791.47	1232.00
791.66	1243.00
791.85	1311.00
792.03	1235.00
792.22	1217.00
792.41	1222.00
792.60	1260.00
792.79	1249.00
792.97	1293.00
793.16	1251.00
793.35	1251.00
793.54	1264.00
793.72	1279.00
793.91	1295.00
794.10	1304.00
794.29	1256.00
794.48	1238.00
794.66	1262.00
794.85	1231.00
795.04	1202.00
795.23	1262.00
795.42	1393.00
795.60	1339.00
795.79	1246.00
795.98	1227.00
796.17	1277.00
796.35	1322.00
796.54	1351.00
796.73	1357.00
796.92	1268.00
797.11	1257.00
797.29	1237.00
797.48	1170.00
797.67	1231.00
797.86	1300.00
798.04	1266.00
798.23	1252.00
798.42	1239.00
798.61	1279.00
798.79	1198.00
798.98	1259.00
799.17	1312.00
799.36	1272.00
799.54	1240.00
799.73	1281.00
799.92	1344.00
800.11	1284.00
800.30	1240.00
800.48	1256.00
800.67	1296.00
800.86	1316.00
801.05	1290.00
801.23	1164.00
801.42	1282.00
801.61	1362.00
801.80	1322.00
801.98	1305.00
802.17	1280.00
802.36	1291.00
802.55	1371.00
802.73	1255.00
802.92	1246.00
803.11	1236.00
803.30	1321.00
803.48	1302.00
803.67	1217.00
803.86	1283.00
804.05	1276.00
804.23	1272.00
804.42	1295.00
804.61	1280.00
804.80	1380.00
804.98	1308.00
805.17	1318.00
805.36	1292.00
805.54	1222.00
805.73	1280.00
805.92	1314.00
806.11	1337.00
806.29	1334.00
806.48	1225.00
806.67	1280.00
806.86	1365.00
807.04	1369.00
807.23	1379.00
807.42	1326.00
807.61	1372.00
807.79	1297.00
807.98	1268.00
808.17	1298.00
808.35	1221.00
808.54	1288.00
808.73	1364.00
808.92	1312.00
809.10	1305.00
809.29	1290.00
809.48	1248.00
809.67	1298.00
809.85	1338.00
810.04	1298.00
810.23	1337.00
810.41	1274.00
810.60	1281.00
810.79	1319.00
810.98	1257.00
811.16	1312.00
811.35	1317.00
811.54	1387.00
811.72	1331.00
811.91	1312.00
812.10	1262.00
812.29	1254.00
812.47	1240.00
812.66	1284.00
812.85	1290.00
813.03	1279.00
813.22	1349.00
813.41	1290.00
813.60	1224.00
813.78	1319.00
813.97	1252.00
814.16	1250.00
814.34	1259.00
814.53	1276.00
814.72	1299.00
814.90	1306.00
815.09	1301.00
815.28	1321.00
815.47	1290.00
815.65	1328.00
815.84	1247.00
816.03	1275.00
816.21	1303.00
816.40	1299.00
816.59	1212.00
816.77	1214.00
816.96	1304.00
817.15	1279.00
817.33	1263.00
817.52	1176.00
817.71	1249.00
817.90	1194.00
818.08	1186.00
818.27	1262.00
818.46	1288.00
818.64	1248.00
818.83	1321.00
819.02	1281.00
819.20	1279.00
819.39	1266.00
819.58	1256.00
819.76	1279.00
819.95	1298.00
820.14	1297.00
820.32	1313.00
820.51	1346.00
820.70	1185.00
820.88	1221.00
821.07	1239.00
821.26	1249.00
821.44	1201.00
821.63	1244.00
821.82	1304.00
822.01	1273.00
822.19	1290.00
822.38	1321.00
822.57	1230.00
822.75	1290.00
822.94	1285.00
823.13	1229.00
823.31	1309.00
823.50	1267.00
823.69	1237.00
823.87	1204.00
824.06	1208.00
824.25	1281.00
824.43	1268.00
824.62	1292.00
824.80	1262.00
824.99	1202.00
825.18	1259.00
825.36	1256.00
825.55	1270.00
825.74	1251.00
825.92	1347.00
826.11	1304.00
826.30	1174.00
826.48	1243.00
826.67	1251.00
826.86	1172.00
827.04	1154.00
827.23	1183.00
827.42	1131.00
827.60	1124.00
827.79	1196.00
827.98	1277.00
828.16	1259.00
828.35	1222.00
828.54	1272.00
828.72	1208.00
828.91	1137.00
829.09	1158.00
829.28	1061.00
829.47	1034.00
829.65	1168.00
829.84	1234.00
830.03	1163.00
830.21	1226.00
830.40	1199.00
830.59	1186.00
830.77	1211.00
830.96	1138.00
831.14	1215.00
831.33	1230.00
831.52	1105.00
831.70	1194.00
831.89	1207.00
832.08	1198.00
832.26	1037.00
832.45	1090.00
832.64	1211.00
832.82	1105.00
833.01	1061.00
833.19	1094.00
833.38	1159.00
833.57	1109.00
833.75	1106.00
833.94	1121.00
834.13	1183.00
834.31	1194.00
834.50	1231.00
834.68	1187.00
834.87	1071.00
835.06	1121.00
835.24	1219.00
835.43	1075.00
835.61	1159.00
835.80	1205.00
835.99	1195.00
836.17	1171.00
836.36	1111.00
836.55	1067.00
836.73	1121.00
836.92	1176.00
837.10	1073.00
837.29	1051.00
837.48	1108.00
837.66	1136.00
837.85	1112.00
838.03	1066.00
838.22	1108.00
838.41	1144.00
838.59	1184.00
838.78	1152.00
838.96	1067.00
839.15	1100.00
839.34	1072.00
839.52	1080.00
839.71	1112.00
839.89	1144.00
840.08	1126.00
840.27	1120.00
840.45	1120.00
840.64	1092.00
840.82	1142.00
841.01	1171.00
841.20	1112.00
841.38	1008.00
841.57	1076.00
841.75	1121.00
841.94	1073.00
842.13	1014.00
842.31	1056.00
842.50	1064.00
842.68	1118.00
842.87	1196.00
843.05	1121.00
843.24	972.00
843.43	1048.00
843.61	1031.00
843.80	984.00
843.98	1000.00
844.17	1066.00
844.36	1092.00
844.54	1080.00
844.73	990.00
844.91	1054.00
845.10	1061.00
845.28	1032.00
845.47	1122.00
845.66	1021.00
845.84	979.00
846.03	1015.00
846.21	974.00
846.40	971.00
846.58	937.00
846.77	988.00
846.96	1032.00
847.14	977.00
847.33	962.00
847.51	964.00
847.70	1020.00
847.88	1048.00
848.07	1072.00
848.25	947.00
848.44	968.00
848.63	912.00
848.81	936.00
849.00	894.00
849.18	961.00
849.37	978.00
849.55	996.00
849.74	972.00
849.93	981.00
850.11	995.00
850.30	995.00
850.48	916.00
850.67	952.00
850.85	1026.00
851.04	959.00
851.22	932.00
851.41	918.00
851.59	840.00
851.78	935.00
851.97	922.00
852.15	956.00
852.34	957.00
852.52	960.00
852.71	892.00
852.89	975.00
853.08	986.00
853.26	951.00
853.45	978.00
853.63	950.00
853.82	917.00
854.01	859.00
854.19	897.00
854.38	975.00
854.56	889.00
854.75	869.00
854.93	873.00
855.12	843.00
855.30	936.00
855.49	888.00
855.67	865.00
855.86	911.00
856.04	868.00
856.23	860.00
856.41	926.00
856.60	910.00
856.79	916.00
856.97	912.00
857.16	846.00
857.34	879.00
857.53	913.00
857.71	908.00
857.90	808.00
858.08	893.00
858.27	967.00
858.45	846.00
858.64	882.00
858.82	940.00
859.01	870.00
859.19	912.00
859.38	979.00
859.56	899.00
859.75	868.00
859.93	945.00
860.12	872.00
860.30	907.00
860.49	885.00
860.67	910.00
860.86	896.00
861.04	858.00
861.23	828.00
861.41	831.00
861.60	867.00
861.78	810.00
861.97	841.00
862.15	868.00
862.34	887.00
862.53	894.00
862.71	819.00
862.90	767.00
863.08	752.00
863.27	894.00
863.45	871.00
863.64	849.00
863.82	744.00
864.01	778.00
864.19	821.00
864.37	797.00
864.56	782.00
864.74	822.00
864.93	837.00
865.11	765.00
865.30	870.00
865.48	817.00
865.67	771.00
865.85	742.00
866.04	804.00
866.22	807.00
866.41	831.00
866.59	705.00
866.78	747.00
866.96	776.00
867.15	850.00
867.33	851.00
867.52	774.00
867.70	801.00
867.89	794.00
868.07	825.00
868.26	718.00
868.44	733.00
868.63	752.00
868.81	797.00
869.00	788.00
869.18	781.00
869.37	808.00
869.55	778.00
869.74	766.00
869.92	684.00
870.10	707.00
870.29	770.00
870.47	825.00
870.66	771.00
870.84	718.00
871.03	687.00
871.21	697.00
871.40	778.00
871.58	838.00
871.77	689.00
871.95	727.00
872.14	685.00
872.32	617.00
872.51	685.00
872.69	755.00
872.87	725.00
873.06	697.00
873.24	683.00
873.43	753.00
873.61	742.00
873.80	743.00
873.98	728.00
874.17	763.00
874.35	680.00
874.54	655.00
874.72	742.00
874.90	704.00
875.09	714.00
875.27	698.00
875.46	700.00
875.64	779.00
875.83	744.00
876.01	743.00
876.20	717.00
876.38	756.00
876.56	696.00
876.75	742.00
876.93	720.00
877.12	698.00
877.30	662.00
877.49	674.00
877.67	701.00
877.86	670.00
878.04	667.00
878.22	695.00
878.41	721.00
878.59	749.00
878.78	715.00
878.96	728.00
879.15	741.00
879.33	608.00
879.51	672.00
879.70	685.00
879.88	662.00
880.07	743.00
880.25	640.00
880.44	644.00
880.62	717.00
880.80	727.00
880.99	692.00
881.17	658.00
881.36	628.00
881.54	686.00
881.73	773.00
881.91	668.00
882.09	627.00
882.28	732.00
882.46	709.00
882.65	688.00
882.83	712.00
883.02	727.00
883.20	666.00
883.38	669.00
883.57	664.00
883.75	668.00
883.94	654.00
884.12	647.00
884.30	651.00
884.49	598.00
884.67	636.00
884.86	621.00
885.04	700.00
885.22	703.00
885.41	681.00
885.59	718.00
885.78	675.00
885.96	612.00
886.14	647.00
886.33	679.00
886.51	641.00
886.70	645.00
886.88	620.00
887.06	666.00
887.25	658.00
887.43	541.00
887.62	585.00
887.80	642.00
887.98	661.00
888.17	649.00
888.35	695.00
888.54	680.00
888.72	629.00
888.90	608.00
889.09	662.00
889.27	661.00
889.46	700.00
889.64	658.00
889.82	612.00
890.01	627.00
890.19	623.00
890.38	610.00
890.56	675.00
890.74	678.00
890.93	701.00
891.11	611.00
891.29	647.00
891.48	723.00
891.66	711.00
891.85	648.00
892.03	634.00
892.21	592.00
892.40	615.00
892.58	635.00
892.76	688.00
892.95	625.00
893.13	574.00
893.32	618.00
893.50	620.00
893.68	680.00
893.87	677.00
894.05	667.00
894.23	679.00
894.42	582.00
894.60	688.00
894.79	665.00
894.97	637.00
895.15	642.00
895.34	649.00
895.52	686.00
895.70	662.00
895.89	689.00
896.07	655.00
896.25	639.00
896.44	617.00
896.62	671.00
896.81	644.00
896.99	622.00
897.17	723.00
897.36	770.00
897.54	663.00
897.72	622.00
897.91	701.00
898.09	789.00
898.27	685.00
898.46	637.00
898.64	651.00
898.82	692.00
899.01	713.00
899.19	722.00
899.37	670.00
899.56	619.00
899.74	624.00
899.92	594.00
900.11	689.00
900.29	743.00
900.47	696.00
900.66	682.00
900.84	735.00
901.03	695.00
901.21	628.00
901.39	666.00
901.58	685.00
901.76	673.00
901.94	677.00
902.13	768.00
902.31	823.00
902.49	632.00
902.68	652.00
902.86	731.00
903.04	728.00
903.23	703.00
903.41	730.00
903.59	736.00
903.78	738.00
903.96	708.00
904.14	646.00
904.32	747.00
904.51	722.00
904.69	713.00
904.87	726.00
905.06	707.00
905.24	690.00
905.42	727.00
905.61	690.00
905.79	673.00
905.97	745.00
906.16	743.00
906.34	734.00
906.52	705.00
906.71	720.00
906.89	750.00
907.07	708.00
907.26	677.00
907.44	709.00
907.62	688.00
907.81	695.00
907.99	766.00
908.17	746.00
908.35	695.00
908.54	718.00
908.72	695.00
908.90	695.00
909.09	763.00
909.27	729.00
909.45	751.00
909.64	757.00
909.82	805.00
910.00	728.00
910.18	737.00
910.37	687.00
910.55	690.00
910.73	671.00
910.92	716.00
911.10	741.00
911.28	677.00
911.47	697.00
911.65	728.00
911.83	674.00
912.01	643.00
912.20	682.00
912.38	652.00
912.56	696.00
912.75	735.00
912.93	680.00
913.11	595.00
913.29	676.00
913.48	744.00
913.66	688.00
913.84	712.00
914.03	745.00
914.21	654.00
914.39	692.00
914.57	670.00
914.76	638.00
914.94	681.00
915.12	717.00
915.31	708.00
915.49	751.00
915.67	655.00
915.85	687.00
916.04	700.00
916.22	670.00
916.40	706.00
916.58	681.00
916.77	689.00
916.95	680.00
917.13	741.00
917.32	741.00
917.50	680.00
917.68	737.00
917.86	656.00
918.05	633.00
918.23	722.00
918.41	680.00
918.59	671.00
918.78	556.00
918.96	535.00
919.14	651.00
919.32	726.00
919.51	662.00
919.69	646.00
919.87	613.00
920.05	685.00
920.24	695.00
920.42	641.00
920.60	579.00
920.78	637.00
920.97	718.00
921.15	698.00
921.33	586.00
921.52	564.00
921.70	636.00
921.88	555.00
922.06	633.00
922.24	639.00
922.43	652.00
922.61	662.00
922.79	702.00
922.97	721.00
923.16	594.00
923.34	642.00
923.52	633.00
923.70	573.00
923.89	701.00
924.07	711.00
924.25	565.00
924.43	642.00
924.62	620.00
924.80	668.00
924.98	667.00
925.16	607.00
925.35	641.00
925.53	674.00
925.71	686.00
925.89	703.00
926.08	625.00
926.26	611.00
926.44	611.00
926.62	615.00
926.80	655.00
926.99	541.00
927.17	576.00
927.35	560.00
927.53	650.00
927.72	613.00
927.90	587.00
928.08	582.00
928.26	598.00
928.44	625.00
928.63	569.00
928.81	631.00
928.99	671.00
929.17	625.00
929.36	643.00
929.54	529.00
929.72	555.00
929.90	592.00
930.08	583.00
930.27	619.00
930.45	646.00
930.63	502.00
930.81	542.00
930.99	526.00
931.18	561.00
931.36	569.00
931.54	525.00
931.72	475.00
931.90	513.00
932.09	524.00
932.27	553.00
932.45	596.00
932.63	531.00
932.81	567.00
933.00	590.00
933.18	576.00
933.36	636.00
933.54	524.00
933.72	518.00
933.91	505.00
934.09	548.00
934.27	470.00
934.45	426.00
934.63	525.00
934.82	495.00
935.00	440.00
935.18	455.00
935.36	489.00
935.54	507.00
935.73	454.00
935.91	436.00
936.09	467.00
936.27	454.00
936.45	479.00
936.64	437.00
936.82	336.00
937.00	422.00
937.18	427.00
937.36	431.00
937.54	414.00
937.73	410.00
937.91	409.00
938.09	448.00
938.27	396.00
938.45	395.00
938.63	415.00
938.82	379.00
939.00	398.00
939.18	384.00
939.36	340.00
939.54	333.00
939.73	313.00
939.91	373.00
940.09	406.00
940.27	364.00
940.45	335.00
940.63	268.00
940.82	350.00
941.00	327.00
941.18	312.00
941.36	293.00
941.54	324.00
941.72	289.00
941.91	306.00
942.09	318.00
942.27	306.00
942.45	278.00
942.63	267.00
942.81	317.00
942.99	239.00
943.18	201.00
943.36	205.00
943.54	225.00
943.72	343.00
943.90	355.00
944.08	293.00
944.27	285.00
944.45	270.00
944.63	382.00
944.81	290.00
944.99	246.00
945.17	292.00
945.35	333.00
945.54	299.00
945.72	283.00
945.90	207.00
946.08	226.00
946.26	213.00
946.44	240.00
946.62	267.00
946.81	257.00
946.99	265.00
947.17	244.00
947.35	280.00
947.53	262.00
947.71	274.00
947.89	234.00
948.07	276.00
948.26	252.00
948.44	253.00
948.62	243.00
948.80	253.00
948.98	236.00
949.16	266.00
949.34	313.00
949.53	283.00
949.71	247.00
949.89	316.00
950.07	347.00
950.25	310.00
950.43	279.00
950.61	295.00
950.79	312.00
950.98	317.00
951.16	329.00
951.34	361.00
951.52	375.00
951.70	270.00
951.88	278.00
952.06	274.00
952.24	206.00
952.42	239.00
952.61	203.00
952.79	191.00
952.97	319.00
953.15	313.00
953.33	234.00
953.51	209.00
953.69	225.00
953.87	247.00
954.05	228.00
954.24	229.00
954.42	217.00
954.60	252.00
954.78	262.00
954.96	294.00
955.14	290.00
955.32	249.00
955.50	258.00
955.68	265.00
955.86	283.00
956.05	329.00
956.23	320.00
956.41	285.00
956.59	281.00
956.77	311.00
956.95	298.00
957.13	262.00
957.31	227.00
957.49	256.00
957.67	244.00
957.86	215.00
958.04	205.00
958.22	224.00
958.40	306.00
958.58	276.00
958.76	307.00
958.94	291.00
959.12	294.00
959.30	327.00
959.48	312.00
959.66	243.00
959.84	274.00
960.03	283.00
960.21	169.00
960.39	244.00
960.57	288.00
960.75	259.00
960.93	293.00
961.11	255.00
961.29	276.00
961.47	330.00
961.65	314.00
961.83	246.00
962.01	271.00
962.19	212.00
962.37	297.00
962.56	261.00
962.74	239.00
962.92	221.00
963.10	258.00
963.28	200.00
963.46	227.00
963.64	237.00
963.82	221.00
964.00	235.00
964.18	282.00
964.36	258.00
964.54	299.00
964.72	262.00
964.90	239.00
965.08	263.00
965.27	243.00
965.45	259.00
965.63	297.00
965.81	290.00
965.99	305.00
966.17	194.00
966.35	245.00
966.53	232.00
966.71	243.00
966.89	242.00
967.07	275.00
967.25	227.00
967.43	158.00
967.61	175.00
967.79	185.00
967.97	282.00
968.15	259.00
968.33	221.00
968.51	248.00
968.69	252.00
968.87	271.00
969.06	236.00
969.24	201.00
969.42	222.00
969.60	254.00
969.78	299.00
969.96	302.00
970.14	223.00
970.32	233.00
970.50	283.00
970.68	285.00
970.86	293.00
971.04	221.00
971.22	188.00
971.40	216.00
971.58	212.00
971.76	294.00
971.94	224.00
972.12	152.00
972.30	178.00
972.48	222.00
972.66	179.00
972.84	184.00
973.02	212.00
973.20	225.00
973.38	243.00
973.56	242.00
973.74	244.00
973.92	192.00
974.10	237.00
974.28	206.00
974.46	229.00
974.64	194.00
974.82	168.00
975.00	176.00
975.18	153.00
975.36	183.00
975.54	241.00
975.72	226.00
975.90	280.00
976.08	180.00
976.26	184.00
976.44	230.00
976.62	247.00
976.80	226.00
976.98	250.00
977.16	266.00
977.34	281.00
977.52	246.00
977.70	279.00
977.88	233.00
978.06	239.00
978.24	202.00
978.42	163.00
978.60	91.00
978.78	166.00
978.96	215.00
979.14	151.00
979.32	119.00
979.50	147.00
979.68	251.00
979.86	219.00
980.04	157.00
980.22	150.00
980.40	166.00
980.58	167.00
980.76	246.00
980.94	200.00
981.12	197.00
981.30	211.00
981.48	156.00
981.66	177.00
981.84	168.00
982.02	173.00
982.20	179.00
982.38	170.00
982.56	200.00
982.74	240.00
982.92	180.00
983.10	220.00
983.28	237.00
983.46	186.00
983.64	196.00
983.82	212.00
984.00	176.00
984.18	171.00
984.36	221.00
984.54	232.00
984.72	152.00
984.90	162.00
985.08	122.00
985.26	99.00
985.44	152.00
985.62	186.00
985.80	243.00
985.98	147.00
986.16	124.00
986.34	198.00
986.51	205.00
986.69	173.00
986.87	202.00
987.05	144.00
987.23	107.00
987.41	186.00
987.59	144.00
987.77	205.00
987.95	214.00
988.13	71.00
988.31	109.00
988.49	168.00
988.67	139.00
988.85	109.00
989.03	142.00
989.21	159.00
989.39	190.00
989.57	180.00
989.75	170.00
989.93	131.00
990.11	134.00
990.28	81.00
990.46	160.00
990.64	151.00
990.82	196.00
991.00	189.00
991.18	138.00
991.36	140.00
991.54	168.00
991.72	160.00
991.90	188.00
992.08	203.00
992.26	192.00
992.44	186.00
992.62	164.00
992.80	106.00
992.98	146.00
993.15	148.00
993.33	177.00
993.51	170.00
993.69	91.00
993.87	179.00
994.05	170.00
994.23	165.00
994.41	149.00
994.59	85.00
994.77	105.00
994.95	127.00
995.13	233.00
995.31	200.00
995.48	109.00
995.66	150.00
995.84	128.00
996.02	87.00
996.20	144.00
996.38	94.00
996.56	127.00
996.74	142.00
996.92	128.00
997.10	132.00
997.28	157.00
997.46	172.00
997.63	179.00
997.81	120.00
997.99	216.00
998.17	160.00
998.35	226.00
998.53	217.00
998.71	162.00
998.89	120.00
999.07	116.00
999.25	135.00
999.43	120.00
999.60	157.00
999.78	144.00
999.96	88.00
1000.14	70.00
1000.32	54.00
1000.50	124.00
1000.68	150.00
1000.86	118.00
1001.04	143.00
1001.21	173.00
1001.39	104.00
1001.57	111.00
1001.75	123.00
1001.93	140.00
1002.11	149.00
1002.29	126.00
1002.47	183.00
1002.65	226.00
1002.82	174.00
1003.00	13.00
1003.18	83.00
1003.36	180.00
1003.54	129.00
1003.72	121.00
1003.90	88.00
1004.08	103.00
1004.26	90.00
1004.43	68.00
1004.61	88.00
1004.79	84.00
1004.97	79.00
1005.15	71.00
1005.33	114.00
1005.51	198.00
1005.69	226.00
1005.86	116.00
1006.04	52.00
1006.22	87.00
1006.40	111.00
1006.58	55.00
1006.76	84.00
1006.94	180.00
1007.12	181.00
1007.29	142.00
1007.47	36.00
1007.65	70.00
1007.83	136.00
1008.01	122.00
1008.19	67.00
1008.37	80.00
1008.54	147.00
1008.72	86.00
1008.90	121.00
1009.08	111.00
1009.26	150.00
1009.44	159.00
1009.62	93.00
1009.79	126.00
1009.97	126.00
1010.15	113.00
1010.33	107.00
1010.51	109.00
1010.69	99.00
1010.87	93.00
1011.04	180.00
1011.22	118.00
1011.40	44.00
1011.58	91.00
1011.76	146.00
1011.94	126.00
1012.11	77.00
1012.29	92.00
1012.47	77.00
1012.65	51.00
1012.83	131.00
1013.01	190.00
1013.18	64.00
1013.36	150.00
1013.54	154.00
1013.72	140.00
1013.90	157.00
1014.08	242.00
1014.25	169.00
1014.43	79.00
1014.61	98.00
1014.79	80.00
1014.97	107.00
1015.15	123.00
1015.32	119.00
1015.50	89.00
1015.68	68.00
1015.86	130.00
1016.04	158.00
1016.22	114.00
1016.39	119.00
1016.57	152.00
1016.75	101.00
1016.93	133.00
1017.11	119.00
1017.29	41.00
1017.46	100.00
1017.64	92.00
1017.82	67.00
1018.00	136.00
1018.18	103.00
1018.35	162.00
1018.53	216.00
1018.71	155.00
1018.89	122.00
1019.07	133.00
1019.24	165.00
1019.42	134.00
1019.60	167.00
1019.78	231.00
1019.96	155.00
1020.14	110.00
1020.31	79.00
1020.49	86.00
1020.67	75.00
1020.85	32.00
1021.03	81.00
1021.20	18.00
1021.38	59.00
1021.56	105.00
1021.74	116.00
1021.92	104.00
1022.09	69.00
1022.27	41.00
1022.45	60.00
1022.63	52.00
1022.81	88.00
1022.98	131.00
1023.16	86.00
1023.34	72.00
1023.52	86.00
1023.69	142.00
1023.87	81.00
1024.05	121.00
1024.23	182.00
1024.41	147.00
1024.58	145.00
1024.76	153.00
1024.94	109.00
1025.12	115.00
1025.30	53.00
1025.47	20.00
1025.65	34.00
1025.83	99.00
1026.01	90.00
1026.18	75.00
1026.36	-12.00
1026.54	61.00
1026.72	83.00
1026.90	79.00
1027.07	42.00
1027.25	160.00
1027.43	121.00
1027.61	72.00
1027.78	127.00
1027.96	115.00
1028.14	160.00
1028.32	136.00
1028.49	102.00
1028.67	101.00
1028.85	56.00
1029.03	88.00
1029.21	110.00
1029.38	85.00
1029.56	117.00
1029.74	100.00
1029.92	82.00
1030.09	65.00
1030.27	55.00
1030.45	85.00
1030.63	104.00
1030.80	167.00
1030.98	139.00
1031.16	63.00
1031.34	54.00
1031.51	114.00
1031.69	99.00
1031.87	84.00
1032.05	112.00
1032.22	73.00
1032.40	99.00
1032.58	7.00
1032.76	32.00
1032.93	70.00
1033.11	77.00
1033.29	67.00
1033.47	75.00
1033.64	78.00
1033.82	93.00
1034.00	112.00
1034.18	65.00
1034.35	73.00
1034.53	73.00
1034.71	76.00
1034.89	160.00
1035.06	175.00
1035.24	129.00
1035.42	81.00
1035.59	94.00
1035.77	94.00
1035.95	58.00
1036.13	88.00
1036.30	85.00
1036.48	133.00
1036.66	137.00
1036.84	65.00
1037.01	82.00
1037.19	143.00
1037.37	125.00
1037.54	71.00
1037.72	46.00
1037.90	7.00
1038.08	35.00
1038.25	70.00
1038.43	81.00
1038.61	89.00
1038.79	55.00
1038.96	42.00
1039.14	53.00
1039.32	19.00
1039.49	47.00
1039.67	85.00
1039.85	57.00
1040.03	78.00
1040.20	33.00
1040.38	9.00
1040.56	79.00
1040.73	134.00
1040.91	115.00
1041.09	72.00
1041.27	92.00
1041.44	101.00
1041.62	113.00
1041.80	74.00
1041.97	86.00
1042.15	88.00
1042.33	80.00
1042.50	106.00
1042.68	83.00
1042.86	63.00
1043.04	70.00
1043.21	48.00
1043.39	89.00
1043.57	122.00
1043.74	102.00
1043.92	33.00
1044.10	22.00
1044.27	56.00
1044.45	45.00
1044.63	73.00
1044.80	52.00
1044.98	45.00
1045.16	66.00
1045.34	56.00
1045.51	95.00
1045.69	62.00
1045.87	61.00
1046.04	75.00
1046.22	30.00
1046.40	4.00
1046.57	57.00
1046.75	73.00
1046.93	80.00
1047.10	31.00
1047.28	24.00
1047.46	16.00
1047.63	118.00
1047.81	128.00
1047.99	36.00
1048.16	66.00
1048.34	108.00
1048.52	81.00
1048.69	76.00
1048.87	66.00
1049.05	-35.00
1049.22	36.00
1049.40	126.00
1049.58	72.00
1049.75	103.00
1049.93	80.00
1050.11	56.00
1050.28	119.00
1050.46	80.00
1050.64	81.00
1050.81	80.00
1050.99	4.00
1051.17	103.00
1051.34	132.00
1051.52	21.00
1051.70	0.00
1051.87	32.00
1052.05	72.00
1052.23	44.00
1052.40	37.00
1052.58	46.00
1052.76	-14.00
1052.93	44.00
1053.11	80.00
1053.29	136.00
1053.46	111.00
1053.64	67.00
1053.82	42.00
1053.99	116.00
1054.17	116.00
1054.35	96.00
1054.52	55.00
1054.70	39.00
1054.87	108.00
1055.05	102.00
1055.23	44.00
1055.40	55.00
1055.58	-39.00
1055.76	56.00
1055.93	69.00
1056.11	24.00
1056.29	-11.00
1056.46	6.00
1056.64	58.00
1056.81	9.00
1056.99	90.00
1057.17	94.00
1057.34	75.00
1057.52	89.00
1057.70	62.00
1057.87	11.00
1058.05	-9.00
1058.22	50.00
1058.40	27.00
1058.58	115.00
1058.75	68.00
1058.93	61.00
1059.11	37.00
1059.28	59.00
1059.46	63.00
1059.63	44.00
1059.81	60.00
1059.99	71.00
1060.16	-9.00
1060.34	17.00
1060.52	70.00
1060.69	40.00
1060.87	76.00
1061.04	76.00
1061.22	8.00
