367.62	-17.00
367.82	-31.00
368.02	19.00
368.23	2.00
368.43	14.00
368.63	-13.00
368.83	-10.00
369.04	-25.00
369.24	1.00
369.44	15.00
369.65	-10.00
369.85	-35.00
370.05	4.00
370.25	62.00
370.46	28.00
370.66	-27.00
370.86	24.00
371.07	88.00
371.27	21.00
371.47	-74.00
371.67	-34.00
371.88	18.00
372.08	-36.00
372.28	-1.00
372.49	7.00
372.69	37.00
372.89	-41.00
373.09	-30.00
373.30	-48.00
373.50	-35.00
373.70	16.00
373.91	83.00
374.11	25.00
374.31	52.00
374.51	21.00
374.72	12.00
374.92	29.00
375.12	43.00
375.33	34.00
375.53	96.00
375.73	18.00
375.93	-50.00
376.14	18.00
376.34	-13.00
376.54	-94.00
376.74	-7.00
376.95	93.00
377.15	41.00
377.35	6.00
377.55	15.00
377.76	15.00
377.96	56.00
378.16	50.00
378.37	-11.00
378.57	-56.00
378.77	-8.00
378.97	34.00
379.18	13.00
379.38	-27.00
379.58	48.00
379.78	-10.00
379.99	43.00
380.19	55.00
380.39	20.00
380.59	38.00
380.80	-33.00
381.00	0.00
381.20	-3.00
381.40	-28.00
381.61	-15.00
381.81	-43.00
382.01	-32.00
382.21	0.00
382.42	22.00
382.62	-23.00
382.82	-22.00
383.02	-32.00
383.23	-54.00
383.43	-25.00
383.63	33.00
383.83	19.00
384.04	-6.00
384.24	-51.00
384.44	4.00
384.64	33.00
384.85	-14.00
385.05	25.00
385.25	64.00
385.45	36.00
385.66	7.00
385.86	45.00
386.06	-5.00
386.26	-4.00
386.47	-8.00
386.67	15.00
386.87	-13.00
387.07	-21.00
387.27	-90.00
387.48	-30.00
387.68	13.00
387.88	45.00
388.08	-25.00
388.29	-25.00
388.49	3.00
388.69	2.00
388.89	33.00
389.10	-3.00
389.30	-5.00
389.50	-69.00
389.70	1.00
389.90	30.00
390.11	32.00
390.31	-11.00
390.51	51.00
390.71	63.00
390.92	65.00
391.12	-24.00
391.32	-5.00
391.52	43.00
391.72	75.00
391.93	67.00
392.13	18.00
392.33	49.00
392.53	-17.00
392.74	-50.00
392.94	28.00
393.14	47.00
393.34	-14.00
393.54	30.00
393.75	63.00
393.95	-18.00
394.15	-54.00
394.35	5.00
394.56	25.00
394.76	-100.00
394.96	-51.00
395.16	17.00
395.36	-12.00
395.57	-25.00
395.77	20.00
395.97	52.00
396.17	15.00
396.37	-26.00
396.58	-43.00
396.78	-56.00
396.98	-32.00
397.18	20.00
397.38	-1.00
397.59	0.00
397.79	-28.00
397.99	-26.00
398.19	-80.00
398.39	-48.00
398.60	20.00
398.80	20.00
399.00	-1.00
399.20	34.00
399.40	8.00
399.61	8.00
399.81	8.00
400.01	38.00
400.21	37.00
400.41	-40.00
400.62	10.00
400.82	-22.00
401.02	-17.00
401.22	49.00
401.42	74.00
401.63	-27.00
401.83	21.00
402.03	56.00
402.23	16.00
402.43	-45.00
402.64	16.00
402.84	0.00
403.04	-18.00
403.24	4.00
403.44	51.00
403.64	42.00
403.85	8.00
404.05	71.00
404.25	34.00
404.45	2.00
404.65	33.00
404.86	40.00
405.06	48.00
405.26	-19.00
405.46	25.00
405.66	37.00
405.86	44.00
406.07	44.00
406.27	12.00
406.47	34.00
406.67	81.00
406.87	94.00
407.07	92.00
407.28	16.00
407.48	-31.00
407.68	-20.00
407.88	-21.00
408.08	-12.00
408.28	48.00
408.49	36.00
408.69	44.00
408.89	26.00
409.09	10.00
409.29	-6.00
409.49	6.00
409.70	-2.00
409.90	-13.00
410.10	19.00
410.30	37.00
410.50	75.00
410.70	33.00
410.91	-2.00
411.11	31.00
411.31	74.00
411.51	86.00
411.71	33.00
411.91	3.00
412.12	-56.00
412.32	-29.00
412.52	73.00
412.72	12.00
412.92	-13.00
413.12	-12.00
413.32	34.00
413.53	22.00
413.73	46.00
413.93	12.00
414.13	-4.00
414.33	77.00
414.53	35.00
414.74	65.00
414.94	44.00
415.14	-28.00
415.34	-7.00
415.54	16.00
415.74	67.00
415.94	44.00
416.15	4.00
416.35	37.00
416.55	66.00
416.75	68.00
416.95	34.00
417.15	36.00
417.35	52.00
417.56	15.00
417.76	10.00
417.96	21.00
418.16	-2.00
418.36	66.00
418.56	-6.00
418.76	29.00
418.97	-5.00
419.17	15.00
419.37	53.00
419.57	-3.00
419.77	56.00
419.97	40.00
420.17	5.00
420.37	-7.00
420.58	40.00
420.78	108.00
420.98	34.00
421.18	16.00
421.38	59.00
421.58	38.00
421.78	40.00
421.98	57.00
422.19	62.00
422.39	37.00
422.59	17.00
422.79	60.00
422.99	37.00
423.19	-13.00
423.39	-5.00
423.59	-29.00
423.80	18.00
424.00	-12.00
424.20	67.00
424.40	45.00
424.60	84.00
424.80	17.00
425.00	28.00
425.20	27.00
425.40	115.00
425.61	80.00
425.81	33.00
426.01	-56.00
426.21	96.00
426.41	32.00
426.61	-8.00
426.81	23.00
427.01	24.00
427.21	-26.00
427.42	-26.00
427.62	24.00
427.82	21.00
428.02	88.00
428.22	-1.00
428.42	-27.00
428.62	-42.00
428.82	21.00
429.02	40.00
429.23	-64.00
429.43	-57.00
429.63	7.00
429.83	54.00
430.03	80.00
430.23	94.00
430.43	-9.00
430.63	28.00
430.83	43.00
431.03	52.00
431.24	21.00
431.44	76.00
431.64	42.00
431.84	35.00
432.04	44.00
432.24	37.00
432.44	-18.00
432.64	-7.00
432.84	12.00
433.04	34.00
433.24	12.00
433.45	19.00
433.65	6.00
433.85	-34.00
434.05	-11.00
434.25	26.00
434.45	35.00
434.65	77.00
434.85	21.00
435.05	-32.00
435.25	-11.00
435.45	-17.00
435.65	1.00
435.86	17.00
436.06	-18.00
436.26	6.00
436.46	52.00
436.66	37.00
436.86	13.00
437.06	51.00
437.26	49.00
437.46	16.00
437.66	3.00
437.86	-37.00
438.06	12.00
438.26	46.00
438.47	2.00
438.67	-40.00
438.87	9.00
439.07	30.00
439.27	9.00
439.47	27.00
439.67	46.00
439.87	-10.00
440.07	21.00
440.27	42.00
440.47	-53.00
440.67	-13.00
440.87	9.00
441.07	-3.00
441.27	55.00
441.48	99.00
441.68	-14.00
441.88	9.00
442.08	60.00
442.28	-18.00
442.48	-24.00
442.68	47.00
442.88	-47.00
443.08	-60.00
443.28	37.00
443.48	64.00
443.68	15.00
443.88	-2.00
444.08	20.00
444.28	71.00
444.48	8.00
444.68	48.00
444.88	-11.00
445.09	54.00
445.29	33.00
445.49	10.00
445.69	40.00
445.89	-54.00
446.09	13.00
446.29	42.00
446.49	43.00
446.69	48.00
446.89	-23.00
447.09	3.00
447.29	55.00
447.49	28.00
447.69	-48.00
447.89	11.00
448.09	5.00
448.29	35.00
448.49	-20.00
448.69	-38.00
448.89	38.00
449.09	-12.00
449.29	14.00
449.49	-6.00
449.70	41.00
449.90	-13.00
450.10	114.00
450.30	111.00
450.50	107.00
450.70	82.00
450.90	73.00
451.10	-13.00
451.30	47.00
451.50	34.00
451.70	37.00
451.90	75.00
452.10	41.00
452.30	2.00
452.50	99.00
452.70	49.00
452.90	57.00
453.10	29.00
453.30	23.00
453.50	56.00
453.70	88.00
453.90	80.00
454.10	81.00
454.30	109.00
454.50	60.00
454.70	54.00
454.90	6.00
455.10	76.00
455.30	84.00
455.50	134.00
455.70	129.00
455.90	73.00
456.10	32.00
456.30	126.00
456.50	101.00
456.70	89.00
456.90	106.00
457.10	94.00
457.30	81.00
457.50	22.00
457.70	54.00
457.90	-9.00
458.10	-49.00
458.30	55.00
458.50	79.00
458.70	107.00
458.90	96.00
459.10	71.00
459.30	49.00
459.50	28.00
459.70	-6.00
459.90	40.00
460.10	69.00
460.30	103.00
460.50	54.00
460.70	69.00
460.90	40.00
461.10	59.00
461.30	92.00
461.50	97.00
461.70	142.00
461.90	72.00
462.10	180.00
462.30	194.00
462.50	81.00
462.70	13.00
462.90	44.00
463.10	106.00
463.30	89.00
463.50	118.00
463.70	70.00
463.90	72.00
464.10	67.00
464.30	97.00
464.50	63.00
464.70	83.00
464.90	62.00
465.10	10.00
465.30	27.00
465.50	81.00
465.70	133.00
465.90	65.00
466.10	35.00
466.30	48.00
466.50	67.00
466.70	88.00
466.90	51.00
467.10	51.00
467.30	46.00
467.50	81.00
467.70	78.00
467.90	62.00
468.10	100.00
468.30	101.00
468.50	91.00
468.70	43.00
468.90	95.00
469.10	86.00
469.30	19.00
469.50	43.00
469.70	46.00
469.90	75.00
470.10	85.00
470.30	78.00
470.50	72.00
470.70	143.00
470.90	144.00
471.10	129.00
471.29	113.00
471.49	158.00
471.69	122.00
471.89	38.00
472.09	7.00
472.29	16.00
472.49	63.00
472.69	69.00
472.89	99.00
473.09	53.00
473.29	68.00
473.49	47.00
473.69	76.00
473.89	10.00
474.09	-4.00
474.29	24.00
474.49	78.00
474.69	68.00
474.89	37.00
475.09	118.00
475.29	94.00
475.49	55.00
475.69	60.00
475.88	70.00
476.08	97.00
476.28	79.00
476.48	15.00
476.68	42.00
476.88	61.00
477.08	46.00
477.28	65.00
477.48	14.00
477.68	3.00
477.88	40.00
478.08	49.00
478.28	78.00
478.48	79.00
478.68	116.00
478.88	64.00
479.08	40.00
479.28	85.00
479.47	84.00
479.67	78.00
479.87	34.00
480.07	22.00
480.27	44.00
480.47	86.00
480.67	89.00
480.87	101.00
481.07	87.00
481.27	42.00
481.47	109.00
481.67	15.00
481.87	63.00
482.07	69.00
482.27	121.00
482.46	95.00
482.66	13.00
482.86	55.00
483.06	25.00
483.26	82.00
483.46	105.00
483.66	105.00
483.86	60.00
484.06	14.00
484.26	55.00
484.46	46.00
484.66	126.00
484.86	172.00
485.05	121.00
485.25	39.00
485.45	45.00
485.65	123.00
485.85	108.00
486.05	100.00
486.25	77.00
486.45	120.00
486.65	106.00
486.85	116.00
487.05	148.00
487.25	96.00
487.44	42.00
487.64	105.00
487.84	104.00
488.04	180.00
488.24	194.00
488.44	101.00
488.64	54.00
488.84	94.00
489.04	124.00
489.24	67.00
489.43	69.00
489.63	111.00
489.83	109.00
490.03	160.00
490.23	79.00
490.43	125.00
490.63	100.00
490.83	32.00
491.03	46.00
491.23	189.00
491.42	196.00
491.62	106.00
491.82	202.00
492.02	197.00
492.22	44.00
492.42	134.00
492.62	187.00
492.82	167.00
493.02	178.00
493.22	76.00
493.41	49.00
493.61	109.00
493.81	139.00
494.01	127.00
494.21	154.00
494.41	119.00
494.61	146.00
494.81	180.00
495.01	140.00
495.20	171.00
495.40	95.00
495.60	143.00
495.80	136.00
496.00	156.00
496.20	211.00
496.40	125.00
496.60	118.00
496.79	164.00
496.99	166.00
497.19	95.00
497.39	132.00
497.59	119.00
497.79	76.00
497.99	79.00
498.19	99.00
498.38	150.00
498.58	135.00
498.78	126.00
498.98	179.00
499.18	130.00
499.38	151.00
499.58	167.00
499.78	119.00
499.97	143.00
500.17	139.00
500.37	157.00
500.57	178.00
500.77	113.00
500.97	118.00
501.17	207.00
501.37	175.00
501.56	123.00
501.76	128.00
501.96	101.00
502.16	85.00
502.36	75.00
502.56	86.00
502.76	170.00
502.95	180.00
503.15	159.00
503.35	133.00
503.55	133.00
503.75	159.00
503.95	98.00
504.15	125.00
504.34	114.00
504.54	106.00
504.74	168.00
504.94	255.00
505.14	222.00
505.34	123.00
505.54	147.00
505.73	142.00
505.93	165.00
506.13	115.00
506.33	150.00
506.53	162.00
506.73	167.00
506.92	145.00
507.12	169.00
507.32	191.00
507.52	175.00
507.72	145.00
507.92	153.00
508.12	102.00
508.31	141.00
508.51	176.00
508.71	147.00
508.91	172.00
509.11	167.00
509.31	135.00
509.50	180.00
509.70	157.00
509.90	134.00
510.10	136.00
510.30	110.00
510.50	86.00
510.69	140.00
510.89	111.00
511.09	152.00
511.29	195.00
511.49	183.00
511.69	152.00
511.88	190.00
512.08	134.00
512.28	154.00
512.48	171.00
512.68	176.00
512.88	177.00
513.07	111.00
513.27	173.00
513.47	159.00
513.67	194.00
513.87	160.00
514.06	164.00
514.26	147.00
514.46	128.00
514.66	119.00
514.86	196.00
515.06	128.00
515.25	169.00
515.45	166.00
515.65	107.00
515.85	138.00
516.05	196.00
516.24	205.00
516.44	195.00
516.64	158.00
516.84	169.00
517.04	126.00
517.23	127.00
517.43	170.00
517.63	117.00
517.83	124.00
518.03	167.00
518.23	187.00
518.42	185.00
518.62	231.00
518.82	172.00
519.02	181.00
519.22	175.00
519.41	172.00
519.61	192.00
519.81	162.00
520.01	163.00
520.21	205.00
520.40	178.00
520.60	174.00
520.80	147.00
521.00	170.00
521.20	158.00
521.39	155.00
521.59	121.00
521.79	229.00
521.99	241.00
522.19	185.00
522.38	135.00
522.58	176.00
522.78	207.00
522.98	114.00
523.17	167.00
523.37	158.00
523.57	166.00
523.77	192.00
523.97	167.00
524.16	191.00
524.36	145.00
524.56	199.00
524.76	168.00
524.96	201.00
525.15	194.00
525.35	212.00
525.55	168.00
525.75	180.00
525.94	199.00
526.14	213.00
526.34	202.00
526.54	206.00
526.74	186.00
526.93	243.00
527.13	214.00
527.33	171.00
527.53	193.00
527.72	227.00
527.92	232.00
528.12	249.00
528.32	151.00
528.52	111.00
528.71	231.00
528.91	250.00
529.11	291.00
529.31	250.00
529.50	209.00
529.70	216.00
529.90	267.00
530.10	230.00
530.29	269.00
530.49	235.00
530.69	202.00
530.89	263.00
531.09	271.00
531.28	245.00
531.48	260.00
531.68	285.00
531.88	230.00
532.07	185.00
532.27	215.00
532.47	240.00
532.67	250.00
532.86	283.00
533.06	238.00
533.26	203.00
533.46	166.00
533.65	227.00
533.85	285.00
534.05	237.00
534.25	259.00
534.44	303.00
534.64	307.00
534.84	318.00
535.04	308.00
535.23	310.00
535.43	318.00
535.63	311.00
535.83	329.00
536.02	346.00
536.22	295.00
536.42	263.00
536.62	290.00
536.81	302.00
537.01	321.00
537.21	332.00
537.41	330.00
537.60	387.00
537.80	283.00
538.00	289.00
538.20	290.00
538.39	317.00
538.59	282.00
538.79	320.00
538.99	302.00
539.18	315.00
539.38	339.00
539.58	309.00
539.77	352.00
539.97	351.00
540.17	307.00
540.37	396.00
540.56	380.00
540.76	348.00
540.96	332.00
541.16	333.00
541.35	322.00
541.55	366.00
541.75	392.00
541.94	438.00
542.14	451.00
542.34	391.00
542.54	377.00
542.73	462.00
542.93	445.00
543.13	462.00
543.33	403.00
543.52	419.00
543.72	385.00
543.92	339.00
544.11	451.00
544.31	444.00
544.51	454.00
544.71	480.00
544.90	487.00
545.10	417.00
545.30	428.00
545.49	365.00
545.69	350.00
545.89	426.00
546.09	489.00
546.28	504.00
546.48	629.00
546.68	503.00
546.87	439.00
547.07	493.00
547.27	428.00
547.47	417.00
547.66	361.00
547.86	390.00
548.06	477.00
548.25	422.00
548.45	446.00
548.65	353.00
548.84	369.00
549.04	369.00
549.24	359.00
549.44	415.00
549.63	364.00
549.83	402.00
550.03	461.00
550.22	458.00
550.42	380.00
550.62	366.00
550.81	431.00
551.01	392.00
551.21	411.00
551.41	348.00
551.60	385.00
551.80	328.00
552.00	384.00
552.19	326.00
552.39	374.00
552.59	385.00
552.78	396.00
552.98	378.00
553.18	325.00
553.37	381.00
553.57	340.00
553.77	412.00
553.96	437.00
554.16	437.00
554.36	396.00
554.56	366.00
554.75	418.00
554.95	317.00
555.15	351.00
555.34	368.00
555.54	403.00
555.74	419.00
555.93	407.00
556.13	321.00
556.33	420.00
556.52	417.00
556.72	318.00
556.92	341.00
557.11	374.00
557.31	348.00
557.51	334.00
557.70	311.00
557.90	318.00
558.10	279.00
558.29	318.00
558.49	295.00
558.69	320.00
558.88	313.00
559.08	267.00
559.28	235.00
559.47	227.00
559.67	322.00
559.87	304.00
560.06	322.00
560.26	289.00
560.46	326.00
560.65	375.00
560.85	322.00
561.05	355.00
561.24	277.00
561.44	315.00
561.64	354.00
561.83	449.00
562.03	353.00
562.23	274.00
562.42	359.00
562.62	335.00
562.82	369.00
563.01	359.00
563.21	317.00
563.40	314.00
563.60	359.00
563.80	344.00
563.99	327.00
564.19	341.00
564.39	351.00
564.58	369.00
564.78	362.00
564.98	275.00
565.17	307.00
565.37	345.00
565.57	356.00
565.76	285.00
565.96	325.00
566.16	354.00
566.35	328.00
566.55	292.00
566.74	346.00
566.94	308.00
567.14	351.00
567.33	450.00
567.53	388.00
567.73	377.00
567.92	320.00
568.12	311.00
568.32	343.00
568.51	328.00
568.71	325.00
568.90	330.00
569.10	357.00
569.30	408.00
569.49	440.00
569.69	413.00
569.89	405.00
570.08	380.00
570.28	356.00
570.47	346.00
570.67	399.00
570.87	365.00
571.06	384.00
571.26	452.00
571.46	391.00
571.65	396.00
571.85	360.00
572.04	388.00
572.24	414.00
572.44	413.00
572.63	354.00
572.83	388.00
573.03	376.00
573.22	353.00
573.42	383.00
573.61	457.00
573.81	490.00
574.01	394.00
574.20	421.00
574.40	464.00
574.59	541.00
574.79	427.00
574.99	421.00
575.18	533.00
575.38	510.00
575.58	495.00
575.77	498.00
575.97	452.00
576.16	480.00
576.36	481.00
576.56	610.00
576.75	625.00
576.95	554.00
577.14	526.00
577.34	535.00
577.54	515.00
577.73	541.00
577.93	483.00
578.12	497.00
578.32	567.00
578.52	552.00
578.71	570.00
578.91	577.00
579.10	626.00
579.30	717.00
579.50	694.00
579.69	631.00
579.89	616.00
580.08	643.00
580.28	670.00
580.48	687.00
580.67	631.00
580.87	614.00
581.06	621.00
581.26	637.00
581.45	580.00
581.65	616.00
581.85	663.00
582.04	735.00
582.24	744.00
582.43	720.00
582.63	846.00
582.83	787.00
583.02	741.00
583.22	866.00
583.41	902.00
583.61	861.00
583.80	905.00
584.00	821.00
584.20	827.00
584.39	839.00
584.59	879.00
584.78	869.00
584.98	958.00
585.17	888.00
585.37	910.00
585.57	952.00
585.76	962.00
585.96	927.00
586.15	918.00
586.35	915.00
586.54	892.00
586.74	1037.00
586.94	957.00
587.13	999.00
587.33	995.00
587.52	1048.00
587.72	1081.00
587.91	992.00
588.11	1083.00
588.31	999.00
588.50	1018.00
588.70	986.00
588.89	1068.00
589.09	1052.00
589.28	1027.00
589.48	993.00
589.68	1059.00
589.87	1182.00
590.07	1162.00
590.26	1109.00
590.46	1210.00
590.65	1229.00
590.85	1221.00
591.04	1215.00
591.24	1154.00
591.44	1129.00
591.63	1232.00
591.83	1213.00
592.02	1238.00
592.22	1235.00
592.41	1207.00
592.61	1258.00
592.80	1234.00
593.00	1261.00
593.19	1341.00
593.39	1286.00
593.59	1285.00
593.78	1371.00
593.98	1329.00
594.17	1301.00
594.37	1309.00
594.56	1322.00
594.76	1352.00
594.95	1373.00
595.15	1254.00
595.34	1303.00
595.54	1359.00
595.73	1376.00
595.93	1421.00
596.13	1447.00
596.32	1367.00
596.52	1365.00
596.71	1372.00
596.91	1400.00
597.10	1393.00
597.30	1446.00
597.49	1527.00
597.69	1440.00
597.88	1506.00
598.08	1494.00
598.27	1569.00
598.47	1556.00
598.66	1558.00
598.86	1515.00
599.06	1543.00
599.25	1628.00
599.45	1480.00
599.64	1465.00
599.84	1556.00
600.03	1478.00
600.23	1494.00
600.42	1508.00
600.62	1515.00
600.81	1630.00
601.01	1557.00
601.20	1635.00
601.40	1514.00
601.59	1574.00
601.79	1463.00
601.98	1459.00
602.18	1508.00
602.37	1549.00
602.57	1551.00
602.76	1494.00
602.96	1532.00
603.15	1496.00
603.35	1599.00
603.54	1546.00
603.74	1489.00
603.93	1538.00
604.13	1560.00
604.32	1486.00
604.52	1539.00
604.71	1544.00
604.91	1499.00
605.10	1504.00
605.30	1489.00
605.49	1544.00
605.69	1456.00
605.88	1521.00
606.08	1488.00
606.27	1543.00
606.47	1594.00
606.66	1650.00
606.86	1604.00
607.05	1546.00
607.25	1569.00
607.44	1581.00
607.64	1507.00
607.83	1514.00
608.03	1583.00
608.22	1665.00
608.42	1622.00
608.61	1643.00
608.81	1665.00
609.00	1708.00
609.20	1733.00
609.39	1805.00
609.59	1847.00
609.78	1931.00
609.98	2028.00
610.17	2202.00
610.37	2288.00
610.56	2491.00
610.76	2571.00
610.95	2694.00
611.15	2883.00
611.34	2952.00
611.54	3107.00
611.73	3057.00
611.93	2817.00
612.12	2523.00
612.32	2264.00
612.51	2112.00
612.71	2020.00
612.90	1926.00
613.09	2016.00
613.29	1970.00
613.48	1990.00
613.68	1858.00
613.87	1831.00
614.07	1830.00
614.26	1775.00
614.46	1815.00
614.65	1859.00
614.85	1849.00
615.04	1799.00
615.24	1782.00
615.43	1760.00
615.63	1611.00
615.82	1617.00
616.02	1550.00
616.21	1573.00
616.40	1596.00
616.60	1659.00
616.79	1595.00
616.99	1601.00
617.18	1646.00
617.38	1640.00
617.57	1518.00
617.77	1496.00
617.96	1526.00
618.16	1507.00
618.35	1508.00
618.54	1563.00
618.74	1546.00
618.93	1485.00
619.13	1534.00
619.32	1540.00
619.52	1661.00
619.71	1669.00
619.91	1654.00
620.10	1567.00
620.30	1610.00
620.49	1602.00
620.68	1601.00
620.88	1673.00
621.07	1724.00
621.27	1649.00
621.46	1593.00
621.66	1697.00
621.85	1683.00
622.05	1638.00
622.24	1650.00
622.43	1673.00
622.63	1736.00
622.82	1671.00
623.02	1647.00
623.21	1653.00
623.41	1689.00
623.60	1730.00
623.80	1712.00
623.99	1703.00
624.18	1694.00
624.38	1700.00
624.57	1619.00
624.77	1672.00
624.96	1762.00
625.16	1755.00
625.35	1726.00
625.54	1846.00
625.74	1820.00
625.93	1747.00
626.13	1822.00
626.32	1821.00
626.52	1799.00
626.71	1828.00
626.90	1870.00
627.10	1889.00
627.29	1788.00
627.49	1735.00
627.68	1816.00
627.88	1743.00
628.07	1861.00
628.26	1772.00
628.46	1788.00
628.65	1800.00
628.85	1844.00
629.04	1890.00
629.23	1874.00
629.43	1960.00
629.62	1878.00
629.82	1976.00
630.01	2039.00
630.21	1999.00
630.40	1896.00
630.59	1969.00
630.79	2030.00
630.98	2078.00
631.18	2043.00
631.37	2016.00
631.56	2060.00
631.76	1981.00
631.95	2007.00
632.15	1993.00
632.34	1916.00
632.53	1896.00
632.73	1883.00
632.92	1907.00
633.12	1904.00
633.31	1874.00
633.50	1954.00
633.70	2028.00
633.89	1900.00
634.09	1922.00
634.28	1935.00
634.47	1865.00
634.67	1944.00
634.86	2060.00
635.06	2067.00
635.25	2114.00
635.44	2050.00
635.64	2026.00
635.83	2026.00
636.03	2032.00
636.22	2081.00
636.41	2133.00
636.61	2155.00
636.80	2095.00
637.00	2124.00
637.19	2145.00
637.38	2096.00
637.58	2205.00
637.77	2097.00
637.96	2208.00
638.16	2214.00
638.35	2168.00
638.55	2187.00
638.74	2229.00
638.93	2290.00
639.13	2357.00
639.32	2304.00
639.51	2286.00
639.71	2194.00
639.90	2253.00
640.10	2360.00
640.29	2270.00
640.48	2259.00
640.68	2321.00
640.87	2269.00
641.07	2288.00
641.26	2347.00
641.45	2282.00
641.65	2373.00
641.84	2447.00
642.03	2314.00
642.23	2280.00
642.42	2311.00
642.61	2309.00
642.81	2385.00
643.00	2391.00
643.20	2410.00
643.39	2380.00
643.58	2351.00
643.78	2364.00
643.97	2357.00
644.16	2455.00
644.36	2462.00
644.55	2476.00
644.74	2566.00
644.94	2539.00
645.13	2537.00
645.33	2457.00
645.52	2498.00
645.71	2591.00
645.91	2523.00
646.10	2542.00
646.29	2520.00
646.49	2493.00
646.68	2586.00
646.87	2597.00
647.07	2549.00
647.26	2474.00
647.45	2595.00
647.65	2591.00
647.84	2586.00
648.03	2634.00
648.23	2631.00
648.42	2618.00
648.62	2618.00
648.81	2621.00
649.00	2673.00
649.20	2811.00
649.39	2781.00
649.58	2699.00
649.78	2673.00
649.97	2696.00
650.16	2586.00
650.36	2720.00
650.55	2757.00
650.74	2788.00
650.94	2804.00
651.13	2775.00
651.32	2798.00
651.52	2756.00
651.71	2824.00
651.90	2732.00
652.10	2684.00
652.29	2741.00
652.48	2846.00
652.68	2864.00
652.87	2840.00
653.06	2808.00
653.26	2717.00
653.45	2651.00
653.64	2678.00
653.84	2718.00
654.03	2668.00
654.22	2667.00
654.42	2713.00
654.61	2639.00
654.80	2675.00
654.99	2694.00
655.19	2720.00
655.38	2804.00
655.57	2746.00
655.77	2852.00
655.96	2797.00
656.15	2686.00
656.35	2720.00
656.54	2855.00
656.73	2782.00
656.93	2740.00
657.12	2683.00
657.31	2702.00
657.51	2689.00
657.70	2761.00
657.89	2734.00
658.09	2767.00
658.28	2833.00
658.47	2775.00
658.66	2723.00
658.86	2685.00
659.05	2736.00
659.24	2757.00
659.44	2729.00
659.63	2641.00
659.82	2708.00
660.02	2668.00
660.21	2687.00
660.40	2716.00
660.60	2612.00
660.79	2638.00
660.98	2644.00
661.17	2632.00
661.37	2628.00
661.56	2696.00
661.75	2613.00
661.95	2628.00
662.14	2692.00
662.33	2702.00
662.52	2700.00
662.72	2641.00
662.91	2666.00
663.10	2786.00
663.30	2675.00
663.49	2696.00
663.68	2752.00
663.88	2709.00
664.07	2715.00
664.26	2623.00
664.45	2540.00
664.65	2480.00
664.84	2532.00
665.03	2533.00
665.23	2492.00
665.42	2536.00
665.61	2550.00
665.80	2580.00
666.00	2509.00
666.19	2512.00
666.38	2532.00
666.57	2543.00
666.77	2560.00
666.96	2537.00
667.15	2596.00
667.35	2534.00
667.54	2514.00
667.73	2606.00
667.92	2538.00
668.12	2542.00
668.31	2417.00
668.50	2467.00
668.70	2483.00
668.89	2405.00
669.08	2449.00
669.27	2503.00
669.47	2516.00
669.66	2472.00
669.85	2527.00
670.04	2456.00
670.24	2477.00
670.43	2510.00
670.62	2512.00
670.81	2486.00
671.01	2460.00
671.20	2437.00
671.39	2425.00
671.58	2474.00
671.78	2435.00
671.97	2458.00
672.16	2372.00
672.36	2408.00
672.55	2351.00
672.74	2375.00
672.93	2281.00
673.13	2304.00
673.32	2340.00
673.51	2354.00
673.70	2339.00
673.90	2371.00
674.09	2346.00
674.28	2280.00
674.47	2259.00
674.67	2347.00
674.86	2444.00
675.05	2459.00
675.24	2402.00
675.44	2337.00
675.63	2311.00
675.82	2378.00
676.01	2422.00
676.21	2365.00
676.40	2390.00
676.59	2335.00
676.78	2331.00
676.97	2251.00
677.17	2229.00
677.36	2383.00
677.55	2345.00
677.74	2317.00
677.94	2311.00
678.13	2281.00
678.32	2292.00
678.51	2341.00
678.71	2334.00
678.90	2315.00
679.09	2416.00
679.28	2246.00
679.48	2251.00
679.67	2321.00
679.86	2342.00
680.05	2392.00
680.24	2363.00
680.44	2260.00
680.63	2216.00
680.82	2337.00
681.01	2300.00
681.21	2301.00
681.40	2276.00
681.59	2166.00
681.78	2224.00
681.97	2210.00
682.17	2242.00
682.36	2222.00
682.55	2193.00
682.74	2260.00
682.94	2245.00
683.13	2259.00
683.32	2359.00
683.51	2332.00
683.70	2372.00
683.90	2271.00
684.09	2228.00
684.28	2269.00
684.47	2298.00
684.66	2210.00
684.86	2168.00
685.05	2214.00
685.24	2228.00
685.43	2285.00
685.63	2267.00
685.82	2238.00
686.01	2147.00
686.20	2126.00
686.39	2240.00
686.59	2166.00
686.78	2181.00
686.97	2314.00
687.16	2181.00
687.35	2200.00
687.55	2313.00
687.74	2201.00
687.93	2163.00
688.12	2210.00
688.31	2244.00
688.51	2297.00
688.70	2281.00
688.89	2250.00
689.08	2235.00
689.27	2276.00
689.47	2186.00
689.66	2223.00
689.85	2241.00
690.04	2282.00
690.23	2232.00
690.42	2277.00
690.62	2178.00
690.81	2193.00
691.00	2227.00
691.19	2150.00
691.38	2179.00
691.58	2159.00
691.77	2135.00
691.96	2166.00
692.15	2225.00
692.34	2133.00
692.54	2053.00
692.73	2228.00
692.92	2205.00
693.11	2198.00
693.30	2240.00
693.49	2149.00
693.69	2208.00
693.88	2252.00
694.07	2169.00
694.26	2168.00
694.45	2177.00
694.64	2156.00
694.84	2176.00
695.03	2087.00
695.22	2182.00
695.41	2116.00
695.60	2164.00
695.80	2182.00
695.99	2173.00
696.18	2235.00
696.37	2226.00
696.56	2180.00
696.75	2117.00
696.95	2203.00
697.14	2156.00
697.33	2151.00
697.52	2172.00
697.71	2222.00
697.90	2202.00
698.09	2184.00
698.29	2260.00
698.48	2204.00
698.67	2277.00
698.86	2185.00
699.05	2224.00
699.24	2306.00
699.44	2326.00
699.63	2252.00
699.82	2201.00
700.01	2260.00
700.20	2245.00
700.39	2161.00
700.58	2240.00
700.78	2351.00
700.97	2276.00
701.16	2265.00
701.35	2220.00
701.54	2364.00
701.73	2291.00
701.93	2306.00
702.12	2261.00
702.31	2264.00
702.50	2366.00
702.69	2362.00
702.88	2383.00
703.07	2373.00
703.27	2396.00
703.46	2339.00
703.65	2395.00
703.84	2408.00
704.03	2423.00
704.22	2466.00
704.41	2493.00
704.60	2458.00
704.80	2524.00
704.99	2480.00
705.18	2403.00
705.37	2431.00
705.56	2473.00
705.75	2428.00
705.94	2490.00
706.14	2470.00
706.33	2551.00
706.52	2613.00
706.71	2608.00
706.90	2615.00
707.09	2521.00
707.28	2629.00
707.47	2686.00
707.67	2586.00
707.86	2594.00
708.05	2632.00
708.24	2618.00
708.43	2743.00
708.62	2685.00
708.81	2691.00
709.00	2666.00
709.20	2739.00
709.39	2695.00
709.58	2687.00
709.77	2651.00
709.96	2675.00
710.15	2649.00
710.34	2583.00
710.53	2699.00
710.72	2671.00
710.92	2590.00
711.11	2538.00
711.30	2568.00
711.49	2673.00
711.68	2729.00
711.87	2613.00
712.06	2671.00
712.25	2754.00
712.44	2804.00
712.64	2781.00
712.83	2937.00
713.02	2859.00
713.21	2887.00
713.40	2836.00
713.59	2712.00
713.78	2647.00
713.97	2684.00
714.16	2642.00
714.35	2630.00
714.55	2698.00
714.74	2726.00
714.93	2830.00
715.12	2785.00
715.31	2827.00
715.50	2803.00
715.69	2743.00
715.88	2789.00
716.07	2833.00
716.26	2754.00
716.45	2791.00
716.65	2789.00
716.84	2694.00
717.03	2667.00
717.22	2755.00
717.41	2780.00
717.60	2799.00
717.79	2727.00
717.98	2832.00
718.17	2800.00
718.36	2806.00
718.55	2741.00
718.75	2838.00
718.94	2864.00
719.13	2872.00
719.32	2825.00
719.51	2859.00
719.70	2805.00
719.89	2752.00
720.08	2884.00
720.27	2988.00
720.46	3029.00
720.65	2920.00
720.84	2872.00
721.03	2840.00
721.22	2840.00
721.42	2862.00
721.61	2934.00
721.80	2870.00
721.99	2936.00
722.18	2848.00
722.37	2801.00
722.56	2835.00
722.75	2849.00
722.94	2818.00
723.13	2786.00
723.32	2853.00
723.51	2821.00
723.70	2779.00
723.89	2805.00
724.08	2839.00
724.28	2829.00
724.47	2731.00
724.66	2827.00
724.85	2840.00
725.04	2944.00
725.23	2869.00
725.42	2840.00
725.61	2878.00
725.80	2922.00
725.99	2850.00
726.18	2962.00
726.37	2990.00
726.56	2917.00
726.75	2959.00
726.94	2903.00
727.13	2979.00
727.32	2935.00
727.51	2960.00
727.71	3023.00
727.90	2975.00
728.09	2926.00
728.28	2938.00
728.47	2868.00
728.66	2924.00
728.85	2924.00
729.04	2945.00
729.23	2849.00
729.42	2900.00
729.61	2868.00
729.80	2854.00
729.99	2913.00
730.18	2846.00
730.37	2812.00
730.56	2868.00
730.75	2917.00
730.94	2893.00
731.13	2889.00
731.32	2884.00
731.51	2902.00
731.70	2811.00
731.89	2760.00
732.08	2840.00
732.27	2810.00
732.46	2925.00
732.65	2901.00
732.84	2882.00
733.04	2806.00
733.23	2843.00
733.42	2863.00
733.61	2844.00
733.80	2867.00
733.99	2893.00
734.18	2851.00
734.37	2734.00
734.56	2770.00
734.75	2823.00
734.94	2855.00
735.13	2833.00
735.32	2815.00
735.51	2707.00
735.70	2785.00
735.89	2866.00
736.08	2776.00
736.27	2782.00
736.46	2807.00
736.65	2813.00
736.84	2681.00
737.03	2656.00
737.22	2819.00
737.41	2782.00
737.60	2721.00
737.79	2738.00
737.98	2748.00
738.17	2762.00
738.36	2689.00
738.55	2767.00
738.74	2833.00
738.93	2728.00
739.12	2627.00
739.31	2653.00
739.50	2590.00
739.69	2622.00
739.88	2722.00
740.07	2677.00
740.26	2625.00
740.45	2593.00
740.64	2633.00
740.83	2743.00
741.02	2745.00
741.21	2729.00
741.40	2606.00
741.59	2627.00
741.78	2619.00
741.97	2627.00
742.16	2510.00
742.35	2479.00
742.54	2557.00
742.73	2631.00
742.92	2551.00
743.11	2545.00
743.30	2498.00
743.49	2430.00
743.68	2466.00
743.87	2595.00
744.06	2585.00
744.25	2517.00
744.44	2517.00
744.63	2529.00
744.82	2512.00
745.01	2612.00
745.20	2502.00
745.39	2542.00
745.58	2477.00
745.77	2548.00
745.96	2510.00
746.15	2557.00
746.34	2449.00
746.52	2474.00
746.71	2510.00
746.90	2489.00
747.09	2570.00
747.28	2586.00
747.47	2435.00
747.66	2491.00
747.85	2489.00
748.04	2495.00
748.23	2377.00
748.42	2449.00
748.61	2344.00
748.80	2362.00
748.99	2409.00
749.18	2423.00
749.37	2393.00
749.56	2306.00
749.75	2259.00
749.94	2290.00
750.13	2320.00
750.32	2312.00
750.51	2291.00
750.70	2340.00
750.89	2275.00
751.08	2218.00
751.27	2252.00
751.46	2248.00
751.64	2240.00
751.83	2267.00
752.02	2205.00
752.21	2236.00
752.40	2222.00
752.59	2298.00
752.78	2289.00
752.97	2181.00
753.16	2270.00
753.35	2321.00
753.54	2225.00
753.73	2257.00
753.92	2264.00
754.11	2211.00
754.30	2258.00
754.49	2243.00
754.68	2213.00
754.87	2248.00
755.06	2251.00
755.24	2247.00
755.43	2228.00
755.62	2221.00
755.81	2226.00
756.00	2175.00
756.19	2191.00
756.38	2208.00
756.57	2161.00
756.76	2153.00
756.95	2193.00
757.14	2099.00
757.33	2116.00
757.52	2030.00
757.71	2086.00
757.90	2173.00
758.08	2157.00
758.27	2100.00
758.46	2115.00
758.65	2119.00
758.84	2008.00
759.03	1994.00
759.22	2094.00
759.41	2048.00
759.60	2104.00
759.79	2188.00
759.98	2125.00
760.17	2105.00
760.36	2052.00
760.54	2074.00
760.73	2118.00
760.92	2042.00
761.11	1995.00
761.30	2046.00
761.49	2025.00
761.68	1901.00
761.87	1883.00
762.06	1853.00
762.25	1977.00
762.44	1838.00
762.63	1700.00
762.81	1724.00
763.00	1784.00
763.19	1769.00
763.38	1735.00
763.57	1788.00
763.76	1838.00
763.95	1782.00
764.14	1815.00
764.33	1783.00
764.52	1716.00
764.71	1765.00
764.89	1771.00
765.08	1730.00
765.27	1735.00
765.46	1792.00
765.65	1775.00
765.84	1758.00
766.03	1761.00
766.22	1908.00
766.41	1842.00
766.59	1793.00
766.78	1791.00
766.97	1831.00
767.16	1870.00
767.35	1851.00
767.54	1925.00
767.73	1972.00
767.92	1937.00
768.11	1993.00
768.30	2035.00
768.48	1927.00
768.67	2014.00
768.86	2034.00
769.05	1958.00
769.24	1946.00
769.43	2130.00
769.62	1967.00
769.81	1955.00
769.99	1941.00
770.18	1897.00
770.37	1891.00
770.56	2008.00
770.75	1956.00
770.94	1927.00
771.13	1935.00
771.32	1979.00
771.50	2070.00
771.69	1932.00
771.88	1882.00
772.07	1838.00
772.26	1910.00
772.45	1899.00
772.64	1928.00
772.83	1951.00
773.01	2013.00
773.20	1939.00
773.39	1920.00
773.58	1932.00
773.77	1847.00
773.96	1879.00
774.15	1887.00
774.34	1830.00
774.52	1922.00
774.71	1855.00
774.90	1953.00
775.09	1894.00
775.28	1961.00
775.47	1923.00
775.66	1927.00
775.84	1993.00
776.03	1901.00
776.22	1936.00
776.41	1898.00
776.60	1909.00
776.79	1878.00
776.98	1855.00
777.16	1826.00
777.35	1793.00
777.54	1821.00
777.73	1845.00
777.92	1832.00
778.11	1813.00
778.29	1823.00
778.48	1885.00
778.67	1835.00
778.86	1874.00
779.05	1803.00
779.24	1824.00
779.43	1822.00
779.61	1870.00
779.80	1895.00
779.99	1936.00
780.18	1862.00
780.37	1941.00
780.56	1971.00
780.74	1972.00
780.93	1826.00
781.12	1953.00
781.31	1951.00
781.50	1897.00
781.69	1958.00
781.87	1943.00
782.06	1881.00
782.25	1932.00
782.44	1990.00
782.63	1977.00
782.82	1962.00
783.00	1919.00
783.19	1848.00
783.38	1891.00
783.57	1936.00
783.76	1981.00
783.95	1927.00
784.13	1930.00
784.32	1940.00
784.51	1962.00
784.70	1935.00
784.89	2042.00
785.08	1979.00
785.26	1972.00
785.45	1947.00
785.64	1935.00
785.83	1991.00
786.02	1992.00
786.20	2006.00
786.39	1958.00
786.58	1937.00
786.77	1918.00
786.96	1934.00
787.15	2053.00
787.33	1959.00
787.52	1949.00
787.71	2021.00
787.90	1971.00
788.09	2012.00
788.27	1942.00
788.46	1953.00
788.65	2097.00
788.84	1981.00
789.03	1934.00
789.21	2041.00
789.40	1969.00
789.59	1993.00
789.78	2002.00
789.97	1965.00
790.15	2067.00
790.34	2031.00
790.53	2017.00
790.72	1997.00
790.91	1976.00
791.09	2032.00
791.28	1970.00
791.47	2035.00
791.66	2047.00
791.85	2074.00
792.03	2074.00
792.22	2029.00
792.41	1981.00
792.60	2056.00
792.79	2017.00
792.97	2001.00
793.16	2099.00
793.35	2076.00
793.54	2082.00
793.72	2099.00
793.91	2073.00
794.10	2166.00
794.29	2118.00
794.48	2139.00
794.66	2078.00
794.85	2138.00
795.04	2059.00
795.23	2009.00
795.42	2037.00
795.60	2111.00
795.79	2031.00
795.98	2012.00
796.17	2079.00
796.35	2162.00
796.54	2109.00
796.73	2138.00
796.92	2068.00
797.11	2138.00
797.29	2085.00
797.48	2041.00
797.67	2077.00
797.86	2084.00
798.04	2085.00
798.23	2036.00
798.42	2093.00
798.61	2102.00
798.79	2044.00
798.98	2068.00
799.17	2138.00
799.36	2033.00
799.54	2055.00
799.73	2018.00
799.92	2034.00
800.11	2065.00
800.30	2066.00
800.48	2065.00
800.67	2081.00
800.86	2109.00
801.05	2074.00
801.23	2145.00
801.42	2083.00
801.61	2105.00
801.80	2053.00
801.98	2037.00
802.17	2018.00
802.36	2117.00
802.55	2149.00
802.73	2055.00
802.92	2068.00
803.11	2009.00
803.30	2044.00
803.48	2133.00
803.67	2151.00
803.86	2152.00
804.05	2187.00
804.23	2062.00
804.42	2080.00
804.61	2135.00
804.80	2210.00
804.98	2197.00
805.17	2147.00
805.36	2090.00
805.54	2044.00
805.73	2135.00
805.92	2166.00
806.11	2190.00
806.29	2117.00
806.48	2094.00
806.67	2046.00
806.86	2119.00
807.04	2193.00
807.23	2204.00
807.42	2209.00
807.61	2109.00
807.79	2096.00
807.98	2148.00
808.17	2122.00
808.35	2117.00
808.54	2180.00
808.73	2190.00
808.92	2060.00
809.10	2137.00
809.29	2140.00
809.48	2156.00
809.67	2171.00
809.85	2212.00
810.04	2136.00
810.23	2114.00
810.41	2112.00
810.60	2080.00
810.79	2136.00
810.98	2136.00
811.16	2133.00
811.35	2146.00
811.54	2086.00
811.72	2168.00
811.91	2212.00
812.10	2211.00
812.29	2155.00
812.47	2091.00
812.66	2152.00
812.85	2096.00
813.03	2135.00
813.22	2193.00
813.41	2126.00
813.60	2044.00
813.78	2116.00
813.97	2156.00
814.16	2144.00
814.34	1995.00
814.53	2080.00
814.72	2136.00
814.90	2034.00
815.09	2004.00
815.28	2041.00
815.47	2038.00
815.65	2114.00
815.84	2045.00
816.03	2074.00
816.21	2117.00
816.40	2155.00
816.59	2129.00
816.77	2161.00
816.96	2157.00
817.15	2144.00
817.33	2167.00
817.52	2090.00
817.71	2089.00
817.90	2099.00
818.08	2126.00
818.27	2092.00
818.46	2049.00
818.64	2144.00
818.83	2188.00
819.02	2053.00
819.20	1984.00
819.39	2101.00
819.58	2068.00
819.76	2110.00
819.95	2104.00
820.14	2108.00
820.32	2157.00
820.51	2092.00
820.70	2091.00
820.88	2046.00
821.07	2132.00
821.26	2133.00
821.44	2158.00
821.63	2107.00
821.82	2137.00
822.01	2100.00
822.19	2132.00
822.38	2119.00
822.57	2050.00
822.75	2150.00
822.94	2256.00
823.13	2126.00
823.31	2140.00
823.50	2105.00
823.69	2085.00
823.87	2014.00
824.06	2033.00
824.25	2072.00
824.43	2065.00
824.62	2116.00
824.80	2071.00
824.99	2041.00
825.18	2132.00
825.36	2150.00
825.55	2148.00
825.74	2145.00
825.92	2060.00
826.11	1986.00
826.30	2001.00
826.48	2072.00
826.67	2038.00
826.86	1986.00
827.04	1937.00
827.23	2044.00
827.42	2022.00
827.60	1971.00
827.79	2049.00
827.98	2034.00
828.16	2016.00
828.35	1961.00
828.54	1975.00
828.72	1971.00
828.91	1899.00
829.09	1984.00
829.28	1968.00
829.47	1881.00
829.65	1931.00
829.84	1985.00
830.03	1906.00
830.21	1898.00
830.40	1940.00
830.59	1976.00
830.77	1940.00
830.96	1921.00
831.14	1979.00
831.33	1990.00
831.52	1932.00
831.70	1946.00
831.89	1983.00
832.08	2040.00
832.26	1879.00
832.45	1830.00
832.64	1909.00
832.82	1931.00
833.01	1842.00
833.19	1863.00
833.38	1909.00
833.57	1858.00
833.75	1867.00
833.94	1903.00
834.13	1939.00
834.31	2043.00
834.50	1941.00
834.68	1982.00
834.87	1930.00
835.06	1925.00
835.24	1981.00
835.43	1926.00
835.61	2007.00
835.80	1993.00
835.99	1979.00
836.17	1948.00
836.36	1889.00
836.55	1927.00
836.73	2001.00
836.92	1912.00
837.10	1936.00
837.29	1934.00
837.48	1808.00
837.66	1824.00
837.85	1858.00
838.03	1878.00
838.22	1933.00
838.41	1898.00
838.59	1948.00
838.78	1899.00
838.96	1907.00
839.15	1886.00
839.34	1837.00
839.52	1760.00
839.71	1880.00
839.89	1906.00
840.08	1875.00
840.27	1869.00
840.45	1862.00
840.64	1888.00
840.82	1895.00
841.01	1873.00
841.20	1897.00
841.38	1815.00
841.57	1808.00
841.75	1948.00
841.94	1800.00
842.13	1802.00
842.31	1825.00
842.50	1776.00
842.68	1734.00
842.87	1832.00
843.05	1743.00
843.24	1654.00
843.43	1786.00
843.61	1859.00
843.80	1814.00
843.98	1737.00
844.17	1739.00
844.36	1711.00
844.54	1760.00
844.73	1643.00
844.91	1658.00
845.10	1713.00
845.28	1693.00
845.47	1770.00
845.66	1715.00
845.84	1707.00
846.03	1745.00
846.21	1682.00
846.40	1771.00
846.58	1664.00
846.77	1680.00
846.96	1803.00
847.14	1699.00
847.33	1640.00
847.51	1662.00
847.70	1722.00
847.88	1656.00
848.07	1727.00
848.25	1706.00
848.44	1649.00
848.63	1565.00
848.81	1616.00
849.00	1553.00
849.18	1653.00
849.37	1698.00
849.55	1712.00
849.74	1638.00
849.93	1628.00
850.11	1649.00
850.30	1657.00
850.48	1540.00
850.67	1615.00
850.85	1610.00
851.04	1624.00
851.22	1673.00
851.41	1656.00
851.59	1595.00
851.78	1631.00
851.97	1612.00
852.15	1659.00
852.34	1624.00
852.52	1601.00
852.71	1542.00
852.89	1670.00
853.08	1648.00
853.26	1646.00
853.45	1606.00
853.63	1603.00
853.82	1563.00
854.01	1570.00
854.19	1531.00
854.38	1623.00
854.56	1624.00
854.75	1614.00
854.93	1575.00
855.12	1536.00
855.30	1568.00
855.49	1550.00
855.67	1543.00
855.86	1454.00
856.04	1536.00
856.23	1542.00
856.41	1631.00
856.60	1547.00
856.79	1497.00
856.97	1550.00
857.16	1537.00
857.34	1500.00
857.53	1420.00
857.71	1495.00
857.90	1463.00
858.08	1492.00
858.27	1500.00
858.45	1408.00
858.64	1422.00
858.82	1445.00
859.01	1500.00
859.19	1476.00
859.38	1454.00
859.56	1455.00
859.75	1575.00
859.93	1546.00
860.12	1470.00
860.30	1467.00
860.49	1509.00
860.67	1471.00
860.86	1481.00
861.04	1499.00
861.23	1460.00
861.41	1439.00
861.60	1434.00
861.78	1424.00
861.97	1473.00
862.15	1496.00
862.34	1499.00
862.53	1511.00
862.71	1434.00
862.90	1317.00
863.08	1356.00
863.27	1438.00
863.45	1533.00
863.64	1495.00
863.82	1401.00
864.01	1340.00
864.19	1295.00
864.37	1414.00
864.56	1353.00
864.74	1367.00
864.93	1400.00
865.11	1356.00
865.30	1421.00
865.48	1394.00
865.67	1417.00
865.85	1384.00
866.04	1344.00
866.22	1346.00
866.41	1393.00
866.59	1356.00
866.78	1414.00
866.96	1366.00
867.15	1331.00
867.33	1344.00
867.52	1362.00
867.70	1371.00
867.89	1297.00
868.07	1349.00
868.26	1302.00
868.44	1193.00
868.63	1281.00
868.81	1342.00
869.00	1262.00
869.18	1239.00
869.37	1246.00
869.55	1270.00
869.74	1295.00
869.92	1233.00
870.10	1294.00
870.29	1383.00
870.47	1369.00
870.66	1264.00
870.84	1264.00
871.03	1283.00
871.21	1281.00
871.40	1270.00
871.58	1344.00
871.77	1268.00
871.95	1237.00
872.14	1209.00
872.32	1195.00
872.51	1144.00
872.69	1088.00
872.87	1232.00
873.06	1247.00
873.24	1168.00
873.43	1212.00
873.61	1152.00
873.80	1292.00
873.98	1319.00
874.17	1308.00
874.35	1234.00
874.54	1220.00
874.72	1162.00
874.90	1229.00
875.09	1258.00
875.27	1217.00
875.46	1158.00
875.64	1285.00
875.83	1205.00
876.01	1221.00
876.20	1203.00
876.38	1163.00
876.56	1137.00
876.75	1209.00
876.93	1195.00
877.12	1211.00
877.30	1164.00
877.49	1192.00
877.67	1245.00
877.86	1260.00
878.04	1213.00
878.22	1224.00
878.41	1254.00
878.59	1227.00
878.78	1230.00
878.96	1233.00
879.15	1238.00
879.33	1117.00
879.51	1179.00
879.70	1255.00
879.88	1216.00
880.07	1191.00
880.25	1108.00
880.44	1170.00
880.62	1286.00
880.80	1204.00
880.99	1164.00
881.17	1158.00
881.36	1151.00
881.54	1137.00
881.73	1152.00
881.91	1220.00
882.09	1171.00
882.28	1247.00
882.46	1250.00
882.65	1176.00
882.83	1162.00
883.02	1153.00
883.20	1125.00
883.38	1197.00
883.57	1124.00
883.75	1145.00
883.94	1133.00
884.12	1168.00
884.30	1121.00
884.49	1134.00
884.67	1167.00
884.86	1172.00
885.04	1190.00
885.22	1136.00
885.41	1225.00
885.59	1205.00
885.78	1138.00
885.96	1115.00
886.14	1122.00
886.33	1205.00
886.51	1122.00
886.70	1113.00
886.88	1101.00
887.06	1135.00
887.25	1115.00
887.43	1123.00
887.62	1127.00
887.80	1118.00
887.98	1030.00
888.17	1084.00
888.35	1154.00
888.54	1171.00
888.72	1147.00
888.90	1133.00
889.09	1184.00
889.27	1053.00
889.46	1125.00
889.64	1111.00
889.82	1030.00
890.01	1088.00
890.19	1151.00
890.38	1161.00
890.56	1157.00
890.74	1131.00
890.93	1186.00
891.11	1121.00
891.29	1102.00
891.48	1132.00
891.66	1098.00
891.85	1103.00
892.03	1071.00
892.21	1045.00
892.40	1092.00
892.58	1163.00
892.76	1145.00
892.95	1169.00
893.13	1099.00
893.32	1092.00
893.50	1134.00
893.68	1083.00
893.87	1151.00
894.05	1171.00
894.23	1240.00
894.42	1147.00
894.60	1071.00
894.79	1126.00
894.97	1197.00
895.15	1154.00
895.34	1129.00
895.52	1094.00
895.70	1109.00
895.89	1201.00
896.07	1121.00
896.25	1153.00
896.44	1115.00
896.62	1146.00
896.81	1148.00
896.99	1169.00
897.17	1230.00
897.36	1203.00
897.54	1125.00
897.72	1068.00
897.91	1085.00
898.09	1231.00
898.27	1207.00
898.46	1078.00
898.64	1166.00
898.82	1234.00
899.01	1224.00
899.19	1171.00
899.37	1173.00
899.56	1183.00
899.74	1189.00
899.92	1234.00
900.11	1203.00
900.29	1160.00
900.47	1178.00
900.66	1121.00
900.84	1129.00
901.03	1184.00
901.21	1152.00
901.39	1187.00
901.58	1214.00
901.76	1134.00
901.94	1214.00
902.13	1284.00
902.31	1299.00
902.49	1129.00
902.68	1183.00
902.86	1239.00
903.04	1286.00
903.23	1163.00
903.41	1245.00
903.59	1281.00
903.78	1232.00
903.96	1285.00
904.14	1180.00
904.32	1277.00
904.51	1236.00
904.69	1128.00
904.87	1277.00
905.06	1242.00
905.24	1245.00
905.42	1282.00
905.61	1258.00
905.79	1206.00
905.97	1273.00
906.16	1286.00
906.34	1243.00
906.52	1187.00
906.71	1185.00
906.89	1242.00
907.07	1267.00
907.26	1214.00
907.44	1250.00
907.62	1207.00
907.81	1177.00
907.99	1292.00
908.17	1225.00
908.35	1203.00
908.54	1227.00
908.72	1192.00
908.90	1242.00
909.09	1254.00
909.27	1235.00
909.45	1231.00
909.64	1176.00
909.82	1209.00
910.00	1251.00
910.18	1252.00
910.37	1191.00
910.55	1204.00
910.73	1247.00
910.92	1159.00
911.10	1244.00
911.28	1273.00
911.47	1280.00
911.65	1278.00
911.83	1229.00
912.01	1218.00
912.20	1286.00
912.38	1290.00
912.56	1267.00
912.75	1263.00
912.93	1231.00
913.11	1121.00
913.29	1233.00
913.48	1283.00
913.66	1254.00
913.84	1230.00
914.03	1204.00
914.21	1228.00
914.39	1220.00
914.57	1165.00
914.76	1063.00
914.94	1112.00
915.12	1184.00
915.31	1208.00
915.49	1201.00
915.67	1098.00
915.85	1106.00
916.04	1110.00
916.22	1216.00
916.40	1231.00
916.58	1173.00
916.77	1113.00
916.95	1189.00
917.13	1186.00
917.32	1200.00
917.50	1196.00
917.68	1233.00
917.86	1115.00
918.05	1123.00
918.23	1202.00
918.41	1154.00
918.59	1145.00
918.78	1181.00
918.96	1132.00
919.14	1195.00
919.32	1181.00
919.51	1225.00
919.69	1150.00
919.87	1110.00
920.05	1077.00
920.24	1130.00
920.42	1099.00
920.60	1053.00
920.78	1103.00
920.97	1182.00
921.15	1155.00
921.33	1115.00
921.52	1013.00
921.70	1075.00
921.88	977.00
922.06	1079.00
922.24	1135.00
922.43	1071.00
922.61	1110.00
922.79	1183.00
922.97	1174.00
923.16	1036.00
923.34	1092.00
923.52	1127.00
923.70	1073.00
923.89	1167.00
924.07	1142.00
924.25	960.00
924.43	1061.00
924.62	1078.00
924.80	1073.00
924.98	1065.00
925.16	1068.00
925.35	1124.00
925.53	1119.00
925.71	1134.00
925.89	1148.00
926.08	1058.00
926.26	1052.00
926.44	1070.00
926.62	1021.00
926.80	1046.00
926.99	1081.00
927.17	1078.00
927.35	1015.00
927.53	1061.00
927.72	975.00
927.90	1083.00
928.08	1099.00
928.26	1049.00
928.44	1034.00
928.63	960.00
928.81	977.00
928.99	1040.00
929.17	1018.00
929.36	1045.00
929.54	940.00
929.72	998.00
929.90	1044.00
930.08	1041.00
930.27	1090.00
930.45	1046.00
930.63	891.00
930.81	966.00
930.99	1043.00
931.18	989.00
931.36	899.00
931.54	922.00
931.72	895.00
931.90	952.00
932.09	928.00
932.27	1044.00
932.45	985.00
932.63	931.00
932.81	880.00
933.00	942.00
933.18	1010.00
933.36	976.00
933.54	892.00
933.72	880.00
933.91	831.00
934.09	867.00
934.27	876.00
934.45	878.00
934.63	886.00
934.82	836.00
935.00	883.00
935.18	860.00
935.36	907.00
935.54	799.00
935.73	798.00
935.91	767.00
936.09	774.00
936.27	789.00
936.45	865.00
936.64	793.00
936.82	724.00
937.00	775.00
937.18	781.00
937.36	764.00
937.54	710.00
937.73	722.00
937.91	747.00
938.09	773.00
938.27	644.00
938.45	649.00
938.63	677.00
938.82	628.00
939.00	585.00
939.18	662.00
939.36	587.00
939.54	604.00
939.73	598.00
939.91	630.00
940.09	637.00
940.27	615.00
940.45	592.00
940.63	535.00
940.82	607.00
941.00	578.00
941.18	590.00
941.36	552.00
941.54	495.00
941.72	491.00
941.91	523.00
942.09	525.00
942.27	518.00
942.45	510.00
942.63	526.00
942.81	524.00
942.99	486.00
943.18	453.00
943.36	437.00
943.54	445.00
943.72	484.00
943.90	511.00
944.08	473.00
944.27	483.00
944.45	490.00
944.63	510.00
944.81	482.00
944.99	454.00
945.17	471.00
945.35	493.00
945.54	473.00
945.72	451.00
945.90	453.00
946.08	456.00
946.26	463.00
946.44	493.00
946.62	469.00
946.81	426.00
946.99	528.00
947.17	449.00
947.35	425.00
947.53	445.00
947.71	501.00
947.89	494.00
948.07	488.00
948.26	443.00
948.44	525.00
948.62	543.00
948.80	539.00
948.98	472.00
949.16	509.00
949.34	485.00
949.53	537.00
949.71	458.00
949.89	486.00
950.07	475.00
950.25	468.00
950.43	570.00
950.61	523.00
950.79	495.00
950.98	487.00
951.16	486.00
951.34	569.00
951.52	547.00
951.70	470.00
951.88	475.00
952.06	469.00
952.24	484.00
952.42	439.00
952.61	439.00
952.79	454.00
952.97	511.00
953.15	576.00
953.33	504.00
953.51	435.00
953.69	417.00
953.87	445.00
954.05	494.00
954.24	454.00
954.42	440.00
954.60	440.00
954.78	387.00
954.96	443.00
955.14	491.00
955.32	432.00
955.50	408.00
955.68	468.00
955.86	508.00
956.05	528.00
956.23	474.00
956.41	496.00
956.59	492.00
956.77	522.00
956.95	470.00
957.13	413.00
957.31	426.00
957.49	446.00
957.67	451.00
957.86	427.00
958.04	409.00
958.22	429.00
958.40	477.00
958.58	410.00
958.76	415.00
958.94	455.00
959.12	463.00
959.30	481.00
959.48	467.00
959.66	419.00
959.84	428.00
960.03	468.00
960.21	446.00
960.39	492.00
960.57	520.00
960.75	492.00
960.93	442.00
961.11	459.00
961.29	460.00
961.47	492.00
961.65	462.00
961.83	425.00
962.01	421.00
962.19	442.00
962.37	520.00
962.56	475.00
962.74	420.00
962.92	426.00
963.10	437.00
963.28	334.00
963.46	408.00
963.64	456.00
963.82	461.00
964.00	465.00
964.18	485.00
964.36	460.00
964.54	452.00
964.72	378.00
964.90	430.00
965.08	483.00
965.27	456.00
965.45	374.00
965.63	469.00
965.81	473.00
965.99	465.00
966.17	424.00
966.35	443.00
966.53	448.00
966.71	422.00
966.89	446.00
967.07	458.00
967.25	410.00
967.43	354.00
967.61	393.00
967.79	415.00
967.97	433.00
968.15	369.00
968.33	427.00
968.51	435.00
968.69	435.00
968.87	426.00
969.06	413.00
969.24	386.00
969.42	392.00
969.60	370.00
969.78	433.00
969.96	433.00
970.14	397.00
970.32	412.00
970.50	427.00
970.68	414.00
970.86	403.00
971.04	394.00
971.22	344.00
971.40	360.00
971.58	379.00
971.76	371.00
971.94	347.00
972.12	380.00
972.30	346.00
972.48	356.00
972.66	298.00
972.84	347.00
973.02	398.00
973.20	397.00
973.38	358.00
973.56	383.00
973.74	427.00
973.92	323.00
974.10	371.00
974.28	403.00
974.46	442.00
974.64	337.00
974.82	369.00
975.00	315.00
975.18	342.00
975.36	389.00
975.54	475.00
975.72	347.00
975.90	413.00
976.08	371.00
976.26	331.00
976.44	345.00
976.62	438.00
976.80	331.00
976.98	414.00
977.16	411.00
977.34	429.00
977.52	357.00
977.70	328.00
977.88	389.00
978.06	294.00
978.24	274.00
978.42	313.00
978.60	304.00
978.78	326.00
978.96	365.00
979.14	373.00
979.32	348.00
979.50	300.00
979.68	343.00
979.86	356.00
980.04	290.00
980.22	362.00
980.40	328.00
980.58	301.00
980.76	318.00
980.94	325.00
981.12	349.00
981.30	356.00
981.48	285.00
981.66	277.00
981.84	288.00
982.02	325.00
982.20	302.00
982.38	324.00
982.56	350.00
982.74	396.00
982.92	368.00
983.10	311.00
983.28	362.00
983.46	397.00
983.64	366.00
983.82	352.00
984.00	338.00
984.18	279.00
984.36	340.00
984.54	381.00
984.72	324.00
984.90	313.00
985.08	272.00
985.26	246.00
985.44	284.00
985.62	314.00
985.80	316.00
985.98	320.00
986.16	279.00
986.34	300.00
986.51	335.00
986.69	314.00
986.87	280.00
987.05	245.00
987.23	314.00
987.41	349.00
987.59	369.00
987.77	418.00
987.95	329.00
988.13	237.00
988.31	244.00
988.49	377.00
988.67	335.00
988.85	293.00
989.03	309.00
989.21	306.00
989.39	293.00
989.57	258.00
989.75	274.00
989.93	272.00
990.11	271.00
990.28	304.00
990.46	227.00
990.64	203.00
990.82	264.00
991.00	308.00
991.18	244.00
991.36	293.00
991.54	264.00
991.72	264.00
991.90	298.00
992.08	316.00
992.26	290.00
992.44	284.00
992.62	294.00
992.80	289.00
992.98	254.00
993.15	265.00
993.33	364.00
993.51	297.00
993.69	244.00
993.87	269.00
994.05	279.00
994.23	274.00
994.41	319.00
994.59	244.00
994.77	296.00
994.95	269.00
995.13	287.00
995.31	297.00
995.48	244.00
995.66	304.00
995.84	233.00
996.02	224.00
996.20	254.00
996.38	226.00
996.56	222.00
996.74	247.00
996.92	262.00
997.10	287.00
997.28	269.00
997.46	341.00
997.63	267.00
997.81	225.00
997.99	308.00
998.17	322.00
998.35	238.00
998.53	239.00
998.71	246.00
998.89	224.00
999.07	231.00
999.25	223.00
999.43	239.00
999.60	217.00
999.78	250.00
999.96	236.00
1000.14	202.00
1000.32	181.00
1000.50	274.00
1000.68	287.00
1000.86	240.00
1001.04	209.00
1001.21	218.00
1001.39	245.00
1001.57	230.00
1001.75	212.00
1001.93	291.00
1002.11	287.00
1002.29	235.00
1002.47	257.00
1002.65	244.00
1002.82	282.00
1003.00	146.00
1003.18	171.00
1003.36	249.00
1003.54	244.00
1003.72	207.00
1003.90	209.00
1004.08	251.00
1004.26	209.00
1004.43	166.00
1004.61	237.00
1004.79	269.00
1004.97	199.00
1005.15	233.00
1005.33	273.00
1005.51	297.00
1005.69	290.00
1005.86	198.00
1006.04	171.00
1006.22	163.00
1006.40	214.00
1006.58	247.00
1006.76	179.00
1006.94	277.00
1007.12	247.00
1007.29	225.00
1007.47	138.00
1007.65	144.00
1007.83	204.00
1008.01	229.00
1008.19	180.00
1008.37	197.00
1008.54	172.00
1008.72	110.00
1008.90	179.00
1009.08	176.00
1009.26	210.00
1009.44	228.00
1009.62	199.00
1009.79	199.00
1009.97	206.00
1010.15	205.00
1010.33	216.00
1010.51	222.00
1010.69	182.00
1010.87	163.00
1011.04	234.00
1011.22	164.00
1011.40	139.00
1011.58	191.00
1011.76	217.00
1011.94	203.00
1012.11	152.00
1012.29	169.00
1012.47	203.00
1012.65	146.00
1012.83	158.00
1013.01	196.00
1013.18	80.00
1013.36	185.00
1013.54	219.00
1013.72	243.00
1013.90	222.00
1014.08	232.00
1014.25	175.00
1014.43	116.00
1014.61	125.00
1014.79	139.00
1014.97	220.00
1015.15	238.00
1015.32	204.00
1015.50	239.00
1015.68	183.00
1015.86	210.00
1016.04	209.00
1016.22	220.00
1016.39	230.00
1016.57	250.00
1016.75	175.00
1016.93	205.00
1017.11	242.00
1017.29	171.00
1017.46	177.00
1017.64	187.00
1017.82	181.00
1018.00	181.00
1018.18	206.00
1018.35	230.00
1018.53	215.00
1018.71	170.00
1018.89	236.00
1019.07	195.00
1019.24	227.00
1019.42	163.00
1019.60	233.00
1019.78	258.00
1019.96	182.00
1020.14	163.00
1020.31	160.00
1020.49	169.00
1020.67	183.00
1020.85	137.00
1021.03	104.00
1021.20	82.00
1021.38	46.00
1021.56	189.00
1021.74	192.00
1021.92	192.00
1022.09	155.00
1022.27	167.00
1022.45	142.00
1022.63	116.00
1022.81	146.00
1022.98	226.00
1023.16	191.00
1023.34	153.00
1023.52	186.00
1023.69	231.00
1023.87	149.00
1024.05	174.00
1024.23	222.00
1024.41	127.00
1024.58	142.00
1024.76	153.00
1024.94	147.00
1025.12	179.00
1025.30	157.00
1025.47	107.00
1025.65	170.00
1025.83	182.00
1026.01	180.00
1026.18	213.00
1026.36	170.00
1026.54	159.00
1026.72	139.00
1026.90	152.00
1027.07	115.00
1027.25	201.00
1027.43	156.00
1027.61	104.00
1027.78	154.00
1027.96	136.00
1028.14	171.00
1028.32	204.00
1028.49	116.00
1028.67	129.00
1028.85	106.00
1029.03	123.00
1029.21	122.00
1029.38	160.00
1029.56	157.00
1029.74	133.00
1029.92	181.00
1030.09	143.00
1030.27	128.00
1030.45	181.00
1030.63	166.00
1030.80	182.00
1030.98	124.00
1031.16	150.00
1031.34	140.00
1031.51	219.00
1031.69	189.00
1031.87	236.00
1032.05	215.00
1032.22	126.00
1032.40	164.00
1032.58	136.00
1032.76	162.00
1032.93	165.00
1033.11	161.00
1033.29	98.00
1033.47	140.00
1033.64	117.00
1033.82	129.00
1034.00	166.00
1034.18	127.00
1034.35	100.00
1034.53	85.00
1034.71	118.00
1034.89	141.00
1035.06	176.00
1035.24	182.00
1035.42	159.00
1035.59	95.00
1035.77	52.00
1035.95	22.00
1036.13	111.00
1036.30	128.00
1036.48	189.00
1036.66	160.00
1036.84	111.00
1037.01	143.00
1037.19	168.00
1037.37	199.00
1037.54	170.00
1037.72	105.00
1037.90	102.00
1038.08	158.00
1038.25	177.00
1038.43	131.00
1038.61	105.00
1038.79	105.00
1038.96	81.00
1039.14	140.00
1039.32	116.00
1039.49	151.00
1039.67	202.00
1039.85	187.00
1040.03	176.00
1040.20	156.00
1040.38	61.00
1040.56	75.00
1040.73	123.00
1040.91	146.00
1041.09	144.00
1041.27	156.00
1041.44	203.00
1041.62	83.00
1041.80	35.00
1041.97	80.00
1042.15	126.00
1042.33	87.00
1042.50	115.00
1042.68	96.00
1042.86	86.00
1043.04	111.00
1043.21	75.00
1043.39	64.00
1043.57	142.00
1043.74	161.00
1043.92	107.00
1044.10	102.00
1044.27	98.00
1044.45	103.00
1044.63	153.00
1044.80	147.00
1044.98	125.00
1045.16	111.00
1045.34	113.00
1045.51	185.00
1045.69	163.00
1045.87	97.00
1046.04	87.00
1046.22	114.00
1046.40	65.00
1046.57	82.00
1046.75	145.00
1046.93	126.00
1047.10	87.00
1047.28	82.00
1047.46	139.00
1047.63	202.00
1047.81	181.00
1047.99	124.00
1048.16	139.00
1048.34	184.00
1048.52	165.00
1048.69	149.00
1048.87	88.00
1049.05	88.00
1049.22	138.00
1049.40	132.00
1049.58	122.00
1049.75	138.00
1049.93	74.00
1050.11	79.00
1050.28	146.00
1050.46	107.00
1050.64	141.00
1050.81	153.00
1050.99	143.00
1051.17	97.00
1051.34	143.00
1051.52	109.00
1051.70	97.00
1051.87	103.00
1052.05	65.00
1052.23	97.00
1052.40	117.00
1052.58	100.00
1052.76	24.00
1052.93	99.00
1053.11	83.00
1053.29	136.00
1053.46	138.00
1053.64	152.00
1053.82	98.00
1053.99	111.00
1054.17	116.00
1054.35	125.00
1054.52	80.00
1054.70	117.00
1054.87	124.00
1055.05	160.00
1055.23	140.00
1055.40	68.00
1055.58	-22.00
1055.76	94.00
1055.93	116.00
1056.11	22.00
1056.29	28.00
1056.46	95.00
1056.64	91.00
1056.81	72.00
1056.99	73.00
1057.17	112.00
1057.34	133.00
1057.52	121.00
1057.70	130.00
1057.87	97.00
1058.05	48.00
1058.22	63.00
1058.40	121.00
1058.58	185.00
1058.75	93.00
1058.93	92.00
1059.11	135.00
1059.28	96.00
1059.46	58.00
1059.63	54.00
1059.81	40.00
1059.99	40.00
1060.16	26.00
1060.34	59.00
1060.52	107.00
1060.69	8.00
1060.87	96.00
1061.04	55.00
1061.22	-1.00
