367.62	-38.00
367.82	-103.00
368.02	21.00
368.23	-2.00
368.43	9.00
368.63	15.00
368.83	-4.00
369.04	-66.00
369.24	-39.00
369.44	3.00
369.65	62.00
369.85	6.00
370.05	-57.00
370.25	28.00
370.46	2.00
370.66	23.00
370.86	51.00
371.07	43.00
371.27	34.00
371.47	-27.00
371.67	-61.00
371.88	-17.00
372.08	-9.00
372.28	-1.00
372.49	-38.00
372.69	-24.00
372.89	-50.00
373.09	8.00
373.30	18.00
373.50	-1.00
373.70	-4.00
373.91	-3.00
374.11	-28.00
374.31	13.00
374.51	2.00
374.72	50.00
374.92	4.00
375.12	-4.00
375.33	-9.00
375.53	33.00
375.73	21.00
375.93	-66.00
376.14	38.00
376.34	-3.00
376.54	-12.00
376.74	-16.00
376.95	27.00
377.15	5.00
377.35	19.00
377.55	-10.00
377.76	-14.00
377.96	-9.00
378.16	16.00
378.37	-7.00
378.57	27.00
378.77	55.00
378.97	13.00
379.18	-42.00
379.38	-61.00
379.58	22.00
379.78	-23.00
379.99	47.00
380.19	57.00
380.39	5.00
380.59	1.00
380.80	18.00
381.00	26.00
381.20	-6.00
381.40	-28.00
381.61	7.00
381.81	-9.00
382.01	-19.00
382.21	15.00
382.42	-16.00
382.62	-38.00
382.82	7.00
383.02	38.00
383.23	15.00
383.43	-32.00
383.63	-19.00
383.83	24.00
384.04	9.00
384.24	-17.00
384.44	18.00
384.64	-11.00
384.85	-36.00
385.05	30.00
385.25	57.00
385.45	81.00
385.66	61.00
385.86	50.00
386.06	15.00
386.26	87.00
386.47	59.00
386.67	14.00
386.87	27.00
387.07	23.00
387.27	-38.00
387.48	-18.00
387.68	33.00
387.88	35.00
388.08	41.00
388.29	-29.00
388.49	5.00
388.69	8.00
388.89	10.00
389.10	-6.00
389.30	3.00
389.50	-80.00
389.70	8.00
389.90	25.00
390.11	3.00
390.31	-1.00
390.51	32.00
390.71	88.00
390.92	45.00
391.12	-41.00
391.32	38.00
391.52	30.00
391.72	-16.00
391.93	67.00
392.13	10.00
392.33	-5.00
392.53	-7.00
392.74	-26.00
392.94	0.00
393.14	51.00
393.34	59.00
393.54	77.00
393.75	85.00
393.95	14.00
394.15	-18.00
394.35	-16.00
394.56	-7.00
394.76	-41.00
394.96	-17.00
395.16	-15.00
395.36	-22.00
395.57	-27.00
395.77	-2.00
395.97	29.00
396.17	43.00
396.37	-25.00
396.58	-44.00
396.78	-53.00
396.98	6.00
397.18	-8.00
397.38	49.00
397.59	14.00
397.79	-3.00
397.99	-41.00
398.19	-74.00
398.39	-31.00
398.60	25.00
398.80	63.00
399.00	63.00
399.20	23.00
399.40	-59.00
399.61	0.00
399.81	29.00
400.01	38.00
400.21	19.00
400.41	-37.00
400.62	-16.00
400.82	-7.00
401.02	3.00
401.22	74.00
401.42	73.00
401.63	-8.00
401.83	-8.00
402.03	-4.00
402.23	-15.00
402.43	-36.00
402.64	-16.00
402.84	40.00
403.04	14.00
403.24	37.00
403.44	6.00
403.64	10.00
403.85	56.00
404.05	79.00
404.25	24.00
404.45	-69.00
404.65	-21.00
404.86	16.00
405.06	26.00
405.26	-4.00
405.46	-30.00
405.66	14.00
405.86	0.00
406.07	37.00
406.27	18.00
406.47	21.00
406.67	51.00
406.87	56.00
407.07	64.00
407.28	53.00
407.48	-6.00
407.68	-27.00
407.88	38.00
408.08	28.00
408.28	43.00
408.49	61.00
408.69	42.00
408.89	-3.00
409.09	-48.00
409.29	-36.00
409.49	3.00
409.70	33.00
409.90	-10.00
410.10	0.00
410.30	56.00
410.50	93.00
410.70	-24.00
410.91	-31.00
411.11	38.00
411.31	2.00
411.51	37.00
411.71	24.00
411.91	74.00
412.12	45.00
412.32	19.00
412.52	50.00
412.72	32.00
412.92	35.00
413.12	10.00
413.32	44.00
413.53	13.00
413.73	-22.00
413.93	18.00
414.13	-11.00
414.33	22.00
414.53	-31.00
414.74	-17.00
414.94	11.00
415.14	-44.00
415.34	-61.00
415.54	-21.00
415.74	-2.00
415.94	-32.00
416.15	30.00
416.35	20.00
416.55	8.00
416.75	5.00
416.95	20.00
417.15	39.00
417.35	40.00
417.56	20.00
417.76	48.00
417.96	74.00
418.16	-24.00
418.36	-6.00
418.56	10.00
418.76	64.00
418.97	-29.00
419.17	0.00
419.37	41.00
419.57	-41.00
419.77	-8.00
419.97	56.00
420.17	54.00
420.37	75.00
420.58	47.00
420.78	38.00
420.98	12.00
421.18	73.00
421.38	60.00
421.58	47.00
421.78	5.00
421.98	28.00
422.19	83.00
422.39	18.00
422.59	-8.00
422.79	46.00
422.99	20.00
423.19	-28.00
423.39	-25.00
423.59	34.00
423.80	19.00
424.00	-66.00
424.20	12.00
424.40	-3.00
424.60	75.00
424.80	107.00
425.00	23.00
425.20	12.00
425.40	75.00
425.61	32.00
425.81	-18.00
426.01	-13.00
426.21	54.00
426.41	16.00
426.61	32.00
426.81	15.00
427.01	24.00
427.21	19.00
427.42	30.00
427.62	124.00
427.82	43.00
428.02	38.00
428.22	37.00
428.42	3.00
428.62	6.00
428.82	32.00
429.02	55.00
429.23	-23.00
429.43	40.00
429.63	3.00
429.83	20.00
430.03	13.00
430.23	46.00
430.43	-24.00
430.63	-6.00
430.83	18.00
431.03	-1.00
431.24	51.00
431.44	68.00
431.64	35.00
431.84	-17.00
432.04	0.00
432.24	42.00
432.44	4.00
432.64	11.00
432.84	-32.00
433.04	-24.00
433.24	-29.00
433.45	2.00
433.65	-3.00
433.85	-32.00
434.05	2.00
434.25	17.00
434.45	-9.00
434.65	73.00
434.85	52.00
435.05	-17.00
435.25	16.00
435.45	-21.00
435.65	21.00
435.86	-10.00
436.06	-42.00
436.26	-56.00
436.46	28.00
436.66	75.00
436.86	87.00
437.06	113.00
437.26	22.00
437.46	20.00
437.66	4.00
437.86	-14.00
438.06	-7.00
438.26	-45.00
438.47	4.00
438.67	-38.00
438.87	35.00
439.07	17.00
439.27	33.00
439.47	46.00
439.67	55.00
439.87	31.00
440.07	26.00
440.27	-18.00
440.47	-61.00
440.67	-51.00
440.87	30.00
441.07	11.00
441.27	27.00
441.48	85.00
441.68	-29.00
441.88	-37.00
442.08	5.00
442.28	-20.00
442.48	21.00
442.68	7.00
442.88	-18.00
443.08	-19.00
443.28	20.00
443.48	73.00
443.68	17.00
443.88	3.00
444.08	50.00
444.28	40.00
444.48	-16.00
444.68	31.00
444.88	-18.00
445.09	55.00
445.29	48.00
445.49	-44.00
445.69	70.00
445.89	-5.00
446.09	24.00
446.29	44.00
446.49	52.00
446.69	83.00
446.89	-2.00
447.09	20.00
447.29	-30.00
447.49	-6.00
447.69	43.00
447.89	21.00
448.09	38.00
448.29	23.00
448.49	-21.00
448.69	-17.00
448.89	77.00
449.09	41.00
449.29	-34.00
449.49	9.00
449.70	17.00
449.90	34.00
450.10	65.00
450.30	33.00
450.50	44.00
450.70	78.00
450.90	11.00
451.10	-37.00
451.30	74.00
451.50	44.00
451.70	75.00
451.90	56.00
452.10	-15.00
452.30	61.00
452.50	68.00
452.70	70.00
452.90	32.00
453.10	55.00
453.30	-32.00
453.50	-4.00
453.70	37.00
453.90	12.00
454.10	22.00
454.30	44.00
454.50	58.00
454.70	24.00
454.90	34.00
455.10	87.00
455.30	24.00
455.50	71.00
455.70	60.00
455.90	9.00
456.10	2.00
456.30	54.00
456.50	51.00
456.70	80.00
456.90	56.00
457.10	85.00
457.30	63.00
457.50	35.00
457.70	-10.00
457.90	-40.00
458.10	-16.00
458.30	64.00
458.50	30.00
458.70	-21.00
458.90	14.00
459.10	58.00
459.30	10.00
459.50	27.00
459.70	-4.00
459.90	7.00
460.10	31.00
460.30	47.00
460.50	3.00
460.70	30.00
460.90	10.00
461.10	-2.00
461.30	58.00
461.50	78.00
461.70	89.00
461.90	69.00
462.10	103.00
462.30	127.00
462.50	41.00
462.70	-2.00
462.90	26.00
463.10	21.00
463.30	22.00
463.50	80.00
463.70	25.00
463.90	83.00
464.10	54.00
464.30	97.00
464.50	62.00
464.70	89.00
464.90	12.00
465.10	19.00
465.30	81.00
465.50	109.00
465.70	76.00
465.90	48.00
466.10	51.00
466.30	91.00
466.50	49.00
466.70	56.00
466.90	76.00
467.10	119.00
467.30	49.00
467.50	48.00
467.70	16.00
467.90	58.00
468.10	14.00
468.30	97.00
468.50	86.00
468.70	-4.00
468.90	19.00
469.10	51.00
469.30	-7.00
469.50	-25.00
469.70	106.00
469.90	89.00
470.10	93.00
470.30	109.00
470.50	112.00
470.70	113.00
470.90	57.00
471.10	69.00
471.29	67.00
471.49	76.00
471.69	91.00
471.89	-24.00
472.09	-23.00
472.29	29.00
472.49	22.00
472.69	19.00
472.89	36.00
473.09	14.00
473.29	44.00
473.49	47.00
473.69	41.00
473.89	2.00
474.09	-13.00
474.29	-12.00
474.49	66.00
474.69	133.00
474.89	63.00
475.09	68.00
475.29	58.00
475.49	79.00
475.69	24.00
475.88	75.00
476.08	56.00
476.28	135.00
476.48	23.00
476.68	34.00
476.88	86.00
477.08	50.00
477.28	25.00
477.48	16.00
477.68	25.00
477.88	39.00
478.08	69.00
478.28	86.00
478.48	56.00
478.68	65.00
478.88	92.00
479.08	36.00
479.28	91.00
479.47	94.00
479.67	93.00
479.87	-16.00
480.07	40.00
480.27	-1.00
480.47	41.00
480.67	29.00
480.87	60.00
481.07	58.00
481.27	147.00
481.47	101.00
481.67	19.00
481.87	18.00
482.07	15.00
482.27	72.00
482.46	101.00
482.66	27.00
482.86	115.00
483.06	62.00
483.26	94.00
483.46	88.00
483.66	40.00
483.86	-6.00
484.06	-9.00
484.26	67.00
484.46	-10.00
484.66	4.00
484.86	77.00
485.05	131.00
485.25	67.00
485.45	-15.00
485.65	22.00
485.85	53.00
486.05	95.00
486.25	87.00
486.45	46.00
486.65	33.00
486.85	45.00
487.05	52.00
487.25	69.00
487.44	33.00
487.64	99.00
487.84	125.00
488.04	122.00
488.24	100.00
488.44	45.00
488.64	113.00
488.84	124.00
489.04	97.00
489.24	56.00
489.43	55.00
489.63	9.00
489.83	86.00
490.03	133.00
490.23	36.00
490.43	84.00
490.63	53.00
490.83	47.00
491.03	22.00
491.23	92.00
491.42	50.00
491.62	74.00
491.82	108.00
492.02	135.00
492.22	-4.00
492.42	103.00
492.62	87.00
492.82	114.00
493.02	111.00
493.22	76.00
493.41	32.00
493.61	127.00
493.81	127.00
494.01	20.00
494.21	102.00
494.41	72.00
494.61	27.00
494.81	98.00
495.01	116.00
495.20	113.00
495.40	2.00
495.60	79.00
495.80	81.00
496.00	36.00
496.20	84.00
496.40	21.00
496.60	50.00
496.79	123.00
496.99	136.00
497.19	90.00
497.39	112.00
497.59	87.00
497.79	130.00
497.99	66.00
498.19	75.00
498.38	72.00
498.58	105.00
498.78	113.00
498.98	115.00
499.18	100.00
499.38	88.00
499.58	94.00
499.78	48.00
499.97	111.00
500.17	122.00
500.37	70.00
500.57	121.00
500.77	106.00
500.97	126.00
501.17	125.00
501.37	97.00
501.56	84.00
501.76	75.00
501.96	95.00
502.16	76.00
502.36	50.00
502.56	30.00
502.76	94.00
502.95	121.00
503.15	120.00
503.35	91.00
503.55	65.00
503.75	119.00
503.95	117.00
504.15	52.00
504.34	73.00
504.54	0.00
504.74	70.00
504.94	128.00
505.14	136.00
505.34	148.00
505.54	72.00
505.73	113.00
505.93	70.00
506.13	120.00
506.33	114.00
506.53	48.00
506.73	119.00
506.92	91.00
507.12	94.00
507.32	125.00
507.52	126.00
507.72	79.00
507.92	110.00
508.12	33.00
508.31	50.00
508.51	71.00
508.71	72.00
508.91	139.00
509.11	178.00
509.31	143.00
509.50	124.00
509.70	102.00
509.90	88.00
510.10	145.00
510.30	110.00
510.50	124.00
510.69	151.00
510.89	58.00
511.09	69.00
511.29	185.00
511.49	134.00
511.69	86.00
511.88	157.00
512.08	127.00
512.28	125.00
512.48	91.00
512.68	33.00
512.88	91.00
513.07	95.00
513.27	141.00
513.47	101.00
513.67	117.00
513.87	121.00
514.06	176.00
514.26	161.00
514.46	147.00
514.66	116.00
514.86	128.00
515.06	106.00
515.25	128.00
515.45	55.00
515.65	62.00
515.85	100.00
516.05	135.00
516.24	116.00
516.44	123.00
516.64	127.00
516.84	132.00
517.04	136.00
517.23	200.00
517.43	146.00
517.63	104.00
517.83	152.00
518.03	92.00
518.23	110.00
518.42	87.00
518.62	176.00
518.82	126.00
519.02	132.00
519.22	57.00
519.41	125.00
519.61	168.00
519.81	139.00
520.01	120.00
520.21	136.00
520.40	98.00
520.60	94.00
520.80	97.00
521.00	128.00
521.20	144.00
521.39	141.00
521.59	117.00
521.79	86.00
521.99	72.00
522.19	152.00
522.38	146.00
522.58	90.00
522.78	161.00
522.98	112.00
523.17	104.00
523.37	143.00
523.57	193.00
523.77	215.00
523.97	148.00
524.16	118.00
524.36	105.00
524.56	144.00
524.76	103.00
524.96	142.00
525.15	171.00
525.35	158.00
525.55	138.00
525.75	148.00
525.94	141.00
526.14	190.00
526.34	183.00
526.54	161.00
526.74	140.00
526.93	174.00
527.13	117.00
527.33	78.00
527.53	98.00
527.72	148.00
527.92	171.00
528.12	209.00
528.32	197.00
528.52	107.00
528.71	146.00
528.91	104.00
529.11	181.00
529.31	211.00
529.50	139.00
529.70	183.00
529.90	228.00
530.10	179.00
530.29	217.00
530.49	180.00
530.69	211.00
530.89	184.00
531.09	166.00
531.28	137.00
531.48	186.00
531.68	218.00
531.88	144.00
532.07	115.00
532.27	127.00
532.47	123.00
532.67	215.00
532.86	258.00
533.06	243.00
533.26	231.00
533.46	152.00
533.65	181.00
533.85	225.00
534.05	152.00
534.25	201.00
534.44	212.00
534.64	244.00
534.84	268.00
535.04	224.00
535.23	237.00
535.43	234.00
535.63	238.00
535.83	162.00
536.02	208.00
536.22	177.00
536.42	223.00
536.62	227.00
536.81	247.00
537.01	172.00
537.21	171.00
537.41	232.00
537.60	244.00
537.80	230.00
538.00	204.00
538.20	198.00
538.39	256.00
538.59	238.00
538.79	289.00
538.99	252.00
539.18	223.00
539.38	272.00
539.58	239.00
539.77	262.00
539.97	282.00
540.17	297.00
540.37	286.00
540.56	271.00
540.76	371.00
540.96	335.00
541.16	266.00
541.35	275.00
541.55	260.00
541.75	331.00
541.94	276.00
542.14	353.00
542.34	328.00
542.54	302.00
542.73	334.00
542.93	326.00
543.13	375.00
543.33	264.00
543.52	255.00
543.72	269.00
543.92	319.00
544.11	369.00
544.31	330.00
544.51	350.00
544.71	340.00
544.90	417.00
545.10	318.00
545.30	411.00
545.49	313.00
545.69	290.00
545.89	295.00
546.09	413.00
546.28	471.00
546.48	461.00
546.68	357.00
546.87	322.00
547.07	335.00
547.27	314.00
547.47	365.00
547.66	354.00
547.86	361.00
548.06	386.00
548.25	327.00
548.45	380.00
548.65	299.00
548.84	333.00
549.04	323.00
549.24	299.00
549.44	276.00
549.63	273.00
549.83	304.00
550.03	364.00
550.22	330.00
550.42	332.00
550.62	335.00
550.81	362.00
551.01	242.00
551.21	257.00
551.41	282.00
551.60	317.00
551.80	259.00
552.00	277.00
552.19	277.00
552.39	315.00
552.59	309.00
552.78	279.00
552.98	289.00
553.18	214.00
553.37	241.00
553.57	258.00
553.77	257.00
553.96	290.00
554.16	347.00
554.36	264.00
554.56	257.00
554.75	332.00
554.95	257.00
555.15	312.00
555.34	302.00
555.54	268.00
555.74	276.00
555.93	309.00
556.13	268.00
556.33	299.00
556.52	282.00
556.72	184.00
556.92	194.00
557.11	298.00
557.31	246.00
557.51	247.00
557.70	282.00
557.90	325.00
558.10	295.00
558.29	227.00
558.49	219.00
558.69	283.00
558.88	263.00
559.08	219.00
559.28	183.00
559.47	211.00
559.67	230.00
559.87	251.00
560.06	292.00
560.26	269.00
560.46	228.00
560.65	239.00
560.85	253.00
561.05	252.00
561.24	207.00
561.44	236.00
561.64	246.00
561.83	375.00
562.03	284.00
562.23	191.00
562.42	240.00
562.62	249.00
562.82	316.00
563.01	262.00
563.21	240.00
563.40	262.00
563.60	206.00
563.80	210.00
563.99	231.00
564.19	192.00
564.39	245.00
564.58	297.00
564.78	267.00
564.98	201.00
565.17	212.00
565.37	268.00
565.57	226.00
565.76	175.00
565.96	222.00
566.16	246.00
566.35	268.00
566.55	249.00
566.74	243.00
566.94	177.00
567.14	321.00
567.33	338.00
567.53	305.00
567.73	286.00
567.92	236.00
568.12	286.00
568.32	295.00
568.51	278.00
568.71	289.00
568.90	282.00
569.10	275.00
569.30	308.00
569.49	325.00
569.69	333.00
569.89	353.00
570.08	271.00
570.28	250.00
570.47	256.00
570.67	329.00
570.87	305.00
571.06	287.00
571.26	287.00
571.46	306.00
571.65	255.00
571.85	248.00
572.04	275.00
572.24	266.00
572.44	285.00
572.63	345.00
572.83	370.00
573.03	233.00
573.22	265.00
573.42	315.00
573.61	373.00
573.81	371.00
574.01	332.00
574.20	305.00
574.40	322.00
574.59	367.00
574.79	349.00
574.99	408.00
575.18	439.00
575.38	439.00
575.58	374.00
575.77	425.00
575.97	360.00
576.16	403.00
576.36	327.00
576.56	435.00
576.75	461.00
576.95	420.00
577.14	472.00
577.34	454.00
577.54	348.00
577.73	367.00
577.93	422.00
578.12	432.00
578.32	393.00
578.52	408.00
578.71	437.00
578.91	497.00
579.10	536.00
579.30	514.00
579.50	478.00
579.69	440.00
579.89	486.00
580.08	468.00
580.28	467.00
580.48	477.00
580.67	498.00
580.87	547.00
581.06	510.00
581.26	437.00
581.45	507.00
581.65	517.00
581.85	508.00
582.04	595.00
582.24	548.00
582.43	496.00
582.63	582.00
582.83	678.00
583.02	651.00
583.22	680.00
583.41	776.00
583.61	701.00
583.80	609.00
584.00	600.00
584.20	648.00
584.39	666.00
584.59	625.00
584.78	661.00
584.98	686.00
585.17	630.00
585.37	735.00
585.57	691.00
585.76	712.00
585.96	795.00
586.15	751.00
586.35	730.00
586.54	681.00
586.74	776.00
586.94	765.00
587.13	818.00
587.33	745.00
587.52	782.00
587.72	866.00
587.91	782.00
588.11	825.00
588.31	832.00
588.50	797.00
588.70	787.00
588.89	835.00
589.09	829.00
589.28	864.00
589.48	769.00
589.68	756.00
589.87	843.00
590.07	894.00
590.26	894.00
590.46	942.00
590.65	922.00
590.85	938.00
591.04	983.00
591.24	957.00
591.44	933.00
591.63	1005.00
591.83	931.00
592.02	952.00
592.22	987.00
592.41	1075.00
592.61	1078.00
592.80	1067.00
593.00	1078.00
593.19	1085.00
593.39	1082.00
593.59	1013.00
593.78	1106.00
593.98	1119.00
594.17	1093.00
594.37	1077.00
594.56	1054.00
594.76	1019.00
594.95	1024.00
595.15	1040.00
595.34	1023.00
595.54	1021.00
595.73	1079.00
595.93	1072.00
596.13	1112.00
596.32	1153.00
596.52	1114.00
596.71	1098.00
596.91	1154.00
597.10	1158.00
597.30	1193.00
597.49	1235.00
597.69	1111.00
597.88	1131.00
598.08	1091.00
598.27	1151.00
598.47	1192.00
598.66	1159.00
598.86	1249.00
599.06	1190.00
599.25	1225.00
599.45	1250.00
599.64	1224.00
599.84	1245.00
600.03	1197.00
600.23	1285.00
600.42	1255.00
600.62	1182.00
600.81	1230.00
601.01	1198.00
601.20	1191.00
601.40	1148.00
601.59	1221.00
601.79	1173.00
601.98	1139.00
602.18	1216.00
602.37	1156.00
602.57	1112.00
602.76	1139.00
602.96	1212.00
603.15	1196.00
603.35	1278.00
603.54	1282.00
603.74	1177.00
603.93	1114.00
604.13	1114.00
604.32	1189.00
604.52	1213.00
604.71	1212.00
604.91	1155.00
605.10	1181.00
605.30	1281.00
605.49	1221.00
605.69	1162.00
605.88	1247.00
606.08	1198.00
606.27	1213.00
606.47	1159.00
606.66	1297.00
606.86	1287.00
607.05	1221.00
607.25	1272.00
607.44	1260.00
607.64	1189.00
607.83	1226.00
608.03	1263.00
608.22	1344.00
608.42	1292.00
608.61	1350.00
608.81	1367.00
609.00	1362.00
609.20	1420.00
609.39	1494.00
609.59	1511.00
609.78	1624.00
609.98	1671.00
610.17	1856.00
610.37	1967.00
610.56	2159.00
610.76	2334.00
610.95	2475.00
611.15	2676.00
611.34	2750.00
611.54	2809.00
611.73	2701.00
611.93	2490.00
612.12	2238.00
612.32	2017.00
612.51	1829.00
612.71	1646.00
612.90	1655.00
613.09	1671.00
613.29	1610.00
613.48	1622.00
613.68	1539.00
613.87	1545.00
614.07	1568.00
614.26	1451.00
614.46	1493.00
614.65	1481.00
614.85	1560.00
615.04	1454.00
615.24	1468.00
615.43	1469.00
615.63	1372.00
615.82	1318.00
616.02	1355.00
616.21	1348.00
616.40	1279.00
616.60	1304.00
616.79	1285.00
616.99	1248.00
617.18	1318.00
617.38	1280.00
617.57	1316.00
617.77	1317.00
617.96	1334.00
618.16	1269.00
618.35	1262.00
618.54	1306.00
618.74	1318.00
618.93	1277.00
619.13	1275.00
619.32	1267.00
619.52	1297.00
619.71	1249.00
619.91	1298.00
620.10	1250.00
620.30	1246.00
620.49	1304.00
620.68	1337.00
620.88	1391.00
621.07	1311.00
621.27	1305.00
621.46	1338.00
621.66	1319.00
621.85	1332.00
622.05	1351.00
622.24	1362.00
622.43	1413.00
622.63	1419.00
622.82	1416.00
623.02	1337.00
623.21	1367.00
623.41	1395.00
623.60	1431.00
623.80	1364.00
623.99	1382.00
624.18	1375.00
624.38	1331.00
624.57	1395.00
624.77	1310.00
624.96	1403.00
625.16	1393.00
625.35	1387.00
625.54	1402.00
625.74	1421.00
625.93	1436.00
626.13	1407.00
626.32	1421.00
626.52	1369.00
626.71	1411.00
626.90	1368.00
627.10	1454.00
627.29	1386.00
627.49	1388.00
627.68	1383.00
627.88	1294.00
628.07	1391.00
628.26	1441.00
628.46	1440.00
628.65	1407.00
628.85	1445.00
629.04	1547.00
629.23	1510.00
629.43	1530.00
629.62	1423.00
629.82	1487.00
630.01	1512.00
630.21	1623.00
630.40	1547.00
630.59	1598.00
630.79	1581.00
630.98	1598.00
631.18	1549.00
631.37	1663.00
631.56	1691.00
631.76	1648.00
631.95	1629.00
632.15	1608.00
632.34	1599.00
632.53	1514.00
632.73	1518.00
632.92	1512.00
633.12	1574.00
633.31	1563.00
633.50	1515.00
633.70	1531.00
633.89	1440.00
634.09	1443.00
634.28	1478.00
634.47	1498.00
634.67	1392.00
634.86	1534.00
635.06	1562.00
635.25	1651.00
635.44	1601.00
635.64	1602.00
635.83	1627.00
636.03	1585.00
636.22	1626.00
636.41	1681.00
636.61	1595.00
636.80	1583.00
637.00	1658.00
637.19	1599.00
637.38	1520.00
637.58	1657.00
637.77	1675.00
637.96	1723.00
638.16	1703.00
638.35	1704.00
638.55	1665.00
638.74	1750.00
638.93	1719.00
639.13	1716.00
639.32	1752.00
639.51	1831.00
639.71	1797.00
639.90	1728.00
640.10	1686.00
640.29	1710.00
640.48	1760.00
640.68	1790.00
640.87	1786.00
641.07	1861.00
641.26	1885.00
641.45	1768.00
641.65	1833.00
641.84	1801.00
642.03	1818.00
642.23	1857.00
642.42	1842.00
642.61	1795.00
642.81	1808.00
643.00	1883.00
643.20	1895.00
643.39	1803.00
643.58	1890.00
643.78	1880.00
643.97	1911.00
644.16	1868.00
644.36	1823.00
644.55	1945.00
644.74	1928.00
644.94	1924.00
645.13	2004.00
645.33	1957.00
645.52	1923.00
645.71	1958.00
645.91	1974.00
646.10	1950.00
646.29	2002.00
646.49	1952.00
646.68	2003.00
646.87	2055.00
647.07	1979.00
647.26	1961.00
647.45	1976.00
647.65	2033.00
647.84	2073.00
648.03	2023.00
648.23	1946.00
648.42	1998.00
648.62	1959.00
648.81	2026.00
649.00	2136.00
649.20	2209.00
649.39	2147.00
649.58	2117.00
649.78	2105.00
649.97	2126.00
650.16	2145.00
650.36	2223.00
650.55	2200.00
650.74	2158.00
650.94	2087.00
651.13	2131.00
651.32	2103.00
651.52	1998.00
651.71	2079.00
651.90	2144.00
652.10	2132.00
652.29	2135.00
652.48	2129.00
652.68	2169.00
652.87	2114.00
653.06	2128.00
653.26	2126.00
653.45	2100.00
653.64	2117.00
653.84	2159.00
654.03	2082.00
654.22	2055.00
654.42	2050.00
654.61	2070.00
654.80	2126.00
654.99	2077.00
655.19	2066.00
655.38	2137.00
655.57	2083.00
655.77	2097.00
655.96	2162.00
656.15	2053.00
656.35	2038.00
656.54	2086.00
656.73	2115.00
656.93	2037.00
657.12	2007.00
657.31	1959.00
657.51	2143.00
657.70	2150.00
657.89	2055.00
658.09	2049.00
658.28	2042.00
658.47	1980.00
658.66	2111.00
658.86	2140.00
659.05	2001.00
659.24	2141.00
659.44	2136.00
659.63	2139.00
659.82	2036.00
660.02	2005.00
660.21	2069.00
660.40	2054.00
660.60	2011.00
660.79	2000.00
660.98	1958.00
661.17	1955.00
661.37	1955.00
661.56	2012.00
661.75	2110.00
661.95	2117.00
662.14	2104.00
662.33	2030.00
662.52	2004.00
662.72	2025.00
662.91	2084.00
663.10	2082.00
663.30	2055.00
663.49	2000.00
663.68	2076.00
663.88	2048.00
664.07	1987.00
664.26	2011.00
664.45	1984.00
664.65	1930.00
664.84	1920.00
665.03	1921.00
665.23	1936.00
665.42	1912.00
665.61	2003.00
665.80	1966.00
666.00	1953.00
666.19	1916.00
666.38	1904.00
666.57	2000.00
666.77	2113.00
666.96	2033.00
667.15	1982.00
667.35	1982.00
667.54	1970.00
667.73	1988.00
667.92	1910.00
668.12	1937.00
668.31	1929.00
668.50	1935.00
668.70	1856.00
668.89	1923.00
669.08	1925.00
669.27	1915.00
669.47	1914.00
669.66	1904.00
669.85	1966.00
670.04	1890.00
670.24	1789.00
670.43	1853.00
670.62	1834.00
670.81	1901.00
671.01	1879.00
671.20	1837.00
671.39	1826.00
671.58	1881.00
671.78	1939.00
671.97	1902.00
672.16	1872.00
672.36	1811.00
672.55	1781.00
672.74	1859.00
672.93	1825.00
673.13	1786.00
673.32	1776.00
673.51	1759.00
673.70	1803.00
673.90	1775.00
674.09	1817.00
674.28	1820.00
674.47	1807.00
674.67	1707.00
674.86	1760.00
675.05	1800.00
675.24	1816.00
675.44	1851.00
675.63	1805.00
675.82	1766.00
676.01	1790.00
676.21	1756.00
676.40	1717.00
676.59	1766.00
676.78	1857.00
676.97	1775.00
677.17	1778.00
677.36	1911.00
677.55	1825.00
677.74	1680.00
677.94	1697.00
678.13	1733.00
678.32	1758.00
678.51	1745.00
678.71	1810.00
678.90	1790.00
679.09	1768.00
679.28	1779.00
679.48	1865.00
679.67	1835.00
679.86	1789.00
680.05	1762.00
680.24	1721.00
680.44	1697.00
680.63	1687.00
680.82	1780.00
681.01	1693.00
681.21	1692.00
681.40	1760.00
681.59	1692.00
681.78	1748.00
681.97	1734.00
682.17	1604.00
682.36	1650.00
682.55	1714.00
682.74	1762.00
682.94	1789.00
683.13	1744.00
683.32	1691.00
683.51	1655.00
683.70	1739.00
683.90	1721.00
684.09	1702.00
684.28	1713.00
684.47	1794.00
684.66	1668.00
684.86	1631.00
685.05	1643.00
685.24	1660.00
685.43	1613.00
685.63	1680.00
685.82	1715.00
686.01	1732.00
686.20	1662.00
686.39	1732.00
686.59	1762.00
686.78	1748.00
686.97	1826.00
687.16	1645.00
687.35	1674.00
687.55	1727.00
687.74	1714.00
687.93	1655.00
688.12	1644.00
688.31	1689.00
688.51	1700.00
688.70	1695.00
688.89	1694.00
689.08	1662.00
689.27	1697.00
689.47	1612.00
689.66	1638.00
689.85	1651.00
690.04	1699.00
690.23	1669.00
690.42	1650.00
690.62	1583.00
690.81	1634.00
691.00	1646.00
691.19	1674.00
691.38	1631.00
691.58	1554.00
691.77	1569.00
691.96	1607.00
692.15	1647.00
692.34	1589.00
692.54	1603.00
692.73	1637.00
692.92	1645.00
693.11	1667.00
693.30	1682.00
693.49	1730.00
693.69	1746.00
693.88	1660.00
694.07	1634.00
694.26	1707.00
694.45	1571.00
694.64	1597.00
694.84	1632.00
695.03	1691.00
695.22	1652.00
695.41	1565.00
695.60	1597.00
695.80	1680.00
695.99	1671.00
696.18	1620.00
696.37	1659.00
696.56	1630.00
696.75	1582.00
696.95	1578.00
697.14	1632.00
697.33	1580.00
697.52	1581.00
697.71	1707.00
697.90	1681.00
698.09	1610.00
698.29	1724.00
698.48	1685.00
698.67	1659.00
698.86	1615.00
699.05	1695.00
699.24	1708.00
699.44	1709.00
699.63	1669.00
699.82	1674.00
700.01	1668.00
700.20	1702.00
700.39	1649.00
700.58	1749.00
700.78	1775.00
700.97	1730.00
701.16	1685.00
701.35	1778.00
701.54	1706.00
701.73	1755.00
701.93	1755.00
702.12	1677.00
702.31	1733.00
702.50	1727.00
702.69	1712.00
702.88	1667.00
703.07	1699.00
703.27	1818.00
703.46	1783.00
703.65	1798.00
703.84	1818.00
704.03	1782.00
704.22	1879.00
704.41	1907.00
704.60	1839.00
704.80	1931.00
704.99	1825.00
705.18	1857.00
705.37	1842.00
705.56	1867.00
705.75	1844.00
705.94	1782.00
706.14	1899.00
706.33	1961.00
706.52	1948.00
706.71	2052.00
706.90	2069.00
707.09	1976.00
707.28	2042.00
707.47	1934.00
707.67	1954.00
707.86	2025.00
708.05	2008.00
708.24	1929.00
708.43	1977.00
708.62	1957.00
708.81	2013.00
709.00	2054.00
709.20	2064.00
709.39	2076.00
709.58	1959.00
709.77	1896.00
709.96	2009.00
710.15	1992.00
710.34	1936.00
710.53	2009.00
710.72	2050.00
710.92	2059.00
711.11	1966.00
711.30	1916.00
711.49	2038.00
711.68	1983.00
711.87	2002.00
712.06	2029.00
712.25	2126.00
712.44	2097.00
712.64	2086.00
712.83	2141.00
713.02	2136.00
713.21	2065.00
713.40	2047.00
713.59	2047.00
713.78	2055.00
713.97	2124.00
714.16	2039.00
714.35	2053.00
714.55	2088.00
714.74	2114.00
714.93	2134.00
715.12	2119.00
715.31	2105.00
715.50	2082.00
715.69	1959.00
715.88	1983.00
716.07	2106.00
716.26	2065.00
716.45	2041.00
716.65	2055.00
716.84	1993.00
717.03	1907.00
717.22	2097.00
717.41	2077.00
717.60	2020.00
717.79	2031.00
717.98	2110.00
718.17	2111.00
718.36	2122.00
718.55	2066.00
718.75	2116.00
718.94	2131.00
719.13	2151.00
719.32	2153.00
719.51	2149.00
719.70	2088.00
719.89	2186.00
720.08	2216.00
720.27	2204.00
720.46	2164.00
720.65	2132.00
720.84	2065.00
721.03	2088.00
721.22	2118.00
721.42	2118.00
721.61	2086.00
721.80	2105.00
721.99	2134.00
722.18	2091.00
722.37	2049.00
722.56	2059.00
722.75	2040.00
722.94	2145.00
723.13	2091.00
723.32	2061.00
723.51	2047.00
723.70	2116.00
723.89	2061.00
724.08	2045.00
724.28	2119.00
724.47	2112.00
724.66	2138.00
724.85	2088.00
725.04	2083.00
725.23	2104.00
725.42	2170.00
725.61	2203.00
725.80	2142.00
725.99	2043.00
726.18	2144.00
726.37	2215.00
726.56	2134.00
726.75	2149.00
726.94	2095.00
727.13	2164.00
727.32	2200.00
727.51	2201.00
727.71	2170.00
727.90	2181.00
728.09	2094.00
728.28	2154.00
728.47	2097.00
728.66	2105.00
728.85	2055.00
729.04	2203.00
729.23	2103.00
729.42	2102.00
729.61	2154.00
729.80	2114.00
729.99	2154.00
730.18	2159.00
730.37	2111.00
730.56	2191.00
730.75	2179.00
730.94	2165.00
731.13	2178.00
731.32	2198.00
731.51	2153.00
731.70	2128.00
731.89	2094.00
732.08	2137.00
732.27	2261.00
732.46	2176.00
732.65	2142.00
732.84	2125.00
733.04	2073.00
733.23	2120.00
733.42	2126.00
733.61	2155.00
733.80	2075.00
733.99	2107.00
734.18	2168.00
734.37	2163.00
734.56	2099.00
734.75	2049.00
734.94	2048.00
735.13	2056.00
735.32	2071.00
735.51	2071.00
735.70	2148.00
735.89	2094.00
736.08	2076.00
736.27	2106.00
736.46	1999.00
736.65	2070.00
736.84	2017.00
737.03	1934.00
737.22	2049.00
737.41	2074.00
737.60	2023.00
737.79	2056.00
737.98	2065.00
738.17	2033.00
738.36	1973.00
738.55	2056.00
738.74	2110.00
738.93	1947.00
739.12	2075.00
739.31	2009.00
739.50	2040.00
739.69	2095.00
739.88	2004.00
740.07	2033.00
740.26	1905.00
740.45	1890.00
740.64	1913.00
740.83	1974.00
741.02	1917.00
741.21	1935.00
741.40	1999.00
741.59	1995.00
741.78	2051.00
741.97	2015.00
742.16	1947.00
742.35	1942.00
742.54	1911.00
742.73	1937.00
742.92	1865.00
743.11	1910.00
743.30	1899.00
743.49	1837.00
743.68	1837.00
743.87	1876.00
744.06	1987.00
744.25	1951.00
744.44	1964.00
744.63	1870.00
744.82	1892.00
745.01	1909.00
745.20	1769.00
745.39	1852.00
745.58	1923.00
745.77	1936.00
745.96	1876.00
746.15	1822.00
746.34	1838.00
746.52	1825.00
746.71	1788.00
746.90	1750.00
747.09	1919.00
747.28	1889.00
747.47	1748.00
747.66	1804.00
747.85	1771.00
748.04	1807.00
748.23	1786.00
748.42	1714.00
748.61	1800.00
748.80	1761.00
748.99	1719.00
749.18	1763.00
749.37	1699.00
749.56	1676.00
749.75	1702.00
749.94	1735.00
750.13	1688.00
750.32	1727.00
750.51	1722.00
750.70	1681.00
750.89	1642.00
751.08	1620.00
751.27	1646.00
751.46	1665.00
751.64	1694.00
751.83	1623.00
752.02	1682.00
752.21	1653.00
752.40	1666.00
752.59	1677.00
752.78	1613.00
752.97	1607.00
753.16	1689.00
753.35	1653.00
753.54	1586.00
753.73	1569.00
753.92	1709.00
754.11	1606.00
754.30	1640.00
754.49	1625.00
754.68	1641.00
754.87	1663.00
755.06	1651.00
755.24	1582.00
755.43	1639.00
755.62	1633.00
755.81	1590.00
756.00	1597.00
756.19	1635.00
756.38	1633.00
756.57	1593.00
756.76	1547.00
756.95	1524.00
757.14	1489.00
757.33	1540.00
757.52	1526.00
757.71	1501.00
757.90	1534.00
758.08	1534.00
758.27	1568.00
758.46	1609.00
758.65	1552.00
758.84	1441.00
759.03	1487.00
759.22	1572.00
759.41	1525.00
759.60	1506.00
759.79	1512.00
759.98	1592.00
760.17	1574.00
760.36	1532.00
760.54	1555.00
760.73	1516.00
760.92	1508.00
761.11	1557.00
761.30	1528.00
761.49	1587.00
761.68	1470.00
761.87	1332.00
762.06	1418.00
762.25	1432.00
762.44	1387.00
762.63	1297.00
762.81	1366.00
763.00	1287.00
763.19	1262.00
763.38	1196.00
763.57	1332.00
763.76	1259.00
763.95	1288.00
764.14	1307.00
764.33	1256.00
764.52	1244.00
764.71	1261.00
764.89	1266.00
765.08	1268.00
765.27	1274.00
765.46	1336.00
765.65	1279.00
765.84	1229.00
766.03	1252.00
766.22	1351.00
766.41	1270.00
766.59	1227.00
766.78	1349.00
766.97	1410.00
767.16	1392.00
767.35	1359.00
767.54	1398.00
767.73	1371.00
767.92	1405.00
768.11	1408.00
768.30	1435.00
768.48	1425.00
768.67	1352.00
768.86	1382.00
769.05	1402.00
769.24	1408.00
769.43	1479.00
769.62	1422.00
769.81	1397.00
769.99	1391.00
770.18	1464.00
770.37	1438.00
770.56	1417.00
770.75	1435.00
770.94	1458.00
771.13	1376.00
771.32	1419.00
771.50	1456.00
771.69	1468.00
771.88	1459.00
772.07	1406.00
772.26	1434.00
772.45	1472.00
772.64	1450.00
772.83	1432.00
773.01	1433.00
773.20	1389.00
773.39	1380.00
773.58	1485.00
773.77	1436.00
773.96	1487.00
774.15	1408.00
774.34	1450.00
774.52	1401.00
774.71	1320.00
774.90	1295.00
775.09	1428.00
775.28	1417.00
775.47	1444.00
775.66	1426.00
775.84	1496.00
776.03	1380.00
776.22	1454.00
776.41	1370.00
776.60	1287.00
776.79	1376.00
776.98	1362.00
777.16	1329.00
777.35	1369.00
777.54	1332.00
777.73	1332.00
777.92	1263.00
778.11	1217.00
778.29	1273.00
778.48	1358.00
778.67	1362.00
778.86	1384.00
779.05	1345.00
779.24	1375.00
779.43	1423.00
779.61	1375.00
779.80	1482.00
779.99	1387.00
780.18	1352.00
780.37	1400.00
780.56	1370.00
780.74	1519.00
780.93	1410.00
781.12	1508.00
781.31	1430.00
781.50	1307.00
781.69	1398.00
781.87	1321.00
782.06	1374.00
782.25	1377.00
782.44	1393.00
782.63	1363.00
782.82	1359.00
783.00	1403.00
783.19	1389.00
783.38	1393.00
783.57	1505.00
783.76	1450.00
783.95	1397.00
784.13	1368.00
784.32	1367.00
784.51	1370.00
784.70	1335.00
784.89	1447.00
785.08	1426.00
785.26	1414.00
785.45	1417.00
785.64	1425.00
785.83	1418.00
786.02	1463.00
786.20	1513.00
786.39	1431.00
786.58	1440.00
786.77	1393.00
786.96	1430.00
787.15	1416.00
787.33	1434.00
787.52	1362.00
787.71	1430.00
787.90	1507.00
788.09	1508.00
788.27	1473.00
788.46	1489.00
788.65	1499.00
788.84	1427.00
789.03	1404.00
789.21	1424.00
789.40	1471.00
789.59	1434.00
789.78	1487.00
789.97	1444.00
790.15	1506.00
790.34	1508.00
790.53	1501.00
790.72	1411.00
790.91	1476.00
791.09	1557.00
791.28	1456.00
791.47	1415.00
791.66	1452.00
791.85	1502.00
792.03	1509.00
792.22	1518.00
792.41	1571.00
792.60	1492.00
792.79	1447.00
792.97	1434.00
793.16	1557.00
793.35	1579.00
793.54	1514.00
793.72	1558.00
793.91	1563.00
794.10	1517.00
794.29	1496.00
794.48	1447.00
794.66	1491.00
794.85	1525.00
795.04	1532.00
795.23	1428.00
795.42	1545.00
795.60	1539.00
795.79	1469.00
795.98	1442.00
796.17	1530.00
796.35	1594.00
796.54	1559.00
796.73	1547.00
796.92	1501.00
797.11	1553.00
797.29	1503.00
797.48	1476.00
797.67	1436.00
797.86	1519.00
798.04	1526.00
798.23	1617.00
798.42	1598.00
798.61	1508.00
798.79	1438.00
798.98	1477.00
799.17	1535.00
799.36	1543.00
799.54	1542.00
799.73	1475.00
799.92	1477.00
800.11	1531.00
800.30	1553.00
800.48	1451.00
800.67	1401.00
800.86	1413.00
801.05	1495.00
801.23	1524.00
801.42	1574.00
801.61	1497.00
801.80	1471.00
801.98	1458.00
802.17	1502.00
802.36	1515.00
802.55	1605.00
802.73	1574.00
802.92	1551.00
803.11	1479.00
803.30	1559.00
803.48	1565.00
803.67	1469.00
803.86	1572.00
804.05	1588.00
804.23	1555.00
804.42	1526.00
804.61	1534.00
804.80	1676.00
804.98	1562.00
805.17	1508.00
805.36	1531.00
805.54	1549.00
805.73	1570.00
805.92	1529.00
806.11	1600.00
806.29	1541.00
806.48	1510.00
806.67	1589.00
806.86	1604.00
807.04	1606.00
807.23	1618.00
807.42	1555.00
807.61	1540.00
807.79	1528.00
807.98	1503.00
808.17	1475.00
808.35	1504.00
808.54	1530.00
808.73	1514.00
808.92	1497.00
809.10	1552.00
809.29	1514.00
809.48	1541.00
809.67	1581.00
809.85	1534.00
810.04	1578.00
810.23	1645.00
810.41	1599.00
810.60	1525.00
810.79	1613.00
810.98	1549.00
811.16	1556.00
811.35	1571.00
811.54	1555.00
811.72	1594.00
811.91	1610.00
812.10	1514.00
812.29	1585.00
812.47	1540.00
812.66	1589.00
812.85	1507.00
813.03	1399.00
813.22	1590.00
813.41	1504.00
813.60	1502.00
813.78	1539.00
813.97	1492.00
814.16	1503.00
814.34	1430.00
814.53	1517.00
814.72	1583.00
814.90	1456.00
815.09	1494.00
815.28	1461.00
815.47	1494.00
815.65	1548.00
815.84	1542.00
816.03	1523.00
816.21	1575.00
816.40	1563.00
816.59	1486.00
816.77	1521.00
816.96	1542.00
817.15	1499.00
817.33	1541.00
817.52	1513.00
817.71	1495.00
817.90	1443.00
818.08	1456.00
818.27	1447.00
818.46	1519.00
818.64	1525.00
818.83	1496.00
819.02	1566.00
819.20	1543.00
819.39	1530.00
819.58	1510.00
819.76	1610.00
819.95	1571.00
820.14	1529.00
820.32	1557.00
820.51	1521.00
820.70	1555.00
820.88	1488.00
821.07	1505.00
821.26	1499.00
821.44	1468.00
821.63	1555.00
821.82	1582.00
822.01	1598.00
822.19	1547.00
822.38	1616.00
822.57	1568.00
822.75	1555.00
822.94	1563.00
823.13	1519.00
823.31	1530.00
823.50	1446.00
823.69	1484.00
823.87	1471.00
824.06	1445.00
824.25	1499.00
824.43	1525.00
824.62	1528.00
824.80	1496.00
824.99	1467.00
825.18	1432.00
825.36	1464.00
825.55	1548.00
825.74	1532.00
825.92	1527.00
826.11	1546.00
826.30	1470.00
826.48	1446.00
826.67	1486.00
826.86	1442.00
827.04	1419.00
827.23	1447.00
827.42	1425.00
827.60	1405.00
827.79	1397.00
827.98	1473.00
828.16	1451.00
828.35	1473.00
828.54	1508.00
828.72	1447.00
828.91	1425.00
829.09	1466.00
829.28	1348.00
829.47	1388.00
829.65	1473.00
829.84	1428.00
830.03	1331.00
830.21	1438.00
830.40	1426.00
830.59	1403.00
830.77	1380.00
830.96	1456.00
831.14	1431.00
831.33	1481.00
831.52	1429.00
831.70	1326.00
831.89	1380.00
832.08	1480.00
832.26	1352.00
832.45	1346.00
832.64	1467.00
832.82	1422.00
833.01	1288.00
833.19	1358.00
833.38	1425.00
833.57	1439.00
833.75	1375.00
833.94	1416.00
834.13	1385.00
834.31	1421.00
834.50	1414.00
834.68	1430.00
834.87	1362.00
835.06	1478.00
835.24	1486.00
835.43	1337.00
835.61	1405.00
835.80	1409.00
835.99	1415.00
836.17	1345.00
836.36	1386.00
836.55	1402.00
836.73	1431.00
836.92	1402.00
837.10	1390.00
837.29	1323.00
837.48	1325.00
837.66	1315.00
837.85	1319.00
838.03	1213.00
838.22	1344.00
838.41	1332.00
838.59	1298.00
838.78	1293.00
838.96	1277.00
839.15	1264.00
839.34	1308.00
839.52	1305.00
839.71	1367.00
839.89	1365.00
840.08	1412.00
840.27	1356.00
840.45	1309.00
840.64	1377.00
840.82	1398.00
841.01	1372.00
841.20	1384.00
841.38	1290.00
841.57	1239.00
841.75	1367.00
841.94	1358.00
842.13	1282.00
842.31	1309.00
842.50	1301.00
842.68	1333.00
842.87	1307.00
843.05	1247.00
843.24	1254.00
843.43	1217.00
843.61	1204.00
843.80	1193.00
843.98	1193.00
844.17	1227.00
844.36	1363.00
844.54	1312.00
844.73	1195.00
844.91	1250.00
845.10	1207.00
845.28	1227.00
845.47	1260.00
845.66	1201.00
845.84	1213.00
846.03	1288.00
846.21	1287.00
846.40	1266.00
846.58	1257.00
846.77	1229.00
846.96	1238.00
847.14	1248.00
847.33	1267.00
847.51	1244.00
847.70	1255.00
847.88	1259.00
848.07	1154.00
848.25	1111.00
848.44	1204.00
848.63	1165.00
848.81	1124.00
849.00	1105.00
849.18	1139.00
849.37	1256.00
849.55	1262.00
849.74	1174.00
849.93	1208.00
850.11	1200.00
850.30	1154.00
850.48	1075.00
850.67	1117.00
850.85	1166.00
851.04	1204.00
851.22	1155.00
851.41	1080.00
851.59	1082.00
851.78	1181.00
851.97	1146.00
852.15	1202.00
852.34	1116.00
852.52	1133.00
852.71	1153.00
852.89	1167.00
853.08	1111.00
853.26	1148.00
853.45	1136.00
853.63	1113.00
853.82	1049.00
854.01	1036.00
854.19	1070.00
854.38	1144.00
854.56	1181.00
854.75	1195.00
854.93	1128.00
855.12	1075.00
855.30	1060.00
855.49	1090.00
855.67	1074.00
855.86	1050.00
856.04	1074.00
856.23	1040.00
856.41	1073.00
856.60	1137.00
856.79	1099.00
856.97	1099.00
857.16	1100.00
857.34	1099.00
857.53	1103.00
857.71	1090.00
857.90	1047.00
858.08	1096.00
858.27	1103.00
858.45	1101.00
858.64	1099.00
858.82	1081.00
859.01	1096.00
859.19	1044.00
859.38	1121.00
859.56	1074.00
859.75	1127.00
859.93	1126.00
860.12	1040.00
860.30	1014.00
860.49	1075.00
860.67	1067.00
860.86	1093.00
861.04	1056.00
861.23	967.00
861.41	1042.00
861.60	1032.00
861.78	946.00
861.97	1008.00
862.15	1021.00
862.34	1129.00
862.53	1148.00
862.71	1037.00
862.90	890.00
863.08	941.00
863.27	1001.00
863.45	1074.00
863.64	1018.00
863.82	937.00
864.01	917.00
864.19	926.00
864.37	969.00
864.56	935.00
864.74	929.00
864.93	971.00
865.11	997.00
865.30	994.00
865.48	1009.00
865.67	1048.00
865.85	1051.00
866.04	926.00
866.22	973.00
866.41	1001.00
866.59	944.00
866.78	1010.00
866.96	1003.00
867.15	983.00
867.33	900.00
867.52	956.00
867.70	973.00
867.89	950.00
868.07	953.00
868.26	932.00
868.44	906.00
868.63	924.00
868.81	931.00
869.00	926.00
869.18	966.00
869.37	941.00
869.55	924.00
869.74	887.00
869.92	851.00
870.10	901.00
870.29	963.00
870.47	956.00
870.66	966.00
870.84	953.00
871.03	912.00
871.21	917.00
871.40	898.00
871.58	997.00
871.77	918.00
871.95	942.00
872.14	887.00
872.32	855.00
872.51	884.00
872.69	807.00
872.87	829.00
873.06	788.00
873.24	798.00
873.43	904.00
873.61	874.00
873.80	913.00
873.98	872.00
874.17	915.00
874.35	902.00
874.54	825.00
874.72	871.00
874.90	890.00
875.09	904.00
875.27	883.00
875.46	805.00
875.64	879.00
875.83	863.00
876.01	884.00
876.20	880.00
876.38	877.00
876.56	742.00
876.75	844.00
876.93	846.00
877.12	828.00
877.30	899.00
877.49	867.00
877.67	886.00
877.86	861.00
878.04	856.00
878.22	875.00
878.41	905.00
878.59	847.00
878.78	850.00
878.96	816.00
879.15	829.00
879.33	790.00
879.51	875.00
879.70	867.00
879.88	776.00
880.07	857.00
880.25	817.00
880.44	870.00
880.62	858.00
880.80	872.00
880.99	859.00
881.17	806.00
881.36	755.00
881.54	789.00
881.73	838.00
881.91	770.00
882.09	819.00
882.28	869.00
882.46	872.00
882.65	859.00
882.83	879.00
883.02	815.00
883.20	804.00
883.38	808.00
883.57	821.00
883.75	782.00
883.94	790.00
884.12	846.00
884.30	780.00
884.49	778.00
884.67	821.00
884.86	811.00
885.04	845.00
885.22	844.00
885.41	845.00
885.59	896.00
885.78	832.00
885.96	817.00
886.14	862.00
886.33	801.00
886.51	794.00
886.70	808.00
886.88	760.00
887.06	775.00
887.25	793.00
887.43	751.00
887.62	744.00
887.80	774.00
887.98	798.00
888.17	787.00
888.35	762.00
888.54	784.00
888.72	783.00
888.90	761.00
889.09	767.00
889.27	747.00
889.46	838.00
889.64	851.00
889.82	744.00
890.01	834.00
890.19	842.00
890.38	843.00
890.56	819.00
890.74	802.00
890.93	771.00
891.11	805.00
891.29	737.00
891.48	813.00
891.66	825.00
891.85	765.00
892.03	747.00
892.21	745.00
892.40	736.00
892.58	762.00
892.76	796.00
892.95	777.00
893.13	753.00
893.32	850.00
893.50	863.00
893.68	858.00
893.87	863.00
894.05	784.00
894.23	767.00
894.42	755.00
894.60	807.00
894.79	772.00
894.97	788.00
895.15	748.00
895.34	823.00
895.52	858.00
895.70	782.00
895.89	870.00
896.07	790.00
896.25	838.00
896.44	797.00
896.62	821.00
896.81	801.00
896.99	801.00
897.17	859.00
897.36	898.00
897.54	824.00
897.72	821.00
897.91	887.00
898.09	909.00
898.27	863.00
898.46	906.00
898.64	861.00
898.82	913.00
899.01	903.00
899.19	829.00
899.37	885.00
899.56	850.00
899.74	854.00
899.92	835.00
900.11	864.00
900.29	880.00
900.47	861.00
900.66	863.00
900.84	825.00
901.03	878.00
901.21	802.00
901.39	857.00
901.58	879.00
901.76	916.00
901.94	875.00
902.13	879.00
902.31	876.00
902.49	827.00
902.68	830.00
902.86	866.00
903.04	859.00
903.23	876.00
903.41	864.00
903.59	941.00
903.78	883.00
903.96	882.00
904.14	790.00
904.32	910.00
904.51	888.00
904.69	835.00
904.87	853.00
905.06	881.00
905.24	797.00
905.42	868.00
905.61	891.00
905.79	826.00
905.97	880.00
906.16	864.00
906.34	800.00
906.52	848.00
906.71	895.00
906.89	890.00
907.07	928.00
907.26	946.00
907.44	886.00
907.62	868.00
907.81	931.00
907.99	878.00
908.17	847.00
908.35	821.00
908.54	894.00
908.72	873.00
908.90	955.00
909.09	983.00
909.27	930.00
909.45	917.00
909.64	892.00
909.82	961.00
910.00	884.00
910.18	883.00
910.37	858.00
910.55	816.00
910.73	915.00
910.92	890.00
911.10	892.00
911.28	915.00
911.47	944.00
911.65	920.00
911.83	871.00
912.01	880.00
912.20	917.00
912.38	866.00
912.56	880.00
912.75	898.00
912.93	838.00
913.11	811.00
913.29	843.00
913.48	918.00
913.66	861.00
913.84	875.00
914.03	855.00
914.21	913.00
914.39	861.00
914.57	848.00
914.76	860.00
914.94	852.00
915.12	860.00
915.31	818.00
915.49	834.00
915.67	816.00
915.85	806.00
916.04	844.00
916.22	823.00
916.40	861.00
916.58	780.00
916.77	803.00
916.95	772.00
917.13	857.00
917.32	861.00
917.50	864.00
917.68	898.00
917.86	738.00
918.05	749.00
918.23	900.00
918.41	872.00
918.59	883.00
918.78	813.00
918.96	733.00
919.14	848.00
919.32	822.00
919.51	814.00
919.69	788.00
919.87	792.00
920.05	738.00
920.24	785.00
920.42	769.00
920.60	816.00
920.78	754.00
920.97	861.00
921.15	767.00
921.33	720.00
921.52	764.00
921.70	819.00
921.88	749.00
922.06	849.00
922.24	842.00
922.43	738.00
922.61	758.00
922.79	861.00
922.97	891.00
923.16	753.00
923.34	849.00
923.52	819.00
923.70	768.00
923.89	822.00
924.07	848.00
924.25	753.00
924.43	773.00
924.62	766.00
924.80	805.00
924.98	758.00
925.16	755.00
925.35	750.00
925.53	737.00
925.71	758.00
925.89	751.00
926.08	681.00
926.26	741.00
926.44	767.00
926.62	743.00
926.80	819.00
926.99	709.00
927.17	719.00
927.35	778.00
927.53	806.00
927.72	759.00
927.90	729.00
928.08	777.00
928.26	743.00
928.44	745.00
928.63	682.00
928.81	746.00
928.99	793.00
929.17	771.00
929.36	771.00
929.54	721.00
929.72	791.00
929.90	737.00
930.08	708.00
930.27	753.00
930.45	718.00
930.63	706.00
930.81	740.00
930.99	694.00
931.18	610.00
931.36	679.00
931.54	681.00
931.72	642.00
931.90	653.00
932.09	617.00
932.27	662.00
932.45	690.00
932.63	643.00
932.81	659.00
933.00	688.00
933.18	693.00
933.36	727.00
933.54	650.00
933.72	664.00
933.91	678.00
934.09	677.00
934.27	672.00
934.45	609.00
934.63	590.00
934.82	619.00
935.00	652.00
935.18	596.00
935.36	601.00
935.54	559.00
935.73	520.00
935.91	534.00
936.09	564.00
936.27	512.00
936.45	545.00
936.64	556.00
936.82	551.00
937.00	558.00
937.18	514.00
937.36	580.00
937.54	582.00
937.73	557.00
937.91	565.00
938.09	565.00
938.27	484.00
938.45	499.00
938.63	471.00
938.82	397.00
939.00	463.00
939.18	494.00
939.36	456.00
939.54	457.00
939.73	332.00
939.91	431.00
940.09	463.00
940.27	420.00
940.45	379.00
940.63	380.00
940.82	375.00
941.00	449.00
941.18	450.00
941.36	395.00
941.54	340.00
941.72	323.00
941.91	409.00
942.09	393.00
942.27	395.00
942.45	318.00
942.63	320.00
942.81	331.00
942.99	314.00
943.18	323.00
943.36	307.00
943.54	344.00
943.72	382.00
943.90	365.00
944.08	328.00
944.27	344.00
944.45	308.00
944.63	369.00
944.81	355.00
944.99	292.00
945.17	378.00
945.35	332.00
945.54	353.00
945.72	339.00
945.90	376.00
946.08	313.00
946.26	318.00
946.44	319.00
946.62	315.00
946.81	298.00
946.99	344.00
947.17	285.00
947.35	288.00
947.53	338.00
947.71	357.00
947.89	338.00
948.07	320.00
948.26	318.00
948.44	373.00
948.62	355.00
948.80	309.00
948.98	328.00
949.16	427.00
949.34	367.00
949.53	327.00
949.71	313.00
949.89	356.00
950.07	374.00
950.25	375.00
950.43	401.00
950.61	396.00
950.79	408.00
950.98	357.00
951.16	380.00
951.34	426.00
951.52	386.00
951.70	310.00
951.88	310.00
952.06	366.00
952.24	413.00
952.42	339.00
952.61	295.00
952.79	313.00
952.97	319.00
953.15	330.00
953.33	320.00
953.51	369.00
953.69	376.00
953.87	353.00
954.05	351.00
954.24	328.00
954.42	327.00
954.60	310.00
954.78	319.00
954.96	400.00
955.14	400.00
955.32	318.00
955.50	313.00
955.68	318.00
955.86	332.00
956.05	416.00
956.23	429.00
956.41	389.00
956.59	353.00
956.77	340.00
956.95	430.00
957.13	355.00
957.31	279.00
957.49	352.00
957.67	338.00
957.86	275.00
958.04	258.00
958.22	284.00
958.40	378.00
958.58	337.00
958.76	329.00
958.94	263.00
959.12	310.00
959.30	299.00
959.48	341.00
959.66	282.00
959.84	286.00
960.03	379.00
960.21	247.00
960.39	255.00
960.57	331.00
960.75	337.00
960.93	377.00
961.11	344.00
961.29	331.00
961.47	362.00
961.65	429.00
961.83	310.00
962.01	338.00
962.19	302.00
962.37	345.00
962.56	343.00
962.74	365.00
962.92	325.00
963.10	295.00
963.28	210.00
963.46	286.00
963.64	328.00
963.82	281.00
964.00	300.00
964.18	329.00
964.36	293.00
964.54	266.00
964.72	306.00
964.90	254.00
965.08	353.00
965.27	226.00
965.45	203.00
965.63	299.00
965.81	355.00
965.99	304.00
966.17	271.00
966.35	313.00
966.53	283.00
966.71	255.00
966.89	322.00
967.07	348.00
967.25	311.00
967.43	291.00
967.61	287.00
967.79	239.00
967.97	270.00
968.15	253.00
968.33	220.00
968.51	298.00
968.69	331.00
968.87	307.00
969.06	301.00
969.24	188.00
969.42	241.00
969.60	246.00
969.78	265.00
969.96	281.00
970.14	278.00
970.32	340.00
970.50	357.00
970.68	322.00
970.86	301.00
971.04	247.00
971.22	208.00
971.40	247.00
971.58	291.00
971.76	256.00
971.94	215.00
972.12	258.00
972.30	243.00
972.48	320.00
972.66	230.00
972.84	243.00
973.02	263.00
973.20	243.00
973.38	310.00
973.56	295.00
973.74	277.00
973.92	178.00
974.10	204.00
974.28	199.00
974.46	228.00
974.64	224.00
974.82	223.00
975.00	248.00
975.18	298.00
975.36	246.00
975.54	274.00
975.72	248.00
975.90	316.00
976.08	217.00
976.26	267.00
976.44	241.00
976.62	248.00
976.80	248.00
976.98	277.00
977.16	257.00
977.34	265.00
977.52	288.00
977.70	264.00
977.88	320.00
978.06	281.00
978.24	208.00
978.42	198.00
978.60	208.00
978.78	208.00
978.96	244.00
979.14	206.00
979.32	161.00
979.50	262.00
979.68	294.00
979.86	302.00
980.04	229.00
980.22	219.00
980.40	241.00
980.58	237.00
980.76	303.00
980.94	242.00
981.12	245.00
981.30	241.00
981.48	273.00
981.66	247.00
981.84	251.00
982.02	209.00
982.20	280.00
982.38	230.00
982.56	251.00
982.74	280.00
982.92	262.00
983.10	230.00
983.28	241.00
983.46	210.00
983.64	232.00
983.82	203.00
984.00	235.00
984.18	219.00
984.36	291.00
984.54	246.00
984.72	176.00
984.90	157.00
985.08	204.00
985.26	202.00
985.44	165.00
985.62	180.00
985.80	208.00
985.98	212.00
986.16	155.00
986.34	253.00
986.51	224.00
986.69	152.00
986.87	156.00
987.05	193.00
987.23	171.00
987.41	192.00
987.59	226.00
987.77	270.00
987.95	275.00
988.13	207.00
988.31	156.00
988.49	263.00
988.67	223.00
988.85	200.00
989.03	246.00
989.21	186.00
989.39	174.00
989.57	196.00
989.75	158.00
989.93	153.00
990.11	213.00
990.28	143.00
990.46	152.00
990.64	165.00
990.82	197.00
991.00	219.00
991.18	133.00
991.36	152.00
991.54	167.00
991.72	249.00
991.90	253.00
992.08	257.00
992.26	238.00
992.44	208.00
992.62	160.00
992.80	140.00
992.98	183.00
993.15	233.00
993.33	242.00
993.51	186.00
993.69	148.00
993.87	161.00
994.05	187.00
994.23	187.00
994.41	183.00
994.59	156.00
994.77	156.00
994.95	113.00
995.13	216.00
995.31	195.00
995.48	146.00
995.66	230.00
995.84	227.00
996.02	134.00
996.20	175.00
996.38	109.00
996.56	117.00
996.74	146.00
996.92	191.00
997.10	177.00
997.28	186.00
997.46	229.00
997.63	155.00
997.81	163.00
997.99	221.00
998.17	221.00
998.35	222.00
998.53	183.00
998.71	117.00
998.89	124.00
999.07	192.00
999.25	205.00
999.43	129.00
999.60	130.00
999.78	166.00
999.96	156.00
1000.14	171.00
1000.32	100.00
1000.50	163.00
1000.68	251.00
1000.86	262.00
1001.04	168.00
1001.21	156.00
1001.39	102.00
1001.57	176.00
1001.75	191.00
1001.93	160.00
1002.11	142.00
1002.29	141.00
1002.47	134.00
1002.65	152.00
1002.82	134.00
1003.00	79.00
1003.18	74.00
1003.36	195.00
1003.54	238.00
1003.72	181.00
1003.90	175.00
1004.08	211.00
1004.26	150.00
1004.43	77.00
1004.61	124.00
1004.79	114.00
1004.97	75.00
1005.15	135.00
1005.33	176.00
1005.51	164.00
1005.69	151.00
1005.86	118.00
1006.04	102.00
1006.22	112.00
1006.40	134.00
1006.58	118.00
1006.76	89.00
1006.94	189.00
1007.12	146.00
1007.29	135.00
1007.47	107.00
1007.65	109.00
1007.83	168.00
1008.01	175.00
1008.19	183.00
1008.37	140.00
1008.54	103.00
1008.72	76.00
1008.90	120.00
1009.08	147.00
1009.26	174.00
1009.44	197.00
1009.62	152.00
1009.79	138.00
1009.97	78.00
1010.15	93.00
1010.33	108.00
1010.51	140.00
1010.69	143.00
1010.87	123.00
1011.04	196.00
1011.22	152.00
1011.40	92.00
1011.58	153.00
1011.76	135.00
1011.94	120.00
1012.11	140.00
1012.29	152.00
1012.47	106.00
1012.65	53.00
1012.83	156.00
1013.01	166.00
1013.18	34.00
1013.36	147.00
1013.54	159.00
1013.72	176.00
1013.90	215.00
1014.08	217.00
1014.25	230.00
1014.43	146.00
1014.61	106.00
1014.79	131.00
1014.97	132.00
1015.15	89.00
1015.32	189.00
1015.50	219.00
1015.68	117.00
1015.86	140.00
1016.04	199.00
1016.22	197.00
1016.39	162.00
1016.57	135.00
1016.75	144.00
1016.93	116.00
1017.11	155.00
1017.29	111.00
1017.46	127.00
1017.64	90.00
1017.82	78.00
1018.00	152.00
1018.18	130.00
1018.35	195.00
1018.53	255.00
1018.71	129.00
1018.89	154.00
1019.07	199.00
1019.24	152.00
1019.42	51.00
1019.60	168.00
1019.78	187.00
1019.96	144.00
1020.14	100.00
1020.31	146.00
1020.49	154.00
1020.67	155.00
1020.85	82.00
1021.03	98.00
1021.20	65.00
1021.38	123.00
1021.56	207.00
1021.74	115.00
1021.92	97.00
1022.09	96.00
1022.27	87.00
1022.45	49.00
1022.63	93.00
1022.81	87.00
1022.98	150.00
1023.16	103.00
1023.34	99.00
1023.52	119.00
1023.69	193.00
1023.87	131.00
1024.05	156.00
1024.23	145.00
1024.41	110.00
1024.58	171.00
1024.76	156.00
1024.94	124.00
1025.12	190.00
1025.30	127.00
1025.47	83.00
1025.65	106.00
1025.83	176.00
1026.01	155.00
1026.18	128.00
1026.36	100.00
1026.54	93.00
1026.72	80.00
1026.90	85.00
1027.07	98.00
1027.25	148.00
1027.43	107.00
1027.61	14.00
1027.78	94.00
1027.96	131.00
1028.14	178.00
1028.32	155.00
1028.49	115.00
1028.67	119.00
1028.85	78.00
1029.03	125.00
1029.21	105.00
1029.38	111.00
1029.56	124.00
1029.74	133.00
1029.92	142.00
1030.09	82.00
1030.27	88.00
1030.45	144.00
1030.63	180.00
1030.80	109.00
1030.98	59.00
1031.16	48.00
1031.34	122.00
1031.51	156.00
1031.69	150.00
1031.87	170.00
1032.05	140.00
1032.22	71.00
1032.40	94.00
1032.58	91.00
1032.76	107.00
1032.93	90.00
1033.11	92.00
1033.29	79.00
1033.47	129.00
1033.64	92.00
1033.82	83.00
1034.00	82.00
1034.18	127.00
1034.35	138.00
1034.53	98.00
1034.71	91.00
1034.89	141.00
1035.06	168.00
1035.24	67.00
1035.42	51.00
1035.59	58.00
1035.77	80.00
1035.95	72.00
1036.13	63.00
1036.30	80.00
1036.48	137.00
1036.66	80.00
1036.84	76.00
1037.01	93.00
1037.19	142.00
1037.37	167.00
1037.54	172.00
1037.72	92.00
1037.90	31.00
1038.08	51.00
1038.25	61.00
1038.43	88.00
1038.61	116.00
1038.79	103.00
1038.96	14.00
1039.14	54.00
1039.32	56.00
1039.49	74.00
1039.67	109.00
1039.85	177.00
1040.03	151.00
1040.20	88.00
1040.38	-21.00
1040.56	59.00
1040.73	80.00
1040.91	80.00
1041.09	70.00
1041.27	77.00
1041.44	143.00
1041.62	78.00
1041.80	48.00
1041.97	77.00
1042.15	177.00
1042.33	79.00
1042.50	71.00
1042.68	78.00
1042.86	82.00
1043.04	94.00
1043.21	105.00
1043.39	80.00
1043.57	105.00
1043.74	99.00
1043.92	59.00
1044.10	31.00
1044.27	22.00
1044.45	30.00
1044.63	20.00
1044.80	59.00
1044.98	111.00
1045.16	103.00
1045.34	139.00
1045.51	112.00
1045.69	101.00
1045.87	62.00
1046.04	57.00
1046.22	119.00
1046.40	76.00
1046.57	75.00
1046.75	53.00
1046.93	55.00
1047.10	67.00
1047.28	74.00
1047.46	61.00
1047.63	118.00
1047.81	97.00
1047.99	106.00
1048.16	129.00
1048.34	167.00
1048.52	155.00
1048.69	145.00
1048.87	91.00
1049.05	-5.00
1049.22	108.00
1049.40	139.00
1049.58	84.00
1049.75	77.00
1049.93	65.00
1050.11	72.00
1050.28	102.00
1050.46	68.00
1050.64	114.00
1050.81	153.00
1050.99	34.00
1051.17	13.00
1051.34	88.00
1051.52	65.00
1051.70	25.00
1051.87	23.00
1052.05	35.00
1052.23	38.00
1052.40	101.00
1052.58	98.00
1052.76	-6.00
1052.93	92.00
1053.11	85.00
1053.29	110.00
1053.46	81.00
1053.64	69.00
1053.82	86.00
1053.99	128.00
1054.17	101.00
1054.35	115.00
1054.52	94.00
1054.70	93.00
1054.87	46.00
1055.05	87.00
1055.23	79.00
1055.40	65.00
1055.58	-14.00
1055.76	25.00
1055.93	66.00
1056.11	55.00
1056.29	20.00
1056.46	59.00
1056.64	104.00
1056.81	49.00
1056.99	-3.00
1057.17	88.00
1057.34	113.00
1057.52	104.00
1057.70	60.00
1057.87	37.00
1058.05	30.00
1058.22	77.00
1058.40	82.00
1058.58	154.00
1058.75	57.00
1058.93	55.00
1059.11	86.00
1059.28	91.00
1059.46	71.00
1059.63	14.00
1059.81	3.00
1059.99	11.00
1060.16	-17.00
1060.34	1.00
1060.52	77.00
1060.69	51.00
1060.87	92.00
1061.04	76.00
1061.22	14.00
