367.62	24.00
367.82	-45.00
368.02	6.00
368.23	-21.00
368.43	-20.00
368.63	22.00
368.83	51.00
369.04	-39.00
369.24	-2.00
369.44	6.00
369.65	47.00
369.85	43.00
370.05	9.00
370.25	71.00
370.46	-15.00
370.66	-4.00
370.86	33.00
371.07	38.00
371.27	34.00
371.47	-61.00
371.67	-50.00
371.88	-42.00
372.08	-61.00
372.28	-37.00
372.49	-9.00
372.69	-27.00
372.89	-13.00
373.09	-16.00
373.30	-34.00
373.50	-15.00
373.70	44.00
373.91	53.00
374.11	42.00
374.31	43.00
374.51	19.00
374.72	52.00
374.92	24.00
375.12	7.00
375.33	-8.00
375.53	13.00
375.73	22.00
375.93	-6.00
376.14	36.00
376.34	16.00
376.54	6.00
376.74	41.00
376.95	25.00
377.15	-24.00
377.35	22.00
377.55	5.00
377.76	-23.00
377.96	72.00
378.16	68.00
378.37	-7.00
378.57	-45.00
378.77	9.00
378.97	34.00
379.18	-26.00
379.38	-59.00
379.58	38.00
379.78	16.00
379.99	39.00
380.19	31.00
380.39	-2.00
380.59	19.00
380.80	-22.00
381.00	-24.00
381.20	-25.00
381.40	-51.00
381.61	-14.00
381.81	-19.00
382.01	-2.00
382.21	-17.00
382.42	14.00
382.62	29.00
382.82	40.00
383.02	9.00
383.23	-11.00
383.43	-17.00
383.63	-11.00
383.83	-32.00
384.04	8.00
384.24	-30.00
384.44	-16.00
384.64	7.00
384.85	-18.00
385.05	12.00
385.25	-9.00
385.45	78.00
385.66	34.00
385.86	57.00
386.06	-2.00
386.26	14.00
386.47	21.00
386.67	21.00
386.87	-33.00
387.07	9.00
387.27	-85.00
387.48	-1.00
387.68	30.00
387.88	15.00
388.08	26.00
388.29	-23.00
388.49	29.00
388.69	33.00
388.89	-24.00
389.10	-31.00
389.30	-80.00
389.50	-84.00
389.70	48.00
389.90	76.00
390.11	58.00
390.31	18.00
390.51	0.00
390.71	20.00
390.92	64.00
391.12	21.00
391.32	17.00
391.52	38.00
391.72	-6.00
391.93	40.00
392.13	73.00
392.33	50.00
392.53	35.00
392.74	-7.00
392.94	20.00
393.14	21.00
393.34	79.00
393.54	104.00
393.75	107.00
393.95	32.00
394.15	33.00
394.35	44.00
394.56	-10.00
394.76	-62.00
394.96	-40.00
395.16	-6.00
395.36	-18.00
395.57	-5.00
395.77	19.00
395.97	6.00
396.17	-37.00
396.37	-91.00
396.58	-67.00
396.78	-28.00
396.98	35.00
397.18	48.00
397.38	-10.00
397.59	-46.00
397.79	-34.00
397.99	-68.00
398.19	-50.00
398.39	3.00
398.60	9.00
398.80	-39.00
399.00	-10.00
399.20	-1.00
399.40	-24.00
399.61	8.00
399.81	20.00
400.01	37.00
400.21	-3.00
400.41	-44.00
400.62	-50.00
400.82	-20.00
401.02	1.00
401.22	57.00
401.42	48.00
401.63	-43.00
401.83	38.00
402.03	41.00
402.23	10.00
402.43	-62.00
402.64	-36.00
402.84	-39.00
403.04	-9.00
403.24	59.00
403.44	57.00
403.64	30.00
403.85	45.00
404.05	34.00
404.25	7.00
404.45	-35.00
404.65	33.00
404.86	24.00
405.06	33.00
405.26	-1.00
405.46	-49.00
405.66	-71.00
405.86	-56.00
406.07	34.00
406.27	41.00
406.47	-17.00
406.67	107.00
406.87	92.00
407.07	53.00
407.28	7.00
407.48	-25.00
407.68	3.00
407.88	0.00
408.08	65.00
408.28	58.00
408.49	75.00
408.69	37.00
408.89	34.00
409.09	3.00
409.29	-15.00
409.49	-30.00
409.70	-4.00
409.90	29.00
410.10	62.00
410.30	39.00
410.50	63.00
410.70	-36.00
410.91	-17.00
411.11	-5.00
411.31	-3.00
411.51	40.00
411.71	54.00
411.91	43.00
412.12	-40.00
412.32	-45.00
412.52	52.00
412.72	-15.00
412.92	-5.00
413.12	10.00
413.32	60.00
413.53	8.00
413.73	10.00
413.93	56.00
414.13	21.00
414.33	40.00
414.53	20.00
414.74	33.00
414.94	-6.00
415.14	14.00
415.34	8.00
415.54	20.00
415.74	-7.00
415.94	1.00
416.15	-1.00
416.35	20.00
416.55	-8.00
416.75	11.00
416.95	21.00
417.15	27.00
417.35	44.00
417.56	62.00
417.76	39.00
417.96	35.00
418.16	-8.00
418.36	12.00
418.56	41.00
418.76	54.00
418.97	-16.00
419.17	38.00
419.37	50.00
419.57	18.00
419.77	49.00
419.97	66.00
420.17	25.00
420.37	17.00
420.58	23.00
420.78	75.00
420.98	1.00
421.18	40.00
421.38	95.00
421.58	63.00
421.78	55.00
421.98	27.00
422.19	56.00
422.39	35.00
422.59	-26.00
422.79	17.00
422.99	28.00
423.19	14.00
423.39	20.00
423.59	-3.00
423.80	56.00
424.00	-14.00
424.20	29.00
424.40	60.00
424.60	85.00
424.80	64.00
425.00	93.00
425.20	58.00
425.40	60.00
425.61	71.00
425.81	32.00
426.01	2.00
426.21	11.00
426.41	-6.00
426.61	15.00
426.81	74.00
427.01	57.00
427.21	21.00
427.42	21.00
427.62	108.00
427.82	131.00
428.02	75.00
428.22	22.00
428.42	-6.00
428.62	-54.00
428.82	60.00
429.02	73.00
429.23	-15.00
429.43	33.00
429.63	11.00
429.83	-12.00
430.03	34.00
430.23	30.00
430.43	-50.00
430.63	-16.00
430.83	-6.00
431.03	-11.00
431.24	27.00
431.44	97.00
431.64	32.00
431.84	-15.00
432.04	51.00
432.24	64.00
432.44	22.00
432.64	-6.00
432.84	-23.00
433.04	-1.00
433.24	10.00
433.45	59.00
433.65	-7.00
433.85	-101.00
434.05	-24.00
434.25	-31.00
434.45	39.00
434.65	53.00
434.85	10.00
435.05	34.00
435.25	60.00
435.45	-17.00
435.65	7.00
435.86	33.00
436.06	35.00
436.26	6.00
436.46	70.00
436.66	52.00
436.86	107.00
437.06	63.00
437.26	71.00
437.46	45.00
437.66	0.00
437.86	24.00
438.06	-30.00
438.26	51.00
438.47	89.00
438.67	18.00
438.87	26.00
439.07	63.00
439.27	19.00
439.47	33.00
439.67	59.00
439.87	-31.00
440.07	-15.00
440.27	-53.00
440.47	-46.00
440.67	-11.00
440.87	51.00
441.07	-17.00
441.27	49.00
441.48	81.00
441.68	31.00
441.88	42.00
442.08	-25.00
442.28	-27.00
442.48	-21.00
442.68	19.00
442.88	31.00
443.08	16.00
443.28	63.00
443.48	88.00
443.68	23.00
443.88	33.00
444.08	48.00
444.28	64.00
444.48	-18.00
444.68	40.00
444.88	-31.00
445.09	28.00
445.29	58.00
445.49	15.00
445.69	100.00
445.89	34.00
446.09	16.00
446.29	51.00
446.49	58.00
446.69	52.00
446.89	9.00
447.09	2.00
447.29	0.00
447.49	77.00
447.69	54.00
447.89	61.00
448.09	69.00
448.29	34.00
448.49	-24.00
448.69	-35.00
448.89	37.00
449.09	28.00
449.29	31.00
449.49	22.00
449.70	30.00
449.90	116.00
450.10	92.00
450.30	96.00
450.50	99.00
450.70	55.00
450.90	28.00
451.10	-32.00
451.30	74.00
451.50	44.00
451.70	28.00
451.90	106.00
452.10	88.00
452.30	15.00
452.50	80.00
452.70	96.00
452.90	87.00
453.10	44.00
453.30	11.00
453.50	0.00
453.70	60.00
453.90	73.00
454.10	78.00
454.30	77.00
454.50	62.00
454.70	38.00
454.90	69.00
455.10	79.00
455.30	8.00
455.50	89.00
455.70	165.00
455.90	112.00
456.10	76.00
456.30	108.00
456.50	64.00
456.70	103.00
456.90	74.00
457.10	96.00
457.30	40.00
457.50	32.00
457.70	77.00
457.90	25.00
458.10	32.00
458.30	52.00
458.50	30.00
458.70	79.00
458.90	97.00
459.10	128.00
459.30	112.00
459.50	51.00
459.70	22.00
459.90	-4.00
460.10	82.00
460.30	100.00
460.50	51.00
460.70	91.00
460.90	88.00
461.10	53.00
461.30	146.00
461.50	120.00
461.70	75.00
461.90	54.00
462.10	139.00
462.30	125.00
462.50	72.00
462.70	47.00
462.90	87.00
463.10	69.00
463.30	55.00
463.50	90.00
463.70	39.00
463.90	98.00
464.10	10.00
464.30	100.00
464.50	37.00
464.70	54.00
464.90	67.00
465.10	21.00
465.30	68.00
465.50	114.00
465.70	137.00
465.90	60.00
466.10	100.00
466.30	104.00
466.50	115.00
466.70	88.00
466.90	70.00
467.10	60.00
467.30	50.00
467.50	55.00
467.70	54.00
467.90	95.00
468.10	96.00
468.30	93.00
468.50	136.00
468.70	79.00
468.90	71.00
469.10	60.00
469.30	27.00
469.50	24.00
469.70	146.00
469.90	93.00
470.10	136.00
470.30	72.00
470.50	82.00
470.70	87.00
470.90	95.00
471.10	108.00
471.29	130.00
471.49	143.00
471.69	66.00
471.89	-7.00
472.09	6.00
472.29	25.00
472.49	97.00
472.69	65.00
472.89	45.00
473.09	45.00
473.29	20.00
473.49	68.00
473.69	104.00
473.89	115.00
474.09	58.00
474.29	10.00
474.49	100.00
474.69	86.00
474.89	29.00
475.09	99.00
475.29	103.00
475.49	90.00
475.69	31.00
475.88	88.00
476.08	86.00
476.28	77.00
476.48	55.00
476.68	129.00
476.88	138.00
477.08	61.00
477.28	74.00
477.48	12.00
477.68	35.00
477.88	65.00
478.08	81.00
478.28	101.00
478.48	18.00
478.68	42.00
478.88	59.00
479.08	84.00
479.28	147.00
479.47	151.00
479.67	99.00
479.87	29.00
480.07	30.00
480.27	107.00
480.47	132.00
480.67	70.00
480.87	103.00
481.07	129.00
481.27	121.00
481.47	66.00
481.67	53.00
481.87	70.00
482.07	102.00
482.27	165.00
482.46	105.00
482.66	114.00
482.86	139.00
483.06	83.00
483.26	112.00
483.46	154.00
483.66	101.00
483.86	62.00
484.06	89.00
484.26	96.00
484.46	67.00
484.66	118.00
484.86	125.00
485.05	168.00
485.25	118.00
485.45	45.00
485.65	87.00
485.85	101.00
486.05	64.00
486.25	85.00
486.45	64.00
486.65	88.00
486.85	145.00
487.05	160.00
487.25	116.00
487.44	110.00
487.64	106.00
487.84	79.00
488.04	134.00
488.24	170.00
488.44	133.00
488.64	127.00
488.84	83.00
489.04	165.00
489.24	107.00
489.43	105.00
489.63	132.00
489.83	186.00
490.03	161.00
490.23	97.00
490.43	141.00
490.63	120.00
490.83	117.00
491.03	124.00
491.23	134.00
491.42	96.00
491.62	108.00
491.82	211.00
492.02	202.00
492.22	57.00
492.42	116.00
492.62	196.00
492.82	184.00
493.02	177.00
493.22	85.00
493.41	100.00
493.61	146.00
493.81	178.00
494.01	89.00
494.21	107.00
494.41	102.00
494.61	125.00
494.81	177.00
495.01	159.00
495.20	150.00
495.40	81.00
495.60	110.00
495.80	161.00
496.00	112.00
496.20	151.00
496.40	102.00
496.60	131.00
496.79	147.00
496.99	170.00
497.19	155.00
497.39	145.00
497.59	143.00
497.79	196.00
497.99	133.00
498.19	131.00
498.38	121.00
498.58	131.00
498.78	128.00
498.98	194.00
499.18	194.00
499.38	215.00
499.58	169.00
499.78	170.00
499.97	193.00
500.17	173.00
500.37	139.00
500.57	161.00
500.77	133.00
500.97	177.00
501.17	234.00
501.37	160.00
501.56	140.00
501.76	94.00
501.96	125.00
502.16	125.00
502.36	126.00
502.56	166.00
502.76	163.00
502.95	170.00
503.15	177.00
503.35	149.00
503.55	141.00
503.75	177.00
503.95	153.00
504.15	144.00
504.34	124.00
504.54	158.00
504.74	135.00
504.94	206.00
505.14	240.00
505.34	182.00
505.54	137.00
505.73	115.00
505.93	145.00
506.13	120.00
506.33	167.00
506.53	113.00
506.73	168.00
506.92	189.00
507.12	192.00
507.32	164.00
507.52	249.00
507.72	194.00
507.92	155.00
508.12	62.00
508.31	120.00
508.51	163.00
508.71	151.00
508.91	153.00
509.11	153.00
509.31	170.00
509.50	182.00
509.70	161.00
509.90	113.00
510.10	139.00
510.30	139.00
510.50	139.00
510.69	148.00
510.89	156.00
511.09	116.00
511.29	166.00
511.49	207.00
511.69	200.00
511.88	196.00
512.08	190.00
512.28	157.00
512.48	121.00
512.68	126.00
512.88	154.00
513.07	159.00
513.27	129.00
513.47	86.00
513.67	177.00
513.87	161.00
514.06	210.00
514.26	235.00
514.46	195.00
514.66	136.00
514.86	182.00
515.06	131.00
515.25	135.00
515.45	123.00
515.65	134.00
515.85	167.00
516.05	196.00
516.24	194.00
516.44	159.00
516.64	169.00
516.84	153.00
517.04	140.00
517.23	129.00
517.43	180.00
517.63	171.00
517.83	164.00
518.03	204.00
518.23	186.00
518.42	176.00
518.62	246.00
518.82	190.00
519.02	190.00
519.22	165.00
519.41	170.00
519.61	193.00
519.81	197.00
520.01	201.00
520.21	206.00
520.40	143.00
520.60	148.00
520.80	142.00
521.00	209.00
521.20	215.00
521.39	157.00
521.59	106.00
521.79	171.00
521.99	241.00
522.19	219.00
522.38	224.00
522.58	259.00
522.78	256.00
522.98	150.00
523.17	192.00
523.37	202.00
523.57	215.00
523.77	200.00
523.97	143.00
524.16	120.00
524.36	161.00
524.56	217.00
524.76	150.00
524.96	205.00
525.15	196.00
525.35	252.00
525.55	223.00
525.75	181.00
525.94	181.00
526.14	202.00
526.34	212.00
526.54	243.00
526.74	279.00
526.93	290.00
527.13	179.00
527.33	182.00
527.53	245.00
527.72	266.00
527.92	247.00
528.12	208.00
528.32	179.00
528.52	247.00
528.71	251.00
528.91	208.00
529.11	330.00
529.31	294.00
529.50	181.00
529.70	234.00
529.90	292.00
530.10	249.00
530.29	339.00
530.49	275.00
530.69	229.00
530.89	306.00
531.09	311.00
531.28	246.00
531.48	222.00
531.68	327.00
531.88	315.00
532.07	211.00
532.27	251.00
532.47	341.00
532.67	331.00
532.86	310.00
533.06	319.00
533.26	221.00
533.46	193.00
533.65	319.00
533.85	311.00
534.05	284.00
534.25	246.00
534.44	316.00
534.64	391.00
534.84	357.00
535.04	280.00
535.23	309.00
535.43	338.00
535.63	283.00
535.83	256.00
536.02	372.00
536.22	313.00
536.42	255.00
536.62	300.00
536.81	338.00
537.01	344.00
537.21	287.00
537.41	330.00
537.60	346.00
537.80	345.00
538.00	358.00
538.20	362.00
538.39	403.00
538.59	421.00
538.79	423.00
538.99	389.00
539.18	359.00
539.38	396.00
539.58	448.00
539.77	433.00
539.97	419.00
540.17	459.00
540.37	490.00
540.56	454.00
540.76	457.00
540.96	404.00
541.16	395.00
541.35	415.00
541.55	431.00
541.75	440.00
541.94	474.00
542.14	458.00
542.34	416.00
542.54	468.00
542.73	526.00
542.93	525.00
543.13	541.00
543.33	446.00
543.52	386.00
543.72	403.00
543.92	479.00
544.11	516.00
544.31	471.00
544.51	509.00
544.71	513.00
544.90	549.00
545.10	522.00
545.30	582.00
545.49	513.00
545.69	460.00
545.89	463.00
546.09	539.00
546.28	581.00
546.48	649.00
546.68	656.00
546.87	454.00
547.07	432.00
547.27	487.00
547.47	457.00
547.66	444.00
547.86	483.00
548.06	522.00
548.25	449.00
548.45	390.00
548.65	382.00
548.84	404.00
549.04	443.00
549.24	502.00
549.44	391.00
549.63	409.00
549.83	448.00
550.03	478.00
550.22	423.00
550.42	450.00
550.62	387.00
550.81	430.00
551.01	413.00
551.21	447.00
551.41	433.00
551.60	457.00
551.80	407.00
552.00	456.00
552.19	390.00
552.39	383.00
552.59	381.00
552.78	431.00
552.98	480.00
553.18	391.00
553.37	383.00
553.57	364.00
553.77	413.00
553.96	406.00
554.16	438.00
554.36	415.00
554.56	376.00
554.75	474.00
554.95	399.00
555.15	393.00
555.34	387.00
555.54	386.00
555.74	439.00
555.93	466.00
556.13	390.00
556.33	389.00
556.52	417.00
556.72	324.00
556.92	301.00
557.11	407.00
557.31	385.00
557.51	368.00
557.70	300.00
557.90	356.00
558.10	324.00
558.29	309.00
558.49	370.00
558.69	398.00
558.88	350.00
559.08	276.00
559.28	278.00
559.47	307.00
559.67	377.00
559.87	331.00
560.06	312.00
560.26	335.00
560.46	356.00
560.65	346.00
560.85	409.00
561.05	370.00
561.24	322.00
561.44	340.00
561.64	361.00
561.83	471.00
562.03	387.00
562.23	329.00
562.42	328.00
562.62	345.00
562.82	358.00
563.01	354.00
563.21	385.00
563.40	406.00
563.60	324.00
563.80	343.00
563.99	353.00
564.19	323.00
564.39	381.00
564.58	396.00
564.78	355.00
564.98	310.00
565.17	370.00
565.37	390.00
565.57	372.00
565.76	307.00
565.96	401.00
566.16	391.00
566.35	373.00
566.55	408.00
566.74	383.00
566.94	348.00
567.14	401.00
567.33	450.00
567.53	418.00
567.73	428.00
567.92	394.00
568.12	332.00
568.32	373.00
568.51	413.00
568.71	366.00
568.90	375.00
569.10	402.00
569.30	405.00
569.49	486.00
569.69	471.00
569.89	438.00
570.08	449.00
570.28	413.00
570.47	429.00
570.67	458.00
570.87	417.00
571.06	438.00
571.26	463.00
571.46	409.00
571.65	387.00
571.85	390.00
572.04	397.00
572.24	404.00
572.44	406.00
572.63	409.00
572.83	491.00
573.03	470.00
573.22	406.00
573.42	445.00
573.61	439.00
573.81	491.00
574.01	435.00
574.20	511.00
574.40	457.00
574.59	490.00
574.79	475.00
574.99	539.00
575.18	562.00
575.38	577.00
575.58	501.00
575.77	500.00
575.97	511.00
576.16	537.00
576.36	552.00
576.56	605.00
576.75	624.00
576.95	646.00
577.14	645.00
577.34	644.00
577.54	599.00
577.73	572.00
577.93	591.00
578.12	657.00
578.32	652.00
578.52	636.00
578.71	628.00
578.91	673.00
579.10	752.00
579.30	732.00
579.50	696.00
579.69	664.00
579.89	720.00
580.08	706.00
580.28	728.00
580.48	804.00
580.67	716.00
580.87	722.00
581.06	749.00
581.26	730.00
581.45	748.00
581.65	724.00
581.85	715.00
582.04	771.00
582.24	713.00
582.43	740.00
582.63	832.00
582.83	863.00
583.02	855.00
583.22	943.00
583.41	904.00
583.61	972.00
583.80	983.00
584.00	836.00
584.20	932.00
584.39	986.00
584.59	908.00
584.78	864.00
584.98	966.00
585.17	978.00
585.37	989.00
585.57	970.00
585.76	982.00
585.96	1015.00
586.15	999.00
586.35	1059.00
586.54	1043.00
586.74	1109.00
586.94	1111.00
587.13	1072.00
587.33	1061.00
587.52	1083.00
587.72	1135.00
587.91	1115.00
588.11	1188.00
588.31	1144.00
588.50	1040.00
588.70	1109.00
588.89	1080.00
589.09	1040.00
589.28	1176.00
589.48	1122.00
589.68	1099.00
589.87	1192.00
590.07	1200.00
590.26	1228.00
590.46	1303.00
590.65	1321.00
590.85	1320.00
591.04	1302.00
591.24	1212.00
591.44	1233.00
591.63	1298.00
591.83	1306.00
592.02	1313.00
592.22	1332.00
592.41	1403.00
592.61	1413.00
592.80	1419.00
593.00	1377.00
593.19	1416.00
593.39	1520.00
593.59	1399.00
593.78	1466.00
593.98	1429.00
594.17	1424.00
594.37	1474.00
594.56	1405.00
594.76	1375.00
594.95	1379.00
595.15	1456.00
595.34	1461.00
595.54	1461.00
595.73	1457.00
595.93	1464.00
596.13	1522.00
596.32	1452.00
596.52	1474.00
596.71	1503.00
596.91	1480.00
597.10	1517.00
597.30	1594.00
597.49	1629.00
597.69	1513.00
597.88	1600.00
598.08	1578.00
598.27	1547.00
598.47	1613.00
598.66	1596.00
598.86	1684.00
599.06	1657.00
599.25	1589.00
599.45	1603.00
599.64	1630.00
599.84	1664.00
600.03	1627.00
600.23	1703.00
600.42	1669.00
600.62	1609.00
600.81	1674.00
601.01	1567.00
601.20	1640.00
601.40	1627.00
601.59	1577.00
601.79	1617.00
601.98	1684.00
602.18	1742.00
602.37	1599.00
602.57	1586.00
602.76	1607.00
602.96	1654.00
603.15	1551.00
603.35	1628.00
603.54	1669.00
603.74	1607.00
603.93	1583.00
604.13	1563.00
604.32	1620.00
604.52	1633.00
604.71	1615.00
604.91	1596.00
605.10	1607.00
605.30	1610.00
605.49	1757.00
605.69	1639.00
605.88	1712.00
606.08	1665.00
606.27	1699.00
606.47	1685.00
606.66	1746.00
606.86	1726.00
607.05	1671.00
607.25	1713.00
607.44	1673.00
607.64	1615.00
607.83	1703.00
608.03	1672.00
608.22	1719.00
608.42	1692.00
608.61	1815.00
608.81	1806.00
609.00	1836.00
609.20	1768.00
609.39	1896.00
609.59	1981.00
609.78	2011.00
609.98	2110.00
610.17	2318.00
610.37	2428.00
610.56	2538.00
610.76	2831.00
610.95	2947.00
611.15	3017.00
611.34	3082.00
611.54	3203.00
611.73	3067.00
611.93	2886.00
612.12	2570.00
612.32	2357.00
612.51	2202.00
612.71	2089.00
612.90	2059.00
613.09	2037.00
613.29	1996.00
613.48	2149.00
613.68	2014.00
613.87	2017.00
614.07	1937.00
614.26	1942.00
614.46	1857.00
614.65	1839.00
614.85	1984.00
615.04	1979.00
615.24	1923.00
615.43	1901.00
615.63	1749.00
615.82	1808.00
616.02	1762.00
616.21	1776.00
616.40	1825.00
616.60	1742.00
616.79	1728.00
616.99	1651.00
617.18	1702.00
617.38	1765.00
617.57	1683.00
617.77	1652.00
617.96	1729.00
618.16	1639.00
618.35	1568.00
618.54	1620.00
618.74	1602.00
618.93	1640.00
619.13	1686.00
619.32	1666.00
619.52	1690.00
619.71	1621.00
619.91	1736.00
620.10	1683.00
620.30	1679.00
620.49	1731.00
620.68	1793.00
620.88	1720.00
621.07	1692.00
621.27	1720.00
621.46	1688.00
621.66	1805.00
621.85	1786.00
622.05	1806.00
622.24	1808.00
622.43	1828.00
622.63	1916.00
622.82	1811.00
623.02	1799.00
623.21	1816.00
623.41	1838.00
623.60	1808.00
623.80	1814.00
623.99	1835.00
624.18	1870.00
624.38	1787.00
624.57	1770.00
624.77	1761.00
624.96	1810.00
625.16	1875.00
625.35	1929.00
625.54	1895.00
625.74	1912.00
625.93	1919.00
626.13	1814.00
626.32	1846.00
626.52	1921.00
626.71	1902.00
626.90	1906.00
627.10	1939.00
627.29	1955.00
627.49	1908.00
627.68	1843.00
627.88	1897.00
628.07	1894.00
628.26	1835.00
628.46	1862.00
628.65	1937.00
628.85	1965.00
629.04	1985.00
629.23	2025.00
629.43	2037.00
629.62	2100.00
629.82	2085.00
630.01	2027.00
630.21	2088.00
630.40	2053.00
630.59	2118.00
630.79	2108.00
630.98	2196.00
631.18	2168.00
631.37	2212.00
631.56	2155.00
631.76	2198.00
631.95	2194.00
632.15	2184.00
632.34	2106.00
632.53	2032.00
632.73	2031.00
632.92	2005.00
633.12	2068.00
633.31	2047.00
633.50	2036.00
633.70	2104.00
633.89	2093.00
634.09	2068.00
634.28	2118.00
634.47	2172.00
634.67	2120.00
634.86	2159.00
635.06	2020.00
635.25	2179.00
635.44	2182.00
635.64	2208.00
635.83	2177.00
636.03	2170.00
636.22	2282.00
636.41	2269.00
636.61	2256.00
636.80	2202.00
637.00	2261.00
637.19	2261.00
637.38	2224.00
637.58	2216.00
637.77	2281.00
637.96	2332.00
638.16	2302.00
638.35	2304.00
638.55	2286.00
638.74	2251.00
638.93	2348.00
639.13	2437.00
639.32	2404.00
639.51	2415.00
639.71	2409.00
639.90	2396.00
640.10	2484.00
640.29	2524.00
640.48	2538.00
640.68	2548.00
640.87	2498.00
641.07	2516.00
641.26	2432.00
641.45	2567.00
641.65	2610.00
641.84	2509.00
642.03	2494.00
642.23	2520.00
642.42	2546.00
642.61	2529.00
642.81	2570.00
643.00	2549.00
643.20	2480.00
643.39	2567.00
643.58	2545.00
643.78	2559.00
643.97	2676.00
644.16	2644.00
644.36	2629.00
644.55	2627.00
644.74	2658.00
644.94	2660.00
645.13	2706.00
645.33	2734.00
645.52	2772.00
645.71	2773.00
645.91	2694.00
646.10	2765.00
646.29	2683.00
646.49	2646.00
646.68	2727.00
646.87	2777.00
647.07	2718.00
647.26	2719.00
647.45	2821.00
647.65	2767.00
647.84	2762.00
648.03	2815.00
648.23	2787.00
648.42	2739.00
648.62	2856.00
648.81	2871.00
649.00	2750.00
649.20	2899.00
649.39	2879.00
649.58	2920.00
649.78	2892.00
649.97	2921.00
650.16	2820.00
650.36	2969.00
650.55	2920.00
650.74	2908.00
650.94	2878.00
651.13	2838.00
651.32	2872.00
651.52	2856.00
651.71	2794.00
651.90	2855.00
652.10	2867.00
652.29	2902.00
652.48	2890.00
652.68	2799.00
652.87	2937.00
653.06	2978.00
653.26	2915.00
653.45	2917.00
653.64	2922.00
653.84	2882.00
654.03	2793.00
654.22	2814.00
654.42	2940.00
654.61	2883.00
654.80	2831.00
654.99	2936.00
655.19	3003.00
655.38	3018.00
655.57	2920.00
655.77	2954.00
655.96	3028.00
656.15	2897.00
656.35	2959.00
656.54	3004.00
656.73	2995.00
656.93	2944.00
657.12	2911.00
657.31	2896.00
657.51	2876.00
657.70	2920.00
657.89	2876.00
658.09	2877.00
658.28	2936.00
658.47	2916.00
658.66	2866.00
658.86	2820.00
659.05	2801.00
659.24	2888.00
659.44	2954.00
659.63	2919.00
659.82	2872.00
660.02	2937.00
660.21	2910.00
660.40	2825.00
660.60	2893.00
660.79	2864.00
660.98	2766.00
661.17	2719.00
661.37	2837.00
661.56	2923.00
661.75	2776.00
661.95	2787.00
662.14	2888.00
662.33	2941.00
662.52	2960.00
662.72	2876.00
662.91	2873.00
663.10	2932.00
663.30	2907.00
663.49	2910.00
663.68	2934.00
663.88	2792.00
664.07	2696.00
664.26	2709.00
664.45	2837.00
664.65	2827.00
664.84	2766.00
665.03	2694.00
665.23	2731.00
665.42	2794.00
665.61	2753.00
665.80	2693.00
666.00	2571.00
666.19	2620.00
666.38	2727.00
666.57	2757.00
666.77	2703.00
666.96	2756.00
667.15	2818.00
667.35	2684.00
667.54	2685.00
667.73	2741.00
667.92	2726.00
668.12	2753.00
668.31	2650.00
668.50	2615.00
668.70	2615.00
668.89	2601.00
669.08	2521.00
669.27	2575.00
669.47	2670.00
669.66	2672.00
669.85	2675.00
670.04	2702.00
670.24	2653.00
670.43	2727.00
670.62	2730.00
670.81	2654.00
671.01	2661.00
671.20	2633.00
671.39	2689.00
671.58	2637.00
671.78	2615.00
671.97	2633.00
672.16	2542.00
672.36	2568.00
672.55	2563.00
672.74	2555.00
672.93	2510.00
673.13	2507.00
673.32	2536.00
673.51	2486.00
673.70	2501.00
673.90	2531.00
674.09	2526.00
674.28	2580.00
674.47	2571.00
674.67	2574.00
674.86	2656.00
675.05	2643.00
675.24	2552.00
675.44	2555.00
675.63	2523.00
675.82	2536.00
676.01	2478.00
676.21	2500.00
676.40	2543.00
676.59	2535.00
676.78	2560.00
676.97	2413.00
677.17	2498.00
677.36	2504.00
677.55	2537.00
677.74	2436.00
677.94	2480.00
678.13	2489.00
678.32	2504.00
678.51	2443.00
678.71	2510.00
678.90	2532.00
679.09	2572.00
679.28	2438.00
679.48	2466.00
679.67	2547.00
679.86	2474.00
680.05	2508.00
680.24	2529.00
680.44	2351.00
680.63	2371.00
680.82	2481.00
681.01	2432.00
681.21	2376.00
681.40	2413.00
681.59	2384.00
681.78	2422.00
681.97	2386.00
682.17	2380.00
682.36	2390.00
682.55	2428.00
682.74	2409.00
682.94	2425.00
683.13	2408.00
683.32	2445.00
683.51	2456.00
683.70	2470.00
683.90	2373.00
684.09	2328.00
684.28	2306.00
684.47	2470.00
684.66	2355.00
684.86	2313.00
685.05	2336.00
685.24	2349.00
685.43	2301.00
685.63	2304.00
685.82	2328.00
686.01	2274.00
686.20	2261.00
686.39	2332.00
686.59	2352.00
686.78	2446.00
686.97	2379.00
687.16	2349.00
687.35	2436.00
687.55	2344.00
687.74	2313.00
687.93	2390.00
688.12	2402.00
688.31	2376.00
688.51	2440.00
688.70	2459.00
688.89	2491.00
689.08	2473.00
689.27	2338.00
689.47	2326.00
689.66	2428.00
689.85	2420.00
690.04	2301.00
690.23	2319.00
690.42	2369.00
690.62	2348.00
690.81	2414.00
691.00	2427.00
691.19	2375.00
691.38	2381.00
691.58	2378.00
691.77	2231.00
691.96	2306.00
692.15	2322.00
692.34	2250.00
692.54	2317.00
692.73	2430.00
692.92	2383.00
693.11	2339.00
693.30	2351.00
693.49	2373.00
693.69	2457.00
693.88	2509.00
694.07	2326.00
694.26	2375.00
694.45	2359.00
694.64	2345.00
694.84	2325.00
695.03	2321.00
695.22	2298.00
695.41	2239.00
695.60	2295.00
695.80	2331.00
695.99	2372.00
696.18	2261.00
696.37	2296.00
696.56	2403.00
696.75	2433.00
696.95	2392.00
697.14	2347.00
697.33	2390.00
697.52	2323.00
697.71	2308.00
697.90	2434.00
698.09	2336.00
698.29	2463.00
698.48	2446.00
698.67	2428.00
698.86	2431.00
699.05	2394.00
699.24	2346.00
699.44	2407.00
699.63	2442.00
699.82	2426.00
700.01	2477.00
700.20	2391.00
700.39	2416.00
700.58	2519.00
700.78	2503.00
700.97	2442.00
701.16	2416.00
701.35	2454.00
701.54	2419.00
701.73	2443.00
701.93	2481.00
702.12	2528.00
702.31	2389.00
702.50	2521.00
702.69	2600.00
702.88	2624.00
703.07	2588.00
703.27	2540.00
703.46	2550.00
703.65	2668.00
703.84	2620.00
704.03	2584.00
704.22	2632.00
704.41	2605.00
704.60	2586.00
704.80	2718.00
704.99	2698.00
705.18	2670.00
705.37	2615.00
705.56	2663.00
705.75	2591.00
705.94	2643.00
706.14	2661.00
706.33	2735.00
706.52	2748.00
706.71	2788.00
706.90	2760.00
707.09	2709.00
707.28	2833.00
707.47	2736.00
707.67	2774.00
707.86	2836.00
708.05	2824.00
708.24	2794.00
708.43	2808.00
708.62	2813.00
708.81	2846.00
709.00	2878.00
709.20	2885.00
709.39	2808.00
709.58	2889.00
709.77	2811.00
709.96	2861.00
710.15	2850.00
710.34	2758.00
710.53	2886.00
710.72	2821.00
710.92	2805.00
711.11	2775.00
711.30	2767.00
711.49	2857.00
711.68	2856.00
711.87	2873.00
712.06	2905.00
712.25	2900.00
712.44	2940.00
712.64	2864.00
712.83	3025.00
713.02	3068.00
713.21	2990.00
713.40	3026.00
713.59	2838.00
713.78	2825.00
713.97	2858.00
714.16	2883.00
714.35	2981.00
714.55	2973.00
714.74	2993.00
714.93	2901.00
715.12	2951.00
715.31	3011.00
715.50	3028.00
715.69	2858.00
715.88	2995.00
716.07	2994.00
716.26	3016.00
716.45	3004.00
716.65	3025.00
716.84	3023.00
717.03	2881.00
717.22	3004.00
717.41	3014.00
717.60	3025.00
717.79	2990.00
717.98	3003.00
718.17	2928.00
718.36	2993.00
718.55	3064.00
718.75	2987.00
718.94	3006.00
719.13	3136.00
719.32	3112.00
719.51	2964.00
719.70	3027.00
719.89	3107.00
720.08	3038.00
720.27	3126.00
720.46	3202.00
720.65	3051.00
720.84	3075.00
721.03	3059.00
721.22	2997.00
721.42	3109.00
721.61	3055.00
721.80	3102.00
721.99	3062.00
722.18	3079.00
722.37	3051.00
722.56	3031.00
722.75	2963.00
722.94	2989.00
723.13	3103.00
723.32	3032.00
723.51	2981.00
723.70	2974.00
723.89	3039.00
724.08	3077.00
724.28	3066.00
724.47	3031.00
724.66	3079.00
724.85	3167.00
725.04	3163.00
725.23	3067.00
725.42	3044.00
725.61	3066.00
725.80	3006.00
725.99	3109.00
726.18	3071.00
726.37	3132.00
726.56	3091.00
726.75	3081.00
726.94	2994.00
727.13	3102.00
727.32	3136.00
727.51	3095.00
727.71	3084.00
727.90	3091.00
728.09	3107.00
728.28	3116.00
728.47	3056.00
728.66	3038.00
728.85	3074.00
729.04	3173.00
729.23	3098.00
729.42	3126.00
729.61	3045.00
729.80	3077.00
729.99	2999.00
730.18	3019.00
730.37	3065.00
730.56	3102.00
730.75	3062.00
730.94	2960.00
731.13	3110.00
731.32	3081.00
731.51	3101.00
731.70	3123.00
731.89	3054.00
732.08	3115.00
732.27	3162.00
732.46	3128.00
732.65	3117.00
732.84	3055.00
733.04	3034.00
733.23	3067.00
733.42	2980.00
733.61	2992.00
733.80	3030.00
733.99	3065.00
734.18	3183.00
734.37	3032.00
734.56	2994.00
734.75	2999.00
734.94	2985.00
735.13	2983.00
735.32	3000.00
735.51	2915.00
735.70	2991.00
735.89	3035.00
736.08	3039.00
736.27	3048.00
736.46	2971.00
736.65	3022.00
736.84	2892.00
737.03	2951.00
737.22	2938.00
737.41	2922.00
737.60	3003.00
737.79	2914.00
737.98	2955.00
738.17	3037.00
738.36	2861.00
738.55	2970.00
738.74	2981.00
738.93	2836.00
739.12	2811.00
739.31	2943.00
739.50	2967.00
739.69	2940.00
739.88	3002.00
740.07	2967.00
740.26	2856.00
740.45	2773.00
740.64	2916.00
740.83	2909.00
741.02	2868.00
741.21	2818.00
741.40	2916.00
741.59	2866.00
741.78	2714.00
741.97	2784.00
742.16	2757.00
742.35	2734.00
742.54	2709.00
742.73	2773.00
742.92	2706.00
743.11	2589.00
743.30	2689.00
743.49	2704.00
743.68	2751.00
743.87	2733.00
744.06	2687.00
744.25	2746.00
744.44	2732.00
744.63	2729.00
744.82	2767.00
745.01	2805.00
745.20	2685.00
745.39	2634.00
745.58	2673.00
745.77	2706.00
745.96	2656.00
746.15	2724.00
746.34	2657.00
746.52	2704.00
746.71	2647.00
746.90	2604.00
747.09	2760.00
747.28	2734.00
747.47	2594.00
747.66	2602.00
747.85	2572.00
748.04	2550.00
748.23	2497.00
748.42	2575.00
748.61	2623.00
748.80	2608.00
748.99	2563.00
749.18	2575.00
749.37	2486.00
749.56	2439.00
749.75	2396.00
749.94	2365.00
750.13	2414.00
750.32	2455.00
750.51	2421.00
750.70	2488.00
750.89	2489.00
751.08	2417.00
751.27	2412.00
751.46	2391.00
751.64	2502.00
751.83	2430.00
752.02	2454.00
752.21	2396.00
752.40	2499.00
752.59	2485.00
752.78	2431.00
752.97	2391.00
753.16	2454.00
753.35	2470.00
753.54	2342.00
753.73	2340.00
753.92	2447.00
754.11	2393.00
754.30	2427.00
754.49	2431.00
754.68	2428.00
754.87	2450.00
755.06	2324.00
755.24	2310.00
755.43	2336.00
755.62	2394.00
755.81	2385.00
756.00	2426.00
756.19	2429.00
756.38	2334.00
756.57	2395.00
756.76	2335.00
756.95	2239.00
757.14	2122.00
757.33	2221.00
757.52	2147.00
757.71	2177.00
757.90	2258.00
758.08	2275.00
758.27	2287.00
758.46	2383.00
758.65	2328.00
758.84	2297.00
759.03	2281.00
759.22	2305.00
759.41	2218.00
759.60	2274.00
759.79	2322.00
759.98	2289.00
760.17	2290.00
760.36	2199.00
760.54	2253.00
760.73	2271.00
760.92	2230.00
761.11	2215.00
761.30	2251.00
761.49	2152.00
761.68	1994.00
761.87	1985.00
762.06	2065.00
762.25	2036.00
762.44	2002.00
762.63	1967.00
762.81	1959.00
763.00	1942.00
763.19	1982.00
763.38	1873.00
763.57	1833.00
763.76	1885.00
763.95	1921.00
764.14	1861.00
764.33	1836.00
764.52	1839.00
764.71	1824.00
764.89	1829.00
765.08	1881.00
765.27	1894.00
765.46	1972.00
765.65	1906.00
765.84	1831.00
766.03	1926.00
766.22	1967.00
766.41	1934.00
766.59	1967.00
766.78	2006.00
766.97	2051.00
767.16	1968.00
767.35	2037.00
767.54	2130.00
767.73	2107.00
767.92	1999.00
768.11	2082.00
768.30	2092.00
768.48	2051.00
768.67	2122.00
768.86	2137.00
769.05	2067.00
769.24	2036.00
769.43	2134.00
769.62	2105.00
769.81	2085.00
769.99	2109.00
770.18	2070.00
770.37	2087.00
770.56	2175.00
770.75	2105.00
770.94	2081.00
771.13	2091.00
771.32	2115.00
771.50	2175.00
771.69	2065.00
771.88	2011.00
772.07	2090.00
772.26	2156.00
772.45	2135.00
772.64	2130.00
772.83	2084.00
773.01	2105.00
773.20	1982.00
773.39	2002.00
773.58	2163.00
773.77	2088.00
773.96	2095.00
774.15	2007.00
774.34	1995.00
774.52	2032.00
774.71	1968.00
774.90	2059.00
775.09	2088.00
775.28	2090.00
775.47	2066.00
775.66	2140.00
775.84	2124.00
776.03	2040.00
776.22	2045.00
776.41	2107.00
776.60	2088.00
776.79	2032.00
776.98	1992.00
777.16	1998.00
777.35	1984.00
777.54	1966.00
777.73	2006.00
777.92	1962.00
778.11	2063.00
778.29	2052.00
778.48	1997.00
778.67	2065.00
778.86	2033.00
779.05	2008.00
779.24	2000.00
779.43	2074.00
779.61	2061.00
779.80	2024.00
779.99	1954.00
780.18	1966.00
780.37	2031.00
780.56	2017.00
780.74	2120.00
780.93	2035.00
781.12	2071.00
781.31	2038.00
781.50	2048.00
781.69	1966.00
781.87	1972.00
782.06	2054.00
782.25	2065.00
782.44	2042.00
782.63	2131.00
782.82	2146.00
783.00	2033.00
783.19	2041.00
783.38	2121.00
783.57	2175.00
783.76	2141.00
783.95	2048.00
784.13	2024.00
784.32	2171.00
784.51	2071.00
784.70	2059.00
784.89	2162.00
785.08	2108.00
785.26	2064.00
785.45	2042.00
785.64	2013.00
785.83	2093.00
786.02	2122.00
786.20	2202.00
786.39	2075.00
786.58	2058.00
786.77	2061.00
786.96	2091.00
787.15	2143.00
787.33	2138.00
787.52	2043.00
787.71	2138.00
787.90	2138.00
788.09	2117.00
788.27	2167.00
788.46	2174.00
788.65	2159.00
788.84	2199.00
789.03	2081.00
789.21	2167.00
789.40	2193.00
789.59	2168.00
789.78	2221.00
789.97	2163.00
790.15	2200.00
790.34	2233.00
790.53	2234.00
790.72	2208.00
790.91	2153.00
791.09	2240.00
791.28	2121.00
791.47	2179.00
791.66	2236.00
791.85	2281.00
792.03	2304.00
792.22	2250.00
792.41	2209.00
792.60	2264.00
792.79	2258.00
792.97	2192.00
793.16	2227.00
793.35	2272.00
793.54	2272.00
793.72	2229.00
793.91	2196.00
794.10	2236.00
794.29	2292.00
794.48	2286.00
794.66	2313.00
794.85	2236.00
795.04	2248.00
795.23	2234.00
795.42	2313.00
795.60	2284.00
795.79	2236.00
795.98	2212.00
796.17	2301.00
796.35	2266.00
796.54	2236.00
796.73	2272.00
796.92	2252.00
797.11	2313.00
797.29	2257.00
797.48	2162.00
797.67	2236.00
797.86	2238.00
798.04	2284.00
798.23	2272.00
798.42	2177.00
798.61	2286.00
798.79	2219.00
798.98	2276.00
799.17	2334.00
799.36	2291.00
799.54	2277.00
799.73	2172.00
799.92	2178.00
800.11	2221.00
800.30	2287.00
800.48	2314.00
800.67	2228.00
800.86	2261.00
801.05	2322.00
801.23	2273.00
801.42	2293.00
801.61	2386.00
801.80	2295.00
801.98	2155.00
802.17	2210.00
802.36	2200.00
802.55	2247.00
802.73	2178.00
802.92	2267.00
803.11	2369.00
803.30	2364.00
803.48	2286.00
803.67	2221.00
803.86	2234.00
804.05	2329.00
804.23	2268.00
804.42	2293.00
804.61	2312.00
804.80	2441.00
804.98	2308.00
805.17	2284.00
805.36	2301.00
805.54	2310.00
805.73	2304.00
805.92	2284.00
806.11	2450.00
806.29	2440.00
806.48	2409.00
806.67	2314.00
806.86	2364.00
807.04	2353.00
807.23	2306.00
807.42	2310.00
807.61	2327.00
807.79	2206.00
807.98	2254.00
808.17	2169.00
808.35	2213.00
808.54	2327.00
808.73	2413.00
808.92	2337.00
809.10	2311.00
809.29	2324.00
809.48	2400.00
809.67	2346.00
809.85	2364.00
810.04	2359.00
810.23	2344.00
810.41	2312.00
810.60	2275.00
810.79	2332.00
810.98	2312.00
811.16	2324.00
811.35	2320.00
811.54	2322.00
811.72	2326.00
811.91	2344.00
812.10	2264.00
812.29	2244.00
812.47	2297.00
812.66	2327.00
812.85	2294.00
813.03	2308.00
813.22	2370.00
813.41	2329.00
813.60	2269.00
813.78	2269.00
813.97	2252.00
814.16	2251.00
814.34	2278.00
814.53	2224.00
814.72	2276.00
814.90	2268.00
815.09	2312.00
815.28	2307.00
815.47	2268.00
815.65	2290.00
815.84	2302.00
816.03	2324.00
816.21	2358.00
816.40	2362.00
816.59	2287.00
816.77	2245.00
816.96	2334.00
817.15	2333.00
817.33	2251.00
817.52	2305.00
817.71	2281.00
817.90	2297.00
818.08	2185.00
818.27	2228.00
818.46	2241.00
818.64	2336.00
818.83	2359.00
819.02	2294.00
819.20	2284.00
819.39	2327.00
819.58	2284.00
819.76	2242.00
819.95	2289.00
820.14	2284.00
820.32	2336.00
820.51	2344.00
820.70	2319.00
820.88	2229.00
821.07	2276.00
821.26	2192.00
821.44	2222.00
821.63	2283.00
821.82	2338.00
822.01	2286.00
822.19	2306.00
822.38	2307.00
822.57	2344.00
822.75	2311.00
822.94	2321.00
823.13	2337.00
823.31	2368.00
823.50	2240.00
823.69	2262.00
823.87	2194.00
824.06	2138.00
824.25	2200.00
824.43	2178.00
824.62	2239.00
824.80	2271.00
824.99	2173.00
825.18	2288.00
825.36	2261.00
825.55	2251.00
825.74	2277.00
825.92	2278.00
826.11	2276.00
826.30	2115.00
826.48	2123.00
826.67	2162.00
826.86	2155.00
827.04	2164.00
827.23	2201.00
827.42	2155.00
827.60	2257.00
827.79	2317.00
827.98	2214.00
828.16	2138.00
828.35	2186.00
828.54	2160.00
828.72	2121.00
828.91	2087.00
829.09	2221.00
829.28	2123.00
829.47	2092.00
829.65	2098.00
829.84	2133.00
830.03	2035.00
830.21	2011.00
830.40	2074.00
830.59	2217.00
830.77	2190.00
830.96	2148.00
831.14	2121.00
831.33	2163.00
831.52	2154.00
831.70	2151.00
831.89	2090.00
832.08	2113.00
832.26	2035.00
832.45	2009.00
832.64	2106.00
832.82	2035.00
833.01	2059.00
833.19	2099.00
833.38	2066.00
833.57	2081.00
833.75	2027.00
833.94	2050.00
834.13	2113.00
834.31	2189.00
834.50	2163.00
834.68	2116.00
834.87	1985.00
835.06	2066.00
835.24	2162.00
835.43	2077.00
835.61	2118.00
835.80	2142.00
835.99	2103.00
836.17	2057.00
836.36	2062.00
836.55	2113.00
836.73	2129.00
836.92	2040.00
837.10	1984.00
837.29	2091.00
837.48	2037.00
837.66	2026.00
837.85	2106.00
838.03	2008.00
838.22	2058.00
838.41	2016.00
838.59	2137.00
838.78	2087.00
838.96	1980.00
839.15	1969.00
839.34	1982.00
839.52	2036.00
839.71	2104.00
839.89	2032.00
840.08	2016.00
840.27	1909.00
840.45	1948.00
840.64	2010.00
840.82	2072.00
841.01	1974.00
841.20	1983.00
841.38	1908.00
841.57	1997.00
841.75	2018.00
841.94	1923.00
842.13	1961.00
842.31	1984.00
842.50	1954.00
842.68	1885.00
842.87	1923.00
843.05	1852.00
843.24	1892.00
843.43	1957.00
843.61	1908.00
843.80	1863.00
843.98	1886.00
844.17	1872.00
844.36	1887.00
844.54	1864.00
844.73	1794.00
844.91	1897.00
845.10	1838.00
845.28	1829.00
845.47	1868.00
845.66	1853.00
845.84	1859.00
846.03	1829.00
846.21	1848.00
846.40	1858.00
846.58	1857.00
846.77	1828.00
846.96	1849.00
847.14	1890.00
847.33	1805.00
847.51	1780.00
847.70	1824.00
847.88	1787.00
848.07	1749.00
848.25	1776.00
848.44	1786.00
848.63	1766.00
848.81	1778.00
849.00	1712.00
849.18	1782.00
849.37	1809.00
849.55	1771.00
849.74	1703.00
849.93	1788.00
850.11	1795.00
850.30	1769.00
850.48	1653.00
850.67	1770.00
850.85	1772.00
851.04	1827.00
851.22	1745.00
851.41	1713.00
851.59	1715.00
851.78	1730.00
851.97	1652.00
852.15	1759.00
852.34	1788.00
852.52	1739.00
852.71	1705.00
852.89	1718.00
853.08	1750.00
853.26	1676.00
853.45	1719.00
853.63	1741.00
853.82	1769.00
854.01	1647.00
854.19	1620.00
854.38	1670.00
854.56	1663.00
854.75	1607.00
854.93	1633.00
855.12	1714.00
855.30	1737.00
855.49	1621.00
855.67	1638.00
855.86	1723.00
856.04	1667.00
856.23	1558.00
856.41	1658.00
856.60	1713.00
856.79	1710.00
856.97	1698.00
857.16	1697.00
857.34	1655.00
857.53	1647.00
857.71	1675.00
857.90	1555.00
858.08	1630.00
858.27	1685.00
858.45	1671.00
858.64	1640.00
858.82	1623.00
859.01	1651.00
859.19	1589.00
859.38	1636.00
859.56	1634.00
859.75	1596.00
859.93	1636.00
860.12	1584.00
860.30	1564.00
860.49	1633.00
860.67	1666.00
860.86	1680.00
861.04	1672.00
861.23	1598.00
861.41	1553.00
861.60	1647.00
861.78	1612.00
861.97	1596.00
862.15	1591.00
862.34	1626.00
862.53	1598.00
862.71	1522.00
862.90	1454.00
863.08	1480.00
863.27	1497.00
863.45	1485.00
863.64	1499.00
863.82	1435.00
864.01	1528.00
864.19	1478.00
864.37	1472.00
864.56	1475.00
864.74	1478.00
864.93	1544.00
865.11	1507.00
865.30	1560.00
865.48	1583.00
865.67	1421.00
865.85	1438.00
866.04	1477.00
866.22	1488.00
866.41	1502.00
866.59	1430.00
866.78	1479.00
866.96	1436.00
867.15	1458.00
867.33	1429.00
867.52	1491.00
867.70	1499.00
867.89	1376.00
868.07	1389.00
868.26	1377.00
868.44	1333.00
868.63	1383.00
868.81	1472.00
869.00	1408.00
869.18	1308.00
869.37	1370.00
869.55	1357.00
869.74	1326.00
869.92	1306.00
870.10	1356.00
870.29	1449.00
870.47	1456.00
870.66	1421.00
870.84	1387.00
871.03	1402.00
871.21	1352.00
871.40	1384.00
871.58	1447.00
871.77	1383.00
871.95	1383.00
872.14	1330.00
872.32	1342.00
872.51	1323.00
872.69	1282.00
872.87	1295.00
873.06	1329.00
873.24	1283.00
873.43	1262.00
873.61	1325.00
873.80	1354.00
873.98	1324.00
874.17	1307.00
874.35	1283.00
874.54	1294.00
874.72	1327.00
874.90	1342.00
875.09	1350.00
875.27	1241.00
875.46	1265.00
875.64	1339.00
875.83	1319.00
876.01	1345.00
876.20	1317.00
876.38	1309.00
876.56	1258.00
876.75	1240.00
876.93	1169.00
877.12	1192.00
877.30	1301.00
877.49	1347.00
877.67	1300.00
877.86	1309.00
878.04	1266.00
878.22	1348.00
878.41	1285.00
878.59	1226.00
878.78	1174.00
878.96	1269.00
879.15	1272.00
879.33	1244.00
879.51	1291.00
879.70	1281.00
879.88	1218.00
880.07	1296.00
880.25	1232.00
880.44	1270.00
880.62	1333.00
880.80	1285.00
880.99	1268.00
881.17	1266.00
881.36	1285.00
881.54	1272.00
881.73	1308.00
881.91	1280.00
882.09	1325.00
882.28	1360.00
882.46	1272.00
882.65	1232.00
882.83	1274.00
883.02	1216.00
883.20	1258.00
883.38	1190.00
883.57	1200.00
883.75	1257.00
883.94	1226.00
884.12	1279.00
884.30	1215.00
884.49	1204.00
884.67	1297.00
884.86	1291.00
885.04	1270.00
885.22	1263.00
885.41	1272.00
885.59	1236.00
885.78	1182.00
885.96	1201.00
886.14	1231.00
886.33	1244.00
886.51	1176.00
886.70	1295.00
886.88	1226.00
887.06	1240.00
887.25	1186.00
887.43	1176.00
887.62	1240.00
887.80	1229.00
887.98	1196.00
888.17	1193.00
888.35	1208.00
888.54	1262.00
888.72	1216.00
888.90	1222.00
889.09	1150.00
889.27	1130.00
889.46	1171.00
889.64	1214.00
889.82	1179.00
890.01	1241.00
890.19	1229.00
890.38	1222.00
890.56	1225.00
890.74	1208.00
890.93	1202.00
891.11	1164.00
891.29	1165.00
891.48	1242.00
891.66	1244.00
891.85	1163.00
892.03	1108.00
892.21	1151.00
892.40	1171.00
892.58	1182.00
892.76	1251.00
892.95	1198.00
893.13	1144.00
893.32	1258.00
893.50	1219.00
893.68	1200.00
893.87	1217.00
894.05	1288.00
894.23	1289.00
894.42	1207.00
894.60	1212.00
894.79	1201.00
894.97	1196.00
895.15	1237.00
895.34	1281.00
895.52	1196.00
895.70	1220.00
895.89	1292.00
896.07	1266.00
896.25	1301.00
896.44	1190.00
896.62	1238.00
896.81	1240.00
896.99	1257.00
897.17	1298.00
897.36	1347.00
897.54	1221.00
897.72	1208.00
897.91	1249.00
898.09	1297.00
898.27	1299.00
898.46	1172.00
898.64	1228.00
898.82	1310.00
899.01	1299.00
899.19	1249.00
899.37	1254.00
899.56	1324.00
899.74	1239.00
899.92	1255.00
900.11	1302.00
900.29	1295.00
900.47	1322.00
900.66	1276.00
900.84	1341.00
901.03	1297.00
901.21	1296.00
901.39	1331.00
901.58	1262.00
901.76	1298.00
901.94	1370.00
902.13	1342.00
902.31	1375.00
902.49	1315.00
902.68	1315.00
902.86	1359.00
903.04	1349.00
903.23	1323.00
903.41	1328.00
903.59	1275.00
903.78	1340.00
903.96	1339.00
904.14	1242.00
904.32	1316.00
904.51	1253.00
904.69	1330.00
904.87	1288.00
905.06	1299.00
905.24	1284.00
905.42	1374.00
905.61	1381.00
905.79	1362.00
905.97	1365.00
906.16	1380.00
906.34	1387.00
906.52	1309.00
906.71	1355.00
906.89	1322.00
907.07	1302.00
907.26	1302.00
907.44	1359.00
907.62	1356.00
907.81	1377.00
907.99	1383.00
908.17	1345.00
908.35	1264.00
908.54	1260.00
908.72	1312.00
908.90	1336.00
909.09	1386.00
909.27	1342.00
909.45	1422.00
909.64	1332.00
909.82	1374.00
910.00	1327.00
910.18	1261.00
910.37	1283.00
910.55	1242.00
910.73	1327.00
910.92	1323.00
911.10	1299.00
911.28	1355.00
911.47	1407.00
911.65	1410.00
911.83	1397.00
912.01	1360.00
912.20	1311.00
912.38	1239.00
912.56	1281.00
912.75	1299.00
912.93	1240.00
913.11	1226.00
913.29	1310.00
913.48	1386.00
913.66	1322.00
913.84	1348.00
914.03	1279.00
914.21	1255.00
914.39	1321.00
914.57	1299.00
914.76	1166.00
914.94	1192.00
915.12	1291.00
915.31	1238.00
915.49	1244.00
915.67	1235.00
915.85	1252.00
916.04	1339.00
916.22	1231.00
916.40	1246.00
916.58	1257.00
916.77	1252.00
916.95	1255.00
917.13	1277.00
917.32	1311.00
917.50	1262.00
917.68	1296.00
917.86	1230.00
918.05	1241.00
918.23	1275.00
918.41	1305.00
918.59	1292.00
918.78	1241.00
918.96	1221.00
919.14	1250.00
919.32	1268.00
919.51	1252.00
919.69	1228.00
919.87	1270.00
920.05	1267.00
920.24	1256.00
920.42	1258.00
920.60	1198.00
920.78	1207.00
920.97	1249.00
921.15	1298.00
921.33	1251.00
921.52	1205.00
921.70	1133.00
921.88	1091.00
922.06	1195.00
922.24	1231.00
922.43	1217.00
922.61	1225.00
922.79	1268.00
922.97	1228.00
923.16	1166.00
923.34	1131.00
923.52	1189.00
923.70	1210.00
923.89	1274.00
924.07	1215.00
924.25	1080.00
924.43	1160.00
924.62	1161.00
924.80	1147.00
924.98	1133.00
925.16	1132.00
925.35	1232.00
925.53	1160.00
925.71	1105.00
925.89	1214.00
926.08	1178.00
926.26	1150.00
926.44	1174.00
926.62	1134.00
926.80	1201.00
926.99	1133.00
927.17	1137.00
927.35	1029.00
927.53	1109.00
927.72	1148.00
927.90	1087.00
928.08	1134.00
928.26	1146.00
928.44	1166.00
928.63	1130.00
928.81	1099.00
928.99	1155.00
929.17	1103.00
929.36	1087.00
929.54	1101.00
929.72	1115.00
929.90	1146.00
930.08	1110.00
930.27	1135.00
930.45	1076.00
930.63	1004.00
930.81	1071.00
930.99	1087.00
931.18	1047.00
931.36	992.00
931.54	1050.00
931.72	1009.00
931.90	1006.00
932.09	1063.00
932.27	1074.00
932.45	1085.00
932.63	1008.00
932.81	1007.00
933.00	1045.00
933.18	1033.00
933.36	1004.00
933.54	940.00
933.72	1000.00
933.91	971.00
934.09	1047.00
934.27	966.00
934.45	922.00
934.63	962.00
934.82	920.00
935.00	893.00
935.18	947.00
935.36	979.00
935.54	911.00
935.73	882.00
935.91	882.00
936.09	891.00
936.27	841.00
936.45	835.00
936.64	807.00
936.82	739.00
937.00	814.00
937.18	773.00
937.36	755.00
937.54	771.00
937.73	765.00
937.91	783.00
938.09	813.00
938.27	758.00
938.45	737.00
938.63	689.00
938.82	638.00
939.00	655.00
939.18	749.00
939.36	711.00
939.54	682.00
939.73	613.00
939.91	577.00
940.09	586.00
940.27	615.00
940.45	629.00
940.63	542.00
940.82	608.00
941.00	659.00
941.18	616.00
941.36	602.00
941.54	615.00
941.72	560.00
941.91	556.00
942.09	592.00
942.27	633.00
942.45	594.00
942.63	606.00
942.81	560.00
942.99	476.00
943.18	464.00
943.36	499.00
943.54	561.00
943.72	568.00
943.90	558.00
944.08	564.00
944.27	568.00
944.45	572.00
944.63	560.00
944.81	497.00
944.99	480.00
945.17	478.00
945.35	546.00
945.54	500.00
945.72	548.00
945.90	534.00
946.08	469.00
946.26	461.00
946.44	534.00
946.62	482.00
946.81	441.00
946.99	534.00
947.17	522.00
947.35	511.00
947.53	551.00
947.71	488.00
947.89	501.00
948.07	499.00
948.26	476.00
948.44	534.00
948.62	528.00
948.80	519.00
948.98	560.00
949.16	534.00
949.34	483.00
949.53	544.00
949.71	494.00
949.89	560.00
950.07	581.00
950.25	579.00
950.43	572.00
950.61	527.00
950.79	572.00
950.98	576.00
951.16	552.00
951.34	608.00
951.52	571.00
951.70	490.00
951.88	506.00
952.06	508.00
952.24	552.00
952.42	471.00
952.61	457.00
952.79	505.00
952.97	498.00
953.15	518.00
953.33	518.00
953.51	476.00
953.69	504.00
953.87	505.00
954.05	459.00
954.24	535.00
954.42	548.00
954.60	478.00
954.78	439.00
954.96	560.00
955.14	549.00
955.32	476.00
955.50	513.00
955.68	514.00
955.86	518.00
956.05	543.00
956.23	554.00
956.41	517.00
956.59	509.00
956.77	575.00
956.95	551.00
957.13	505.00
957.31	477.00
957.49	490.00
957.67	486.00
957.86	429.00
958.04	419.00
958.22	481.00
958.40	517.00
958.58	477.00
958.76	554.00
958.94	504.00
959.12	483.00
959.30	501.00
959.48	505.00
959.66	495.00
959.84	474.00
960.03	544.00
960.21	464.00
960.39	449.00
960.57	470.00
960.75	449.00
960.93	476.00
961.11	454.00
961.29	446.00
961.47	511.00
961.65	619.00
961.83	502.00
962.01	507.00
962.19	563.00
962.37	570.00
962.56	442.00
962.74	429.00
962.92	437.00
963.10	450.00
963.28	369.00
963.46	425.00
963.64	484.00
963.82	411.00
964.00	467.00
964.18	555.00
964.36	511.00
964.54	502.00
964.72	405.00
964.90	427.00
965.08	512.00
965.27	491.00
965.45	421.00
965.63	487.00
965.81	492.00
965.99	466.00
966.17	428.00
966.35	484.00
966.53	445.00
966.71	460.00
966.89	445.00
967.07	436.00
967.25	406.00
967.43	396.00
967.61	402.00
967.79	396.00
967.97	432.00
968.15	419.00
968.33	416.00
968.51	419.00
968.69	458.00
968.87	438.00
969.06	438.00
969.24	446.00
969.42	392.00
969.60	449.00
969.78	453.00
969.96	457.00
970.14	443.00
970.32	512.00
970.50	501.00
970.68	416.00
970.86	405.00
971.04	417.00
971.22	374.00
971.40	377.00
971.58	442.00
971.76	474.00
971.94	400.00
972.12	445.00
972.30	420.00
972.48	485.00
972.66	385.00
972.84	434.00
973.02	441.00
973.20	428.00
973.38	382.00
973.56	399.00
973.74	487.00
973.92	395.00
974.10	376.00
974.28	367.00
974.46	420.00
974.64	341.00
974.82	343.00
975.00	418.00
975.18	398.00
975.36	388.00
975.54	383.00
975.72	400.00
975.90	403.00
976.08	319.00
976.26	370.00
976.44	387.00
976.62	412.00
976.80	354.00
976.98	414.00
977.16	449.00
977.34	444.00
977.52	422.00
977.70	395.00
977.88	377.00
978.06	369.00
978.24	282.00
978.42	339.00
978.60	339.00
978.78	316.00
978.96	358.00
979.14	329.00
979.32	331.00
979.50	407.00
979.68	442.00
979.86	455.00
980.04	382.00
980.22	330.00
980.40	320.00
980.58	331.00
980.76	444.00
980.94	403.00
981.12	369.00
981.30	382.00
981.48	352.00
981.66	348.00
981.84	395.00
982.02	371.00
982.20	355.00
982.38	334.00
982.56	354.00
982.74	458.00
982.92	431.00
983.10	386.00
983.28	379.00
983.46	339.00
983.64	373.00
983.82	352.00
984.00	339.00
984.18	300.00
984.36	371.00
984.54	355.00
984.72	286.00
984.90	339.00
985.08	294.00
985.26	290.00
985.44	269.00
985.62	279.00
985.80	291.00
985.98	289.00
986.16	261.00
986.34	297.00
986.51	345.00
986.69	299.00
986.87	249.00
987.05	276.00
987.23	275.00
987.41	322.00
987.59	335.00
987.77	371.00
987.95	368.00
988.13	273.00
988.31	291.00
988.49	336.00
988.67	338.00
988.85	278.00
989.03	317.00
989.21	292.00
989.39	308.00
989.57	317.00
989.75	329.00
989.93	296.00
990.11	286.00
990.28	252.00
990.46	306.00
990.64	310.00
990.82	336.00
991.00	297.00
991.18	276.00
991.36	309.00
991.54	291.00
991.72	318.00
991.90	286.00
992.08	278.00
992.26	320.00
992.44	296.00
992.62	283.00
992.80	295.00
992.98	313.00
993.15	266.00
993.33	314.00
993.51	348.00
993.69	233.00
993.87	236.00
994.05	259.00
994.23	287.00
994.41	338.00
994.59	268.00
994.77	236.00
994.95	205.00
995.13	270.00
995.31	317.00
995.48	296.00
995.66	318.00
995.84	265.00
996.02	233.00
996.20	274.00
996.38	254.00
996.56	205.00
996.74	219.00
996.92	253.00
997.10	249.00
997.28	317.00
997.46	345.00
997.63	243.00
997.81	178.00
997.99	291.00
998.17	260.00
998.35	246.00
998.53	247.00
998.71	289.00
998.89	233.00
999.07	246.00
999.25	227.00
999.43	259.00
999.60	236.00
999.78	218.00
999.96	195.00
1000.14	232.00
1000.32	225.00
1000.50	276.00
1000.68	299.00
1000.86	321.00
1001.04	256.00
1001.21	246.00
1001.39	244.00
1001.57	236.00
1001.75	277.00
1001.93	278.00
1002.11	229.00
1002.29	192.00
1002.47	244.00
1002.65	267.00
1002.82	243.00
1003.00	121.00
1003.18	172.00
1003.36	254.00
1003.54	230.00
1003.72	303.00
1003.90	228.00
1004.08	228.00
1004.26	237.00
1004.43	211.00
1004.61	183.00
1004.79	214.00
1004.97	220.00
1005.15	201.00
1005.33	209.00
1005.51	256.00
1005.69	247.00
1005.86	222.00
1006.04	219.00
1006.22	203.00
1006.40	194.00
1006.58	190.00
1006.76	133.00
1006.94	225.00
1007.12	189.00
1007.29	197.00
1007.47	161.00
1007.65	157.00
1007.83	206.00
1008.01	234.00
1008.19	240.00
1008.37	207.00
1008.54	161.00
1008.72	121.00
1008.90	263.00
1009.08	234.00
1009.26	257.00
1009.44	220.00
1009.62	166.00
1009.79	207.00
1009.97	197.00
1010.15	214.00
1010.33	208.00
1010.51	173.00
1010.69	200.00
1010.87	247.00
1011.04	271.00
1011.22	166.00
1011.40	170.00
1011.58	234.00
1011.76	211.00
1011.94	163.00
1012.11	171.00
1012.29	221.00
1012.47	215.00
1012.65	159.00
1012.83	164.00
1013.01	187.00
1013.18	68.00
1013.36	201.00
1013.54	252.00
1013.72	240.00
1013.90	227.00
1014.08	280.00
1014.25	207.00
1014.43	162.00
1014.61	174.00
1014.79	167.00
1014.97	182.00
1015.15	190.00
1015.32	183.00
1015.50	179.00
1015.68	199.00
1015.86	211.00
1016.04	211.00
1016.22	270.00
1016.39	234.00
1016.57	210.00
1016.75	145.00
1016.93	192.00
1017.11	215.00
1017.29	237.00
1017.46	239.00
1017.64	204.00
1017.82	204.00
1018.00	212.00
1018.18	213.00
1018.35	235.00
1018.53	274.00
1018.71	222.00
1018.89	216.00
1019.07	240.00
1019.24	254.00
1019.42	197.00
1019.60	245.00
1019.78	266.00
1019.96	228.00
1020.14	221.00
1020.31	223.00
1020.49	267.00
1020.67	227.00
1020.85	142.00
1021.03	199.00
1021.20	162.00
1021.38	179.00
1021.56	161.00
1021.74	131.00
1021.92	181.00
1022.09	163.00
1022.27	217.00
1022.45	198.00
1022.63	117.00
1022.81	141.00
1022.98	190.00
1023.16	168.00
1023.34	131.00
1023.52	209.00
1023.69	176.00
1023.87	149.00
1024.05	176.00
1024.23	175.00
1024.41	147.00
1024.58	160.00
1024.76	219.00
1024.94	216.00
1025.12	219.00
1025.30	155.00
1025.47	166.00
1025.65	183.00
1025.83	228.00
1026.01	212.00
1026.18	238.00
1026.36	99.00
1026.54	154.00
1026.72	152.00
1026.90	184.00
1027.07	153.00
1027.25	210.00
1027.43	205.00
1027.61	144.00
1027.78	156.00
1027.96	197.00
1028.14	243.00
1028.32	228.00
1028.49	156.00
1028.67	160.00
1028.85	111.00
1029.03	125.00
1029.21	130.00
1029.38	122.00
1029.56	144.00
1029.74	145.00
1029.92	194.00
1030.09	169.00
1030.27	137.00
1030.45	202.00
1030.63	222.00
1030.80	217.00
1030.98	187.00
1031.16	138.00
1031.34	91.00
1031.51	181.00
1031.69	178.00
1031.87	162.00
1032.05	159.00
1032.22	148.00
1032.40	183.00
1032.58	167.00
1032.76	149.00
1032.93	111.00
1033.11	134.00
1033.29	153.00
1033.47	181.00
1033.64	201.00
1033.82	188.00
1034.00	157.00
1034.18	192.00
1034.35	156.00
1034.53	111.00
1034.71	108.00
1034.89	199.00
1035.06	240.00
1035.24	176.00
1035.42	122.00
1035.59	120.00
1035.77	135.00
1035.95	156.00
1036.13	150.00
1036.30	99.00
1036.48	136.00
1036.66	145.00
1036.84	102.00
1037.01	163.00
1037.19	194.00
1037.37	224.00
1037.54	153.00
1037.72	75.00
1037.90	46.00
1038.08	181.00
1038.25	168.00
1038.43	126.00
1038.61	124.00
1038.79	103.00
1038.96	83.00
1039.14	112.00
1039.32	133.00
1039.49	108.00
1039.67	109.00
1039.85	154.00
1040.03	174.00
1040.20	122.00
1040.38	68.00
1040.56	105.00
1040.73	119.00
1040.91	123.00
1041.09	145.00
1041.27	182.00
1041.44	216.00
1041.62	107.00
1041.80	134.00
1041.97	174.00
1042.15	125.00
1042.33	128.00
1042.50	89.00
1042.68	113.00
1042.86	165.00
1043.04	104.00
1043.21	138.00
1043.39	153.00
1043.57	151.00
1043.74	185.00
1043.92	134.00
1044.10	77.00
1044.27	114.00
1044.45	123.00
1044.63	35.00
1044.80	93.00
1044.98	156.00
1045.16	185.00
1045.34	177.00
1045.51	162.00
1045.69	72.00
1045.87	70.00
1046.04	158.00
1046.22	190.00
1046.40	61.00
1046.57	66.00
1046.75	115.00
1046.93	99.00
1047.10	123.00
1047.28	86.00
1047.46	101.00
1047.63	175.00
1047.81	153.00
1047.99	90.00
1048.16	159.00
1048.34	183.00
1048.52	148.00
1048.69	159.00
1048.87	163.00
1049.05	124.00
1049.22	156.00
1049.40	198.00
1049.58	145.00
1049.75	139.00
1049.93	100.00
1050.11	54.00
1050.28	159.00
1050.46	184.00
1050.64	123.00
1050.81	150.00
1050.99	99.00
1051.17	107.00
1051.34	152.00
1051.52	60.00
1051.70	73.00
1051.87	123.00
1052.05	164.00
1052.23	98.00
1052.40	98.00
1052.58	86.00
1052.76	78.00
1052.93	132.00
1053.11	75.00
1053.29	153.00
1053.46	143.00
1053.64	87.00
1053.82	26.00
1053.99	141.00
1054.17	168.00
1054.35	152.00
1054.52	91.00
1054.70	73.00
1054.87	117.00
1055.05	100.00
1055.23	106.00
1055.40	63.00
1055.58	56.00
1055.76	85.00
1055.93	104.00
1056.11	87.00
1056.29	99.00
1056.46	126.00
1056.64	72.00
1056.81	78.00
1056.99	87.00
1057.17	93.00
1057.34	123.00
1057.52	148.00
1057.70	111.00
1057.87	74.00
1058.05	59.00
1058.22	90.00
1058.40	108.00
1058.58	185.00
1058.75	107.00
1058.93	75.00
1059.11	113.00
1059.28	76.00
1059.46	72.00
1059.63	53.00
1059.81	103.00
1059.99	145.00
1060.16	70.00
1060.34	54.00
1060.52	117.00
1060.69	83.00
1060.87	115.00
1061.04	119.00
1061.22	71.00
