367.62	398.00
367.82	353.00
368.02	363.00
368.23	293.00
368.43	304.00
368.63	317.00
368.83	335.00
369.04	321.00
369.24	316.00
369.44	408.00
369.65	418.00
369.85	390.00
370.05	400.00
370.25	374.00
370.46	368.00
370.66	331.00
370.86	389.00
371.07	446.00
371.27	443.00
371.47	472.00
371.67	482.00
371.88	489.00
372.08	493.00
372.28	501.00
372.49	490.00
372.69	501.00
372.89	479.00
373.09	478.00
373.30	536.00
373.50	563.00
373.70	551.00
373.91	605.00
374.11	591.00
374.31	538.00
374.51	552.00
374.72	608.00
374.92	714.00
375.12	657.00
375.33	591.00
375.53	678.00
375.73	710.00
375.93	637.00
376.14	660.00
376.34	608.00
376.54	713.00
376.74	733.00
376.95	737.00
377.15	742.00
377.35	762.00
377.55	720.00
377.76	819.00
377.96	786.00
378.16	825.00
378.37	819.00
378.57	762.00
378.77	871.00
378.97	793.00
379.18	743.00
379.38	828.00
379.58	845.00
379.78	887.00
379.99	824.00
380.19	825.00
380.39	946.00
380.59	894.00
380.80	826.00
381.00	782.00
381.20	869.00
381.40	927.00
381.61	837.00
381.81	879.00
382.01	891.00
382.21	855.00
382.42	828.00
382.62	815.00
382.82	842.00
383.02	964.00
383.23	932.00
383.43	932.00
383.63	851.00
383.83	849.00
384.04	928.00
384.24	890.00
384.44	924.00
384.64	914.00
384.85	877.00
385.05	930.00
385.25	931.00
385.45	932.00
385.66	917.00
385.86	897.00
386.06	925.00
386.26	934.00
386.47	904.00
386.67	922.00
386.87	921.00
387.07	894.00
387.27	967.00
387.48	972.00
387.68	941.00
387.88	954.00
388.08	895.00
388.29	943.00
388.49	992.00
388.69	999.00
388.89	1053.00
389.10	1078.00
389.30	1053.00
389.50	1050.00
389.70	1019.00
389.90	1011.00
390.11	1067.00
390.31	1102.00
390.51	1147.00
390.71	1187.00
390.92	1153.00
391.12	1171.00
391.32	1187.00
391.52	1206.00
391.72	1157.00
391.93	1131.00
392.13	1125.00
392.33	1289.00
392.53	1269.00
392.74	1316.00
392.94	1330.00
393.14	1334.00
393.34	1304.00
393.54	1374.00
393.75	1378.00
393.95	1379.00
394.15	1355.00
394.35	1422.00
394.56	1465.00
394.76	1449.00
394.96	1578.00
395.16	1548.00
395.36	1607.00
395.57	1666.00
395.77	1632.00
395.97	1681.00
396.17	1670.00
396.37	1730.00
396.58	1749.00
396.78	1796.00
396.98	1832.00
397.18	1915.00
397.38	1865.00
397.59	1845.00
397.79	1940.00
397.99	1984.00
398.19	2068.00
398.39	2053.00
398.60	2041.00
398.80	2096.00
399.00	2064.00
399.20	2228.00
399.40	2256.00
399.61	2405.00
399.81	2316.00
400.01	2328.00
400.21	2428.00
400.41	2436.00
400.62	2456.00
400.82	2466.00
401.02	2538.00
401.22	2506.00
401.42	2506.00
401.63	2586.00
401.83	2697.00
402.03	2711.00
402.23	2783.00
402.43	2827.00
402.64	2859.00
402.84	2881.00
403.04	2883.00
403.24	2924.00
403.44	2971.00
403.64	2923.00
403.85	3016.00
404.05	3059.00
404.25	3052.00
404.45	3080.00
404.65	3169.00
404.86	3128.00
405.06	3092.00
405.26	3050.00
405.46	3026.00
405.66	3038.00
405.86	3128.00
406.07	3124.00
406.27	3207.00
406.47	3261.00
406.67	3245.00
406.87	3228.00
407.07	3208.00
407.28	3164.00
407.48	3148.00
407.68	3221.00
407.88	3424.00
408.08	3324.00
408.28	3276.00
408.49	3320.00
408.69	3247.00
408.89	3312.00
409.09	3436.00
409.29	3428.00
409.49	3384.00
409.70	3437.00
409.90	3510.00
410.10	3422.00
410.30	3370.00
410.50	3398.00
410.70	3267.00
410.91	3319.00
411.11	3415.00
411.31	3469.00
411.51	3417.00
411.71	3459.00
411.91	3468.00
412.12	3609.00
412.32	3600.00
412.52	3556.00
412.72	3621.00
412.92	3584.00
413.12	3631.00
413.32	3612.00
413.53	3720.00
413.73	3759.00
413.93	3692.00
414.13	3727.00
414.33	3762.00
414.53	3702.00
414.74	3847.00
414.94	3848.00
415.14	3885.00
415.34	3905.00
415.54	3959.00
415.74	3886.00
415.94	3940.00
416.15	3976.00
416.35	4047.00
416.55	4138.00
416.75	4171.00
416.95	4184.00
417.15	4172.00
417.35	4288.00
417.56	4367.00
417.76	4421.00
417.96	4444.00
418.16	4452.00
418.36	4512.00
418.56	4541.00
418.76	4457.00
418.97	4614.00
419.17	4722.00
419.37	4798.00
419.57	4763.00
419.77	4802.00
419.97	4797.00
420.17	4919.00
420.37	5011.00
420.58	5031.00
420.78	5033.00
420.98	5198.00
421.18	5223.00
421.38	5193.00
421.58	5230.00
421.78	5369.00
421.98	5509.00
422.19	5617.00
422.39	5680.00
422.59	5715.00
422.79	5641.00
422.99	5721.00
423.19	5793.00
423.39	5974.00
423.59	6097.00
423.80	6161.00
424.00	6265.00
424.20	6328.00
424.40	6405.00
424.60	6436.00
424.80	6497.00
425.00	6640.00
425.20	6648.00
425.40	6633.00
425.61	6710.00
425.81	6798.00
426.01	6852.00
426.21	7036.00
426.41	7130.00
426.61	7233.00
426.81	7103.00
427.01	7276.00
427.21	7280.00
427.42	7407.00
427.62	7494.00
427.82	7487.00
428.02	7554.00
428.22	7630.00
428.42	7655.00
428.62	7695.00
428.82	7788.00
429.02	7817.00
429.23	7731.00
429.43	7855.00
429.63	7848.00
429.83	7976.00
430.03	7970.00
430.23	7942.00
430.43	8103.00
430.63	8178.00
430.83	8012.00
431.03	7999.00
431.24	8133.00
431.44	8142.00
431.64	8097.00
431.84	8256.00
432.04	8174.00
432.24	8151.00
432.44	8271.00
432.64	8116.00
432.84	8030.00
433.04	8067.00
433.24	8126.00
433.45	8250.00
433.65	8092.00
433.85	8131.00
434.05	7999.00
434.25	8067.00
434.45	8085.00
434.65	8194.00
434.85	8131.00
435.05	8240.00
435.25	8094.00
435.45	7976.00
435.65	7903.00
435.86	7926.00
436.06	7936.00
436.26	8077.00
436.46	8124.00
436.66	8052.00
436.86	7971.00
437.06	7950.00
437.26	7943.00
437.46	7818.00
437.66	7914.00
437.86	7800.00
438.06	7775.00
438.26	7743.00
438.47	7761.00
438.67	7815.00
438.87	7694.00
439.07	7543.00
439.27	7720.00
439.47	7937.00
439.67	7848.00
439.87	7775.00
440.07	7771.00
440.27	7820.00
440.47	7864.00
440.67	7714.00
440.87	7678.00
441.07	7672.00
441.27	7702.00
441.48	7830.00
441.68	7977.00
441.88	7967.00
442.08	7892.00
442.28	7965.00
442.48	7847.00
442.68	7909.00
442.88	7915.00
443.08	7934.00
443.28	8073.00
443.48	7992.00
443.68	8067.00
443.88	8131.00
444.08	8245.00
444.28	8255.00
444.48	8140.00
444.68	8184.00
444.88	8249.00
445.09	8053.00
445.29	8274.00
445.49	8460.00
445.69	8484.00
445.89	8424.00
446.09	8457.00
446.29	8521.00
446.49	8630.00
446.69	8532.00
446.89	8718.00
447.09	8761.00
447.29	8760.00
447.49	8863.00
447.69	8936.00
447.89	9137.00
448.09	9107.00
448.29	9180.00
448.49	9155.00
448.69	9136.00
448.89	9277.00
449.09	9255.00
449.29	9432.00
449.49	9651.00
449.70	9618.00
449.90	9855.00
450.10	9869.00
450.30	9946.00
450.50	10055.00
450.70	10101.00
450.90	10154.00
451.10	10437.00
451.30	10389.00
451.50	10545.00
451.70	10644.00
451.90	10611.00
452.10	10829.00
452.30	10879.00
452.50	11028.00
452.70	11068.00
452.90	11268.00
453.10	11347.00
453.30	11303.00
453.50	11372.00
453.70	11636.00
453.90	11800.00
454.10	11857.00
454.30	12053.00
454.50	12100.00
454.70	12104.00
454.90	12226.00
455.10	12370.00
455.30	12476.00
455.50	12472.00
455.70	12686.00
455.90	12869.00
456.10	13091.00
456.30	13158.00
456.50	13218.00
456.70	13265.00
456.90	13303.00
457.10	13595.00
457.30	13669.00
457.50	13739.00
457.70	13641.00
457.90	13768.00
458.10	13773.00
458.30	13925.00
458.50	13981.00
458.70	14111.00
458.90	14252.00
459.10	14283.00
459.30	14429.00
459.50	14334.00
459.70	14296.00
459.90	14382.00
460.10	14588.00
460.30	14657.00
460.50	14685.00
460.70	14624.00
460.90	14725.00
461.10	14748.00
461.30	14705.00
461.50	14683.00
461.70	14820.00
461.90	15014.00
462.10	14972.00
462.30	15163.00
462.50	15100.00
462.70	14976.00
462.90	14931.00
463.10	14994.00
463.30	15117.00
463.50	15040.00
463.70	15182.00
463.90	15046.00
464.10	15073.00
464.30	15007.00
464.50	14966.00
464.70	15039.00
464.90	15195.00
465.10	15104.00
465.30	15094.00
465.50	15107.00
465.70	15059.00
465.90	14916.00
466.10	14852.00
466.30	14937.00
466.50	14745.00
466.70	14715.00
466.90	14666.00
467.10	14740.00
467.30	14722.00
467.50	14826.00
467.70	14469.00
467.90	14509.00
468.10	14664.00
468.30	14623.00
468.50	14611.00
468.70	14449.00
468.90	14368.00
469.10	14450.00
469.30	14348.00
469.50	14378.00
469.70	14447.00
469.90	14422.00
470.10	14585.00
470.30	14346.00
470.50	14169.00
470.70	14150.00
470.90	14107.00
471.10	14041.00
471.29	14083.00
471.49	13971.00
471.69	14083.00
471.89	14176.00
472.09	14163.00
472.29	14001.00
472.49	14194.00
472.69	14282.00
472.89	14228.00
473.09	14277.00
473.29	14135.00
473.49	14085.00
473.69	13985.00
473.89	14038.00
474.09	14113.00
474.29	14138.00
474.49	14137.00
474.69	14161.00
474.89	14161.00
475.09	14299.00
475.29	14353.00
475.49	14164.00
475.69	14205.00
475.88	14236.00
476.08	14214.00
476.28	14393.00
476.48	14426.00
476.68	14510.00
476.88	14338.00
477.08	14405.00
477.28	14391.00
477.48	14389.00
477.68	14517.00
477.88	14523.00
478.08	14584.00
478.28	14675.00
478.48	14776.00
478.68	14881.00
478.88	14965.00
479.08	14908.00
479.28	14837.00
479.47	14928.00
479.67	15168.00
479.87	15213.00
480.07	15228.00
480.27	15317.00
480.47	15226.00
480.67	15226.00
480.87	15410.00
481.07	15480.00
481.27	15903.00
481.47	15841.00
481.67	15929.00
481.87	15967.00
482.07	16022.00
482.27	16036.00
482.46	16049.00
482.66	16188.00
482.86	16451.00
483.06	16493.00
483.26	16644.00
483.46	16404.00
483.66	16618.00
483.86	16975.00
484.06	16880.00
484.26	16914.00
484.46	17180.00
484.66	17457.00
484.86	17471.00
485.05	17546.00
485.25	17517.00
485.45	17678.00
485.65	17887.00
485.85	18017.00
486.05	18101.00
486.25	18506.00
486.45	18725.00
486.65	18729.00
486.85	18674.00
487.05	18662.00
487.25	18787.00
487.44	19148.00
487.64	19424.00
487.84	19615.00
488.04	19925.00
488.24	19853.00
488.44	19828.00
488.64	20056.00
488.84	20223.00
489.04	20357.00
489.24	20463.00
489.43	20798.00
489.63	20874.00
489.83	20989.00
490.03	21161.00
490.23	21224.00
490.43	21443.00
490.63	21703.00
490.83	21964.00
491.03	21992.00
491.23	22196.00
491.42	22247.00
491.62	22302.00
491.82	22258.00
492.02	22590.00
492.22	22624.00
492.42	22781.00
492.62	23009.00
492.82	23135.00
493.02	23521.00
493.22	23440.00
493.41	23361.00
493.61	23735.00
493.81	23821.00
494.01	24049.00
494.21	24372.00
494.41	24535.00
494.61	24762.00
494.81	24766.00
495.01	24976.00
495.20	24828.00
495.40	24807.00
495.60	24909.00
495.80	25039.00
496.00	25246.00
496.20	25558.00
496.40	25585.00
496.60	25626.00
496.79	25575.00
496.99	25563.00
497.19	25627.00
497.39	25616.00
497.59	25511.00
497.79	25972.00
497.99	25886.00
498.19	25931.00
498.38	25958.00
498.58	25989.00
498.78	25902.00
498.98	25953.00
499.18	26050.00
499.38	26145.00
499.58	26370.00
499.78	26473.00
499.97	26359.00
500.17	26363.00
500.37	26149.00
500.57	26073.00
500.77	26214.00
500.97	26208.00
501.17	26203.00
501.37	26396.00
501.56	26625.00
501.76	26227.00
501.96	26290.00
502.16	26057.00
502.36	25830.00
502.56	25942.00
502.76	26054.00
502.95	26079.00
503.15	26329.00
503.35	25885.00
503.55	25809.00
503.75	25731.00
503.95	25773.00
504.15	25773.00
504.34	25690.00
504.54	25795.00
504.74	25796.00
504.94	25698.00
505.14	25721.00
505.34	25753.00
505.54	25512.00
505.73	25406.00
505.93	25529.00
506.13	25498.00
506.33	25378.00
506.53	25342.00
506.73	24965.00
506.92	24880.00
507.12	24995.00
507.32	25093.00
507.52	25021.00
507.72	24683.00
507.92	24840.00
508.12	25114.00
508.31	25040.00
508.51	24892.00
508.71	24897.00
508.91	24692.00
509.11	24593.00
509.31	24588.00
509.50	24596.00
509.70	24445.00
509.90	24630.00
510.10	24437.00
510.30	24384.00
510.50	24490.00
510.69	24352.00
510.89	24285.00
511.09	24201.00
511.29	24338.00
511.49	24307.00
511.69	24434.00
511.88	24505.00
512.08	24574.00
512.28	24455.00
512.48	24411.00
512.68	24379.00
512.88	24032.00
513.07	24311.00
513.27	24248.00
513.47	24353.00
513.67	24197.00
513.87	24304.00
514.06	24246.00
514.26	24194.00
514.46	23995.00
514.66	24081.00
514.86	24124.00
515.06	24123.00
515.25	24217.00
515.45	24363.00
515.65	24598.00
515.85	24608.00
516.05	24645.00
516.24	24543.00
516.44	24323.00
516.64	24311.00
516.84	24534.00
517.04	24771.00
517.23	24961.00
517.43	24910.00
517.63	24909.00
517.83	25103.00
518.03	25034.00
518.23	24824.00
518.42	24829.00
518.62	25109.00
518.82	25383.00
519.02	25321.00
519.22	25254.00
519.41	25488.00
519.61	25686.00
519.81	25473.00
520.01	25443.00
520.21	25631.00
520.40	25668.00
520.60	25975.00
520.80	26101.00
521.00	26252.00
521.20	26293.00
521.39	26152.00
521.59	26462.00
521.79	26552.00
521.99	26478.00
522.19	26570.00
522.38	26640.00
522.58	26935.00
522.78	27218.00
522.98	27071.00
523.17	27133.00
523.37	27502.00
523.57	27375.00
523.77	27451.00
523.97	27337.00
524.16	27655.00
524.36	28223.00
524.56	28595.00
524.76	28787.00
524.96	28632.00
525.15	28886.00
525.35	28916.00
525.55	28720.00
525.75	28893.00
525.94	29194.00
526.14	29239.00
526.34	29414.00
526.54	29916.00
526.74	30064.00
526.93	30277.00
527.13	30480.00
527.33	30345.00
527.53	30388.00
527.72	30548.00
527.92	30712.00
528.12	31084.00
528.32	31173.00
528.52	31470.00
528.71	31298.00
528.91	31544.00
529.11	32098.00
529.31	32131.00
529.50	32445.00
529.70	32291.00
529.90	32232.00
530.10	32643.00
530.29	33050.00
530.49	33257.00
530.69	33435.00
530.89	33818.00
531.09	33975.00
531.28	34131.00
531.48	34268.00
531.68	34617.00
531.88	34891.00
532.07	35112.00
532.27	35321.00
532.47	35592.00
532.67	35427.00
532.86	35550.00
533.06	35526.00
533.26	35727.00
533.46	35884.00
533.65	36163.00
533.85	36223.00
534.05	36571.00
534.25	36849.00
534.44	37144.00
534.64	37039.00
534.84	36971.00
535.04	37180.00
535.23	37264.00
535.43	37368.00
535.63	37836.00
535.83	37846.00
536.02	38270.00
536.22	38406.00
536.42	38236.00
536.62	38200.00
536.81	38207.00
537.01	38521.00
537.21	38845.00
537.41	38798.00
537.60	38996.00
537.80	39110.00
538.00	39313.00
538.20	39740.00
538.39	39683.00
538.59	39482.00
538.79	39609.00
538.99	39680.00
539.18	39680.00
539.38	39844.00
539.58	40035.00
539.77	40181.00
539.97	40564.00
540.17	40286.00
540.37	40094.00
540.56	40458.00
540.76	40306.00
540.96	40254.00
541.16	40299.00
541.35	40367.00
541.55	40757.00
541.75	40785.00
541.94	41045.00
542.14	40989.00
542.34	40815.00
542.54	40772.00
542.73	40731.00
542.93	40911.00
543.13	40797.00
543.33	40527.00
543.52	40550.00
543.72	40663.00
543.92	41103.00
544.11	41019.00
544.31	40612.00
544.51	40567.00
544.71	40605.00
544.90	40546.00
545.10	40388.00
545.30	39964.00
545.49	40155.00
545.69	40305.00
545.89	40383.00
546.09	40448.00
546.28	40296.00
546.48	40082.00
546.68	39792.00
546.87	39697.00
547.07	39568.00
547.27	39364.00
547.47	39465.00
547.66	39622.00
547.86	39619.00
548.06	39696.00
548.25	39652.00
548.45	39831.00
548.65	39569.00
548.84	39458.00
549.04	39142.00
549.24	38878.00
549.44	39169.00
549.63	39187.00
549.83	39159.00
550.03	39347.00
550.22	39261.00
550.42	38933.00
550.62	38855.00
550.81	38747.00
551.01	38536.00
551.21	38227.00
551.41	38226.00
551.60	38236.00
551.80	38208.00
552.00	38158.00
552.19	38395.00
552.39	38059.00
552.59	38226.00
552.78	38150.00
552.98	37811.00
553.18	37622.00
553.37	37341.00
553.57	37411.00
553.77	37269.00
553.96	37281.00
554.16	37609.00
554.36	37374.00
554.56	37192.00
554.75	36966.00
554.95	36916.00
555.15	37026.00
555.34	36609.00
555.54	36702.00
555.74	36741.00
555.93	36736.00
556.13	36971.00
556.33	36940.00
556.52	36865.00
556.72	36459.00
556.92	36324.00
557.11	36059.00
557.31	35556.00
557.51	35024.00
557.70	34581.00
557.90	33998.00
558.10	33825.00
558.29	33416.00
558.49	33012.00
558.69	32875.00
558.88	33451.00
559.08	34227.00
559.28	34038.00
559.47	33850.00
559.67	33759.00
559.87	33730.00
560.06	33819.00
560.26	33543.00
560.46	33455.00
560.65	33513.00
560.85	33899.00
561.05	34216.00
561.24	34300.00
561.44	34270.00
561.64	34151.00
561.83	34520.00
562.03	34648.00
562.23	34758.00
562.42	34953.00
562.62	35189.00
562.82	35398.00
563.01	35612.00
563.21	35703.00
563.40	35385.00
563.60	35297.00
563.80	35523.00
563.99	35628.00
564.19	35548.00
564.39	35959.00
564.58	36346.00
564.78	36139.00
564.98	36106.00
565.17	35888.00
565.37	35959.00
565.57	35979.00
565.76	35901.00
565.96	36183.00
566.16	36124.00
566.35	36578.00
566.55	36503.00
566.74	36647.00
566.94	37223.00
567.14	38084.00
567.33	38659.00
567.53	39082.00
567.73	39567.00
567.92	38827.00
568.12	38354.00
568.32	38121.00
568.51	37795.00
568.71	38096.00
568.90	38330.00
569.10	38493.00
569.30	38601.00
569.49	38914.00
569.69	38598.00
569.89	38337.00
570.08	38289.00
570.28	38050.00
570.47	37831.00
570.67	38009.00
570.87	37886.00
571.06	38019.00
571.26	38147.00
571.46	38329.00
571.65	38308.00
571.85	38657.00
572.04	39049.00
572.24	38838.00
572.44	38940.00
572.63	39042.00
572.83	39320.00
573.03	38826.00
573.22	39073.00
573.42	39442.00
573.61	39841.00
573.81	39996.00
574.01	40277.00
574.20	40592.00
574.40	40577.00
574.59	40968.00
574.79	41026.00
574.99	41106.00
575.18	41104.00
575.38	40960.00
575.58	41304.00
575.77	41569.00
575.97	42159.00
576.16	42268.00
576.36	42380.00
576.56	42738.00
576.75	42759.00
576.95	42499.00
577.14	42618.00
577.34	42630.00
577.54	42563.00
577.73	42866.00
577.93	42909.00
578.12	43413.00
578.32	43843.00
578.52	43909.00
578.71	44145.00
578.91	44277.00
579.10	44290.00
579.30	44421.00
579.50	44652.00
579.69	44482.00
579.89	44810.00
580.08	44929.00
580.28	45167.00
580.48	45420.00
580.67	45657.00
580.87	45899.00
581.06	46321.00
581.26	46523.00
581.45	46528.00
581.65	46677.00
581.85	46764.00
582.04	46492.00
582.24	46451.00
582.43	46810.00
582.63	47289.00
582.83	47558.00
583.02	47672.00
583.22	47898.00
583.41	48147.00
583.61	48422.00
583.80	48145.00
584.00	48356.00
584.20	48475.00
584.39	48449.00
584.59	48593.00
584.78	48558.00
584.98	48812.00
585.17	49010.00
585.37	49557.00
585.57	49880.00
585.76	50023.00
585.96	50406.00
586.15	50471.00
586.35	50464.00
586.54	50646.00
586.74	50854.00
586.94	50619.00
587.13	50587.00
587.33	51122.00
587.52	51763.00
587.72	52215.00
587.91	52610.00
588.11	53023.00
588.31	53027.00
588.50	53303.00
588.70	53442.00
588.89	53137.00
589.09	53197.00
589.28	52869.00
589.48	52985.00
589.68	53519.00
589.87	53672.00
590.07	53867.00
590.26	54089.00
590.46	54497.00
590.65	54605.00
590.85	54532.00
591.04	54697.00
591.24	54713.00
591.44	54397.00
591.63	54380.00
591.83	54338.00
592.02	54782.00
592.22	54872.00
592.41	55104.00
592.61	55226.00
592.80	55443.00
593.00	55647.00
593.19	56074.00
593.39	55944.00
593.59	56085.00
593.78	55946.00
593.98	55812.00
594.17	55827.00
594.37	55792.00
594.56	55964.00
594.76	56267.00
594.95	56450.00
595.15	56475.00
595.34	56646.00
595.54	56956.00
595.73	56871.00
595.93	56853.00
596.13	56857.00
596.32	56857.00
596.52	56928.00
596.71	56818.00
596.91	56692.00
597.10	56685.00
597.30	56887.00
597.49	57024.00
597.69	56781.00
597.88	57100.00
598.08	57064.00
598.27	56888.00
598.47	56710.00
598.66	56826.00
598.86	56748.00
599.06	56464.00
599.25	56318.00
599.45	56061.00
599.64	56191.00
599.84	56530.00
600.03	56366.00
600.23	56073.00
600.42	56113.00
600.62	55878.00
600.81	55695.00
601.01	55689.00
601.20	55657.00
601.40	55291.00
601.59	54943.00
601.79	54760.00
601.98	54468.00
602.18	54129.00
602.37	53980.00
602.57	53569.00
602.76	53694.00
602.96	54070.00
603.15	53876.00
603.35	53722.00
603.54	53940.00
603.74	53377.00
603.93	52691.00
604.13	52712.00
604.32	52705.00
604.52	52270.00
604.71	51779.00
604.91	51592.00
605.10	51502.00
605.30	51406.00
605.49	51159.00
605.69	51136.00
605.88	51214.00
606.08	51199.00
606.27	50807.00
606.47	50442.00
606.66	50272.00
606.86	49757.00
607.05	49477.00
607.25	49146.00
607.44	49017.00
607.64	48836.00
607.83	48758.00
608.03	48569.00
608.22	48821.00
608.42	48356.00
608.61	48158.00
608.81	48217.00
609.00	48189.00
609.20	48003.00
609.39	47496.00
609.59	47063.00
609.78	46681.00
609.98	46354.00
610.17	46028.00
610.37	46198.00
610.56	46295.00
610.76	46032.00
610.95	46053.00
611.15	46008.00
611.34	45959.00
611.54	45986.00
611.73	45996.00
611.93	45755.00
612.12	45304.00
612.32	44994.00
612.51	44999.00
612.71	44874.00
612.90	44217.00
613.09	44060.00
613.29	43937.00
613.48	43839.00
613.68	43737.00
613.87	43974.00
614.07	43852.00
614.26	43918.00
614.46	43701.00
614.65	43285.00
614.85	43505.00
615.04	43320.00
615.24	43053.00
615.43	42985.00
615.63	42959.00
615.82	42979.00
616.02	42668.00
616.21	42586.00
616.40	42502.00
616.60	42554.00
616.79	42572.00
616.99	42642.00
617.18	42685.00
617.38	42583.00
617.57	42535.00
617.77	42478.00
617.96	42177.00
618.16	41883.00
618.35	41785.00
618.54	41807.00
618.74	41851.00
618.93	41855.00
619.13	42047.00
619.32	42167.00
619.52	42238.00
619.71	42426.00
619.91	42461.00
620.10	42544.00
620.30	42503.00
620.49	42407.00
620.68	42379.00
620.88	42298.00
621.07	42334.00
621.27	42092.00
621.46	42173.00
621.66	42099.00
621.85	42067.00
622.05	42339.00
622.24	42512.00
622.43	42380.00
622.63	42735.00
622.82	42706.00
623.02	43106.00
623.21	43180.00
623.41	43224.00
623.60	43118.00
623.80	42963.00
623.99	42879.00
624.18	42994.00
624.38	42938.00
624.57	43015.00
624.77	43170.00
624.96	43413.00
625.16	43729.00
625.35	43963.00
625.54	44047.00
625.74	44019.00
625.93	44367.00
626.13	44771.00
626.32	44668.00
626.52	44713.00
626.71	44819.00
626.90	44752.00
627.10	44670.00
627.29	45054.00
627.49	45061.00
627.68	44942.00
627.88	44904.00
628.07	45065.00
628.26	45519.00
628.46	45700.00
628.65	46053.00
628.85	46616.00
629.04	46828.00
629.23	46787.00
629.43	46940.00
629.62	46653.00
629.82	46372.00
630.01	46416.00
630.21	46916.00
630.40	47198.00
630.59	47285.00
630.79	47374.00
630.98	47632.00
631.18	47764.00
631.37	48177.00
631.56	48455.00
631.76	48729.00
631.95	49116.00
632.15	49274.00
632.34	49268.00
632.53	49425.00
632.73	49492.00
632.92	49730.00
633.12	49627.00
633.31	49480.00
633.50	49586.00
633.70	49708.00
633.89	49793.00
634.09	50157.00
634.28	50488.00
634.47	50741.00
634.67	50946.00
634.86	51543.00
635.06	51950.00
635.25	52150.00
635.44	52171.00
635.64	52339.00
635.83	52571.00
636.03	52551.00
636.22	52499.00
636.41	52575.00
636.61	52909.00
636.80	52983.00
637.00	53298.00
637.19	53170.00
637.38	53546.00
637.58	53792.00
637.77	53932.00
637.96	54313.00
638.16	54675.00
638.35	55331.00
638.55	55280.00
638.74	55600.00
638.93	55759.00
639.13	55851.00
639.32	56047.00
639.51	55860.00
639.71	55764.00
639.90	55729.00
640.10	56315.00
640.29	56406.00
640.48	56366.00
640.68	56814.00
640.87	56992.00
641.07	57360.00
641.26	57553.00
641.45	58045.00
641.65	57917.00
641.84	58014.00
642.03	58470.00
642.23	58643.00
642.42	58783.00
642.61	59149.00
642.81	59315.00
643.00	59311.00
643.20	59312.00
643.39	59021.00
643.58	58847.00
643.78	58717.00
643.97	59103.00
644.16	59488.00
644.36	59909.00
644.55	60374.00
644.74	61053.00
644.94	60959.00
645.13	60950.00
645.33	61030.00
645.52	61293.00
645.71	61339.00
645.91	61229.00
646.10	61155.00
646.29	61147.00
646.49	61062.00
646.68	60969.00
646.87	61047.00
647.07	61034.00
647.26	61380.00
647.45	61545.00
647.65	61616.00
647.84	61946.00
648.03	61937.00
648.23	62232.00
648.42	62441.00
648.62	62714.00
648.81	62539.00
649.00	62643.00
649.20	62946.00
649.39	62488.00
649.58	62561.00
649.78	62474.00
649.97	62489.00
650.16	62229.00
650.36	62268.00
650.55	62446.00
650.74	62735.00
650.94	62912.00
651.13	62812.00
651.32	63016.00
651.52	63157.00
651.71	63170.00
651.90	63538.00
652.10	63490.00
652.29	63464.00
652.48	63656.00
652.68	63545.00
652.87	63585.00
653.06	63485.00
653.26	63190.00
653.45	63148.00
653.64	62929.00
653.84	62966.00
654.03	62784.00
654.22	63015.00
654.42	62764.00
654.61	62750.00
654.80	62817.00
654.99	63008.00
655.19	63088.00
655.38	63162.00
655.57	63245.00
655.77	63307.00
655.96	63474.00
656.15	63290.00
656.35	63325.00
656.54	63054.00
656.73	62706.00
656.93	62321.00
657.12	62257.00
657.31	62149.00
657.51	62155.00
657.70	61979.00
657.89	62048.00
658.09	62292.00
658.28	62016.00
658.47	62092.00
658.66	62062.00
658.86	62258.00
659.05	62114.00
659.24	62352.00
659.44	62258.00
659.63	62241.00
659.82	62299.00
660.02	61971.00
660.21	61768.00
660.40	61361.00
660.60	61050.00
660.79	60860.00
660.98	60544.00
661.17	60702.00
661.37	60451.00
661.56	60315.00
661.75	60408.00
661.95	60616.00
662.14	60621.00
662.33	60623.00
662.52	60693.00
662.72	60524.00
662.91	60618.00
663.10	60478.00
663.30	60534.00
663.49	60270.00
663.68	60144.00
663.88	60103.00
664.07	59473.00
664.26	59135.00
664.45	59127.00
664.65	58554.00
664.84	58493.00
665.03	58100.00
665.23	58011.00
665.42	57908.00
665.61	57959.00
665.80	57913.00
666.00	57978.00
666.19	57953.00
666.38	57798.00
666.57	57937.00
666.77	58007.00
666.96	57859.00
667.15	57809.00
667.35	57619.00
667.54	57246.00
667.73	57024.00
667.92	56982.00
668.12	56639.00
668.31	56493.00
668.50	56123.00
668.70	55794.00
668.89	55487.00
669.08	55584.00
669.27	55349.00
669.47	55397.00
669.66	55463.00
669.85	55341.00
670.04	55408.00
670.24	55430.00
670.43	55724.00
670.62	55179.00
670.81	54839.00
671.01	54786.00
671.20	54901.00
671.39	54950.00
671.58	54974.00
671.78	54937.00
671.97	54419.00
672.16	54305.00
672.36	53869.00
672.55	53707.00
672.74	53261.00
672.93	52843.00
673.13	52748.00
673.32	52585.00
673.51	52821.00
673.70	52674.00
673.90	52853.00
674.09	52802.00
674.28	52715.00
674.47	52779.00
674.67	52879.00
674.86	53009.00
675.05	53055.00
675.24	52806.00
675.44	52658.00
675.63	52543.00
675.82	52244.00
676.01	52120.00
676.21	51851.00
676.40	51429.00
676.59	51384.00
676.78	51108.00
676.97	51084.00
677.17	50736.00
677.36	50973.00
677.55	50602.00
677.74	50524.00
677.94	50598.00
678.13	50600.00
678.32	50729.00
678.51	50929.00
678.71	50874.00
678.90	50743.00
679.09	50720.00
679.28	50744.00
679.48	50723.00
679.67	50599.00
679.86	50500.00
680.05	50418.00
680.24	50246.00
680.44	49864.00
680.63	49291.00
680.82	49088.00
681.01	48783.00
681.21	48633.00
681.40	48580.00
681.59	48209.00
681.78	48162.00
681.97	48604.00
682.17	48325.00
682.36	48338.00
682.55	48395.00
682.74	48285.00
682.94	48446.00
683.13	48476.00
683.32	48695.00
683.51	48594.00
683.70	48672.00
683.90	48397.00
684.09	48412.00
684.28	48421.00
684.47	47781.00
684.66	47884.00
684.86	47793.00
685.05	47330.00
685.24	47363.00
685.43	47232.00
685.63	46992.00
685.82	46930.00
686.01	46729.00
686.20	46792.00
686.39	47086.00
686.59	46988.00
686.78	46503.00
686.97	46708.00
687.16	46780.00
687.35	47021.00
687.55	47154.00
687.74	46984.00
687.93	47304.00
688.12	47168.00
688.31	47130.00
688.51	47281.00
688.70	47374.00
688.89	47332.00
689.08	47038.00
689.27	46935.00
689.47	46799.00
689.66	46823.00
689.85	46882.00
690.04	46517.00
690.23	46247.00
690.42	46048.00
690.62	45976.00
690.81	46273.00
691.00	46141.00
691.19	46126.00
691.38	46060.00
691.58	45836.00
691.77	46002.00
691.96	46080.00
692.15	46415.00
692.34	46494.00
692.54	46606.00
692.73	46747.00
692.92	47022.00
693.11	46734.00
693.30	46737.00
693.49	46463.00
693.69	46283.00
693.88	46171.00
694.07	46247.00
694.26	45838.00
694.45	45632.00
694.64	45542.00
694.84	45407.00
695.03	45452.00
695.22	45157.00
695.41	45358.00
695.60	45235.00
695.80	45239.00
695.99	45480.00
696.18	45524.00
696.37	45641.00
696.56	45816.00
696.75	45946.00
696.95	45938.00
697.14	46092.00
697.33	46028.00
697.52	46006.00
697.71	46165.00
697.90	46253.00
698.09	46366.00
698.29	46740.00
698.48	46921.00
698.67	46955.00
698.86	46815.00
699.05	46873.00
699.24	46828.00
699.44	46489.00
699.63	46449.00
699.82	46525.00
700.01	46708.00
700.20	46590.00
700.39	46423.00
700.58	46660.00
700.78	46572.00
700.97	46622.00
701.16	46433.00
701.35	46408.00
701.54	46542.00
701.73	46816.00
701.93	47271.00
702.12	47489.00
702.31	47424.00
702.50	47833.00
702.69	48000.00
702.88	48661.00
703.07	48739.00
703.27	48362.00
703.46	48253.00
703.65	48616.00
703.84	48820.00
704.03	49027.00
704.22	48723.00
704.41	48537.00
704.60	48788.00
704.80	48648.00
704.99	48450.00
705.18	48615.00
705.37	48459.00
705.56	48416.00
705.75	48444.00
705.94	48467.00
706.14	48791.00
706.33	49105.00
706.52	49280.00
706.71	49728.00
706.90	49797.00
707.09	49801.00
707.28	49980.00
707.47	50338.00
707.67	50262.00
707.86	50249.00
708.05	50814.00
708.24	50986.00
708.43	51377.00
708.62	51001.00
708.81	51097.00
709.00	51263.00
709.20	51569.00
709.39	51525.00
709.58	51487.00
709.77	51494.00
709.96	51371.00
710.15	51408.00
710.34	51487.00
710.53	51465.00
710.72	51465.00
710.92	51413.00
711.11	51346.00
711.30	51371.00
711.49	51400.00
711.68	51517.00
711.87	51665.00
712.06	51819.00
712.25	52248.00
712.44	52660.00
712.64	52788.00
712.83	52997.00
713.02	53219.00
713.21	53108.00
713.40	53382.00
713.59	53302.00
713.78	53688.00
713.97	53809.00
714.16	53768.00
714.35	53999.00
714.55	54451.00
714.74	54434.00
714.93	54417.00
715.12	54292.00
715.31	54053.00
715.50	53886.00
715.69	54045.00
715.88	54029.00
716.07	54090.00
716.26	54047.00
716.45	54101.00
716.65	53935.00
716.84	53959.00
717.03	54121.00
717.22	54345.00
717.41	54188.00
717.60	54249.00
717.79	54339.00
717.98	54420.00
718.17	54677.00
718.36	54706.00
718.55	54839.00
718.75	55150.00
718.94	55262.00
719.13	55460.00
719.32	55073.00
719.51	55219.00
719.70	55427.00
719.89	55287.00
720.08	55296.00
720.27	55400.00
720.46	55428.00
720.65	55330.00
720.84	55325.00
721.03	55376.00
721.22	55492.00
721.42	55080.00
721.61	55061.00
721.80	55330.00
721.99	55122.00
722.18	55176.00
722.37	55134.00
722.56	54853.00
722.75	54805.00
722.94	54971.00
723.13	54656.00
723.32	54481.00
723.51	54627.00
723.70	54683.00
723.89	54785.00
724.08	54822.00
724.28	55011.00
724.47	54811.00
724.66	54821.00
724.85	54926.00
725.04	55169.00
725.23	55368.00
725.42	55486.00
725.61	55519.00
725.80	55561.00
725.99	55818.00
726.18	55830.00
726.37	55581.00
726.56	55544.00
726.75	55459.00
726.94	55385.00
727.13	55099.00
727.32	55103.00
727.51	55188.00
727.71	54984.00
727.90	54953.00
728.09	54298.00
728.28	54497.00
728.47	54630.00
728.66	54160.00
728.85	54027.00
729.04	54183.00
729.23	54104.00
729.42	53967.00
729.61	53876.00
729.80	54200.00
729.99	54003.00
730.18	53888.00
730.37	53839.00
730.56	53956.00
730.75	53890.00
730.94	53835.00
731.13	54136.00
731.32	54187.00
731.51	54226.00
731.70	54089.00
731.89	54183.00
732.08	54132.00
732.27	54406.00
732.46	54221.00
732.65	54125.00
732.84	54234.00
733.04	54108.00
733.23	53971.00
733.42	53948.00
733.61	53838.00
733.80	53927.00
733.99	53704.00
734.18	53248.00
734.37	52748.00
734.56	52909.00
734.75	52811.00
734.94	52706.00
735.13	52456.00
735.32	52208.00
735.51	51939.00
735.70	51935.00
735.89	51729.00
736.08	51656.00
736.27	51394.00
736.46	51197.00
736.65	51500.00
736.84	51487.00
737.03	51544.00
737.22	51427.00
737.41	50940.00
737.60	50914.00
737.79	51202.00
737.98	51178.00
738.17	50856.00
738.36	51302.00
738.55	51375.00
738.74	51089.00
738.93	50647.00
739.12	50718.00
739.31	50729.00
739.50	50463.00
739.69	50451.00
739.88	50463.00
740.07	50317.00
740.26	50119.00
740.45	49661.00
740.64	49718.00
740.83	49668.00
741.02	49493.00
741.21	49323.00
741.40	48793.00
741.59	48213.00
741.78	48082.00
741.97	48113.00
742.16	47690.00
742.35	47638.00
742.54	47544.00
742.73	47327.00
742.92	46957.00
743.11	46963.00
743.30	46939.00
743.49	46768.00
743.68	46596.00
743.87	46611.00
744.06	46410.00
744.25	46424.00
744.44	46506.00
744.63	46202.00
744.82	46445.00
745.01	46277.00
745.20	46216.00
745.39	45699.00
745.58	45711.00
745.77	45910.00
745.96	45867.00
746.15	45678.00
746.34	45575.00
746.52	45360.00
746.71	45415.00
746.90	45109.00
747.09	45455.00
747.28	45189.00
747.47	45084.00
747.66	44817.00
747.85	44631.00
748.04	44538.00
748.23	44370.00
748.42	44364.00
748.61	43971.00
748.80	43764.00
748.99	43703.00
749.18	43321.00
749.37	43034.00
749.56	43134.00
749.75	42686.00
749.94	42442.00
750.13	42220.00
750.32	42123.00
750.51	42171.00
750.70	41585.00
750.89	41219.00
751.08	41264.00
751.27	41149.00
751.46	40958.00
751.64	40741.00
751.83	40646.00
752.02	40856.00
752.21	40942.00
752.40	40535.00
752.59	40657.00
752.78	40983.00
752.97	40674.00
753.16	40673.00
753.35	40612.00
753.54	40302.00
753.73	40229.00
753.92	40291.00
754.11	40040.00
754.30	40074.00
754.49	39981.00
754.68	39887.00
754.87	39633.00
755.06	39934.00
755.24	39929.00
755.43	39630.00
755.62	39489.00
755.81	39295.00
756.00	39143.00
756.19	38950.00
756.38	38757.00
756.57	38933.00
756.76	38979.00
756.95	38735.00
757.14	38629.00
757.33	38512.00
757.52	38205.00
757.71	37968.00
757.90	37686.00
758.08	37773.00
758.27	37790.00
758.46	37387.00
758.65	37222.00
758.84	37373.00
759.03	36983.00
759.22	36853.00
759.41	36894.00
759.60	36897.00
759.79	36653.00
759.98	36742.00
760.17	36807.00
760.36	36337.00
760.54	36250.00
760.73	35980.00
760.92	35979.00
761.11	35600.00
761.30	35280.00
761.49	35059.00
761.68	34338.00
761.87	33913.00
762.06	33390.00
762.25	33060.00
762.44	32654.00
762.63	32311.00
762.81	31751.00
763.00	31517.00
763.19	31096.00
763.38	30727.00
763.57	30411.00
763.76	30376.00
763.95	30450.00
764.14	30344.00
764.33	30664.00
764.52	30332.00
764.71	30600.00
764.89	30829.00
765.08	30770.00
765.27	31006.00
765.46	31040.00
765.65	30918.00
765.84	31018.00
766.03	31037.00
766.22	31331.00
766.41	31526.00
766.59	31957.00
766.78	32423.00
766.97	32567.00
767.16	32969.00
767.35	33227.00
767.54	33040.00
767.73	33152.00
767.92	33480.00
768.11	33715.00
768.30	33619.00
768.48	33732.00
768.67	34018.00
768.86	34156.00
769.05	33907.00
769.24	33854.00
769.43	33770.00
769.62	33823.00
769.81	33948.00
769.99	33916.00
770.18	33735.00
770.37	33599.00
770.56	33776.00
770.75	33778.00
770.94	33774.00
771.13	33785.00
771.32	33558.00
771.50	33522.00
771.69	33687.00
771.88	33675.00
772.07	33677.00
772.26	33551.00
772.45	33417.00
772.64	33560.00
772.83	33587.00
773.01	33403.00
773.20	33119.00
773.39	33088.00
773.58	33294.00
773.77	33164.00
773.96	33186.00
774.15	32874.00
774.34	32862.00
774.52	32945.00
774.71	32660.00
774.90	32335.00
775.09	32519.00
775.28	32575.00
775.47	32572.00
775.66	32400.00
775.84	32418.00
776.03	32075.00
776.22	31917.00
776.41	32038.00
776.60	32010.00
776.79	31627.00
776.98	31858.00
777.16	31764.00
777.35	31805.00
777.54	31905.00
777.73	31587.00
777.92	31519.00
778.11	31562.00
778.29	31508.00
778.48	31590.00
778.67	31565.00
778.86	31406.00
779.05	31479.00
779.24	31682.00
779.43	31581.00
779.61	31703.00
779.80	31663.00
779.99	31673.00
780.18	31675.00
780.37	31557.00
780.56	31856.00
780.74	31765.00
780.93	31834.00
781.12	31864.00
781.31	31750.00
781.50	31658.00
781.69	31841.00
781.87	31597.00
782.06	31664.00
782.25	32047.00
782.44	31995.00
782.63	32143.00
782.82	32067.00
783.00	32006.00
783.19	32043.00
783.38	32119.00
783.57	32047.00
783.76	32106.00
783.95	32229.00
784.13	32302.00
784.32	32116.00
784.51	32222.00
784.70	32231.00
784.89	32130.00
785.08	32199.00
785.26	31996.00
785.45	32025.00
785.64	31984.00
785.83	31937.00
786.02	32001.00
786.20	31990.00
786.39	32020.00
786.58	32116.00
786.77	32333.00
786.96	32318.00
787.15	32125.00
787.33	32118.00
787.52	32064.00
787.71	31841.00
787.90	32279.00
788.09	32256.00
788.27	32323.00
788.46	32442.00
788.65	32259.00
788.84	32275.00
789.03	32458.00
789.21	32405.00
789.40	32425.00
789.59	32371.00
789.78	32495.00
789.97	32315.00
790.15	32340.00
790.34	32362.00
790.53	32239.00
790.72	32683.00
790.91	32617.00
791.09	32678.00
791.28	32583.00
791.47	32593.00
791.66	32742.00
791.85	32858.00
792.03	32743.00
792.22	32772.00
792.41	32876.00
792.60	33051.00
792.79	33173.00
792.97	33028.00
793.16	33556.00
793.35	33498.00
793.54	33418.00
793.72	33557.00
793.91	33310.00
794.10	33362.00
794.29	33527.00
794.48	33571.00
794.66	33500.00
794.85	33611.00
795.04	33693.00
795.23	33617.00
795.42	33648.00
795.60	33576.00
795.79	33384.00
795.98	33275.00
796.17	33468.00
796.35	33642.00
796.54	33486.00
796.73	33660.00
796.92	33575.00
797.11	33468.00
797.29	33493.00
797.48	33367.00
797.67	33202.00
797.86	32843.00
798.04	32956.00
798.23	33084.00
798.42	32890.00
798.61	33077.00
798.79	32774.00
798.98	32750.00
799.17	32746.00
799.36	32513.00
799.54	32771.00
799.73	32809.00
799.92	32591.00
800.11	32587.00
800.30	32832.00
800.48	32790.00
800.67	32825.00
800.86	32988.00
801.05	33009.00
801.23	32906.00
801.42	32717.00
801.61	33070.00
801.80	32910.00
801.98	32668.00
802.17	32847.00
802.36	32946.00
802.55	32953.00
802.73	33053.00
802.92	33054.00
803.11	32944.00
803.30	32975.00
803.48	33035.00
803.67	33199.00
803.86	33187.00
804.05	33348.00
804.23	33218.00
804.42	33139.00
804.61	33343.00
804.80	33214.00
804.98	33100.00
805.17	33109.00
805.36	33333.00
805.54	33155.00
805.73	33265.00
805.92	33292.00
806.11	33707.00
806.29	33323.00
806.48	33440.00
806.67	33495.00
806.86	33662.00
807.04	33452.00
807.23	33403.00
807.42	33342.00
807.61	33137.00
807.79	33021.00
807.98	33272.00
808.17	33321.00
808.35	33459.00
808.54	33478.00
808.73	33173.00
808.92	33268.00
809.10	33383.00
809.29	33196.00
809.48	33019.00
809.67	33099.00
809.85	32932.00
810.04	32853.00
810.23	32760.00
810.41	32912.00
810.60	32708.00
810.79	32574.00
810.98	32497.00
811.16	32268.00
811.35	32120.00
811.54	32176.00
811.72	32261.00
811.91	32252.00
812.10	32322.00
812.29	32382.00
812.47	32094.00
812.66	31806.00
812.85	31976.00
813.03	31725.00
813.22	31751.00
813.41	31799.00
813.60	31697.00
813.78	31794.00
813.97	31712.00
814.16	31794.00
814.34	31663.00
814.53	31656.00
814.72	31579.00
814.90	31758.00
815.09	31735.00
815.28	31400.00
815.47	31338.00
815.65	31581.00
815.84	31667.00
816.03	31536.00
816.21	31498.00
816.40	31765.00
816.59	31970.00
816.77	31852.00
816.96	31874.00
817.15	31839.00
817.33	31995.00
817.52	31863.00
817.71	31844.00
817.90	31971.00
818.08	31961.00
818.27	31971.00
818.46	31963.00
818.64	31796.00
818.83	31917.00
819.02	31887.00
819.20	31925.00
819.39	31723.00
819.58	31680.00
819.76	31744.00
819.95	31887.00
820.14	31722.00
820.32	31503.00
820.51	31482.00
820.70	31638.00
820.88	31754.00
821.07	31925.00
821.26	31703.00
821.44	31533.00
821.63	31691.00
821.82	31803.00
822.01	31896.00
822.19	31940.00
822.38	31511.00
822.57	31336.00
822.75	31533.00
822.94	31398.00
823.13	31264.00
823.31	31129.00
823.50	31042.00
823.69	31287.00
823.87	31231.00
824.06	30990.00
824.25	31006.00
824.43	31001.00
824.62	30949.00
824.80	30748.00
824.99	30915.00
825.18	30715.00
825.36	30737.00
825.55	30781.00
825.74	30700.00
825.92	30362.00
826.11	30353.00
826.30	30289.00
826.48	30412.00
826.67	30392.00
826.86	30255.00
827.04	30105.00
827.23	30016.00
827.42	29778.00
827.60	29676.00
827.79	29675.00
827.98	29608.00
828.16	29432.00
828.35	29357.00
828.54	29554.00
828.72	29401.00
828.91	29162.00
829.09	28978.00
829.28	28908.00
829.47	28913.00
829.65	28744.00
829.84	28821.00
830.03	28917.00
830.21	29038.00
830.40	28811.00
830.59	28822.00
830.77	28825.00
830.96	28718.00
831.14	28713.00
831.33	28852.00
831.52	28923.00
831.70	28633.00
831.89	28459.00
832.08	28334.00
832.26	28208.00
832.45	28446.00
832.64	28334.00
832.82	28115.00
833.01	28179.00
833.19	28096.00
833.38	28323.00
833.57	28107.00
833.75	28010.00
833.94	27899.00
834.13	27998.00
834.31	27822.00
834.50	27866.00
834.68	27657.00
834.87	27761.00
835.06	27857.00
835.24	27869.00
835.43	28017.00
835.61	27833.00
835.80	27636.00
835.99	27939.00
836.17	27613.00
836.36	27623.00
836.55	27977.00
836.73	27812.00
836.92	27489.00
837.10	27449.00
837.29	27426.00
837.48	27628.00
837.66	27718.00
837.85	27274.00
838.03	27238.00
838.22	27211.00
838.41	27144.00
838.59	27157.00
838.78	27013.00
838.96	27119.00
839.15	27067.00
839.34	27092.00
839.52	26902.00
839.71	26972.00
839.89	26897.00
840.08	26848.00
840.27	26888.00
840.45	26731.00
840.64	26798.00
840.82	26671.00
841.01	26548.00
841.20	26364.00
841.38	26386.00
841.57	26249.00
841.75	26225.00
841.94	25980.00
842.13	26034.00
842.31	25891.00
842.50	26110.00
842.68	25913.00
842.87	25678.00
843.05	25625.00
843.24	25588.00
843.43	25725.00
843.61	25515.00
843.80	25403.00
843.98	25285.00
844.17	25342.00
844.36	25072.00
844.54	24850.00
844.73	24882.00
844.91	24759.00
845.10	24601.00
845.28	24514.00
845.47	24597.00
845.66	24539.00
845.84	24433.00
846.03	24302.00
846.21	24173.00
846.40	24050.00
846.58	24046.00
846.77	23749.00
846.96	23941.00
847.14	23907.00
847.33	23651.00
847.51	23679.00
847.70	23474.00
847.88	23497.00
848.07	23478.00
848.25	23625.00
848.44	23447.00
848.63	23147.00
848.81	22956.00
849.00	23011.00
849.18	23255.00
849.37	23092.00
849.55	23214.00
849.74	23032.00
849.93	22883.00
850.11	22599.00
850.30	22690.00
850.48	22819.00
850.67	22672.00
850.85	22594.00
851.04	22503.00
851.22	22413.00
851.41	22394.00
851.59	22252.00
851.78	22385.00
851.97	22298.00
852.15	22263.00
852.34	22319.00
852.52	22184.00
852.71	22095.00
852.89	22143.00
853.08	22218.00
853.26	22410.00
853.45	22224.00
853.63	22137.00
853.82	22057.00
854.01	21905.00
854.19	21765.00
854.38	21754.00
854.56	21784.00
854.75	21651.00
854.93	21556.00
855.12	21556.00
855.30	21609.00
855.49	21496.00
855.67	21265.00
855.86	21404.00
856.04	21496.00
856.23	21213.00
856.41	21254.00
856.60	21510.00
856.79	21206.00
856.97	20970.00
857.16	21038.00
857.34	21063.00
857.53	20795.00
857.71	20669.00
857.90	20765.00
858.08	20953.00
858.27	20720.00
858.45	20617.00
858.64	20817.00
858.82	20674.00
859.01	20654.00
859.19	20712.00
859.38	20632.00
859.56	20692.00
859.75	20505.00
859.93	20469.00
860.12	20496.00
860.30	20416.00
860.49	20242.00
860.67	20318.00
860.86	20333.00
861.04	20120.00
861.23	20000.00
861.41	20067.00
861.60	19967.00
861.78	19959.00
861.97	19848.00
862.15	19554.00
862.34	19429.00
862.53	19620.00
862.71	19432.00
862.90	19362.00
863.08	19371.00
863.27	19589.00
863.45	19438.00
863.64	19358.00
863.82	19229.00
864.01	19179.00
864.19	19112.00
864.37	18781.00
864.56	18723.00
864.74	18842.00
864.93	18657.00
865.11	18798.00
865.30	18614.00
865.48	18580.00
865.67	18749.00
865.85	18645.00
866.04	18353.00
866.22	18257.00
866.41	18262.00
866.59	18252.00
866.78	18046.00
866.96	18071.00
867.15	18123.00
867.33	18029.00
867.52	17868.00
867.70	17705.00
867.89	17960.00
868.07	17859.00
868.26	17754.00
868.44	17696.00
868.63	17630.00
868.81	17406.00
869.00	17390.00
869.18	17251.00
869.37	17388.00
869.55	17575.00
869.74	17401.00
869.92	17179.00
870.10	17131.00
870.29	17106.00
870.47	17007.00
870.66	17131.00
870.84	16995.00
871.03	16929.00
871.21	17017.00
871.40	16859.00
871.58	16713.00
871.77	16654.00
871.95	16485.00
872.14	16369.00
872.32	16397.00
872.51	16612.00
872.69	16679.00
872.87	16424.00
873.06	16578.00
873.24	16691.00
873.43	16410.00
873.61	16271.00
873.80	16428.00
873.98	16347.00
874.17	16140.00
874.35	16125.00
874.54	16080.00
874.72	16168.00
874.90	16163.00
875.09	15964.00
875.27	16096.00
875.46	16082.00
875.64	15958.00
875.83	16039.00
876.01	15982.00
876.20	16004.00
876.38	15923.00
876.56	16001.00
876.75	15730.00
876.93	15629.00
877.12	15762.00
877.30	15786.00
877.49	15834.00
877.67	15791.00
877.86	15761.00
878.04	15851.00
878.22	15871.00
878.41	15691.00
878.59	15579.00
878.78	15652.00
878.96	15682.00
879.15	15628.00
879.33	15420.00
879.51	15591.00
879.70	15526.00
879.88	15541.00
880.07	15568.00
880.25	15506.00
880.44	15448.00
880.62	15459.00
880.80	15290.00
880.99	15350.00
881.17	15433.00
881.36	15388.00
881.54	15425.00
881.73	15311.00
881.91	15297.00
882.09	15227.00
882.28	15338.00
882.46	15256.00
882.65	15514.00
882.83	15443.00
883.02	15241.00
883.20	15117.00
883.38	15180.00
883.57	15341.00
883.75	15334.00
883.94	15319.00
884.12	15245.00
884.30	15340.00
884.49	15061.00
884.67	15009.00
884.86	15104.00
885.04	14962.00
885.22	14924.00
885.41	15006.00
885.59	15039.00
885.78	14858.00
885.96	14771.00
886.14	14862.00
886.33	14735.00
886.51	14811.00
886.70	14735.00
886.88	14775.00
887.06	14635.00
887.25	14577.00
887.43	14617.00
887.62	14712.00
887.80	14605.00
887.98	14521.00
888.17	14602.00
888.35	14474.00
888.54	14428.00
888.72	14522.00
888.90	14496.00
889.09	14531.00
889.27	14399.00
889.46	14494.00
889.64	14573.00
889.82	14446.00
890.01	14563.00
890.19	14425.00
890.38	14477.00
890.56	14520.00
890.74	14401.00
890.93	14388.00
891.11	14532.00
891.29	14416.00
891.48	14234.00
891.66	14491.00
891.85	14544.00
892.03	14368.00
892.21	14278.00
892.40	14135.00
892.58	14179.00
892.76	14396.00
892.95	14214.00
893.13	14153.00
893.32	14179.00
893.50	14230.00
893.68	14354.00
893.87	14159.00
894.05	14233.00
894.23	14520.00
894.42	14489.00
894.60	14379.00
894.79	14518.00
894.97	14561.00
895.15	14488.00
895.34	14427.00
895.52	14286.00
895.70	14203.00
895.89	14300.00
896.07	14606.00
896.25	14451.00
896.44	14491.00
896.62	14503.00
896.81	14630.00
896.99	14589.00
897.17	14494.00
897.36	14695.00
897.54	14496.00
897.72	14551.00
897.91	14476.00
898.09	14419.00
898.27	14602.00
898.46	14634.00
898.64	14630.00
898.82	14762.00
899.01	14770.00
899.19	14695.00
899.37	14651.00
899.56	14511.00
899.74	14867.00
899.92	14989.00
900.11	14808.00
900.29	14966.00
900.47	14921.00
900.66	14885.00
900.84	15031.00
901.03	15042.00
901.21	14845.00
901.39	14887.00
901.58	15065.00
901.76	15241.00
901.94	15147.00
902.13	15107.00
902.31	15117.00
902.49	15326.00
902.68	15277.00
902.86	15244.00
903.04	15288.00
903.23	15125.00
903.41	15223.00
903.59	15371.00
903.78	15122.00
903.96	15398.00
904.14	15379.00
904.32	15475.00
904.51	15460.00
904.69	15717.00
904.87	15507.00
905.06	15559.00
905.24	15408.00
905.42	15532.00
905.61	15699.00
905.79	15580.00
905.97	15586.00
906.16	15748.00
906.34	15656.00
906.52	15581.00
906.71	15622.00
906.89	15579.00
907.07	15530.00
907.26	15640.00
907.44	15641.00
907.62	15701.00
907.81	15749.00
907.99	15657.00
908.17	15518.00
908.35	15503.00
908.54	15670.00
908.72	15628.00
908.90	15588.00
909.09	15667.00
909.27	15701.00
909.45	15675.00
909.64	15566.00
909.82	15652.00
910.00	15626.00
910.18	15769.00
910.37	15628.00
910.55	15417.00
910.73	15426.00
910.92	15599.00
911.10	15581.00
911.28	15522.00
911.47	15360.00
911.65	15405.00
911.83	15629.00
912.01	15438.00
912.20	15353.00
912.38	15234.00
912.56	15503.00
912.75	15362.00
912.93	15475.00
913.11	15453.00
913.29	15203.00
913.48	15115.00
913.66	15039.00
913.84	15173.00
914.03	14991.00
914.21	15017.00
914.39	15204.00
914.57	15009.00
914.76	14977.00
914.94	14911.00
915.12	14968.00
915.31	15124.00
915.49	15057.00
915.67	14946.00
915.85	14871.00
916.04	14794.00
916.22	14840.00
916.40	14859.00
916.58	14839.00
916.77	14727.00
916.95	14521.00
917.13	14380.00
917.32	14533.00
917.50	14462.00
917.68	14284.00
917.86	14508.00
918.05	14578.00
918.23	14410.00
918.41	14329.00
918.59	14180.00
918.78	14284.00
918.96	14191.00
919.14	13981.00
919.32	14147.00
919.51	13984.00
919.69	14074.00
919.87	14001.00
920.05	13883.00
920.24	13698.00
920.42	13944.00
920.60	13877.00
920.78	13791.00
920.97	13750.00
921.15	13693.00
921.33	13708.00
921.52	13785.00
921.70	13684.00
921.88	13695.00
922.06	13696.00
922.24	13722.00
922.43	13619.00
922.61	13538.00
922.79	13478.00
922.97	13584.00
923.16	13691.00
923.34	13595.00
923.52	13333.00
923.70	13469.00
923.89	13478.00
924.07	13517.00
924.25	13440.00
924.43	13325.00
924.62	13446.00
924.80	13343.00
924.98	13166.00
925.16	13054.00
925.35	13221.00
925.53	13235.00
925.71	13113.00
925.89	13165.00
926.08	13137.00
926.26	13166.00
926.44	13218.00
926.62	13170.00
926.80	13040.00
926.99	12877.00
927.17	13041.00
927.35	13013.00
927.53	12835.00
927.72	12846.00
927.90	12945.00
928.08	12902.00
928.26	12885.00
928.44	12799.00
928.63	12855.00
928.81	12903.00
928.99	12875.00
929.17	12880.00
929.36	12870.00
929.54	12681.00
929.72	12749.00
929.90	12560.00
930.08	12394.00
930.27	12493.00
930.45	12385.00
930.63	12299.00
930.81	12354.00
930.99	12253.00
931.18	12335.00
931.36	12247.00
931.54	12204.00
931.72	12247.00
931.90	12040.00
932.09	12095.00
932.27	11915.00
932.45	11954.00
932.63	11875.00
932.81	11982.00
933.00	11736.00
933.18	11657.00
933.36	11589.00
933.54	11498.00
933.72	11431.00
933.91	11394.00
934.09	11339.00
934.27	11264.00
934.45	11081.00
934.63	10993.00
934.82	10887.00
935.00	10754.00
935.18	10734.00
935.36	10545.00
935.54	10323.00
935.73	10356.00
935.91	10415.00
936.09	10229.00
936.27	10212.00
936.45	10030.00
936.64	9832.00
936.82	9741.00
937.00	9630.00
937.18	9458.00
937.36	9255.00
937.54	9294.00
937.73	8996.00
937.91	8875.00
938.09	8789.00
938.27	8571.00
938.45	8399.00
938.63	8318.00
938.82	8299.00
939.00	8217.00
939.18	8041.00
939.36	7868.00
939.54	7691.00
939.73	7702.00
939.91	7706.00
940.09	7484.00
940.27	7340.00
940.45	7365.00
940.63	7225.00
940.82	7149.00
941.00	7080.00
941.18	7138.00
941.36	7078.00
941.54	6860.00
941.72	6906.00
941.91	6900.00
942.09	6775.00
942.27	6653.00
942.45	6682.00
942.63	6699.00
942.81	6722.00
942.99	6632.00
943.18	6483.00
943.36	6449.00
943.54	6514.00
943.72	6501.00
943.90	6422.00
944.08	6349.00
944.27	6426.00
944.45	6463.00
944.63	6379.00
944.81	6293.00
944.99	6457.00
945.17	6559.00
945.35	6459.00
945.54	6364.00
945.72	6396.00
945.90	6486.00
946.08	6547.00
946.26	6421.00
946.44	6498.00
946.62	6528.00
946.81	6529.00
946.99	6450.00
947.17	6534.00
947.35	6469.00
947.53	6458.00
947.71	6532.00
947.89	6565.00
948.07	6559.00
948.26	6541.00
948.44	6583.00
948.62	6594.00
948.80	6705.00
948.98	6702.00
949.16	6698.00
949.34	6706.00
949.53	6725.00
949.71	6749.00
949.89	6733.00
950.07	6839.00
950.25	6675.00
950.43	6736.00
950.61	6751.00
950.79	6808.00
950.98	6816.00
951.16	6842.00
951.34	6834.00
951.52	6884.00
951.70	6866.00
951.88	6840.00
952.06	6923.00
952.24	6995.00
952.42	6770.00
952.61	6813.00
952.79	6810.00
952.97	6873.00
953.15	6892.00
953.33	6855.00
953.51	6775.00
953.69	6717.00
953.87	6695.00
954.05	6796.00
954.24	6850.00
954.42	6843.00
954.60	6864.00
954.78	6815.00
954.96	6964.00
955.14	6907.00
955.32	6938.00
955.50	6864.00
955.68	7012.00
955.86	7010.00
956.05	6861.00
956.23	6865.00
956.41	6890.00
956.59	6988.00
956.77	6951.00
956.95	6947.00
957.13	6935.00
957.31	7027.00
957.49	7076.00
957.67	7111.00
957.86	7166.00
958.04	7121.00
958.22	7111.00
958.40	7002.00
958.58	6892.00
958.76	6933.00
958.94	6971.00
959.12	6895.00
959.30	6875.00
959.48	7028.00
959.66	7001.00
959.84	6876.00
960.03	6877.00
960.21	6863.00
960.39	6896.00
960.57	6847.00
960.75	6848.00
960.93	6861.00
961.11	6885.00
961.29	6764.00
961.47	6797.00
961.65	6706.00
961.83	6775.00
962.01	6791.00
962.19	6834.00
962.37	6872.00
962.56	6955.00
962.74	6776.00
962.92	6695.00
963.10	6789.00
963.28	6708.00
963.46	6647.00
963.64	6784.00
963.82	6795.00
964.00	6705.00
964.18	6868.00
964.36	6796.00
964.54	6736.00
964.72	6709.00
964.90	6763.00
965.08	6704.00
965.27	6708.00
965.45	6566.00
965.63	6529.00
965.81	6559.00
965.99	6610.00
966.17	6612.00
966.35	6539.00
966.53	6636.00
966.71	6606.00
966.89	6659.00
967.07	6736.00
967.25	6708.00
967.43	6642.00
967.61	6551.00
967.79	6581.00
967.97	6610.00
968.15	6540.00
968.33	6393.00
968.51	6503.00
968.69	6583.00
968.87	6485.00
969.06	6344.00
969.24	6351.00
969.42	6391.00
969.60	6271.00
969.78	6373.00
969.96	6444.00
970.14	6313.00
970.32	6296.00
970.50	6282.00
970.68	6222.00
970.86	6234.00
971.04	6208.00
971.22	6302.00
971.40	6167.00
971.58	6141.00
971.76	6137.00
971.94	6152.00
972.12	6179.00
972.30	6096.00
972.48	6101.00
972.66	6091.00
972.84	6056.00
973.02	5959.00
973.20	5992.00
973.38	5954.00
973.56	5823.00
973.74	5806.00
973.92	5777.00
974.10	5776.00
974.28	5753.00
974.46	5706.00
974.64	5795.00
974.82	5714.00
975.00	5682.00
975.18	5648.00
975.36	5603.00
975.54	5711.00
975.72	5567.00
975.90	5441.00
976.08	5568.00
976.26	5597.00
976.44	5519.00
976.62	5408.00
976.80	5548.00
976.98	5506.00
977.16	5491.00
977.34	5538.00
977.52	5470.00
977.70	5422.00
977.88	5415.00
978.06	5345.00
978.24	5287.00
978.42	5281.00
978.60	5297.00
978.78	5269.00
978.96	5272.00
979.14	5207.00
979.32	5191.00
979.50	5235.00
979.68	5271.00
979.86	5178.00
980.04	5181.00
980.22	5174.00
980.40	5272.00
980.58	5264.00
980.76	5221.00
980.94	5025.00
981.12	5055.00
981.30	5026.00
981.48	5068.00
981.66	5153.00
981.84	5005.00
982.02	4977.00
982.20	5125.00
982.38	5072.00
982.56	5026.00
982.74	5076.00
982.92	5033.00
983.10	5012.00
983.28	4862.00
983.46	4839.00
983.64	4766.00
983.82	4865.00
984.00	4822.00
984.18	4797.00
984.36	4658.00
984.54	4663.00
984.72	4667.00
984.90	4683.00
985.08	4797.00
985.26	4683.00
985.44	4703.00
985.62	4726.00
985.80	4667.00
985.98	4615.00
986.16	4552.00
986.34	4515.00
986.51	4617.00
986.69	4563.00
986.87	4503.00
987.05	4494.00
987.23	4462.00
987.41	4406.00
987.59	4482.00
987.77	4499.00
987.95	4545.00
988.13	4329.00
988.31	4409.00
988.49	4373.00
988.67	4298.00
988.85	4363.00
989.03	4308.00
989.21	4244.00
989.39	4380.00
989.57	4251.00
989.75	4254.00
989.93	4256.00
990.11	4242.00
990.28	4210.00
990.46	4206.00
990.64	4107.00
990.82	4118.00
991.00	4135.00
991.18	4079.00
991.36	4125.00
991.54	3872.00
991.72	3951.00
991.90	4095.00
992.08	4095.00
992.26	4124.00
992.44	4122.00
992.62	4067.00
992.80	3980.00
992.98	3995.00
993.15	3950.00
993.33	3935.00
993.51	3985.00
993.69	3982.00
993.87	4004.00
994.05	3905.00
994.23	3832.00
994.41	3870.00
994.59	3993.00
994.77	3960.00
994.95	3817.00
995.13	3762.00
995.31	3793.00
995.48	3755.00
995.66	3684.00
995.84	3624.00
996.02	3695.00
996.20	3797.00
996.38	3715.00
996.56	3680.00
996.74	3656.00
996.92	3595.00
997.10	3585.00
997.28	3605.00
997.46	3556.00
997.63	3548.00
997.81	3511.00
997.99	3510.00
998.17	3546.00
998.35	3522.00
998.53	3512.00
998.71	3504.00
998.89	3547.00
999.07	3365.00
999.25	3545.00
999.43	3434.00
999.60	3346.00
999.78	3275.00
999.96	3364.00
1000.14	3285.00
1000.32	3289.00
1000.50	3259.00
1000.68	3209.00
1000.86	3200.00
1001.04	3233.00
1001.21	3305.00
1001.39	3325.00
1001.57	3131.00
1001.75	3148.00
1001.93	3218.00
1002.11	3246.00
1002.29	3269.00
1002.47	3174.00
1002.65	3166.00
1002.82	3125.00
1003.00	3125.00
1003.18	3197.00
1003.36	3245.00
1003.54	3253.00
1003.72	3188.00
1003.90	3142.00
1004.08	3073.00
1004.26	3100.00
1004.43	3059.00
1004.61	3144.00
1004.79	3033.00
1004.97	3006.00
1005.15	2970.00
1005.33	3013.00
1005.51	2884.00
1005.69	2859.00
1005.86	3023.00
1006.04	2909.00
1006.22	2835.00
1006.40	2956.00
1006.58	2880.00
1006.76	2874.00
1006.94	2949.00
1007.12	2917.00
1007.29	2896.00
1007.47	2834.00
1007.65	2871.00
1007.83	2803.00
1008.01	2826.00
1008.19	2860.00
1008.37	2733.00
1008.54	2697.00
1008.72	2719.00
1008.90	2745.00
1009.08	2758.00
1009.26	2820.00
1009.44	2770.00
1009.62	2711.00
1009.79	2590.00
1009.97	2599.00
1010.15	2710.00
1010.33	2617.00
1010.51	2555.00
1010.69	2507.00
1010.87	2567.00
1011.04	2683.00
1011.22	2570.00
1011.40	2585.00
1011.58	2526.00
1011.76	2487.00
1011.94	2532.00
1012.11	2535.00
1012.29	2538.00
1012.47	2341.00
1012.65	2507.00
1012.83	2548.00
1013.01	2429.00
1013.18	2343.00
1013.36	2397.00
1013.54	2435.00
1013.72	2466.00
1013.90	2471.00
1014.08	2351.00
1014.25	2375.00
1014.43	2456.00
1014.61	2467.00
1014.79	2434.00
1014.97	2450.00
1015.15	2467.00
1015.32	2414.00
1015.50	2437.00
1015.68	2391.00
1015.86	2413.00
1016.04	2377.00
1016.22	2333.00
1016.39	2405.00
1016.57	2384.00
1016.75	2346.00
1016.93	2300.00
1017.11	2272.00
1017.29	2313.00
1017.46	2270.00
1017.64	2225.00
1017.82	2202.00
1018.00	2212.00
1018.18	2161.00
1018.35	2227.00
1018.53	2202.00
1018.71	2117.00
1018.89	2086.00
1019.07	2140.00
1019.24	2120.00
1019.42	2193.00
1019.60	2166.00
1019.78	2187.00
1019.96	2186.00
1020.14	2168.00
1020.31	2130.00
1020.49	2217.00
1020.67	2151.00
1020.85	2065.00
1021.03	2008.00
1021.20	2047.00
1021.38	2010.00
1021.56	2065.00
1021.74	2167.00
1021.92	2094.00
1022.09	1992.00
1022.27	1993.00
1022.45	1998.00
1022.63	2020.00
1022.81	2027.00
1022.98	1994.00
1023.16	2045.00
1023.34	2065.00
1023.52	2002.00
1023.69	1975.00
1023.87	1989.00
1024.05	2022.00
1024.23	2119.00
1024.41	1973.00
1024.58	2001.00
1024.76	1901.00
1024.94	1901.00
1025.12	1962.00
1025.30	1887.00
1025.47	1869.00
1025.65	1848.00
1025.83	1864.00
1026.01	1909.00
1026.18	1842.00
1026.36	1892.00
1026.54	1904.00
1026.72	1768.00
1026.90	1800.00
1027.07	1789.00
1027.25	1836.00
1027.43	1820.00
1027.61	1758.00
1027.78	1692.00
1027.96	1736.00
1028.14	1722.00
1028.32	1800.00
1028.49	1807.00
1028.67	1784.00
1028.85	1718.00
1029.03	1641.00
1029.21	1668.00
1029.38	1696.00
1029.56	1690.00
1029.74	1695.00
1029.92	1680.00
1030.09	1682.00
1030.27	1648.00
1030.45	1665.00
1030.63	1650.00
1030.80	1696.00
1030.98	1729.00
1031.16	1688.00
1031.34	1628.00
1031.51	1651.00
1031.69	1648.00
1031.87	1656.00
1032.05	1736.00
1032.22	1608.00
1032.40	1541.00
1032.58	1626.00
1032.76	1618.00
1032.93	1616.00
1033.11	1572.00
1033.29	1642.00
1033.47	1537.00
1033.64	1553.00
1033.82	1556.00
1034.00	1592.00
1034.18	1493.00
1034.35	1565.00
1034.53	1580.00
1034.71	1520.00
1034.89	1524.00
1035.06	1578.00
1035.24	1520.00
1035.42	1530.00
1035.59	1508.00
1035.77	1560.00
1035.95	1577.00
1036.13	1584.00
1036.30	1519.00
1036.48	1458.00
1036.66	1482.00
1036.84	1459.00
1037.01	1450.00
1037.19	1420.00
1037.37	1431.00
1037.54	1493.00
1037.72	1446.00
1037.90	1471.00
1038.08	1400.00
1038.25	1305.00
1038.43	1416.00
1038.61	1425.00
1038.79	1361.00
1038.96	1274.00
1039.14	1300.00
1039.32	1390.00
1039.49	1390.00
1039.67	1412.00
1039.85	1319.00
1040.03	1344.00
1040.20	1337.00
1040.38	1425.00
1040.56	1374.00
1040.73	1336.00
1040.91	1412.00
1041.09	1382.00
1041.27	1322.00
1041.44	1323.00
1041.62	1414.00
1041.80	1400.00
1041.97	1353.00
1042.15	1365.00
1042.33	1387.00
1042.50	1369.00
1042.68	1352.00
1042.86	1346.00
1043.04	1395.00
1043.21	1283.00
1043.39	1328.00
1043.57	1348.00
1043.74	1309.00
1043.92	1270.00
1044.10	1241.00
1044.27	1340.00
1044.45	1346.00
1044.63	1337.00
1044.80	1339.00
1044.98	1244.00
1045.16	1270.00
1045.34	1305.00
1045.51	1256.00
1045.69	1234.00
1045.87	1334.00
1046.04	1353.00
1046.22	1291.00
1046.40	1232.00
1046.57	1213.00
1046.75	1213.00
1046.93	1168.00
1047.10	1171.00
1047.28	1162.00
1047.46	1121.00
1047.63	1156.00
1047.81	1210.00
1047.99	1215.00
1048.16	1235.00
1048.34	1236.00
1048.52	1196.00
1048.69	1229.00
1048.87	1270.00
1049.05	1297.00
1049.22	1242.00
1049.40	1172.00
1049.58	1168.00
1049.75	1247.00
1049.93	1197.00
1050.11	1171.00
1050.28	1134.00
1050.46	1078.00
1050.64	1138.00
1050.81	1084.00
1050.99	1096.00
1051.17	1139.00
1051.34	1175.00
1051.52	1037.00
1051.70	1100.00
1051.87	1088.00
1052.05	1085.00
1052.23	1146.00
1052.40	1087.00
1052.58	1154.00
1052.76	1130.00
1052.93	1109.00
1053.11	1151.00
1053.29	1082.00
1053.46	1045.00
1053.64	1069.00
1053.82	1071.00
1053.99	1115.00
1054.17	1061.00
1054.35	1049.00
1054.52	1017.00
1054.70	1070.00
1054.87	1070.00
1055.05	1013.00
1055.23	1049.00
1055.40	1027.00
1055.58	1031.00
1055.76	1093.00
1055.93	1004.00
1056.11	1098.00
1056.29	1077.00
1056.46	1051.00
1056.64	980.00
1056.81	1086.00
1056.99	1061.00
1057.17	1124.00
1057.34	1020.00
1057.52	1024.00
1057.70	1057.00
1057.87	1054.00
1058.05	1008.00
1058.22	1034.00
1058.40	962.00
1058.58	865.00
1058.75	891.00
1058.93	966.00
1059.11	913.00
1059.28	977.00
1059.46	982.00
1059.63	892.00
1059.81	915.00
1059.99	1009.00
1060.16	972.00
1060.34	947.00
1060.52	966.00
1060.69	923.00
1060.87	872.00
1061.04	824.00
1061.22	930.00
