367.62	66.00
367.82	79.00
368.02	20.00
368.23	-23.00
368.43	-48.00
368.63	-23.00
368.83	-34.00
369.04	-34.00
369.24	-26.00
369.44	-6.00
369.65	24.00
369.85	11.00
370.05	-15.00
370.25	-23.00
370.46	5.00
370.66	-90.00
370.86	34.00
371.07	46.00
371.27	-21.00
371.47	-33.00
371.67	-1.00
371.88	17.00
372.08	51.00
372.28	-1.00
372.49	-28.00
372.69	-11.00
372.89	-23.00
373.09	15.00
373.30	47.00
373.50	62.00
373.70	-19.00
373.91	28.00
374.11	38.00
374.31	-25.00
374.51	-23.00
374.72	25.00
374.92	10.00
375.12	55.00
375.33	39.00
375.53	-23.00
375.73	33.00
375.93	-55.00
376.14	7.00
376.34	-32.00
376.54	2.00
376.74	8.00
376.95	-33.00
377.15	-32.00
377.35	2.00
377.55	41.00
377.76	16.00
377.96	-21.00
378.16	-6.00
378.37	53.00
378.57	-12.00
378.77	-40.00
378.97	-25.00
379.18	-75.00
379.38	-47.00
379.58	8.00
379.78	54.00
379.99	31.00
380.19	-14.00
380.39	18.00
380.59	12.00
380.80	-57.00
381.00	-15.00
381.20	3.00
381.40	53.00
381.61	14.00
381.81	38.00
382.01	54.00
382.21	8.00
382.42	-27.00
382.62	-49.00
382.82	-37.00
383.02	-19.00
383.23	6.00
383.43	64.00
383.63	39.00
383.83	19.00
384.04	1.00
384.24	-1.00
384.44	34.00
384.64	-10.00
384.85	-36.00
385.05	-19.00
385.25	17.00
385.45	19.00
385.66	-35.00
385.86	14.00
386.06	-1.00
386.26	-11.00
386.47	-29.00
386.67	22.00
386.87	-9.00
387.07	17.00
387.27	27.00
387.48	26.00
387.68	43.00
387.88	45.00
388.08	-34.00
388.29	-53.00
388.49	-9.00
388.69	18.00
388.89	17.00
389.10	29.00
389.30	3.00
389.50	3.00
389.70	1.00
389.90	-29.00
390.11	-38.00
390.31	-33.00
390.51	-4.00
390.71	38.00
390.92	9.00
391.12	57.00
391.32	36.00
391.52	36.00
391.72	45.00
391.93	-29.00
392.13	-28.00
392.33	-40.00
392.53	-56.00
392.74	70.00
392.94	56.00
393.14	-44.00
393.34	8.00
393.54	46.00
393.75	-21.00
393.95	-10.00
394.15	-44.00
394.35	8.00
394.56	11.00
394.76	4.00
394.96	-1.00
395.16	-4.00
395.36	14.00
395.57	-11.00
395.77	-30.00
395.97	43.00
396.17	4.00
396.37	-59.00
396.58	-68.00
396.78	-1.00
396.98	5.00
397.18	-6.00
397.38	-36.00
397.59	20.00
397.79	50.00
397.99	-14.00
398.19	25.00
398.39	-2.00
398.60	62.00
398.80	23.00
399.00	-31.00
399.20	24.00
399.40	39.00
399.61	31.00
399.81	38.00
400.01	30.00
400.21	62.00
400.41	81.00
400.62	133.00
400.82	27.00
401.02	23.00
401.22	-37.00
401.42	-64.00
401.63	14.00
401.83	75.00
402.03	33.00
402.23	-4.00
402.43	26.00
402.64	37.00
402.84	72.00
403.04	12.00
403.24	8.00
403.44	61.00
403.64	6.00
403.85	26.00
404.05	-30.00
404.25	-6.00
404.45	-31.00
404.65	121.00
404.86	101.00
405.06	7.00
405.26	-35.00
405.46	6.00
405.66	-12.00
405.86	-25.00
406.07	-19.00
406.27	48.00
406.47	61.00
406.67	-30.00
406.87	27.00
407.07	-4.00
407.28	-88.00
407.48	-18.00
407.68	59.00
407.88	39.00
408.08	42.00
408.28	-18.00
408.49	47.00
408.69	4.00
408.89	29.00
409.09	99.00
409.29	67.00
409.49	-14.00
409.70	36.00
409.90	23.00
410.10	5.00
410.30	-18.00
410.50	-9.00
410.70	-72.00
410.91	-6.00
411.11	31.00
411.31	35.00
411.51	-11.00
411.71	22.00
411.91	13.00
412.12	55.00
412.32	57.00
412.52	20.00
412.72	29.00
412.92	-22.00
413.12	-22.00
413.32	11.00
413.53	10.00
413.73	77.00
413.93	7.00
414.13	-1.00
414.33	36.00
414.53	15.00
414.74	22.00
414.94	18.00
415.14	71.00
415.34	8.00
415.54	-28.00
415.74	-39.00
415.94	-29.00
416.15	-45.00
416.35	26.00
416.55	8.00
416.75	37.00
416.95	21.00
417.15	38.00
417.35	85.00
417.56	58.00
417.76	26.00
417.96	44.00
418.16	61.00
418.36	60.00
418.56	-17.00
418.76	-19.00
418.97	20.00
419.17	57.00
419.37	30.00
419.57	58.00
419.77	22.00
419.97	18.00
420.17	-20.00
420.37	-37.00
420.58	-1.00
420.78	-29.00
420.98	-7.00
421.18	-12.00
421.38	43.00
421.58	70.00
421.78	20.00
421.98	45.00
422.19	24.00
422.39	33.00
422.59	93.00
422.79	46.00
422.99	23.00
423.19	14.00
423.39	8.00
423.59	24.00
423.80	5.00
424.00	22.00
424.20	31.00
424.40	96.00
424.60	82.00
424.80	37.00
425.00	31.00
425.20	5.00
425.40	16.00
425.61	-15.00
425.81	14.00
426.01	1.00
426.21	24.00
426.41	60.00
426.61	86.00
426.81	41.00
427.01	30.00
427.21	22.00
427.42	152.00
427.62	85.00
427.82	38.00
428.02	61.00
428.22	25.00
428.42	-50.00
428.62	-19.00
428.82	25.00
429.02	12.00
429.23	-46.00
429.43	-21.00
429.63	-1.00
429.83	3.00
430.03	74.00
430.23	49.00
430.43	11.00
430.63	-5.00
430.83	22.00
431.03	17.00
431.24	55.00
431.44	38.00
431.64	100.00
431.84	19.00
432.04	29.00
432.24	-44.00
432.44	43.00
432.64	82.00
432.84	96.00
433.04	62.00
433.24	14.00
433.45	10.00
433.65	63.00
433.85	100.00
434.05	61.00
434.25	37.00
434.45	65.00
434.65	116.00
434.85	20.00
435.05	53.00
435.25	79.00
435.45	62.00
435.65	72.00
435.86	96.00
436.06	95.00
436.26	44.00
436.46	11.00
436.66	-32.00
436.86	-20.00
437.06	-15.00
437.26	-64.00
437.46	-25.00
437.66	64.00
437.86	50.00
438.06	55.00
438.26	26.00
438.47	15.00
438.67	10.00
438.87	31.00
439.07	-5.00
439.27	-3.00
439.47	46.00
439.67	57.00
439.87	26.00
440.07	61.00
440.27	91.00
440.47	13.00
440.67	64.00
440.87	27.00
441.07	57.00
441.27	64.00
441.48	44.00
441.68	28.00
441.88	55.00
442.08	57.00
442.28	42.00
442.48	4.00
442.68	70.00
442.88	99.00
443.08	113.00
443.28	45.00
443.48	-30.00
443.68	3.00
443.88	67.00
444.08	22.00
444.28	47.00
444.48	37.00
444.68	104.00
444.88	83.00
445.09	-27.00
445.29	30.00
445.49	58.00
445.69	52.00
445.89	25.00
446.09	41.00
446.29	71.00
446.49	75.00
446.69	-2.00
446.89	-21.00
447.09	39.00
447.29	97.00
447.49	93.00
447.69	23.00
447.89	-17.00
448.09	-8.00
448.29	44.00
448.49	72.00
448.69	96.00
448.89	34.00
449.09	46.00
449.29	34.00
449.49	74.00
449.70	46.00
449.90	39.00
450.10	69.00
450.30	129.00
450.50	157.00
450.70	107.00
450.90	16.00
451.10	23.00
451.30	80.00
451.50	62.00
451.70	31.00
451.90	10.00
452.10	32.00
452.30	36.00
452.50	47.00
452.70	105.00
452.90	133.00
453.10	48.00
453.30	6.00
453.50	6.00
453.70	130.00
453.90	104.00
454.10	72.00
454.30	127.00
454.50	61.00
454.70	47.00
454.90	84.00
455.10	68.00
455.30	23.00
455.50	-12.00
455.70	23.00
455.90	70.00
456.10	90.00
456.30	66.00
456.50	54.00
456.70	89.00
456.90	45.00
457.10	9.00
457.30	107.00
457.50	77.00
457.70	49.00
457.90	135.00
458.10	38.00
458.30	38.00
458.50	106.00
458.70	103.00
458.90	71.00
459.10	65.00
459.30	13.00
459.50	67.00
459.70	118.00
459.90	48.00
460.10	57.00
460.30	141.00
460.50	102.00
460.70	33.00
460.90	64.00
461.10	53.00
461.30	71.00
461.50	81.00
461.70	86.00
461.90	102.00
462.10	50.00
462.30	62.00
462.50	111.00
462.70	111.00
462.90	79.00
463.10	109.00
463.30	101.00
463.50	53.00
463.70	10.00
463.90	64.00
464.10	77.00
464.30	53.00
464.50	50.00
464.70	37.00
464.90	90.00
465.10	170.00
465.30	131.00
465.50	123.00
465.70	108.00
465.90	107.00
466.10	111.00
466.30	115.00
466.50	101.00
466.70	84.00
466.90	19.00
467.10	-29.00
467.30	-13.00
467.50	112.00
467.70	142.00
467.90	88.00
468.10	123.00
468.30	129.00
468.50	140.00
468.70	75.00
468.90	54.00
469.10	128.00
469.30	83.00
469.50	100.00
469.70	90.00
469.90	25.00
470.10	102.00
470.30	92.00
470.50	28.00
470.70	93.00
470.90	70.00
471.10	29.00
471.29	-2.00
471.49	-26.00
471.69	81.00
471.89	65.00
472.09	85.00
472.29	109.00
472.49	73.00
472.69	95.00
472.89	128.00
473.09	164.00
473.29	59.00
473.49	76.00
473.69	96.00
473.89	78.00
474.09	82.00
474.29	52.00
474.49	34.00
474.69	-6.00
474.89	45.00
475.09	35.00
475.29	50.00
475.49	121.00
475.69	129.00
475.88	100.00
476.08	116.00
476.28	33.00
476.48	51.00
476.68	88.00
476.88	108.00
477.08	76.00
477.28	27.00
477.48	105.00
477.68	60.00
477.88	44.00
478.08	96.00
478.28	103.00
478.48	50.00
478.68	36.00
478.88	76.00
479.08	72.00
479.28	99.00
479.47	111.00
479.67	108.00
479.87	78.00
480.07	96.00
480.27	98.00
480.47	121.00
480.67	74.00
480.87	63.00
481.07	72.00
481.27	129.00
481.47	141.00
481.67	111.00
481.87	121.00
482.07	180.00
482.27	105.00
482.46	29.00
482.66	31.00
482.86	110.00
483.06	128.00
483.26	219.00
483.46	138.00
483.66	93.00
483.86	187.00
484.06	132.00
484.26	127.00
484.46	113.00
484.66	54.00
484.86	61.00
485.05	138.00
485.25	117.00
485.45	13.00
485.65	61.00
485.85	68.00
486.05	83.00
486.25	102.00
486.45	83.00
486.65	120.00
486.85	96.00
487.05	57.00
487.25	85.00
487.44	103.00
487.64	112.00
487.84	124.00
488.04	123.00
488.24	20.00
488.44	86.00
488.64	190.00
488.84	160.00
489.04	138.00
489.24	66.00
489.43	115.00
489.63	115.00
489.83	122.00
490.03	107.00
490.23	111.00
490.43	60.00
490.63	173.00
490.83	209.00
491.03	165.00
491.23	182.00
491.42	116.00
491.62	135.00
491.82	163.00
492.02	113.00
492.22	95.00
492.42	80.00
492.62	172.00
492.82	182.00
493.02	133.00
493.22	88.00
493.41	100.00
493.61	172.00
493.81	125.00
494.01	169.00
494.21	100.00
494.41	98.00
494.61	70.00
494.81	130.00
495.01	188.00
495.20	154.00
495.40	127.00
495.60	101.00
495.80	155.00
496.00	158.00
496.20	95.00
496.40	107.00
496.60	120.00
496.79	91.00
496.99	89.00
497.19	107.00
497.39	149.00
497.59	100.00
497.79	154.00
497.99	133.00
498.19	155.00
498.38	133.00
498.58	56.00
498.78	109.00
498.98	125.00
499.18	138.00
499.38	166.00
499.58	164.00
499.78	141.00
499.97	155.00
500.17	205.00
500.37	113.00
500.57	142.00
500.77	124.00
500.97	162.00
501.17	138.00
501.37	152.00
501.56	159.00
501.76	110.00
501.96	175.00
502.16	207.00
502.36	112.00
502.56	173.00
502.76	201.00
502.95	183.00
503.15	90.00
503.35	146.00
503.55	182.00
503.75	159.00
503.95	127.00
504.15	245.00
504.34	149.00
504.54	123.00
504.74	124.00
504.94	73.00
505.14	177.00
505.34	107.00
505.54	184.00
505.73	200.00
505.93	161.00
506.13	116.00
506.33	185.00
506.53	214.00
506.73	166.00
506.92	126.00
507.12	150.00
507.32	159.00
507.52	163.00
507.72	109.00
507.92	129.00
508.12	145.00
508.31	135.00
508.51	95.00
508.71	154.00
508.91	94.00
509.11	125.00
509.31	132.00
509.50	180.00
509.70	171.00
509.90	127.00
510.10	147.00
510.30	174.00
510.50	232.00
510.69	111.00
510.89	117.00
511.09	146.00
511.29	135.00
511.49	164.00
511.69	165.00
511.88	149.00
512.08	135.00
512.28	186.00
512.48	172.00
512.68	120.00
512.88	160.00
513.07	127.00
513.27	159.00
513.47	150.00
513.67	118.00
513.87	82.00
514.06	128.00
514.26	199.00
514.46	125.00
514.66	101.00
514.86	107.00
515.06	162.00
515.25	167.00
515.45	94.00
515.65	150.00
515.85	159.00
516.05	69.00
516.24	124.00
516.44	129.00
516.64	59.00
516.84	139.00
517.04	149.00
517.23	198.00
517.43	153.00
517.63	117.00
517.83	174.00
518.03	213.00
518.23	201.00
518.42	122.00
518.62	221.00
518.82	195.00
519.02	123.00
519.22	156.00
519.41	165.00
519.61	156.00
519.81	199.00
520.01	176.00
520.21	174.00
520.40	221.00
520.60	174.00
520.80	120.00
521.00	192.00
521.20	201.00
521.39	120.00
521.59	115.00
521.79	212.00
521.99	180.00
522.19	184.00
522.38	162.00
522.58	194.00
522.78	184.00
522.98	178.00
523.17	190.00
523.37	151.00
523.57	153.00
523.77	132.00
523.97	181.00
524.16	123.00
524.36	141.00
524.56	174.00
524.76	148.00
524.96	162.00
525.15	102.00
525.35	95.00
525.55	151.00
525.75	172.00
525.94	121.00
526.14	223.00
526.34	248.00
526.54	167.00
526.74	146.00
526.93	194.00
527.13	168.00
527.33	112.00
527.53	140.00
527.72	195.00
527.92	141.00
528.12	178.00
528.32	106.00
528.52	100.00
528.71	59.00
528.91	75.00
529.11	169.00
529.31	231.00
529.50	212.00
529.70	209.00
529.90	193.00
530.10	274.00
530.29	268.00
530.49	218.00
530.69	148.00
530.89	196.00
531.09	173.00
531.28	174.00
531.48	175.00
531.68	186.00
531.88	250.00
532.07	311.00
532.27	301.00
532.47	254.00
532.67	209.00
532.86	263.00
533.06	239.00
533.26	261.00
533.46	279.00
533.65	258.00
533.85	247.00
534.05	256.00
534.25	280.00
534.44	262.00
534.64	227.00
534.84	253.00
535.04	262.00
535.23	296.00
535.43	317.00
535.63	382.00
535.83	253.00
536.02	267.00
536.22	256.00
536.42	270.00
536.62	335.00
536.81	332.00
537.01	306.00
537.21	300.00
537.41	321.00
537.60	404.00
537.80	374.00
538.00	343.00
538.20	258.00
538.39	279.00
538.59	234.00
538.79	263.00
538.99	275.00
539.18	295.00
539.38	324.00
539.58	347.00
539.77	266.00
539.97	324.00
540.17	381.00
540.37	320.00
540.56	386.00
540.76	401.00
540.96	424.00
541.16	428.00
541.35	340.00
541.55	429.00
541.75	429.00
541.94	394.00
542.14	346.00
542.34	376.00
542.54	398.00
542.73	447.00
542.93	421.00
543.13	393.00
543.33	452.00
543.52	437.00
543.72	433.00
543.92	400.00
544.11	411.00
544.31	408.00
544.51	464.00
544.71	450.00
544.90	390.00
545.10	442.00
545.30	416.00
545.49	438.00
545.69	447.00
545.89	473.00
546.09	515.00
546.28	562.00
546.48	499.00
546.68	439.00
546.87	452.00
547.07	377.00
547.27	347.00
547.47	355.00
547.66	387.00
547.86	444.00
548.06	366.00
548.25	376.00
548.45	296.00
548.65	335.00
548.84	392.00
549.04	329.00
549.24	330.00
549.44	386.00
549.63	370.00
549.83	324.00
550.03	363.00
550.22	363.00
550.42	365.00
550.62	343.00
550.81	414.00
551.01	328.00
551.21	338.00
551.41	358.00
551.60	314.00
551.80	275.00
552.00	322.00
552.19	323.00
552.39	287.00
552.59	283.00
552.78	372.00
552.98	323.00
553.18	344.00
553.37	335.00
553.57	309.00
553.77	354.00
553.96	341.00
554.16	306.00
554.36	337.00
554.56	335.00
554.75	367.00
554.95	300.00
555.15	353.00
555.34	377.00
555.54	383.00
555.74	368.00
555.93	306.00
556.13	347.00
556.33	292.00
556.52	291.00
556.72	306.00
556.92	325.00
557.11	313.00
557.31	356.00
557.51	321.00
557.70	261.00
557.90	328.00
558.10	286.00
558.29	266.00
558.49	269.00
558.69	313.00
558.88	310.00
559.08	331.00
559.28	369.00
559.47	256.00
559.67	280.00
559.87	343.00
560.06	273.00
560.26	257.00
560.46	236.00
560.65	332.00
560.85	355.00
561.05	295.00
561.24	301.00
561.44	326.00
561.64	386.00
561.83	342.00
562.03	274.00
562.23	380.00
562.42	355.00
562.62	371.00
562.82	307.00
563.01	331.00
563.21	332.00
563.40	326.00
563.60	234.00
563.80	282.00
563.99	297.00
564.19	316.00
564.39	351.00
564.58	343.00
564.78	323.00
564.98	233.00
565.17	350.00
565.37	251.00
565.57	301.00
565.76	321.00
565.96	331.00
566.16	345.00
566.35	340.00
566.55	354.00
566.74	351.00
566.94	319.00
567.14	353.00
567.33	354.00
567.53	295.00
567.73	337.00
567.92	339.00
568.12	286.00
568.32	371.00
568.51	330.00
568.71	339.00
568.90	348.00
569.10	353.00
569.30	328.00
569.49	281.00
569.69	374.00
569.89	410.00
570.08	379.00
570.28	350.00
570.47	398.00
570.67	303.00
570.87	261.00
571.06	300.00
571.26	277.00
571.46	275.00
571.65	395.00
571.85	346.00
572.04	346.00
572.24	371.00
572.44	347.00
572.63	378.00
572.83	405.00
573.03	303.00
573.22	289.00
573.42	371.00
573.61	437.00
573.81	467.00
574.01	409.00
574.20	398.00
574.40	384.00
574.59	440.00
574.79	424.00
574.99	450.00
575.18	425.00
575.38	466.00
575.58	492.00
575.77	498.00
575.97	541.00
576.16	457.00
576.36	471.00
576.56	426.00
576.75	423.00
576.95	480.00
577.14	560.00
577.34	564.00
577.54	455.00
577.73	454.00
577.93	498.00
578.12	528.00
578.32	460.00
578.52	543.00
578.71	525.00
578.91	525.00
579.10	522.00
579.30	562.00
579.50	597.00
579.69	546.00
579.89	578.00
580.08	547.00
580.28	487.00
580.48	527.00
580.67	509.00
580.87	673.00
581.06	668.00
581.26	593.00
581.45	622.00
581.65	583.00
581.85	569.00
582.04	606.00
582.24	654.00
582.43	801.00
582.63	698.00
582.83	661.00
583.02	679.00
583.22	635.00
583.41	693.00
583.61	731.00
583.80	710.00
584.00	748.00
584.20	756.00
584.39	734.00
584.59	693.00
584.78	709.00
584.98	698.00
585.17	704.00
585.37	761.00
585.57	806.00
585.76	791.00
585.96	793.00
586.15	758.00
586.35	780.00
586.54	821.00
586.74	792.00
586.94	832.00
587.13	803.00
587.33	882.00
587.52	915.00
587.72	964.00
587.91	966.00
588.11	879.00
588.31	905.00
588.50	887.00
588.70	916.00
588.89	869.00
589.09	901.00
589.28	944.00
589.48	983.00
589.68	982.00
589.87	1024.00
590.07	1025.00
590.26	960.00
590.46	980.00
590.65	1021.00
590.85	1006.00
591.04	1050.00
591.24	1036.00
591.44	1108.00
591.63	1050.00
591.83	975.00
592.02	1087.00
592.22	1172.00
592.41	1152.00
592.61	1125.00
592.80	1139.00
593.00	1129.00
593.19	1160.00
593.39	1156.00
593.59	1192.00
593.78	1276.00
593.98	1213.00
594.17	1136.00
594.37	1140.00
594.56	1114.00
594.76	1156.00
594.95	1188.00
595.15	1250.00
595.34	1226.00
595.54	1227.00
595.73	1194.00
595.93	1176.00
596.13	1353.00
596.32	1285.00
596.52	1234.00
596.71	1227.00
596.91	1250.00
597.10	1289.00
597.30	1253.00
597.49	1169.00
597.69	1261.00
597.88	1371.00
598.08	1300.00
598.27	1391.00
598.47	1360.00
598.66	1384.00
598.86	1349.00
599.06	1332.00
599.25	1312.00
599.45	1384.00
599.64	1354.00
599.84	1383.00
600.03	1332.00
600.23	1374.00
600.42	1398.00
600.62	1383.00
600.81	1350.00
601.01	1372.00
601.20	1399.00
601.40	1373.00
601.59	1412.00
601.79	1311.00
601.98	1372.00
602.18	1288.00
602.37	1327.00
602.57	1336.00
602.76	1331.00
602.96	1336.00
603.15	1290.00
603.35	1368.00
603.54	1376.00
603.74	1317.00
603.93	1390.00
604.13	1297.00
604.32	1408.00
604.52	1424.00
604.71	1381.00
604.91	1361.00
605.10	1352.00
605.30	1430.00
605.49	1452.00
605.69	1443.00
605.88	1380.00
606.08	1362.00
606.27	1413.00
606.47	1376.00
606.66	1326.00
606.86	1380.00
607.05	1397.00
607.25	1345.00
607.44	1354.00
607.64	1351.00
607.83	1404.00
608.03	1403.00
608.22	1486.00
608.42	1467.00
608.61	1451.00
608.81	1514.00
609.00	1554.00
609.20	1615.00
609.39	1668.00
609.59	1657.00
609.78	1897.00
609.98	2047.00
610.17	2106.00
610.37	2190.00
610.56	2274.00
610.76	2276.00
610.95	2384.00
611.15	2475.00
611.34	2621.00
611.54	2701.00
611.73	2706.00
611.93	2608.00
612.12	2465.00
612.32	2259.00
612.51	1973.00
612.71	1895.00
612.90	1838.00
613.09	1764.00
613.29	1779.00
613.48	1674.00
613.68	1622.00
613.87	1613.00
614.07	1612.00
614.26	1723.00
614.46	1693.00
614.65	1665.00
614.85	1637.00
615.04	1654.00
615.24	1682.00
615.43	1649.00
615.63	1537.00
615.82	1473.00
616.02	1473.00
616.21	1615.00
616.40	1474.00
616.60	1449.00
616.79	1383.00
616.99	1428.00
617.18	1415.00
617.38	1461.00
617.57	1458.00
617.77	1416.00
617.96	1346.00
618.16	1436.00
618.35	1370.00
618.54	1401.00
618.74	1388.00
618.93	1291.00
619.13	1438.00
619.32	1489.00
619.52	1429.00
619.71	1458.00
619.91	1473.00
620.10	1473.00
620.30	1384.00
620.49	1424.00
620.68	1445.00
620.88	1548.00
621.07	1602.00
621.27	1562.00
621.46	1592.00
621.66	1528.00
621.85	1434.00
622.05	1411.00
622.24	1491.00
622.43	1462.00
622.63	1502.00
622.82	1547.00
623.02	1512.00
623.21	1477.00
623.41	1519.00
623.60	1589.00
623.80	1554.00
623.99	1584.00
624.18	1544.00
624.38	1532.00
624.57	1558.00
624.77	1603.00
624.96	1580.00
625.16	1548.00
625.35	1602.00
625.54	1595.00
625.74	1580.00
625.93	1542.00
626.13	1708.00
626.32	1693.00
626.52	1621.00
626.71	1584.00
626.90	1557.00
627.10	1606.00
627.29	1566.00
627.49	1635.00
627.68	1632.00
627.88	1671.00
628.07	1695.00
628.26	1653.00
628.46	1653.00
628.65	1650.00
628.85	1638.00
629.04	1775.00
629.23	1740.00
629.43	1794.00
629.62	1749.00
629.82	1703.00
630.01	1728.00
630.21	1840.00
630.40	1779.00
630.59	1719.00
630.79	1819.00
630.98	1804.00
631.18	1770.00
631.37	1809.00
631.56	1866.00
631.76	1932.00
631.95	1874.00
632.15	1811.00
632.34	1808.00
632.53	1761.00
632.73	1732.00
632.92	1801.00
633.12	1795.00
633.31	1700.00
633.50	1666.00
633.70	1712.00
633.89	1798.00
634.09	1755.00
634.28	1750.00
634.47	1745.00
634.67	1760.00
634.86	1757.00
635.06	1795.00
635.25	1831.00
635.44	1843.00
635.64	1816.00
635.83	1810.00
636.03	1774.00
636.22	1857.00
636.41	1855.00
636.61	1872.00
636.80	1821.00
637.00	1929.00
637.19	1885.00
637.38	1946.00
637.58	1920.00
637.77	1899.00
637.96	1989.00
638.16	1970.00
638.35	1901.00
638.55	1946.00
638.74	1871.00
638.93	1927.00
639.13	1947.00
639.32	2014.00
639.51	1979.00
639.71	1962.00
639.90	1913.00
640.10	1991.00
640.29	2029.00
640.48	2047.00
640.68	1987.00
640.87	1986.00
641.07	2024.00
641.26	2118.00
641.45	2087.00
641.65	2091.00
641.84	2117.00
642.03	2118.00
642.23	2103.00
642.42	2126.00
642.61	2118.00
642.81	2077.00
643.00	2123.00
643.20	2142.00
643.39	2119.00
643.58	2189.00
643.78	2188.00
643.97	2141.00
644.16	2123.00
644.36	2262.00
644.55	2307.00
644.74	2278.00
644.94	2306.00
645.13	2305.00
645.33	2331.00
645.52	2385.00
645.71	2303.00
645.91	2323.00
646.10	2355.00
646.29	2365.00
646.49	2376.00
646.68	2309.00
646.87	2372.00
647.07	2328.00
647.26	2283.00
647.45	2348.00
647.65	2328.00
647.84	2280.00
648.03	2282.00
648.23	2376.00
648.42	2464.00
648.62	2442.00
648.81	2358.00
649.00	2473.00
649.20	2428.00
649.39	2448.00
649.58	2349.00
649.78	2429.00
649.97	2428.00
650.16	2470.00
650.36	2380.00
650.55	2424.00
650.74	2503.00
650.94	2500.00
651.13	2405.00
651.32	2376.00
651.52	2384.00
651.71	2424.00
651.90	2444.00
652.10	2457.00
652.29	2518.00
652.48	2452.00
652.68	2448.00
652.87	2364.00
653.06	2426.00
653.26	2479.00
653.45	2422.00
653.64	2458.00
653.84	2452.00
654.03	2405.00
654.22	2392.00
654.42	2337.00
654.61	2439.00
654.80	2472.00
654.99	2451.00
655.19	2464.00
655.38	2403.00
655.57	2509.00
655.77	2456.00
655.96	2461.00
656.15	2408.00
656.35	2435.00
656.54	2382.00
656.73	2448.00
656.93	2429.00
657.12	2410.00
657.31	2442.00
657.51	2479.00
657.70	2350.00
657.89	2468.00
658.09	2531.00
658.28	2449.00
658.47	2386.00
658.66	2433.00
658.86	2400.00
659.05	2472.00
659.24	2380.00
659.44	2431.00
659.63	2459.00
659.82	2358.00
660.02	2388.00
660.21	2428.00
660.40	2371.00
660.60	2463.00
660.79	2475.00
660.98	2364.00
661.17	2304.00
661.37	2444.00
661.56	2398.00
661.75	2408.00
661.95	2408.00
662.14	2450.00
662.33	2364.00
662.52	2435.00
662.72	2370.00
662.91	2342.00
663.10	2379.00
663.30	2466.00
663.49	2283.00
663.68	2241.00
663.88	2339.00
664.07	2382.00
664.26	2339.00
664.45	2341.00
664.65	2301.00
664.84	2303.00
665.03	2205.00
665.23	2181.00
665.42	2237.00
665.61	2225.00
665.80	2250.00
666.00	2248.00
666.19	2296.00
666.38	2348.00
666.57	2272.00
666.77	2209.00
666.96	2228.00
667.15	2326.00
667.35	2366.00
667.54	2340.00
667.73	2225.00
667.92	2258.00
668.12	2315.00
668.31	2319.00
668.50	2236.00
668.70	2240.00
668.89	2161.00
669.08	2166.00
669.27	2234.00
669.47	2178.00
669.66	2200.00
669.85	2232.00
670.04	2123.00
670.24	2189.00
670.43	2237.00
670.62	2130.00
670.81	2140.00
671.01	2197.00
671.20	2324.00
671.39	2238.00
671.58	2253.00
671.78	2236.00
671.97	2143.00
672.16	2120.00
672.36	2187.00
672.55	2132.00
672.74	2138.00
672.93	2045.00
673.13	2048.00
673.32	2090.00
673.51	2090.00
673.70	2205.00
673.90	2182.00
674.09	2102.00
674.28	2219.00
674.47	2159.00
674.67	2085.00
674.86	2165.00
675.05	2127.00
675.24	2122.00
675.44	2106.00
675.63	2046.00
675.82	2026.00
676.01	1972.00
676.21	1979.00
676.40	2047.00
676.59	1987.00
676.78	2025.00
676.97	1998.00
677.17	2052.00
677.36	2108.00
677.55	2004.00
677.74	2091.00
677.94	2067.00
678.13	2024.00
678.32	2000.00
678.51	2006.00
678.71	2053.00
678.90	2049.00
679.09	2088.00
679.28	2144.00
679.48	2097.00
679.67	1967.00
679.86	2109.00
680.05	2104.00
680.24	2094.00
680.44	1973.00
680.63	2087.00
680.82	2043.00
681.01	2086.00
681.21	1961.00
681.40	2025.00
681.59	2093.00
681.78	2046.00
681.97	1965.00
682.17	2015.00
682.36	1980.00
682.55	2001.00
682.74	2013.00
682.94	2121.00
683.13	2003.00
683.32	2018.00
683.51	2073.00
683.70	2040.00
683.90	1965.00
684.09	1981.00
684.28	1941.00
684.47	1933.00
684.66	1944.00
684.86	1951.00
685.05	1941.00
685.24	1947.00
685.43	1960.00
685.63	2032.00
685.82	2051.00
686.01	1953.00
686.20	1982.00
686.39	1956.00
686.59	1930.00
686.78	1956.00
686.97	1994.00
687.16	2015.00
687.35	2016.00
687.55	2029.00
687.74	2008.00
687.93	1987.00
688.12	2001.00
688.31	1992.00
688.51	2009.00
688.70	1970.00
688.89	1997.00
689.08	2028.00
689.27	2042.00
689.47	1995.00
689.66	1965.00
689.85	1951.00
690.04	1980.00
690.23	1951.00
690.42	2042.00
690.62	2001.00
690.81	1979.00
691.00	1954.00
691.19	1950.00
691.38	1857.00
691.58	1924.00
691.77	1927.00
691.96	1911.00
692.15	1937.00
692.34	1958.00
692.54	2000.00
692.73	2084.00
692.92	1961.00
693.11	1893.00
693.30	1907.00
693.49	1928.00
693.69	1914.00
693.88	1915.00
694.07	1959.00
694.26	1915.00
694.45	1922.00
694.64	1945.00
694.84	1909.00
695.03	1962.00
695.22	1948.00
695.41	1997.00
695.60	1946.00
695.80	1826.00
695.99	1771.00
696.18	1814.00
696.37	1903.00
696.56	2007.00
696.75	1863.00
696.95	2023.00
697.14	2017.00
697.33	2105.00
697.52	2073.00
697.71	1909.00
697.90	2023.00
698.09	2148.00
698.29	2063.00
698.48	2073.00
698.67	2049.00
698.86	1988.00
699.05	2060.00
699.24	2044.00
699.44	1991.00
699.63	1982.00
699.82	1904.00
700.01	1918.00
700.20	1952.00
700.39	2044.00
700.58	1989.00
700.78	2012.00
700.97	1937.00
701.16	1956.00
701.35	2010.00
701.54	2048.00
701.73	2060.00
701.93	2062.00
702.12	2046.00
702.31	2033.00
702.50	2150.00
702.69	2154.00
702.88	2105.00
703.07	2149.00
703.27	2143.00
703.46	2099.00
703.65	2145.00
703.84	2242.00
704.03	2180.00
704.22	2143.00
704.41	2138.00
704.60	2184.00
704.80	2233.00
704.99	2264.00
705.18	2213.00
705.37	2141.00
705.56	2130.00
705.75	2139.00
705.94	2212.00
706.14	2224.00
706.33	2186.00
706.52	2227.00
706.71	2340.00
706.90	2372.00
707.09	2326.00
707.28	2303.00
707.47	2249.00
707.67	2268.00
707.86	2264.00
708.05	2381.00
708.24	2451.00
708.43	2414.00
708.62	2448.00
708.81	2416.00
709.00	2388.00
709.20	2398.00
709.39	2443.00
709.58	2374.00
709.77	2290.00
709.96	2324.00
710.15	2411.00
710.34	2466.00
710.53	2343.00
710.72	2353.00
710.92	2396.00
711.11	2418.00
711.30	2351.00
711.49	2329.00
711.68	2393.00
711.87	2322.00
712.06	2323.00
712.25	2428.00
712.44	2485.00
712.64	2490.00
712.83	2517.00
713.02	2517.00
713.21	2438.00
713.40	2454.00
713.59	2469.00
713.78	2386.00
713.97	2444.00
714.16	2481.00
714.35	2519.00
714.55	2560.00
714.74	2469.00
714.93	2374.00
715.12	2466.00
715.31	2499.00
715.50	2522.00
715.69	2505.00
715.88	2409.00
716.07	2405.00
716.26	2480.00
716.45	2429.00
716.65	2423.00
716.84	2485.00
717.03	2485.00
717.22	2536.00
717.41	2480.00
717.60	2401.00
717.79	2512.00
717.98	2556.00
718.17	2550.00
718.36	2528.00
718.55	2469.00
718.75	2484.00
718.94	2474.00
719.13	2513.00
719.32	2518.00
719.51	2510.00
719.70	2520.00
719.89	2553.00
720.08	2558.00
720.27	2591.00
720.46	2635.00
720.65	2558.00
720.84	2576.00
721.03	2579.00
721.22	2512.00
721.42	2535.00
721.61	2539.00
721.80	2570.00
721.99	2536.00
722.18	2548.00
722.37	2505.00
722.56	2484.00
722.75	2527.00
722.94	2498.00
723.13	2606.00
723.32	2612.00
723.51	2662.00
723.70	2628.00
723.89	2553.00
724.08	2557.00
724.28	2608.00
724.47	2571.00
724.66	2586.00
724.85	2524.00
725.04	2565.00
725.23	2642.00
725.42	2690.00
725.61	2565.00
725.80	2592.00
725.99	2646.00
726.18	2691.00
726.37	2579.00
726.56	2517.00
726.75	2624.00
726.94	2715.00
727.13	2649.00
727.32	2626.00
727.51	2651.00
727.71	2644.00
727.90	2506.00
728.09	2533.00
728.28	2557.00
728.47	2648.00
728.66	2616.00
728.85	2535.00
729.04	2544.00
729.23	2652.00
729.42	2488.00
729.61	2630.00
729.80	2678.00
729.99	2646.00
730.18	2580.00
730.37	2468.00
730.56	2547.00
730.75	2633.00
730.94	2591.00
731.13	2560.00
731.32	2504.00
731.51	2454.00
731.70	2528.00
731.89	2609.00
732.08	2656.00
732.27	2640.00
732.46	2613.00
732.65	2618.00
732.84	2603.00
733.04	2588.00
733.23	2508.00
733.42	2588.00
733.61	2597.00
733.80	2574.00
733.99	2562.00
734.18	2594.00
734.37	2562.00
734.56	2538.00
734.75	2495.00
734.94	2525.00
735.13	2553.00
735.32	2519.00
735.51	2393.00
735.70	2363.00
735.89	2440.00
736.08	2373.00
736.27	2494.00
736.46	2404.00
736.65	2382.00
736.84	2418.00
737.03	2461.00
737.22	2355.00
737.41	2442.00
737.60	2467.00
737.79	2439.00
737.98	2462.00
738.17	2450.00
738.36	2387.00
738.55	2368.00
738.74	2364.00
738.93	2417.00
739.12	2415.00
739.31	2395.00
739.50	2498.00
739.69	2540.00
739.88	2438.00
740.07	2403.00
740.26	2482.00
740.45	2449.00
740.64	2552.00
740.83	2353.00
741.02	2288.00
741.21	2319.00
741.40	2339.00
741.59	2340.00
741.78	2340.00
741.97	2392.00
742.16	2260.00
742.35	2225.00
742.54	2266.00
742.73	2306.00
742.92	2338.00
743.11	2394.00
743.30	2273.00
743.49	2283.00
743.68	2205.00
743.87	2311.00
744.06	2245.00
744.25	2243.00
744.44	2266.00
744.63	2231.00
744.82	2245.00
745.01	2221.00
745.20	2265.00
745.39	2169.00
745.58	2170.00
745.77	2132.00
745.96	2193.00
746.15	2163.00
746.34	2168.00
746.52	2255.00
746.71	2270.00
746.90	2154.00
747.09	2235.00
747.28	2284.00
747.47	2247.00
747.66	2233.00
747.85	2259.00
748.04	2184.00
748.23	2130.00
748.42	2104.00
748.61	2187.00
748.80	2138.00
748.99	2042.00
749.18	2065.00
749.37	2098.00
749.56	2116.00
749.75	2151.00
749.94	2083.00
750.13	2060.00
750.32	2165.00
750.51	2124.00
750.70	2154.00
750.89	2055.00
751.08	1910.00
751.27	1994.00
751.46	2098.00
751.64	2097.00
751.83	1938.00
752.02	1925.00
752.21	1989.00
752.40	1943.00
752.59	2001.00
752.78	1993.00
752.97	2028.00
753.16	2054.00
753.35	2064.00
753.54	1980.00
753.73	2038.00
753.92	1996.00
754.11	1989.00
754.30	1956.00
754.49	1920.00
754.68	1995.00
754.87	1894.00
755.06	1948.00
755.24	2010.00
755.43	2028.00
755.62	2037.00
755.81	1969.00
756.00	2024.00
756.19	1999.00
756.38	1926.00
756.57	1921.00
756.76	1876.00
756.95	1952.00
757.14	1871.00
757.33	1857.00
757.52	1815.00
757.71	1848.00
757.90	1892.00
758.08	1820.00
758.27	1865.00
758.46	1798.00
758.65	1816.00
758.84	1874.00
759.03	1910.00
759.22	1884.00
759.41	1867.00
759.60	1842.00
759.79	1851.00
759.98	1737.00
760.17	1780.00
760.36	1836.00
760.54	1833.00
760.73	1879.00
760.92	1819.00
761.11	1778.00
761.30	1814.00
761.49	1785.00
761.68	1663.00
761.87	1707.00
762.06	1635.00
762.25	1555.00
762.44	1501.00
762.63	1630.00
762.81	1576.00
763.00	1559.00
763.19	1572.00
763.38	1568.00
763.57	1493.00
763.76	1460.00
763.95	1491.00
764.14	1518.00
764.33	1546.00
764.52	1561.00
764.71	1664.00
764.89	1631.00
765.08	1585.00
765.27	1585.00
765.46	1569.00
765.65	1596.00
765.84	1567.00
766.03	1497.00
766.22	1628.00
766.41	1580.00
766.59	1640.00
766.78	1607.00
766.97	1591.00
767.16	1582.00
767.35	1586.00
767.54	1728.00
767.73	1740.00
767.92	1664.00
768.11	1587.00
768.30	1735.00
768.48	1746.00
768.67	1708.00
768.86	1762.00
769.05	1827.00
769.24	1784.00
769.43	1729.00
769.62	1738.00
769.81	1719.00
769.99	1726.00
770.18	1746.00
770.37	1732.00
770.56	1735.00
770.75	1787.00
770.94	1773.00
771.13	1727.00
771.32	1762.00
771.50	1723.00
771.69	1771.00
771.88	1730.00
772.07	1778.00
772.26	1783.00
772.45	1685.00
772.64	1750.00
772.83	1777.00
773.01	1789.00
773.20	1765.00
773.39	1760.00
773.58	1815.00
773.77	1797.00
773.96	1843.00
774.15	1831.00
774.34	1764.00
774.52	1719.00
774.71	1705.00
774.90	1691.00
775.09	1713.00
775.28	1734.00
775.47	1755.00
775.66	1694.00
775.84	1680.00
776.03	1716.00
776.22	1725.00
776.41	1730.00
776.60	1665.00
776.79	1644.00
776.98	1732.00
777.16	1734.00
777.35	1761.00
777.54	1775.00
777.73	1716.00
777.92	1652.00
778.11	1653.00
778.29	1640.00
778.48	1627.00
778.67	1712.00
778.86	1726.00
779.05	1697.00
779.24	1650.00
779.43	1637.00
779.61	1644.00
779.80	1679.00
779.99	1734.00
780.18	1695.00
780.37	1799.00
780.56	1758.00
780.74	1761.00
780.93	1747.00
781.12	1686.00
781.31	1769.00
781.50	1651.00
781.69	1705.00
781.87	1702.00
782.06	1697.00
782.25	1680.00
782.44	1632.00
782.63	1671.00
782.82	1677.00
783.00	1746.00
783.19	1710.00
783.38	1598.00
783.57	1807.00
783.76	1709.00
783.95	1781.00
784.13	1749.00
784.32	1735.00
784.51	1716.00
784.70	1672.00
784.89	1734.00
785.08	1658.00
785.26	1668.00
785.45	1726.00
785.64	1736.00
785.83	1767.00
786.02	1751.00
786.20	1812.00
786.39	1811.00
786.58	1770.00
786.77	1662.00
786.96	1703.00
787.15	1734.00
787.33	1677.00
787.52	1711.00
787.71	1725.00
787.90	1819.00
788.09	1751.00
788.27	1808.00
788.46	1760.00
788.65	1729.00
788.84	1841.00
789.03	1777.00
789.21	1794.00
789.40	1768.00
789.59	1684.00
789.78	1714.00
789.97	1769.00
790.15	1819.00
790.34	1784.00
790.53	1694.00
790.72	1715.00
790.91	1778.00
791.09	1768.00
791.28	1760.00
791.47	1723.00
791.66	1862.00
791.85	1825.00
792.03	1778.00
792.22	1770.00
792.41	1815.00
792.60	1841.00
792.79	1806.00
792.97	1787.00
793.16	1827.00
793.35	1841.00
793.54	1887.00
793.72	1859.00
793.91	1876.00
794.10	1903.00
794.29	1913.00
794.48	1890.00
794.66	1817.00
794.85	1872.00
795.04	1898.00
795.23	1902.00
795.42	1859.00
795.60	1891.00
795.79	1814.00
795.98	1809.00
796.17	1833.00
796.35	1756.00
796.54	1798.00
796.73	1931.00
796.92	1908.00
797.11	1910.00
797.29	1876.00
797.48	1795.00
797.67	1788.00
797.86	1896.00
798.04	1953.00
798.23	1784.00
798.42	1842.00
798.61	1950.00
798.79	1874.00
798.98	1861.00
799.17	1848.00
799.36	1821.00
799.54	1827.00
799.73	1853.00
799.92	1912.00
800.11	1936.00
800.30	1780.00
800.48	1750.00
800.67	1771.00
800.86	1768.00
801.05	1804.00
801.23	1880.00
801.42	1857.00
801.61	1833.00
801.80	1930.00
801.98	1876.00
802.17	1782.00
802.36	1840.00
802.55	1914.00
802.73	1839.00
802.92	1866.00
803.11	1907.00
803.30	1882.00
803.48	1931.00
803.67	1852.00
803.86	1829.00
804.05	1933.00
804.23	1925.00
804.42	1883.00
804.61	1858.00
804.80	1925.00
804.98	1924.00
805.17	1854.00
805.36	1905.00
805.54	1855.00
805.73	1867.00
805.92	1874.00
806.11	1859.00
806.29	1895.00
806.48	1954.00
806.67	1934.00
806.86	1901.00
807.04	1886.00
807.23	1857.00
807.42	1869.00
807.61	1901.00
807.79	1889.00
807.98	1911.00
808.17	1934.00
808.35	1939.00
808.54	1868.00
808.73	1929.00
808.92	1878.00
809.10	1875.00
809.29	1792.00
809.48	1920.00
809.67	1915.00
809.85	1865.00
810.04	1851.00
810.23	1864.00
810.41	1890.00
810.60	1872.00
810.79	1859.00
810.98	1800.00
811.16	1848.00
811.35	1849.00
811.54	1840.00
811.72	1883.00
811.91	1878.00
812.10	1850.00
812.29	1887.00
812.47	1858.00
812.66	1861.00
812.85	1955.00
813.03	1867.00
813.22	1821.00
813.41	1847.00
813.60	1810.00
813.78	1938.00
813.97	1935.00
814.16	1887.00
814.34	1887.00
814.53	1853.00
814.72	1929.00
814.90	1979.00
815.09	1886.00
815.28	1996.00
815.47	1908.00
815.65	1824.00
815.84	1829.00
816.03	1865.00
816.21	1902.00
816.40	1800.00
816.59	1776.00
816.77	1851.00
816.96	1806.00
817.15	1881.00
817.33	1882.00
817.52	1750.00
817.71	1791.00
817.90	1885.00
818.08	1848.00
818.27	1835.00
818.46	1895.00
818.64	1882.00
818.83	1908.00
819.02	1898.00
819.20	1879.00
819.39	1873.00
819.58	1933.00
819.76	1874.00
819.95	1901.00
820.14	1827.00
820.32	1814.00
820.51	1817.00
820.70	1947.00
820.88	2029.00
821.07	1966.00
821.26	1939.00
821.44	1859.00
821.63	1868.00
821.82	1832.00
822.01	1913.00
822.19	1898.00
822.38	1798.00
822.57	1918.00
822.75	1894.00
822.94	1865.00
823.13	1823.00
823.31	1717.00
823.50	1763.00
823.69	1721.00
823.87	1831.00
824.06	1814.00
824.25	1822.00
824.43	1868.00
824.62	1808.00
824.80	1828.00
824.99	1833.00
825.18	1853.00
825.36	1808.00
825.55	1784.00
825.74	1834.00
825.92	1821.00
826.11	1826.00
826.30	1786.00
826.48	1770.00
826.67	1787.00
826.86	1788.00
827.04	1741.00
827.23	1825.00
827.42	1855.00
827.60	1854.00
827.79	1716.00
827.98	1720.00
828.16	1735.00
828.35	1823.00
828.54	1819.00
828.72	1750.00
828.91	1754.00
829.09	1765.00
829.28	1677.00
829.47	1788.00
829.65	1767.00
829.84	1829.00
830.03	1717.00
830.21	1746.00
830.40	1756.00
830.59	1787.00
830.77	1693.00
830.96	1666.00
831.14	1759.00
831.33	1830.00
831.52	1733.00
831.70	1739.00
831.89	1659.00
832.08	1813.00
832.26	1681.00
832.45	1705.00
832.64	1681.00
832.82	1739.00
833.01	1769.00
833.19	1766.00
833.38	1741.00
833.57	1674.00
833.75	1724.00
833.94	1646.00
834.13	1641.00
834.31	1663.00
834.50	1669.00
834.68	1638.00
834.87	1677.00
835.06	1734.00
835.24	1744.00
835.43	1687.00
835.61	1759.00
835.80	1680.00
835.99	1641.00
836.17	1676.00
836.36	1698.00
836.55	1760.00
836.73	1702.00
836.92	1716.00
837.10	1718.00
837.29	1715.00
837.48	1710.00
837.66	1643.00
837.85	1754.00
838.03	1733.00
838.22	1679.00
838.41	1613.00
838.59	1685.00
838.78	1671.00
838.96	1732.00
839.15	1711.00
839.34	1674.00
839.52	1620.00
839.71	1601.00
839.89	1596.00
840.08	1612.00
840.27	1567.00
840.45	1618.00
840.64	1651.00
840.82	1590.00
841.01	1634.00
841.20	1630.00
841.38	1727.00
841.57	1602.00
841.75	1563.00
841.94	1575.00
842.13	1571.00
842.31	1572.00
842.50	1621.00
842.68	1640.00
842.87	1624.00
843.05	1559.00
843.24	1572.00
843.43	1621.00
843.61	1548.00
843.80	1598.00
843.98	1638.00
844.17	1600.00
844.36	1506.00
844.54	1538.00
844.73	1485.00
844.91	1427.00
845.10	1536.00
845.28	1573.00
845.47	1547.00
845.66	1544.00
845.84	1509.00
846.03	1440.00
846.21	1471.00
846.40	1467.00
846.58	1422.00
846.77	1555.00
846.96	1520.00
847.14	1498.00
847.33	1432.00
847.51	1561.00
847.70	1491.00
847.88	1414.00
848.07	1407.00
848.25	1456.00
848.44	1464.00
848.63	1464.00
848.81	1533.00
849.00	1505.00
849.18	1466.00
849.37	1454.00
849.55	1516.00
849.74	1544.00
849.93	1456.00
850.11	1391.00
850.30	1419.00
850.48	1358.00
850.67	1446.00
850.85	1502.00
851.04	1455.00
851.22	1508.00
851.41	1465.00
851.59	1421.00
851.78	1461.00
851.97	1414.00
852.15	1442.00
852.34	1375.00
852.52	1502.00
852.71	1431.00
852.89	1361.00
853.08	1365.00
853.26	1398.00
853.45	1361.00
853.63	1381.00
853.82	1410.00
854.01	1330.00
854.19	1299.00
854.38	1337.00
854.56	1322.00
854.75	1361.00
854.93	1387.00
855.12	1465.00
855.30	1390.00
855.49	1329.00
855.67	1336.00
855.86	1329.00
856.04	1295.00
856.23	1387.00
856.41	1394.00
856.60	1432.00
856.79	1361.00
856.97	1380.00
857.16	1317.00
857.34	1399.00
857.53	1442.00
857.71	1408.00
857.90	1300.00
858.08	1277.00
858.27	1282.00
858.45	1311.00
858.64	1312.00
858.82	1270.00
859.01	1326.00
859.19	1323.00
859.38	1391.00
859.56	1350.00
859.75	1347.00
859.93	1319.00
860.12	1304.00
860.30	1285.00
860.49	1239.00
860.67	1285.00
860.86	1330.00
861.04	1214.00
861.23	1271.00
861.41	1332.00
861.60	1230.00
861.78	1253.00
861.97	1301.00
862.15	1281.00
862.34	1282.00
862.53	1249.00
862.71	1263.00
862.90	1268.00
863.08	1277.00
863.27	1373.00
863.45	1213.00
863.64	1092.00
863.82	1174.00
864.01	1206.00
864.19	1254.00
864.37	1272.00
864.56	1272.00
864.74	1223.00
864.93	1175.00
865.11	1243.00
865.30	1214.00
865.48	1218.00
865.67	1216.00
865.85	1256.00
866.04	1167.00
866.22	1151.00
866.41	1159.00
866.59	1210.00
866.78	1222.00
866.96	1158.00
867.15	1170.00
867.33	1208.00
867.52	1205.00
867.70	1145.00
867.89	1157.00
868.07	1193.00
868.26	1162.00
868.44	1110.00
868.63	1086.00
868.81	1143.00
869.00	1121.00
869.18	1043.00
869.37	1109.00
869.55	1191.00
869.74	1101.00
869.92	1102.00
870.10	1091.00
870.29	1105.00
870.47	1077.00
870.66	1215.00
870.84	1145.00
871.03	1105.00
871.21	1112.00
871.40	1098.00
871.58	1127.00
871.77	1053.00
871.95	1055.00
872.14	1110.00
872.32	1005.00
872.51	1079.00
872.69	1061.00
872.87	1111.00
873.06	1083.00
873.24	1111.00
873.43	1104.00
873.61	1134.00
873.80	1148.00
873.98	1161.00
874.17	1108.00
874.35	1138.00
874.54	1073.00
874.72	1080.00
874.90	1118.00
875.09	1002.00
875.27	1039.00
875.46	1061.00
875.64	1068.00
875.83	1013.00
876.01	1039.00
876.20	1087.00
876.38	1048.00
876.56	1014.00
876.75	1053.00
876.93	1034.00
877.12	1026.00
877.30	1028.00
877.49	1033.00
877.67	1005.00
877.86	985.00
878.04	1063.00
878.22	1058.00
878.41	1038.00
878.59	1010.00
878.78	1072.00
878.96	1000.00
879.15	1033.00
879.33	1007.00
879.51	1065.00
879.70	1086.00
879.88	1068.00
880.07	1120.00
880.25	1097.00
880.44	1085.00
880.62	1091.00
880.80	1086.00
880.99	1074.00
881.17	984.00
881.36	1011.00
881.54	1035.00
881.73	997.00
881.91	1039.00
882.09	1052.00
882.28	1003.00
882.46	1031.00
882.65	1067.00
882.83	1014.00
883.02	1050.00
883.20	1017.00
883.38	1039.00
883.57	1061.00
883.75	995.00
883.94	989.00
884.12	987.00
884.30	1023.00
884.49	1015.00
884.67	1049.00
884.86	999.00
885.04	955.00
885.22	923.00
885.41	957.00
885.59	1053.00
885.78	1021.00
885.96	974.00
886.14	973.00
886.33	1048.00
886.51	1030.00
886.70	1013.00
886.88	1029.00
887.06	1037.00
887.25	1044.00
887.43	1025.00
887.62	1003.00
887.80	928.00
887.98	968.00
888.17	1044.00
888.35	1004.00
888.54	944.00
888.72	936.00
888.90	984.00
889.09	1066.00
889.27	960.00
889.46	966.00
889.64	960.00
889.82	980.00
890.01	1033.00
890.19	986.00
890.38	947.00
890.56	952.00
890.74	976.00
890.93	963.00
891.11	925.00
891.29	987.00
891.48	952.00
891.66	1008.00
891.85	920.00
892.03	1059.00
892.21	985.00
892.40	880.00
892.58	864.00
892.76	968.00
892.95	952.00
893.13	954.00
893.32	916.00
893.50	1022.00
893.68	1054.00
893.87	1032.00
894.05	1047.00
894.23	994.00
894.42	929.00
894.60	973.00
894.79	1046.00
894.97	986.00
895.15	1021.00
895.34	1027.00
895.52	983.00
895.70	895.00
895.89	979.00
896.07	1003.00
896.25	927.00
896.44	972.00
896.62	1043.00
896.81	1013.00
896.99	1036.00
897.17	982.00
897.36	1004.00
897.54	934.00
897.72	1012.00
897.91	1036.00
898.09	1025.00
898.27	992.00
898.46	993.00
898.64	1062.00
898.82	1096.00
899.01	1093.00
899.19	992.00
899.37	927.00
899.56	975.00
899.74	1096.00
899.92	1068.00
900.11	1116.00
900.29	1038.00
900.47	997.00
900.66	1024.00
900.84	1080.00
901.03	1092.00
901.21	1041.00
901.39	1009.00
901.58	1010.00
901.76	994.00
901.94	988.00
902.13	1003.00
902.31	1072.00
902.49	1045.00
902.68	1083.00
902.86	1104.00
903.04	1138.00
903.23	1110.00
903.41	973.00
903.59	1098.00
903.78	1028.00
903.96	1015.00
904.14	931.00
904.32	1026.00
904.51	1085.00
904.69	1124.00
904.87	1058.00
905.06	1049.00
905.24	1101.00
905.42	1007.00
905.61	1046.00
905.79	1099.00
905.97	1077.00
906.16	1179.00
906.34	1094.00
906.52	1061.00
906.71	1092.00
906.89	1056.00
907.07	1041.00
907.26	1101.00
907.44	1055.00
907.62	1096.00
907.81	1102.00
907.99	1056.00
908.17	1113.00
908.35	1174.00
908.54	1174.00
908.72	1131.00
908.90	1112.00
909.09	1124.00
909.27	1129.00
909.45	1029.00
909.64	1149.00
909.82	1190.00
910.00	1140.00
910.18	1179.00
910.37	1105.00
910.55	1106.00
910.73	1099.00
910.92	1070.00
911.10	1134.00
911.28	1057.00
911.47	1037.00
911.65	1067.00
911.83	1129.00
912.01	1073.00
912.20	1107.00
912.38	1092.00
912.56	1094.00
912.75	1022.00
912.93	1126.00
913.11	1118.00
913.29	1100.00
913.48	1053.00
913.66	1049.00
913.84	1055.00
914.03	991.00
914.21	1000.00
914.39	1059.00
914.57	1038.00
914.76	934.00
914.94	1017.00
915.12	1020.00
915.31	1008.00
915.49	997.00
915.67	1011.00
915.85	1026.00
916.04	1084.00
916.22	1048.00
916.40	1029.00
916.58	1021.00
916.77	981.00
916.95	966.00
917.13	1096.00
917.32	1130.00
917.50	1065.00
917.68	1055.00
917.86	1125.00
918.05	1076.00
918.23	1003.00
918.41	932.00
918.59	965.00
918.78	1054.00
918.96	976.00
919.14	902.00
919.32	1006.00
919.51	1054.00
919.69	995.00
919.87	998.00
920.05	985.00
920.24	999.00
920.42	1037.00
920.60	985.00
920.78	953.00
920.97	1017.00
921.15	1019.00
921.33	909.00
921.52	933.00
921.70	1001.00
921.88	1029.00
922.06	939.00
922.24	986.00
922.43	1013.00
922.61	919.00
922.79	941.00
922.97	936.00
923.16	951.00
923.34	964.00
923.52	962.00
923.70	989.00
923.89	952.00
924.07	981.00
924.25	940.00
924.43	919.00
924.62	920.00
924.80	948.00
924.98	892.00
925.16	924.00
925.35	954.00
925.53	968.00
925.71	916.00
925.89	950.00
926.08	950.00
926.26	873.00
926.44	874.00
926.62	912.00
926.80	889.00
926.99	795.00
927.17	922.00
927.35	957.00
927.53	934.00
927.72	970.00
927.90	888.00
928.08	931.00
928.26	913.00
928.44	883.00
928.63	877.00
928.81	824.00
928.99	923.00
929.17	916.00
929.36	970.00
929.54	924.00
929.72	876.00
929.90	876.00
930.08	902.00
930.27	935.00
930.45	948.00
930.63	818.00
930.81	876.00
930.99	875.00
931.18	830.00
931.36	830.00
931.54	879.00
931.72	912.00
931.90	909.00
932.09	891.00
932.27	871.00
932.45	843.00
932.63	834.00
932.81	871.00
933.00	896.00
933.18	803.00
933.36	786.00
933.54	835.00
933.72	796.00
933.91	766.00
934.09	782.00
934.27	783.00
934.45	804.00
934.63	772.00
934.82	727.00
935.00	703.00
935.18	708.00
935.36	710.00
935.54	716.00
935.73	654.00
935.91	697.00
936.09	686.00
936.27	725.00
936.45	654.00
936.64	625.00
936.82	642.00
937.00	599.00
937.18	677.00
937.36	715.00
937.54	683.00
937.73	669.00
937.91	640.00
938.09	685.00
938.27	617.00
938.45	598.00
938.63	566.00
938.82	604.00
939.00	591.00
939.18	528.00
939.36	447.00
939.54	515.00
939.73	526.00
939.91	589.00
940.09	566.00
940.27	467.00
940.45	527.00
940.63	545.00
940.82	505.00
941.00	545.00
941.18	568.00
941.36	555.00
941.54	452.00
941.72	494.00
941.91	461.00
942.09	458.00
942.27	448.00
942.45	490.00
942.63	519.00
942.81	509.00
942.99	441.00
943.18	402.00
943.36	411.00
943.54	468.00
943.72	382.00
943.90	388.00
944.08	403.00
944.27	415.00
944.45	460.00
944.63	389.00
944.81	472.00
944.99	480.00
945.17	501.00
945.35	440.00
945.54	337.00
945.72	438.00
945.90	502.00
946.08	458.00
946.26	334.00
946.44	401.00
946.62	457.00
946.81	441.00
946.99	393.00
947.17	411.00
947.35	450.00
947.53	397.00
947.71	340.00
947.89	449.00
948.07	483.00
948.26	433.00
948.44	420.00
948.62	482.00
948.80	469.00
948.98	356.00
949.16	366.00
949.34	400.00
949.53	491.00
949.71	489.00
949.89	462.00
950.07	439.00
950.25	436.00
950.43	443.00
950.61	491.00
950.79	429.00
950.98	482.00
951.16	500.00
951.34	439.00
951.52	438.00
951.70	393.00
951.88	411.00
952.06	444.00
952.24	459.00
952.42	449.00
952.61	441.00
952.79	430.00
952.97	504.00
953.15	448.00
953.33	429.00
953.51	475.00
953.69	437.00
953.87	406.00
954.05	498.00
954.24	369.00
954.42	363.00
954.60	400.00
954.78	473.00
954.96	527.00
955.14	493.00
955.32	488.00
955.50	372.00
955.68	343.00
955.86	398.00
956.05	398.00
956.23	310.00
956.41	338.00
956.59	367.00
956.77	407.00
956.95	433.00
957.13	467.00
957.31	489.00
957.49	431.00
957.67	419.00
957.86	353.00
958.04	359.00
958.22	474.00
958.40	491.00
958.58	418.00
958.76	368.00
958.94	436.00
959.12	433.00
959.30	395.00
959.48	447.00
959.66	450.00
959.84	338.00
960.03	326.00
960.21	421.00
960.39	400.00
960.57	417.00
960.75	413.00
960.93	351.00
961.11	388.00
961.29	370.00
961.47	308.00
961.65	330.00
961.83	400.00
962.01	370.00
962.19	347.00
962.37	354.00
962.56	399.00
962.74	434.00
962.92	371.00
963.10	417.00
963.28	431.00
963.46	435.00
963.64	415.00
963.82	405.00
964.00	361.00
964.18	379.00
964.36	390.00
964.54	387.00
964.72	436.00
964.90	441.00
965.08	373.00
965.27	395.00
965.45	429.00
965.63	418.00
965.81	358.00
965.99	334.00
966.17	343.00
966.35	334.00
966.53	375.00
966.71	391.00
966.89	349.00
967.07	380.00
967.25	339.00
967.43	290.00
967.61	308.00
967.79	390.00
967.97	438.00
968.15	332.00
968.33	329.00
968.51	320.00
968.69	383.00
968.87	365.00
969.06	366.00
969.24	351.00
969.42	332.00
969.60	309.00
969.78	325.00
969.96	379.00
970.14	347.00
970.32	352.00
970.50	345.00
970.68	348.00
970.86	323.00
971.04	357.00
971.22	376.00
971.40	345.00
971.58	356.00
971.76	341.00
971.94	400.00
972.12	420.00
972.30	331.00
972.48	342.00
972.66	359.00
972.84	336.00
973.02	342.00
973.20	352.00
973.38	321.00
973.56	311.00
973.74	334.00
973.92	343.00
974.10	284.00
974.28	317.00
974.46	368.00
974.64	367.00
974.82	299.00
975.00	410.00
975.18	396.00
975.36	364.00
975.54	369.00
975.72	365.00
975.90	331.00
976.08	316.00
976.26	382.00
976.44	346.00
976.62	317.00
976.80	283.00
976.98	300.00
977.16	327.00
977.34	285.00
977.52	243.00
977.70	278.00
977.88	244.00
978.06	257.00
978.24	303.00
978.42	333.00
978.60	301.00
978.78	346.00
978.96	366.00
979.14	227.00
979.32	297.00
979.50	337.00
979.68	333.00
979.86	277.00
980.04	259.00
980.22	323.00
980.40	309.00
980.58	303.00
980.76	313.00
980.94	314.00
981.12	352.00
981.30	382.00
981.48	283.00
981.66	301.00
981.84	271.00
982.02	230.00
982.20	293.00
982.38	259.00
982.56	346.00
982.74	261.00
982.92	255.00
983.10	224.00
983.28	251.00
983.46	283.00
983.64	288.00
983.82	304.00
984.00	246.00
984.18	274.00
984.36	262.00
984.54	294.00
984.72	290.00
984.90	255.00
985.08	253.00
985.26	283.00
985.44	277.00
985.62	351.00
985.80	325.00
985.98	205.00
986.16	224.00
986.34	180.00
986.51	256.00
986.69	288.00
986.87	286.00
987.05	258.00
987.23	272.00
987.41	260.00
987.59	252.00
987.77	307.00
987.95	265.00
988.13	218.00
988.31	294.00
988.49	224.00
988.67	264.00
988.85	307.00
989.03	349.00
989.21	257.00
989.39	298.00
989.57	238.00
989.75	172.00
989.93	156.00
990.11	251.00
990.28	241.00
990.46	179.00
990.64	204.00
990.82	250.00
991.00	270.00
991.18	204.00
991.36	262.00
991.54	214.00
991.72	261.00
991.90	301.00
992.08	186.00
992.26	223.00
992.44	211.00
992.62	202.00
992.80	279.00
992.98	287.00
993.15	253.00
993.33	257.00
993.51	235.00
993.69	247.00
993.87	230.00
994.05	221.00
994.23	243.00
994.41	223.00
994.59	303.00
994.77	321.00
994.95	283.00
995.13	300.00
995.31	216.00
995.48	240.00
995.66	231.00
995.84	221.00
996.02	244.00
996.20	198.00
996.38	268.00
996.56	208.00
996.74	220.00
996.92	258.00
997.10	265.00
997.28	292.00
997.46	274.00
997.63	256.00
997.81	251.00
997.99	232.00
998.17	242.00
998.35	237.00
998.53	278.00
998.71	246.00
998.89	226.00
999.07	201.00
999.25	245.00
999.43	193.00
999.60	205.00
999.78	165.00
999.96	212.00
1000.14	229.00
1000.32	263.00
1000.50	268.00
1000.68	198.00
1000.86	186.00
1001.04	169.00
1001.21	244.00
1001.39	168.00
1001.57	151.00
1001.75	161.00
1001.93	210.00
1002.11	218.00
1002.29	258.00
1002.47	206.00
1002.65	256.00
1002.82	193.00
1003.00	219.00
1003.18	187.00
1003.36	201.00
1003.54	244.00
1003.72	150.00
1003.90	193.00
1004.08	174.00
1004.26	200.00
1004.43	152.00
1004.61	235.00
1004.79	257.00
1004.97	219.00
1005.15	170.00
1005.33	230.00
1005.51	164.00
1005.69	151.00
1005.86	246.00
1006.04	185.00
1006.22	159.00
1006.40	152.00
1006.58	154.00
1006.76	207.00
1006.94	191.00
1007.12	157.00
1007.29	168.00
1007.47	199.00
1007.65	195.00
1007.83	198.00
1008.01	250.00
1008.19	174.00
1008.37	199.00
1008.54	147.00
1008.72	127.00
1008.90	149.00
1009.08	295.00
1009.26	271.00
1009.44	173.00
1009.62	155.00
1009.79	196.00
1009.97	211.00
1010.15	234.00
1010.33	190.00
1010.51	165.00
1010.69	184.00
1010.87	169.00
1011.04	161.00
1011.22	127.00
1011.40	190.00
1011.58	150.00
1011.76	174.00
1011.94	199.00
1012.11	149.00
1012.29	191.00
1012.47	187.00
1012.65	169.00
1012.83	222.00
1013.01	172.00
1013.18	142.00
1013.36	148.00
1013.54	168.00
1013.72	187.00
1013.90	210.00
1014.08	167.00
1014.25	226.00
1014.43	258.00
1014.61	206.00
1014.79	157.00
1014.97	174.00
1015.15	227.00
1015.32	181.00
1015.50	211.00
1015.68	195.00
1015.86	231.00
1016.04	167.00
1016.22	171.00
1016.39	156.00
1016.57	164.00
1016.75	221.00
1016.93	183.00
1017.11	141.00
1017.29	102.00
1017.46	164.00
1017.64	183.00
1017.82	118.00
1018.00	171.00
1018.18	211.00
1018.35	200.00
1018.53	171.00
1018.71	125.00
1018.89	76.00
1019.07	107.00
1019.24	100.00
1019.42	135.00
1019.60	190.00
1019.78	184.00
1019.96	142.00
1020.14	182.00
1020.31	195.00
1020.49	195.00
1020.67	156.00
1020.85	179.00
1021.03	161.00
1021.20	131.00
1021.38	87.00
1021.56	164.00
1021.74	188.00
1021.92	163.00
1022.09	136.00
1022.27	102.00
1022.45	122.00
1022.63	162.00
1022.81	164.00
1022.98	198.00
1023.16	137.00
1023.34	97.00
1023.52	111.00
1023.69	92.00
1023.87	159.00
1024.05	136.00
1024.23	153.00
1024.41	143.00
1024.58	214.00
1024.76	126.00
1024.94	108.00
1025.12	117.00
1025.30	136.00
1025.47	163.00
1025.65	179.00
1025.83	120.00
1026.01	108.00
1026.18	102.00
1026.36	111.00
1026.54	190.00
1026.72	130.00
1026.90	168.00
1027.07	207.00
1027.25	159.00
1027.43	163.00
1027.61	191.00
1027.78	90.00
1027.96	79.00
1028.14	39.00
1028.32	132.00
1028.49	198.00
1028.67	189.00
1028.85	121.00
1029.03	63.00
1029.21	86.00
1029.38	85.00
1029.56	132.00
1029.74	124.00
1029.92	89.00
1030.09	117.00
1030.27	103.00
1030.45	158.00
1030.63	128.00
1030.80	123.00
1030.98	177.00
1031.16	155.00
1031.34	179.00
1031.51	230.00
1031.69	209.00
1031.87	78.00
1032.05	98.00
1032.22	162.00
1032.40	77.00
1032.58	90.00
1032.76	157.00
1032.93	133.00
1033.11	93.00
1033.29	74.00
1033.47	49.00
1033.64	102.00
1033.82	96.00
1034.00	95.00
1034.18	139.00
1034.35	133.00
1034.53	143.00
1034.71	124.00
1034.89	105.00
1035.06	149.00
1035.24	138.00
1035.42	73.00
1035.59	96.00
1035.77	87.00
1035.95	124.00
1036.13	139.00
1036.30	77.00
1036.48	96.00
1036.66	119.00
1036.84	96.00
1037.01	147.00
1037.19	113.00
1037.37	114.00
1037.54	137.00
1037.72	94.00
1037.90	124.00
1038.08	95.00
1038.25	53.00
1038.43	160.00
1038.61	91.00
1038.79	86.00
1038.96	54.00
1039.14	54.00
1039.32	64.00
1039.49	71.00
1039.67	83.00
1039.85	57.00
1040.03	9.00
1040.20	84.00
1040.38	112.00
1040.56	100.00
1040.73	161.00
1040.91	149.00
1041.09	144.00
1041.27	54.00
1041.44	100.00
1041.62	73.00
1041.80	66.00
1041.97	112.00
1042.15	133.00
1042.33	160.00
1042.50	182.00
1042.68	121.00
1042.86	86.00
1043.04	107.00
1043.21	90.00
1043.39	97.00
1043.57	103.00
1043.74	89.00
1043.92	74.00
1044.10	125.00
1044.27	159.00
1044.45	117.00
1044.63	123.00
1044.80	131.00
1044.98	100.00
1045.16	61.00
1045.34	111.00
1045.51	127.00
1045.69	156.00
1045.87	120.00
1046.04	90.00
1046.22	174.00
1046.40	86.00
1046.57	76.00
1046.75	54.00
1046.93	47.00
1047.10	97.00
1047.28	63.00
1047.46	74.00
1047.63	97.00
1047.81	127.00
1047.99	74.00
1048.16	76.00
1048.34	75.00
1048.52	98.00
1048.69	102.00
1048.87	59.00
1049.05	78.00
1049.22	116.00
1049.40	109.00
1049.58	99.00
1049.75	127.00
1049.93	107.00
1050.11	134.00
1050.28	98.00
1050.46	54.00
1050.64	84.00
1050.81	85.00
1050.99	173.00
1051.17	123.00
1051.34	27.00
1051.52	20.00
1051.70	124.00
1051.87	96.00
1052.05	119.00
1052.23	100.00
1052.40	64.00
1052.58	114.00
1052.76	102.00
1052.93	120.00
1053.11	158.00
1053.29	106.00
1053.46	109.00
1053.64	87.00
1053.82	54.00
1053.99	41.00
1054.17	113.00
1054.35	79.00
1054.52	78.00
1054.70	51.00
1054.87	57.00
1055.05	51.00
1055.23	112.00
1055.40	113.00
1055.58	119.00
1055.76	61.00
1055.93	27.00
1056.11	136.00
1056.29	140.00
1056.46	93.00
1056.64	78.00
1056.81	120.00
1056.99	92.00
1057.17	92.00
1057.34	85.00
1057.52	103.00
1057.70	116.00
1057.87	112.00
1058.05	70.00
1058.22	57.00
1058.40	67.00
1058.58	92.00
1058.75	78.00
1058.93	109.00
1059.11	41.00
1059.28	106.00
1059.46	96.00
1059.63	-9.00
1059.81	40.00
1059.99	107.00
1060.16	71.00
1060.34	70.00
1060.52	62.00
1060.69	80.00
1060.87	3.00
1061.04	-2.00
1061.22	65.00
