367.62	79.00
367.82	16.00
368.02	-8.00
368.23	-22.00
368.43	3.00
368.63	61.00
368.83	28.00
369.04	8.00
369.24	-53.00
369.44	25.00
369.65	20.00
369.85	-26.00
370.05	26.00
370.25	5.00
370.46	-82.00
370.66	-74.00
370.86	17.00
371.07	29.00
371.27	13.00
371.47	-27.00
371.67	-9.00
371.88	53.00
372.08	46.00
372.28	-64.00
372.49	-57.00
372.69	-41.00
372.89	-81.00
373.09	-9.00
373.30	-14.00
373.50	25.00
373.70	30.00
373.91	-11.00
374.11	-12.00
374.31	-35.00
374.51	-11.00
374.72	21.00
374.92	28.00
375.12	56.00
375.33	20.00
375.53	63.00
375.73	15.00
375.93	-28.00
376.14	-22.00
376.34	-22.00
376.54	9.00
376.74	-43.00
376.95	-12.00
377.15	-37.00
377.35	-31.00
377.55	-14.00
377.76	-29.00
377.96	-8.00
378.16	37.00
378.37	73.00
378.57	19.00
378.77	35.00
378.97	-46.00
379.18	-101.00
379.38	5.00
379.58	3.00
379.78	45.00
379.99	7.00
380.19	5.00
380.39	36.00
380.59	29.00
380.80	27.00
381.00	-55.00
381.20	-41.00
381.40	46.00
381.61	30.00
381.81	-4.00
382.01	6.00
382.21	-16.00
382.42	-53.00
382.62	9.00
382.82	24.00
383.02	41.00
383.23	36.00
383.43	57.00
383.63	0.00
383.83	-50.00
384.04	-17.00
384.24	20.00
384.44	46.00
384.64	24.00
384.85	-15.00
385.05	-6.00
385.25	6.00
385.45	21.00
385.66	-12.00
385.86	25.00
386.06	15.00
386.26	-17.00
386.47	-36.00
386.67	-18.00
386.87	35.00
387.07	-25.00
387.27	-20.00
387.48	-28.00
387.68	-5.00
387.88	19.00
388.08	-3.00
388.29	-30.00
388.49	72.00
388.69	60.00
388.89	44.00
389.10	21.00
389.30	-9.00
389.50	-20.00
389.70	6.00
389.90	-34.00
390.11	-6.00
390.31	23.00
390.51	14.00
390.71	65.00
390.92	29.00
391.12	25.00
391.32	38.00
391.52	59.00
391.72	50.00
391.93	33.00
392.13	26.00
392.33	21.00
392.53	-53.00
392.74	-25.00
392.94	-7.00
393.14	-1.00
393.34	26.00
393.54	15.00
393.75	-51.00
393.95	56.00
394.15	9.00
394.35	43.00
394.56	22.00
394.76	15.00
394.96	24.00
395.16	9.00
395.36	66.00
395.57	-5.00
395.77	37.00
395.97	68.00
396.17	5.00
396.37	-31.00
396.58	-57.00
396.78	5.00
396.98	36.00
397.18	35.00
397.38	-56.00
397.59	-24.00
397.79	-5.00
397.99	-68.00
398.19	-36.00
398.39	2.00
398.60	38.00
398.80	10.00
399.00	-54.00
399.20	-80.00
399.40	5.00
399.61	5.00
399.81	-27.00
400.01	-63.00
400.21	-8.00
400.41	-14.00
400.62	32.00
400.82	38.00
401.02	9.00
401.22	8.00
401.42	-77.00
401.63	28.00
401.83	73.00
402.03	64.00
402.23	48.00
402.43	80.00
402.64	60.00
402.84	35.00
403.04	-18.00
403.24	-6.00
403.44	12.00
403.64	14.00
403.85	23.00
404.05	-15.00
404.25	39.00
404.45	42.00
404.65	81.00
404.86	81.00
405.06	43.00
405.26	-22.00
405.46	-27.00
405.66	-4.00
405.86	3.00
406.07	-79.00
406.27	5.00
406.47	33.00
406.67	-8.00
406.87	11.00
407.07	20.00
407.28	-65.00
407.48	-62.00
407.68	-2.00
407.88	19.00
408.08	4.00
408.28	-13.00
408.49	53.00
408.69	-21.00
408.89	-45.00
409.09	6.00
409.29	74.00
409.49	39.00
409.70	21.00
409.90	52.00
410.10	-11.00
410.30	-9.00
410.50	34.00
410.70	-49.00
410.91	-10.00
411.11	17.00
411.31	-4.00
411.51	-15.00
411.71	51.00
411.91	33.00
412.12	38.00
412.32	40.00
412.52	-6.00
412.72	9.00
412.92	12.00
413.12	-5.00
413.32	0.00
413.53	-3.00
413.73	-23.00
413.93	4.00
414.13	5.00
414.33	2.00
414.53	-14.00
414.74	10.00
414.94	18.00
415.14	0.00
415.34	1.00
415.54	25.00
415.74	13.00
415.94	3.00
416.15	-50.00
416.35	7.00
416.55	-17.00
416.75	-17.00
416.95	-65.00
417.15	43.00
417.35	36.00
417.56	65.00
417.76	41.00
417.96	15.00
418.16	-14.00
418.36	68.00
418.56	0.00
418.76	-53.00
418.97	-22.00
419.17	87.00
419.37	60.00
419.57	90.00
419.77	91.00
419.97	-11.00
420.17	-41.00
420.37	-4.00
420.58	59.00
420.78	2.00
420.98	-80.00
421.18	-47.00
421.38	14.00
421.58	38.00
421.78	45.00
421.98	22.00
422.19	-74.00
422.39	-63.00
422.59	99.00
422.79	1.00
422.99	3.00
423.19	-15.00
423.39	14.00
423.59	-17.00
423.80	-39.00
424.00	4.00
424.20	34.00
424.40	35.00
424.60	43.00
424.80	21.00
425.00	-20.00
425.20	-27.00
425.40	-24.00
425.61	0.00
425.81	-8.00
426.01	-26.00
426.21	66.00
426.41	4.00
426.61	-24.00
426.81	38.00
427.01	-11.00
427.21	-45.00
427.42	76.00
427.62	74.00
427.82	3.00
428.02	-26.00
428.22	-14.00
428.42	-38.00
428.62	-41.00
428.82	-2.00
429.02	-11.00
429.23	-35.00
429.43	25.00
429.63	-8.00
429.83	-109.00
430.03	-8.00
430.23	99.00
430.43	46.00
430.63	-50.00
430.83	-40.00
431.03	-22.00
431.24	28.00
431.44	71.00
431.64	77.00
431.84	42.00
432.04	75.00
432.24	0.00
432.44	66.00
432.64	52.00
432.84	47.00
433.04	31.00
433.24	-4.00
433.45	9.00
433.65	10.00
433.85	55.00
434.05	27.00
434.25	2.00
434.45	9.00
434.65	1.00
434.85	-47.00
435.05	10.00
435.25	19.00
435.45	8.00
435.65	2.00
435.86	39.00
436.06	51.00
436.26	46.00
436.46	30.00
436.66	-35.00
436.86	-44.00
437.06	-23.00
437.26	-49.00
437.46	-71.00
437.66	-32.00
437.86	12.00
438.06	9.00
438.26	13.00
438.47	14.00
438.67	48.00
438.87	14.00
439.07	-32.00
439.27	7.00
439.47	7.00
439.67	28.00
439.87	61.00
440.07	36.00
440.27	64.00
440.47	51.00
440.67	84.00
440.87	27.00
441.07	-6.00
441.27	14.00
441.48	17.00
441.68	42.00
441.88	-27.00
442.08	9.00
442.28	37.00
442.48	12.00
442.68	5.00
442.88	98.00
443.08	77.00
443.28	19.00
443.48	-18.00
443.68	-17.00
443.88	-27.00
444.08	-12.00
444.28	-6.00
444.48	-9.00
444.68	80.00
444.88	60.00
445.09	-80.00
445.29	-1.00
445.49	-3.00
445.69	-10.00
445.89	30.00
446.09	40.00
446.29	71.00
446.49	10.00
446.69	23.00
446.89	57.00
447.09	24.00
447.29	29.00
447.49	45.00
447.69	-34.00
447.89	-4.00
448.09	-16.00
448.29	40.00
448.49	6.00
448.69	-31.00
448.89	-22.00
449.09	12.00
449.29	-14.00
449.49	-45.00
449.70	-75.00
449.90	19.00
450.10	102.00
450.30	49.00
450.50	61.00
450.70	105.00
450.90	4.00
451.10	-21.00
451.30	54.00
451.50	58.00
451.70	16.00
451.90	56.00
452.10	10.00
452.30	41.00
452.50	35.00
452.70	110.00
452.90	86.00
453.10	27.00
453.30	-26.00
453.50	-46.00
453.70	25.00
453.90	61.00
454.10	-9.00
454.30	55.00
454.50	65.00
454.70	66.00
454.90	56.00
455.10	51.00
455.30	51.00
455.50	4.00
455.70	35.00
455.90	50.00
456.10	21.00
456.30	50.00
456.50	56.00
456.70	91.00
456.90	107.00
457.10	40.00
457.30	57.00
457.50	58.00
457.70	24.00
457.90	80.00
458.10	22.00
458.30	-3.00
458.50	89.00
458.70	14.00
458.90	12.00
459.10	11.00
459.30	17.00
459.50	-50.00
459.70	7.00
459.90	-24.00
460.10	28.00
460.30	61.00
460.50	15.00
460.70	-79.00
460.90	18.00
461.10	0.00
461.30	17.00
461.50	40.00
461.70	54.00
461.90	39.00
462.10	-32.00
462.30	-5.00
462.50	68.00
462.70	73.00
462.90	23.00
463.10	-4.00
463.30	-39.00
463.50	-36.00
463.70	-13.00
463.90	-14.00
464.10	6.00
464.30	-19.00
464.50	6.00
464.70	0.00
464.90	75.00
465.10	113.00
465.30	97.00
465.50	41.00
465.70	2.00
465.90	30.00
466.10	70.00
466.30	64.00
466.50	4.00
466.70	-31.00
466.90	33.00
467.10	-5.00
467.30	42.00
467.50	52.00
467.70	24.00
467.90	-7.00
468.10	79.00
468.30	-13.00
468.50	126.00
468.70	62.00
468.90	-8.00
469.10	74.00
469.30	14.00
469.50	-1.00
469.70	63.00
469.90	12.00
470.10	1.00
470.30	1.00
470.50	17.00
470.70	58.00
470.90	30.00
471.10	21.00
471.29	-5.00
471.49	37.00
471.69	97.00
471.89	59.00
472.09	55.00
472.29	53.00
472.49	69.00
472.69	83.00
472.89	123.00
473.09	45.00
473.29	7.00
473.49	28.00
473.69	28.00
473.89	83.00
474.09	45.00
474.29	-66.00
474.49	-24.00
474.69	10.00
474.89	7.00
475.09	-1.00
475.29	59.00
475.49	72.00
475.69	57.00
475.88	27.00
476.08	24.00
476.28	8.00
476.48	16.00
476.68	20.00
476.88	-14.00
477.08	18.00
477.28	-12.00
477.48	34.00
477.68	36.00
477.88	15.00
478.08	89.00
478.28	42.00
478.48	21.00
478.68	-10.00
478.88	-7.00
479.08	3.00
479.28	47.00
479.47	9.00
479.67	69.00
479.87	75.00
480.07	44.00
480.27	40.00
480.47	28.00
480.67	29.00
480.87	37.00
481.07	44.00
481.27	66.00
481.47	62.00
481.67	16.00
481.87	-24.00
482.07	54.00
482.27	45.00
482.46	-7.00
482.66	-70.00
482.86	88.00
483.06	137.00
483.26	153.00
483.46	42.00
483.66	7.00
483.86	126.00
484.06	86.00
484.26	54.00
484.46	35.00
484.66	-15.00
484.86	19.00
485.05	59.00
485.25	73.00
485.45	4.00
485.65	39.00
485.85	-17.00
486.05	80.00
486.25	82.00
486.45	92.00
486.65	63.00
486.85	43.00
487.05	-20.00
487.25	-9.00
487.44	-28.00
487.64	-7.00
487.84	34.00
488.04	94.00
488.24	33.00
488.44	48.00
488.64	111.00
488.84	27.00
489.04	11.00
489.24	-5.00
489.43	52.00
489.63	-6.00
489.83	31.00
490.03	22.00
490.23	26.00
490.43	-4.00
490.63	99.00
490.83	109.00
491.03	25.00
491.23	87.00
491.42	64.00
491.62	72.00
491.82	19.00
492.02	45.00
492.22	31.00
492.42	34.00
492.62	24.00
492.82	34.00
493.02	25.00
493.22	12.00
493.41	51.00
493.61	124.00
493.81	59.00
494.01	79.00
494.21	70.00
494.41	70.00
494.61	44.00
494.81	29.00
495.01	75.00
495.20	91.00
495.40	3.00
495.60	42.00
495.80	111.00
496.00	109.00
496.20	62.00
496.40	43.00
496.60	27.00
496.79	-11.00
496.99	-15.00
497.19	-1.00
497.39	47.00
497.59	80.00
497.79	43.00
497.99	61.00
498.19	77.00
498.38	122.00
498.58	50.00
498.78	39.00
498.98	81.00
499.18	81.00
499.38	55.00
499.58	101.00
499.78	44.00
499.97	59.00
500.17	70.00
500.37	24.00
500.57	64.00
500.77	76.00
500.97	54.00
501.17	37.00
501.37	68.00
501.56	46.00
501.76	10.00
501.96	83.00
502.16	84.00
502.36	-26.00
502.56	95.00
502.76	143.00
502.95	113.00
503.15	-10.00
503.35	21.00
503.55	81.00
503.75	104.00
503.95	78.00
504.15	103.00
504.34	76.00
504.54	41.00
504.74	60.00
504.94	55.00
505.14	82.00
505.34	34.00
505.54	105.00
505.73	144.00
505.93	108.00
506.13	71.00
506.33	77.00
506.53	18.00
506.73	60.00
506.92	80.00
507.12	91.00
507.32	99.00
507.52	77.00
507.72	104.00
507.92	62.00
508.12	86.00
508.31	41.00
508.51	-10.00
508.71	-4.00
508.91	21.00
509.11	19.00
509.31	67.00
509.50	37.00
509.70	42.00
509.90	48.00
510.10	78.00
510.30	34.00
510.50	54.00
510.69	99.00
510.89	70.00
511.09	39.00
511.29	9.00
511.49	95.00
511.69	99.00
511.88	65.00
512.08	57.00
512.28	23.00
512.48	59.00
512.68	51.00
512.88	36.00
513.07	10.00
513.27	74.00
513.47	117.00
513.67	47.00
513.87	-40.00
514.06	7.00
514.26	89.00
514.46	23.00
514.66	20.00
514.86	10.00
515.06	93.00
515.25	72.00
515.45	-75.00
515.65	20.00
515.85	-3.00
516.05	4.00
516.24	38.00
516.44	14.00
516.64	-2.00
516.84	14.00
517.04	66.00
517.23	133.00
517.43	157.00
517.63	67.00
517.83	51.00
518.03	109.00
518.23	86.00
518.42	20.00
518.62	140.00
518.82	111.00
519.02	65.00
519.22	81.00
519.41	50.00
519.61	36.00
519.81	85.00
520.01	51.00
520.21	45.00
520.40	133.00
520.60	134.00
520.80	95.00
521.00	94.00
521.20	32.00
521.39	0.00
521.59	41.00
521.79	55.00
521.99	69.00
522.19	82.00
522.38	90.00
522.58	103.00
522.78	61.00
522.98	7.00
523.17	39.00
523.37	63.00
523.57	43.00
523.77	37.00
523.97	75.00
524.16	44.00
524.36	89.00
524.56	43.00
524.76	18.00
524.96	93.00
525.15	-2.00
525.35	9.00
525.55	50.00
525.75	67.00
525.94	25.00
526.14	85.00
526.34	93.00
526.54	67.00
526.74	47.00
526.93	72.00
527.13	139.00
527.33	79.00
527.53	110.00
527.72	112.00
527.92	24.00
528.12	32.00
528.32	-4.00
528.52	47.00
528.71	62.00
528.91	38.00
529.11	42.00
529.31	72.00
529.50	89.00
529.70	81.00
529.90	29.00
530.10	97.00
530.29	138.00
530.49	137.00
530.69	104.00
530.89	152.00
531.09	126.00
531.28	119.00
531.48	72.00
531.68	52.00
531.88	122.00
532.07	133.00
532.27	155.00
532.47	146.00
532.67	104.00
532.86	63.00
533.06	86.00
533.26	174.00
533.46	191.00
533.65	134.00
533.85	89.00
534.05	65.00
534.25	89.00
534.44	138.00
534.64	133.00
534.84	92.00
535.04	95.00
535.23	102.00
535.43	147.00
535.63	197.00
535.83	120.00
536.02	146.00
536.22	101.00
536.42	93.00
536.62	111.00
536.81	176.00
537.01	143.00
537.21	126.00
537.41	152.00
537.60	198.00
537.80	162.00
538.00	164.00
538.20	157.00
538.39	162.00
538.59	161.00
538.79	157.00
538.99	156.00
539.18	145.00
539.38	135.00
539.58	207.00
539.77	119.00
539.97	162.00
540.17	194.00
540.37	213.00
540.56	190.00
540.76	219.00
540.96	261.00
541.16	269.00
541.35	264.00
541.55	295.00
541.75	296.00
541.94	305.00
542.14	288.00
542.34	316.00
542.54	339.00
542.73	280.00
542.93	259.00
543.13	236.00
543.33	250.00
543.52	226.00
543.72	272.00
543.92	331.00
544.11	322.00
544.31	269.00
544.51	319.00
544.71	298.00
544.90	296.00
545.10	291.00
545.30	262.00
545.49	345.00
545.69	393.00
545.89	300.00
546.09	365.00
546.28	371.00
546.48	295.00
546.68	252.00
546.87	282.00
547.07	272.00
547.27	161.00
547.47	235.00
547.66	262.00
547.86	267.00
548.06	204.00
548.25	161.00
548.45	152.00
548.65	187.00
548.84	282.00
549.04	140.00
549.24	199.00
549.44	192.00
549.63	196.00
549.83	195.00
550.03	286.00
550.22	238.00
550.42	150.00
550.62	190.00
550.81	233.00
551.01	203.00
551.21	209.00
551.41	157.00
551.60	191.00
551.80	129.00
552.00	222.00
552.19	170.00
552.39	121.00
552.59	53.00
552.78	161.00
552.98	153.00
553.18	173.00
553.37	196.00
553.57	148.00
553.77	142.00
553.96	136.00
554.16	122.00
554.36	126.00
554.56	134.00
554.75	123.00
554.95	152.00
555.15	171.00
555.34	195.00
555.54	167.00
555.74	176.00
555.93	162.00
556.13	166.00
556.33	147.00
556.52	125.00
556.72	90.00
556.92	67.00
557.11	151.00
557.31	132.00
557.51	100.00
557.70	103.00
557.90	153.00
558.10	105.00
558.29	132.00
558.49	142.00
558.69	156.00
558.88	194.00
559.08	143.00
559.28	162.00
559.47	147.00
559.67	166.00
559.87	207.00
560.06	119.00
560.26	75.00
560.46	23.00
560.65	163.00
560.85	189.00
561.05	148.00
561.24	126.00
561.44	98.00
561.64	118.00
561.83	119.00
562.03	106.00
562.23	157.00
562.42	133.00
562.62	175.00
562.82	153.00
563.01	215.00
563.21	190.00
563.40	167.00
563.60	130.00
563.80	125.00
563.99	151.00
564.19	157.00
564.39	114.00
564.58	127.00
564.78	146.00
564.98	80.00
565.17	138.00
565.37	119.00
565.57	59.00
565.76	99.00
565.96	130.00
566.16	207.00
566.35	192.00
566.55	153.00
566.74	152.00
566.94	159.00
567.14	170.00
567.33	176.00
567.53	169.00
567.73	146.00
567.92	143.00
568.12	111.00
568.32	120.00
568.51	141.00
568.71	117.00
568.90	122.00
569.10	157.00
569.30	166.00
569.49	93.00
569.69	231.00
569.89	191.00
570.08	141.00
570.28	135.00
570.47	142.00
570.67	69.00
570.87	53.00
571.06	49.00
571.26	145.00
571.46	149.00
571.65	156.00
571.85	220.00
572.04	224.00
572.24	149.00
572.44	164.00
572.63	142.00
572.83	182.00
573.03	156.00
573.22	106.00
573.42	180.00
573.61	141.00
573.81	161.00
574.01	200.00
574.20	159.00
574.40	174.00
574.59	220.00
574.79	231.00
574.99	278.00
575.18	238.00
575.38	197.00
575.58	210.00
575.77	264.00
575.97	269.00
576.16	231.00
576.36	223.00
576.56	241.00
576.75	184.00
576.95	250.00
577.14	323.00
577.34	304.00
577.54	208.00
577.73	270.00
577.93	279.00
578.12	253.00
578.32	248.00
578.52	292.00
578.71	225.00
578.91	228.00
579.10	264.00
579.30	320.00
579.50	366.00
579.69	350.00
579.89	324.00
580.08	346.00
580.28	254.00
580.48	255.00
580.67	247.00
580.87	288.00
581.06	295.00
581.26	355.00
581.45	386.00
581.65	352.00
581.85	334.00
582.04	361.00
582.24	303.00
582.43	459.00
582.63	394.00
582.83	345.00
583.02	396.00
583.22	304.00
583.41	396.00
583.61	385.00
583.80	378.00
584.00	426.00
584.20	408.00
584.39	372.00
584.59	268.00
584.78	367.00
584.98	409.00
585.17	398.00
585.37	450.00
585.57	470.00
585.76	450.00
585.96	447.00
586.15	385.00
586.35	455.00
586.54	411.00
586.74	401.00
586.94	445.00
587.13	528.00
587.33	547.00
587.52	602.00
587.72	575.00
587.91	517.00
588.11	470.00
588.31	522.00
588.50	509.00
588.70	526.00
588.89	398.00
589.09	427.00
589.28	461.00
589.48	470.00
589.68	471.00
589.87	501.00
590.07	548.00
590.26	479.00
590.46	557.00
590.65	505.00
590.85	550.00
591.04	546.00
591.24	560.00
591.44	565.00
591.63	522.00
591.83	521.00
592.02	593.00
592.22	612.00
592.41	668.00
592.61	567.00
592.80	644.00
593.00	656.00
593.19	620.00
593.39	616.00
593.59	601.00
593.78	580.00
593.98	578.00
594.17	630.00
594.37	682.00
594.56	650.00
594.76	566.00
594.95	555.00
595.15	623.00
595.34	665.00
595.54	623.00
595.73	637.00
595.93	664.00
596.13	667.00
596.32	684.00
596.52	666.00
596.71	653.00
596.91	606.00
597.10	612.00
597.30	640.00
597.49	707.00
597.69	740.00
597.88	777.00
598.08	676.00
598.27	654.00
598.47	621.00
598.66	746.00
598.86	744.00
599.06	740.00
599.25	715.00
599.45	711.00
599.64	737.00
599.84	756.00
600.03	700.00
600.23	703.00
600.42	748.00
600.62	697.00
600.81	706.00
601.01	744.00
601.20	742.00
601.40	734.00
601.59	737.00
601.79	677.00
601.98	720.00
602.18	637.00
602.37	657.00
602.57	710.00
602.76	658.00
602.96	738.00
603.15	686.00
603.35	717.00
603.54	701.00
603.74	655.00
603.93	737.00
604.13	715.00
604.32	745.00
604.52	746.00
604.71	760.00
604.91	759.00
605.10	741.00
605.30	768.00
605.49	759.00
605.69	792.00
605.88	815.00
606.08	747.00
606.27	718.00
606.47	752.00
606.66	750.00
606.86	766.00
607.05	713.00
607.25	745.00
607.44	804.00
607.64	761.00
607.83	785.00
608.03	833.00
608.22	852.00
608.42	878.00
608.61	816.00
608.81	935.00
609.00	967.00
609.20	1030.00
609.39	1095.00
609.59	1156.00
609.78	1318.00
609.98	1461.00
610.17	1633.00
610.37	1734.00
610.56	1818.00
610.76	1883.00
610.95	1931.00
611.15	2032.00
611.34	2121.00
611.54	2313.00
611.73	2398.00
611.93	2170.00
612.12	1934.00
612.32	1659.00
612.51	1425.00
612.71	1403.00
612.90	1311.00
613.09	1283.00
613.29	1269.00
613.48	1190.00
613.68	1100.00
613.87	1089.00
614.07	1116.00
614.26	1158.00
614.46	1111.00
614.65	1060.00
614.85	1039.00
615.04	996.00
615.24	1031.00
615.43	994.00
615.63	974.00
615.82	870.00
616.02	926.00
616.21	921.00
616.40	825.00
616.60	853.00
616.79	805.00
616.99	903.00
617.18	844.00
617.38	880.00
617.57	820.00
617.77	795.00
617.96	775.00
618.16	794.00
618.35	758.00
618.54	762.00
618.74	798.00
618.93	764.00
619.13	817.00
619.32	813.00
619.52	787.00
619.71	799.00
619.91	810.00
620.10	845.00
620.30	840.00
620.49	787.00
620.68	803.00
620.88	801.00
621.07	826.00
621.27	838.00
621.46	829.00
621.66	855.00
621.85	829.00
622.05	775.00
622.24	805.00
622.43	762.00
622.63	789.00
622.82	865.00
623.02	852.00
623.21	954.00
623.41	883.00
623.60	907.00
623.80	861.00
623.99	908.00
624.18	825.00
624.38	838.00
624.57	847.00
624.77	887.00
624.96	890.00
625.16	937.00
625.35	883.00
625.54	917.00
625.74	882.00
625.93	867.00
626.13	963.00
626.32	928.00
626.52	890.00
626.71	883.00
626.90	886.00
627.10	926.00
627.29	894.00
627.49	901.00
627.68	946.00
627.88	969.00
628.07	917.00
628.26	889.00
628.46	876.00
628.65	911.00
628.85	945.00
629.04	1038.00
629.23	936.00
629.43	1000.00
629.62	912.00
629.82	935.00
630.01	1001.00
630.21	996.00
630.40	1044.00
630.59	1062.00
630.79	1001.00
630.98	1020.00
631.18	1050.00
631.37	1024.00
631.56	1071.00
631.76	1091.00
631.95	1056.00
632.15	1037.00
632.34	980.00
632.53	911.00
632.73	899.00
632.92	964.00
633.12	978.00
633.31	854.00
633.50	847.00
633.70	859.00
633.89	910.00
634.09	927.00
634.28	915.00
634.47	964.00
634.67	969.00
634.86	923.00
635.06	929.00
635.25	912.00
635.44	880.00
635.64	855.00
635.83	971.00
636.03	967.00
636.22	924.00
636.41	862.00
636.61	931.00
636.80	889.00
637.00	974.00
637.19	960.00
637.38	959.00
637.58	1003.00
637.77	1025.00
637.96	991.00
638.16	892.00
638.35	918.00
638.55	970.00
638.74	950.00
638.93	964.00
639.13	866.00
639.32	1001.00
639.51	1007.00
639.71	981.00
639.90	936.00
640.10	985.00
640.29	985.00
640.48	971.00
640.68	1025.00
640.87	1006.00
641.07	917.00
641.26	960.00
641.45	981.00
641.65	958.00
641.84	1081.00
642.03	1087.00
642.23	1044.00
642.42	1021.00
642.61	1025.00
642.81	1011.00
643.00	1074.00
643.20	1078.00
643.39	1052.00
643.58	1015.00
643.78	1097.00
643.97	1169.00
644.16	1099.00
644.36	1100.00
644.55	1178.00
644.74	1177.00
644.94	1166.00
645.13	1145.00
645.33	1160.00
645.52	1101.00
645.71	1137.00
645.91	1187.00
646.10	1213.00
646.29	1106.00
646.49	1134.00
646.68	1114.00
646.87	1086.00
647.07	1199.00
647.26	1125.00
647.45	1211.00
647.65	1227.00
647.84	1151.00
648.03	1119.00
648.23	1169.00
648.42	1198.00
648.62	1127.00
648.81	1193.00
649.00	1248.00
649.20	1298.00
649.39	1253.00
649.58	1207.00
649.78	1213.00
649.97	1234.00
650.16	1241.00
650.36	1206.00
650.55	1195.00
650.74	1297.00
650.94	1301.00
651.13	1272.00
651.32	1169.00
651.52	1201.00
651.71	1229.00
651.90	1228.00
652.10	1248.00
652.29	1240.00
652.48	1250.00
652.68	1251.00
652.87	1226.00
653.06	1230.00
653.26	1246.00
653.45	1285.00
653.64	1262.00
653.84	1209.00
654.03	1179.00
654.22	1277.00
654.42	1170.00
654.61	1189.00
654.80	1227.00
654.99	1234.00
655.19	1173.00
655.38	1255.00
655.57	1190.00
655.77	1268.00
655.96	1197.00
656.15	1113.00
656.35	1187.00
656.54	1225.00
656.73	1174.00
656.93	1161.00
657.12	1194.00
657.31	1236.00
657.51	1249.00
657.70	1153.00
657.89	1212.00
658.09	1267.00
658.28	1240.00
658.47	1245.00
658.66	1195.00
658.86	1136.00
659.05	1242.00
659.24	1204.00
659.44	1214.00
659.63	1198.00
659.82	1188.00
660.02	1133.00
660.21	1176.00
660.40	1205.00
660.60	1151.00
660.79	1216.00
660.98	1235.00
661.17	1224.00
661.37	1181.00
661.56	1154.00
661.75	1170.00
661.95	1189.00
662.14	1184.00
662.33	1230.00
662.52	1239.00
662.72	1213.00
662.91	1168.00
663.10	1192.00
663.30	1279.00
663.49	1209.00
663.68	1138.00
663.88	1108.00
664.07	1100.00
664.26	1117.00
664.45	1134.00
664.65	1153.00
664.84	1150.00
665.03	1096.00
665.23	1080.00
665.42	1189.00
665.61	1077.00
665.80	1087.00
666.00	1162.00
666.19	1132.00
666.38	1134.00
666.57	1168.00
666.77	1034.00
666.96	1039.00
667.15	1142.00
667.35	1151.00
667.54	1130.00
667.73	1085.00
667.92	1122.00
668.12	1185.00
668.31	1159.00
668.50	1163.00
668.70	1062.00
668.89	1015.00
669.08	1055.00
669.27	1062.00
669.47	1063.00
669.66	1051.00
669.85	1067.00
670.04	1117.00
670.24	1071.00
670.43	1029.00
670.62	1013.00
670.81	994.00
671.01	1114.00
671.20	1117.00
671.39	1150.00
671.58	1113.00
671.78	1045.00
671.97	1075.00
672.16	1065.00
672.36	1023.00
672.55	1000.00
672.74	1065.00
672.93	1017.00
673.13	998.00
673.32	976.00
673.51	968.00
673.70	948.00
673.90	1060.00
674.09	951.00
674.28	950.00
674.47	1028.00
674.67	1048.00
674.86	1038.00
675.05	991.00
675.24	1051.00
675.44	944.00
675.63	1092.00
675.82	1083.00
676.01	1080.00
676.21	999.00
676.40	972.00
676.59	982.00
676.78	949.00
676.97	996.00
677.17	1024.00
677.36	1110.00
677.55	1045.00
677.74	1033.00
677.94	1030.00
678.13	996.00
678.32	999.00
678.51	966.00
678.71	936.00
678.90	1001.00
679.09	964.00
679.28	967.00
679.48	985.00
679.67	986.00
679.86	999.00
680.05	944.00
680.24	984.00
680.44	951.00
680.63	999.00
680.82	998.00
681.01	1034.00
681.21	916.00
681.40	942.00
681.59	891.00
681.78	1021.00
681.97	955.00
682.17	976.00
682.36	929.00
682.55	938.00
682.74	916.00
682.94	952.00
683.13	1000.00
683.32	982.00
683.51	979.00
683.70	920.00
683.90	942.00
684.09	980.00
684.28	961.00
684.47	898.00
684.66	940.00
684.86	975.00
685.05	1006.00
685.24	869.00
685.43	943.00
685.63	952.00
685.82	993.00
686.01	909.00
686.20	919.00
686.39	969.00
686.59	1040.00
686.78	1005.00
686.97	1008.00
687.16	973.00
687.35	962.00
687.55	954.00
687.74	903.00
687.93	884.00
688.12	896.00
688.31	911.00
688.51	865.00
688.70	908.00
688.89	948.00
689.08	960.00
689.27	956.00
689.47	1029.00
689.66	924.00
689.85	902.00
690.04	972.00
690.23	910.00
690.42	937.00
690.62	922.00
690.81	917.00
691.00	924.00
691.19	881.00
691.38	845.00
691.58	889.00
691.77	886.00
691.96	940.00
692.15	874.00
692.34	914.00
692.54	940.00
692.73	991.00
692.92	992.00
693.11	855.00
693.30	891.00
693.49	944.00
693.69	997.00
693.88	924.00
694.07	922.00
694.26	909.00
694.45	942.00
694.64	993.00
694.84	894.00
695.03	915.00
695.22	995.00
695.41	949.00
695.60	940.00
695.80	843.00
695.99	807.00
696.18	827.00
696.37	907.00
696.56	936.00
696.75	924.00
696.95	1037.00
697.14	1022.00
697.33	995.00
697.52	952.00
697.71	908.00
697.90	926.00
698.09	873.00
698.29	850.00
698.48	892.00
698.67	906.00
698.86	931.00
699.05	937.00
699.24	921.00
699.44	878.00
699.63	909.00
699.82	923.00
700.01	922.00
700.20	932.00
700.39	935.00
700.58	934.00
700.78	965.00
700.97	917.00
701.16	834.00
701.35	902.00
701.54	957.00
701.73	961.00
701.93	906.00
702.12	909.00
702.31	929.00
702.50	1054.00
702.69	990.00
702.88	941.00
703.07	945.00
703.27	949.00
703.46	985.00
703.65	1025.00
703.84	992.00
704.03	954.00
704.22	1024.00
704.41	1031.00
704.60	966.00
704.80	1012.00
704.99	1039.00
705.18	1020.00
705.37	1056.00
705.56	1047.00
705.75	1040.00
705.94	1023.00
706.14	992.00
706.33	986.00
706.52	1086.00
706.71	1088.00
706.90	1107.00
707.09	1110.00
707.28	1115.00
707.47	1051.00
707.67	998.00
707.86	1064.00
708.05	1121.00
708.24	1223.00
708.43	1239.00
708.62	1095.00
708.81	1108.00
709.00	1104.00
709.20	1214.00
709.39	1242.00
709.58	1196.00
709.77	1210.00
709.96	1180.00
710.15	1201.00
710.34	1209.00
710.53	1114.00
710.72	1107.00
710.92	1168.00
711.11	1135.00
711.30	1100.00
711.49	1057.00
711.68	1098.00
711.87	1092.00
712.06	1155.00
712.25	1202.00
712.44	1235.00
712.64	1291.00
712.83	1176.00
713.02	1117.00
713.21	1089.00
713.40	1155.00
713.59	1150.00
713.78	1164.00
713.97	1244.00
714.16	1174.00
714.35	1031.00
714.55	1089.00
714.74	1198.00
714.93	1106.00
715.12	1077.00
715.31	1051.00
715.50	1071.00
715.69	1065.00
715.88	1167.00
716.07	1084.00
716.26	1160.00
716.45	1108.00
716.65	1091.00
716.84	1094.00
717.03	1102.00
717.22	1174.00
717.41	1088.00
717.60	1109.00
717.79	1057.00
717.98	1077.00
718.17	1131.00
718.36	1152.00
718.55	1099.00
718.75	1121.00
718.94	1120.00
719.13	1161.00
719.32	1110.00
719.51	1105.00
719.70	1093.00
719.89	1086.00
720.08	1168.00
720.27	1143.00
720.46	1159.00
720.65	1129.00
720.84	1223.00
721.03	1090.00
721.22	1038.00
721.42	1037.00
721.61	1118.00
721.80	1177.00
721.99	1131.00
722.18	1199.00
722.37	1124.00
722.56	1209.00
722.75	1110.00
722.94	1152.00
723.13	1220.00
723.32	1166.00
723.51	1181.00
723.70	1123.00
723.89	1142.00
724.08	1144.00
724.28	1173.00
724.47	1174.00
724.66	1143.00
724.85	1121.00
725.04	1122.00
725.23	1137.00
725.42	1191.00
725.61	1082.00
725.80	1156.00
725.99	1211.00
726.18	1176.00
726.37	1185.00
726.56	1079.00
726.75	1154.00
726.94	1153.00
727.13	1080.00
727.32	1171.00
727.51	1168.00
727.71	1179.00
727.90	1137.00
728.09	1176.00
728.28	1181.00
728.47	1144.00
728.66	1136.00
728.85	1083.00
729.04	1150.00
729.23	1180.00
729.42	1100.00
729.61	1142.00
729.80	1136.00
729.99	1177.00
730.18	1176.00
730.37	1054.00
730.56	1173.00
730.75	1230.00
730.94	1210.00
731.13	1240.00
731.32	1079.00
731.51	1077.00
731.70	1073.00
731.89	1163.00
732.08	1136.00
732.27	1144.00
732.46	1156.00
732.65	1243.00
732.84	1172.00
733.04	1136.00
733.23	1078.00
733.42	1140.00
733.61	1125.00
733.80	1172.00
733.99	1128.00
734.18	1159.00
734.37	1066.00
734.56	1086.00
734.75	1058.00
734.94	1078.00
735.13	1104.00
735.32	1097.00
735.51	1043.00
735.70	1069.00
735.89	1101.00
736.08	1136.00
736.27	1055.00
736.46	1035.00
736.65	1053.00
736.84	1129.00
737.03	1092.00
737.22	1088.00
737.41	1101.00
737.60	1068.00
737.79	1075.00
737.98	1062.00
738.17	1064.00
738.36	1104.00
738.55	1054.00
738.74	1102.00
738.93	1115.00
739.12	1056.00
739.31	1042.00
739.50	1037.00
739.69	1047.00
739.88	1085.00
740.07	1028.00
740.26	1047.00
740.45	1062.00
740.64	1124.00
740.83	1029.00
741.02	1042.00
741.21	1053.00
741.40	1077.00
741.59	990.00
741.78	1000.00
741.97	1027.00
742.16	1033.00
742.35	968.00
742.54	1033.00
742.73	1056.00
742.92	962.00
743.11	961.00
743.30	958.00
743.49	956.00
743.68	970.00
743.87	1029.00
744.06	987.00
744.25	1041.00
744.44	1066.00
744.63	1035.00
744.82	1004.00
745.01	942.00
745.20	968.00
745.39	939.00
745.58	992.00
745.77	1008.00
745.96	1003.00
746.15	1016.00
746.34	957.00
746.52	1012.00
746.71	920.00
746.90	957.00
747.09	894.00
747.28	922.00
747.47	934.00
747.66	958.00
747.85	975.00
748.04	875.00
748.23	935.00
748.42	951.00
748.61	929.00
748.80	900.00
748.99	907.00
749.18	884.00
749.37	851.00
749.56	865.00
749.75	938.00
749.94	884.00
750.13	876.00
750.32	984.00
750.51	919.00
750.70	901.00
750.89	848.00
751.08	862.00
751.27	922.00
751.46	886.00
751.64	903.00
751.83	820.00
752.02	843.00
752.21	777.00
752.40	817.00
752.59	938.00
752.78	976.00
752.97	843.00
753.16	838.00
753.35	827.00
753.54	875.00
753.73	822.00
753.92	822.00
754.11	849.00
754.30	861.00
754.49	870.00
754.68	853.00
754.87	813.00
755.06	880.00
755.24	887.00
755.43	821.00
755.62	854.00
755.81	859.00
756.00	862.00
756.19	785.00
756.38	788.00
756.57	857.00
756.76	835.00
756.95	879.00
757.14	846.00
757.33	864.00
757.52	841.00
757.71	852.00
757.90	852.00
758.08	819.00
758.27	828.00
758.46	763.00
758.65	740.00
758.84	864.00
759.03	820.00
759.22	726.00
759.41	818.00
759.60	854.00
759.79	826.00
759.98	724.00
760.17	773.00
760.36	791.00
760.54	757.00
760.73	805.00
760.92	776.00
761.11	769.00
761.30	787.00
761.49	767.00
761.68	726.00
761.87	714.00
762.06	736.00
762.25	682.00
762.44	616.00
762.63	713.00
762.81	687.00
763.00	664.00
763.19	647.00
763.38	654.00
763.57	618.00
763.76	622.00
763.95	592.00
764.14	602.00
764.33	709.00
764.52	671.00
764.71	705.00
764.89	730.00
765.08	677.00
765.27	618.00
765.46	608.00
765.65	657.00
765.84	691.00
766.03	645.00
766.22	685.00
766.41	644.00
766.59	666.00
766.78	659.00
766.97	697.00
767.16	708.00
767.35	720.00
767.54	713.00
767.73	722.00
767.92	711.00
768.11	674.00
768.30	736.00
768.48	709.00
768.67	765.00
768.86	743.00
769.05	741.00
769.24	790.00
769.43	697.00
769.62	718.00
769.81	722.00
769.99	735.00
770.18	751.00
770.37	732.00
770.56	663.00
770.75	713.00
770.94	772.00
771.13	721.00
771.32	742.00
771.50	729.00
771.69	740.00
771.88	718.00
772.07	769.00
772.26	721.00
772.45	722.00
772.64	772.00
772.83	721.00
773.01	699.00
773.20	772.00
773.39	771.00
773.58	748.00
773.77	719.00
773.96	764.00
774.15	824.00
774.34	769.00
774.52	758.00
774.71	666.00
774.90	734.00
775.09	716.00
775.28	696.00
775.47	737.00
775.66	767.00
775.84	793.00
776.03	760.00
776.22	770.00
776.41	777.00
776.60	744.00
776.79	675.00
776.98	718.00
777.16	735.00
777.35	684.00
777.54	752.00
777.73	785.00
777.92	739.00
778.11	633.00
778.29	664.00
778.48	744.00
778.67	698.00
778.86	634.00
779.05	667.00
779.24	666.00
779.43	662.00
779.61	691.00
779.80	705.00
779.99	739.00
780.18	733.00
780.37	731.00
780.56	718.00
780.74	716.00
780.93	747.00
781.12	733.00
781.31	751.00
781.50	717.00
781.69	718.00
781.87	702.00
782.06	701.00
782.25	687.00
782.44	701.00
782.63	733.00
782.82	727.00
783.00	702.00
783.19	785.00
783.38	712.00
783.57	788.00
783.76	726.00
783.95	719.00
784.13	673.00
784.32	658.00
784.51	694.00
784.70	703.00
784.89	789.00
785.08	718.00
785.26	693.00
785.45	647.00
785.64	714.00
785.83	743.00
786.02	737.00
786.20	746.00
786.39	713.00
786.58	751.00
786.77	776.00
786.96	674.00
787.15	727.00
787.33	618.00
787.52	631.00
787.71	694.00
787.90	721.00
788.09	727.00
788.27	753.00
788.46	652.00
788.65	669.00
788.84	780.00
789.03	675.00
789.21	732.00
789.40	732.00
789.59	724.00
789.78	724.00
789.97	744.00
790.15	790.00
790.34	760.00
790.53	756.00
790.72	746.00
790.91	750.00
791.09	677.00
791.28	740.00
791.47	778.00
791.66	751.00
791.85	689.00
792.03	765.00
792.22	778.00
792.41	751.00
792.60	771.00
792.79	678.00
792.97	727.00
793.16	765.00
793.35	759.00
793.54	752.00
793.72	753.00
793.91	748.00
794.10	684.00
794.29	734.00
794.48	792.00
794.66	812.00
794.85	768.00
795.04	858.00
795.23	795.00
795.42	718.00
795.60	768.00
795.79	776.00
795.98	753.00
796.17	793.00
796.35	739.00
796.54	806.00
796.73	838.00
796.92	764.00
797.11	742.00
797.29	784.00
797.48	777.00
797.67	791.00
797.86	700.00
798.04	743.00
798.23	680.00
798.42	769.00
798.61	816.00
798.79	832.00
798.98	770.00
799.17	758.00
799.36	675.00
799.54	718.00
799.73	774.00
799.92	793.00
800.11	727.00
800.30	689.00
800.48	717.00
800.67	727.00
800.86	699.00
801.05	741.00
801.23	760.00
801.42	770.00
801.61	699.00
801.80	743.00
801.98	704.00
802.17	814.00
802.36	799.00
802.55	777.00
802.73	755.00
802.92	744.00
803.11	777.00
803.30	734.00
803.48	811.00
803.67	848.00
803.86	852.00
804.05	772.00
804.23	801.00
804.42	779.00
804.61	734.00
804.80	792.00
804.98	766.00
805.17	780.00
805.36	833.00
805.54	775.00
805.73	758.00
805.92	801.00
806.11	802.00
806.29	793.00
806.48	798.00
806.67	727.00
806.86	757.00
807.04	719.00
807.23	806.00
807.42	757.00
807.61	783.00
807.79	779.00
807.98	746.00
808.17	793.00
808.35	835.00
808.54	839.00
808.73	782.00
808.92	813.00
809.10	785.00
809.29	702.00
809.48	693.00
809.67	773.00
809.85	718.00
810.04	800.00
810.23	869.00
810.41	807.00
810.60	701.00
810.79	725.00
810.98	658.00
811.16	695.00
811.35	731.00
811.54	768.00
811.72	742.00
811.91	735.00
812.10	803.00
812.29	764.00
812.47	756.00
812.66	765.00
812.85	775.00
813.03	768.00
813.22	774.00
813.41	724.00
813.60	730.00
813.78	814.00
813.97	740.00
814.16	765.00
814.34	780.00
814.53	705.00
814.72	781.00
814.90	802.00
815.09	807.00
815.28	814.00
815.47	748.00
815.65	742.00
815.84	747.00
816.03	774.00
816.21	779.00
816.40	782.00
816.59	727.00
816.77	764.00
816.96	797.00
817.15	780.00
817.33	779.00
817.52	789.00
817.71	730.00
817.90	748.00
818.08	844.00
818.27	785.00
818.46	750.00
818.64	759.00
818.83	762.00
819.02	810.00
819.20	752.00
819.39	751.00
819.58	810.00
819.76	759.00
819.95	781.00
820.14	758.00
820.32	711.00
820.51	725.00
820.70	767.00
820.88	841.00
821.07	783.00
821.26	785.00
821.44	829.00
821.63	860.00
821.82	790.00
822.01	725.00
822.19	725.00
822.38	711.00
822.57	714.00
822.75	763.00
822.94	833.00
823.13	732.00
823.31	701.00
823.50	815.00
823.69	744.00
823.87	685.00
824.06	752.00
824.25	772.00
824.43	764.00
824.62	728.00
824.80	693.00
824.99	754.00
825.18	764.00
825.36	742.00
825.55	710.00
825.74	739.00
825.92	725.00
826.11	768.00
826.30	789.00
826.48	735.00
826.67	655.00
826.86	760.00
827.04	668.00
827.23	682.00
827.42	764.00
827.60	730.00
827.79	712.00
827.98	726.00
828.16	701.00
828.35	736.00
828.54	697.00
828.72	652.00
828.91	677.00
829.09	722.00
829.28	668.00
829.47	663.00
829.65	696.00
829.84	785.00
830.03	711.00
830.21	678.00
830.40	638.00
830.59	688.00
830.77	707.00
830.96	635.00
831.14	721.00
831.33	785.00
831.52	656.00
831.70	734.00
831.89	682.00
832.08	702.00
832.26	703.00
832.45	676.00
832.64	733.00
832.82	727.00
833.01	683.00
833.19	675.00
833.38	660.00
833.57	638.00
833.75	678.00
833.94	595.00
834.13	630.00
834.31	662.00
834.50	647.00
834.68	685.00
834.87	651.00
835.06	637.00
835.24	675.00
835.43	690.00
835.61	663.00
835.80	677.00
835.99	669.00
836.17	714.00
836.36	679.00
836.55	718.00
836.73	659.00
836.92	714.00
837.10	719.00
837.29	692.00
837.48	707.00
837.66	637.00
837.85	591.00
838.03	683.00
838.22	660.00
838.41	664.00
838.59	618.00
838.78	613.00
838.96	673.00
839.15	670.00
839.34	674.00
839.52	645.00
839.71	602.00
839.89	658.00
840.08	655.00
840.27	681.00
840.45	746.00
840.64	733.00
840.82	621.00
841.01	639.00
841.20	727.00
841.38	685.00
841.57	619.00
841.75	602.00
841.94	601.00
842.13	630.00
842.31	647.00
842.50	677.00
842.68	623.00
842.87	671.00
843.05	587.00
843.24	576.00
843.43	695.00
843.61	592.00
843.80	628.00
843.98	672.00
844.17	606.00
844.36	603.00
844.54	660.00
844.73	644.00
844.91	570.00
845.10	545.00
845.28	554.00
845.47	574.00
845.66	556.00
845.84	581.00
846.03	576.00
846.21	555.00
846.40	609.00
846.58	588.00
846.77	643.00
846.96	660.00
847.14	522.00
847.33	625.00
847.51	638.00
847.70	531.00
847.88	592.00
848.07	575.00
848.25	574.00
848.44	555.00
848.63	524.00
848.81	694.00
849.00	635.00
849.18	593.00
849.37	606.00
849.55	592.00
849.74	569.00
849.93	575.00
850.11	566.00
850.30	527.00
850.48	544.00
850.67	644.00
850.85	674.00
851.04	537.00
851.22	602.00
851.41	574.00
851.59	570.00
851.78	553.00
851.97	535.00
852.15	539.00
852.34	485.00
852.52	521.00
852.71	555.00
852.89	564.00
853.08	602.00
853.26	545.00
853.45	536.00
853.63	555.00
853.82	548.00
854.01	523.00
854.19	534.00
854.38	556.00
854.56	591.00
854.75	558.00
854.93	519.00
855.12	545.00
855.30	598.00
855.49	520.00
855.67	505.00
855.86	559.00
856.04	497.00
856.23	487.00
856.41	516.00
856.60	552.00
856.79	574.00
856.97	447.00
857.16	441.00
857.34	550.00
857.53	568.00
857.71	539.00
857.90	529.00
858.08	523.00
858.27	463.00
858.45	532.00
858.64	578.00
858.82	464.00
859.01	465.00
859.19	546.00
859.38	568.00
859.56	537.00
859.75	550.00
859.93	553.00
860.12	499.00
860.30	466.00
860.49	519.00
860.67	519.00
860.86	559.00
861.04	491.00
861.23	463.00
861.41	500.00
861.60	509.00
861.78	498.00
861.97	519.00
862.15	521.00
862.34	516.00
862.53	515.00
862.71	423.00
862.90	431.00
863.08	463.00
863.27	492.00
863.45	488.00
863.64	448.00
863.82	444.00
864.01	415.00
864.19	476.00
864.37	496.00
864.56	542.00
864.74	504.00
864.93	481.00
865.11	462.00
865.30	468.00
865.48	457.00
865.67	480.00
865.85	517.00
866.04	453.00
866.22	456.00
866.41	478.00
866.59	558.00
866.78	422.00
866.96	423.00
867.15	406.00
867.33	461.00
867.52	461.00
867.70	431.00
867.89	456.00
868.07	425.00
868.26	392.00
868.44	452.00
868.63	465.00
868.81	432.00
869.00	387.00
869.18	360.00
869.37	364.00
869.55	422.00
869.74	406.00
869.92	393.00
870.10	386.00
870.29	436.00
870.47	387.00
870.66	473.00
870.84	482.00
871.03	453.00
871.21	400.00
871.40	407.00
871.58	456.00
871.77	495.00
871.95	413.00
872.14	358.00
872.32	349.00
872.51	404.00
872.69	438.00
872.87	396.00
873.06	395.00
873.24	459.00
873.43	444.00
873.61	427.00
873.80	450.00
873.98	449.00
874.17	456.00
874.35	438.00
874.54	462.00
874.72	417.00
874.90	402.00
875.09	360.00
875.27	397.00
875.46	465.00
875.64	443.00
875.83	383.00
876.01	330.00
876.20	342.00
876.38	362.00
876.56	361.00
876.75	448.00
876.93	405.00
877.12	339.00
877.30	383.00
877.49	380.00
877.67	410.00
877.86	375.00
878.04	415.00
878.22	383.00
878.41	376.00
878.59	375.00
878.78	405.00
878.96	396.00
879.15	350.00
879.33	326.00
879.51	385.00
879.70	401.00
879.88	388.00
880.07	415.00
880.25	345.00
880.44	373.00
880.62	403.00
880.80	426.00
880.99	403.00
881.17	358.00
881.36	375.00
881.54	343.00
881.73	375.00
881.91	380.00
882.09	425.00
882.28	403.00
882.46	427.00
882.65	442.00
882.83	382.00
883.02	396.00
883.20	419.00
883.38	449.00
883.57	413.00
883.75	417.00
883.94	378.00
884.12	372.00
884.30	406.00
884.49	403.00
884.67	376.00
884.86	339.00
885.04	318.00
885.22	301.00
885.41	381.00
885.59	426.00
885.78	473.00
885.96	415.00
886.14	362.00
886.33	398.00
886.51	399.00
886.70	385.00
886.88	425.00
887.06	415.00
887.25	419.00
887.43	399.00
887.62	385.00
887.80	336.00
887.98	339.00
888.17	355.00
888.35	385.00
888.54	389.00
888.72	384.00
888.90	391.00
889.09	381.00
889.27	305.00
889.46	410.00
889.64	436.00
889.82	450.00
890.01	394.00
890.19	380.00
890.38	321.00
890.56	324.00
890.74	387.00
890.93	377.00
891.11	328.00
891.29	348.00
891.48	374.00
891.66	300.00
891.85	217.00
892.03	356.00
892.21	360.00
892.40	359.00
892.58	282.00
892.76	321.00
892.95	326.00
893.13	380.00
893.32	335.00
893.50	353.00
893.68	383.00
893.87	341.00
894.05	360.00
894.23	296.00
894.42	309.00
894.60	326.00
894.79	365.00
894.97	318.00
895.15	400.00
895.34	461.00
895.52	395.00
895.70	304.00
895.89	367.00
896.07	406.00
896.25	424.00
896.44	376.00
896.62	414.00
896.81	415.00
896.99	457.00
897.17	454.00
897.36	414.00
897.54	339.00
897.72	355.00
897.91	346.00
898.09	305.00
898.27	367.00
898.46	364.00
898.64	382.00
898.82	397.00
899.01	381.00
899.19	374.00
899.37	356.00
899.56	367.00
899.74	416.00
899.92	418.00
900.11	437.00
900.29	428.00
900.47	381.00
900.66	328.00
900.84	419.00
901.03	431.00
901.21	392.00
901.39	357.00
901.58	392.00
901.76	413.00
901.94	344.00
902.13	386.00
902.31	432.00
902.49	426.00
902.68	455.00
902.86	408.00
903.04	409.00
903.23	440.00
903.41	349.00
903.59	406.00
903.78	382.00
903.96	362.00
904.14	304.00
904.32	372.00
904.51	355.00
904.69	429.00
904.87	329.00
905.06	382.00
905.24	420.00
905.42	366.00
905.61	377.00
905.79	409.00
905.97	401.00
906.16	482.00
906.34	401.00
906.52	398.00
906.71	429.00
906.89	352.00
907.07	379.00
907.26	387.00
907.44	367.00
907.62	423.00
907.81	398.00
907.99	447.00
908.17	386.00
908.35	426.00
908.54	461.00
908.72	447.00
908.90	425.00
909.09	425.00
909.27	445.00
909.45	399.00
909.64	375.00
909.82	393.00
910.00	379.00
910.18	453.00
910.37	392.00
910.55	431.00
910.73	373.00
910.92	443.00
911.10	517.00
911.28	394.00
911.47	341.00
911.65	412.00
911.83	423.00
912.01	366.00
912.20	347.00
912.38	372.00
912.56	380.00
912.75	435.00
912.93	401.00
913.11	420.00
913.29	388.00
913.48	358.00
913.66	332.00
913.84	384.00
914.03	362.00
914.21	384.00
914.39	493.00
914.57	384.00
914.76	298.00
914.94	331.00
915.12	402.00
915.31	423.00
915.49	410.00
915.67	385.00
915.85	433.00
916.04	401.00
916.22	383.00
916.40	343.00
916.58	358.00
916.77	384.00
916.95	345.00
917.13	328.00
917.32	437.00
917.50	391.00
917.68	400.00
917.86	456.00
918.05	480.00
918.23	360.00
918.41	309.00
918.59	362.00
918.78	446.00
918.96	372.00
919.14	266.00
919.32	339.00
919.51	425.00
919.69	411.00
919.87	386.00
920.05	319.00
920.24	348.00
920.42	366.00
920.60	387.00
920.78	379.00
920.97	326.00
921.15	330.00
921.33	321.00
921.52	382.00
921.70	364.00
921.88	379.00
922.06	425.00
922.24	392.00
922.43	411.00
922.61	306.00
922.79	366.00
922.97	379.00
923.16	396.00
923.34	325.00
923.52	351.00
923.70	361.00
923.89	341.00
924.07	400.00
924.25	325.00
924.43	356.00
924.62	348.00
924.80	361.00
924.98	352.00
925.16	335.00
925.35	316.00
925.53	280.00
925.71	306.00
925.89	384.00
926.08	359.00
926.26	340.00
926.44	350.00
926.62	383.00
926.80	298.00
926.99	272.00
927.17	338.00
927.35	387.00
927.53	370.00
927.72	371.00
927.90	360.00
928.08	349.00
928.26	346.00
928.44	317.00
928.63	356.00
928.81	278.00
928.99	284.00
929.17	275.00
929.36	327.00
929.54	308.00
929.72	335.00
929.90	296.00
930.08	375.00
930.27	426.00
930.45	406.00
930.63	300.00
930.81	294.00
930.99	294.00
931.18	287.00
931.36	231.00
931.54	330.00
931.72	311.00
931.90	391.00
932.09	333.00
932.27	239.00
932.45	297.00
932.63	315.00
932.81	336.00
933.00	361.00
933.18	353.00
933.36	295.00
933.54	300.00
933.72	238.00
933.91	271.00
934.09	231.00
934.27	281.00
934.45	306.00
934.63	319.00
934.82	268.00
935.00	304.00
935.18	263.00
935.36	297.00
935.54	296.00
935.73	220.00
935.91	270.00
936.09	233.00
936.27	304.00
936.45	242.00
936.64	214.00
936.82	211.00
937.00	192.00
937.18	214.00
937.36	295.00
937.54	249.00
937.73	177.00
937.91	250.00
938.09	231.00
938.27	201.00
938.45	185.00
938.63	228.00
938.82	293.00
939.00	242.00
939.18	226.00
939.36	217.00
939.54	200.00
939.73	239.00
939.91	229.00
940.09	189.00
940.27	168.00
940.45	188.00
940.63	215.00
940.82	183.00
941.00	226.00
941.18	280.00
941.36	204.00
941.54	165.00
941.72	203.00
941.91	227.00
942.09	214.00
942.27	144.00
942.45	197.00
942.63	179.00
942.81	190.00
942.99	205.00
943.18	154.00
943.36	70.00
943.54	146.00
943.72	139.00
943.90	138.00
944.08	127.00
944.27	155.00
944.45	203.00
944.63	82.00
944.81	103.00
944.99	146.00
945.17	223.00
945.35	167.00
945.54	95.00
945.72	131.00
945.90	163.00
946.08	175.00
946.26	87.00
946.44	132.00
946.62	161.00
946.81	170.00
946.99	140.00
947.17	127.00
947.35	116.00
947.53	123.00
947.71	187.00
947.89	192.00
948.07	181.00
948.26	142.00
948.44	123.00
948.62	157.00
948.80	108.00
948.98	111.00
949.16	81.00
949.34	124.00
949.53	231.00
949.71	168.00
949.89	114.00
950.07	124.00
950.25	112.00
950.43	97.00
950.61	142.00
950.79	147.00
950.98	216.00
951.16	196.00
951.34	126.00
951.52	107.00
951.70	148.00
951.88	168.00
952.06	176.00
952.24	215.00
952.42	215.00
952.61	152.00
952.79	130.00
952.97	184.00
953.15	150.00
953.33	136.00
953.51	194.00
953.69	145.00
953.87	154.00
954.05	207.00
954.24	136.00
954.42	169.00
954.60	154.00
954.78	139.00
954.96	167.00
955.14	142.00
955.32	87.00
955.50	105.00
955.68	120.00
955.86	194.00
956.05	173.00
956.23	147.00
956.41	119.00
956.59	120.00
956.77	191.00
956.95	187.00
957.13	114.00
957.31	166.00
957.49	150.00
957.67	153.00
957.86	98.00
958.04	175.00
958.22	197.00
958.40	189.00
958.58	133.00
958.76	95.00
958.94	206.00
959.12	164.00
959.30	94.00
959.48	158.00
959.66	182.00
959.84	103.00
960.03	100.00
960.21	165.00
960.39	167.00
960.57	131.00
960.75	82.00
960.93	88.00
961.11	142.00
961.29	107.00
961.47	67.00
961.65	85.00
961.83	148.00
962.01	127.00
962.19	142.00
962.37	149.00
962.56	204.00
962.74	156.00
962.92	127.00
963.10	155.00
963.28	111.00
963.46	104.00
963.64	142.00
963.82	187.00
964.00	142.00
964.18	163.00
964.36	134.00
964.54	135.00
964.72	173.00
964.90	139.00
965.08	141.00
965.27	175.00
965.45	115.00
965.63	147.00
965.81	103.00
965.99	100.00
966.17	93.00
966.35	89.00
966.53	93.00
966.71	98.00
966.89	136.00
967.07	105.00
967.25	57.00
967.43	71.00
967.61	87.00
967.79	128.00
967.97	138.00
968.15	103.00
968.33	115.00
968.51	97.00
968.69	164.00
968.87	111.00
969.06	66.00
969.24	92.00
969.42	88.00
969.60	74.00
969.78	82.00
969.96	127.00
970.14	84.00
970.32	98.00
970.50	81.00
970.68	91.00
970.86	63.00
971.04	86.00
971.22	111.00
971.40	69.00
971.58	54.00
971.76	93.00
971.94	113.00
972.12	106.00
972.30	83.00
972.48	167.00
972.66	141.00
972.84	108.00
973.02	111.00
973.20	136.00
973.38	147.00
973.56	124.00
973.74	146.00
973.92	119.00
974.10	58.00
974.28	104.00
974.46	116.00
974.64	137.00
974.82	89.00
975.00	169.00
975.18	108.00
975.36	88.00
975.54	96.00
975.72	118.00
975.90	66.00
976.08	68.00
976.26	210.00
976.44	126.00
976.62	129.00
976.80	135.00
976.98	80.00
977.16	37.00
977.34	75.00
977.52	59.00
977.70	110.00
977.88	82.00
978.06	54.00
978.24	66.00
978.42	101.00
978.60	145.00
978.78	135.00
978.96	87.00
979.14	81.00
979.32	107.00
979.50	159.00
979.68	106.00
979.86	62.00
980.04	72.00
980.22	92.00
980.40	148.00
980.58	171.00
980.76	201.00
980.94	106.00
981.12	162.00
981.30	188.00
981.48	111.00
981.66	107.00
981.84	107.00
982.02	115.00
982.20	144.00
982.38	53.00
982.56	61.00
982.74	71.00
982.92	78.00
983.10	82.00
983.28	68.00
983.46	56.00
983.64	47.00
983.82	121.00
984.00	75.00
984.18	98.00
984.36	46.00
984.54	99.00
984.72	125.00
984.90	118.00
985.08	63.00
985.26	125.00
985.44	105.00
985.62	79.00
985.80	123.00
985.98	74.00
986.16	57.00
986.34	54.00
986.51	156.00
986.69	141.00
986.87	59.00
987.05	5.00
987.23	59.00
987.41	78.00
987.59	123.00
987.77	93.00
987.95	107.00
988.13	49.00
988.31	105.00
988.49	54.00
988.67	55.00
988.85	120.00
989.03	150.00
989.21	116.00
989.39	149.00
989.57	64.00
989.75	0.00
989.93	41.00
990.11	82.00
990.28	117.00
990.46	62.00
990.64	4.00
990.82	57.00
991.00	83.00
991.18	32.00
991.36	109.00
991.54	70.00
991.72	108.00
991.90	57.00
992.08	84.00
992.26	78.00
992.44	55.00
992.62	72.00
992.80	69.00
992.98	100.00
993.15	111.00
993.33	137.00
993.51	90.00
993.69	136.00
993.87	112.00
994.05	50.00
994.23	35.00
994.41	39.00
994.59	86.00
994.77	92.00
994.95	73.00
995.13	72.00
995.31	32.00
995.48	57.00
995.66	44.00
995.84	18.00
996.02	98.00
996.20	74.00
996.38	80.00
996.56	56.00
996.74	101.00
996.92	103.00
997.10	105.00
997.28	98.00
997.46	78.00
997.63	97.00
997.81	113.00
997.99	108.00
998.17	105.00
998.35	99.00
998.53	148.00
998.71	107.00
998.89	136.00
999.07	82.00
999.25	76.00
999.43	28.00
999.60	76.00
999.78	98.00
999.96	77.00
1000.14	102.00
1000.32	166.00
1000.50	154.00
1000.68	39.00
1000.86	33.00
1001.04	89.00
1001.21	105.00
1001.39	55.00
1001.57	48.00
1001.75	73.00
1001.93	94.00
1002.11	68.00
1002.29	118.00
1002.47	96.00
1002.65	108.00
1002.82	53.00
1003.00	78.00
1003.18	87.00
1003.36	116.00
1003.54	106.00
1003.72	58.00
1003.90	81.00
1004.08	102.00
1004.26	80.00
1004.43	137.00
1004.61	157.00
1004.79	123.00
1004.97	97.00
1005.15	20.00
1005.33	34.00
1005.51	45.00
1005.69	88.00
1005.86	101.00
1006.04	88.00
1006.22	47.00
1006.40	70.00
1006.58	56.00
1006.76	35.00
1006.94	50.00
1007.12	73.00
1007.29	83.00
1007.47	100.00
1007.65	87.00
1007.83	3.00
1008.01	108.00
1008.19	134.00
1008.37	110.00
1008.54	57.00
1008.72	45.00
1008.90	38.00
1009.08	83.00
1009.26	105.00
1009.44	50.00
1009.62	72.00
1009.79	79.00
1009.97	81.00
1010.15	151.00
1010.33	77.00
1010.51	28.00
1010.69	36.00
1010.87	68.00
1011.04	87.00
1011.22	10.00
1011.40	66.00
1011.58	18.00
1011.76	62.00
1011.94	124.00
1012.11	33.00
1012.29	39.00
1012.47	59.00
1012.65	103.00
1012.83	104.00
1013.01	70.00
1013.18	58.00
1013.36	64.00
1013.54	65.00
1013.72	74.00
1013.90	85.00
1014.08	69.00
1014.25	4.00
1014.43	55.00
1014.61	91.00
1014.79	39.00
1014.97	101.00
1015.15	90.00
1015.32	70.00
1015.50	45.00
1015.68	48.00
1015.86	106.00
1016.04	51.00
1016.22	51.00
1016.39	31.00
1016.57	58.00
1016.75	63.00
1016.93	69.00
1017.11	67.00
1017.29	28.00
1017.46	75.00
1017.64	32.00
1017.82	-3.00
1018.00	96.00
1018.18	110.00
1018.35	90.00
1018.53	68.00
1018.71	29.00
1018.89	-16.00
1019.07	55.00
1019.24	9.00
1019.42	62.00
1019.60	34.00
1019.78	40.00
1019.96	124.00
1020.14	131.00
1020.31	79.00
1020.49	101.00
1020.67	74.00
1020.85	82.00
1021.03	69.00
1021.20	35.00
1021.38	38.00
1021.56	69.00
1021.74	117.00
1021.92	67.00
1022.09	30.00
1022.27	19.00
1022.45	44.00
1022.63	45.00
1022.81	26.00
1022.98	41.00
1023.16	42.00
1023.34	50.00
1023.52	27.00
1023.69	71.00
1023.87	94.00
1024.05	43.00
1024.23	89.00
1024.41	23.00
1024.58	75.00
1024.76	69.00
1024.94	54.00
1025.12	83.00
1025.30	56.00
1025.47	82.00
1025.65	66.00
1025.83	9.00
1026.01	35.00
1026.18	-46.00
1026.36	21.00
1026.54	123.00
1026.72	-25.00
1026.90	23.00
1027.07	121.00
1027.25	108.00
1027.43	86.00
1027.61	95.00
1027.78	44.00
1027.96	10.00
1028.14	-20.00
1028.32	29.00
1028.49	104.00
1028.67	102.00
1028.85	75.00
1029.03	34.00
1029.21	69.00
1029.38	56.00
1029.56	25.00
1029.74	33.00
1029.92	31.00
1030.09	60.00
1030.27	58.00
1030.45	118.00
1030.63	61.00
1030.80	52.00
1030.98	24.00
1031.16	53.00
1031.34	93.00
1031.51	128.00
1031.69	76.00
1031.87	-8.00
1032.05	9.00
1032.22	37.00
1032.40	-66.00
1032.58	22.00
1032.76	28.00
1032.93	118.00
1033.11	85.00
1033.29	-9.00
1033.47	21.00
1033.64	58.00
1033.82	79.00
1034.00	1.00
1034.18	65.00
1034.35	99.00
1034.53	17.00
1034.71	74.00
1034.89	70.00
1035.06	86.00
1035.24	83.00
1035.42	32.00
1035.59	59.00
1035.77	47.00
1035.95	55.00
1036.13	91.00
1036.30	38.00
1036.48	35.00
1036.66	115.00
1036.84	96.00
1037.01	55.00
1037.19	49.00
1037.37	69.00
1037.54	21.00
1037.72	34.00
1037.90	42.00
1038.08	25.00
1038.25	10.00
1038.43	32.00
1038.61	35.00
1038.79	1.00
1038.96	-15.00
1039.14	-15.00
1039.32	18.00
1039.49	59.00
1039.67	32.00
1039.85	19.00
1040.03	-32.00
1040.20	5.00
1040.38	50.00
1040.56	20.00
1040.73	10.00
1040.91	66.00
1041.09	68.00
1041.27	21.00
1041.44	44.00
1041.62	73.00
1041.80	65.00
1041.97	66.00
1042.15	96.00
1042.33	22.00
1042.50	48.00
1042.68	21.00
1042.86	69.00
1043.04	98.00
1043.21	63.00
1043.39	98.00
1043.57	93.00
1043.74	105.00
1043.92	39.00
1044.10	69.00
1044.27	63.00
1044.45	72.00
1044.63	51.00
1044.80	68.00
1044.98	76.00
1045.16	23.00
1045.34	70.00
1045.51	111.00
1045.69	106.00
1045.87	62.00
1046.04	37.00
1046.22	5.00
1046.40	-2.00
1046.57	-51.00
1046.75	-11.00
1046.93	14.00
1047.10	52.00
1047.28	55.00
1047.46	35.00
1047.63	28.00
1047.81	37.00
1047.99	20.00
1048.16	80.00
1048.34	43.00
1048.52	-6.00
1048.69	35.00
1048.87	52.00
1049.05	116.00
1049.22	134.00
1049.40	49.00
1049.58	35.00
1049.75	100.00
1049.93	60.00
1050.11	21.00
1050.28	-20.00
1050.46	2.00
1050.64	4.00
1050.81	16.00
1050.99	79.00
1051.17	40.00
1051.34	11.00
1051.52	-52.00
1051.70	-10.00
1051.87	-29.00
1052.05	56.00
1052.23	86.00
1052.40	18.00
1052.58	17.00
1052.76	33.00
1052.93	86.00
1053.11	93.00
1053.29	-1.00
1053.46	51.00
1053.64	26.00
1053.82	-1.00
1053.99	38.00
1054.17	56.00
1054.35	70.00
1054.52	29.00
1054.70	40.00
1054.87	103.00
1055.05	20.00
1055.23	65.00
1055.40	55.00
1055.58	46.00
1055.76	42.00
1055.93	52.00
1056.11	136.00
1056.29	69.00
1056.46	57.00
1056.64	47.00
1056.81	52.00
1056.99	34.00
1057.17	48.00
1057.34	25.00
1057.52	51.00
1057.70	32.00
1057.87	29.00
1058.05	50.00
1058.22	69.00
1058.40	23.00
1058.58	-52.00
1058.75	-39.00
1058.93	23.00
1059.11	7.00
1059.28	70.00
1059.46	50.00
1059.63	-11.00
1059.81	19.00
1059.99	38.00
1060.16	37.00
1060.34	21.00
1060.52	55.00
1060.69	33.00
1060.87	33.00
1061.04	33.00
1061.22	73.00
