367.62	-66.00
367.82	-75.00
368.02	16.00
368.23	26.00
368.43	50.00
368.63	39.00
368.83	-29.00
369.04	-12.00
369.24	-55.00
369.44	17.00
369.65	121.00
369.85	-16.00
370.05	-40.00
370.25	1.00
370.46	0.00
370.66	-27.00
370.86	-44.00
371.07	18.00
371.27	23.00
371.47	44.00
371.67	-17.00
371.88	18.00
372.08	11.00
372.28	58.00
372.49	72.00
372.69	-8.00
372.89	5.00
373.09	19.00
373.30	-7.00
373.50	26.00
373.70	40.00
373.91	56.00
374.11	-5.00
374.31	35.00
374.51	59.00
374.72	20.00
374.92	-4.00
375.12	-49.00
375.33	-17.00
375.53	26.00
375.73	26.00
375.93	4.00
376.14	39.00
376.34	-41.00
376.54	1.00
376.74	71.00
376.95	74.00
377.15	91.00
377.35	65.00
377.55	29.00
377.76	49.00
377.96	-13.00
378.16	-75.00
378.37	-21.00
378.57	17.00
378.77	-27.00
378.97	-19.00
379.18	35.00
379.38	13.00
379.58	6.00
379.78	51.00
379.99	118.00
380.19	29.00
380.39	35.00
380.59	23.00
380.80	49.00
381.00	25.00
381.20	-12.00
381.40	5.00
381.61	64.00
381.81	64.00
382.01	87.00
382.21	80.00
382.42	-8.00
382.62	16.00
382.82	16.00
383.02	34.00
383.23	28.00
383.43	34.00
383.63	14.00
383.83	-32.00
384.04	17.00
384.24	16.00
384.44	-9.00
384.64	13.00
384.85	-4.00
385.05	65.00
385.25	-44.00
385.45	-16.00
385.66	-53.00
385.86	44.00
386.06	11.00
386.26	0.00
386.47	32.00
386.67	8.00
386.87	52.00
387.07	19.00
387.27	40.00
387.48	22.00
387.68	48.00
387.88	30.00
388.08	4.00
388.29	-68.00
388.49	27.00
388.69	30.00
388.89	39.00
389.10	68.00
389.30	-12.00
389.50	-22.00
389.70	65.00
389.90	52.00
390.11	26.00
390.31	16.00
390.51	101.00
390.71	37.00
390.92	-12.00
391.12	27.00
391.32	80.00
391.52	21.00
391.72	28.00
391.93	46.00
392.13	-13.00
392.33	-10.00
392.53	18.00
392.74	124.00
392.94	15.00
393.14	-38.00
393.34	-1.00
393.54	-9.00
393.75	-22.00
393.95	9.00
394.15	37.00
394.35	-4.00
394.56	64.00
394.76	73.00
394.96	27.00
395.16	-5.00
395.36	12.00
395.57	-4.00
395.77	63.00
395.97	63.00
396.17	15.00
396.37	38.00
396.58	28.00
396.78	-14.00
396.98	56.00
397.18	27.00
397.38	35.00
397.59	0.00
397.79	19.00
397.99	18.00
398.19	-16.00
398.39	-42.00
398.60	38.00
398.80	-14.00
399.00	5.00
399.20	-4.00
399.40	41.00
399.61	75.00
399.81	67.00
400.01	73.00
400.21	-6.00
400.41	1.00
400.62	-47.00
400.82	-51.00
401.02	5.00
401.22	51.00
401.42	78.00
401.63	17.00
401.83	7.00
402.03	28.00
402.23	-24.00
402.43	19.00
402.64	-12.00
402.84	-15.00
403.04	52.00
403.24	86.00
403.44	99.00
403.64	114.00
403.85	33.00
404.05	24.00
404.25	43.00
404.45	24.00
404.65	43.00
404.86	18.00
405.06	8.00
405.26	-63.00
405.46	-32.00
405.66	30.00
405.86	39.00
406.07	112.00
406.27	66.00
406.47	2.00
406.67	17.00
406.87	28.00
407.07	44.00
407.28	1.00
407.48	-63.00
407.68	22.00
407.88	26.00
408.08	34.00
408.28	9.00
408.49	33.00
408.69	81.00
408.89	81.00
409.09	61.00
409.29	25.00
409.49	-4.00
409.70	60.00
409.90	-42.00
410.10	38.00
410.30	32.00
410.50	16.00
410.70	-24.00
410.91	23.00
411.11	33.00
411.31	34.00
411.51	2.00
411.71	-18.00
411.91	-31.00
412.12	42.00
412.32	39.00
412.52	-11.00
412.72	-9.00
412.92	19.00
413.12	13.00
413.32	-34.00
413.53	4.00
413.73	20.00
413.93	29.00
414.13	35.00
414.33	35.00
414.53	34.00
414.74	52.00
414.94	18.00
415.14	18.00
415.34	25.00
415.54	-23.00
415.74	30.00
415.94	31.00
416.15	65.00
416.35	73.00
416.55	4.00
416.75	39.00
416.95	10.00
417.15	73.00
417.35	42.00
417.56	14.00
417.76	31.00
417.96	23.00
418.16	89.00
418.36	69.00
418.56	59.00
418.76	63.00
418.97	51.00
419.17	75.00
419.37	41.00
419.57	0.00
419.77	85.00
419.97	67.00
420.17	52.00
420.37	50.00
420.58	58.00
420.78	83.00
420.98	25.00
421.18	44.00
421.38	65.00
421.58	-21.00
421.78	11.00
421.98	132.00
422.19	96.00
422.39	43.00
422.59	77.00
422.79	76.00
422.99	46.00
423.19	0.00
423.39	72.00
423.59	44.00
423.80	14.00
424.00	29.00
424.20	34.00
424.40	66.00
424.60	56.00
424.80	27.00
425.00	-45.00
425.20	1.00
425.40	11.00
425.61	50.00
425.81	-4.00
426.01	18.00
426.21	49.00
426.41	97.00
426.61	65.00
426.81	4.00
427.01	45.00
427.21	108.00
427.42	23.00
427.62	91.00
427.82	88.00
428.02	58.00
428.22	130.00
428.42	91.00
428.62	110.00
428.82	76.00
429.02	5.00
429.23	77.00
429.43	101.00
429.63	85.00
429.83	94.00
430.03	89.00
430.23	111.00
430.43	117.00
430.63	91.00
430.83	35.00
431.03	123.00
431.24	69.00
431.44	-30.00
431.64	33.00
431.84	103.00
432.04	44.00
432.24	80.00
432.44	67.00
432.64	87.00
432.84	87.00
433.04	0.00
433.24	58.00
433.45	72.00
433.65	135.00
433.85	89.00
434.05	16.00
434.25	65.00
434.45	84.00
434.65	40.00
434.85	37.00
435.05	112.00
435.25	24.00
435.45	56.00
435.65	42.00
435.86	15.00
436.06	78.00
436.26	98.00
436.46	86.00
436.66	65.00
436.86	62.00
437.06	45.00
437.26	95.00
437.46	29.00
437.66	-13.00
437.86	25.00
438.06	49.00
438.26	17.00
438.47	36.00
438.67	96.00
438.87	21.00
439.07	-36.00
439.27	6.00
439.47	16.00
439.67	60.00
439.87	55.00
440.07	58.00
440.27	15.00
440.47	74.00
440.67	76.00
440.87	-11.00
441.07	27.00
441.27	68.00
441.48	35.00
441.68	12.00
441.88	61.00
442.08	110.00
442.28	56.00
442.48	60.00
442.68	28.00
442.88	-41.00
443.08	-9.00
443.28	70.00
443.48	76.00
443.68	18.00
443.88	55.00
444.08	40.00
444.28	59.00
444.48	50.00
444.68	61.00
444.88	107.00
445.09	150.00
445.29	70.00
445.49	67.00
445.69	36.00
445.89	6.00
446.09	73.00
446.29	115.00
446.49	97.00
446.69	80.00
446.89	57.00
447.09	50.00
447.29	57.00
447.49	59.00
447.69	66.00
447.89	43.00
448.09	17.00
448.29	47.00
448.49	116.00
448.69	49.00
448.89	93.00
449.09	37.00
449.29	88.00
449.49	76.00
449.70	67.00
449.90	58.00
450.10	66.00
450.30	84.00
450.50	66.00
450.70	77.00
450.90	75.00
451.10	105.00
451.30	84.00
451.50	49.00
451.70	41.00
451.90	118.00
452.10	88.00
452.30	104.00
452.50	106.00
452.70	81.00
452.90	39.00
453.10	64.00
453.30	72.00
453.50	121.00
453.70	101.00
453.90	55.00
454.10	134.00
454.30	114.00
454.50	98.00
454.70	83.00
454.90	100.00
455.10	111.00
455.30	63.00
455.50	59.00
455.70	-1.00
455.90	72.00
456.10	-26.00
456.30	34.00
456.50	47.00
456.70	7.00
456.90	44.00
457.10	111.00
457.30	81.00
457.50	94.00
457.70	191.00
457.90	34.00
458.10	21.00
458.30	125.00
458.50	87.00
458.70	105.00
458.90	55.00
459.10	53.00
459.30	86.00
459.50	159.00
459.70	106.00
459.90	89.00
460.10	118.00
460.30	101.00
460.50	123.00
460.70	39.00
460.90	49.00
461.10	91.00
461.30	70.00
461.50	94.00
461.70	60.00
461.90	54.00
462.10	112.00
462.30	107.00
462.50	75.00
462.70	110.00
462.90	141.00
463.10	90.00
463.30	114.00
463.50	98.00
463.70	99.00
463.90	40.00
464.10	153.00
464.30	151.00
464.50	75.00
464.70	89.00
464.90	74.00
465.10	27.00
465.30	68.00
465.50	44.00
465.70	51.00
465.90	57.00
466.10	73.00
466.30	140.00
466.50	110.00
466.70	93.00
466.90	73.00
467.10	90.00
467.30	56.00
467.50	131.00
467.70	96.00
467.90	35.00
468.10	27.00
468.30	90.00
468.50	111.00
468.70	142.00
468.90	111.00
469.10	80.00
469.30	49.00
469.50	10.00
469.70	61.00
469.90	98.00
470.10	12.00
470.30	113.00
470.50	113.00
470.70	93.00
470.90	137.00
471.10	44.00
471.29	19.00
471.49	48.00
471.69	51.00
471.89	48.00
472.09	86.00
472.29	141.00
472.49	94.00
472.69	98.00
472.89	118.00
473.09	159.00
473.29	125.00
473.49	75.00
473.69	121.00
473.89	143.00
474.09	101.00
474.29	127.00
474.49	110.00
474.69	132.00
474.89	151.00
475.09	117.00
475.29	74.00
475.49	97.00
475.69	100.00
475.88	167.00
476.08	95.00
476.28	85.00
476.48	46.00
476.68	126.00
476.88	150.00
477.08	176.00
477.28	85.00
477.48	87.00
477.68	123.00
477.88	95.00
478.08	66.00
478.28	60.00
478.48	110.00
478.68	64.00
478.88	55.00
479.08	17.00
479.28	102.00
479.47	61.00
479.67	22.00
479.87	50.00
480.07	47.00
480.27	-1.00
480.47	96.00
480.67	91.00
480.87	91.00
481.07	29.00
481.27	47.00
481.47	86.00
481.67	87.00
481.87	41.00
482.07	103.00
482.27	62.00
482.46	17.00
482.66	153.00
482.86	145.00
483.06	98.00
483.26	89.00
483.46	67.00
483.66	110.00
483.86	72.00
484.06	125.00
484.26	164.00
484.46	114.00
484.66	115.00
484.86	18.00
485.05	36.00
485.25	76.00
485.45	63.00
485.65	146.00
485.85	115.00
486.05	60.00
486.25	66.00
486.45	155.00
486.65	133.00
486.85	100.00
487.05	108.00
487.25	59.00
487.44	33.00
487.64	104.00
487.84	128.00
488.04	56.00
488.24	59.00
488.44	96.00
488.64	106.00
488.84	118.00
489.04	108.00
489.24	54.00
489.43	90.00
489.63	131.00
489.83	59.00
490.03	90.00
490.23	163.00
490.43	105.00
490.63	112.00
490.83	134.00
491.03	127.00
491.23	94.00
491.42	137.00
491.62	82.00
491.82	41.00
492.02	132.00
492.22	121.00
492.42	67.00
492.62	99.00
492.82	92.00
493.02	170.00
493.22	191.00
493.41	136.00
493.61	116.00
493.81	124.00
494.01	125.00
494.21	145.00
494.41	144.00
494.61	168.00
494.81	62.00
495.01	90.00
495.20	159.00
495.40	110.00
495.60	102.00
495.80	101.00
496.00	205.00
496.20	143.00
496.40	127.00
496.60	127.00
496.79	76.00
496.99	65.00
497.19	77.00
497.39	161.00
497.59	142.00
497.79	164.00
497.99	130.00
498.19	117.00
498.38	141.00
498.58	139.00
498.78	100.00
498.98	129.00
499.18	75.00
499.38	110.00
499.58	139.00
499.78	144.00
499.97	132.00
500.17	86.00
500.37	131.00
500.57	103.00
500.77	90.00
500.97	170.00
501.17	157.00
501.37	146.00
501.56	102.00
501.76	127.00
501.96	113.00
502.16	109.00
502.36	49.00
502.56	133.00
502.76	165.00
502.95	183.00
503.15	229.00
503.35	180.00
503.55	118.00
503.75	130.00
503.95	170.00
504.15	131.00
504.34	166.00
504.54	117.00
504.74	71.00
504.94	125.00
505.14	120.00
505.34	101.00
505.54	74.00
505.73	136.00
505.93	132.00
506.13	128.00
506.33	135.00
506.53	147.00
506.73	82.00
506.92	54.00
507.12	118.00
507.32	76.00
507.52	122.00
507.72	129.00
507.92	127.00
508.12	197.00
508.31	158.00
508.51	139.00
508.71	144.00
508.91	171.00
509.11	180.00
509.31	191.00
509.50	165.00
509.70	162.00
509.90	179.00
510.10	136.00
510.30	141.00
510.50	170.00
510.69	107.00
510.89	183.00
511.09	238.00
511.29	171.00
511.49	219.00
511.69	194.00
511.88	176.00
512.08	141.00
512.28	125.00
512.48	113.00
512.68	103.00
512.88	84.00
513.07	103.00
513.27	133.00
513.47	131.00
513.67	105.00
513.87	162.00
514.06	142.00
514.26	192.00
514.46	157.00
514.66	163.00
514.86	127.00
515.06	175.00
515.25	122.00
515.45	160.00
515.65	174.00
515.85	186.00
516.05	164.00
516.24	135.00
516.44	68.00
516.64	153.00
516.84	149.00
517.04	100.00
517.23	149.00
517.43	186.00
517.63	118.00
517.83	127.00
518.03	90.00
518.23	139.00
518.42	153.00
518.62	189.00
518.82	135.00
519.02	185.00
519.22	159.00
519.41	148.00
519.61	157.00
519.81	143.00
520.01	135.00
520.21	128.00
520.40	144.00
520.60	115.00
520.80	146.00
521.00	105.00
521.20	112.00
521.39	148.00
521.59	98.00
521.79	147.00
521.99	154.00
522.19	168.00
522.38	192.00
522.58	173.00
522.78	138.00
522.98	199.00
523.17	96.00
523.37	150.00
523.57	166.00
523.77	137.00
523.97	80.00
524.16	116.00
524.36	109.00
524.56	131.00
524.76	207.00
524.96	186.00
525.15	198.00
525.35	217.00
525.55	177.00
525.75	178.00
525.94	181.00
526.14	177.00
526.34	210.00
526.54	202.00
526.74	219.00
526.93	173.00
527.13	174.00
527.33	143.00
527.53	221.00
527.72	204.00
527.92	229.00
528.12	233.00
528.32	170.00
528.52	142.00
528.71	172.00
528.91	119.00
529.11	167.00
529.31	229.00
529.50	171.00
529.70	160.00
529.90	197.00
530.10	156.00
530.29	126.00
530.49	224.00
530.69	304.00
530.89	231.00
531.09	176.00
531.28	217.00
531.48	224.00
531.68	212.00
531.88	234.00
532.07	190.00
532.27	198.00
532.47	274.00
532.67	314.00
532.86	291.00
533.06	237.00
533.26	259.00
533.46	293.00
533.65	273.00
533.85	318.00
534.05	241.00
534.25	226.00
534.44	249.00
534.64	254.00
534.84	253.00
535.04	336.00
535.23	247.00
535.43	208.00
535.63	251.00
535.83	205.00
536.02	196.00
536.22	185.00
536.42	270.00
536.62	322.00
536.81	316.00
537.01	288.00
537.21	265.00
537.41	217.00
537.60	289.00
537.80	314.00
538.00	270.00
538.20	303.00
538.39	334.00
538.59	249.00
538.79	277.00
538.99	319.00
539.18	313.00
539.38	277.00
539.58	349.00
539.77	355.00
539.97	251.00
540.17	342.00
540.37	364.00
540.56	358.00
540.76	341.00
540.96	378.00
541.16	349.00
541.35	326.00
541.55	411.00
541.75	397.00
541.94	349.00
542.14	379.00
542.34	345.00
542.54	352.00
542.73	308.00
542.93	289.00
543.13	304.00
543.33	307.00
543.52	358.00
543.72	350.00
543.92	370.00
544.11	338.00
544.31	304.00
544.51	343.00
544.71	375.00
544.90	313.00
545.10	395.00
545.30	434.00
545.49	367.00
545.69	289.00
545.89	407.00
546.09	442.00
546.28	353.00
546.48	392.00
546.68	362.00
546.87	383.00
547.07	409.00
547.27	394.00
547.47	312.00
547.66	313.00
547.86	329.00
548.06	302.00
548.25	325.00
548.45	316.00
548.65	326.00
548.84	397.00
549.04	397.00
549.24	359.00
549.44	310.00
549.63	263.00
549.83	326.00
550.03	372.00
550.22	291.00
550.42	283.00
550.62	284.00
550.81	359.00
551.01	340.00
551.21	318.00
551.41	393.00
551.60	360.00
551.80	255.00
552.00	244.00
552.19	277.00
552.39	294.00
552.59	370.00
552.78	359.00
552.98	316.00
553.18	258.00
553.37	363.00
553.57	393.00
553.77	269.00
553.96	312.00
554.16	297.00
554.36	334.00
554.56	268.00
554.75	265.00
554.95	268.00
555.15	326.00
555.34	311.00
555.54	310.00
555.74	298.00
555.93	340.00
556.13	305.00
556.33	253.00
556.52	285.00
556.72	245.00
556.92	298.00
557.11	306.00
557.31	226.00
557.51	256.00
557.70	290.00
557.90	337.00
558.10	253.00
558.29	269.00
558.49	272.00
558.69	359.00
558.88	312.00
559.08	288.00
559.28	258.00
559.47	314.00
559.67	318.00
559.87	238.00
560.06	256.00
560.26	327.00
560.46	347.00
560.65	247.00
560.85	281.00
561.05	272.00
561.24	273.00
561.44	315.00
561.64	335.00
561.83	282.00
562.03	328.00
562.23	255.00
562.42	293.00
562.62	365.00
562.82	325.00
563.01	292.00
563.21	335.00
563.40	316.00
563.60	299.00
563.80	354.00
563.99	374.00
564.19	292.00
564.39	238.00
564.58	293.00
564.78	295.00
564.98	281.00
565.17	302.00
565.37	315.00
565.57	336.00
565.76	230.00
565.96	219.00
566.16	249.00
566.35	261.00
566.55	296.00
566.74	329.00
566.94	235.00
567.14	322.00
567.33	387.00
567.53	350.00
567.73	309.00
567.92	245.00
568.12	245.00
568.32	354.00
568.51	375.00
568.71	284.00
568.90	303.00
569.10	307.00
569.30	307.00
569.49	323.00
569.69	350.00
569.89	363.00
570.08	348.00
570.28	344.00
570.47	363.00
570.67	375.00
570.87	279.00
571.06	258.00
571.26	280.00
571.46	326.00
571.65	298.00
571.85	293.00
572.04	291.00
572.24	338.00
572.44	371.00
572.63	291.00
572.83	336.00
573.03	393.00
573.22	373.00
573.42	398.00
573.61	431.00
573.81	408.00
574.01	363.00
574.20	342.00
574.40	299.00
574.59	370.00
574.79	402.00
574.99	427.00
575.18	403.00
575.38	331.00
575.58	373.00
575.77	413.00
575.97	412.00
576.16	423.00
576.36	497.00
576.56	400.00
576.75	432.00
576.95	492.00
577.14	446.00
577.34	446.00
577.54	474.00
577.73	442.00
577.93	426.00
578.12	457.00
578.32	467.00
578.52	507.00
578.71	539.00
578.91	531.00
579.10	448.00
579.30	506.00
579.50	563.00
579.69	531.00
579.89	620.00
580.08	598.00
580.28	553.00
580.48	580.00
580.67	540.00
580.87	568.00
581.06	557.00
581.26	525.00
581.45	482.00
581.65	554.00
581.85	610.00
582.04	596.00
582.24	548.00
582.43	595.00
582.63	641.00
582.83	589.00
583.02	670.00
583.22	736.00
583.41	703.00
583.61	671.00
583.80	700.00
584.00	735.00
584.20	718.00
584.39	709.00
584.59	658.00
584.78	696.00
584.98	766.00
585.17	779.00
585.37	783.00
585.57	781.00
585.76	822.00
585.96	805.00
586.15	775.00
586.35	790.00
586.54	842.00
586.74	841.00
586.94	863.00
587.13	821.00
587.33	837.00
587.52	885.00
587.72	918.00
587.91	933.00
588.11	884.00
588.31	902.00
588.50	885.00
588.70	853.00
588.89	869.00
589.09	822.00
589.28	843.00
589.48	893.00
589.68	959.00
589.87	903.00
590.07	985.00
590.26	954.00
590.46	926.00
590.65	976.00
590.85	1009.00
591.04	1038.00
591.24	997.00
591.44	977.00
591.63	936.00
591.83	1012.00
592.02	999.00
592.22	990.00
592.41	1033.00
592.61	1068.00
592.80	1088.00
593.00	1101.00
593.19	1077.00
593.39	1063.00
593.59	1082.00
593.78	1078.00
593.98	1113.00
594.17	1138.00
594.37	1132.00
594.56	1105.00
594.76	1029.00
594.95	1177.00
595.15	1143.00
595.34	1120.00
595.54	1129.00
595.73	1166.00
595.93	1158.00
596.13	1219.00
596.32	1172.00
596.52	1198.00
596.71	1211.00
596.91	1213.00
597.10	1098.00
597.30	1136.00
597.49	1159.00
597.69	1243.00
597.88	1231.00
598.08	1197.00
598.27	1170.00
598.47	1228.00
598.66	1266.00
598.86	1256.00
599.06	1241.00
599.25	1189.00
599.45	1260.00
599.64	1325.00
599.84	1332.00
600.03	1291.00
600.23	1322.00
600.42	1356.00
600.62	1274.00
600.81	1240.00
601.01	1334.00
601.20	1339.00
601.40	1228.00
601.59	1207.00
601.79	1206.00
601.98	1335.00
602.18	1299.00
602.37	1218.00
602.57	1285.00
602.76	1329.00
602.96	1313.00
603.15	1274.00
603.35	1263.00
603.54	1269.00
603.74	1340.00
603.93	1290.00
604.13	1337.00
604.32	1277.00
604.52	1315.00
604.71	1320.00
604.91	1373.00
605.10	1366.00
605.30	1410.00
605.49	1369.00
605.69	1312.00
605.88	1339.00
606.08	1297.00
606.27	1271.00
606.47	1322.00
606.66	1388.00
606.86	1316.00
607.05	1292.00
607.25	1227.00
607.44	1259.00
607.64	1334.00
607.83	1378.00
608.03	1374.00
608.22	1407.00
608.42	1366.00
608.61	1379.00
608.81	1455.00
609.00	1431.00
609.20	1462.00
609.39	1455.00
609.59	1598.00
609.78	1614.00
609.98	1742.00
610.17	1825.00
610.37	2012.00
610.56	2109.00
610.76	2371.00
610.95	2425.00
611.15	2585.00
611.34	2634.00
611.54	2631.00
611.73	2577.00
611.93	2318.00
612.12	2035.00
612.32	1911.00
612.51	1825.00
612.71	1748.00
612.90	1727.00
613.09	1692.00
613.29	1631.00
613.48	1623.00
613.68	1644.00
613.87	1563.00
614.07	1612.00
614.26	1705.00
614.46	1625.00
614.65	1530.00
614.85	1567.00
615.04	1572.00
615.24	1589.00
615.43	1532.00
615.63	1465.00
615.82	1342.00
616.02	1410.00
616.21	1424.00
616.40	1334.00
616.60	1354.00
616.79	1397.00
616.99	1407.00
617.18	1360.00
617.38	1321.00
617.57	1331.00
617.77	1332.00
617.96	1320.00
618.16	1320.00
618.35	1351.00
618.54	1341.00
618.74	1334.00
618.93	1350.00
619.13	1358.00
619.32	1371.00
619.52	1449.00
619.71	1363.00
619.91	1319.00
620.10	1371.00
620.30	1434.00
620.49	1391.00
620.68	1444.00
620.88	1500.00
621.07	1435.00
621.27	1459.00
621.46	1438.00
621.66	1458.00
621.85	1354.00
622.05	1464.00
622.24	1429.00
622.43	1455.00
622.63	1427.00
622.82	1417.00
623.02	1418.00
623.21	1431.00
623.41	1479.00
623.60	1493.00
623.80	1429.00
623.99	1429.00
624.18	1512.00
624.38	1468.00
624.57	1427.00
624.77	1436.00
624.96	1421.00
625.16	1474.00
625.35	1536.00
625.54	1581.00
625.74	1526.00
625.93	1479.00
626.13	1511.00
626.32	1510.00
626.52	1549.00
626.71	1555.00
626.90	1703.00
627.10	1624.00
627.29	1505.00
627.49	1534.00
627.68	1546.00
627.88	1579.00
628.07	1548.00
628.26	1586.00
628.46	1601.00
628.65	1587.00
628.85	1536.00
629.04	1620.00
629.23	1535.00
629.43	1565.00
629.62	1652.00
629.82	1668.00
630.01	1620.00
630.21	1595.00
630.40	1690.00
630.59	1672.00
630.79	1774.00
630.98	1744.00
631.18	1797.00
631.37	1765.00
631.56	1804.00
631.76	1771.00
631.95	1714.00
632.15	1668.00
632.34	1634.00
632.53	1524.00
632.73	1582.00
632.92	1597.00
633.12	1698.00
633.31	1665.00
633.50	1718.00
633.70	1703.00
633.89	1696.00
634.09	1711.00
634.28	1739.00
634.47	1643.00
634.67	1646.00
634.86	1672.00
635.06	1769.00
635.25	1774.00
635.44	1699.00
635.64	1743.00
635.83	1832.00
636.03	1776.00
636.22	1727.00
636.41	1732.00
636.61	1733.00
636.80	1686.00
637.00	1758.00
637.19	1735.00
637.38	1882.00
637.58	1795.00
637.77	1777.00
637.96	1903.00
638.16	1829.00
638.35	1891.00
638.55	1844.00
638.74	1743.00
638.93	1841.00
639.13	1795.00
639.32	1886.00
639.51	1840.00
639.71	1867.00
639.90	1850.00
640.10	1814.00
640.29	1861.00
640.48	1876.00
640.68	1916.00
640.87	1899.00
641.07	2025.00
641.26	1998.00
641.45	1968.00
641.65	1988.00
641.84	2127.00
642.03	2012.00
642.23	2031.00
642.42	2046.00
642.61	2066.00
642.81	2135.00
643.00	2064.00
643.20	2088.00
643.39	2091.00
643.58	2025.00
643.78	2049.00
643.97	1948.00
644.16	2012.00
644.36	2090.00
644.55	2064.00
644.74	2170.00
644.94	2074.00
645.13	2034.00
645.33	2101.00
645.52	2170.00
645.71	2113.00
645.91	2163.00
646.10	2147.00
646.29	2120.00
646.49	2101.00
646.68	2137.00
646.87	2138.00
647.07	2138.00
647.26	2138.00
647.45	2206.00
647.65	2262.00
647.84	2251.00
648.03	2155.00
648.23	2163.00
648.42	2245.00
648.62	2225.00
648.81	2232.00
649.00	2234.00
649.20	2232.00
649.39	2282.00
649.58	2343.00
649.78	2272.00
649.97	2299.00
650.16	2236.00
650.36	2329.00
650.55	2349.00
650.74	2416.00
650.94	2340.00
651.13	2314.00
651.32	2377.00
651.52	2301.00
651.71	2324.00
651.90	2320.00
652.10	2259.00
652.29	2279.00
652.48	2299.00
652.68	2320.00
652.87	2294.00
653.06	2413.00
653.26	2419.00
653.45	2343.00
653.64	2286.00
653.84	2241.00
654.03	2324.00
654.22	2287.00
654.42	2381.00
654.61	2385.00
654.80	2350.00
654.99	2344.00
655.19	2251.00
655.38	2345.00
655.57	2427.00
655.77	2331.00
655.96	2338.00
656.15	2341.00
656.35	2380.00
656.54	2275.00
656.73	2227.00
656.93	2261.00
657.12	2273.00
657.31	2282.00
657.51	2373.00
657.70	2221.00
657.89	2247.00
658.09	2318.00
658.28	2389.00
658.47	2257.00
658.66	2290.00
658.86	2199.00
659.05	2277.00
659.24	2293.00
659.44	2328.00
659.63	2271.00
659.82	2271.00
660.02	2248.00
660.21	2209.00
660.40	2248.00
660.60	2229.00
660.79	2135.00
660.98	2132.00
661.17	2191.00
661.37	2290.00
661.56	2265.00
661.75	2292.00
661.95	2292.00
662.14	2269.00
662.33	2271.00
662.52	2266.00
662.72	2306.00
662.91	2376.00
663.10	2292.00
663.30	2236.00
663.49	2285.00
663.68	2241.00
663.88	2234.00
664.07	2232.00
664.26	2288.00
664.45	2256.00
664.65	2253.00
664.84	2185.00
665.03	2030.00
665.23	2120.00
665.42	2172.00
665.61	2117.00
665.80	2139.00
666.00	2119.00
666.19	2158.00
666.38	2128.00
666.57	2143.00
666.77	2126.00
666.96	2119.00
667.15	2093.00
667.35	2146.00
667.54	2262.00
667.73	2239.00
667.92	2155.00
668.12	2058.00
668.31	2059.00
668.50	2031.00
668.70	2074.00
668.89	2071.00
669.08	2183.00
669.27	2118.00
669.47	2041.00
669.66	2051.00
669.85	1983.00
670.04	1963.00
670.24	2109.00
670.43	2111.00
670.62	2075.00
670.81	2050.00
671.01	2132.00
671.20	2107.00
671.39	2100.00
671.58	1996.00
671.78	2005.00
671.97	1972.00
672.16	1993.00
672.36	1968.00
672.55	1972.00
672.74	1956.00
672.93	1992.00
673.13	2054.00
673.32	1948.00
673.51	1920.00
673.70	1876.00
673.90	1896.00
674.09	1995.00
674.28	2038.00
674.47	2064.00
674.67	2004.00
674.86	1924.00
675.05	2089.00
675.24	2129.00
675.44	2086.00
675.63	2022.00
675.82	1972.00
676.01	2062.00
676.21	2088.00
676.40	1979.00
676.59	1969.00
676.78	1916.00
676.97	1901.00
677.17	1868.00
677.36	1882.00
677.55	1888.00
677.74	2028.00
677.94	1962.00
678.13	1928.00
678.32	1999.00
678.51	2022.00
678.71	1924.00
678.90	1855.00
679.09	1934.00
679.28	1915.00
679.48	1993.00
679.67	1994.00
679.86	2007.00
680.05	1957.00
680.24	1908.00
680.44	1966.00
680.63	1823.00
680.82	1931.00
681.01	1924.00
681.21	1840.00
681.40	1939.00
681.59	1914.00
681.78	1953.00
681.97	1908.00
682.17	1876.00
682.36	1852.00
682.55	1877.00
682.74	1860.00
682.94	1832.00
683.13	1864.00
683.32	1904.00
683.51	1961.00
683.70	1942.00
683.90	1832.00
684.09	1922.00
684.28	1904.00
684.47	1870.00
684.66	1885.00
684.86	1864.00
685.05	1853.00
685.24	1850.00
685.43	1785.00
685.63	1826.00
685.82	1766.00
686.01	1867.00
686.20	1815.00
686.39	1850.00
686.59	1793.00
686.78	1841.00
686.97	1824.00
687.16	1848.00
687.35	1853.00
687.55	1804.00
687.74	1839.00
687.93	1918.00
688.12	1832.00
688.31	1853.00
688.51	1862.00
688.70	1862.00
688.89	1897.00
689.08	1908.00
689.27	1899.00
689.47	1825.00
689.66	1843.00
689.85	1857.00
690.04	1812.00
690.23	1852.00
690.42	1859.00
690.62	1788.00
690.81	1816.00
691.00	1826.00
691.19	1794.00
691.38	1779.00
691.58	1820.00
691.77	1780.00
691.96	1753.00
692.15	1771.00
692.34	1852.00
692.54	1902.00
692.73	1836.00
692.92	1990.00
693.11	1912.00
693.30	1898.00
693.49	1799.00
693.69	1816.00
693.88	1909.00
694.07	1852.00
694.26	1781.00
694.45	1725.00
694.64	1718.00
694.84	1744.00
695.03	1728.00
695.22	1801.00
695.41	1834.00
695.60	1833.00
695.80	1790.00
695.99	1738.00
696.18	1800.00
696.37	1707.00
696.56	1816.00
696.75	1863.00
696.95	1835.00
697.14	1794.00
697.33	1858.00
697.52	1854.00
697.71	1831.00
697.90	1852.00
698.09	1877.00
698.29	1853.00
698.48	1869.00
698.67	1836.00
698.86	1866.00
699.05	1861.00
699.24	1913.00
699.44	1907.00
699.63	1982.00
699.82	1897.00
700.01	1871.00
700.20	1888.00
700.39	1843.00
700.58	1845.00
700.78	1874.00
700.97	1893.00
701.16	1840.00
701.35	1890.00
701.54	1881.00
701.73	1867.00
701.93	1871.00
702.12	1930.00
702.31	2025.00
702.50	1934.00
702.69	1909.00
702.88	1941.00
703.07	2009.00
703.27	1968.00
703.46	2013.00
703.65	2047.00
703.84	2001.00
704.03	2040.00
704.22	2008.00
704.41	1962.00
704.60	2020.00
704.80	2084.00
704.99	2050.00
705.18	2006.00
705.37	2005.00
705.56	2068.00
705.75	2086.00
705.94	2099.00
706.14	2059.00
706.33	2099.00
706.52	2062.00
706.71	2117.00
706.90	2215.00
707.09	2198.00
707.28	2239.00
707.47	2173.00
707.67	2122.00
707.86	2268.00
708.05	2289.00
708.24	2241.00
708.43	2131.00
708.62	2237.00
708.81	2232.00
709.00	2192.00
709.20	2212.00
709.39	2286.00
709.58	2263.00
709.77	2198.00
709.96	2212.00
710.15	2244.00
710.34	2167.00
710.53	2183.00
710.72	2061.00
710.92	2132.00
711.11	2186.00
711.30	2188.00
711.49	2170.00
711.68	2242.00
711.87	2248.00
712.06	2321.00
712.25	2362.00
712.44	2313.00
712.64	2281.00
712.83	2322.00
713.02	2319.00
713.21	2417.00
713.40	2361.00
713.59	2238.00
713.78	2245.00
713.97	2258.00
714.16	2218.00
714.35	2269.00
714.55	2235.00
714.74	2229.00
714.93	2295.00
715.12	2313.00
715.31	2331.00
715.50	2291.00
715.69	2214.00
715.88	2232.00
716.07	2272.00
716.26	2195.00
716.45	2292.00
716.65	2161.00
716.84	2214.00
717.03	2216.00
717.22	2210.00
717.41	2224.00
717.60	2201.00
717.79	2309.00
717.98	2346.00
718.17	2305.00
718.36	2260.00
718.55	2332.00
718.75	2331.00
718.94	2367.00
719.13	2406.00
719.32	2398.00
719.51	2306.00
719.70	2484.00
719.89	2429.00
720.08	2393.00
720.27	2473.00
720.46	2415.00
720.65	2412.00
720.84	2379.00
721.03	2339.00
721.22	2448.00
721.42	2375.00
721.61	2350.00
721.80	2357.00
721.99	2307.00
722.18	2338.00
722.37	2312.00
722.56	2325.00
722.75	2406.00
722.94	2416.00
723.13	2379.00
723.32	2314.00
723.51	2445.00
723.70	2445.00
723.89	2362.00
724.08	2391.00
724.28	2363.00
724.47	2369.00
724.66	2308.00
724.85	2289.00
725.04	2374.00
725.23	2384.00
725.42	2416.00
725.61	2490.00
725.80	2467.00
725.99	2459.00
726.18	2432.00
726.37	2384.00
726.56	2413.00
726.75	2434.00
726.94	2420.00
727.13	2496.00
727.32	2444.00
727.51	2436.00
727.71	2395.00
727.90	2418.00
728.09	2376.00
728.28	2358.00
728.47	2344.00
728.66	2363.00
728.85	2309.00
729.04	2342.00
729.23	2263.00
729.42	2312.00
729.61	2407.00
729.80	2388.00
729.99	2291.00
730.18	2297.00
730.37	2270.00
730.56	2407.00
730.75	2396.00
730.94	2414.00
731.13	2408.00
731.32	2355.00
731.51	2454.00
731.70	2312.00
731.89	2361.00
732.08	2418.00
732.27	2360.00
732.46	2385.00
732.65	2350.00
732.84	2351.00
733.04	2363.00
733.23	2406.00
733.42	2412.00
733.61	2451.00
733.80	2393.00
733.99	2469.00
734.18	2429.00
734.37	2358.00
734.56	2330.00
734.75	2316.00
734.94	2323.00
735.13	2364.00
735.32	2315.00
735.51	2325.00
735.70	2276.00
735.89	2356.00
736.08	2346.00
736.27	2284.00
736.46	2292.00
736.65	2314.00
736.84	2300.00
737.03	2401.00
737.22	2298.00
737.41	2284.00
737.60	2279.00
737.79	2366.00
737.98	2337.00
738.17	2317.00
738.36	2264.00
738.55	2239.00
738.74	2263.00
738.93	2329.00
739.12	2297.00
739.31	2234.00
739.50	2279.00
739.69	2280.00
739.88	2244.00
740.07	2197.00
740.26	2131.00
740.45	2164.00
740.64	2200.00
740.83	2188.00
741.02	2136.00
741.21	2177.00
741.40	2260.00
741.59	2244.00
741.78	2120.00
741.97	2224.00
742.16	2157.00
742.35	2040.00
742.54	2002.00
742.73	2148.00
742.92	2106.00
743.11	2035.00
743.30	2092.00
743.49	2139.00
743.68	2168.00
743.87	2167.00
744.06	2078.00
744.25	2076.00
744.44	2053.00
744.63	2052.00
744.82	2091.00
745.01	2189.00
745.20	2128.00
745.39	2047.00
745.58	2116.00
745.77	2116.00
745.96	2107.00
746.15	2116.00
746.34	2065.00
746.52	2040.00
746.71	2110.00
746.90	2083.00
747.09	1970.00
747.28	1977.00
747.47	2032.00
747.66	2077.00
747.85	2017.00
748.04	2021.00
748.23	2051.00
748.42	1956.00
748.61	1944.00
748.80	1982.00
748.99	1941.00
749.18	1988.00
749.37	2016.00
749.56	1926.00
749.75	1985.00
749.94	1896.00
750.13	1932.00
750.32	1936.00
750.51	1945.00
750.70	1935.00
750.89	1906.00
751.08	1888.00
751.27	1894.00
751.46	1981.00
751.64	1967.00
751.83	1937.00
752.02	1850.00
752.21	1857.00
752.40	1892.00
752.59	1889.00
752.78	1899.00
752.97	1857.00
753.16	1885.00
753.35	1864.00
753.54	1906.00
753.73	1869.00
753.92	1817.00
754.11	1876.00
754.30	1862.00
754.49	1949.00
754.68	1911.00
754.87	1795.00
755.06	1818.00
755.24	1791.00
755.43	1807.00
755.62	1833.00
755.81	1825.00
756.00	1753.00
756.19	1825.00
756.38	1864.00
756.57	1883.00
756.76	1749.00
756.95	1724.00
757.14	1775.00
757.33	1848.00
757.52	1893.00
757.71	1843.00
757.90	1722.00
758.08	1727.00
758.27	1710.00
758.46	1649.00
758.65	1676.00
758.84	1757.00
759.03	1779.00
759.22	1681.00
759.41	1712.00
759.60	1734.00
759.79	1737.00
759.98	1744.00
760.17	1692.00
760.36	1740.00
760.54	1703.00
760.73	1722.00
760.92	1756.00
761.11	1688.00
761.30	1692.00
761.49	1605.00
761.68	1551.00
761.87	1514.00
762.06	1594.00
762.25	1584.00
762.44	1523.00
762.63	1529.00
762.81	1495.00
763.00	1501.00
763.19	1496.00
763.38	1529.00
763.57	1581.00
763.76	1447.00
763.95	1440.00
764.14	1516.00
764.33	1490.00
764.52	1453.00
764.71	1445.00
764.89	1502.00
765.08	1484.00
765.27	1427.00
765.46	1454.00
765.65	1441.00
765.84	1379.00
766.03	1502.00
766.22	1505.00
766.41	1405.00
766.59	1447.00
766.78	1529.00
766.97	1521.00
767.16	1578.00
767.35	1507.00
767.54	1594.00
767.73	1602.00
767.92	1633.00
768.11	1677.00
768.30	1651.00
768.48	1601.00
768.67	1565.00
768.86	1555.00
769.05	1580.00
769.24	1613.00
769.43	1636.00
769.62	1572.00
769.81	1637.00
769.99	1656.00
770.18	1756.00
770.37	1686.00
770.56	1644.00
770.75	1675.00
770.94	1672.00
771.13	1676.00
771.32	1677.00
771.50	1606.00
771.69	1691.00
771.88	1704.00
772.07	1676.00
772.26	1659.00
772.45	1591.00
772.64	1554.00
772.83	1580.00
773.01	1672.00
773.20	1651.00
773.39	1616.00
773.58	1645.00
773.77	1636.00
773.96	1670.00
774.15	1652.00
774.34	1676.00
774.52	1645.00
774.71	1592.00
774.90	1581.00
775.09	1574.00
775.28	1592.00
775.47	1596.00
775.66	1566.00
775.84	1603.00
776.03	1539.00
776.22	1566.00
776.41	1546.00
776.60	1557.00
776.79	1618.00
776.98	1555.00
777.16	1527.00
777.35	1519.00
777.54	1548.00
777.73	1581.00
777.92	1523.00
778.11	1530.00
778.29	1571.00
778.48	1572.00
778.67	1537.00
778.86	1540.00
779.05	1545.00
779.24	1461.00
779.43	1608.00
779.61	1595.00
779.80	1564.00
779.99	1525.00
780.18	1521.00
780.37	1556.00
780.56	1623.00
780.74	1598.00
780.93	1616.00
781.12	1611.00
781.31	1552.00
781.50	1577.00
781.69	1579.00
781.87	1534.00
782.06	1494.00
782.25	1546.00
782.44	1528.00
782.63	1583.00
782.82	1621.00
783.00	1587.00
783.19	1633.00
783.38	1576.00
783.57	1652.00
783.76	1624.00
783.95	1651.00
784.13	1673.00
784.32	1596.00
784.51	1588.00
784.70	1586.00
784.89	1595.00
785.08	1692.00
785.26	1662.00
785.45	1650.00
785.64	1563.00
785.83	1634.00
786.02	1642.00
786.20	1585.00
786.39	1619.00
786.58	1654.00
786.77	1627.00
786.96	1609.00
787.15	1585.00
787.33	1642.00
787.52	1613.00
787.71	1615.00
787.90	1647.00
788.09	1663.00
788.27	1661.00
788.46	1612.00
788.65	1611.00
788.84	1643.00
789.03	1653.00
789.21	1652.00
789.40	1652.00
789.59	1631.00
789.78	1663.00
789.97	1668.00
790.15	1644.00
790.34	1610.00
790.53	1739.00
790.72	1628.00
790.91	1676.00
791.09	1654.00
791.28	1729.00
791.47	1721.00
791.66	1718.00
791.85	1704.00
792.03	1709.00
792.22	1630.00
792.41	1718.00
792.60	1671.00
792.79	1704.00
792.97	1726.00
793.16	1681.00
793.35	1655.00
793.54	1769.00
793.72	1690.00
793.91	1775.00
794.10	1740.00
794.29	1795.00
794.48	1785.00
794.66	1755.00
794.85	1764.00
795.04	1702.00
795.23	1737.00
795.42	1737.00
795.60	1795.00
795.79	1704.00
795.98	1699.00
796.17	1696.00
796.35	1744.00
796.54	1766.00
796.73	1822.00
796.92	1802.00
797.11	1812.00
797.29	1766.00
797.48	1743.00
797.67	1731.00
797.86	1735.00
798.04	1770.00
798.23	1763.00
798.42	1737.00
798.61	1698.00
798.79	1757.00
798.98	1683.00
799.17	1729.00
799.36	1742.00
799.54	1733.00
799.73	1779.00
799.92	1787.00
800.11	1800.00
800.30	1779.00
800.48	1780.00
800.67	1739.00
800.86	1690.00
801.05	1742.00
801.23	1742.00
801.42	1680.00
801.61	1757.00
801.80	1731.00
801.98	1781.00
802.17	1795.00
802.36	1706.00
802.55	1742.00
802.73	1708.00
802.92	1748.00
803.11	1778.00
803.30	1783.00
803.48	1751.00
803.67	1786.00
803.86	1730.00
804.05	1829.00
804.23	1819.00
804.42	1802.00
804.61	1831.00
804.80	1809.00
804.98	1845.00
805.17	1806.00
805.36	1771.00
805.54	1766.00
805.73	1805.00
805.92	1847.00
806.11	1861.00
806.29	1800.00
806.48	1807.00
806.67	1879.00
806.86	1833.00
807.04	1830.00
807.23	1812.00
807.42	1793.00
807.61	1833.00
807.79	1772.00
807.98	1817.00
808.17	1706.00
808.35	1757.00
808.54	1824.00
808.73	1762.00
808.92	1814.00
809.10	1845.00
809.29	1779.00
809.48	1722.00
809.67	1863.00
809.85	1833.00
810.04	1698.00
810.23	1719.00
810.41	1843.00
810.60	1856.00
810.79	1862.00
810.98	1883.00
811.16	1813.00
811.35	1719.00
811.54	1802.00
811.72	1799.00
811.91	1788.00
812.10	1762.00
812.29	1807.00
812.47	1765.00
812.66	1715.00
812.85	1648.00
813.03	1747.00
813.22	1843.00
813.41	1793.00
813.60	1812.00
813.78	1760.00
813.97	1678.00
814.16	1756.00
814.34	1770.00
814.53	1702.00
814.72	1746.00
814.90	1813.00
815.09	1782.00
815.28	1773.00
815.47	1717.00
815.65	1775.00
815.84	1786.00
816.03	1719.00
816.21	1700.00
816.40	1712.00
816.59	1781.00
816.77	1763.00
816.96	1795.00
817.15	1774.00
817.33	1744.00
817.52	1801.00
817.71	1719.00
817.90	1765.00
818.08	1727.00
818.27	1760.00
818.46	1842.00
818.64	1816.00
818.83	1794.00
819.02	1773.00
819.20	1728.00
819.39	1657.00
819.58	1684.00
819.76	1771.00
819.95	1711.00
820.14	1858.00
820.32	1775.00
820.51	1710.00
820.70	1732.00
820.88	1827.00
821.07	1823.00
821.26	1811.00
821.44	1875.00
821.63	1762.00
821.82	1797.00
822.01	1849.00
822.19	1842.00
822.38	1805.00
822.57	1775.00
822.75	1699.00
822.94	1774.00
823.13	1711.00
823.31	1752.00
823.50	1683.00
823.69	1797.00
823.87	1737.00
824.06	1756.00
824.25	1770.00
824.43	1694.00
824.62	1737.00
824.80	1714.00
824.99	1764.00
825.18	1761.00
825.36	1681.00
825.55	1668.00
825.74	1645.00
825.92	1694.00
826.11	1690.00
826.30	1676.00
826.48	1754.00
826.67	1770.00
826.86	1749.00
827.04	1701.00
827.23	1774.00
827.42	1681.00
827.60	1627.00
827.79	1766.00
827.98	1763.00
828.16	1677.00
828.35	1787.00
828.54	1709.00
828.72	1639.00
828.91	1652.00
829.09	1722.00
829.28	1712.00
829.47	1629.00
829.65	1648.00
829.84	1700.00
830.03	1675.00
830.21	1666.00
830.40	1649.00
830.59	1628.00
830.77	1624.00
830.96	1669.00
831.14	1685.00
831.33	1712.00
831.52	1674.00
831.70	1676.00
831.89	1636.00
832.08	1606.00
832.26	1630.00
832.45	1621.00
832.64	1702.00
832.82	1580.00
833.01	1573.00
833.19	1621.00
833.38	1607.00
833.57	1627.00
833.75	1606.00
833.94	1628.00
834.13	1636.00
834.31	1642.00
834.50	1661.00
834.68	1617.00
834.87	1638.00
835.06	1564.00
835.24	1623.00
835.43	1508.00
835.61	1557.00
835.80	1687.00
835.99	1616.00
836.17	1604.00
836.36	1646.00
836.55	1543.00
836.73	1516.00
836.92	1562.00
837.10	1622.00
837.29	1559.00
837.48	1621.00
837.66	1622.00
837.85	1605.00
838.03	1631.00
838.22	1589.00
838.41	1540.00
838.59	1573.00
838.78	1571.00
838.96	1628.00
839.15	1617.00
839.34	1546.00
839.52	1546.00
839.71	1561.00
839.89	1516.00
840.08	1548.00
840.27	1519.00
840.45	1615.00
840.64	1591.00
840.82	1468.00
841.01	1508.00
841.20	1543.00
841.38	1511.00
841.57	1533.00
841.75	1496.00
841.94	1508.00
842.13	1544.00
842.31	1459.00
842.50	1499.00
842.68	1540.00
842.87	1452.00
843.05	1500.00
843.24	1536.00
843.43	1517.00
843.61	1386.00
843.80	1454.00
843.98	1458.00
844.17	1442.00
844.36	1388.00
844.54	1407.00
844.73	1469.00
844.91	1461.00
845.10	1483.00
845.28	1474.00
845.47	1457.00
845.66	1465.00
845.84	1421.00
846.03	1441.00
846.21	1411.00
846.40	1401.00
846.58	1349.00
846.77	1372.00
846.96	1405.00
847.14	1457.00
847.33	1364.00
847.51	1315.00
847.70	1338.00
847.88	1374.00
848.07	1347.00
848.25	1348.00
848.44	1350.00
848.63	1369.00
848.81	1327.00
849.00	1363.00
849.18	1372.00
849.37	1429.00
849.55	1416.00
849.74	1392.00
849.93	1313.00
850.11	1348.00
850.30	1316.00
850.48	1352.00
850.67	1388.00
850.85	1399.00
851.04	1384.00
851.22	1248.00
851.41	1304.00
851.59	1380.00
851.78	1327.00
851.97	1358.00
852.15	1346.00
852.34	1318.00
852.52	1288.00
852.71	1386.00
852.89	1313.00
853.08	1317.00
853.26	1345.00
853.45	1284.00
853.63	1359.00
853.82	1372.00
854.01	1390.00
854.19	1332.00
854.38	1356.00
854.56	1373.00
854.75	1384.00
854.93	1349.00
855.12	1328.00
855.30	1308.00
855.49	1333.00
855.67	1276.00
855.86	1215.00
856.04	1242.00
856.23	1226.00
856.41	1371.00
856.60	1318.00
856.79	1284.00
856.97	1249.00
857.16	1211.00
857.34	1315.00
857.53	1299.00
857.71	1266.00
857.90	1279.00
858.08	1266.00
858.27	1207.00
858.45	1224.00
858.64	1265.00
858.82	1200.00
859.01	1285.00
859.19	1337.00
859.38	1268.00
859.56	1260.00
859.75	1292.00
859.93	1211.00
860.12	1169.00
860.30	1110.00
860.49	1182.00
860.67	1192.00
860.86	1182.00
861.04	1212.00
861.23	1247.00
861.41	1229.00
861.60	1194.00
861.78	1161.00
861.97	1146.00
862.15	1161.00
862.34	1129.00
862.53	1209.00
862.71	1259.00
862.90	1187.00
863.08	1227.00
863.27	1242.00
863.45	1168.00
863.64	1181.00
863.82	1095.00
864.01	1163.00
864.19	1173.00
864.37	1094.00
864.56	1151.00
864.74	1181.00
864.93	1152.00
865.11	1154.00
865.30	1207.00
865.48	1205.00
865.67	1170.00
865.85	1104.00
866.04	1177.00
866.22	1151.00
866.41	1190.00
866.59	1125.00
866.78	1072.00
866.96	1098.00
867.15	1102.00
867.33	1135.00
867.52	1103.00
867.70	1152.00
867.89	1091.00
868.07	1079.00
868.26	1214.00
868.44	1177.00
868.63	1082.00
868.81	1072.00
869.00	1074.00
869.18	1077.00
869.37	1058.00
869.55	1121.00
869.74	1076.00
869.92	1069.00
870.10	1084.00
870.29	1023.00
870.47	970.00
870.66	1042.00
870.84	1025.00
871.03	992.00
871.21	947.00
871.40	1009.00
871.58	1085.00
871.77	1094.00
871.95	1092.00
872.14	1082.00
872.32	1114.00
872.51	1108.00
872.69	1067.00
872.87	1046.00
873.06	1039.00
873.24	1045.00
873.43	1046.00
873.61	1031.00
873.80	1015.00
873.98	1083.00
874.17	1013.00
874.35	1021.00
874.54	1111.00
874.72	1006.00
874.90	990.00
875.09	1010.00
875.27	979.00
875.46	1052.00
875.64	1047.00
875.83	1023.00
876.01	1057.00
876.20	997.00
876.38	928.00
876.56	972.00
876.75	1007.00
876.93	1016.00
877.12	981.00
877.30	940.00
877.49	956.00
877.67	1008.00
877.86	990.00
878.04	1009.00
878.22	1006.00
878.41	934.00
878.59	952.00
878.78	1053.00
878.96	1063.00
879.15	947.00
879.33	955.00
879.51	998.00
879.70	995.00
879.88	956.00
880.07	1033.00
880.25	1034.00
880.44	1013.00
880.62	959.00
880.80	938.00
880.99	960.00
881.17	927.00
881.36	1061.00
881.54	1008.00
881.73	909.00
881.91	890.00
882.09	907.00
882.28	890.00
882.46	944.00
882.65	961.00
882.83	911.00
883.02	941.00
883.20	951.00
883.38	942.00
883.57	917.00
883.75	1004.00
883.94	995.00
884.12	935.00
884.30	989.00
884.49	953.00
884.67	904.00
884.86	908.00
885.04	977.00
885.22	962.00
885.41	971.00
885.59	948.00
885.78	1000.00
885.96	1017.00
886.14	927.00
886.33	903.00
886.51	946.00
886.70	928.00
886.88	993.00
887.06	993.00
887.25	1000.00
887.43	933.00
887.62	964.00
887.80	971.00
887.98	917.00
888.17	872.00
888.35	981.00
888.54	994.00
888.72	933.00
888.90	961.00
889.09	1000.00
889.27	886.00
889.46	947.00
889.64	837.00
889.82	914.00
890.01	872.00
890.19	955.00
890.38	917.00
890.56	981.00
890.74	969.00
890.93	986.00
891.11	929.00
891.29	988.00
891.48	968.00
891.66	921.00
891.85	877.00
892.03	928.00
892.21	864.00
892.40	890.00
892.58	923.00
892.76	911.00
892.95	932.00
893.13	974.00
893.32	963.00
893.50	962.00
893.68	921.00
893.87	892.00
894.05	937.00
894.23	924.00
894.42	875.00
894.60	875.00
894.79	988.00
894.97	935.00
895.15	1008.00
895.34	1005.00
895.52	970.00
895.70	1014.00
895.89	977.00
896.07	984.00
896.25	975.00
896.44	931.00
896.62	935.00
896.81	949.00
896.99	918.00
897.17	961.00
897.36	918.00
897.54	910.00
897.72	903.00
897.91	915.00
898.09	919.00
898.27	1019.00
898.46	927.00
898.64	918.00
898.82	944.00
899.01	992.00
899.19	963.00
899.37	943.00
899.56	957.00
899.74	962.00
899.92	988.00
900.11	1014.00
900.29	1023.00
900.47	1010.00
900.66	983.00
900.84	1012.00
901.03	1029.00
901.21	1026.00
901.39	965.00
901.58	984.00
901.76	1038.00
901.94	1031.00
902.13	969.00
902.31	1050.00
902.49	1046.00
902.68	1093.00
902.86	1039.00
903.04	983.00
903.23	1017.00
903.41	1011.00
903.59	901.00
903.78	991.00
903.96	1047.00
904.14	1051.00
904.32	1007.00
904.51	1014.00
904.69	1053.00
904.87	1037.00
905.06	1027.00
905.24	1009.00
905.42	1055.00
905.61	1033.00
905.79	1008.00
905.97	1030.00
906.16	1017.00
906.34	1032.00
906.52	1003.00
906.71	968.00
906.89	975.00
907.07	1031.00
907.26	1140.00
907.44	1056.00
907.62	954.00
907.81	932.00
907.99	972.00
908.17	994.00
908.35	1048.00
908.54	969.00
908.72	960.00
908.90	962.00
909.09	1009.00
909.27	1032.00
909.45	1044.00
909.64	1078.00
909.82	1093.00
910.00	1141.00
910.18	1104.00
910.37	1076.00
910.55	1037.00
910.73	1029.00
910.92	1001.00
911.10	960.00
911.28	972.00
911.47	1055.00
911.65	1105.00
911.83	1016.00
912.01	972.00
912.20	1044.00
912.38	1032.00
912.56	1057.00
912.75	1026.00
912.93	1050.00
913.11	998.00
913.29	1016.00
913.48	1010.00
913.66	963.00
913.84	977.00
914.03	1019.00
914.21	1026.00
914.39	975.00
914.57	964.00
914.76	905.00
914.94	1031.00
915.12	1049.00
915.31	1017.00
915.49	1024.00
915.67	989.00
915.85	1064.00
916.04	955.00
916.22	957.00
916.40	1048.00
916.58	1073.00
916.77	1098.00
916.95	1062.00
917.13	969.00
917.32	974.00
917.50	896.00
917.68	903.00
917.86	899.00
918.05	967.00
918.23	901.00
918.41	960.00
918.59	907.00
918.78	919.00
918.96	950.00
919.14	965.00
919.32	840.00
919.51	945.00
919.69	984.00
919.87	895.00
920.05	901.00
920.24	936.00
920.42	948.00
920.60	948.00
920.78	1009.00
920.97	1050.00
921.15	1038.00
921.33	904.00
921.52	958.00
921.70	964.00
921.88	1037.00
922.06	961.00
922.24	944.00
922.43	901.00
922.61	934.00
922.79	990.00
922.97	1038.00
923.16	976.00
923.34	943.00
923.52	881.00
923.70	893.00
923.89	871.00
924.07	908.00
924.25	884.00
924.43	869.00
924.62	851.00
924.80	849.00
924.98	930.00
925.16	938.00
925.35	875.00
925.53	860.00
925.71	866.00
925.89	879.00
926.08	951.00
926.26	968.00
926.44	938.00
926.62	949.00
926.80	998.00
926.99	875.00
927.17	786.00
927.35	861.00
927.53	887.00
927.72	979.00
927.90	934.00
928.08	893.00
928.26	841.00
928.44	828.00
928.63	899.00
928.81	877.00
928.99	895.00
929.17	857.00
929.36	776.00
929.54	742.00
929.72	876.00
929.90	916.00
930.08	873.00
930.27	774.00
930.45	855.00
930.63	836.00
930.81	834.00
930.99	923.00
931.18	939.00
931.36	857.00
931.54	824.00
931.72	789.00
931.90	765.00
932.09	826.00
932.27	828.00
932.45	882.00
932.63	846.00
932.81	786.00
933.00	737.00
933.18	750.00
933.36	739.00
933.54	695.00
933.72	797.00
933.91	764.00
934.09	709.00
934.27	694.00
934.45	679.00
934.63	735.00
934.82	732.00
935.00	700.00
935.18	741.00
935.36	745.00
935.54	659.00
935.73	732.00
935.91	776.00
936.09	730.00
936.27	727.00
936.45	631.00
936.64	640.00
936.82	622.00
937.00	539.00
937.18	608.00
937.36	611.00
937.54	550.00
937.73	595.00
937.91	605.00
938.09	606.00
938.27	587.00
938.45	581.00
938.63	490.00
938.82	462.00
939.00	559.00
939.18	538.00
939.36	519.00
939.54	499.00
939.73	475.00
939.91	449.00
940.09	509.00
940.27	457.00
940.45	451.00
940.63	446.00
940.82	449.00
941.00	512.00
941.18	464.00
941.36	453.00
941.54	457.00
941.72	459.00
941.91	378.00
942.09	380.00
942.27	460.00
942.45	498.00
942.63	460.00
942.81	483.00
942.99	476.00
943.18	424.00
943.36	423.00
943.54	408.00
943.72	413.00
943.90	428.00
944.08	446.00
944.27	432.00
944.45	444.00
944.63	407.00
944.81	374.00
944.99	423.00
945.17	350.00
945.35	422.00
945.54	473.00
945.72	375.00
945.90	399.00
946.08	421.00
946.26	459.00
946.44	372.00
946.62	408.00
946.81	375.00
946.99	382.00
947.17	400.00
947.35	358.00
947.53	400.00
947.71	397.00
947.89	373.00
948.07	374.00
948.26	439.00
948.44	372.00
948.62	393.00
948.80	466.00
948.98	509.00
949.16	401.00
949.34	392.00
949.53	418.00
949.71	453.00
949.89	479.00
950.07	492.00
950.25	432.00
950.43	421.00
950.61	401.00
950.79	386.00
950.98	418.00
951.16	476.00
951.34	439.00
951.52	462.00
951.70	477.00
951.88	405.00
952.06	382.00
952.24	388.00
952.42	361.00
952.61	371.00
952.79	349.00
952.97	393.00
953.15	444.00
953.33	474.00
953.51	319.00
953.69	458.00
953.87	411.00
954.05	414.00
954.24	413.00
954.42	390.00
954.60	397.00
954.78	458.00
954.96	461.00
955.14	377.00
955.32	379.00
955.50	436.00
955.68	381.00
955.86	374.00
956.05	396.00
956.23	371.00
956.41	314.00
956.59	391.00
956.77	327.00
956.95	394.00
957.13	419.00
957.31	347.00
957.49	394.00
957.67	450.00
957.86	389.00
958.04	397.00
958.22	441.00
958.40	437.00
958.58	391.00
958.76	425.00
958.94	435.00
959.12	368.00
959.30	327.00
959.48	341.00
959.66	478.00
959.84	421.00
960.03	432.00
960.21	420.00
960.39	452.00
960.57	471.00
960.75	442.00
960.93	424.00
961.11	442.00
961.29	454.00
961.47	384.00
961.65	367.00
961.83	328.00
962.01	467.00
962.19	413.00
962.37	344.00
962.56	404.00
962.74	400.00
962.92	440.00
963.10	455.00
963.28	392.00
963.46	394.00
963.64	426.00
963.82	360.00
964.00	381.00
964.18	438.00
964.36	363.00
964.54	371.00
964.72	402.00
964.90	388.00
965.08	411.00
965.27	396.00
965.45	368.00
965.63	427.00
965.81	382.00
965.99	317.00
966.17	394.00
966.35	288.00
966.53	281.00
966.71	349.00
966.89	372.00
967.07	385.00
967.25	380.00
967.43	386.00
967.61	335.00
967.79	404.00
967.97	383.00
968.15	360.00
968.33	337.00
968.51	320.00
968.69	380.00
968.87	385.00
969.06	406.00
969.24	366.00
969.42	352.00
969.60	320.00
969.78	354.00
969.96	327.00
970.14	329.00
970.32	422.00
970.50	400.00
970.68	367.00
970.86	388.00
971.04	402.00
971.22	403.00
971.40	378.00
971.58	354.00
971.76	348.00
971.94	331.00
972.12	365.00
972.30	405.00
972.48	293.00
972.66	368.00
972.84	428.00
973.02	334.00
973.20	306.00
973.38	361.00
973.56	390.00
973.74	348.00
973.92	327.00
974.10	369.00
974.28	340.00
974.46	359.00
974.64	304.00
974.82	290.00
975.00	362.00
975.18	362.00
975.36	306.00
975.54	228.00
975.72	225.00
975.90	329.00
976.08	315.00
976.26	247.00
976.44	250.00
976.62	307.00
976.80	329.00
976.98	267.00
977.16	306.00
977.34	369.00
977.52	316.00
977.70	334.00
977.88	312.00
978.06	297.00
978.24	344.00
978.42	264.00
978.60	307.00
978.78	294.00
978.96	355.00
979.14	306.00
979.32	272.00
979.50	334.00
979.68	345.00
979.86	323.00
980.04	225.00
980.22	230.00
980.40	275.00
980.58	318.00
980.76	344.00
980.94	301.00
981.12	283.00
981.30	288.00
981.48	265.00
981.66	248.00
981.84	303.00
982.02	303.00
982.20	282.00
982.38	252.00
982.56	310.00
982.74	318.00
982.92	219.00
983.10	281.00
983.28	230.00
983.46	237.00
983.64	291.00
983.82	297.00
984.00	307.00
984.18	275.00
984.36	232.00
984.54	293.00
984.72	314.00
984.90	306.00
985.08	279.00
985.26	280.00
985.44	258.00
985.62	253.00
985.80	255.00
985.98	234.00
986.16	290.00
986.34	301.00
986.51	297.00
986.69	268.00
986.87	253.00
987.05	311.00
987.23	248.00
987.41	238.00
987.59	224.00
987.77	265.00
987.95	276.00
988.13	256.00
988.31	257.00
988.49	348.00
988.67	323.00
988.85	314.00
989.03	324.00
989.21	318.00
989.39	280.00
989.57	134.00
989.75	121.00
989.93	184.00
990.11	283.00
990.28	268.00
990.46	255.00
990.64	326.00
990.82	278.00
991.00	236.00
991.18	232.00
991.36	179.00
991.54	225.00
991.72	281.00
991.90	298.00
992.08	328.00
992.26	234.00
992.44	192.00
992.62	211.00
992.80	159.00
992.98	208.00
993.15	197.00
993.33	134.00
993.51	210.00
993.69	243.00
993.87	320.00
994.05	257.00
994.23	247.00
994.41	257.00
994.59	261.00
994.77	210.00
994.95	237.00
995.13	178.00
995.31	219.00
995.48	243.00
995.66	205.00
995.84	171.00
996.02	171.00
996.20	217.00
996.38	270.00
996.56	197.00
996.74	115.00
996.92	136.00
997.10	198.00
997.28	247.00
997.46	218.00
997.63	220.00
997.81	218.00
997.99	249.00
998.17	230.00
998.35	257.00
998.53	300.00
998.71	233.00
998.89	200.00
999.07	167.00
999.25	181.00
999.43	202.00
999.60	267.00
999.78	240.00
999.96	200.00
1000.14	178.00
1000.32	203.00
1000.50	256.00
1000.68	236.00
1000.86	298.00
1001.04	239.00
1001.21	192.00
1001.39	270.00
1001.57	206.00
1001.75	239.00
1001.93	157.00
1002.11	198.00
1002.29	233.00
1002.47	177.00
1002.65	161.00
1002.82	197.00
1003.00	255.00
1003.18	150.00
1003.36	130.00
1003.54	208.00
1003.72	185.00
1003.90	178.00
1004.08	195.00
1004.26	135.00
1004.43	160.00
1004.61	142.00
1004.79	187.00
1004.97	189.00
1005.15	224.00
1005.33	236.00
1005.51	191.00
1005.69	215.00
1005.86	281.00
1006.04	220.00
1006.22	230.00
1006.40	230.00
1006.58	223.00
1006.76	234.00
1006.94	216.00
1007.12	233.00
1007.29	167.00
1007.47	195.00
1007.65	161.00
1007.83	136.00
1008.01	155.00
1008.19	184.00
1008.37	238.00
1008.54	237.00
1008.72	238.00
1008.90	147.00
1009.08	142.00
1009.26	251.00
1009.44	230.00
1009.62	137.00
1009.79	157.00
1009.97	157.00
1010.15	157.00
1010.33	201.00
1010.51	201.00
1010.69	164.00
1010.87	266.00
1011.04	220.00
1011.22	259.00
1011.40	269.00
1011.58	208.00
1011.76	243.00
1011.94	210.00
1012.11	115.00
1012.29	206.00
1012.47	170.00
1012.65	194.00
1012.83	191.00
1013.01	189.00
1013.18	191.00
1013.36	177.00
1013.54	169.00
1013.72	254.00
1013.90	211.00
1014.08	198.00
1014.25	226.00
1014.43	166.00
1014.61	115.00
1014.79	147.00
1014.97	223.00
1015.15	173.00
1015.32	131.00
1015.50	120.00
1015.68	126.00
1015.86	181.00
1016.04	163.00
1016.22	163.00
1016.39	192.00
1016.57	217.00
1016.75	147.00
1016.93	99.00
1017.11	209.00
1017.29	184.00
1017.46	174.00
1017.64	169.00
1017.82	118.00
1018.00	145.00
1018.18	208.00
1018.35	211.00
1018.53	175.00
1018.71	119.00
1018.89	191.00
1019.07	158.00
1019.24	182.00
1019.42	205.00
1019.60	197.00
1019.78	112.00
1019.96	169.00
1020.14	131.00
1020.31	143.00
1020.49	150.00
1020.67	172.00
1020.85	193.00
1021.03	146.00
1021.20	157.00
1021.38	143.00
1021.56	128.00
1021.74	74.00
1021.92	89.00
1022.09	99.00
1022.27	101.00
1022.45	204.00
1022.63	141.00
1022.81	148.00
1022.98	161.00
1023.16	195.00
1023.34	206.00
1023.52	163.00
1023.69	70.00
1023.87	120.00
1024.05	152.00
1024.23	125.00
1024.41	123.00
1024.58	147.00
1024.76	218.00
1024.94	196.00
1025.12	173.00
1025.30	146.00
1025.47	166.00
1025.65	129.00
1025.83	150.00
1026.01	155.00
1026.18	173.00
1026.36	167.00
1026.54	172.00
1026.72	229.00
1026.90	127.00
1027.07	94.00
1027.25	138.00
1027.43	182.00
1027.61	113.00
1027.78	138.00
1027.96	121.00
1028.14	111.00
1028.32	139.00
1028.49	161.00
1028.67	107.00
1028.85	109.00
1029.03	174.00
1029.21	116.00
1029.38	174.00
1029.56	146.00
1029.74	164.00
1029.92	87.00
1030.09	92.00
1030.27	101.00
1030.45	161.00
1030.63	174.00
1030.80	148.00
1030.98	130.00
1031.16	151.00
1031.34	85.00
1031.51	131.00
1031.69	108.00
1031.87	151.00
1032.05	138.00
1032.22	125.00
1032.40	118.00
1032.58	124.00
1032.76	144.00
1032.93	159.00
1033.11	91.00
1033.29	163.00
1033.47	108.00
1033.64	100.00
1033.82	121.00
1034.00	154.00
1034.18	129.00
1034.35	174.00
1034.53	138.00
1034.71	173.00
1034.89	161.00
1035.06	135.00
1035.24	97.00
1035.42	95.00
1035.59	103.00
1035.77	70.00
1035.95	81.00
1036.13	61.00
1036.30	123.00
1036.48	138.00
1036.66	115.00
1036.84	151.00
1037.01	135.00
1037.19	97.00
1037.37	81.00
1037.54	91.00
1037.72	80.00
1037.90	94.00
1038.08	81.00
1038.25	119.00
1038.43	88.00
1038.61	104.00
1038.79	119.00
1038.96	199.00
1039.14	136.00
1039.32	130.00
1039.49	102.00
1039.67	55.00
1039.85	60.00
1040.03	118.00
1040.20	81.00
1040.38	107.00
1040.56	176.00
1040.73	146.00
1040.91	69.00
1041.09	28.00
1041.27	114.00
1041.44	104.00
1041.62	95.00
1041.80	95.00
1041.97	114.00
1042.15	137.00
1042.33	106.00
1042.50	105.00
1042.68	154.00
1042.86	131.00
1043.04	140.00
1043.21	153.00
1043.39	119.00
1043.57	91.00
1043.74	130.00
1043.92	108.00
1044.10	120.00
1044.27	133.00
1044.45	110.00
1044.63	89.00
1044.80	190.00
1044.98	116.00
1045.16	76.00
1045.34	101.00
1045.51	85.00
1045.69	65.00
1045.87	38.00
1046.04	94.00
1046.22	85.00
1046.40	115.00
1046.57	141.00
1046.75	129.00
1046.93	81.00
1047.10	77.00
1047.28	114.00
1047.46	151.00
1047.63	145.00
1047.81	149.00
1047.99	117.00
1048.16	137.00
1048.34	106.00
1048.52	111.00
1048.69	119.00
1048.87	122.00
1049.05	75.00
1049.22	99.00
1049.40	53.00
1049.58	87.00
1049.75	63.00
1049.93	163.00
1050.11	84.00
1050.28	125.00
1050.46	111.00
1050.64	88.00
1050.81	118.00
1050.99	128.00
1051.17	161.00
1051.34	126.00
1051.52	132.00
1051.70	185.00
1051.87	92.00
1052.05	76.00
1052.23	83.00
1052.40	94.00
1052.58	96.00
1052.76	88.00
1052.93	132.00
1053.11	110.00
1053.29	113.00
1053.46	100.00
1053.64	100.00
1053.82	110.00
1053.99	115.00
1054.17	162.00
1054.35	176.00
1054.52	124.00
1054.70	159.00
1054.87	135.00
1055.05	97.00
1055.23	100.00
1055.40	60.00
1055.58	104.00
1055.76	26.00
1055.93	60.00
1056.11	140.00
1056.29	82.00
1056.46	104.00
1056.64	101.00
1056.81	54.00
1056.99	62.00
1057.17	7.00
1057.34	32.00
1057.52	82.00
1057.70	79.00
1057.87	159.00
1058.05	102.00
1058.22	82.00
1058.40	187.00
1058.58	121.00
1058.75	3.00
1058.93	81.00
1059.11	71.00
1059.28	111.00
1059.46	145.00
1059.63	110.00
1059.81	124.00
1059.99	112.00
1060.16	92.00
1060.34	36.00
1060.52	107.00
1060.69	100.00
1060.87	138.00
1061.04	116.00
1061.22	98.00
