367.62	8.00
367.82	-25.00
368.02	-14.00
368.23	63.00
368.43	64.00
368.63	36.00
368.83	-2.00
369.04	15.00
369.24	-14.00
369.44	60.00
369.65	40.00
369.85	3.00
370.05	-5.00
370.25	-17.00
370.46	-4.00
370.66	12.00
370.86	19.00
371.07	53.00
371.27	30.00
371.47	-28.00
371.67	-50.00
371.88	11.00
372.08	100.00
372.28	35.00
372.49	46.00
372.69	-21.00
372.89	13.00
373.09	-22.00
373.30	25.00
373.50	45.00
373.70	22.00
373.91	66.00
374.11	11.00
374.31	25.00
374.51	25.00
374.72	15.00
374.92	-5.00
375.12	-37.00
375.33	38.00
375.53	69.00
375.73	30.00
375.93	49.00
376.14	75.00
376.34	13.00
376.54	12.00
376.74	49.00
376.95	91.00
377.15	121.00
377.35	114.00
377.55	48.00
377.76	18.00
377.96	30.00
378.16	-20.00
378.37	69.00
378.57	64.00
378.77	-7.00
378.97	-35.00
379.18	34.00
379.38	46.00
379.58	-8.00
379.78	19.00
379.99	98.00
380.19	25.00
380.39	33.00
380.59	-2.00
380.80	-25.00
381.00	-3.00
381.20	26.00
381.40	28.00
381.61	57.00
381.81	7.00
382.01	-1.00
382.21	31.00
382.42	4.00
382.62	32.00
382.82	91.00
383.02	98.00
383.23	77.00
383.43	-8.00
383.63	-14.00
383.83	-29.00
384.04	39.00
384.24	27.00
384.44	20.00
384.64	67.00
384.85	34.00
385.05	68.00
385.25	-50.00
385.45	10.00
385.66	36.00
385.86	101.00
386.06	22.00
386.26	29.00
386.47	57.00
386.67	-18.00
386.87	13.00
387.07	19.00
387.27	52.00
387.48	46.00
387.68	-3.00
387.88	11.00
388.08	44.00
388.29	-30.00
388.49	51.00
388.69	17.00
388.89	79.00
389.10	64.00
389.30	29.00
389.50	-12.00
389.70	21.00
389.90	16.00
390.11	32.00
390.31	67.00
390.51	48.00
390.71	25.00
390.92	26.00
391.12	20.00
391.32	66.00
391.52	16.00
391.72	30.00
391.93	33.00
392.13	18.00
392.33	31.00
392.53	54.00
392.74	63.00
392.94	-6.00
393.14	-15.00
393.34	13.00
393.54	43.00
393.75	-44.00
393.95	51.00
394.15	45.00
394.35	39.00
394.56	76.00
394.76	82.00
394.96	48.00
395.16	1.00
395.36	15.00
395.57	12.00
395.77	101.00
395.97	54.00
396.17	98.00
396.37	65.00
396.58	-10.00
396.78	-31.00
396.98	57.00
397.18	89.00
397.38	3.00
397.59	-39.00
397.79	30.00
397.99	47.00
398.19	41.00
398.39	-22.00
398.60	14.00
398.80	-41.00
399.00	-1.00
399.20	19.00
399.40	53.00
399.61	-11.00
399.81	-27.00
400.01	80.00
400.21	-10.00
400.41	-23.00
400.62	-30.00
400.82	-16.00
401.02	4.00
401.22	21.00
401.42	48.00
401.63	-7.00
401.83	24.00
402.03	22.00
402.23	43.00
402.43	30.00
402.64	26.00
402.84	0.00
403.04	13.00
403.24	48.00
403.44	37.00
403.64	49.00
403.85	40.00
404.05	12.00
404.25	-24.00
404.45	-55.00
404.65	29.00
404.86	28.00
405.06	46.00
405.26	-30.00
405.46	3.00
405.66	51.00
405.86	24.00
406.07	83.00
406.27	27.00
406.47	70.00
406.67	48.00
406.87	10.00
407.07	64.00
407.28	91.00
407.48	9.00
407.68	-38.00
407.88	-23.00
408.08	26.00
408.28	20.00
408.49	31.00
408.69	43.00
408.89	51.00
409.09	83.00
409.29	60.00
409.49	3.00
409.70	-15.00
409.90	15.00
410.10	77.00
410.30	66.00
410.50	28.00
410.70	50.00
410.91	14.00
411.11	41.00
411.31	49.00
411.51	10.00
411.71	-19.00
411.91	11.00
412.12	54.00
412.32	54.00
412.52	21.00
412.72	30.00
412.92	0.00
413.12	-9.00
413.32	-9.00
413.53	20.00
413.73	-15.00
413.93	14.00
414.13	34.00
414.33	57.00
414.53	-2.00
414.74	17.00
414.94	-17.00
415.14	41.00
415.34	72.00
415.54	17.00
415.74	81.00
415.94	92.00
416.15	92.00
416.35	44.00
416.55	44.00
416.75	19.00
416.95	20.00
417.15	68.00
417.35	30.00
417.56	64.00
417.76	81.00
417.96	52.00
418.16	54.00
418.36	55.00
418.56	18.00
418.76	50.00
418.97	64.00
419.17	67.00
419.37	48.00
419.57	27.00
419.77	73.00
419.97	60.00
420.17	50.00
420.37	96.00
420.58	57.00
420.78	35.00
420.98	32.00
421.18	71.00
421.38	40.00
421.58	32.00
421.78	75.00
421.98	112.00
422.19	93.00
422.39	34.00
422.59	62.00
422.79	48.00
422.99	-10.00
423.19	-12.00
423.39	89.00
423.59	9.00
423.80	26.00
424.00	-3.00
424.20	10.00
424.40	60.00
424.60	31.00
424.80	-35.00
425.00	-13.00
425.20	15.00
425.40	104.00
425.61	126.00
425.81	7.00
426.01	-40.00
426.21	42.00
426.41	0.00
426.61	-13.00
426.81	-19.00
427.01	6.00
427.21	31.00
427.42	40.00
427.62	74.00
427.82	31.00
428.02	45.00
428.22	78.00
428.42	58.00
428.62	87.00
428.82	86.00
429.02	66.00
429.23	55.00
429.43	79.00
429.63	28.00
429.83	59.00
430.03	81.00
430.23	86.00
430.43	104.00
430.63	36.00
430.83	7.00
431.03	71.00
431.24	97.00
431.44	18.00
431.64	68.00
431.84	135.00
432.04	96.00
432.24	12.00
432.44	7.00
432.64	96.00
432.84	51.00
433.04	24.00
433.24	68.00
433.45	60.00
433.65	136.00
433.85	101.00
434.05	30.00
434.25	54.00
434.45	14.00
434.65	78.00
434.85	89.00
435.05	83.00
435.25	15.00
435.45	37.00
435.65	27.00
435.86	59.00
436.06	95.00
436.26	118.00
436.46	90.00
436.66	68.00
436.86	94.00
437.06	68.00
437.26	83.00
437.46	17.00
437.66	4.00
437.86	5.00
438.06	-12.00
438.26	19.00
438.47	42.00
438.67	54.00
438.87	43.00
439.07	52.00
439.27	41.00
439.47	17.00
439.67	11.00
439.87	62.00
440.07	26.00
440.27	0.00
440.47	44.00
440.67	5.00
440.87	-19.00
441.07	15.00
441.27	80.00
441.48	30.00
441.68	35.00
441.88	21.00
442.08	60.00
442.28	68.00
442.48	39.00
442.68	35.00
442.88	-55.00
443.08	-54.00
443.28	58.00
443.48	74.00
443.68	89.00
443.88	108.00
444.08	41.00
444.28	77.00
444.48	25.00
444.68	51.00
444.88	54.00
445.09	85.00
445.29	41.00
445.49	13.00
445.69	31.00
445.89	-1.00
446.09	18.00
446.29	63.00
446.49	42.00
446.69	37.00
446.89	18.00
447.09	27.00
447.29	63.00
447.49	29.00
447.69	15.00
447.89	15.00
448.09	43.00
448.29	46.00
448.49	39.00
448.69	60.00
448.89	63.00
449.09	32.00
449.29	63.00
449.49	30.00
449.70	4.00
449.90	19.00
450.10	54.00
450.30	46.00
450.50	77.00
450.70	52.00
450.90	21.00
451.10	49.00
451.30	89.00
451.50	49.00
451.70	6.00
451.90	75.00
452.10	70.00
452.30	30.00
452.50	110.00
452.70	13.00
452.90	54.00
453.10	95.00
453.30	49.00
453.50	25.00
453.70	67.00
453.90	23.00
454.10	40.00
454.30	114.00
454.50	68.00
454.70	50.00
454.90	84.00
455.10	62.00
455.30	63.00
455.50	6.00
455.70	-11.00
455.90	82.00
456.10	-25.00
456.30	0.00
456.50	-3.00
456.70	0.00
456.90	9.00
457.10	-3.00
457.30	48.00
457.50	101.00
457.70	110.00
457.90	93.00
458.10	64.00
458.30	72.00
458.50	65.00
458.70	127.00
458.90	73.00
459.10	74.00
459.30	70.00
459.50	94.00
459.70	47.00
459.90	6.00
460.10	59.00
460.30	55.00
460.50	107.00
460.70	39.00
460.90	17.00
461.10	73.00
461.30	59.00
461.50	42.00
461.70	84.00
461.90	76.00
462.10	29.00
462.30	61.00
462.50	37.00
462.70	50.00
462.90	30.00
463.10	-53.00
463.30	-1.00
463.50	45.00
463.70	69.00
463.90	37.00
464.10	83.00
464.30	52.00
464.50	75.00
464.70	76.00
464.90	57.00
465.10	46.00
465.30	94.00
465.50	50.00
465.70	26.00
465.90	45.00
466.10	31.00
466.30	39.00
466.50	65.00
466.70	99.00
466.90	57.00
467.10	67.00
467.30	69.00
467.50	116.00
467.70	93.00
467.90	29.00
468.10	-38.00
468.30	38.00
468.50	70.00
468.70	105.00
468.90	50.00
469.10	39.00
469.30	49.00
469.50	71.00
469.70	70.00
469.90	103.00
470.10	20.00
470.30	87.00
470.50	85.00
470.70	43.00
470.90	18.00
471.10	48.00
471.29	44.00
471.49	52.00
471.69	34.00
471.89	71.00
472.09	114.00
472.29	100.00
472.49	74.00
472.69	75.00
472.89	79.00
473.09	111.00
473.29	68.00
473.49	29.00
473.69	34.00
473.89	81.00
474.09	89.00
474.29	78.00
474.49	103.00
474.69	9.00
474.89	0.00
475.09	31.00
475.29	99.00
475.49	33.00
475.69	121.00
475.88	122.00
476.08	98.00
476.28	49.00
476.48	62.00
476.68	70.00
476.88	75.00
477.08	77.00
477.28	39.00
477.48	59.00
477.68	115.00
477.88	96.00
478.08	67.00
478.28	61.00
478.48	84.00
478.68	52.00
478.88	22.00
479.08	36.00
479.28	98.00
479.47	58.00
479.67	28.00
479.87	-17.00
480.07	28.00
480.27	5.00
480.47	27.00
480.67	18.00
480.87	56.00
481.07	-20.00
481.27	34.00
481.47	65.00
481.67	57.00
481.87	-4.00
482.07	58.00
482.27	29.00
482.46	32.00
482.66	136.00
482.86	124.00
483.06	141.00
483.26	99.00
483.46	84.00
483.66	78.00
483.86	80.00
484.06	80.00
484.26	63.00
484.46	70.00
484.66	163.00
484.86	82.00
485.05	22.00
485.25	43.00
485.45	39.00
485.65	108.00
485.85	59.00
486.05	81.00
486.25	78.00
486.45	103.00
486.65	66.00
486.85	104.00
487.05	82.00
487.25	59.00
487.44	21.00
487.64	49.00
487.84	52.00
488.04	51.00
488.24	13.00
488.44	16.00
488.64	93.00
488.84	118.00
489.04	109.00
489.24	51.00
489.43	132.00
489.63	76.00
489.83	23.00
490.03	62.00
490.23	124.00
490.43	54.00
490.63	90.00
490.83	82.00
491.03	65.00
491.23	62.00
491.42	35.00
491.62	19.00
491.82	49.00
492.02	121.00
492.22	65.00
492.42	122.00
492.62	104.00
492.82	88.00
493.02	114.00
493.22	149.00
493.41	91.00
493.61	76.00
493.81	82.00
494.01	73.00
494.21	88.00
494.41	114.00
494.61	112.00
494.81	37.00
495.01	104.00
495.20	158.00
495.40	47.00
495.60	44.00
495.80	95.00
496.00	94.00
496.20	19.00
496.40	64.00
496.60	90.00
496.79	95.00
496.99	93.00
497.19	97.00
497.39	120.00
497.59	113.00
497.79	71.00
497.99	58.00
498.19	89.00
498.38	132.00
498.58	88.00
498.78	44.00
498.98	69.00
499.18	101.00
499.38	58.00
499.58	50.00
499.78	74.00
499.97	92.00
500.17	31.00
500.37	65.00
500.57	57.00
500.77	65.00
500.97	60.00
501.17	60.00
501.37	75.00
501.56	103.00
501.76	103.00
501.96	132.00
502.16	106.00
502.36	50.00
502.56	94.00
502.76	61.00
502.95	90.00
503.15	113.00
503.35	95.00
503.55	87.00
503.75	62.00
503.95	133.00
504.15	119.00
504.34	146.00
504.54	99.00
504.74	-9.00
504.94	47.00
505.14	78.00
505.34	89.00
505.54	97.00
505.73	110.00
505.93	59.00
506.13	87.00
506.33	103.00
506.53	121.00
506.73	31.00
506.92	30.00
507.12	59.00
507.32	56.00
507.52	149.00
507.72	80.00
507.92	81.00
508.12	109.00
508.31	90.00
508.51	46.00
508.71	48.00
508.91	76.00
509.11	104.00
509.31	129.00
509.50	81.00
509.70	94.00
509.90	64.00
510.10	20.00
510.30	98.00
510.50	88.00
510.69	45.00
510.89	98.00
511.09	126.00
511.29	103.00
511.49	92.00
511.69	93.00
511.88	49.00
512.08	73.00
512.28	75.00
512.48	76.00
512.68	50.00
512.88	53.00
513.07	23.00
513.27	58.00
513.47	46.00
513.67	75.00
513.87	63.00
514.06	46.00
514.26	99.00
514.46	153.00
514.66	156.00
514.86	116.00
515.06	113.00
515.25	104.00
515.45	122.00
515.65	112.00
515.85	90.00
516.05	65.00
516.24	124.00
516.44	83.00
516.64	68.00
516.84	93.00
517.04	57.00
517.23	78.00
517.43	143.00
517.63	128.00
517.83	141.00
518.03	56.00
518.23	79.00
518.42	52.00
518.62	36.00
518.82	16.00
519.02	118.00
519.22	111.00
519.41	130.00
519.61	140.00
519.81	114.00
520.01	107.00
520.21	122.00
520.40	159.00
520.60	80.00
520.80	67.00
521.00	115.00
521.20	111.00
521.39	138.00
521.59	54.00
521.79	122.00
521.99	121.00
522.19	115.00
522.38	107.00
522.58	75.00
522.78	67.00
522.98	140.00
523.17	45.00
523.37	42.00
523.57	119.00
523.77	106.00
523.97	42.00
524.16	77.00
524.36	139.00
524.56	82.00
524.76	113.00
524.96	147.00
525.15	175.00
525.35	202.00
525.55	131.00
525.75	89.00
525.94	111.00
526.14	149.00
526.34	151.00
526.54	167.00
526.74	69.00
526.93	78.00
527.13	166.00
527.33	103.00
527.53	136.00
527.72	167.00
527.92	127.00
528.12	143.00
528.32	132.00
528.52	118.00
528.71	117.00
528.91	28.00
529.11	112.00
529.31	118.00
529.50	99.00
529.70	113.00
529.90	64.00
530.10	48.00
530.29	103.00
530.49	126.00
530.69	240.00
530.89	216.00
531.09	130.00
531.28	117.00
531.48	107.00
531.68	146.00
531.88	122.00
532.07	115.00
532.27	168.00
532.47	169.00
532.67	185.00
532.86	161.00
533.06	126.00
533.26	192.00
533.46	182.00
533.65	173.00
533.85	173.00
534.05	153.00
534.25	214.00
534.44	189.00
534.64	146.00
534.84	222.00
535.04	220.00
535.23	159.00
535.43	132.00
535.63	183.00
535.83	143.00
536.02	84.00
536.22	45.00
536.42	134.00
536.62	130.00
536.81	113.00
537.01	186.00
537.21	193.00
537.41	171.00
537.60	133.00
537.80	107.00
538.00	155.00
538.20	161.00
538.39	259.00
538.59	177.00
538.79	172.00
538.99	175.00
539.18	244.00
539.38	197.00
539.58	253.00
539.77	290.00
539.97	263.00
540.17	268.00
540.37	268.00
540.56	346.00
540.76	303.00
540.96	298.00
541.16	320.00
541.35	284.00
541.55	363.00
541.75	408.00
541.94	347.00
542.14	314.00
542.34	280.00
542.54	318.00
542.73	306.00
542.93	300.00
543.13	253.00
543.33	232.00
543.52	299.00
543.72	273.00
543.92	270.00
544.11	266.00
544.31	272.00
544.51	281.00
544.71	226.00
544.90	293.00
545.10	335.00
545.30	410.00
545.49	406.00
545.69	305.00
545.89	351.00
546.09	480.00
546.28	409.00
546.48	421.00
546.68	288.00
546.87	259.00
547.07	300.00
547.27	288.00
547.47	249.00
547.66	234.00
547.86	277.00
548.06	196.00
548.25	198.00
548.45	273.00
548.65	235.00
548.84	307.00
549.04	280.00
549.24	247.00
549.44	224.00
549.63	184.00
549.83	215.00
550.03	236.00
550.22	215.00
550.42	222.00
550.62	172.00
550.81	252.00
551.01	224.00
551.21	214.00
551.41	243.00
551.60	244.00
551.80	168.00
552.00	170.00
552.19	195.00
552.39	225.00
552.59	256.00
552.78	226.00
552.98	215.00
553.18	189.00
553.37	211.00
553.57	250.00
553.77	121.00
553.96	204.00
554.16	214.00
554.36	212.00
554.56	163.00
554.75	159.00
554.95	164.00
555.15	245.00
555.34	222.00
555.54	214.00
555.74	157.00
555.93	188.00
556.13	246.00
556.33	241.00
556.52	143.00
556.72	107.00
556.92	146.00
557.11	231.00
557.31	130.00
557.51	163.00
557.70	219.00
557.90	215.00
558.10	114.00
558.29	129.00
558.49	124.00
558.69	165.00
558.88	137.00
559.08	71.00
559.28	124.00
559.47	216.00
559.67	219.00
559.87	158.00
560.06	146.00
560.26	126.00
560.46	172.00
560.65	126.00
560.85	115.00
561.05	115.00
561.24	125.00
561.44	162.00
561.64	201.00
561.83	203.00
562.03	238.00
562.23	177.00
562.42	219.00
562.62	238.00
562.82	183.00
563.01	129.00
563.21	224.00
563.40	191.00
563.60	231.00
563.80	271.00
563.99	200.00
564.19	154.00
564.39	138.00
564.58	199.00
564.78	190.00
564.98	220.00
565.17	179.00
565.37	161.00
565.57	197.00
565.76	143.00
565.96	124.00
566.16	100.00
566.35	128.00
566.55	180.00
566.74	180.00
566.94	200.00
567.14	250.00
567.33	226.00
567.53	190.00
567.73	222.00
567.92	202.00
568.12	171.00
568.32	171.00
568.51	217.00
568.71	153.00
568.90	135.00
569.10	128.00
569.30	150.00
569.49	186.00
569.69	159.00
569.89	197.00
570.08	260.00
570.28	231.00
570.47	191.00
570.67	187.00
570.87	128.00
571.06	124.00
571.26	196.00
571.46	218.00
571.65	206.00
571.85	150.00
572.04	176.00
572.24	204.00
572.44	229.00
572.63	175.00
572.83	215.00
573.03	298.00
573.22	238.00
573.42	209.00
573.61	231.00
573.81	235.00
574.01	175.00
574.20	115.00
574.40	174.00
574.59	250.00
574.79	212.00
574.99	255.00
575.18	285.00
575.38	177.00
575.58	229.00
575.77	270.00
575.97	230.00
576.16	238.00
576.36	246.00
576.56	238.00
576.75	249.00
576.95	321.00
577.14	339.00
577.34	331.00
577.54	295.00
577.73	322.00
577.93	273.00
578.12	259.00
578.32	258.00
578.52	338.00
578.71	447.00
578.91	375.00
579.10	373.00
579.30	359.00
579.50	373.00
579.69	355.00
579.89	368.00
580.08	333.00
580.28	293.00
580.48	327.00
580.67	392.00
580.87	380.00
581.06	359.00
581.26	397.00
581.45	397.00
581.65	404.00
581.85	390.00
582.04	421.00
582.24	394.00
582.43	354.00
582.63	420.00
582.83	453.00
583.02	484.00
583.22	509.00
583.41	501.00
583.61	456.00
583.80	406.00
584.00	422.00
584.20	413.00
584.39	408.00
584.59	458.00
584.78	461.00
584.98	481.00
585.17	451.00
585.37	448.00
585.57	473.00
585.76	431.00
585.96	493.00
586.15	543.00
586.35	528.00
586.54	566.00
586.74	556.00
586.94	525.00
587.13	567.00
587.33	570.00
587.52	597.00
587.72	632.00
587.91	632.00
588.11	591.00
588.31	611.00
588.50	585.00
588.70	574.00
588.89	608.00
589.09	536.00
589.28	505.00
589.48	585.00
589.68	553.00
589.87	546.00
590.07	582.00
590.26	561.00
590.46	670.00
590.65	639.00
590.85	717.00
591.04	625.00
591.24	581.00
591.44	515.00
591.63	638.00
591.83	642.00
592.02	647.00
592.22	606.00
592.41	694.00
592.61	683.00
592.80	733.00
593.00	817.00
593.19	707.00
593.39	681.00
593.59	639.00
593.78	733.00
593.98	781.00
594.17	797.00
594.37	757.00
594.56	644.00
594.76	656.00
594.95	759.00
595.15	754.00
595.34	671.00
595.54	668.00
595.73	680.00
595.93	759.00
596.13	765.00
596.32	750.00
596.52	796.00
596.71	740.00
596.91	788.00
597.10	705.00
597.30	735.00
597.49	672.00
597.69	788.00
597.88	770.00
598.08	766.00
598.27	756.00
598.47	788.00
598.66	826.00
598.86	741.00
599.06	859.00
599.25	816.00
599.45	810.00
599.64	845.00
599.84	929.00
600.03	858.00
600.23	884.00
600.42	811.00
600.62	774.00
600.81	805.00
601.01	811.00
601.20	818.00
601.40	727.00
601.59	865.00
601.79	848.00
601.98	909.00
602.18	809.00
602.37	790.00
602.57	724.00
602.76	754.00
602.96	736.00
603.15	777.00
603.35	801.00
603.54	734.00
603.74	821.00
603.93	872.00
604.13	819.00
604.32	784.00
604.52	761.00
604.71	800.00
604.91	944.00
605.10	945.00
605.30	848.00
605.49	912.00
605.69	812.00
605.88	798.00
606.08	834.00
606.27	888.00
606.47	930.00
606.66	930.00
606.86	889.00
607.05	893.00
607.25	778.00
607.44	877.00
607.64	917.00
607.83	918.00
608.03	858.00
608.22	931.00
608.42	897.00
608.61	923.00
608.81	987.00
609.00	1021.00
609.20	964.00
609.39	1040.00
609.59	1136.00
609.78	1180.00
609.98	1287.00
610.17	1314.00
610.37	1546.00
610.56	1828.00
610.76	2024.00
610.95	2120.00
611.15	2223.00
611.34	2417.00
611.54	2412.00
611.73	2226.00
611.93	1974.00
612.12	1732.00
612.32	1585.00
612.51	1398.00
612.71	1341.00
612.90	1271.00
613.09	1356.00
613.29	1322.00
613.48	1153.00
613.68	1111.00
613.87	1263.00
614.07	1240.00
614.26	1227.00
614.46	1178.00
614.65	1094.00
614.85	1119.00
615.04	1114.00
615.24	1074.00
615.43	1007.00
615.63	995.00
615.82	980.00
616.02	979.00
616.21	953.00
616.40	872.00
616.60	921.00
616.79	932.00
616.99	925.00
617.18	862.00
617.38	854.00
617.57	849.00
617.77	818.00
617.96	843.00
618.16	879.00
618.35	909.00
618.54	832.00
618.74	779.00
618.93	842.00
619.13	808.00
619.32	880.00
619.52	968.00
619.71	904.00
619.91	895.00
620.10	866.00
620.30	910.00
620.49	930.00
620.68	956.00
620.88	944.00
621.07	911.00
621.27	879.00
621.46	971.00
621.66	966.00
621.85	894.00
622.05	984.00
622.24	1005.00
622.43	936.00
622.63	879.00
622.82	979.00
623.02	992.00
623.21	1005.00
623.41	964.00
623.60	979.00
623.80	966.00
623.99	908.00
624.18	939.00
624.38	994.00
624.57	994.00
624.77	929.00
624.96	938.00
625.16	1022.00
625.35	1041.00
625.54	981.00
625.74	1037.00
625.93	1039.00
626.13	1043.00
626.32	1047.00
626.52	1033.00
626.71	1066.00
626.90	1087.00
627.10	1030.00
627.29	996.00
627.49	976.00
627.68	963.00
627.88	1027.00
628.07	917.00
628.26	940.00
628.46	980.00
628.65	1028.00
628.85	1026.00
629.04	990.00
629.23	968.00
629.43	1016.00
629.62	980.00
629.82	991.00
630.01	1031.00
630.21	1096.00
630.40	1090.00
630.59	1096.00
630.79	1170.00
630.98	1149.00
631.18	1262.00
631.37	1207.00
631.56	1310.00
631.76	1233.00
631.95	1117.00
632.15	1029.00
632.34	1067.00
632.53	991.00
632.73	999.00
632.92	985.00
633.12	1050.00
633.31	1046.00
633.50	1008.00
633.70	1006.00
633.89	1014.00
634.09	1017.00
634.28	957.00
634.47	1012.00
634.67	1017.00
634.86	1073.00
635.06	1122.00
635.25	1059.00
635.44	1034.00
635.64	1045.00
635.83	1069.00
636.03	1121.00
636.22	1080.00
636.41	1069.00
636.61	1102.00
636.80	1042.00
637.00	1032.00
637.19	1092.00
637.38	1091.00
637.58	1093.00
637.77	1047.00
637.96	1148.00
638.16	1100.00
638.35	1059.00
638.55	1063.00
638.74	1018.00
638.93	1090.00
639.13	1184.00
639.32	1162.00
639.51	1086.00
639.71	1187.00
639.90	1121.00
640.10	1088.00
640.29	1127.00
640.48	1099.00
640.68	1114.00
640.87	1143.00
641.07	1190.00
641.26	1159.00
641.45	1210.00
641.65	1173.00
641.84	1183.00
642.03	1205.00
642.23	1241.00
642.42	1209.00
642.61	1256.00
642.81	1273.00
643.00	1338.00
643.20	1315.00
643.39	1199.00
643.58	1200.00
643.78	1260.00
643.97	1147.00
644.16	1243.00
644.36	1246.00
644.55	1230.00
644.74	1262.00
644.94	1278.00
645.13	1220.00
645.33	1251.00
645.52	1307.00
645.71	1303.00
645.91	1305.00
646.10	1232.00
646.29	1233.00
646.49	1234.00
646.68	1252.00
646.87	1229.00
647.07	1254.00
647.26	1301.00
647.45	1291.00
647.65	1336.00
647.84	1378.00
648.03	1361.00
648.23	1328.00
648.42	1409.00
648.62	1294.00
648.81	1303.00
649.00	1321.00
649.20	1328.00
649.39	1294.00
649.58	1325.00
649.78	1325.00
649.97	1347.00
650.16	1360.00
650.36	1407.00
650.55	1390.00
650.74	1497.00
650.94	1512.00
651.13	1354.00
651.32	1396.00
651.52	1371.00
651.71	1374.00
651.90	1398.00
652.10	1467.00
652.29	1464.00
652.48	1364.00
652.68	1431.00
652.87	1363.00
653.06	1459.00
653.26	1398.00
653.45	1462.00
653.64	1359.00
653.84	1326.00
654.03	1415.00
654.22	1383.00
654.42	1279.00
654.61	1330.00
654.80	1397.00
654.99	1439.00
655.19	1321.00
655.38	1336.00
655.57	1429.00
655.77	1473.00
655.96	1436.00
656.15	1366.00
656.35	1350.00
656.54	1318.00
656.73	1298.00
656.93	1376.00
657.12	1333.00
657.31	1365.00
657.51	1443.00
657.70	1327.00
657.89	1322.00
658.09	1332.00
658.28	1355.00
658.47	1358.00
658.66	1327.00
658.86	1341.00
659.05	1324.00
659.24	1328.00
659.44	1307.00
659.63	1283.00
659.82	1332.00
660.02	1400.00
660.21	1308.00
660.40	1299.00
660.60	1273.00
660.79	1282.00
660.98	1256.00
661.17	1262.00
661.37	1349.00
661.56	1293.00
661.75	1263.00
661.95	1426.00
662.14	1441.00
662.33	1407.00
662.52	1382.00
662.72	1480.00
662.91	1451.00
663.10	1340.00
663.30	1290.00
663.49	1255.00
663.68	1302.00
663.88	1265.00
664.07	1232.00
664.26	1243.00
664.45	1255.00
664.65	1233.00
664.84	1181.00
665.03	1178.00
665.23	1249.00
665.42	1233.00
665.61	1255.00
665.80	1223.00
666.00	1295.00
666.19	1243.00
666.38	1236.00
666.57	1300.00
666.77	1312.00
666.96	1185.00
667.15	1218.00
667.35	1294.00
667.54	1290.00
667.73	1240.00
667.92	1278.00
668.12	1231.00
668.31	1217.00
668.50	1165.00
668.70	1196.00
668.89	1207.00
669.08	1264.00
669.27	1265.00
669.47	1208.00
669.66	1178.00
669.85	1245.00
670.04	1210.00
670.24	1242.00
670.43	1232.00
670.62	1191.00
670.81	1215.00
671.01	1201.00
671.20	1181.00
671.39	1238.00
671.58	1194.00
671.78	1207.00
671.97	1134.00
672.16	1172.00
672.36	1217.00
672.55	1121.00
672.74	1189.00
672.93	1217.00
673.13	1156.00
673.32	1111.00
673.51	1083.00
673.70	1183.00
673.90	1226.00
674.09	1226.00
674.28	1238.00
674.47	1244.00
674.67	1165.00
674.86	1093.00
675.05	1193.00
675.24	1205.00
675.44	1180.00
675.63	1175.00
675.82	1121.00
676.01	1182.00
676.21	1160.00
676.40	1238.00
676.59	1236.00
676.78	1105.00
676.97	1063.00
677.17	1062.00
677.36	1071.00
677.55	1118.00
677.74	1184.00
677.94	1133.00
678.13	1113.00
678.32	1123.00
678.51	1145.00
678.71	1130.00
678.90	1125.00
679.09	1139.00
679.28	1199.00
679.48	1158.00
679.67	1191.00
679.86	1144.00
680.05	1102.00
680.24	1074.00
680.44	1103.00
680.63	1091.00
680.82	1030.00
681.01	1097.00
681.21	1089.00
681.40	1138.00
681.59	1082.00
681.78	1129.00
681.97	1086.00
682.17	1016.00
682.36	1011.00
682.55	1061.00
682.74	1086.00
682.94	1033.00
683.13	1054.00
683.32	1164.00
683.51	1191.00
683.70	1137.00
683.90	1078.00
684.09	1061.00
684.28	1032.00
684.47	1099.00
684.66	1097.00
684.86	1119.00
685.05	1124.00
685.24	1136.00
685.43	1040.00
685.63	992.00
685.82	1075.00
686.01	1040.00
686.20	1076.00
686.39	1066.00
686.59	1012.00
686.78	1063.00
686.97	1078.00
687.16	1064.00
687.35	1071.00
687.55	1090.00
687.74	1074.00
687.93	1131.00
688.12	1122.00
688.31	1070.00
688.51	1089.00
688.70	1099.00
688.89	1068.00
689.08	1095.00
689.27	1087.00
689.47	1055.00
689.66	1089.00
689.85	1148.00
690.04	1077.00
690.23	1124.00
690.42	1124.00
690.62	1115.00
690.81	996.00
691.00	971.00
691.19	1044.00
691.38	1076.00
691.58	1088.00
691.77	1048.00
691.96	986.00
692.15	1028.00
692.34	1028.00
692.54	980.00
692.73	994.00
692.92	1157.00
693.11	1158.00
693.30	1152.00
693.49	1074.00
693.69	1059.00
693.88	1080.00
694.07	1037.00
694.26	1086.00
694.45	1079.00
694.64	1088.00
694.84	1014.00
695.03	1012.00
695.22	1089.00
695.41	1041.00
695.60	1040.00
695.80	1091.00
695.99	1020.00
696.18	1082.00
696.37	1004.00
696.56	1072.00
696.75	1098.00
696.95	1050.00
697.14	1013.00
697.33	1142.00
697.52	1114.00
697.71	1021.00
697.90	1053.00
698.09	1072.00
698.29	1073.00
698.48	1053.00
698.67	1077.00
698.86	1009.00
699.05	1148.00
699.24	1099.00
699.44	1069.00
699.63	1063.00
699.82	1048.00
700.01	984.00
700.20	1059.00
700.39	1066.00
700.58	1063.00
700.78	1032.00
700.97	1092.00
701.16	1010.00
701.35	1069.00
701.54	992.00
701.73	972.00
701.93	1062.00
702.12	1035.00
702.31	1118.00
702.50	1112.00
702.69	1108.00
702.88	1105.00
703.07	1126.00
703.27	1117.00
703.46	1188.00
703.65	1120.00
703.84	1075.00
704.03	1161.00
704.22	1151.00
704.41	1098.00
704.60	1186.00
704.80	1185.00
704.99	1161.00
705.18	1158.00
705.37	1165.00
705.56	1151.00
705.75	1104.00
705.94	1198.00
706.14	1177.00
706.33	1193.00
706.52	1194.00
706.71	1206.00
706.90	1239.00
707.09	1277.00
707.28	1282.00
707.47	1301.00
707.67	1371.00
707.86	1290.00
708.05	1292.00
708.24	1275.00
708.43	1275.00
708.62	1295.00
708.81	1285.00
709.00	1304.00
709.20	1373.00
709.39	1388.00
709.58	1350.00
709.77	1264.00
709.96	1282.00
710.15	1269.00
710.34	1218.00
710.53	1251.00
710.72	1204.00
710.92	1249.00
711.11	1256.00
711.30	1231.00
711.49	1296.00
711.68	1314.00
711.87	1306.00
712.06	1292.00
712.25	1351.00
712.44	1348.00
712.64	1331.00
712.83	1377.00
713.02	1382.00
713.21	1373.00
713.40	1286.00
713.59	1331.00
713.78	1262.00
713.97	1239.00
714.16	1234.00
714.35	1257.00
714.55	1226.00
714.74	1247.00
714.93	1331.00
715.12	1407.00
715.31	1365.00
715.50	1249.00
715.69	1237.00
715.88	1318.00
716.07	1293.00
716.26	1308.00
716.45	1337.00
716.65	1174.00
716.84	1187.00
717.03	1226.00
717.22	1242.00
717.41	1254.00
717.60	1275.00
717.79	1273.00
717.98	1303.00
718.17	1305.00
718.36	1325.00
718.55	1375.00
718.75	1303.00
718.94	1317.00
719.13	1394.00
719.32	1291.00
719.51	1310.00
719.70	1378.00
719.89	1338.00
720.08	1393.00
720.27	1310.00
720.46	1341.00
720.65	1337.00
720.84	1307.00
721.03	1295.00
721.22	1331.00
721.42	1388.00
721.61	1353.00
721.80	1269.00
721.99	1303.00
722.18	1285.00
722.37	1298.00
722.56	1260.00
722.75	1362.00
722.94	1388.00
723.13	1246.00
723.32	1253.00
723.51	1220.00
723.70	1311.00
723.89	1272.00
724.08	1329.00
724.28	1263.00
724.47	1332.00
724.66	1307.00
724.85	1372.00
725.04	1395.00
725.23	1334.00
725.42	1388.00
725.61	1407.00
725.80	1398.00
725.99	1390.00
726.18	1423.00
726.37	1384.00
726.56	1323.00
726.75	1315.00
726.94	1233.00
727.13	1374.00
727.32	1386.00
727.51	1381.00
727.71	1372.00
727.90	1375.00
728.09	1369.00
728.28	1285.00
728.47	1294.00
728.66	1324.00
728.85	1328.00
729.04	1223.00
729.23	1253.00
729.42	1265.00
729.61	1324.00
729.80	1334.00
729.99	1268.00
730.18	1294.00
730.37	1222.00
730.56	1338.00
730.75	1309.00
730.94	1280.00
731.13	1329.00
731.32	1367.00
731.51	1355.00
731.70	1290.00
731.89	1270.00
732.08	1375.00
732.27	1382.00
732.46	1323.00
732.65	1299.00
732.84	1311.00
733.04	1299.00
733.23	1339.00
733.42	1323.00
733.61	1363.00
733.80	1321.00
733.99	1245.00
734.18	1333.00
734.37	1386.00
734.56	1292.00
734.75	1238.00
734.94	1269.00
735.13	1358.00
735.32	1223.00
735.51	1276.00
735.70	1287.00
735.89	1209.00
736.08	1233.00
736.27	1284.00
736.46	1276.00
736.65	1313.00
736.84	1280.00
737.03	1291.00
737.22	1236.00
737.41	1256.00
737.60	1298.00
737.79	1294.00
737.98	1230.00
738.17	1214.00
738.36	1232.00
738.55	1163.00
738.74	1297.00
738.93	1327.00
739.12	1295.00
739.31	1266.00
739.50	1301.00
739.69	1239.00
739.88	1223.00
740.07	1176.00
740.26	1215.00
740.45	1219.00
740.64	1185.00
740.83	1238.00
741.02	1212.00
741.21	1191.00
741.40	1177.00
741.59	1232.00
741.78	1163.00
741.97	1250.00
742.16	1114.00
742.35	1144.00
742.54	1150.00
742.73	1209.00
742.92	1183.00
743.11	1173.00
743.30	1186.00
743.49	1065.00
743.68	1136.00
743.87	1162.00
744.06	1147.00
744.25	1123.00
744.44	1164.00
744.63	1086.00
744.82	1187.00
745.01	1231.00
745.20	1159.00
745.39	1184.00
745.58	1201.00
745.77	1124.00
745.96	1090.00
746.15	1117.00
746.34	1166.00
746.52	1113.00
746.71	1144.00
746.90	1215.00
747.09	1057.00
747.28	1135.00
747.47	1177.00
747.66	1160.00
747.85	1083.00
748.04	1096.00
748.23	1042.00
748.42	1129.00
748.61	1086.00
748.80	1139.00
748.99	1138.00
749.18	1075.00
749.37	1079.00
749.56	1025.00
749.75	1062.00
749.94	1099.00
750.13	1054.00
750.32	1008.00
750.51	1022.00
750.70	1033.00
750.89	1099.00
751.08	1025.00
751.27	1022.00
751.46	1037.00
751.64	972.00
751.83	1187.00
752.02	1014.00
752.21	989.00
752.40	1026.00
752.59	1004.00
752.78	1038.00
752.97	1061.00
753.16	1021.00
753.35	1043.00
753.54	1020.00
753.73	1073.00
753.92	1073.00
754.11	1006.00
754.30	1055.00
754.49	1074.00
754.68	1009.00
754.87	967.00
755.06	1039.00
755.24	983.00
755.43	961.00
755.62	978.00
755.81	1003.00
756.00	947.00
756.19	997.00
756.38	1007.00
756.57	1051.00
756.76	1094.00
756.95	1025.00
757.14	961.00
757.33	923.00
757.52	919.00
757.71	981.00
757.90	894.00
758.08	872.00
758.27	866.00
758.46	904.00
758.65	987.00
758.84	1029.00
759.03	1056.00
759.22	1001.00
759.41	1034.00
759.60	992.00
759.79	981.00
759.98	994.00
760.17	892.00
760.36	935.00
760.54	918.00
760.73	924.00
760.92	1007.00
761.11	950.00
761.30	874.00
761.49	853.00
761.68	808.00
761.87	858.00
762.06	839.00
762.25	861.00
762.44	825.00
762.63	818.00
762.81	773.00
763.00	837.00
763.19	876.00
763.38	792.00
763.57	847.00
763.76	776.00
763.95	788.00
764.14	844.00
764.33	764.00
764.52	776.00
764.71	804.00
764.89	852.00
765.08	848.00
765.27	832.00
765.46	746.00
765.65	770.00
765.84	758.00
766.03	804.00
766.22	836.00
766.41	795.00
766.59	821.00
766.78	865.00
766.97	812.00
767.16	788.00
767.35	770.00
767.54	911.00
767.73	940.00
767.92	892.00
768.11	864.00
768.30	861.00
768.48	872.00
768.67	828.00
768.86	868.00
769.05	892.00
769.24	844.00
769.43	860.00
769.62	874.00
769.81	926.00
769.99	894.00
770.18	862.00
770.37	866.00
770.56	915.00
770.75	895.00
770.94	899.00
771.13	891.00
771.32	885.00
771.50	897.00
771.69	923.00
771.88	880.00
772.07	882.00
772.26	929.00
772.45	847.00
772.64	832.00
772.83	900.00
773.01	887.00
773.20	824.00
773.39	836.00
773.58	908.00
773.77	850.00
773.96	902.00
774.15	910.00
774.34	896.00
774.52	880.00
774.71	829.00
774.90	835.00
775.09	827.00
775.28	806.00
775.47	836.00
775.66	882.00
775.84	820.00
776.03	795.00
776.22	829.00
776.41	872.00
776.60	813.00
776.79	878.00
776.98	841.00
777.16	840.00
777.35	780.00
777.54	888.00
777.73	883.00
777.92	806.00
778.11	870.00
778.29	866.00
778.48	826.00
778.67	794.00
778.86	885.00
779.05	831.00
779.24	749.00
779.43	865.00
779.61	865.00
779.80	865.00
779.99	830.00
780.18	821.00
780.37	879.00
780.56	860.00
780.74	810.00
780.93	915.00
781.12	907.00
781.31	833.00
781.50	814.00
781.69	789.00
781.87	819.00
782.06	834.00
782.25	878.00
782.44	831.00
782.63	884.00
782.82	856.00
783.00	813.00
783.19	881.00
783.38	843.00
783.57	840.00
783.76	868.00
783.95	882.00
784.13	821.00
784.32	826.00
784.51	814.00
784.70	790.00
784.89	799.00
785.08	876.00
785.26	897.00
785.45	903.00
785.64	895.00
785.83	884.00
786.02	912.00
786.20	900.00
786.39	969.00
786.58	914.00
786.77	882.00
786.96	846.00
787.15	882.00
787.33	865.00
787.52	901.00
787.71	837.00
787.90	855.00
788.09	907.00
788.27	869.00
788.46	818.00
788.65	884.00
788.84	907.00
789.03	839.00
789.21	886.00
789.40	879.00
789.59	850.00
789.78	875.00
789.97	919.00
790.15	853.00
790.34	831.00
790.53	955.00
790.72	886.00
790.91	862.00
791.09	875.00
791.28	888.00
791.47	841.00
791.66	947.00
791.85	959.00
792.03	876.00
792.22	874.00
792.41	836.00
792.60	853.00
792.79	937.00
792.97	902.00
793.16	877.00
793.35	918.00
793.54	900.00
793.72	827.00
793.91	953.00
794.10	878.00
794.29	877.00
794.48	868.00
794.66	918.00
794.85	927.00
795.04	915.00
795.23	926.00
795.42	950.00
795.60	985.00
795.79	962.00
795.98	913.00
796.17	879.00
796.35	913.00
796.54	943.00
796.73	927.00
796.92	915.00
797.11	894.00
797.29	916.00
797.48	929.00
797.67	866.00
797.86	912.00
798.04	937.00
798.23	966.00
798.42	892.00
798.61	797.00
798.79	844.00
798.98	932.00
799.17	899.00
799.36	980.00
799.54	915.00
799.73	900.00
799.92	916.00
800.11	901.00
800.30	938.00
800.48	941.00
800.67	960.00
800.86	940.00
801.05	912.00
801.23	965.00
801.42	879.00
801.61	900.00
801.80	924.00
801.98	960.00
802.17	928.00
802.36	860.00
802.55	868.00
802.73	898.00
802.92	922.00
803.11	900.00
803.30	904.00
803.48	988.00
803.67	957.00
803.86	993.00
804.05	972.00
804.23	958.00
804.42	902.00
804.61	1001.00
804.80	983.00
804.98	954.00
805.17	1047.00
805.36	967.00
805.54	903.00
805.73	888.00
805.92	921.00
806.11	905.00
806.29	892.00
806.48	904.00
806.67	1032.00
806.86	974.00
807.04	894.00
807.23	956.00
807.42	906.00
807.61	834.00
807.79	889.00
807.98	967.00
808.17	920.00
808.35	915.00
808.54	965.00
808.73	957.00
808.92	953.00
809.10	956.00
809.29	904.00
809.48	904.00
809.67	909.00
809.85	867.00
810.04	816.00
810.23	856.00
810.41	980.00
810.60	963.00
810.79	919.00
810.98	1022.00
811.16	942.00
811.35	920.00
811.54	936.00
811.72	916.00
811.91	957.00
812.10	905.00
812.29	878.00
812.47	838.00
812.66	914.00
812.85	869.00
813.03	890.00
813.22	991.00
813.41	991.00
813.60	973.00
813.78	971.00
813.97	921.00
814.16	860.00
814.34	919.00
814.53	889.00
814.72	941.00
814.90	917.00
815.09	918.00
815.28	883.00
815.47	901.00
815.65	950.00
815.84	918.00
816.03	895.00
816.21	899.00
816.40	870.00
816.59	907.00
816.77	871.00
816.96	873.00
817.15	908.00
817.33	897.00
817.52	964.00
817.71	895.00
817.90	854.00
818.08	840.00
818.27	947.00
818.46	904.00
818.64	872.00
818.83	891.00
819.02	910.00
819.20	857.00
819.39	810.00
819.58	844.00
819.76	828.00
819.95	877.00
820.14	1014.00
820.32	991.00
820.51	896.00
820.70	918.00
820.88	962.00
821.07	911.00
821.26	875.00
821.44	900.00
821.63	875.00
821.82	867.00
822.01	893.00
822.19	880.00
822.38	846.00
822.57	862.00
822.75	936.00
822.94	906.00
823.13	834.00
823.31	853.00
823.50	833.00
823.69	882.00
823.87	777.00
824.06	803.00
824.25	786.00
824.43	843.00
824.62	877.00
824.80	836.00
824.99	939.00
825.18	915.00
825.36	863.00
825.55	838.00
825.74	850.00
825.92	868.00
826.11	879.00
826.30	859.00
826.48	863.00
826.67	881.00
826.86	904.00
827.04	848.00
827.23	972.00
827.42	931.00
827.60	805.00
827.79	800.00
827.98	788.00
828.16	848.00
828.35	816.00
828.54	826.00
828.72	846.00
828.91	826.00
829.09	862.00
829.28	894.00
829.47	861.00
829.65	877.00
829.84	875.00
830.03	799.00
830.21	825.00
830.40	819.00
830.59	743.00
830.77	798.00
830.96	861.00
831.14	875.00
831.33	891.00
831.52	869.00
831.70	897.00
831.89	856.00
832.08	855.00
832.26	827.00
832.45	804.00
832.64	842.00
832.82	870.00
833.01	850.00
833.19	848.00
833.38	856.00
833.57	897.00
833.75	957.00
833.94	845.00
834.13	796.00
834.31	740.00
834.50	758.00
834.68	800.00
834.87	827.00
835.06	806.00
835.24	808.00
835.43	793.00
835.61	756.00
835.80	766.00
835.99	777.00
836.17	752.00
836.36	760.00
836.55	788.00
836.73	797.00
836.92	763.00
837.10	794.00
837.29	794.00
837.48	802.00
837.66	749.00
837.85	811.00
838.03	825.00
838.22	847.00
838.41	777.00
838.59	741.00
838.78	732.00
838.96	891.00
839.15	860.00
839.34	788.00
839.52	764.00
839.71	766.00
839.89	778.00
840.08	790.00
840.27	796.00
840.45	842.00
840.64	831.00
840.82	711.00
841.01	753.00
841.20	846.00
841.38	821.00
841.57	795.00
841.75	769.00
841.94	791.00
842.13	785.00
842.31	774.00
842.50	692.00
842.68	706.00
842.87	737.00
843.05	752.00
843.24	795.00
843.43	788.00
843.61	673.00
843.80	666.00
843.98	754.00
844.17	650.00
844.36	702.00
844.54	732.00
844.73	795.00
844.91	841.00
845.10	725.00
845.28	697.00
845.47	762.00
845.66	722.00
845.84	763.00
846.03	714.00
846.21	688.00
846.40	631.00
846.58	657.00
846.77	689.00
846.96	715.00
847.14	756.00
847.33	679.00
847.51	671.00
847.70	755.00
847.88	719.00
848.07	682.00
848.25	719.00
848.44	720.00
848.63	726.00
848.81	621.00
849.00	613.00
849.18	767.00
849.37	744.00
849.55	699.00
849.74	715.00
849.93	718.00
850.11	700.00
850.30	734.00
850.48	708.00
850.67	643.00
850.85	691.00
851.04	640.00
851.22	677.00
851.41	724.00
851.59	710.00
851.78	691.00
851.97	688.00
852.15	783.00
852.34	750.00
852.52	711.00
852.71	748.00
852.89	656.00
853.08	613.00
853.26	691.00
853.45	635.00
853.63	708.00
853.82	666.00
854.01	722.00
854.19	647.00
854.38	699.00
854.56	690.00
854.75	759.00
854.93	679.00
855.12	660.00
855.30	598.00
855.49	625.00
855.67	682.00
855.86	622.00
856.04	644.00
856.23	631.00
856.41	683.00
856.60	671.00
856.79	655.00
856.97	678.00
857.16	634.00
857.34	715.00
857.53	637.00
857.71	587.00
857.90	575.00
858.08	631.00
858.27	633.00
858.45	619.00
858.64	568.00
858.82	612.00
859.01	664.00
859.19	706.00
859.38	641.00
859.56	650.00
859.75	654.00
859.93	636.00
860.12	583.00
860.30	499.00
860.49	553.00
860.67	553.00
860.86	646.00
861.04	657.00
861.23	621.00
861.41	628.00
861.60	579.00
861.78	581.00
861.97	598.00
862.15	626.00
862.34	624.00
862.53	638.00
862.71	569.00
862.90	573.00
863.08	615.00
863.27	602.00
863.45	537.00
863.64	626.00
863.82	620.00
864.01	577.00
864.19	605.00
864.37	627.00
864.56	613.00
864.74	568.00
864.93	611.00
865.11	648.00
865.30	650.00
865.48	674.00
865.67	584.00
865.85	570.00
866.04	582.00
866.22	529.00
866.41	575.00
866.59	568.00
866.78	463.00
866.96	551.00
867.15	567.00
867.33	577.00
867.52	590.00
867.70	613.00
867.89	582.00
868.07	540.00
868.26	523.00
868.44	597.00
868.63	610.00
868.81	563.00
869.00	512.00
869.18	569.00
869.37	522.00
869.55	559.00
869.74	520.00
869.92	548.00
870.10	524.00
870.29	487.00
870.47	467.00
870.66	522.00
870.84	468.00
871.03	478.00
871.21	535.00
871.40	528.00
871.58	535.00
871.77	524.00
871.95	555.00
872.14	514.00
872.32	498.00
872.51	531.00
872.69	534.00
872.87	494.00
873.06	489.00
873.24	541.00
873.43	505.00
873.61	455.00
873.80	459.00
873.98	578.00
874.17	507.00
874.35	413.00
874.54	431.00
874.72	414.00
874.90	381.00
875.09	427.00
875.27	495.00
875.46	564.00
875.64	547.00
875.83	553.00
876.01	537.00
876.20	511.00
876.38	506.00
876.56	482.00
876.75	508.00
876.93	476.00
877.12	434.00
877.30	409.00
877.49	489.00
877.67	490.00
877.86	498.00
878.04	463.00
878.22	472.00
878.41	486.00
878.59	477.00
878.78	451.00
878.96	472.00
879.15	518.00
879.33	459.00
879.51	505.00
879.70	522.00
879.88	466.00
880.07	577.00
880.25	520.00
880.44	461.00
880.62	481.00
880.80	451.00
880.99	542.00
881.17	468.00
881.36	449.00
881.54	527.00
881.73	404.00
881.91	423.00
882.09	516.00
882.28	430.00
882.46	456.00
882.65	498.00
882.83	427.00
883.02	486.00
883.20	437.00
883.38	444.00
883.57	469.00
883.75	480.00
883.94	449.00
884.12	450.00
884.30	538.00
884.49	503.00
884.67	538.00
884.86	535.00
885.04	435.00
885.22	391.00
885.41	452.00
885.59	485.00
885.78	460.00
885.96	486.00
886.14	509.00
886.33	450.00
886.51	423.00
886.70	454.00
886.88	481.00
887.06	498.00
887.25	495.00
887.43	439.00
887.62	487.00
887.80	469.00
887.98	457.00
888.17	465.00
888.35	478.00
888.54	514.00
888.72	500.00
888.90	487.00
889.09	496.00
889.27	451.00
889.46	457.00
889.64	442.00
889.82	525.00
890.01	458.00
890.19	430.00
890.38	358.00
890.56	453.00
890.74	457.00
890.93	483.00
891.11	561.00
891.29	511.00
891.48	470.00
891.66	453.00
891.85	434.00
892.03	506.00
892.21	464.00
892.40	445.00
892.58	463.00
892.76	489.00
892.95	455.00
893.13	494.00
893.32	471.00
893.50	474.00
893.68	466.00
893.87	362.00
894.05	441.00
894.23	468.00
894.42	461.00
894.60	461.00
894.79	461.00
894.97	443.00
895.15	456.00
895.34	450.00
895.52	485.00
895.70	486.00
895.89	537.00
896.07	520.00
896.25	499.00
896.44	447.00
896.62	473.00
896.81	463.00
896.99	414.00
897.17	505.00
897.36	528.00
897.54	433.00
897.72	416.00
897.91	461.00
898.09	427.00
898.27	490.00
898.46	419.00
898.64	340.00
898.82	407.00
899.01	498.00
899.19	465.00
899.37	479.00
899.56	480.00
899.74	454.00
899.92	551.00
900.11	537.00
900.29	507.00
900.47	602.00
900.66	553.00
900.84	558.00
901.03	541.00
901.21	496.00
901.39	377.00
901.58	419.00
901.76	393.00
901.94	479.00
902.13	446.00
902.31	442.00
902.49	472.00
902.68	519.00
902.86	503.00
903.04	581.00
903.23	481.00
903.41	522.00
903.59	422.00
903.78	473.00
903.96	522.00
904.14	535.00
904.32	499.00
904.51	505.00
904.69	508.00
904.87	515.00
905.06	599.00
905.24	557.00
905.42	525.00
905.61	514.00
905.79	517.00
905.97	522.00
906.16	561.00
906.34	493.00
906.52	445.00
906.71	485.00
906.89	467.00
907.07	483.00
907.26	554.00
907.44	539.00
907.62	493.00
907.81	458.00
907.99	440.00
908.17	483.00
908.35	478.00
908.54	433.00
908.72	495.00
908.90	544.00
909.09	486.00
909.27	505.00
909.45	464.00
909.64	497.00
909.82	528.00
910.00	479.00
910.18	515.00
910.37	534.00
910.55	467.00
910.73	496.00
910.92	500.00
911.10	454.00
911.28	475.00
911.47	528.00
911.65	566.00
911.83	512.00
912.01	463.00
912.20	490.00
912.38	476.00
912.56	525.00
912.75	482.00
912.93	498.00
913.11	515.00
913.29	520.00
913.48	480.00
913.66	451.00
913.84	429.00
914.03	465.00
914.21	482.00
914.39	518.00
914.57	440.00
914.76	363.00
914.94	490.00
915.12	509.00
915.31	531.00
915.49	536.00
915.67	548.00
915.85	525.00
916.04	459.00
916.22	392.00
916.40	524.00
916.58	520.00
916.77	488.00
916.95	546.00
917.13	546.00
917.32	502.00
917.50	470.00
917.68	446.00
917.86	411.00
918.05	511.00
918.23	513.00
918.41	529.00
918.59	433.00
918.78	449.00
918.96	392.00
919.14	445.00
919.32	432.00
919.51	418.00
919.69	389.00
919.87	444.00
920.05	437.00
920.24	488.00
920.42	481.00
920.60	469.00
920.78	524.00
920.97	530.00
921.15	510.00
921.33	474.00
921.52	440.00
921.70	468.00
921.88	425.00
922.06	451.00
922.24	429.00
922.43	462.00
922.61	516.00
922.79	508.00
922.97	491.00
923.16	414.00
923.34	425.00
923.52	442.00
923.70	416.00
923.89	444.00
924.07	469.00
924.25	433.00
924.43	355.00
924.62	376.00
924.80	416.00
924.98	421.00
925.16	405.00
925.35	462.00
925.53	466.00
925.71	394.00
925.89	429.00
926.08	511.00
926.26	483.00
926.44	447.00
926.62	417.00
926.80	461.00
926.99	393.00
927.17	362.00
927.35	409.00
927.53	429.00
927.72	542.00
927.90	491.00
928.08	459.00
928.26	441.00
928.44	397.00
928.63	477.00
928.81	415.00
928.99	354.00
929.17	425.00
929.36	378.00
929.54	365.00
929.72	395.00
929.90	423.00
930.08	411.00
930.27	373.00
930.45	360.00
930.63	400.00
930.81	388.00
930.99	408.00
931.18	427.00
931.36	414.00
931.54	380.00
931.72	340.00
931.90	324.00
932.09	394.00
932.27	393.00
932.45	366.00
932.63	442.00
932.81	408.00
933.00	375.00
933.18	352.00
933.36	351.00
933.54	355.00
933.72	318.00
933.91	311.00
934.09	340.00
934.27	346.00
934.45	373.00
934.63	401.00
934.82	367.00
935.00	348.00
935.18	369.00
935.36	394.00
935.54	408.00
935.73	425.00
935.91	390.00
936.09	330.00
936.27	387.00
936.45	302.00
936.64	268.00
936.82	267.00
937.00	301.00
937.18	378.00
937.36	349.00
937.54	300.00
937.73	254.00
937.91	222.00
938.09	321.00
938.27	296.00
938.45	274.00
938.63	203.00
938.82	229.00
939.00	289.00
939.18	252.00
939.36	237.00
939.54	228.00
939.73	256.00
939.91	296.00
940.09	270.00
940.27	260.00
940.45	212.00
940.63	234.00
940.82	188.00
941.00	233.00
941.18	258.00
941.36	232.00
941.54	149.00
941.72	164.00
941.91	201.00
942.09	137.00
942.27	130.00
942.45	180.00
942.63	250.00
942.81	261.00
942.99	223.00
943.18	243.00
943.36	240.00
943.54	211.00
943.72	212.00
943.90	257.00
944.08	198.00
944.27	216.00
944.45	232.00
944.63	220.00
944.81	240.00
944.99	175.00
945.17	172.00
945.35	188.00
945.54	234.00
945.72	214.00
945.90	183.00
946.08	250.00
946.26	242.00
946.44	171.00
946.62	235.00
946.81	179.00
946.99	153.00
947.17	229.00
947.35	173.00
947.53	198.00
947.71	171.00
947.89	157.00
948.07	169.00
948.26	176.00
948.44	171.00
948.62	194.00
948.80	268.00
948.98	225.00
949.16	172.00
949.34	172.00
949.53	191.00
949.71	190.00
949.89	181.00
950.07	276.00
950.25	248.00
950.43	216.00
950.61	175.00
950.79	197.00
950.98	236.00
951.16	190.00
951.34	190.00
951.52	209.00
951.70	266.00
951.88	196.00
952.06	161.00
952.24	169.00
952.42	208.00
952.61	189.00
952.79	144.00
952.97	194.00
953.15	142.00
953.33	252.00
953.51	146.00
953.69	186.00
953.87	169.00
954.05	215.00
954.24	234.00
954.42	201.00
954.60	219.00
954.78	197.00
954.96	232.00
955.14	161.00
955.32	211.00
955.50	227.00
955.68	204.00
955.86	174.00
956.05	184.00
956.23	171.00
956.41	108.00
956.59	228.00
956.77	163.00
956.95	146.00
957.13	179.00
957.31	188.00
957.49	232.00
957.67	244.00
957.86	169.00
958.04	157.00
958.22	232.00
958.40	192.00
958.58	194.00
958.76	195.00
958.94	199.00
959.12	206.00
959.30	218.00
959.48	177.00
959.66	237.00
959.84	237.00
960.03	227.00
960.21	187.00
960.39	166.00
960.57	188.00
960.75	202.00
960.93	222.00
961.11	283.00
961.29	233.00
961.47	170.00
961.65	165.00
961.83	119.00
962.01	209.00
962.19	204.00
962.37	185.00
962.56	221.00
962.74	189.00
962.92	247.00
963.10	264.00
963.28	189.00
963.46	154.00
963.64	127.00
963.82	119.00
964.00	156.00
964.18	238.00
964.36	177.00
964.54	159.00
964.72	211.00
964.90	188.00
965.08	211.00
965.27	149.00
965.45	148.00
965.63	212.00
965.81	166.00
965.99	173.00
966.17	217.00
966.35	156.00
966.53	142.00
966.71	189.00
966.89	268.00
967.07	183.00
967.25	158.00
967.43	221.00
967.61	209.00
967.79	202.00
967.97	182.00
968.15	205.00
968.33	216.00
968.51	161.00
968.69	161.00
968.87	155.00
969.06	214.00
969.24	190.00
969.42	148.00
969.60	181.00
969.78	187.00
969.96	163.00
970.14	167.00
970.32	218.00
970.50	193.00
970.68	228.00
970.86	220.00
971.04	187.00
971.22	165.00
971.40	143.00
971.58	186.00
971.76	172.00
971.94	161.00
972.12	174.00
972.30	198.00
972.48	89.00
972.66	198.00
972.84	193.00
973.02	177.00
973.20	171.00
973.38	143.00
973.56	273.00
973.74	237.00
973.92	231.00
974.10	176.00
974.28	155.00
974.46	210.00
974.64	183.00
974.82	118.00
975.00	84.00
975.18	217.00
975.36	187.00
975.54	145.00
975.72	71.00
975.90	94.00
976.08	168.00
976.26	86.00
976.44	132.00
976.62	152.00
976.80	141.00
976.98	132.00
977.16	151.00
977.34	140.00
977.52	154.00
977.70	142.00
977.88	178.00
978.06	115.00
978.24	172.00
978.42	141.00
978.60	157.00
978.78	119.00
978.96	162.00
979.14	94.00
979.32	135.00
979.50	211.00
979.68	260.00
979.86	217.00
980.04	87.00
980.22	61.00
980.40	122.00
980.58	132.00
980.76	183.00
980.94	164.00
981.12	151.00
981.30	163.00
981.48	158.00
981.66	81.00
981.84	134.00
982.02	135.00
982.20	126.00
982.38	121.00
982.56	162.00
982.74	149.00
982.92	65.00
983.10	103.00
983.28	90.00
983.46	127.00
983.64	190.00
983.82	68.00
984.00	124.00
984.18	111.00
984.36	99.00
984.54	185.00
984.72	140.00
984.90	162.00
985.08	117.00
985.26	122.00
985.44	102.00
985.62	118.00
985.80	105.00
985.98	135.00
986.16	129.00
986.34	151.00
986.51	165.00
986.69	121.00
986.87	76.00
987.05	109.00
987.23	149.00
987.41	210.00
987.59	91.00
987.77	70.00
987.95	107.00
988.13	131.00
988.31	145.00
988.49	173.00
988.67	181.00
988.85	153.00
989.03	170.00
989.21	158.00
989.39	140.00
989.57	87.00
989.75	61.00
989.93	79.00
990.11	199.00
990.28	140.00
990.46	160.00
990.64	168.00
990.82	127.00
991.00	118.00
991.18	148.00
991.36	134.00
991.54	112.00
991.72	111.00
991.90	165.00
992.08	226.00
992.26	107.00
992.44	106.00
992.62	62.00
992.80	-2.00
992.98	89.00
993.15	59.00
993.33	31.00
993.51	131.00
993.69	119.00
993.87	153.00
994.05	108.00
994.23	159.00
994.41	89.00
994.59	43.00
994.77	121.00
994.95	150.00
995.13	116.00
995.31	117.00
995.48	126.00
995.66	87.00
995.84	83.00
996.02	106.00
996.20	118.00
996.38	103.00
996.56	92.00
996.74	75.00
996.92	95.00
997.10	109.00
997.28	91.00
997.46	48.00
997.63	74.00
997.81	148.00
997.99	127.00
998.17	122.00
998.35	148.00
998.53	155.00
998.71	98.00
998.89	39.00
999.07	99.00
999.25	110.00
999.43	140.00
999.60	127.00
999.78	74.00
999.96	160.00
1000.14	75.00
1000.32	60.00
1000.50	130.00
1000.68	99.00
1000.86	78.00
1001.04	43.00
1001.21	44.00
1001.39	185.00
1001.57	145.00
1001.75	129.00
1001.93	73.00
1002.11	136.00
1002.29	104.00
1002.47	118.00
1002.65	112.00
1002.82	79.00
1003.00	136.00
1003.18	88.00
1003.36	-9.00
1003.54	64.00
1003.72	104.00
1003.90	76.00
1004.08	98.00
1004.26	82.00
1004.43	66.00
1004.61	72.00
1004.79	110.00
1004.97	87.00
1005.15	159.00
1005.33	145.00
1005.51	110.00
1005.69	129.00
1005.86	110.00
1006.04	53.00
1006.22	95.00
1006.40	97.00
1006.58	168.00
1006.76	141.00
1006.94	98.00
1007.12	124.00
1007.29	52.00
1007.47	120.00
1007.65	88.00
1007.83	67.00
1008.01	74.00
1008.19	110.00
1008.37	134.00
1008.54	178.00
1008.72	176.00
1008.90	83.00
1009.08	35.00
1009.26	121.00
1009.44	45.00
1009.62	-42.00
1009.79	-23.00
1009.97	63.00
1010.15	128.00
1010.33	121.00
1010.51	83.00
1010.69	76.00
1010.87	85.00
1011.04	100.00
1011.22	97.00
1011.40	162.00
1011.58	80.00
1011.76	71.00
1011.94	102.00
1012.11	98.00
1012.29	111.00
1012.47	68.00
1012.65	94.00
1012.83	103.00
1013.01	115.00
1013.18	115.00
1013.36	104.00
1013.54	169.00
1013.72	156.00
1013.90	56.00
1014.08	122.00
1014.25	142.00
1014.43	70.00
1014.61	12.00
1014.79	128.00
1014.97	157.00
1015.15	139.00
1015.32	81.00
1015.50	88.00
1015.68	84.00
1015.86	148.00
1016.04	98.00
1016.22	58.00
1016.39	114.00
1016.57	112.00
1016.75	82.00
1016.93	3.00
1017.11	45.00
1017.29	113.00
1017.46	32.00
1017.64	67.00
1017.82	52.00
1018.00	73.00
1018.18	10.00
1018.35	66.00
1018.53	122.00
1018.71	134.00
1018.89	173.00
1019.07	167.00
1019.24	101.00
1019.42	111.00
1019.60	129.00
1019.78	85.00
1019.96	86.00
1020.14	62.00
1020.31	114.00
1020.49	62.00
1020.67	28.00
1020.85	19.00
1021.03	75.00
1021.20	53.00
1021.38	61.00
1021.56	50.00
1021.74	33.00
1021.92	47.00
1022.09	67.00
1022.27	-14.00
1022.45	125.00
1022.63	92.00
1022.81	75.00
1022.98	99.00
1023.16	129.00
1023.34	94.00
1023.52	88.00
1023.69	12.00
1023.87	61.00
1024.05	107.00
1024.23	81.00
1024.41	168.00
1024.58	110.00
1024.76	111.00
1024.94	141.00
1025.12	173.00
1025.30	78.00
1025.47	57.00
1025.65	34.00
1025.83	106.00
1026.01	141.00
1026.18	119.00
1026.36	66.00
1026.54	107.00
1026.72	153.00
1026.90	82.00
1027.07	65.00
1027.25	33.00
1027.43	41.00
1027.61	-19.00
1027.78	71.00
1027.96	113.00
1028.14	113.00
1028.32	49.00
1028.49	93.00
1028.67	62.00
1028.85	53.00
1029.03	155.00
1029.21	97.00
1029.38	164.00
1029.56	101.00
1029.74	128.00
1029.92	-16.00
1030.09	-5.00
1030.27	-24.00
1030.45	82.00
1030.63	116.00
1030.80	116.00
1030.98	100.00
1031.16	80.00
1031.34	55.00
1031.51	88.00
1031.69	158.00
1031.87	80.00
1032.05	32.00
1032.22	26.00
1032.40	2.00
1032.58	51.00
1032.76	110.00
1032.93	80.00
1033.11	59.00
1033.29	101.00
1033.47	116.00
1033.64	69.00
1033.82	60.00
1034.00	52.00
1034.18	36.00
1034.35	126.00
1034.53	101.00
1034.71	100.00
1034.89	122.00
1035.06	76.00
1035.24	83.00
1035.42	84.00
1035.59	82.00
1035.77	83.00
1035.95	64.00
1036.13	44.00
1036.30	54.00
1036.48	31.00
1036.66	92.00
1036.84	82.00
1037.01	104.00
1037.19	57.00
1037.37	36.00
1037.54	18.00
1037.72	33.00
1037.90	32.00
1038.08	33.00
1038.25	50.00
1038.43	43.00
1038.61	104.00
1038.79	88.00
1038.96	91.00
1039.14	99.00
1039.32	94.00
1039.49	50.00
1039.67	68.00
1039.85	40.00
1040.03	46.00
1040.20	87.00
1040.38	87.00
1040.56	36.00
1040.73	96.00
1040.91	87.00
1041.09	-25.00
1041.27	30.00
1041.44	26.00
1041.62	86.00
1041.80	32.00
1041.97	11.00
1042.15	3.00
1042.33	59.00
1042.50	17.00
1042.68	26.00
1042.86	88.00
1043.04	39.00
1043.21	6.00
1043.39	67.00
1043.57	59.00
1043.74	70.00
1043.92	44.00
1044.10	75.00
1044.27	53.00
1044.45	46.00
1044.63	45.00
1044.80	68.00
1044.98	45.00
1045.16	-2.00
1045.34	5.00
1045.51	7.00
1045.69	78.00
1045.87	33.00
1046.04	35.00
1046.22	15.00
1046.40	38.00
1046.57	59.00
1046.75	147.00
1046.93	142.00
1047.10	116.00
1047.28	75.00
1047.46	76.00
1047.63	60.00
1047.81	61.00
1047.99	98.00
1048.16	73.00
1048.34	62.00
1048.52	32.00
1048.69	33.00
1048.87	101.00
1049.05	33.00
1049.22	45.00
1049.40	-18.00
1049.58	20.00
1049.75	12.00
1049.93	96.00
1050.11	41.00
1050.28	31.00
1050.46	56.00
1050.64	76.00
1050.81	96.00
1050.99	83.00
1051.17	74.00
1051.34	34.00
1051.52	52.00
1051.70	92.00
1051.87	46.00
1052.05	17.00
1052.23	35.00
1052.40	54.00
1052.58	62.00
1052.76	51.00
1052.93	115.00
1053.11	82.00
1053.29	123.00
1053.46	87.00
1053.64	49.00
1053.82	130.00
1053.99	147.00
1054.17	95.00
1054.35	128.00
1054.52	93.00
1054.70	115.00
1054.87	107.00
1055.05	70.00
1055.23	122.00
1055.40	87.00
1055.58	70.00
1055.76	40.00
1055.93	89.00
1056.11	141.00
1056.29	76.00
1056.46	121.00
1056.64	122.00
1056.81	93.00
1056.99	96.00
1057.17	52.00
1057.34	4.00
1057.52	65.00
1057.70	9.00
1057.87	58.00
1058.05	98.00
1058.22	58.00
1058.40	92.00
1058.58	28.00
1058.75	-13.00
1058.93	21.00
1059.11	49.00
1059.28	96.00
1059.46	76.00
1059.63	46.00
1059.81	18.00
1059.99	103.00
1060.16	28.00
1060.34	30.00
1060.52	61.00
1060.69	31.00
1060.87	33.00
1061.04	14.00
1061.22	45.00
