367.62	26.00
367.82	17.00
368.02	4.00
368.23	64.00
368.43	31.00
368.63	11.00
368.83	37.00
369.04	-30.00
369.24	-48.00
369.44	57.00
369.65	63.00
369.85	11.00
370.05	-47.00
370.25	-24.00
370.46	-42.00
370.66	-2.00
370.86	31.00
371.07	66.00
371.27	28.00
371.47	25.00
371.67	7.00
371.88	33.00
372.08	15.00
372.28	18.00
372.49	30.00
372.69	-2.00
372.89	-20.00
373.09	-29.00
373.30	5.00
373.50	3.00
373.70	55.00
373.91	86.00
374.11	75.00
374.31	55.00
374.51	-36.00
374.72	-53.00
374.92	17.00
375.12	67.00
375.33	3.00
375.53	68.00
375.73	14.00
375.93	62.00
376.14	75.00
376.34	1.00
376.54	10.00
376.74	59.00
376.95	33.00
377.15	41.00
377.35	74.00
377.55	91.00
377.76	83.00
377.96	45.00
378.16	48.00
378.37	53.00
378.57	18.00
378.77	20.00
378.97	-10.00
379.18	66.00
379.38	14.00
379.58	-33.00
379.78	2.00
379.99	111.00
380.19	41.00
380.39	53.00
380.59	-7.00
380.80	15.00
381.00	8.00
381.20	4.00
381.40	42.00
381.61	51.00
381.81	65.00
382.01	62.00
382.21	88.00
382.42	11.00
382.62	23.00
382.82	32.00
383.02	65.00
383.23	32.00
383.43	-27.00
383.63	16.00
383.83	42.00
384.04	51.00
384.24	-16.00
384.44	17.00
384.64	46.00
384.85	49.00
385.05	70.00
385.25	-6.00
385.45	1.00
385.66	-7.00
385.86	39.00
386.06	59.00
386.26	45.00
386.47	76.00
386.67	-7.00
386.87	22.00
387.07	17.00
387.27	52.00
387.48	48.00
387.68	-5.00
387.88	-29.00
388.08	17.00
388.29	-62.00
388.49	46.00
388.69	0.00
388.89	91.00
389.10	45.00
389.30	41.00
389.50	7.00
389.70	64.00
389.90	34.00
390.11	51.00
390.31	21.00
390.51	70.00
390.71	30.00
390.92	25.00
391.12	-20.00
391.32	75.00
391.52	43.00
391.72	41.00
391.93	50.00
392.13	-34.00
392.33	67.00
392.53	51.00
392.74	53.00
392.94	13.00
393.14	-47.00
393.34	-31.00
393.54	43.00
393.75	37.00
393.95	80.00
394.15	13.00
394.35	9.00
394.56	52.00
394.76	89.00
394.96	36.00
395.16	-37.00
395.36	14.00
395.57	46.00
395.77	75.00
395.97	18.00
396.17	75.00
396.37	79.00
396.58	13.00
396.78	12.00
396.98	39.00
397.18	59.00
397.38	30.00
397.59	-36.00
397.79	-20.00
397.99	56.00
398.19	8.00
398.39	-67.00
398.60	58.00
398.80	2.00
399.00	32.00
399.20	12.00
399.40	23.00
399.61	55.00
399.81	49.00
400.01	74.00
400.21	22.00
400.41	-20.00
400.62	-9.00
400.82	-32.00
401.02	27.00
401.22	37.00
401.42	20.00
401.63	-4.00
401.83	-10.00
402.03	-15.00
402.23	47.00
402.43	46.00
402.64	64.00
402.84	-11.00
403.04	18.00
403.24	78.00
403.44	97.00
403.64	102.00
403.85	71.00
404.05	83.00
404.25	53.00
404.45	21.00
404.65	95.00
404.86	63.00
405.06	57.00
405.26	38.00
405.46	41.00
405.66	102.00
405.86	52.00
406.07	73.00
406.27	29.00
406.47	25.00
406.67	-3.00
406.87	32.00
407.07	115.00
407.28	46.00
407.48	-8.00
407.68	6.00
407.88	32.00
408.08	44.00
408.28	83.00
408.49	76.00
408.69	43.00
408.89	52.00
409.09	78.00
409.29	-24.00
409.49	-4.00
409.70	23.00
409.90	42.00
410.10	71.00
410.30	118.00
410.50	40.00
410.70	-25.00
410.91	65.00
411.11	110.00
411.31	53.00
411.51	40.00
411.71	-9.00
411.91	20.00
412.12	113.00
412.32	58.00
412.52	12.00
412.72	25.00
412.92	4.00
413.12	17.00
413.32	9.00
413.53	74.00
413.73	57.00
413.93	40.00
414.13	23.00
414.33	74.00
414.53	31.00
414.74	31.00
414.94	10.00
415.14	34.00
415.34	17.00
415.54	74.00
415.74	62.00
415.94	67.00
416.15	71.00
416.35	57.00
416.55	47.00
416.75	49.00
416.95	-24.00
417.15	28.00
417.35	54.00
417.56	3.00
417.76	86.00
417.96	82.00
418.16	116.00
418.36	67.00
418.56	-11.00
418.76	65.00
418.97	69.00
419.17	88.00
419.37	4.00
419.57	-21.00
419.77	62.00
419.97	52.00
420.17	20.00
420.37	38.00
420.58	83.00
420.78	87.00
420.98	10.00
421.18	-8.00
421.38	47.00
421.58	19.00
421.78	37.00
421.98	137.00
422.19	90.00
422.39	92.00
422.59	103.00
422.79	39.00
422.99	1.00
423.19	9.00
423.39	56.00
423.59	45.00
423.80	79.00
424.00	26.00
424.20	-14.00
424.40	48.00
424.60	5.00
424.80	-28.00
425.00	-27.00
425.20	53.00
425.40	80.00
425.61	81.00
425.81	46.00
426.01	19.00
426.21	59.00
426.41	30.00
426.61	31.00
426.81	-39.00
427.01	56.00
427.21	111.00
427.42	45.00
427.62	66.00
427.82	61.00
428.02	62.00
428.22	100.00
428.42	22.00
428.62	67.00
428.82	31.00
429.02	27.00
429.23	62.00
429.43	29.00
429.63	72.00
429.83	88.00
430.03	136.00
430.23	77.00
430.43	21.00
430.63	4.00
430.83	36.00
431.03	104.00
431.24	100.00
431.44	18.00
431.64	76.00
431.84	54.00
432.04	54.00
432.24	42.00
432.44	93.00
432.64	98.00
432.84	97.00
433.04	59.00
433.24	61.00
433.45	59.00
433.65	109.00
433.85	118.00
434.05	47.00
434.25	42.00
434.45	37.00
434.65	69.00
434.85	59.00
435.05	56.00
435.25	31.00
435.45	57.00
435.65	40.00
435.86	58.00
436.06	68.00
436.26	98.00
436.46	56.00
436.66	74.00
436.86	89.00
437.06	60.00
437.26	47.00
437.46	52.00
437.66	49.00
437.86	18.00
438.06	8.00
438.26	27.00
438.47	18.00
438.67	81.00
438.87	47.00
439.07	64.00
439.27	71.00
439.47	-29.00
439.67	8.00
439.87	20.00
440.07	124.00
440.27	53.00
440.47	37.00
440.67	58.00
440.87	10.00
441.07	10.00
441.27	51.00
441.48	12.00
441.68	-11.00
441.88	47.00
442.08	85.00
442.28	89.00
442.48	76.00
442.68	36.00
442.88	-4.00
443.08	-5.00
443.28	50.00
443.48	42.00
443.68	46.00
443.88	78.00
444.08	16.00
444.28	25.00
444.48	25.00
444.68	87.00
444.88	91.00
445.09	130.00
445.29	79.00
445.49	79.00
445.69	57.00
445.89	-6.00
446.09	55.00
446.29	78.00
446.49	17.00
446.69	56.00
446.89	99.00
447.09	87.00
447.29	55.00
447.49	71.00
447.69	98.00
447.89	30.00
448.09	17.00
448.29	72.00
448.49	62.00
448.69	19.00
448.89	65.00
449.09	47.00
449.29	46.00
449.49	53.00
449.70	2.00
449.90	50.00
450.10	49.00
450.30	61.00
450.50	100.00
450.70	53.00
450.90	47.00
451.10	91.00
451.30	51.00
451.50	52.00
451.70	63.00
451.90	108.00
452.10	89.00
452.30	95.00
452.50	42.00
452.70	46.00
452.90	60.00
453.10	122.00
453.30	89.00
453.50	109.00
453.70	45.00
453.90	76.00
454.10	91.00
454.30	84.00
454.50	26.00
454.70	29.00
454.90	70.00
455.10	100.00
455.30	98.00
455.50	47.00
455.70	-4.00
455.90	53.00
456.10	54.00
456.30	83.00
456.50	91.00
456.70	-10.00
456.90	54.00
457.10	71.00
457.30	45.00
457.50	100.00
457.70	139.00
457.90	67.00
458.10	7.00
458.30	45.00
458.50	80.00
458.70	143.00
458.90	90.00
459.10	52.00
459.30	6.00
459.50	90.00
459.70	79.00
459.90	111.00
460.10	80.00
460.30	63.00
460.50	63.00
460.70	-67.00
460.90	16.00
461.10	56.00
461.30	53.00
461.50	46.00
461.70	61.00
461.90	-10.00
462.10	24.00
462.30	58.00
462.50	83.00
462.70	74.00
462.90	49.00
463.10	30.00
463.30	69.00
463.50	36.00
463.70	77.00
463.90	16.00
464.10	81.00
464.30	37.00
464.50	-2.00
464.70	-24.00
464.90	56.00
465.10	51.00
465.30	137.00
465.50	27.00
465.70	14.00
465.90	6.00
466.10	61.00
466.30	95.00
466.50	130.00
466.70	115.00
466.90	57.00
467.10	26.00
467.30	43.00
467.50	67.00
467.70	71.00
467.90	41.00
468.10	-27.00
468.30	125.00
468.50	133.00
468.70	102.00
468.90	106.00
469.10	33.00
469.30	33.00
469.50	29.00
469.70	105.00
469.90	163.00
470.10	51.00
470.30	91.00
470.50	88.00
470.70	39.00
470.90	44.00
471.10	34.00
471.29	28.00
471.49	96.00
471.69	64.00
471.89	52.00
472.09	85.00
472.29	154.00
472.49	104.00
472.69	106.00
472.89	94.00
473.09	109.00
473.29	83.00
473.49	72.00
473.69	57.00
473.89	63.00
474.09	100.00
474.29	110.00
474.49	76.00
474.69	94.00
474.89	101.00
475.09	64.00
475.29	109.00
475.49	50.00
475.69	137.00
475.88	144.00
476.08	114.00
476.28	64.00
476.48	63.00
476.68	90.00
476.88	128.00
477.08	99.00
477.28	40.00
477.48	99.00
477.68	137.00
477.88	130.00
478.08	136.00
478.28	134.00
478.48	112.00
478.68	75.00
478.88	49.00
479.08	38.00
479.28	79.00
479.47	92.00
479.67	123.00
479.87	73.00
480.07	81.00
480.27	137.00
480.47	120.00
480.67	81.00
480.87	43.00
481.07	-12.00
481.27	60.00
481.47	70.00
481.67	54.00
481.87	19.00
482.07	98.00
482.27	18.00
482.46	-5.00
482.66	121.00
482.86	122.00
483.06	75.00
483.26	109.00
483.46	90.00
483.66	96.00
483.86	103.00
484.06	53.00
484.26	72.00
484.46	83.00
484.66	134.00
484.86	91.00
485.05	32.00
485.25	94.00
485.45	88.00
485.65	153.00
485.85	63.00
486.05	46.00
486.25	63.00
486.45	112.00
486.65	56.00
486.85	80.00
487.05	119.00
487.25	96.00
487.44	54.00
487.64	88.00
487.84	88.00
488.04	71.00
488.24	58.00
488.44	111.00
488.64	100.00
488.84	114.00
489.04	111.00
489.24	85.00
489.43	83.00
489.63	84.00
489.83	37.00
490.03	77.00
490.23	193.00
490.43	134.00
490.63	100.00
490.83	157.00
491.03	66.00
491.23	19.00
491.42	49.00
491.62	16.00
491.82	42.00
492.02	99.00
492.22	36.00
492.42	111.00
492.62	98.00
492.82	97.00
493.02	133.00
493.22	116.00
493.41	84.00
493.61	103.00
493.81	135.00
494.01	35.00
494.21	44.00
494.41	120.00
494.61	165.00
494.81	71.00
495.01	99.00
495.20	166.00
495.40	116.00
495.60	77.00
495.80	90.00
496.00	90.00
496.20	67.00
496.40	108.00
496.60	112.00
496.79	91.00
496.99	101.00
497.19	121.00
497.39	194.00
497.59	154.00
497.79	105.00
497.99	100.00
498.19	97.00
498.38	119.00
498.58	131.00
498.78	81.00
498.98	100.00
499.18	107.00
499.38	73.00
499.58	77.00
499.78	83.00
499.97	100.00
500.17	112.00
500.37	158.00
500.57	122.00
500.77	90.00
500.97	154.00
501.17	132.00
501.37	127.00
501.56	85.00
501.76	121.00
501.96	137.00
502.16	116.00
502.36	86.00
502.56	101.00
502.76	112.00
502.95	101.00
503.15	112.00
503.35	105.00
503.55	86.00
503.75	82.00
503.95	87.00
504.15	72.00
504.34	131.00
504.54	161.00
504.74	73.00
504.94	54.00
505.14	94.00
505.34	104.00
505.54	94.00
505.73	101.00
505.93	179.00
506.13	177.00
506.33	162.00
506.53	169.00
506.73	93.00
506.92	90.00
507.12	84.00
507.32	77.00
507.52	125.00
507.72	63.00
507.92	81.00
508.12	94.00
508.31	110.00
508.51	106.00
508.71	135.00
508.91	108.00
509.11	129.00
509.31	147.00
509.50	63.00
509.70	37.00
509.90	100.00
510.10	99.00
510.30	139.00
510.50	147.00
510.69	71.00
510.89	122.00
511.09	170.00
511.29	144.00
511.49	207.00
511.69	154.00
511.88	81.00
512.08	125.00
512.28	104.00
512.48	109.00
512.68	93.00
512.88	105.00
513.07	115.00
513.27	126.00
513.47	141.00
513.67	128.00
513.87	117.00
514.06	160.00
514.26	165.00
514.46	122.00
514.66	170.00
514.86	157.00
515.06	132.00
515.25	101.00
515.45	127.00
515.65	121.00
515.85	81.00
516.05	140.00
516.24	143.00
516.44	112.00
516.64	102.00
516.84	112.00
517.04	134.00
517.23	69.00
517.43	126.00
517.63	113.00
517.83	122.00
518.03	47.00
518.23	65.00
518.42	105.00
518.62	89.00
518.82	65.00
519.02	114.00
519.22	144.00
519.41	174.00
519.61	167.00
519.81	166.00
520.01	113.00
520.21	106.00
520.40	155.00
520.60	66.00
520.80	127.00
521.00	198.00
521.20	131.00
521.39	122.00
521.59	97.00
521.79	174.00
521.99	145.00
522.19	105.00
522.38	137.00
522.58	122.00
522.78	137.00
522.98	178.00
523.17	136.00
523.37	135.00
523.57	101.00
523.77	121.00
523.97	85.00
524.16	174.00
524.36	149.00
524.56	155.00
524.76	181.00
524.96	155.00
525.15	159.00
525.35	211.00
525.55	177.00
525.75	149.00
525.94	173.00
526.14	181.00
526.34	167.00
526.54	168.00
526.74	175.00
526.93	81.00
527.13	138.00
527.33	131.00
527.53	182.00
527.72	152.00
527.92	147.00
528.12	157.00
528.32	148.00
528.52	179.00
528.71	164.00
528.91	116.00
529.11	151.00
529.31	156.00
529.50	184.00
529.70	172.00
529.90	130.00
530.10	136.00
530.29	148.00
530.49	180.00
530.69	188.00
530.89	153.00
531.09	144.00
531.28	124.00
531.48	186.00
531.68	160.00
531.88	153.00
532.07	202.00
532.27	192.00
532.47	189.00
532.67	208.00
532.86	152.00
533.06	233.00
533.26	232.00
533.46	228.00
533.65	252.00
533.85	168.00
534.05	185.00
534.25	214.00
534.44	224.00
534.64	156.00
534.84	242.00
535.04	292.00
535.23	179.00
535.43	144.00
535.63	216.00
535.83	153.00
536.02	156.00
536.22	139.00
536.42	232.00
536.62	284.00
536.81	260.00
537.01	194.00
537.21	228.00
537.41	174.00
537.60	192.00
537.80	208.00
538.00	259.00
538.20	252.00
538.39	253.00
538.59	198.00
538.79	240.00
538.99	229.00
539.18	276.00
539.38	204.00
539.58	231.00
539.77	250.00
539.97	248.00
540.17	294.00
540.37	284.00
540.56	263.00
540.76	259.00
540.96	240.00
541.16	219.00
541.35	290.00
541.55	344.00
541.75	362.00
541.94	274.00
542.14	260.00
542.34	299.00
542.54	344.00
542.73	369.00
542.93	309.00
543.13	236.00
543.33	256.00
543.52	262.00
543.72	280.00
543.92	326.00
544.11	266.00
544.31	292.00
544.51	261.00
544.71	238.00
544.90	271.00
545.10	349.00
545.30	448.00
545.49	380.00
545.69	279.00
545.89	364.00
546.09	407.00
546.28	340.00
546.48	352.00
546.68	327.00
546.87	286.00
547.07	341.00
547.27	320.00
547.47	272.00
547.66	281.00
547.86	301.00
548.06	260.00
548.25	322.00
548.45	288.00
548.65	296.00
548.84	359.00
549.04	340.00
549.24	313.00
549.44	230.00
549.63	218.00
549.83	279.00
550.03	252.00
550.22	216.00
550.42	175.00
550.62	237.00
550.81	288.00
551.01	288.00
551.21	230.00
551.41	329.00
551.60	317.00
551.80	178.00
552.00	232.00
552.19	215.00
552.39	204.00
552.59	311.00
552.78	287.00
552.98	264.00
553.18	245.00
553.37	264.00
553.57	281.00
553.77	215.00
553.96	262.00
554.16	244.00
554.36	294.00
554.56	134.00
554.75	186.00
554.95	219.00
555.15	264.00
555.34	283.00
555.54	259.00
555.74	259.00
555.93	241.00
556.13	220.00
556.33	277.00
556.52	244.00
556.72	246.00
556.92	251.00
557.11	292.00
557.31	236.00
557.51	154.00
557.70	179.00
557.90	249.00
558.10	180.00
558.29	154.00
558.49	179.00
558.69	257.00
558.88	244.00
559.08	150.00
559.28	181.00
559.47	242.00
559.67	259.00
559.87	218.00
560.06	241.00
560.26	244.00
560.46	233.00
560.65	176.00
560.85	183.00
561.05	234.00
561.24	250.00
561.44	236.00
561.64	262.00
561.83	281.00
562.03	243.00
562.23	149.00
562.42	222.00
562.62	255.00
562.82	280.00
563.01	227.00
563.21	278.00
563.40	257.00
563.60	270.00
563.80	306.00
563.99	257.00
564.19	229.00
564.39	169.00
564.58	253.00
564.78	221.00
564.98	247.00
565.17	261.00
565.37	231.00
565.57	182.00
565.76	201.00
565.96	188.00
566.16	187.00
566.35	185.00
566.55	217.00
566.74	281.00
566.94	242.00
567.14	299.00
567.33	327.00
567.53	261.00
567.73	279.00
567.92	227.00
568.12	224.00
568.32	240.00
568.51	221.00
568.71	227.00
568.90	250.00
569.10	240.00
569.30	266.00
569.49	230.00
569.69	280.00
569.89	299.00
570.08	280.00
570.28	301.00
570.47	295.00
570.67	288.00
570.87	235.00
571.06	256.00
571.26	285.00
571.46	306.00
571.65	230.00
571.85	233.00
572.04	298.00
572.24	312.00
572.44	305.00
572.63	291.00
572.83	324.00
573.03	315.00
573.22	286.00
573.42	297.00
573.61	313.00
573.81	332.00
574.01	240.00
574.20	205.00
574.40	254.00
574.59	295.00
574.79	310.00
574.99	304.00
575.18	304.00
575.38	297.00
575.58	329.00
575.77	277.00
575.97	302.00
576.16	276.00
576.36	316.00
576.56	318.00
576.75	298.00
576.95	399.00
577.14	416.00
577.34	382.00
577.54	391.00
577.73	379.00
577.93	394.00
578.12	346.00
578.32	367.00
578.52	358.00
578.71	366.00
578.91	393.00
579.10	441.00
579.30	458.00
579.50	473.00
579.69	421.00
579.89	461.00
580.08	499.00
580.28	429.00
580.48	441.00
580.67	499.00
580.87	460.00
581.06	474.00
581.26	505.00
581.45	458.00
581.65	472.00
581.85	508.00
582.04	497.00
582.24	476.00
582.43	407.00
582.63	452.00
582.83	524.00
583.02	516.00
583.22	562.00
583.41	605.00
583.61	608.00
583.80	560.00
584.00	544.00
584.20	489.00
584.39	518.00
584.59	584.00
584.78	628.00
584.98	600.00
585.17	547.00
585.37	569.00
585.57	584.00
585.76	642.00
585.96	586.00
586.15	601.00
586.35	661.00
586.54	704.00
586.74	703.00
586.94	673.00
587.13	676.00
587.33	683.00
587.52	730.00
587.72	739.00
587.91	752.00
588.11	730.00
588.31	705.00
588.50	733.00
588.70	686.00
588.89	732.00
589.09	657.00
589.28	690.00
589.48	687.00
589.68	761.00
589.87	712.00
590.07	773.00
590.26	811.00
590.46	815.00
590.65	843.00
590.85	870.00
591.04	850.00
591.24	774.00
591.44	660.00
591.63	764.00
591.83	727.00
592.02	781.00
592.22	759.00
592.41	836.00
592.61	812.00
592.80	825.00
593.00	924.00
593.19	893.00
593.39	880.00
593.59	864.00
593.78	903.00
593.98	972.00
594.17	922.00
594.37	958.00
594.56	946.00
594.76	941.00
594.95	904.00
595.15	879.00
595.34	901.00
595.54	891.00
595.73	914.00
595.93	994.00
596.13	943.00
596.32	889.00
596.52	939.00
596.71	963.00
596.91	943.00
597.10	940.00
597.30	988.00
597.49	999.00
597.69	1017.00
597.88	972.00
598.08	990.00
598.27	1024.00
598.47	1002.00
598.66	1009.00
598.86	1002.00
599.06	1021.00
599.25	1102.00
599.45	1017.00
599.64	1074.00
599.84	1109.00
600.03	1063.00
600.23	1031.00
600.42	986.00
600.62	961.00
600.81	1033.00
601.01	1046.00
601.20	996.00
601.40	1017.00
601.59	1035.00
601.79	1068.00
601.98	1111.00
602.18	1036.00
602.37	1033.00
602.57	961.00
602.76	1002.00
602.96	983.00
603.15	938.00
603.35	1061.00
603.54	1029.00
603.74	987.00
603.93	1013.00
604.13	1101.00
604.32	1076.00
604.52	1035.00
604.71	1049.00
604.91	1094.00
605.10	1044.00
605.30	1092.00
605.49	1123.00
605.69	1110.00
605.88	1099.00
606.08	1064.00
606.27	1088.00
606.47	1095.00
606.66	1101.00
606.86	1088.00
607.05	1114.00
607.25	1120.00
607.44	1067.00
607.64	1069.00
607.83	1072.00
608.03	1085.00
608.22	1176.00
608.42	1166.00
608.61	1185.00
608.81	1182.00
609.00	1188.00
609.20	1222.00
609.39	1229.00
609.59	1317.00
609.78	1381.00
609.98	1478.00
610.17	1575.00
610.37	1689.00
610.56	1890.00
610.76	2138.00
610.95	2371.00
611.15	2424.00
611.34	2507.00
611.54	2611.00
611.73	2557.00
611.93	2177.00
612.12	1956.00
612.32	1768.00
612.51	1549.00
612.71	1562.00
612.90	1490.00
613.09	1446.00
613.29	1470.00
613.48	1413.00
613.68	1379.00
613.87	1357.00
614.07	1349.00
614.26	1407.00
614.46	1324.00
614.65	1226.00
614.85	1268.00
615.04	1211.00
615.24	1280.00
615.43	1274.00
615.63	1203.00
615.82	1172.00
616.02	1085.00
616.21	1164.00
616.40	1067.00
616.60	1131.00
616.79	1102.00
616.99	1126.00
617.18	1050.00
617.38	1063.00
617.57	1148.00
617.77	1141.00
617.96	1057.00
618.16	989.00
618.35	1026.00
618.54	1060.00
618.74	1035.00
618.93	1029.00
619.13	1079.00
619.32	1061.00
619.52	1086.00
619.71	1090.00
619.91	1096.00
620.10	1128.00
620.30	1179.00
620.49	1177.00
620.68	1139.00
620.88	1176.00
621.07	1158.00
621.27	1201.00
621.46	1313.00
621.66	1195.00
621.85	1130.00
622.05	1123.00
622.24	1162.00
622.43	1163.00
622.63	1073.00
622.82	1093.00
623.02	1142.00
623.21	1193.00
623.41	1227.00
623.60	1206.00
623.80	1159.00
623.99	1157.00
624.18	1125.00
624.38	1174.00
624.57	1125.00
624.77	1141.00
624.96	1085.00
625.16	1185.00
625.35	1271.00
625.54	1258.00
625.74	1271.00
625.93	1177.00
626.13	1221.00
626.32	1206.00
626.52	1253.00
626.71	1259.00
626.90	1252.00
627.10	1275.00
627.29	1277.00
627.49	1238.00
627.68	1178.00
627.88	1196.00
628.07	1164.00
628.26	1210.00
628.46	1251.00
628.65	1263.00
628.85	1266.00
629.04	1236.00
629.23	1293.00
629.43	1282.00
629.62	1302.00
629.82	1303.00
630.01	1332.00
630.21	1424.00
630.40	1419.00
630.59	1361.00
630.79	1428.00
630.98	1406.00
631.18	1430.00
631.37	1364.00
631.56	1460.00
631.76	1498.00
631.95	1437.00
632.15	1297.00
632.34	1334.00
632.53	1252.00
632.73	1295.00
632.92	1281.00
633.12	1344.00
633.31	1355.00
633.50	1352.00
633.70	1304.00
633.89	1358.00
634.09	1368.00
634.28	1334.00
634.47	1326.00
634.67	1268.00
634.86	1287.00
635.06	1332.00
635.25	1313.00
635.44	1293.00
635.64	1320.00
635.83	1354.00
636.03	1388.00
636.22	1371.00
636.41	1359.00
636.61	1336.00
636.80	1313.00
637.00	1372.00
637.19	1455.00
637.38	1420.00
637.58	1448.00
637.77	1363.00
637.96	1392.00
638.16	1369.00
638.35	1324.00
638.55	1370.00
638.74	1384.00
638.93	1408.00
639.13	1405.00
639.32	1470.00
639.51	1473.00
639.71	1426.00
639.90	1420.00
640.10	1441.00
640.29	1515.00
640.48	1461.00
640.68	1451.00
640.87	1468.00
641.07	1556.00
641.26	1521.00
641.45	1539.00
641.65	1539.00
641.84	1612.00
642.03	1458.00
642.23	1528.00
642.42	1533.00
642.61	1571.00
642.81	1650.00
643.00	1631.00
643.20	1656.00
643.39	1575.00
643.58	1510.00
643.78	1547.00
643.97	1587.00
644.16	1626.00
644.36	1586.00
644.55	1613.00
644.74	1633.00
644.94	1594.00
645.13	1589.00
645.33	1551.00
645.52	1626.00
645.71	1529.00
645.91	1653.00
646.10	1663.00
646.29	1679.00
646.49	1647.00
646.68	1559.00
646.87	1627.00
647.07	1618.00
647.26	1708.00
647.45	1681.00
647.65	1695.00
647.84	1707.00
648.03	1733.00
648.23	1668.00
648.42	1740.00
648.62	1691.00
648.81	1652.00
649.00	1663.00
649.20	1636.00
649.39	1686.00
649.58	1688.00
649.78	1704.00
649.97	1712.00
650.16	1752.00
650.36	1909.00
650.55	1822.00
650.74	1796.00
650.94	1818.00
651.13	1710.00
651.32	1811.00
651.52	1801.00
651.71	1794.00
651.90	1779.00
652.10	1781.00
652.29	1794.00
652.48	1791.00
652.68	1821.00
652.87	1750.00
653.06	1772.00
653.26	1753.00
653.45	1805.00
653.64	1810.00
653.84	1737.00
654.03	1840.00
654.22	1842.00
654.42	1760.00
654.61	1845.00
654.80	1854.00
654.99	1792.00
655.19	1737.00
655.38	1712.00
655.57	1737.00
655.77	1765.00
655.96	1848.00
656.15	1780.00
656.35	1770.00
656.54	1744.00
656.73	1690.00
656.93	1696.00
657.12	1764.00
657.31	1801.00
657.51	1868.00
657.70	1739.00
657.89	1626.00
658.09	1664.00
658.28	1739.00
658.47	1720.00
658.66	1749.00
658.86	1715.00
659.05	1784.00
659.24	1668.00
659.44	1646.00
659.63	1670.00
659.82	1657.00
660.02	1752.00
660.21	1732.00
660.40	1753.00
660.60	1713.00
660.79	1724.00
660.98	1642.00
661.17	1690.00
661.37	1692.00
661.56	1709.00
661.75	1772.00
661.95	1737.00
662.14	1741.00
662.33	1720.00
662.52	1750.00
662.72	1686.00
662.91	1681.00
663.10	1706.00
663.30	1696.00
663.49	1685.00
663.68	1671.00
663.88	1758.00
664.07	1633.00
664.26	1658.00
664.45	1678.00
664.65	1652.00
664.84	1665.00
665.03	1596.00
665.23	1701.00
665.42	1613.00
665.61	1540.00
665.80	1621.00
666.00	1674.00
666.19	1665.00
666.38	1612.00
666.57	1656.00
666.77	1753.00
666.96	1687.00
667.15	1601.00
667.35	1668.00
667.54	1606.00
667.73	1608.00
667.92	1679.00
668.12	1610.00
668.31	1620.00
668.50	1607.00
668.70	1676.00
668.89	1557.00
669.08	1593.00
669.27	1598.00
669.47	1565.00
669.66	1478.00
669.85	1580.00
670.04	1496.00
670.24	1581.00
670.43	1641.00
670.62	1617.00
670.81	1634.00
671.01	1586.00
671.20	1587.00
671.39	1569.00
671.58	1521.00
671.78	1501.00
671.97	1513.00
672.16	1535.00
672.36	1528.00
672.55	1500.00
672.74	1456.00
672.93	1522.00
673.13	1493.00
673.32	1446.00
673.51	1514.00
673.70	1554.00
673.90	1465.00
674.09	1510.00
674.28	1549.00
674.47	1593.00
674.67	1529.00
674.86	1497.00
675.05	1561.00
675.24	1597.00
675.44	1492.00
675.63	1441.00
675.82	1461.00
676.01	1498.00
676.21	1480.00
676.40	1498.00
676.59	1489.00
676.78	1409.00
676.97	1431.00
677.17	1374.00
677.36	1361.00
677.55	1390.00
677.74	1408.00
677.94	1445.00
678.13	1379.00
678.32	1448.00
678.51	1501.00
678.71	1438.00
678.90	1401.00
679.09	1452.00
679.28	1488.00
679.48	1506.00
679.67	1467.00
679.86	1438.00
680.05	1418.00
680.24	1442.00
680.44	1565.00
680.63	1491.00
680.82	1467.00
681.01	1393.00
681.21	1341.00
681.40	1409.00
681.59	1376.00
681.78	1433.00
681.97	1402.00
682.17	1402.00
682.36	1485.00
682.55	1480.00
682.74	1442.00
682.94	1411.00
683.13	1291.00
683.32	1377.00
683.51	1470.00
683.70	1385.00
683.90	1375.00
684.09	1374.00
684.28	1336.00
684.47	1395.00
684.66	1421.00
684.86	1379.00
685.05	1403.00
685.24	1390.00
685.43	1400.00
685.63	1352.00
685.82	1377.00
686.01	1396.00
686.20	1355.00
686.39	1382.00
686.59	1370.00
686.78	1486.00
686.97	1528.00
687.16	1440.00
687.35	1427.00
687.55	1405.00
687.74	1331.00
687.93	1382.00
688.12	1314.00
688.31	1316.00
688.51	1361.00
688.70	1282.00
688.89	1373.00
689.08	1443.00
689.27	1364.00
689.47	1329.00
689.66	1357.00
689.85	1349.00
690.04	1389.00
690.23	1464.00
690.42	1377.00
690.62	1413.00
690.81	1354.00
691.00	1365.00
691.19	1342.00
691.38	1386.00
691.58	1441.00
691.77	1381.00
691.96	1301.00
692.15	1301.00
692.34	1387.00
692.54	1375.00
692.73	1371.00
692.92	1424.00
693.11	1397.00
693.30	1348.00
693.49	1334.00
693.69	1336.00
693.88	1356.00
694.07	1381.00
694.26	1392.00
694.45	1351.00
694.64	1368.00
694.84	1324.00
695.03	1378.00
695.22	1382.00
695.41	1397.00
695.60	1304.00
695.80	1312.00
695.99	1309.00
696.18	1351.00
696.37	1316.00
696.56	1350.00
696.75	1344.00
696.95	1306.00
697.14	1341.00
697.33	1402.00
697.52	1365.00
697.71	1342.00
697.90	1345.00
698.09	1456.00
698.29	1393.00
698.48	1388.00
698.67	1433.00
698.86	1433.00
699.05	1388.00
699.24	1417.00
699.44	1450.00
699.63	1429.00
699.82	1386.00
700.01	1298.00
700.20	1284.00
700.39	1301.00
700.58	1364.00
700.78	1455.00
700.97	1449.00
701.16	1370.00
701.35	1363.00
701.54	1394.00
701.73	1351.00
701.93	1359.00
702.12	1399.00
702.31	1441.00
702.50	1439.00
702.69	1477.00
702.88	1469.00
703.07	1434.00
703.27	1508.00
703.46	1586.00
703.65	1545.00
703.84	1525.00
704.03	1529.00
704.22	1468.00
704.41	1509.00
704.60	1501.00
704.80	1538.00
704.99	1515.00
705.18	1420.00
705.37	1402.00
705.56	1488.00
705.75	1469.00
705.94	1529.00
706.14	1472.00
706.33	1495.00
706.52	1558.00
706.71	1506.00
706.90	1542.00
707.09	1666.00
707.28	1739.00
707.47	1661.00
707.67	1585.00
707.86	1589.00
708.05	1589.00
708.24	1677.00
708.43	1661.00
708.62	1752.00
708.81	1782.00
709.00	1682.00
709.20	1694.00
709.39	1717.00
709.58	1660.00
709.77	1607.00
709.96	1565.00
710.15	1603.00
710.34	1548.00
710.53	1602.00
710.72	1523.00
710.92	1598.00
711.11	1641.00
711.30	1624.00
711.49	1711.00
711.68	1683.00
711.87	1645.00
712.06	1694.00
712.25	1742.00
712.44	1804.00
712.64	1726.00
712.83	1713.00
713.02	1693.00
713.21	1697.00
713.40	1662.00
713.59	1649.00
713.78	1630.00
713.97	1649.00
714.16	1648.00
714.35	1665.00
714.55	1611.00
714.74	1651.00
714.93	1624.00
715.12	1742.00
715.31	1715.00
715.50	1661.00
715.69	1635.00
715.88	1712.00
716.07	1663.00
716.26	1661.00
716.45	1699.00
716.65	1585.00
716.84	1612.00
717.03	1645.00
717.22	1709.00
717.41	1737.00
717.60	1707.00
717.79	1684.00
717.98	1679.00
718.17	1651.00
718.36	1673.00
718.55	1735.00
718.75	1614.00
718.94	1675.00
719.13	1673.00
719.32	1739.00
719.51	1796.00
719.70	1713.00
719.89	1723.00
720.08	1729.00
720.27	1752.00
720.46	1840.00
720.65	1801.00
720.84	1688.00
721.03	1715.00
721.22	1736.00
721.42	1744.00
721.61	1711.00
721.80	1772.00
721.99	1765.00
722.18	1720.00
722.37	1668.00
722.56	1657.00
722.75	1682.00
722.94	1853.00
723.13	1724.00
723.32	1626.00
723.51	1701.00
723.70	1803.00
723.89	1784.00
724.08	1728.00
724.28	1729.00
724.47	1719.00
724.66	1709.00
724.85	1740.00
725.04	1804.00
725.23	1705.00
725.42	1727.00
725.61	1832.00
725.80	1764.00
725.99	1724.00
726.18	1789.00
726.37	1837.00
726.56	1800.00
726.75	1776.00
726.94	1766.00
727.13	1857.00
727.32	1847.00
727.51	1844.00
727.71	1718.00
727.90	1645.00
728.09	1762.00
728.28	1753.00
728.47	1736.00
728.66	1763.00
728.85	1725.00
729.04	1721.00
729.23	1715.00
729.42	1634.00
729.61	1699.00
729.80	1764.00
729.99	1661.00
730.18	1659.00
730.37	1595.00
730.56	1713.00
730.75	1768.00
730.94	1705.00
731.13	1743.00
731.32	1711.00
731.51	1683.00
731.70	1646.00
731.89	1569.00
732.08	1716.00
732.27	1758.00
732.46	1793.00
732.65	1667.00
732.84	1677.00
733.04	1754.00
733.23	1787.00
733.42	1780.00
733.61	1765.00
733.80	1752.00
733.99	1793.00
734.18	1745.00
734.37	1748.00
734.56	1701.00
734.75	1640.00
734.94	1681.00
735.13	1748.00
735.32	1722.00
735.51	1661.00
735.70	1624.00
735.89	1631.00
736.08	1598.00
736.27	1685.00
736.46	1668.00
736.65	1690.00
736.84	1669.00
737.03	1629.00
737.22	1657.00
737.41	1720.00
737.60	1725.00
737.79	1649.00
737.98	1621.00
738.17	1553.00
738.36	1642.00
738.55	1680.00
738.74	1716.00
738.93	1661.00
739.12	1617.00
739.31	1631.00
739.50	1638.00
739.69	1694.00
739.88	1644.00
740.07	1625.00
740.26	1639.00
740.45	1623.00
740.64	1575.00
740.83	1568.00
741.02	1572.00
741.21	1561.00
741.40	1545.00
741.59	1617.00
741.78	1510.00
741.97	1574.00
742.16	1541.00
742.35	1582.00
742.54	1545.00
742.73	1575.00
742.92	1477.00
743.11	1505.00
743.30	1495.00
743.49	1539.00
743.68	1495.00
743.87	1493.00
744.06	1531.00
744.25	1579.00
744.44	1551.00
744.63	1591.00
744.82	1526.00
745.01	1525.00
745.20	1539.00
745.39	1580.00
745.58	1527.00
745.77	1445.00
745.96	1469.00
746.15	1465.00
746.34	1544.00
746.52	1508.00
746.71	1449.00
746.90	1480.00
747.09	1461.00
747.28	1512.00
747.47	1492.00
747.66	1532.00
747.85	1528.00
748.04	1462.00
748.23	1440.00
748.42	1484.00
748.61	1540.00
748.80	1448.00
748.99	1433.00
749.18	1362.00
749.37	1396.00
749.56	1354.00
749.75	1418.00
749.94	1372.00
750.13	1327.00
750.32	1286.00
750.51	1393.00
750.70	1421.00
750.89	1406.00
751.08	1360.00
751.27	1277.00
751.46	1301.00
751.64	1316.00
751.83	1359.00
752.02	1328.00
752.21	1302.00
752.40	1344.00
752.59	1360.00
752.78	1362.00
752.97	1320.00
753.16	1273.00
753.35	1310.00
753.54	1356.00
753.73	1385.00
753.92	1400.00
754.11	1332.00
754.30	1331.00
754.49	1352.00
754.68	1375.00
754.87	1304.00
755.06	1348.00
755.24	1263.00
755.43	1288.00
755.62	1221.00
755.81	1260.00
756.00	1256.00
756.19	1355.00
756.38	1326.00
756.57	1269.00
756.76	1256.00
756.95	1276.00
757.14	1236.00
757.33	1167.00
757.52	1180.00
757.71	1300.00
757.90	1214.00
758.08	1234.00
758.27	1192.00
758.46	1176.00
758.65	1240.00
758.84	1293.00
759.03	1305.00
759.22	1264.00
759.41	1272.00
759.60	1276.00
759.79	1207.00
759.98	1255.00
760.17	1228.00
760.36	1218.00
760.54	1254.00
760.73	1287.00
760.92	1259.00
761.11	1126.00
761.30	1167.00
761.49	1123.00
761.68	1124.00
761.87	1132.00
762.06	1119.00
762.25	1166.00
762.44	1024.00
762.63	1078.00
762.81	1162.00
763.00	1079.00
763.19	1063.00
763.38	1080.00
763.57	1137.00
763.76	1095.00
763.95	1069.00
764.14	1067.00
764.33	1112.00
764.52	1025.00
764.71	1023.00
764.89	1077.00
765.08	1081.00
765.27	1032.00
765.46	1024.00
765.65	948.00
765.84	1038.00
766.03	1097.00
766.22	1050.00
766.41	1006.00
766.59	1052.00
766.78	1065.00
766.97	1060.00
767.16	1133.00
767.35	1049.00
767.54	1022.00
767.73	1124.00
767.92	1244.00
768.11	1107.00
768.30	1160.00
768.48	1215.00
768.67	1154.00
768.86	1158.00
769.05	1173.00
769.24	1138.00
769.43	1113.00
769.62	1093.00
769.81	1229.00
769.99	1170.00
770.18	1177.00
770.37	1190.00
770.56	1180.00
770.75	1085.00
770.94	1221.00
771.13	1238.00
771.32	1237.00
771.50	1248.00
771.69	1222.00
771.88	1247.00
772.07	1229.00
772.26	1221.00
772.45	1076.00
772.64	1075.00
772.83	1179.00
773.01	1258.00
773.20	1150.00
773.39	1104.00
773.58	1189.00
773.77	1160.00
773.96	1209.00
774.15	1175.00
774.34	1152.00
774.52	1149.00
774.71	1074.00
774.90	1108.00
775.09	1105.00
775.28	1066.00
775.47	1094.00
775.66	1149.00
775.84	1100.00
776.03	1132.00
776.22	1185.00
776.41	1115.00
776.60	1123.00
776.79	1146.00
776.98	1024.00
777.16	1074.00
777.35	1121.00
777.54	1167.00
777.73	1163.00
777.92	1098.00
778.11	1069.00
778.29	1132.00
778.48	1160.00
778.67	1056.00
778.86	1075.00
779.05	1100.00
779.24	1108.00
779.43	1144.00
779.61	1074.00
779.80	1110.00
779.99	1078.00
780.18	1106.00
780.37	1150.00
780.56	1087.00
780.74	1109.00
780.93	1199.00
781.12	1129.00
781.31	1113.00
781.50	1127.00
781.69	1161.00
781.87	1105.00
782.06	1103.00
782.25	1168.00
782.44	1113.00
782.63	1114.00
782.82	1125.00
783.00	1125.00
783.19	1172.00
783.38	1152.00
783.57	1147.00
783.76	1122.00
783.95	1146.00
784.13	1174.00
784.32	1192.00
784.51	1164.00
784.70	1127.00
784.89	1083.00
785.08	1159.00
785.26	1240.00
785.45	1206.00
785.64	1228.00
785.83	1258.00
786.02	1182.00
786.20	1104.00
786.39	1203.00
786.58	1234.00
786.77	1113.00
786.96	1075.00
787.15	1124.00
787.33	1114.00
787.52	1213.00
787.71	1136.00
787.90	1118.00
788.09	1230.00
788.27	1111.00
788.46	1138.00
788.65	1118.00
788.84	1195.00
789.03	1181.00
789.21	1139.00
789.40	1197.00
789.59	1235.00
789.78	1163.00
789.97	1182.00
790.15	1168.00
790.34	1176.00
790.53	1287.00
790.72	1228.00
790.91	1217.00
791.09	1184.00
791.28	1254.00
791.47	1167.00
791.66	1200.00
791.85	1164.00
792.03	1188.00
792.22	1169.00
792.41	1209.00
792.60	1196.00
792.79	1300.00
792.97	1264.00
793.16	1207.00
793.35	1139.00
793.54	1238.00
793.72	1206.00
793.91	1276.00
794.10	1203.00
794.29	1239.00
794.48	1263.00
794.66	1333.00
794.85	1264.00
795.04	1317.00
795.23	1239.00
795.42	1234.00
795.60	1262.00
795.79	1252.00
795.98	1214.00
796.17	1237.00
796.35	1243.00
796.54	1315.00
796.73	1312.00
796.92	1205.00
797.11	1121.00
797.29	1165.00
797.48	1171.00
797.67	1210.00
797.86	1209.00
798.04	1251.00
798.23	1185.00
798.42	1201.00
798.61	1123.00
798.79	1098.00
798.98	1179.00
799.17	1208.00
799.36	1222.00
799.54	1202.00
799.73	1203.00
799.92	1273.00
800.11	1240.00
800.30	1251.00
800.48	1297.00
800.67	1249.00
800.86	1245.00
801.05	1204.00
801.23	1228.00
801.42	1237.00
801.61	1204.00
801.80	1235.00
801.98	1266.00
802.17	1248.00
802.36	1179.00
802.55	1216.00
802.73	1226.00
802.92	1179.00
803.11	1258.00
803.30	1285.00
803.48	1276.00
803.67	1327.00
803.86	1317.00
804.05	1283.00
804.23	1206.00
804.42	1230.00
804.61	1328.00
804.80	1311.00
804.98	1306.00
805.17	1355.00
805.36	1243.00
805.54	1220.00
805.73	1236.00
805.92	1157.00
806.11	1209.00
806.29	1296.00
806.48	1258.00
806.67	1238.00
806.86	1306.00
807.04	1364.00
807.23	1274.00
807.42	1277.00
807.61	1271.00
807.79	1277.00
807.98	1270.00
808.17	1247.00
808.35	1253.00
808.54	1273.00
808.73	1255.00
808.92	1209.00
809.10	1292.00
809.29	1267.00
809.48	1160.00
809.67	1230.00
809.85	1267.00
810.04	1168.00
810.23	1121.00
810.41	1272.00
810.60	1249.00
810.79	1253.00
810.98	1294.00
811.16	1254.00
811.35	1204.00
811.54	1241.00
811.72	1275.00
811.91	1215.00
812.10	1205.00
812.29	1262.00
812.47	1212.00
812.66	1241.00
812.85	1252.00
813.03	1284.00
813.22	1283.00
813.41	1258.00
813.60	1253.00
813.78	1186.00
813.97	1256.00
814.16	1228.00
814.34	1255.00
814.53	1217.00
814.72	1295.00
814.90	1262.00
815.09	1234.00
815.28	1189.00
815.47	1219.00
815.65	1283.00
815.84	1271.00
816.03	1197.00
816.21	1132.00
816.40	1231.00
816.59	1187.00
816.77	1174.00
816.96	1238.00
817.15	1260.00
817.33	1162.00
817.52	1162.00
817.71	1217.00
817.90	1247.00
818.08	1142.00
818.27	1195.00
818.46	1223.00
818.64	1201.00
818.83	1209.00
819.02	1207.00
819.20	1257.00
819.39	1126.00
819.58	1207.00
819.76	1227.00
819.95	1228.00
820.14	1270.00
820.32	1291.00
820.51	1228.00
820.70	1236.00
820.88	1242.00
821.07	1195.00
821.26	1239.00
821.44	1296.00
821.63	1228.00
821.82	1209.00
822.01	1193.00
822.19	1220.00
822.38	1236.00
822.57	1242.00
822.75	1253.00
822.94	1176.00
823.13	1248.00
823.31	1222.00
823.50	1203.00
823.69	1228.00
823.87	1172.00
824.06	1198.00
824.25	1189.00
824.43	1158.00
824.62	1236.00
824.80	1262.00
824.99	1303.00
825.18	1231.00
825.36	1149.00
825.55	1134.00
825.74	1123.00
825.92	1130.00
826.11	1095.00
826.30	1104.00
826.48	1183.00
826.67	1165.00
826.86	1181.00
827.04	1132.00
827.23	1178.00
827.42	1193.00
827.60	1133.00
827.79	1140.00
827.98	1110.00
828.16	1083.00
828.35	1257.00
828.54	1194.00
828.72	1146.00
828.91	1153.00
829.09	1135.00
829.28	1189.00
829.47	1137.00
829.65	1133.00
829.84	1096.00
830.03	1059.00
830.21	1069.00
830.40	1103.00
830.59	1077.00
830.77	1154.00
830.96	1113.00
831.14	1147.00
831.33	1157.00
831.52	1162.00
831.70	1157.00
831.89	1214.00
832.08	1215.00
832.26	1046.00
832.45	1069.00
832.64	1092.00
832.82	1097.00
833.01	1106.00
833.19	1173.00
833.38	1103.00
833.57	1194.00
833.75	1192.00
833.94	1081.00
834.13	1076.00
834.31	1096.00
834.50	1063.00
834.68	1134.00
834.87	1195.00
835.06	1138.00
835.24	1082.00
835.43	1003.00
835.61	1053.00
835.80	1078.00
835.99	1141.00
836.17	1127.00
836.36	1111.00
836.55	1081.00
836.73	1023.00
836.92	1075.00
837.10	1133.00
837.29	1161.00
837.48	1104.00
837.66	1100.00
837.85	1143.00
838.03	1094.00
838.22	1110.00
838.41	1008.00
838.59	1032.00
838.78	1026.00
838.96	1091.00
839.15	1085.00
839.34	1084.00
839.52	1006.00
839.71	1103.00
839.89	1036.00
840.08	1060.00
840.27	1088.00
840.45	1089.00
840.64	1082.00
840.82	982.00
841.01	1076.00
841.20	1092.00
841.38	1032.00
841.57	997.00
841.75	1001.00
841.94	1080.00
842.13	1102.00
842.31	966.00
842.50	1049.00
842.68	1038.00
842.87	1024.00
843.05	929.00
843.24	1015.00
843.43	966.00
843.61	999.00
843.80	1008.00
843.98	992.00
844.17	942.00
844.36	977.00
844.54	993.00
844.73	1050.00
844.91	1090.00
845.10	1037.00
845.28	1030.00
845.47	1014.00
845.66	1017.00
845.84	1013.00
846.03	952.00
846.21	945.00
846.40	947.00
846.58	975.00
846.77	1000.00
846.96	958.00
847.14	1028.00
847.33	999.00
847.51	926.00
847.70	858.00
847.88	921.00
848.07	914.00
848.25	949.00
848.44	983.00
848.63	937.00
848.81	932.00
849.00	939.00
849.18	912.00
849.37	968.00
849.55	960.00
849.74	962.00
849.93	965.00
850.11	926.00
850.30	874.00
850.48	862.00
850.67	947.00
850.85	933.00
851.04	915.00
851.22	879.00
851.41	951.00
851.59	952.00
851.78	862.00
851.97	902.00
852.15	940.00
852.34	911.00
852.52	896.00
852.71	953.00
852.89	893.00
853.08	886.00
853.26	917.00
853.45	928.00
853.63	1003.00
853.82	890.00
854.01	859.00
854.19	830.00
854.38	912.00
854.56	947.00
854.75	1001.00
854.93	937.00
855.12	881.00
855.30	876.00
855.49	854.00
855.67	881.00
855.86	849.00
856.04	893.00
856.23	888.00
856.41	993.00
856.60	882.00
856.79	795.00
856.97	950.00
857.16	902.00
857.34	966.00
857.53	867.00
857.71	811.00
857.90	841.00
858.08	833.00
858.27	841.00
858.45	886.00
858.64	870.00
858.82	855.00
859.01	833.00
859.19	938.00
859.38	873.00
859.56	827.00
859.75	854.00
859.93	881.00
860.12	851.00
860.30	765.00
860.49	858.00
860.67	869.00
860.86	827.00
861.04	887.00
861.23	820.00
861.41	819.00
861.60	865.00
861.78	809.00
861.97	817.00
862.15	834.00
862.34	776.00
862.53	833.00
862.71	857.00
862.90	816.00
863.08	821.00
863.27	824.00
863.45	818.00
863.64	786.00
863.82	764.00
864.01	728.00
864.19	758.00
864.37	833.00
864.56	901.00
864.74	820.00
864.93	730.00
865.11	775.00
865.30	839.00
865.48	858.00
865.67	772.00
865.85	711.00
866.04	732.00
866.22	795.00
866.41	747.00
866.59	752.00
866.78	751.00
866.96	808.00
867.15	776.00
867.33	783.00
867.52	810.00
867.70	803.00
867.89	788.00
868.07	734.00
868.26	788.00
868.44	859.00
868.63	841.00
868.81	734.00
869.00	683.00
869.18	688.00
869.37	721.00
869.55	708.00
869.74	729.00
869.92	744.00
870.10	726.00
870.29	717.00
870.47	660.00
870.66	728.00
870.84	654.00
871.03	683.00
871.21	740.00
871.40	714.00
871.58	766.00
871.77	687.00
871.95	683.00
872.14	688.00
872.32	721.00
872.51	799.00
872.69	783.00
872.87	730.00
873.06	674.00
873.24	699.00
873.43	755.00
873.61	705.00
873.80	707.00
873.98	741.00
874.17	670.00
874.35	572.00
874.54	672.00
874.72	630.00
874.90	689.00
875.09	659.00
875.27	652.00
875.46	760.00
875.64	715.00
875.83	743.00
876.01	755.00
876.20	714.00
876.38	692.00
876.56	646.00
876.75	697.00
876.93	701.00
877.12	655.00
877.30	626.00
877.49	687.00
877.67	697.00
877.86	660.00
878.04	638.00
878.22	637.00
878.41	691.00
878.59	725.00
878.78	712.00
878.96	745.00
879.15	719.00
879.33	614.00
879.51	685.00
879.70	666.00
879.88	669.00
880.07	667.00
880.25	697.00
880.44	657.00
880.62	615.00
880.80	615.00
880.99	691.00
881.17	639.00
881.36	669.00
881.54	678.00
881.73	666.00
881.91	658.00
882.09	665.00
882.28	644.00
882.46	643.00
882.65	687.00
882.83	653.00
883.02	702.00
883.20	680.00
883.38	570.00
883.57	572.00
883.75	695.00
883.94	715.00
884.12	572.00
884.30	709.00
884.49	708.00
884.67	698.00
884.86	622.00
885.04	630.00
885.22	634.00
885.41	676.00
885.59	701.00
885.78	681.00
885.96	673.00
886.14	627.00
886.33	666.00
886.51	635.00
886.70	688.00
886.88	685.00
887.06	629.00
887.25	697.00
887.43	703.00
887.62	662.00
887.80	673.00
887.98	597.00
888.17	596.00
888.35	620.00
888.54	655.00
888.72	662.00
888.90	631.00
889.09	618.00
889.27	660.00
889.46	646.00
889.64	603.00
889.82	637.00
890.01	575.00
890.19	608.00
890.38	627.00
890.56	628.00
890.74	645.00
890.93	643.00
891.11	648.00
891.29	651.00
891.48	650.00
891.66	655.00
891.85	624.00
892.03	682.00
892.21	630.00
892.40	679.00
892.58	662.00
892.76	630.00
892.95	605.00
893.13	645.00
893.32	618.00
893.50	635.00
893.68	657.00
893.87	629.00
894.05	615.00
894.23	621.00
894.42	608.00
894.60	621.00
894.79	631.00
894.97	602.00
895.15	620.00
895.34	658.00
895.52	685.00
895.70	589.00
895.89	675.00
896.07	712.00
896.25	615.00
896.44	639.00
896.62	696.00
896.81	660.00
896.99	610.00
897.17	643.00
897.36	600.00
897.54	602.00
897.72	620.00
897.91	607.00
898.09	700.00
898.27	682.00
898.46	623.00
898.64	650.00
898.82	590.00
899.01	582.00
899.19	649.00
899.37	665.00
899.56	629.00
899.74	621.00
899.92	633.00
900.11	741.00
900.29	710.00
900.47	720.00
900.66	700.00
900.84	743.00
901.03	685.00
901.21	619.00
901.39	628.00
901.58	672.00
901.76	671.00
901.94	657.00
902.13	598.00
902.31	642.00
902.49	650.00
902.68	690.00
902.86	732.00
903.04	749.00
903.23	699.00
903.41	607.00
903.59	611.00
903.78	690.00
903.96	770.00
904.14	726.00
904.32	679.00
904.51	713.00
904.69	693.00
904.87	693.00
905.06	737.00
905.24	715.00
905.42	761.00
905.61	693.00
905.79	660.00
905.97	695.00
906.16	682.00
906.34	727.00
906.52	665.00
906.71	608.00
906.89	694.00
907.07	693.00
907.26	729.00
907.44	705.00
907.62	690.00
907.81	643.00
907.99	687.00
908.17	767.00
908.35	715.00
908.54	637.00
908.72	665.00
908.90	682.00
909.09	712.00
909.27	754.00
909.45	714.00
909.64	712.00
909.82	815.00
910.00	802.00
910.18	735.00
910.37	707.00
910.55	706.00
910.73	662.00
910.92	669.00
911.10	688.00
911.28	741.00
911.47	739.00
911.65	739.00
911.83	724.00
912.01	662.00
912.20	689.00
912.38	662.00
912.56	672.00
912.75	664.00
912.93	741.00
913.11	725.00
913.29	727.00
913.48	712.00
913.66	620.00
913.84	597.00
914.03	696.00
914.21	699.00
914.39	718.00
914.57	696.00
914.76	617.00
914.94	674.00
915.12	690.00
915.31	743.00
915.49	680.00
915.67	655.00
915.85	699.00
916.04	721.00
916.22	722.00
916.40	674.00
916.58	678.00
916.77	699.00
916.95	673.00
917.13	675.00
917.32	653.00
917.50	631.00
917.68	625.00
917.86	660.00
918.05	672.00
918.23	699.00
918.41	625.00
918.59	524.00
918.78	570.00
918.96	648.00
919.14	662.00
919.32	570.00
919.51	602.00
919.69	609.00
919.87	622.00
920.05	623.00
920.24	625.00
920.42	705.00
920.60	713.00
920.78	713.00
920.97	707.00
921.15	667.00
921.33	644.00
921.52	658.00
921.70	696.00
921.88	599.00
922.06	607.00
922.24	588.00
922.43	615.00
922.61	664.00
922.79	665.00
922.97	719.00
923.16	638.00
923.34	592.00
923.52	554.00
923.70	575.00
923.89	608.00
924.07	603.00
924.25	564.00
924.43	541.00
924.62	582.00
924.80	574.00
924.98	522.00
925.16	526.00
925.35	603.00
925.53	617.00
925.71	597.00
925.89	589.00
926.08	665.00
926.26	632.00
926.44	554.00
926.62	593.00
926.80	615.00
926.99	516.00
927.17	458.00
927.35	537.00
927.53	581.00
927.72	659.00
927.90	600.00
928.08	629.00
928.26	595.00
928.44	619.00
928.63	645.00
928.81	614.00
928.99	559.00
929.17	540.00
929.36	523.00
929.54	539.00
929.72	615.00
929.90	618.00
930.08	656.00
930.27	613.00
930.45	581.00
930.63	558.00
930.81	627.00
930.99	634.00
931.18	655.00
931.36	616.00
931.54	565.00
931.72	533.00
931.90	519.00
932.09	524.00
932.27	542.00
932.45	533.00
932.63	556.00
932.81	571.00
933.00	530.00
933.18	509.00
933.36	479.00
933.54	458.00
933.72	503.00
933.91	449.00
934.09	463.00
934.27	514.00
934.45	471.00
934.63	462.00
934.82	464.00
935.00	465.00
935.18	523.00
935.36	525.00
935.54	481.00
935.73	540.00
935.91	517.00
936.09	497.00
936.27	489.00
936.45	456.00
936.64	376.00
936.82	391.00
937.00	393.00
937.18	449.00
937.36	510.00
937.54	360.00
937.73	378.00
937.91	380.00
938.09	407.00
938.27	385.00
938.45	322.00
938.63	363.00
938.82	370.00
939.00	332.00
939.18	335.00
939.36	327.00
939.54	358.00
939.73	329.00
939.91	368.00
940.09	410.00
940.27	359.00
940.45	327.00
940.63	377.00
940.82	314.00
941.00	367.00
941.18	381.00
941.36	295.00
941.54	257.00
941.72	307.00
941.91	314.00
942.09	291.00
942.27	215.00
942.45	246.00
942.63	328.00
942.81	329.00
942.99	298.00
943.18	244.00
943.36	271.00
943.54	318.00
943.72	290.00
943.90	271.00
944.08	216.00
944.27	220.00
944.45	335.00
944.63	289.00
944.81	265.00
944.99	286.00
945.17	216.00
945.35	245.00
945.54	308.00
945.72	254.00
945.90	297.00
946.08	324.00
946.26	276.00
946.44	272.00
946.62	347.00
946.81	304.00
946.99	244.00
947.17	284.00
947.35	288.00
947.53	316.00
947.71	334.00
947.89	258.00
948.07	262.00
948.26	278.00
948.44	304.00
948.62	257.00
948.80	275.00
948.98	279.00
949.16	329.00
949.34	356.00
949.53	306.00
949.71	294.00
949.89	232.00
950.07	320.00
950.25	330.00
950.43	299.00
950.61	313.00
950.79	272.00
950.98	368.00
951.16	303.00
951.34	252.00
951.52	240.00
951.70	262.00
951.88	186.00
952.06	222.00
952.24	268.00
952.42	250.00
952.61	259.00
952.79	247.00
952.97	231.00
953.15	272.00
953.33	307.00
953.51	237.00
953.69	263.00
953.87	280.00
954.05	262.00
954.24	272.00
954.42	239.00
954.60	241.00
954.78	246.00
954.96	297.00
955.14	280.00
955.32	268.00
955.50	280.00
955.68	237.00
955.86	246.00
956.05	270.00
956.23	266.00
956.41	236.00
956.59	287.00
956.77	273.00
956.95	231.00
957.13	255.00
957.31	258.00
957.49	282.00
957.67	275.00
957.86	219.00
958.04	187.00
958.22	275.00
958.40	267.00
958.58	239.00
958.76	298.00
958.94	308.00
959.12	303.00
959.30	242.00
959.48	237.00
959.66	215.00
959.84	246.00
960.03	322.00
960.21	281.00
960.39	334.00
960.57	337.00
960.75	253.00
960.93	229.00
961.11	298.00
961.29	325.00
961.47	301.00
961.65	252.00
961.83	191.00
962.01	249.00
962.19	204.00
962.37	160.00
962.56	234.00
962.74	211.00
962.92	297.00
963.10	330.00
963.28	248.00
963.46	259.00
963.64	330.00
963.82	244.00
964.00	263.00
964.18	346.00
964.36	256.00
964.54	235.00
964.72	232.00
964.90	293.00
965.08	289.00
965.27	264.00
965.45	294.00
965.63	290.00
965.81	238.00
965.99	202.00
966.17	272.00
966.35	243.00
966.53	205.00
966.71	259.00
966.89	317.00
967.07	268.00
967.25	225.00
967.43	272.00
967.61	248.00
967.79	276.00
967.97	238.00
968.15	184.00
968.33	240.00
968.51	254.00
968.69	202.00
968.87	213.00
969.06	184.00
969.24	240.00
969.42	197.00
969.60	173.00
969.78	258.00
969.96	268.00
970.14	230.00
970.32	269.00
970.50	265.00
970.68	311.00
970.86	290.00
971.04	229.00
971.22	216.00
971.40	195.00
971.58	232.00
971.76	245.00
971.94	298.00
972.12	288.00
972.30	280.00
972.48	248.00
972.66	334.00
972.84	283.00
973.02	214.00
973.20	218.00
973.38	262.00
973.56	279.00
973.74	294.00
973.92	293.00
974.10	225.00
974.28	175.00
974.46	277.00
974.64	239.00
974.82	155.00
975.00	162.00
975.18	285.00
975.36	249.00
975.54	189.00
975.72	175.00
975.90	197.00
976.08	192.00
976.26	183.00
976.44	190.00
976.62	290.00
976.80	237.00
976.98	190.00
977.16	204.00
977.34	299.00
977.52	257.00
977.70	212.00
977.88	217.00
978.06	226.00
978.24	281.00
978.42	220.00
978.60	198.00
978.78	164.00
978.96	193.00
979.14	198.00
979.32	208.00
979.50	285.00
979.68	244.00
979.86	216.00
980.04	147.00
980.22	168.00
980.40	247.00
980.58	242.00
980.76	236.00
980.94	188.00
981.12	150.00
981.30	226.00
981.48	171.00
981.66	172.00
981.84	166.00
982.02	187.00
982.20	193.00
982.38	165.00
982.56	240.00
982.74	273.00
982.92	185.00
983.10	192.00
983.28	128.00
983.46	130.00
983.64	178.00
983.82	180.00
984.00	270.00
984.18	216.00
984.36	175.00
984.54	175.00
984.72	176.00
984.90	203.00
985.08	192.00
985.26	158.00
985.44	179.00
985.62	182.00
985.80	180.00
985.98	184.00
986.16	199.00
986.34	215.00
986.51	231.00
986.69	168.00
986.87	96.00
987.05	232.00
987.23	195.00
987.41	221.00
987.59	174.00
987.77	116.00
987.95	172.00
988.13	186.00
988.31	229.00
988.49	217.00
988.67	192.00
988.85	168.00
989.03	247.00
989.21	250.00
989.39	230.00
989.57	178.00
989.75	90.00
989.93	107.00
990.11	177.00
990.28	179.00
990.46	179.00
990.64	215.00
990.82	255.00
991.00	183.00
991.18	167.00
991.36	161.00
991.54	154.00
991.72	171.00
991.90	223.00
992.08	280.00
992.26	181.00
992.44	151.00
992.62	138.00
992.80	117.00
992.98	210.00
993.15	170.00
993.33	190.00
993.51	249.00
993.69	240.00
993.87	135.00
994.05	139.00
994.23	219.00
994.41	180.00
994.59	162.00
994.77	200.00
994.95	208.00
995.13	140.00
995.31	140.00
995.48	159.00
995.66	144.00
995.84	128.00
996.02	106.00
996.20	204.00
996.38	166.00
996.56	118.00
996.74	88.00
996.92	125.00
997.10	204.00
997.28	233.00
997.46	163.00
997.63	106.00
997.81	163.00
997.99	192.00
998.17	153.00
998.35	135.00
998.53	197.00
998.71	147.00
998.89	132.00
999.07	182.00
999.25	136.00
999.43	147.00
999.60	176.00
999.78	144.00
999.96	137.00
1000.14	168.00
1000.32	130.00
1000.50	180.00
1000.68	168.00
1000.86	141.00
1001.04	134.00
1001.21	85.00
1001.39	188.00
1001.57	130.00
1001.75	136.00
1001.93	109.00
1002.11	121.00
1002.29	134.00
1002.47	123.00
1002.65	148.00
1002.82	155.00
1003.00	203.00
1003.18	93.00
1003.36	31.00
1003.54	150.00
1003.72	176.00
1003.90	126.00
1004.08	120.00
1004.26	86.00
1004.43	99.00
1004.61	128.00
1004.79	179.00
1004.97	86.00
1005.15	211.00
1005.33	155.00
1005.51	160.00
1005.69	143.00
1005.86	135.00
1006.04	89.00
1006.22	190.00
1006.40	136.00
1006.58	191.00
1006.76	159.00
1006.94	138.00
1007.12	155.00
1007.29	72.00
1007.47	129.00
1007.65	175.00
1007.83	145.00
1008.01	94.00
1008.19	134.00
1008.37	189.00
1008.54	236.00
1008.72	229.00
1008.90	153.00
1009.08	107.00
1009.26	118.00
1009.44	142.00
1009.62	84.00
1009.79	78.00
1009.97	97.00
1010.15	169.00
1010.33	189.00
1010.51	114.00
1010.69	169.00
1010.87	158.00
1011.04	162.00
1011.22	219.00
1011.40	253.00
1011.58	188.00
1011.76	149.00
1011.94	153.00
1012.11	151.00
1012.29	146.00
1012.47	142.00
1012.65	165.00
1012.83	168.00
1013.01	149.00
1013.18	165.00
1013.36	175.00
1013.54	183.00
1013.72	220.00
1013.90	127.00
1014.08	101.00
1014.25	129.00
1014.43	83.00
1014.61	84.00
1014.79	111.00
1014.97	168.00
1015.15	138.00
1015.32	167.00
1015.50	162.00
1015.68	84.00
1015.86	84.00
1016.04	127.00
1016.22	149.00
1016.39	127.00
1016.57	112.00
1016.75	62.00
1016.93	83.00
1017.11	112.00
1017.29	119.00
1017.46	120.00
1017.64	77.00
1017.82	52.00
1018.00	98.00
1018.18	129.00
1018.35	168.00
1018.53	117.00
1018.71	104.00
1018.89	201.00
1019.07	210.00
1019.24	146.00
1019.42	138.00
1019.60	142.00
1019.78	107.00
1019.96	171.00
1020.14	103.00
1020.31	99.00
1020.49	85.00
1020.67	81.00
1020.85	70.00
1021.03	68.00
1021.20	139.00
1021.38	117.00
1021.56	77.00
1021.74	67.00
1021.92	98.00
1022.09	162.00
1022.27	120.00
1022.45	199.00
1022.63	95.00
1022.81	53.00
1022.98	91.00
1023.16	114.00
1023.34	147.00
1023.52	172.00
1023.69	75.00
1023.87	161.00
1024.05	187.00
1024.23	104.00
1024.41	150.00
1024.58	130.00
1024.76	127.00
1024.94	171.00
1025.12	182.00
1025.30	133.00
1025.47	171.00
1025.65	146.00
1025.83	157.00
1026.01	145.00
1026.18	123.00
1026.36	91.00
1026.54	79.00
1026.72	113.00
1026.90	116.00
1027.07	109.00
1027.25	94.00
1027.43	77.00
1027.61	37.00
1027.78	58.00
1027.96	157.00
1028.14	83.00
1028.32	103.00
1028.49	153.00
1028.67	35.00
1028.85	105.00
1029.03	184.00
1029.21	138.00
1029.38	128.00
1029.56	156.00
1029.74	100.00
1029.92	42.00
1030.09	47.00
1030.27	70.00
1030.45	158.00
1030.63	136.00
1030.80	99.00
1030.98	92.00
1031.16	91.00
1031.34	53.00
1031.51	104.00
1031.69	108.00
1031.87	116.00
1032.05	70.00
1032.22	73.00
1032.40	82.00
1032.58	88.00
1032.76	104.00
1032.93	93.00
1033.11	73.00
1033.29	109.00
1033.47	112.00
1033.64	74.00
1033.82	118.00
1034.00	121.00
1034.18	118.00
1034.35	136.00
1034.53	113.00
1034.71	129.00
1034.89	122.00
1035.06	117.00
1035.24	94.00
1035.42	112.00
1035.59	107.00
1035.77	81.00
1035.95	110.00
1036.13	117.00
1036.30	74.00
1036.48	86.00
1036.66	71.00
1036.84	129.00
1037.01	113.00
1037.19	55.00
1037.37	99.00
1037.54	55.00
1037.72	67.00
1037.90	91.00
1038.08	120.00
1038.25	114.00
1038.43	76.00
1038.61	119.00
1038.79	98.00
1038.96	176.00
1039.14	131.00
1039.32	122.00
1039.49	88.00
1039.67	83.00
1039.85	94.00
1040.03	118.00
1040.20	73.00
1040.38	84.00
1040.56	80.00
1040.73	113.00
1040.91	107.00
1041.09	26.00
1041.27	62.00
1041.44	102.00
1041.62	114.00
1041.80	168.00
1041.97	83.00
1042.15	57.00
1042.33	51.00
1042.50	51.00
1042.68	72.00
1042.86	60.00
1043.04	92.00
1043.21	84.00
1043.39	84.00
1043.57	88.00
1043.74	84.00
1043.92	86.00
1044.10	64.00
1044.27	34.00
1044.45	70.00
1044.63	92.00
1044.80	67.00
1044.98	110.00
1045.16	95.00
1045.34	109.00
1045.51	28.00
1045.69	74.00
1045.87	57.00
1046.04	73.00
1046.22	39.00
1046.40	72.00
1046.57	127.00
1046.75	127.00
1046.93	143.00
1047.10	116.00
1047.28	144.00
1047.46	128.00
1047.63	60.00
1047.81	118.00
1047.99	108.00
1048.16	114.00
1048.34	136.00
1048.52	100.00
1048.69	91.00
1048.87	160.00
1049.05	75.00
1049.22	98.00
1049.40	26.00
1049.58	21.00
1049.75	24.00
1049.93	77.00
1050.11	73.00
1050.28	49.00
1050.46	18.00
1050.64	104.00
1050.81	111.00
1050.99	99.00
1051.17	145.00
1051.34	95.00
1051.52	140.00
1051.70	122.00
1051.87	52.00
1052.05	34.00
1052.23	66.00
1052.40	80.00
1052.58	97.00
1052.76	136.00
1052.93	153.00
1053.11	129.00
1053.29	118.00
1053.46	54.00
1053.64	102.00
1053.82	147.00
1053.99	98.00
1054.17	113.00
1054.35	151.00
1054.52	93.00
1054.70	138.00
1054.87	149.00
1055.05	105.00
1055.23	100.00
1055.40	67.00
1055.58	65.00
1055.76	21.00
1055.93	98.00
1056.11	144.00
1056.29	96.00
1056.46	103.00
1056.64	78.00
1056.81	85.00
1056.99	96.00
1057.17	66.00
1057.34	35.00
1057.52	19.00
1057.70	43.00
1057.87	132.00
1058.05	139.00
1058.22	88.00
1058.40	177.00
1058.58	87.00
1058.75	46.00
1058.93	74.00
1059.11	82.00
1059.28	130.00
1059.46	138.00
1059.63	53.00
1059.81	37.00
1059.99	83.00
1060.16	39.00
1060.34	29.00
1060.52	62.00
1060.69	91.00
1060.87	47.00
1061.04	56.00
1061.22	38.00
