367.62	341.00
367.82	340.00
368.02	361.00
368.23	356.00
368.43	346.00
368.63	413.00
368.83	388.00
369.04	359.00
369.24	318.00
369.44	363.00
369.65	446.00
369.85	404.00
370.05	357.00
370.25	399.00
370.46	373.00
370.66	351.00
370.86	354.00
371.07	434.00
371.27	454.00
371.47	399.00
371.67	382.00
371.88	405.00
372.08	469.00
372.28	489.00
372.49	575.00
372.69	493.00
372.89	458.00
373.09	382.00
373.30	496.00
373.50	547.00
373.70	523.00
373.91	515.00
374.11	533.00
374.31	578.00
374.51	622.00
374.72	605.00
374.92	575.00
375.12	552.00
375.33	631.00
375.53	665.00
375.73	613.00
375.93	639.00
376.14	596.00
376.34	687.00
376.54	722.00
376.74	707.00
376.95	722.00
377.15	790.00
377.35	745.00
377.55	695.00
377.76	693.00
377.96	747.00
378.16	755.00
378.37	787.00
378.57	736.00
378.77	811.00
378.97	773.00
379.18	862.00
379.38	831.00
379.58	782.00
379.78	872.00
379.99	946.00
380.19	875.00
380.39	918.00
380.59	795.00
380.80	844.00
381.00	885.00
381.20	909.00
381.40	909.00
381.61	920.00
381.81	932.00
382.01	961.00
382.21	913.00
382.42	860.00
382.62	884.00
382.82	952.00
383.02	917.00
383.23	944.00
383.43	954.00
383.63	866.00
383.83	852.00
384.04	937.00
384.24	858.00
384.44	833.00
384.64	887.00
384.85	914.00
385.05	969.00
385.25	877.00
385.45	833.00
385.66	882.00
385.86	963.00
386.06	871.00
386.26	955.00
386.47	958.00
386.67	911.00
386.87	964.00
387.07	969.00
387.27	915.00
387.48	883.00
387.68	952.00
387.88	922.00
388.08	955.00
388.29	908.00
388.49	999.00
388.69	936.00
388.89	1053.00
389.10	1142.00
389.30	1068.00
389.50	1016.00
389.70	1022.00
389.90	1011.00
390.11	1103.00
390.31	1062.00
390.51	1106.00
390.71	1141.00
390.92	1131.00
391.12	1090.00
391.32	1147.00
391.52	1081.00
391.72	1148.00
391.93	1187.00
392.13	1097.00
392.33	1187.00
392.53	1270.00
392.74	1276.00
392.94	1227.00
393.14	1247.00
393.34	1257.00
393.54	1341.00
393.75	1276.00
393.95	1345.00
394.15	1416.00
394.35	1391.00
394.56	1523.00
394.76	1548.00
394.96	1565.00
395.16	1536.00
395.36	1549.00
395.57	1636.00
395.77	1662.00
395.97	1606.00
396.17	1682.00
396.37	1712.00
396.58	1702.00
396.78	1791.00
396.98	1899.00
397.18	1929.00
397.38	1856.00
397.59	1875.00
397.79	1897.00
397.99	2012.00
398.19	1967.00
398.39	1964.00
398.60	2049.00
398.80	2099.00
399.00	2122.00
399.20	2180.00
399.40	2154.00
399.61	2245.00
399.81	2273.00
400.01	2347.00
400.21	2322.00
400.41	2375.00
400.62	2330.00
400.82	2394.00
401.02	2520.00
401.22	2551.00
401.42	2619.00
401.63	2681.00
401.83	2607.00
402.03	2690.00
402.23	2724.00
402.43	2820.00
402.64	2902.00
402.84	2797.00
403.04	2875.00
403.24	2914.00
403.44	2946.00
403.64	3021.00
403.85	3049.00
404.05	3063.00
404.25	3021.00
404.45	3049.00
404.65	3045.00
404.86	3158.00
405.06	3093.00
405.26	3128.00
405.46	3153.00
405.66	3169.00
405.86	3101.00
406.07	3211.00
406.27	3166.00
406.47	3159.00
406.67	3133.00
406.87	3081.00
407.07	3332.00
407.28	3313.00
407.48	3197.00
407.68	3196.00
407.88	3387.00
408.08	3440.00
408.28	3425.00
408.49	3357.00
408.69	3346.00
408.89	3302.00
409.09	3368.00
409.29	3359.00
409.49	3248.00
409.70	3287.00
409.90	3327.00
410.10	3488.00
410.30	3503.00
410.50	3438.00
410.70	3325.00
410.91	3432.00
411.11	3452.00
411.31	3457.00
411.51	3431.00
411.71	3502.00
411.91	3436.00
412.12	3572.00
412.32	3550.00
412.52	3563.00
412.72	3581.00
412.92	3552.00
413.12	3622.00
413.32	3585.00
413.53	3719.00
413.73	3663.00
413.93	3662.00
414.13	3701.00
414.33	3710.00
414.53	3664.00
414.74	3792.00
414.94	3913.00
415.14	3885.00
415.34	3997.00
415.54	3974.00
415.74	3888.00
415.94	3941.00
416.15	4098.00
416.35	4089.00
416.55	4107.00
416.75	4112.00
416.95	4135.00
417.15	4165.00
417.35	4166.00
417.56	4285.00
417.76	4310.00
417.96	4397.00
418.16	4485.00
418.36	4489.00
418.56	4534.00
418.76	4651.00
418.97	4602.00
419.17	4685.00
419.37	4693.00
419.57	4697.00
419.77	4881.00
419.97	4845.00
420.17	4889.00
420.37	4980.00
420.58	5076.00
420.78	5017.00
420.98	5000.00
421.18	5126.00
421.38	5238.00
421.58	5428.00
421.78	5366.00
421.98	5574.00
422.19	5577.00
422.39	5573.00
422.59	5722.00
422.79	5721.00
422.99	5747.00
423.19	5856.00
423.39	5989.00
423.59	6031.00
423.80	6158.00
424.00	6213.00
424.20	6168.00
424.40	6308.00
424.60	6408.00
424.80	6369.00
425.00	6471.00
425.20	6620.00
425.40	6704.00
425.61	6742.00
425.81	6787.00
426.01	6804.00
426.21	7044.00
426.41	7008.00
426.61	6983.00
426.81	7035.00
427.01	7152.00
427.21	7240.00
427.42	7272.00
427.62	7342.00
427.82	7424.00
428.02	7438.00
428.22	7470.00
428.42	7518.00
428.62	7731.00
428.82	7786.00
429.02	7873.00
429.23	7865.00
429.43	7859.00
429.63	7868.00
429.83	8095.00
430.03	8037.00
430.23	8075.00
430.43	8140.00
430.63	8142.00
430.83	8135.00
431.03	8159.00
431.24	8093.00
431.44	8128.00
431.64	8095.00
431.84	8117.00
432.04	8182.00
432.24	8048.00
432.44	8114.00
432.64	8208.00
432.84	8250.00
433.04	8123.00
433.24	8200.00
433.45	8253.00
433.65	8218.00
433.85	8085.00
434.05	8157.00
434.25	8156.00
434.45	8050.00
434.65	8007.00
434.85	8001.00
435.05	8009.00
435.25	7964.00
435.45	8109.00
435.65	8133.00
435.86	8033.00
436.06	8116.00
436.26	8152.00
436.46	8022.00
436.66	8015.00
436.86	8071.00
437.06	7950.00
437.26	7914.00
437.46	7921.00
437.66	7908.00
437.86	7885.00
438.06	7761.00
438.26	7775.00
438.47	7734.00
438.67	7754.00
438.87	7779.00
439.07	7716.00
439.27	7795.00
439.47	7823.00
439.67	7883.00
439.87	7838.00
440.07	7822.00
440.27	7809.00
440.47	7809.00
440.67	7985.00
440.87	7875.00
441.07	7803.00
441.27	7747.00
441.48	7860.00
441.68	7887.00
441.88	7902.00
442.08	7942.00
442.28	7821.00
442.48	7860.00
442.68	7827.00
442.88	7857.00
443.08	7869.00
443.28	8066.00
443.48	8118.00
443.68	8059.00
443.88	8126.00
444.08	8125.00
444.28	8191.00
444.48	8207.00
444.68	8268.00
444.88	8337.00
445.09	8269.00
445.29	8266.00
445.49	8380.00
445.69	8428.00
445.89	8455.00
446.09	8566.00
446.29	8645.00
446.49	8678.00
446.69	8678.00
446.89	8722.00
447.09	8697.00
447.29	8924.00
447.49	8825.00
447.69	8867.00
447.89	8947.00
448.09	9094.00
448.29	9160.00
448.49	9171.00
448.69	9412.00
448.89	9519.00
449.09	9423.00
449.29	9506.00
449.49	9512.00
449.70	9706.00
449.90	9667.00
450.10	9811.00
450.30	9869.00
450.50	9966.00
450.70	9899.00
450.90	10073.00
451.10	10316.00
451.30	10279.00
451.50	10207.00
451.70	10426.00
451.90	10499.00
452.10	10656.00
452.30	10679.00
452.50	10771.00
452.70	10983.00
452.90	11106.00
453.10	11290.00
453.30	11415.00
453.50	11466.00
453.70	11450.00
453.90	11509.00
454.10	11819.00
454.30	11985.00
454.50	12081.00
454.70	12001.00
454.90	12185.00
455.10	12188.00
455.30	12388.00
455.50	12522.00
455.70	12618.00
455.90	12704.00
456.10	12778.00
456.30	12918.00
456.50	13101.00
456.70	13033.00
456.90	13160.00
457.10	13281.00
457.30	13375.00
457.50	13625.00
457.70	13866.00
457.90	13596.00
458.10	13648.00
458.30	13784.00
458.50	13715.00
458.70	13863.00
458.90	13902.00
459.10	14120.00
459.30	14428.00
459.50	14561.00
459.70	14341.00
459.90	14529.00
460.10	14634.00
460.30	14660.00
460.50	14728.00
460.70	14628.00
460.90	14587.00
461.10	14745.00
461.30	14770.00
461.50	14782.00
461.70	14788.00
461.90	14953.00
462.10	14917.00
462.30	14975.00
462.50	15029.00
462.70	14890.00
462.90	14855.00
463.10	15047.00
463.30	14962.00
463.50	14945.00
463.70	15091.00
463.90	14977.00
464.10	15143.00
464.30	15249.00
464.50	15085.00
464.70	14995.00
464.90	15201.00
465.10	15098.00
465.30	15145.00
465.50	15041.00
465.70	14954.00
465.90	14763.00
466.10	14935.00
466.30	14921.00
466.50	14801.00
466.70	14765.00
466.90	14824.00
467.10	14727.00
467.30	14502.00
467.50	14600.00
467.70	14624.00
467.90	14644.00
468.10	14352.00
468.30	14667.00
468.50	14602.00
468.70	14532.00
468.90	14480.00
469.10	14324.00
469.30	14344.00
469.50	14417.00
469.70	14354.00
469.90	14428.00
470.10	14288.00
470.30	14442.00
470.50	14348.00
470.70	14345.00
470.90	14248.00
471.10	14178.00
471.29	14233.00
471.49	14144.00
471.69	14257.00
471.89	14240.00
472.09	14175.00
472.29	14202.00
472.49	14296.00
472.69	14387.00
472.89	14270.00
473.09	14380.00
473.29	14283.00
473.49	14266.00
473.69	14180.00
473.89	14197.00
474.09	14158.00
474.29	14152.00
474.49	14161.00
474.69	14120.00
474.89	14248.00
475.09	14269.00
475.29	14138.00
475.49	14218.00
475.69	14086.00
475.88	14224.00
476.08	14371.00
476.28	14271.00
476.48	14449.00
476.68	14391.00
476.88	14432.00
477.08	14476.00
477.28	14336.00
477.48	14468.00
477.68	14488.00
477.88	14648.00
478.08	14580.00
478.28	14620.00
478.48	14736.00
478.68	14712.00
478.88	14668.00
479.08	14774.00
479.28	14960.00
479.47	14926.00
479.67	15106.00
479.87	15274.00
480.07	15245.00
480.27	15230.00
480.47	15403.00
480.67	15247.00
480.87	15337.00
481.07	15436.00
481.27	15591.00
481.47	15625.00
481.67	15829.00
481.87	15864.00
482.07	16028.00
482.27	15872.00
482.46	16024.00
482.66	16380.00
482.86	16348.00
483.06	16520.00
483.26	16676.00
483.46	16702.00
483.66	16776.00
483.86	16858.00
484.06	17016.00
484.26	17286.00
484.46	17245.00
484.66	17176.00
484.86	17313.00
485.05	17422.00
485.25	17633.00
485.45	17671.00
485.65	17910.00
485.85	18076.00
486.05	18061.00
486.25	18387.00
486.45	18685.00
486.65	18601.00
486.85	18764.00
487.05	18784.00
487.25	18936.00
487.44	19196.00
487.64	19380.00
487.84	19514.00
488.04	19584.00
488.24	19654.00
488.44	19866.00
488.64	19946.00
488.84	20089.00
489.04	20224.00
489.24	20533.00
489.43	20883.00
489.63	20989.00
489.83	20870.00
490.03	21076.00
490.23	21529.00
490.43	21474.00
490.63	21443.00
490.83	21757.00
491.03	21940.00
491.23	22163.00
491.42	22203.00
491.62	22343.00
491.82	22372.00
492.02	22432.00
492.22	22462.00
492.42	22648.00
492.62	22898.00
492.82	23108.00
493.02	23390.00
493.22	23631.00
493.41	23770.00
493.61	23833.00
493.81	23808.00
494.01	23791.00
494.21	24071.00
494.41	24321.00
494.61	24420.00
494.81	24548.00
495.01	24625.00
495.20	24862.00
495.40	24990.00
495.60	25054.00
495.80	24968.00
496.00	25103.00
496.20	25257.00
496.40	25369.00
496.60	25465.00
496.79	25464.00
496.99	25526.00
497.19	25674.00
497.39	25822.00
497.59	25805.00
497.79	25814.00
497.99	25995.00
498.19	25905.00
498.38	25881.00
498.58	26052.00
498.78	25979.00
498.98	26267.00
499.18	26127.00
499.38	26250.00
499.58	26266.00
499.78	26278.00
499.97	26509.00
500.17	26442.00
500.37	26201.00
500.57	26033.00
500.77	26167.00
500.97	26578.00
501.17	26535.00
501.37	26569.00
501.56	26499.00
501.76	26502.00
501.96	26365.00
502.16	26248.00
502.36	25897.00
502.56	26074.00
502.76	26099.00
502.95	25921.00
503.15	25886.00
503.35	25966.00
503.55	26017.00
503.75	25943.00
503.95	25699.00
504.15	25781.00
504.34	25673.00
504.54	25872.00
504.74	25875.00
504.94	25810.00
505.14	25745.00
505.34	25411.00
505.54	25394.00
505.73	25386.00
505.93	25153.00
506.13	25219.00
506.33	25520.00
506.53	25499.00
506.73	25389.00
506.92	25489.00
507.12	25259.00
507.32	25258.00
507.52	25136.00
507.72	24937.00
507.92	24958.00
508.12	25077.00
508.31	25021.00
508.51	24770.00
508.71	24712.00
508.91	24677.00
509.11	24690.00
509.31	24737.00
509.50	24639.00
509.70	24680.00
509.90	24692.00
510.10	24487.00
510.30	24518.00
510.50	24829.00
510.69	24650.00
510.89	24518.00
511.09	24460.00
511.29	24353.00
511.49	24458.00
511.69	24529.00
511.88	24635.00
512.08	24502.00
512.28	24436.00
512.48	24339.00
512.68	24286.00
512.88	24148.00
513.07	24183.00
513.27	24286.00
513.47	24592.00
513.67	24499.00
513.87	24590.00
514.06	24586.00
514.26	24211.00
514.46	24138.00
514.66	24654.00
514.86	24627.00
515.06	24553.00
515.25	24576.00
515.45	24551.00
515.65	24631.00
515.85	24716.00
516.05	24611.00
516.24	24464.00
516.44	24372.00
516.64	24649.00
516.84	24720.00
517.04	24932.00
517.23	24848.00
517.43	24936.00
517.63	24852.00
517.83	24960.00
518.03	24956.00
518.23	24936.00
518.42	24910.00
518.62	24944.00
518.82	25092.00
519.02	25236.00
519.22	25292.00
519.41	25645.00
519.61	25686.00
519.81	25484.00
520.01	25484.00
520.21	25648.00
520.40	25788.00
520.60	25949.00
520.80	26100.00
521.00	26312.00
521.20	26264.00
521.39	26184.00
521.59	26265.00
521.79	26560.00
521.99	26432.00
522.19	26520.00
522.38	26708.00
522.58	26872.00
522.78	26938.00
522.98	27160.00
523.17	27352.00
523.37	27314.00
523.57	27580.00
523.77	27563.00
523.97	27754.00
524.16	28076.00
524.36	28231.00
524.56	28482.00
524.76	28436.00
524.96	28695.00
525.15	29000.00
525.35	28964.00
525.55	29095.00
525.75	29284.00
525.94	29331.00
526.14	29536.00
526.34	29700.00
526.54	29647.00
526.74	30048.00
526.93	30252.00
527.13	30198.00
527.33	30304.00
527.53	30692.00
527.72	30692.00
527.92	30800.00
528.12	31035.00
528.32	31584.00
528.52	31452.00
528.71	31564.00
528.91	31864.00
529.11	32204.00
529.31	32290.00
529.50	32710.00
529.70	32608.00
529.90	32600.00
530.10	32768.00
530.29	33085.00
530.49	33289.00
530.69	33524.00
530.89	34108.00
531.09	34144.00
531.28	34288.00
531.48	34455.00
531.68	34616.00
531.88	34912.00
532.07	34842.00
532.27	35100.00
532.47	35441.00
532.67	35780.00
532.86	35668.00
533.06	35951.00
533.26	35988.00
533.46	36024.00
533.65	36226.00
533.85	36590.00
534.05	36568.00
534.25	36958.00
534.44	37158.00
534.64	37327.00
534.84	37577.00
535.04	37168.00
535.23	37017.00
535.43	37415.00
535.63	37940.00
535.83	38043.00
536.02	38464.00
536.22	38368.00
536.42	38697.00
536.62	38408.00
536.81	38455.00
537.01	38582.00
537.21	38752.00
537.41	38820.00
537.60	38936.00
537.80	39392.00
538.00	39475.00
538.20	39570.00
538.39	39688.00
538.59	39552.00
538.79	39640.00
538.99	39717.00
539.18	39853.00
539.38	39674.00
539.58	39752.00
539.77	40020.00
539.97	40492.00
540.17	40742.00
540.37	40689.00
540.56	40628.00
540.76	40446.00
540.96	40436.00
541.16	40295.00
541.35	40271.00
541.55	40768.00
541.75	40809.00
541.94	41186.00
542.14	41040.00
542.34	41025.00
542.54	40998.00
542.73	40916.00
542.93	40887.00
543.13	40878.00
543.33	40883.00
543.52	40873.00
543.72	40814.00
543.92	41255.00
544.11	40963.00
544.31	40850.00
544.51	40966.00
544.71	40663.00
544.90	40268.00
545.10	40060.00
545.30	40275.00
545.49	40399.00
545.69	40097.00
545.89	40124.00
546.09	40224.00
546.28	40265.00
546.48	40336.00
546.68	39982.00
546.87	39580.00
547.07	39444.00
547.27	39632.00
547.47	39712.00
547.66	39937.00
547.86	40014.00
548.06	39908.00
548.25	39940.00
548.45	39772.00
548.65	39864.00
548.84	39819.00
549.04	39674.00
549.24	39162.00
549.44	38898.00
549.63	39076.00
549.83	39411.00
550.03	39557.00
550.22	39397.00
550.42	39245.00
550.62	39160.00
550.81	39176.00
551.01	38910.00
551.21	38619.00
551.41	38512.00
551.60	38250.00
551.80	38220.00
552.00	38363.00
552.19	38670.00
552.39	38804.00
552.59	38669.00
552.78	38338.00
552.98	38044.00
553.18	37983.00
553.37	37722.00
553.57	37398.00
553.77	37379.00
553.96	37546.00
554.16	37631.00
554.36	37813.00
554.56	37617.00
554.75	37268.00
554.95	37245.00
555.15	37179.00
555.34	36767.00
555.54	37047.00
555.74	37140.00
555.93	36912.00
556.13	37069.00
556.33	37161.00
556.52	37100.00
556.72	36884.00
556.92	36576.00
557.11	36500.00
557.31	35908.00
557.51	35414.00
557.70	34768.00
557.90	34258.00
558.10	33818.00
558.29	33348.00
558.49	32951.00
558.69	33062.00
558.88	33877.00
559.08	34381.00
559.28	34114.00
559.47	34244.00
559.67	34129.00
559.87	34228.00
560.06	34223.00
560.26	34071.00
560.46	34100.00
560.65	33865.00
560.85	34048.00
561.05	34231.00
561.24	34527.00
561.44	34592.00
561.64	34716.00
561.83	35126.00
562.03	34860.00
562.23	34854.00
562.42	35376.00
562.62	35540.00
562.82	35811.00
563.01	35704.00
563.21	35911.00
563.40	35926.00
563.60	35928.00
563.80	35967.00
563.99	35996.00
564.19	36342.00
564.39	36489.00
564.58	36472.00
564.78	36332.00
564.98	36310.00
565.17	36281.00
565.37	36149.00
565.57	36268.00
565.76	36104.00
565.96	36149.00
566.16	36023.00
566.35	36272.00
566.55	36694.00
566.74	37134.00
566.94	37628.00
567.14	38315.00
567.33	38872.00
567.53	39351.00
567.73	39373.00
567.92	38728.00
568.12	38500.00
568.32	38534.00
568.51	38370.00
568.71	38374.00
568.90	38360.00
569.10	38514.00
569.30	38843.00
569.49	39047.00
569.69	38385.00
569.89	38406.00
570.08	38173.00
570.28	38148.00
570.47	38117.00
570.67	38364.00
570.87	38263.00
571.06	37929.00
571.26	38144.00
571.46	38397.00
571.65	38430.00
571.85	38713.00
572.04	38780.00
572.24	39064.00
572.44	39079.00
572.63	39179.00
572.83	39030.00
573.03	39154.00
573.22	39398.00
573.42	39644.00
573.61	39885.00
573.81	40365.00
574.01	40563.00
574.20	40599.00
574.40	40716.00
574.59	40493.00
574.79	40677.00
574.99	40889.00
575.18	41059.00
575.38	41170.00
575.58	41420.00
575.77	41580.00
575.97	42219.00
576.16	42011.00
576.36	42223.00
576.56	42602.00
576.75	42652.00
576.95	42777.00
577.14	42982.00
577.34	43145.00
577.54	43307.00
577.73	43402.00
577.93	43627.00
578.12	43577.00
578.32	43901.00
578.52	44288.00
578.71	44499.00
578.91	44474.00
579.10	44606.00
579.30	44647.00
579.50	44606.00
579.69	44673.00
579.89	44947.00
580.08	45401.00
580.28	45519.00
580.48	45869.00
580.67	45805.00
580.87	46181.00
581.06	46473.00
581.26	46700.00
581.45	46628.00
581.65	46451.00
581.85	46486.00
582.04	46572.00
582.24	46690.00
582.43	46612.00
582.63	47119.00
582.83	47429.00
583.02	47858.00
583.22	48423.00
583.41	48642.00
583.61	48588.00
583.80	48596.00
584.00	48551.00
584.20	48328.00
584.39	48439.00
584.59	48890.00
584.78	48994.00
584.98	49092.00
585.17	48992.00
585.37	49328.00
585.57	49663.00
585.76	49987.00
585.96	50338.00
586.15	50274.00
586.35	50748.00
586.54	50821.00
586.74	50670.00
586.94	50901.00
587.13	51463.00
587.33	51738.00
587.52	51496.00
587.72	51777.00
587.91	52234.00
588.11	52559.00
588.31	52971.00
588.50	53012.00
588.70	52883.00
588.89	53189.00
589.09	53262.00
589.28	53323.00
589.48	53610.00
589.68	53706.00
589.87	53975.00
590.07	54225.00
590.26	54274.00
590.46	54447.00
590.65	54451.00
590.85	54591.00
591.04	55008.00
591.24	54797.00
591.44	54694.00
591.63	54904.00
591.83	54817.00
592.02	54732.00
592.22	54956.00
592.41	55527.00
592.61	55904.00
592.80	56054.00
593.00	56324.00
593.19	56328.00
593.39	56374.00
593.59	56320.00
593.78	56401.00
593.98	56196.00
594.17	56214.00
594.37	56337.00
594.56	56760.00
594.76	56274.00
594.95	56524.00
595.15	57137.00
595.34	57071.00
595.54	57128.00
595.73	56869.00
595.93	57128.00
596.13	57176.00
596.32	57290.00
596.52	57352.00
596.71	57424.00
596.91	57144.00
597.10	56926.00
597.30	57115.00
597.49	56964.00
597.69	57236.00
597.88	57640.00
598.08	57787.00
598.27	57606.00
598.47	57382.00
598.66	57298.00
598.86	57444.00
599.06	57256.00
599.25	56707.00
599.45	56833.00
599.64	56671.00
599.84	56668.00
600.03	56412.00
600.23	56207.00
600.42	56212.00
600.62	56401.00
600.81	56268.00
601.01	55988.00
601.20	56278.00
601.40	56154.00
601.59	55781.00
601.79	55100.00
601.98	54838.00
602.18	54563.00
602.37	54263.00
602.57	54210.00
602.76	54510.00
602.96	54095.00
603.15	54218.00
603.35	54082.00
603.54	54143.00
603.74	53873.00
603.93	53647.00
604.13	53067.00
604.32	52621.00
604.52	52346.00
604.71	52096.00
604.91	51805.00
605.10	51813.00
605.30	52060.00
605.49	51713.00
605.69	51750.00
605.88	51687.00
606.08	51478.00
606.27	51092.00
606.47	51112.00
606.66	50775.00
606.86	50668.00
607.05	50479.00
607.25	50286.00
607.44	49792.00
607.64	49740.00
607.83	49282.00
608.03	49099.00
608.22	49155.00
608.42	48906.00
608.61	49040.00
608.81	48587.00
609.00	48617.00
609.20	48250.00
609.39	48053.00
609.59	47744.00
609.78	47542.00
609.98	47021.00
610.17	46711.00
610.37	46677.00
610.56	46418.00
610.76	46681.00
610.95	46843.00
611.15	46504.00
611.34	46433.00
611.54	46607.00
611.73	46256.00
611.93	45747.00
612.12	45492.00
612.32	45403.00
612.51	45123.00
612.71	45040.00
612.90	44831.00
613.09	44792.00
613.29	44613.00
613.48	44530.00
613.68	44338.00
613.87	44423.00
614.07	44492.00
614.26	44476.00
614.46	44029.00
614.65	44009.00
614.85	43795.00
615.04	43692.00
615.24	43612.00
615.43	43602.00
615.63	43338.00
615.82	43264.00
616.02	43156.00
616.21	43248.00
616.40	42927.00
616.60	43225.00
616.79	43338.00
616.99	43300.00
617.18	43156.00
617.38	43203.00
617.57	43417.00
617.77	43103.00
617.96	43038.00
618.16	42934.00
618.35	42614.00
618.54	42574.00
618.74	42542.00
618.93	42341.00
619.13	42699.00
619.32	42631.00
619.52	42563.00
619.71	42669.00
619.91	43022.00
620.10	43028.00
620.30	42886.00
620.49	42730.00
620.68	42683.00
620.88	42899.00
621.07	42562.00
621.27	42479.00
621.46	42729.00
621.66	42395.00
621.85	42685.00
622.05	42667.00
622.24	42821.00
622.43	43019.00
622.63	43127.00
622.82	43132.00
623.02	43368.00
623.21	43677.00
623.41	43593.00
623.60	43625.00
623.80	43476.00
623.99	43370.00
624.18	43557.00
624.38	43725.00
624.57	43589.00
624.77	43456.00
624.96	43721.00
625.16	44043.00
625.35	43936.00
625.54	44132.00
625.74	44540.00
625.93	44565.00
626.13	44738.00
626.32	45094.00
626.52	44768.00
626.71	44662.00
626.90	45014.00
627.10	45173.00
627.29	45187.00
627.49	45260.00
627.68	45201.00
627.88	45397.00
628.07	45703.00
628.26	46075.00
628.46	46412.00
628.65	46819.00
628.85	47247.00
629.04	47217.00
629.23	47030.00
629.43	46956.00
629.62	47196.00
629.82	46953.00
630.01	46997.00
630.21	47389.00
630.40	47770.00
630.59	47506.00
630.79	47667.00
630.98	47844.00
631.18	48052.00
631.37	48591.00
631.56	48765.00
631.76	49218.00
631.95	49236.00
632.15	49516.00
632.34	49821.00
632.53	50118.00
632.73	50085.00
632.92	50026.00
633.12	49982.00
633.31	50101.00
633.50	50503.00
633.70	50209.00
633.89	50121.00
634.09	50473.00
634.28	50711.00
634.47	51193.00
634.67	51547.00
634.86	51889.00
635.06	52044.00
635.25	52286.00
635.44	52354.00
635.64	52598.00
635.83	52765.00
636.03	52790.00
636.22	53071.00
636.41	53191.00
636.61	53435.00
636.80	53374.00
637.00	53611.00
637.19	53741.00
637.38	54236.00
637.58	54364.00
637.77	54351.00
637.96	54677.00
638.16	55168.00
638.35	55326.00
638.55	55858.00
638.74	56086.00
638.93	56280.00
639.13	56138.00
639.32	56143.00
639.51	56141.00
639.71	56211.00
639.90	56690.00
640.10	56771.00
640.29	56716.00
640.48	57339.00
640.68	57600.00
640.87	57567.00
641.07	57913.00
641.26	58298.00
641.45	58612.00
641.65	58786.00
641.84	58651.00
642.03	58676.00
642.23	58975.00
642.42	59544.00
642.61	59609.00
642.81	59807.00
643.00	59814.00
643.20	59722.00
643.39	59468.00
643.58	59391.00
643.78	59459.00
643.97	59881.00
644.16	60005.00
644.36	60280.00
644.55	60541.00
644.74	60833.00
644.94	61441.00
645.13	61457.00
645.33	61624.00
645.52	61774.00
645.71	61481.00
645.91	61521.00
646.10	61567.00
646.29	61560.00
646.49	61611.00
646.68	61575.00
646.87	61663.00
647.07	61554.00
647.26	61698.00
647.45	61989.00
647.65	62319.00
647.84	62507.00
648.03	62535.00
648.23	62781.00
648.42	63060.00
648.62	62989.00
648.81	63122.00
649.00	63008.00
649.20	63131.00
649.39	62774.00
649.58	62795.00
649.78	62851.00
649.97	62844.00
650.16	62843.00
650.36	62813.00
650.55	62801.00
650.74	63008.00
650.94	63234.00
651.13	63283.00
651.32	63439.00
651.52	63567.00
651.71	63682.00
651.90	63883.00
652.10	63891.00
652.29	63940.00
652.48	63996.00
652.68	63913.00
652.87	63778.00
653.06	63781.00
653.26	63632.00
653.45	63600.00
653.64	63420.00
653.84	63363.00
654.03	63346.00
654.22	63306.00
654.42	63372.00
654.61	63282.00
654.80	63369.00
654.99	63629.00
655.19	63613.00
655.38	63740.00
655.57	63817.00
655.77	63923.00
655.96	63985.00
656.15	63884.00
656.35	63674.00
656.54	63590.00
656.73	63177.00
656.93	62974.00
657.12	62878.00
657.31	62951.00
657.51	62863.00
657.70	62870.00
657.89	62793.00
658.09	62893.00
658.28	62850.00
658.47	62702.00
658.66	62675.00
658.86	62864.00
659.05	63129.00
659.24	63005.00
659.44	63111.00
659.63	63095.00
659.82	62690.00
660.02	62802.00
660.21	62507.00
660.40	62257.00
660.60	61787.00
660.79	61617.00
660.98	61577.00
661.17	61368.00
661.37	61224.00
661.56	61236.00
661.75	61117.00
661.95	61040.00
662.14	61052.00
662.33	61058.00
662.52	61044.00
662.72	61149.00
662.91	61060.00
663.10	60978.00
663.30	60977.00
663.49	60764.00
663.68	60693.00
663.88	60358.00
664.07	60233.00
664.26	60045.00
664.45	59634.00
664.65	59389.00
664.84	59073.00
665.03	58754.00
665.23	58556.00
665.42	58577.00
665.61	58761.00
665.80	58659.00
666.00	58783.00
666.19	58496.00
666.38	58340.00
666.57	58463.00
666.77	58676.00
666.96	58435.00
667.15	58402.00
667.35	58430.00
667.54	58008.00
667.73	57492.00
667.92	57189.00
668.12	56843.00
668.31	57095.00
668.50	56522.00
668.70	56144.00
668.89	55910.00
669.08	55790.00
669.27	56188.00
669.47	55881.00
669.66	55890.00
669.85	55771.00
670.04	55823.00
670.24	56082.00
670.43	55941.00
670.62	55827.00
670.81	55530.00
671.01	55448.00
671.20	55263.00
671.39	55555.00
671.58	55366.00
671.78	55123.00
671.97	54986.00
672.16	54631.00
672.36	54519.00
672.55	54055.00
672.74	53805.00
672.93	53761.00
673.13	53643.00
673.32	53752.00
673.51	53816.00
673.70	53853.00
673.90	53612.00
674.09	53613.00
674.28	53782.00
674.47	53760.00
674.67	53674.00
674.86	53656.00
675.05	53736.00
675.24	53731.00
675.44	53418.00
675.63	53031.00
675.82	52890.00
676.01	52664.00
676.21	52395.00
676.40	52475.00
676.59	51990.00
676.78	51979.00
676.97	51568.00
677.17	51400.00
677.36	51550.00
677.55	51429.00
677.74	51429.00
677.94	51442.00
678.13	51380.00
678.32	51353.00
678.51	51239.00
678.71	51132.00
678.90	51235.00
679.09	51250.00
679.28	51196.00
679.48	51369.00
679.67	51270.00
679.86	50929.00
680.05	51045.00
680.24	50706.00
680.44	50316.00
680.63	49929.00
680.82	49638.00
681.01	49666.00
681.21	49489.00
681.40	49170.00
681.59	49275.00
681.78	49091.00
681.97	48839.00
682.17	49028.00
682.36	48657.00
682.55	48700.00
682.74	48417.00
682.94	48744.00
683.13	48914.00
683.32	48917.00
683.51	48976.00
683.70	49118.00
683.90	49212.00
684.09	48797.00
684.28	48604.00
684.47	48648.00
684.66	48597.00
684.86	48318.00
685.05	48204.00
685.24	48078.00
685.43	47794.00
685.63	47604.00
685.82	47731.00
686.01	47886.00
686.20	47669.00
686.39	48025.00
686.59	47644.00
686.78	47735.00
686.97	47575.00
687.16	47799.00
687.35	47614.00
687.55	47668.00
687.74	47660.00
687.93	47828.00
688.12	48231.00
688.31	48255.00
688.51	47986.00
688.70	47796.00
688.89	47748.00
689.08	47482.00
689.27	47420.00
689.47	47345.00
689.66	47468.00
689.85	47152.00
690.04	46959.00
690.23	46852.00
690.42	46579.00
690.62	46814.00
690.81	46934.00
691.00	46774.00
691.19	46540.00
691.38	46629.00
691.58	46677.00
691.77	46907.00
691.96	46919.00
692.15	46926.00
692.34	46751.00
692.54	47099.00
692.73	47054.00
692.92	47269.00
693.11	47355.00
693.30	47016.00
693.49	47020.00
693.69	46897.00
693.88	46910.00
694.07	46800.00
694.26	46530.00
694.45	46012.00
694.64	46121.00
694.84	46233.00
695.03	46102.00
695.22	46057.00
695.41	45870.00
695.60	46157.00
695.80	46271.00
695.99	46189.00
696.18	46288.00
696.37	46399.00
696.56	46492.00
696.75	46506.00
696.95	46564.00
697.14	46920.00
697.33	46908.00
697.52	46522.00
697.71	46743.00
697.90	46818.00
698.09	46914.00
698.29	47132.00
698.48	47087.00
698.67	47330.00
698.86	47531.00
699.05	47575.00
699.24	47422.00
699.44	47074.00
699.63	47085.00
699.82	47191.00
700.01	47032.00
700.20	47093.00
700.39	47275.00
700.58	47424.00
700.78	47521.00
700.97	47374.00
701.16	47267.00
701.35	47288.00
701.54	47570.00
701.73	47558.00
701.93	47737.00
702.12	47926.00
702.31	48120.00
702.50	48471.00
702.69	48441.00
702.88	48808.00
703.07	49107.00
703.27	49184.00
703.46	49196.00
703.65	49211.00
703.84	49196.00
704.03	49283.00
704.22	49718.00
704.41	49426.00
704.60	49378.00
704.80	49660.00
704.99	49722.00
705.18	49345.00
705.37	49175.00
705.56	49063.00
705.75	49452.00
705.94	49511.00
706.14	49507.00
706.33	49920.00
706.52	49938.00
706.71	50296.00
706.90	50471.00
707.09	50972.00
707.28	50402.00
707.47	50625.00
707.67	50936.00
707.86	51218.00
708.05	51340.00
708.24	51297.00
708.43	51685.00
708.62	51686.00
708.81	51683.00
709.00	51638.00
709.20	51708.00
709.39	51781.00
709.58	51657.00
709.77	52003.00
709.96	52215.00
710.15	51914.00
710.34	51816.00
710.53	51848.00
710.72	52077.00
710.92	52437.00
711.11	52453.00
711.30	52362.00
711.49	52234.00
711.68	52018.00
711.87	52396.00
712.06	52776.00
712.25	53283.00
712.44	53707.00
712.64	53533.00
712.83	53698.00
713.02	53626.00
713.21	53925.00
713.40	53906.00
713.59	53818.00
713.78	54285.00
713.97	54475.00
714.16	54614.00
714.35	54737.00
714.55	54983.00
714.74	54775.00
714.93	55205.00
715.12	55069.00
715.31	55113.00
715.50	54793.00
715.69	54691.00
715.88	54503.00
716.07	54410.00
716.26	54350.00
716.45	54697.00
716.65	54371.00
716.84	54485.00
717.03	54667.00
717.22	55009.00
717.41	55028.00
717.60	55016.00
717.79	54892.00
717.98	55178.00
718.17	55337.00
718.36	55628.00
718.55	55804.00
718.75	55684.00
718.94	55621.00
719.13	55948.00
719.32	55798.00
719.51	56122.00
719.70	56052.00
719.89	56050.00
720.08	56430.00
720.27	56285.00
720.46	56477.00
720.65	56250.00
720.84	56143.00
721.03	56171.00
721.22	56136.00
721.42	56026.00
721.61	55821.00
721.80	55521.00
721.99	55537.00
722.18	55386.00
722.37	55479.00
722.56	55520.00
722.75	55346.00
722.94	55313.00
723.13	55261.00
723.32	55224.00
723.51	55406.00
723.70	55423.00
723.89	55628.00
724.08	55700.00
724.28	55704.00
724.47	55777.00
724.66	56051.00
724.85	56032.00
725.04	56018.00
725.23	55962.00
725.42	55814.00
725.61	56085.00
725.80	56082.00
725.99	56583.00
726.18	56475.00
726.37	56461.00
726.56	56524.00
726.75	56161.00
726.94	56116.00
727.13	56112.00
727.32	55825.00
727.51	55534.00
727.71	55383.00
727.90	55426.00
728.09	55504.00
728.28	55454.00
728.47	54927.00
728.66	55233.00
728.85	55199.00
729.04	54936.00
729.23	54759.00
729.42	54933.00
729.61	54906.00
729.80	54799.00
729.99	54468.00
730.18	54547.00
730.37	54488.00
730.56	54919.00
730.75	54945.00
730.94	54654.00
731.13	54965.00
731.32	55308.00
731.51	55246.00
731.70	55102.00
731.89	54961.00
732.08	54795.00
732.27	55254.00
732.46	55125.00
732.65	54961.00
732.84	54869.00
733.04	54797.00
733.23	54459.00
733.42	54658.00
733.61	54442.00
733.80	54346.00
733.99	54228.00
734.18	54161.00
734.37	53831.00
734.56	53625.00
734.75	53459.00
734.94	53398.00
735.13	53494.00
735.32	53002.00
735.51	52681.00
735.70	52840.00
735.89	53029.00
736.08	52953.00
736.27	52647.00
736.46	52440.00
736.65	52142.00
736.84	52214.00
737.03	52241.00
737.22	52072.00
737.41	52226.00
737.60	52267.00
737.79	52151.00
737.98	51835.00
738.17	51870.00
738.36	51751.00
738.55	51575.00
738.74	51941.00
738.93	51860.00
739.12	51733.00
739.31	51653.00
739.50	51449.00
739.69	51059.00
739.88	51118.00
740.07	50839.00
740.26	50682.00
740.45	50485.00
740.64	50381.00
740.83	49965.00
741.02	49833.00
741.21	49557.00
741.40	49422.00
741.59	49428.00
741.78	49292.00
741.97	49003.00
742.16	48829.00
742.35	48373.00
742.54	48112.00
742.73	47898.00
742.92	47515.00
743.11	47701.00
743.30	47640.00
743.49	47658.00
743.68	47511.00
743.87	47300.00
744.06	47287.00
744.25	47080.00
744.44	47067.00
744.63	47255.00
744.82	47442.00
745.01	47297.00
745.20	47130.00
745.39	47122.00
745.58	46949.00
745.77	47117.00
745.96	47075.00
746.15	46543.00
746.34	46501.00
746.52	46203.00
746.71	46291.00
746.90	46165.00
747.09	45828.00
747.28	45913.00
747.47	45938.00
747.66	45619.00
747.85	45040.00
748.04	45120.00
748.23	44943.00
748.42	44765.00
748.61	44317.00
748.80	43876.00
748.99	43718.00
749.18	43942.00
749.37	43751.00
749.56	43280.00
749.75	43012.00
749.94	43057.00
750.13	42787.00
750.32	42830.00
750.51	42864.00
750.70	42486.00
750.89	42174.00
751.08	42146.00
751.27	42069.00
751.46	42084.00
751.64	41955.00
751.83	42117.00
752.02	41911.00
752.21	41902.00
752.40	42010.00
752.59	42027.00
752.78	41789.00
752.97	41483.00
753.16	41785.00
753.35	41911.00
753.54	41499.00
753.73	41294.00
753.92	40914.00
754.11	40996.00
754.30	40825.00
754.49	41086.00
754.68	40957.00
754.87	40823.00
755.06	40712.00
755.24	40166.00
755.43	40277.00
755.62	40026.00
755.81	40075.00
756.00	39906.00
756.19	39729.00
756.38	39601.00
756.57	39485.00
756.76	39344.00
756.95	39035.00
757.14	38979.00
757.33	38610.00
757.52	38734.00
757.71	38580.00
757.90	38403.00
758.08	38421.00
758.27	38065.00
758.46	38163.00
758.65	38216.00
758.84	37975.00
759.03	37686.00
759.22	37574.00
759.41	37861.00
759.60	37792.00
759.79	37358.00
759.98	37471.00
760.17	37377.00
760.36	37435.00
760.54	37380.00
760.73	37073.00
760.92	36797.00
761.11	36342.00
761.30	36006.00
761.49	35494.00
761.68	35105.00
761.87	34791.00
762.06	34341.00
762.25	33775.00
762.44	33441.00
762.63	32944.00
762.81	32577.00
763.00	32272.00
763.19	31849.00
763.38	31218.00
763.57	31242.00
763.76	31146.00
763.95	31048.00
764.14	31180.00
764.33	31015.00
764.52	31031.00
764.71	30937.00
764.89	30998.00
765.08	31294.00
765.27	31586.00
765.46	31635.00
765.65	31567.00
765.84	31587.00
766.03	31641.00
766.22	31883.00
766.41	32138.00
766.59	32510.00
766.78	32801.00
766.97	33014.00
767.16	33555.00
767.35	33989.00
767.54	34141.00
767.73	33990.00
767.92	34201.00
768.11	34438.00
768.30	34626.00
768.48	34623.00
768.67	34711.00
768.86	35119.00
769.05	34807.00
769.24	34597.00
769.43	34909.00
769.62	34787.00
769.81	34641.00
769.99	34531.00
770.18	34432.00
770.37	34294.00
770.56	34481.00
770.75	34331.00
770.94	34350.00
771.13	34208.00
771.32	34121.00
771.50	34172.00
771.69	34543.00
771.88	34279.00
772.07	34394.00
772.26	34213.00
772.45	34000.00
772.64	34012.00
772.83	34075.00
773.01	34107.00
773.20	33964.00
773.39	33982.00
773.58	33742.00
773.77	33848.00
773.96	33790.00
774.15	33724.00
774.34	33553.00
774.52	33481.00
774.71	33280.00
774.90	33301.00
775.09	33204.00
775.28	33269.00
775.47	33120.00
775.66	32942.00
775.84	33211.00
776.03	33128.00
776.22	32938.00
776.41	33000.00
776.60	33003.00
776.79	32902.00
776.98	32792.00
777.16	32595.00
777.35	32408.00
777.54	32377.00
777.73	32465.00
777.92	32288.00
778.11	32132.00
778.29	32146.00
778.48	32085.00
778.67	32189.00
778.86	32252.00
779.05	32444.00
779.24	32503.00
779.43	32559.00
779.61	32291.00
779.80	32298.00
779.99	32084.00
780.18	32468.00
780.37	32364.00
780.56	32385.00
780.74	32113.00
780.93	32352.00
781.12	32472.00
781.31	32338.00
781.50	32150.00
781.69	32363.00
781.87	32538.00
782.06	32420.00
782.25	32683.00
782.44	32893.00
782.63	32677.00
782.82	32663.00
783.00	32362.00
783.19	32405.00
783.38	32770.00
783.57	32887.00
783.76	32847.00
783.95	32631.00
784.13	32529.00
784.32	32735.00
784.51	32526.00
784.70	32639.00
784.89	32805.00
785.08	32920.00
785.26	32801.00
785.45	32645.00
785.64	32642.00
785.83	32759.00
786.02	32792.00
786.20	32694.00
786.39	33032.00
786.58	32987.00
786.77	33015.00
786.96	32796.00
787.15	32917.00
787.33	33156.00
787.52	33077.00
787.71	32847.00
787.90	32912.00
788.09	32961.00
788.27	32848.00
788.46	32944.00
788.65	33133.00
788.84	33056.00
789.03	33060.00
789.21	33090.00
789.40	33140.00
789.59	33430.00
789.78	33366.00
789.97	33290.00
790.15	33223.00
790.34	33180.00
790.53	33431.00
790.72	33449.00
790.91	33685.00
791.09	33832.00
791.28	33752.00
791.47	33767.00
791.66	33721.00
791.85	33692.00
792.03	33756.00
792.22	33728.00
792.41	33669.00
792.60	33772.00
792.79	33980.00
792.97	34252.00
793.16	34356.00
793.35	34267.00
793.54	34416.00
793.72	34246.00
793.91	34136.00
794.10	34194.00
794.29	33947.00
794.48	34086.00
794.66	34361.00
794.85	34446.00
795.04	34285.00
795.23	34307.00
795.42	34295.00
795.60	34550.00
795.79	34377.00
795.98	34440.00
796.17	34541.00
796.35	34369.00
796.54	34215.00
796.73	33952.00
796.92	34048.00
797.11	34189.00
797.29	34236.00
797.48	33843.00
797.67	33820.00
797.86	33734.00
798.04	33731.00
798.23	33902.00
798.42	33777.00
798.61	33754.00
798.79	33753.00
798.98	33613.00
799.17	33699.00
799.36	33606.00
799.54	33621.00
799.73	33647.00
799.92	33630.00
800.11	33831.00
800.30	33803.00
800.48	33692.00
800.67	33695.00
800.86	33481.00
801.05	33549.00
801.23	33704.00
801.42	33732.00
801.61	33787.00
801.80	34001.00
801.98	33658.00
802.17	33608.00
802.36	33670.00
802.55	33621.00
802.73	33813.00
802.92	33893.00
803.11	33796.00
803.30	33809.00
803.48	33987.00
803.67	34184.00
803.86	34196.00
804.05	34048.00
804.23	33922.00
804.42	33798.00
804.61	33846.00
804.80	34140.00
804.98	34366.00
805.17	34009.00
805.36	34005.00
805.54	34009.00
805.73	34006.00
805.92	33975.00
806.11	34214.00
806.29	34391.00
806.48	34209.00
806.67	34117.00
806.86	34041.00
807.04	34009.00
807.23	34013.00
807.42	34096.00
807.61	34104.00
807.79	34164.00
807.98	34217.00
808.17	34067.00
808.35	34038.00
808.54	33930.00
808.73	33862.00
808.92	34006.00
809.10	33804.00
809.29	33783.00
809.48	33901.00
809.67	33743.00
809.85	33571.00
810.04	33448.00
810.23	33713.00
810.41	33609.00
810.60	33658.00
810.79	33401.00
810.98	33182.00
811.16	33302.00
811.35	33302.00
811.54	33121.00
811.72	33231.00
811.91	33217.00
812.10	33041.00
812.29	33001.00
812.47	33098.00
812.66	32957.00
812.85	32993.00
813.03	32784.00
813.22	32486.00
813.41	32773.00
813.60	32795.00
813.78	32585.00
813.97	32592.00
814.16	32691.00
814.34	32688.00
814.53	32770.00
814.72	32806.00
814.90	32730.00
815.09	32847.00
815.28	32640.00
815.47	32509.00
815.65	32775.00
815.84	32927.00
816.03	32789.00
816.21	32756.00
816.40	32830.00
816.59	32767.00
816.77	32726.00
816.96	32502.00
817.15	32706.00
817.33	32779.00
817.52	32746.00
817.71	32663.00
817.90	32475.00
818.08	32493.00
818.27	32570.00
818.46	32459.00
818.64	32426.00
818.83	32475.00
819.02	32626.00
819.20	32505.00
819.39	32262.00
819.58	32149.00
819.76	32412.00
819.95	32357.00
820.14	32504.00
820.32	32619.00
820.51	32765.00
820.70	32640.00
820.88	32634.00
821.07	32644.00
821.26	32629.00
821.44	32331.00
821.63	32212.00
821.82	32365.00
822.01	32390.00
822.19	32337.00
822.38	32247.00
822.57	32234.00
822.75	32267.00
822.94	32307.00
823.13	32193.00
823.31	32035.00
823.50	31797.00
823.69	31895.00
823.87	32065.00
824.06	31971.00
824.25	32033.00
824.43	31519.00
824.62	31446.00
824.80	31388.00
824.99	31487.00
825.18	31207.00
825.36	31111.00
825.55	30951.00
825.74	30900.00
825.92	31100.00
826.11	31231.00
826.30	31173.00
826.48	31108.00
826.67	30860.00
826.86	30708.00
827.04	30580.00
827.23	30637.00
827.42	30940.00
827.60	30604.00
827.79	30730.00
827.98	30542.00
828.16	30340.00
828.35	30366.00
828.54	30214.00
828.72	30239.00
828.91	30183.00
829.09	30174.00
829.28	29775.00
829.47	29621.00
829.65	29612.00
829.84	29577.00
830.03	29791.00
830.21	29616.00
830.40	29451.00
830.59	29416.00
830.77	29439.00
830.96	29659.00
831.14	29476.00
831.33	29437.00
831.52	29360.00
831.70	29504.00
831.89	29551.00
832.08	29510.00
832.26	29476.00
832.45	29512.00
832.64	29460.00
832.82	29381.00
833.01	29253.00
833.19	29160.00
833.38	29112.00
833.57	29112.00
833.75	29042.00
833.94	29006.00
834.13	29040.00
834.31	28860.00
834.50	28892.00
834.68	28717.00
834.87	28911.00
835.06	28676.00
835.24	28548.00
835.43	28628.00
835.61	28369.00
835.80	28364.00
835.99	28442.00
836.17	28546.00
836.36	28440.00
836.55	28459.00
836.73	28174.00
836.92	28261.00
837.10	28073.00
837.29	28056.00
837.48	28337.00
837.66	28107.00
837.85	27918.00
838.03	27970.00
838.22	27880.00
838.41	28006.00
838.59	27886.00
838.78	27875.00
838.96	27827.00
839.15	27728.00
839.34	27513.00
839.52	27477.00
839.71	27325.00
839.89	27368.00
840.08	27394.00
840.27	27425.00
840.45	27364.00
840.64	27341.00
840.82	27224.00
841.01	27283.00
841.20	27010.00
841.38	27014.00
841.57	26964.00
841.75	26784.00
841.94	26822.00
842.13	26599.00
842.31	26539.00
842.50	26380.00
842.68	26292.00
842.87	26163.00
843.05	26035.00
843.24	25990.00
843.43	25908.00
843.61	25972.00
843.80	25959.00
843.98	25945.00
844.17	25713.00
844.36	25578.00
844.54	25716.00
844.73	25641.00
844.91	25591.00
845.10	25577.00
845.28	25411.00
845.47	25082.00
845.66	24887.00
845.84	24934.00
846.03	25112.00
846.21	24955.00
846.40	24913.00
846.58	24710.00
846.77	24633.00
846.96	24334.00
847.14	24473.00
847.33	24466.00
847.51	24437.00
847.70	24393.00
847.88	24513.00
848.07	24123.00
848.25	24307.00
848.44	24259.00
848.63	24131.00
848.81	23760.00
849.00	23723.00
849.18	23743.00
849.37	23648.00
849.55	23669.00
849.74	23696.00
849.93	23495.00
850.11	23474.00
850.30	23490.00
850.48	23513.00
850.67	23354.00
850.85	22980.00
851.04	22845.00
851.22	22891.00
851.41	23045.00
851.59	22873.00
851.78	23064.00
851.97	22977.00
852.15	22956.00
852.34	23064.00
852.52	22968.00
852.71	22888.00
852.89	22803.00
853.08	22730.00
853.26	22798.00
853.45	22692.00
853.63	22872.00
853.82	22765.00
854.01	22625.00
854.19	22543.00
854.38	22766.00
854.56	22790.00
854.75	22528.00
854.93	22470.00
855.12	22292.00
855.30	22125.00
855.49	21907.00
855.67	22074.00
855.86	22203.00
856.04	22082.00
856.23	21947.00
856.41	21940.00
856.60	21987.00
856.79	21748.00
856.97	21761.00
857.16	21822.00
857.34	21718.00
857.53	21581.00
857.71	21438.00
857.90	21481.00
858.08	21467.00
858.27	21521.00
858.45	21235.00
858.64	21215.00
858.82	21127.00
859.01	21224.00
859.19	21286.00
859.38	20981.00
859.56	20853.00
859.75	20738.00
859.93	20706.00
860.12	20863.00
860.30	20671.00
860.49	20805.00
860.67	20587.00
860.86	20713.00
861.04	20755.00
861.23	20529.00
861.41	20326.00
861.60	20436.00
861.78	20624.00
861.97	20493.00
862.15	20342.00
862.34	20159.00
862.53	19908.00
862.71	20010.00
862.90	19956.00
863.08	19855.00
863.27	20021.00
863.45	19970.00
863.64	19761.00
863.82	19588.00
864.01	19547.00
864.19	19488.00
864.37	19419.00
864.56	19559.00
864.74	19414.00
864.93	19342.00
865.11	19470.00
865.30	19316.00
865.48	19183.00
865.67	19051.00
865.85	19017.00
866.04	19051.00
866.22	18866.00
866.41	18783.00
866.59	18763.00
866.78	18708.00
866.96	18653.00
867.15	18493.00
867.33	18457.00
867.52	18426.00
867.70	18344.00
867.89	18303.00
868.07	18389.00
868.26	18327.00
868.44	18345.00
868.63	18410.00
868.81	18254.00
869.00	18073.00
869.18	18025.00
869.37	17982.00
869.55	17917.00
869.74	17697.00
869.92	17643.00
870.10	17600.00
870.29	17637.00
870.47	17650.00
870.66	17770.00
870.84	17610.00
871.03	17452.00
871.21	17378.00
871.40	17471.00
871.58	17513.00
871.77	17447.00
871.95	17738.00
872.14	17333.00
872.32	17245.00
872.51	17088.00
872.69	17117.00
872.87	17101.00
873.06	17026.00
873.24	17125.00
873.43	17136.00
873.61	17022.00
873.80	16724.00
873.98	16909.00
874.17	16861.00
874.35	16776.00
874.54	16861.00
874.72	16694.00
874.90	16597.00
875.09	16550.00
875.27	16376.00
875.46	16515.00
875.64	16563.00
875.83	16313.00
876.01	16449.00
876.20	16608.00
876.38	16396.00
876.56	16386.00
876.75	16416.00
876.93	16278.00
877.12	16290.00
877.30	16386.00
877.49	16181.00
877.67	16212.00
877.86	16165.00
878.04	16197.00
878.22	16117.00
878.41	16080.00
878.59	16032.00
878.78	15945.00
878.96	15989.00
879.15	16149.00
879.33	15970.00
879.51	15922.00
879.70	15859.00
879.88	15887.00
880.07	15924.00
880.25	15847.00
880.44	16039.00
880.62	15857.00
880.80	15784.00
880.99	15894.00
881.17	15872.00
881.36	15950.00
881.54	15713.00
881.73	15758.00
881.91	15677.00
882.09	15746.00
882.28	15617.00
882.46	15625.00
882.65	15601.00
882.83	15592.00
883.02	15725.00
883.20	15525.00
883.38	15535.00
883.57	15483.00
883.75	15510.00
883.94	15465.00
884.12	15330.00
884.30	15350.00
884.49	15464.00
884.67	15547.00
884.86	15475.00
885.04	15313.00
885.22	15167.00
885.41	15210.00
885.59	15247.00
885.78	15118.00
885.96	15217.00
886.14	15069.00
886.33	15171.00
886.51	15062.00
886.70	15085.00
886.88	15129.00
887.06	14996.00
887.25	15026.00
887.43	15059.00
887.62	15050.00
887.80	14971.00
887.98	14834.00
888.17	14811.00
888.35	14848.00
888.54	14953.00
888.72	14947.00
888.90	14943.00
889.09	14865.00
889.27	14680.00
889.46	14687.00
889.64	14714.00
889.82	14779.00
890.01	14737.00
890.19	14656.00
890.38	14655.00
890.56	14797.00
890.74	14824.00
890.93	14758.00
891.11	14746.00
891.29	14729.00
891.48	14782.00
891.66	14910.00
891.85	14943.00
892.03	14669.00
892.21	14577.00
892.40	14745.00
892.58	14939.00
892.76	14682.00
892.95	14629.00
893.13	14684.00
893.32	14539.00
893.50	14428.00
893.68	14607.00
893.87	14583.00
894.05	14550.00
894.23	14718.00
894.42	14554.00
894.60	14824.00
894.79	14640.00
894.97	14697.00
895.15	14817.00
895.34	14813.00
895.52	14772.00
895.70	14672.00
895.89	14834.00
896.07	14819.00
896.25	14971.00
896.44	14962.00
896.62	15110.00
896.81	15065.00
896.99	15192.00
897.17	15191.00
897.36	15143.00
897.54	15077.00
897.72	15179.00
897.91	15160.00
898.09	15150.00
898.27	15123.00
898.46	15187.00
898.64	15130.00
898.82	15138.00
899.01	15253.00
899.19	15361.00
899.37	15559.00
899.56	15429.00
899.74	15287.00
899.92	15291.00
900.11	15511.00
900.29	15441.00
900.47	15336.00
900.66	15569.00
900.84	15648.00
901.03	15494.00
901.21	15589.00
901.39	15592.00
901.58	15529.00
901.76	15628.00
901.94	15799.00
902.13	15647.00
902.31	15658.00
902.49	15867.00
902.68	15764.00
902.86	15829.00
903.04	15720.00
903.23	15731.00
903.41	15757.00
903.59	15810.00
903.78	15848.00
903.96	15942.00
904.14	16076.00
904.32	16016.00
904.51	15979.00
904.69	16034.00
904.87	16095.00
905.06	16154.00
905.24	16044.00
905.42	16084.00
905.61	15991.00
905.79	15889.00
905.97	16201.00
906.16	16114.00
906.34	16002.00
906.52	16032.00
906.71	16095.00
906.89	16137.00
907.07	16185.00
907.26	16111.00
907.44	15920.00
907.62	16026.00
907.81	16161.00
907.99	16161.00
908.17	15998.00
908.35	15912.00
908.54	15879.00
908.72	15938.00
908.90	16021.00
909.09	16001.00
909.27	15930.00
909.45	16119.00
909.64	16101.00
909.82	16029.00
910.00	15989.00
910.18	15861.00
910.37	16013.00
910.55	15953.00
910.73	15945.00
910.92	15817.00
911.10	15561.00
911.28	15644.00
911.47	16065.00
911.65	15955.00
911.83	15772.00
912.01	15669.00
912.20	15788.00
912.38	15661.00
912.56	15556.00
912.75	15424.00
912.93	15497.00
913.11	15548.00
913.29	15516.00
913.48	15456.00
913.66	15524.00
913.84	15459.00
914.03	15412.00
914.21	15416.00
914.39	15290.00
914.57	15152.00
914.76	15140.00
914.94	15296.00
915.12	15376.00
915.31	15325.00
915.49	15346.00
915.67	15386.00
915.85	15304.00
916.04	15096.00
916.22	15071.00
916.40	14919.00
916.58	14831.00
916.77	14940.00
916.95	14970.00
917.13	15020.00
917.32	15056.00
917.50	14823.00
917.68	14912.00
917.86	14665.00
918.05	14724.00
918.23	14900.00
918.41	14847.00
918.59	14492.00
918.78	14556.00
918.96	14762.00
919.14	14708.00
919.32	14605.00
919.51	14478.00
919.69	14518.00
919.87	14459.00
920.05	14426.00
920.24	14317.00
920.42	14469.00
920.60	14651.00
920.78	14445.00
920.97	14475.00
921.15	14311.00
921.33	14140.00
921.52	14175.00
921.70	14244.00
921.88	14193.00
922.06	14115.00
922.24	14140.00
922.43	14266.00
922.61	14312.00
922.79	14164.00
922.97	14059.00
923.16	14112.00
923.34	14129.00
923.52	14140.00
923.70	13978.00
923.89	14008.00
924.07	13956.00
924.25	13763.00
924.43	13866.00
924.62	13879.00
924.80	13838.00
924.98	13718.00
925.16	13796.00
925.35	13823.00
925.53	13810.00
925.71	13769.00
925.89	13727.00
926.08	13690.00
926.26	13628.00
926.44	13663.00
926.62	13645.00
926.80	13724.00
926.99	13405.00
927.17	13124.00
927.35	13381.00
927.53	13547.00
927.72	13510.00
927.90	13423.00
928.08	13244.00
928.26	13141.00
928.44	13202.00
928.63	13343.00
928.81	13335.00
928.99	13412.00
929.17	13263.00
929.36	13303.00
929.54	13108.00
929.72	13081.00
929.90	13076.00
930.08	12964.00
930.27	12849.00
930.45	12906.00
930.63	12825.00
930.81	12880.00
930.99	12680.00
931.18	12649.00
931.36	12547.00
931.54	12582.00
931.72	12586.00
931.90	12456.00
932.09	12291.00
932.27	12329.00
932.45	12347.00
932.63	12327.00
932.81	12128.00
933.00	12074.00
933.18	12084.00
933.36	11992.00
933.54	11896.00
933.72	11670.00
933.91	11439.00
934.09	11524.00
934.27	11484.00
934.45	11510.00
934.63	11493.00
934.82	11175.00
935.00	11090.00
935.18	11114.00
935.36	11009.00
935.54	10850.00
935.73	10773.00
935.91	10429.00
936.09	10377.00
936.27	10345.00
936.45	10213.00
936.64	9992.00
936.82	9887.00
937.00	9871.00
937.18	9823.00
937.36	9596.00
937.54	9350.00
937.73	9310.00
937.91	9167.00
938.09	9036.00
938.27	8910.00
938.45	8791.00
938.63	8675.00
938.82	8511.00
939.00	8440.00
939.18	8345.00
939.36	8164.00
939.54	8008.00
939.73	7977.00
939.91	7872.00
940.09	7881.00
940.27	7646.00
940.45	7470.00
940.63	7485.00
940.82	7330.00
941.00	7362.00
941.18	7399.00
941.36	7349.00
941.54	7189.00
941.72	7121.00
941.91	7053.00
942.09	6942.00
942.27	6988.00
942.45	6894.00
942.63	6851.00
942.81	6917.00
942.99	6709.00
943.18	6702.00
943.36	6757.00
943.54	6732.00
943.72	6600.00
943.90	6704.00
944.08	6639.00
944.27	6609.00
944.45	6806.00
944.63	6694.00
944.81	6496.00
944.99	6660.00
945.17	6598.00
945.35	6583.00
945.54	6667.00
945.72	6554.00
945.90	6530.00
946.08	6707.00
946.26	6629.00
946.44	6613.00
946.62	6701.00
946.81	6617.00
946.99	6633.00
947.17	6733.00
947.35	6670.00
947.53	6725.00
947.71	6778.00
947.89	6755.00
948.07	6847.00
948.26	6821.00
948.44	6906.00
948.62	6835.00
948.80	6939.00
948.98	6922.00
949.16	6976.00
949.34	7053.00
949.53	7109.00
949.71	7052.00
949.89	7019.00
950.07	7104.00
950.25	7215.00
950.43	7197.00
950.61	7216.00
950.79	7210.00
950.98	7270.00
951.16	7188.00
951.34	7097.00
951.52	7130.00
951.70	7203.00
951.88	7123.00
952.06	7216.00
952.24	7043.00
952.42	6917.00
952.61	6886.00
952.79	7068.00
952.97	6988.00
953.15	7129.00
953.33	7162.00
953.51	7087.00
953.69	7060.00
953.87	7030.00
954.05	7009.00
954.24	7083.00
954.42	7174.00
954.60	7072.00
954.78	7087.00
954.96	7093.00
955.14	7080.00
955.32	7185.00
955.50	7324.00
955.68	7323.00
955.86	7282.00
956.05	7194.00
956.23	7130.00
956.41	7036.00
956.59	7186.00
956.77	7237.00
956.95	7213.00
957.13	7229.00
957.31	7218.00
957.49	7355.00
957.67	7395.00
957.86	7344.00
958.04	7350.00
958.22	7405.00
958.40	7316.00
958.58	7235.00
958.76	7278.00
958.94	7379.00
959.12	7232.00
959.30	7170.00
959.48	7173.00
959.66	7209.00
959.84	7211.00
960.03	7266.00
960.21	7203.00
960.39	7274.00
960.57	7288.00
960.75	7157.00
960.93	7147.00
961.11	7235.00
961.29	7201.00
961.47	7140.00
961.65	7154.00
961.83	7018.00
962.01	7097.00
962.19	7186.00
962.37	6992.00
962.56	7069.00
962.74	7037.00
962.92	7123.00
963.10	7067.00
963.28	6960.00
963.46	7078.00
963.64	7077.00
963.82	6961.00
964.00	6943.00
964.18	7118.00
964.36	7003.00
964.54	7014.00
964.72	6950.00
964.90	6911.00
965.08	7079.00
965.27	7076.00
965.45	7053.00
965.63	7089.00
965.81	7025.00
965.99	7043.00
966.17	6976.00
966.35	7022.00
966.53	6954.00
966.71	6955.00
966.89	7003.00
967.07	6934.00
967.25	6879.00
967.43	6817.00
967.61	6842.00
967.79	6827.00
967.97	6785.00
968.15	6663.00
968.33	6752.00
968.51	6713.00
968.69	6580.00
968.87	6770.00
969.06	6673.00
969.24	6618.00
969.42	6514.00
969.60	6610.00
969.78	6669.00
969.96	6574.00
970.14	6593.00
970.32	6601.00
970.50	6543.00
970.68	6619.00
970.86	6615.00
971.04	6528.00
971.22	6454.00
971.40	6386.00
971.58	6428.00
971.76	6466.00
971.94	6360.00
972.12	6329.00
972.30	6441.00
972.48	6328.00
972.66	6303.00
972.84	6294.00
973.02	6284.00
973.20	6182.00
973.38	6132.00
973.56	6195.00
973.74	6303.00
973.92	6188.00
974.10	6127.00
974.28	6186.00
974.46	6057.00
974.64	6012.00
974.82	5932.00
975.00	5837.00
975.18	5855.00
975.36	5837.00
975.54	5760.00
975.72	5860.00
975.90	5882.00
976.08	5945.00
976.26	5849.00
976.44	5832.00
976.62	5810.00
976.80	5759.00
976.98	5692.00
977.16	5725.00
977.34	5718.00
977.52	5647.00
977.70	5797.00
977.88	5640.00
978.06	5704.00
978.24	5623.00
978.42	5453.00
978.60	5397.00
978.78	5478.00
978.96	5614.00
979.14	5413.00
979.32	5523.00
979.50	5599.00
979.68	5463.00
979.86	5439.00
980.04	5419.00
980.22	5377.00
980.40	5566.00
980.58	5455.00
980.76	5368.00
980.94	5436.00
981.12	5471.00
981.30	5379.00
981.48	5415.00
981.66	5378.00
981.84	5318.00
982.02	5247.00
982.20	5272.00
982.38	5343.00
982.56	5333.00
982.74	5357.00
982.92	5193.00
983.10	5232.00
983.28	5165.00
983.46	5179.00
983.64	5196.00
983.82	5198.00
984.00	5180.00
984.18	5112.00
984.36	5009.00
984.54	4902.00
984.72	4975.00
984.90	4982.00
985.08	4992.00
985.26	5029.00
985.44	4827.00
985.62	4843.00
985.80	4825.00
985.98	4744.00
986.16	4794.00
986.34	4845.00
986.51	4824.00
986.69	4743.00
986.87	4694.00
987.05	4709.00
987.23	4688.00
987.41	4678.00
987.59	4676.00
987.77	4577.00
987.95	4519.00
988.13	4568.00
988.31	4565.00
988.49	4642.00
988.67	4581.00
988.85	4511.00
989.03	4442.00
989.21	4486.00
989.39	4437.00
989.57	4355.00
989.75	4346.00
989.93	4315.00
990.11	4377.00
990.28	4438.00
990.46	4356.00
990.64	4289.00
990.82	4307.00
991.00	4391.00
991.18	4375.00
991.36	4336.00
991.54	4299.00
991.72	4241.00
991.90	4229.00
992.08	4396.00
992.26	4330.00
992.44	4195.00
992.62	4117.00
992.80	4164.00
992.98	4256.00
993.15	4195.00
993.33	4144.00
993.51	4131.00
993.69	4124.00
993.87	4130.00
994.05	4006.00
994.23	4144.00
994.41	4013.00
994.59	3992.00
994.77	4011.00
994.95	3937.00
995.13	4034.00
995.31	3995.00
995.48	3908.00
995.66	3978.00
995.84	3897.00
996.02	3857.00
996.20	3837.00
996.38	3960.00
996.56	3767.00
996.74	3686.00
996.92	3771.00
997.10	3766.00
997.28	3756.00
997.46	3647.00
997.63	3657.00
997.81	3694.00
997.99	3681.00
998.17	3600.00
998.35	3671.00
998.53	3758.00
998.71	3743.00
998.89	3608.00
999.07	3626.00
999.25	3586.00
999.43	3569.00
999.60	3648.00
999.78	3462.00
999.96	3429.00
1000.14	3511.00
1000.32	3435.00
1000.50	3484.00
1000.68	3407.00
1000.86	3457.00
1001.04	3397.00
1001.21	3326.00
1001.39	3410.00
1001.57	3371.00
1001.75	3506.00
1001.93	3306.00
1002.11	3355.00
1002.29	3371.00
1002.47	3367.00
1002.65	3309.00
1002.82	3263.00
1003.00	3328.00
1003.18	3259.00
1003.36	3249.00
1003.54	3342.00
1003.72	3292.00
1003.90	3268.00
1004.08	3263.00
1004.26	3161.00
1004.43	3143.00
1004.61	3152.00
1004.79	3176.00
1004.97	3199.00
1005.15	3177.00
1005.33	3189.00
1005.51	3158.00
1005.69	3096.00
1005.86	3124.00
1006.04	3086.00
1006.22	3199.00
1006.40	3125.00
1006.58	3056.00
1006.76	3134.00
1006.94	3131.00
1007.12	3138.00
1007.29	2906.00
1007.47	2990.00
1007.65	3017.00
1007.83	3037.00
1008.01	2945.00
1008.19	2979.00
1008.37	2971.00
1008.54	2951.00
1008.72	2955.00
1008.90	2898.00
1009.08	2821.00
1009.26	2951.00
1009.44	2845.00
1009.62	2715.00
1009.79	2771.00
1009.97	2760.00
1010.15	2733.00
1010.33	2763.00
1010.51	2706.00
1010.69	2743.00
1010.87	2766.00
1011.04	2746.00
1011.22	2776.00
1011.40	2845.00
1011.58	2671.00
1011.76	2735.00
1011.94	2819.00
1012.11	2692.00
1012.29	2688.00
1012.47	2666.00
1012.65	2660.00
1012.83	2715.00
1013.01	2646.00
1013.18	2552.00
1013.36	2605.00
1013.54	2636.00
1013.72	2676.00
1013.90	2479.00
1014.08	2548.00
1014.25	2542.00
1014.43	2482.00
1014.61	2410.00
1014.79	2493.00
1014.97	2540.00
1015.15	2449.00
1015.32	2467.00
1015.50	2571.00
1015.68	2569.00
1015.86	2490.00
1016.04	2377.00
1016.22	2409.00
1016.39	2417.00
1016.57	2444.00
1016.75	2385.00
1016.93	2376.00
1017.11	2364.00
1017.29	2320.00
1017.46	2306.00
1017.64	2380.00
1017.82	2342.00
1018.00	2348.00
1018.18	2398.00
1018.35	2471.00
1018.53	2318.00
1018.71	2321.00
1018.89	2298.00
1019.07	2283.00
1019.24	2304.00
1019.42	2217.00
1019.60	2294.00
1019.78	2205.00
1019.96	2246.00
1020.14	2256.00
1020.31	2127.00
1020.49	2067.00
1020.67	2112.00
1020.85	2157.00
1021.03	2172.00
1021.20	2219.00
1021.38	2166.00
1021.56	2060.00
1021.74	2034.00
1021.92	2162.00
1022.09	2154.00
1022.27	2045.00
1022.45	2154.00
1022.63	2093.00
1022.81	2049.00
1022.98	2103.00
1023.16	2087.00
1023.34	2067.00
1023.52	2103.00
1023.69	1943.00
1023.87	2023.00
1024.05	2062.00
1024.23	2038.00
1024.41	2065.00
1024.58	2044.00
1024.76	2066.00
1024.94	2037.00
1025.12	2143.00
1025.30	2073.00
1025.47	2020.00
1025.65	2003.00
1025.83	1984.00
1026.01	2066.00
1026.18	2001.00
1026.36	1952.00
1026.54	1993.00
1026.72	2028.00
1026.90	1971.00
1027.07	1930.00
1027.25	1918.00
1027.43	1896.00
1027.61	1896.00
1027.78	1856.00
1027.96	1947.00
1028.14	1957.00
1028.32	1894.00
1028.49	1838.00
1028.67	1812.00
1028.85	1822.00
1029.03	1875.00
1029.21	1771.00
1029.38	1811.00
1029.56	1866.00
1029.74	1889.00
1029.92	1750.00
1030.09	1678.00
1030.27	1708.00
1030.45	1773.00
1030.63	1753.00
1030.80	1715.00
1030.98	1739.00
1031.16	1738.00
1031.34	1695.00
1031.51	1734.00
1031.69	1698.00
1031.87	1683.00
1032.05	1725.00
1032.22	1770.00
1032.40	1727.00
1032.58	1697.00
1032.76	1684.00
1032.93	1587.00
1033.11	1647.00
1033.29	1707.00
1033.47	1659.00
1033.64	1694.00
1033.82	1685.00
1034.00	1748.00
1034.18	1689.00
1034.35	1695.00
1034.53	1771.00
1034.71	1695.00
1034.89	1688.00
1035.06	1627.00
1035.24	1572.00
1035.42	1657.00
1035.59	1636.00
1035.77	1628.00
1035.95	1571.00
1036.13	1556.00
1036.30	1518.00
1036.48	1604.00
1036.66	1642.00
1036.84	1644.00
1037.01	1606.00
1037.19	1597.00
1037.37	1540.00
1037.54	1573.00
1037.72	1496.00
1037.90	1485.00
1038.08	1515.00
1038.25	1606.00
1038.43	1569.00
1038.61	1526.00
1038.79	1473.00
1038.96	1472.00
1039.14	1423.00
1039.32	1391.00
1039.49	1423.00
1039.67	1428.00
1039.85	1424.00
1040.03	1464.00
1040.20	1298.00
1040.38	1399.00
1040.56	1490.00
1040.73	1418.00
1040.91	1458.00
1041.09	1397.00
1041.27	1484.00
1041.44	1395.00
1041.62	1379.00
1041.80	1409.00
1041.97	1362.00
1042.15	1362.00
1042.33	1376.00
1042.50	1353.00
1042.68	1375.00
1042.86	1405.00
1043.04	1489.00
1043.21	1396.00
1043.39	1403.00
1043.57	1447.00
1043.74	1337.00
1043.92	1399.00
1044.10	1394.00
1044.27	1317.00
1044.45	1342.00
1044.63	1296.00
1044.80	1397.00
1044.98	1341.00
1045.16	1238.00
1045.34	1281.00
1045.51	1290.00
1045.69	1269.00
1045.87	1301.00
1046.04	1375.00
1046.22	1293.00
1046.40	1283.00
1046.57	1251.00
1046.75	1293.00
1046.93	1316.00
1047.10	1309.00
1047.28	1276.00
1047.46	1270.00
1047.63	1235.00
1047.81	1248.00
1047.99	1207.00
1048.16	1200.00
1048.34	1287.00
1048.52	1258.00
1048.69	1258.00
1048.87	1289.00
1049.05	1178.00
1049.22	1192.00
1049.40	1179.00
1049.58	1181.00
1049.75	1224.00
1049.93	1253.00
1050.11	1200.00
1050.28	1142.00
1050.46	1188.00
1050.64	1204.00
1050.81	1239.00
1050.99	1162.00
1051.17	1199.00
1051.34	1162.00
1051.52	1206.00
1051.70	1216.00
1051.87	1193.00
1052.05	1179.00
1052.23	1203.00
1052.40	1203.00
1052.58	1198.00
1052.76	1212.00
1052.93	1212.00
1053.11	1158.00
1053.29	1152.00
1053.46	1197.00
1053.64	1188.00
1053.82	1174.00
1053.99	1165.00
1054.17	1178.00
1054.35	1249.00
1054.52	1176.00
1054.70	1093.00
1054.87	1138.00
1055.05	1103.00
1055.23	1121.00
1055.40	1060.00
1055.58	1089.00
1055.76	1079.00
1055.93	1081.00
1056.11	1149.00
1056.29	1100.00
1056.46	1059.00
1056.64	1065.00
1056.81	1083.00
1056.99	1084.00
1057.17	1084.00
1057.34	1085.00
1057.52	1062.00
1057.70	1038.00
1057.87	1166.00
1058.05	1078.00
1058.22	999.00
1058.40	1101.00
1058.58	1047.00
1058.75	967.00
1058.93	1059.00
1059.11	1068.00
1059.28	1090.00
1059.46	1144.00
1059.63	1064.00
1059.81	1001.00
1059.99	998.00
1060.16	961.00
1060.34	972.00
1060.52	980.00
1060.69	989.00
1060.87	979.00
1061.04	957.00
1061.22	962.00
