367.62	16.00
367.82	-1.00
368.02	-9.00
368.23	36.00
368.43	39.00
368.63	72.00
368.83	46.00
369.04	4.00
369.24	-42.00
369.44	25.00
369.65	68.00
369.85	-33.00
370.05	-20.00
370.25	17.00
370.46	38.00
370.66	-4.00
370.86	11.00
371.07	38.00
371.27	75.00
371.47	27.00
371.67	12.00
371.88	77.00
372.08	67.00
372.28	40.00
372.49	63.00
372.69	12.00
372.89	-18.00
373.09	-31.00
373.30	-26.00
373.50	-43.00
373.70	-66.00
373.91	43.00
374.11	56.00
374.31	77.00
374.51	31.00
374.72	-51.00
374.92	1.00
375.12	12.00
375.33	20.00
375.53	40.00
375.73	-5.00
375.93	56.00
376.14	78.00
376.34	-28.00
376.54	4.00
376.74	76.00
376.95	34.00
377.15	103.00
377.35	90.00
377.55	38.00
377.76	18.00
377.96	-31.00
378.16	-23.00
378.37	49.00
378.57	19.00
378.77	1.00
378.97	26.00
379.18	67.00
379.38	-8.00
379.58	-39.00
379.78	31.00
379.99	79.00
380.19	29.00
380.39	36.00
380.59	22.00
380.80	-3.00
381.00	-24.00
381.20	-30.00
381.40	34.00
381.61	59.00
381.81	2.00
382.01	-16.00
382.21	53.00
382.42	31.00
382.62	23.00
382.82	83.00
383.02	78.00
383.23	52.00
383.43	29.00
383.63	20.00
383.83	9.00
384.04	25.00
384.24	-20.00
384.44	11.00
384.64	88.00
384.85	45.00
385.05	21.00
385.25	-36.00
385.45	-28.00
385.66	-8.00
385.86	41.00
386.06	47.00
386.26	16.00
386.47	22.00
386.67	2.00
386.87	23.00
387.07	35.00
387.27	50.00
387.48	29.00
387.68	43.00
387.88	20.00
388.08	82.00
388.29	21.00
388.49	24.00
388.69	16.00
388.89	62.00
389.10	57.00
389.30	37.00
389.50	-38.00
389.70	16.00
389.90	51.00
390.11	77.00
390.31	45.00
390.51	89.00
390.71	72.00
390.92	29.00
391.12	-7.00
391.32	93.00
391.52	43.00
391.72	36.00
391.93	52.00
392.13	-4.00
392.33	-18.00
392.53	39.00
392.74	94.00
392.94	12.00
393.14	6.00
393.34	-9.00
393.54	-15.00
393.75	-51.00
393.95	44.00
394.15	49.00
394.35	-8.00
394.56	7.00
394.76	69.00
394.96	4.00
395.16	-5.00
395.36	30.00
395.57	14.00
395.77	43.00
395.97	102.00
396.17	85.00
396.37	51.00
396.58	-77.00
396.78	-26.00
396.98	69.00
397.18	10.00
397.38	-6.00
397.59	-11.00
397.79	-11.00
397.99	31.00
398.19	-25.00
398.39	-21.00
398.60	24.00
398.80	15.00
399.00	47.00
399.20	-4.00
399.40	0.00
399.61	50.00
399.81	-23.00
400.01	38.00
400.21	-10.00
400.41	-8.00
400.62	-39.00
400.82	-76.00
401.02	1.00
401.22	37.00
401.42	38.00
401.63	29.00
401.83	40.00
402.03	6.00
402.23	-1.00
402.43	81.00
402.64	44.00
402.84	-10.00
403.04	39.00
403.24	54.00
403.44	36.00
403.64	32.00
403.85	-1.00
404.05	-5.00
404.25	-11.00
404.45	18.00
404.65	48.00
404.86	7.00
405.06	31.00
405.26	22.00
405.46	19.00
405.66	96.00
405.86	-10.00
406.07	52.00
406.27	23.00
406.47	44.00
406.67	56.00
406.87	71.00
407.07	126.00
407.28	57.00
407.48	14.00
407.68	-26.00
407.88	2.00
408.08	47.00
408.28	39.00
408.49	35.00
408.69	45.00
408.89	45.00
409.09	75.00
409.29	56.00
409.49	21.00
409.70	30.00
409.90	28.00
410.10	51.00
410.30	8.00
410.50	39.00
410.70	11.00
410.91	26.00
411.11	80.00
411.31	-6.00
411.51	-10.00
411.71	19.00
411.91	33.00
412.12	96.00
412.32	47.00
412.52	41.00
412.72	-11.00
412.92	-7.00
413.12	34.00
413.32	0.00
413.53	52.00
413.73	23.00
413.93	-14.00
414.13	3.00
414.33	36.00
414.53	22.00
414.74	14.00
414.94	-1.00
415.14	74.00
415.34	50.00
415.54	33.00
415.74	11.00
415.94	8.00
416.15	73.00
416.35	69.00
416.55	-26.00
416.75	2.00
416.95	-14.00
417.15	17.00
417.35	32.00
417.56	67.00
417.76	43.00
417.96	1.00
418.16	-7.00
418.36	86.00
418.56	3.00
418.76	57.00
418.97	104.00
419.17	113.00
419.37	17.00
419.57	-8.00
419.77	44.00
419.97	64.00
420.17	59.00
420.37	50.00
420.58	86.00
420.78	100.00
420.98	58.00
421.18	45.00
421.38	45.00
421.58	21.00
421.78	22.00
421.98	119.00
422.19	72.00
422.39	87.00
422.59	56.00
422.79	49.00
422.99	28.00
423.19	26.00
423.39	46.00
423.59	-26.00
423.80	24.00
424.00	16.00
424.20	21.00
424.40	71.00
424.60	13.00
424.80	46.00
425.00	18.00
425.20	73.00
425.40	72.00
425.61	65.00
425.81	-13.00
426.01	-27.00
426.21	31.00
426.41	-6.00
426.61	15.00
426.81	17.00
427.01	69.00
427.21	135.00
427.42	45.00
427.62	82.00
427.82	53.00
428.02	10.00
428.22	78.00
428.42	-22.00
428.62	15.00
428.82	127.00
429.02	69.00
429.23	63.00
429.43	33.00
429.63	76.00
429.83	46.00
430.03	63.00
430.23	108.00
430.43	95.00
430.63	56.00
430.83	33.00
431.03	70.00
431.24	84.00
431.44	-1.00
431.64	4.00
431.84	66.00
432.04	11.00
432.24	6.00
432.44	121.00
432.64	104.00
432.84	49.00
433.04	-41.00
433.24	27.00
433.45	33.00
433.65	100.00
433.85	86.00
434.05	5.00
434.25	75.00
434.45	58.00
434.65	44.00
434.85	23.00
435.05	73.00
435.25	7.00
435.45	73.00
435.65	52.00
435.86	18.00
436.06	26.00
436.26	58.00
436.46	76.00
436.66	54.00
436.86	-7.00
437.06	45.00
437.26	63.00
437.46	20.00
437.66	21.00
437.86	-60.00
438.06	-41.00
438.26	61.00
438.47	18.00
438.67	67.00
438.87	44.00
439.07	27.00
439.27	14.00
439.47	35.00
439.67	81.00
439.87	24.00
440.07	25.00
440.27	17.00
440.47	63.00
440.67	54.00
440.87	-2.00
441.07	-44.00
441.27	31.00
441.48	21.00
441.68	49.00
441.88	31.00
442.08	8.00
442.28	-5.00
442.48	-19.00
442.68	10.00
442.88	-6.00
443.08	80.00
443.28	109.00
443.48	51.00
443.68	7.00
443.88	43.00
444.08	18.00
444.28	74.00
444.48	34.00
444.68	86.00
444.88	25.00
445.09	87.00
445.29	39.00
445.49	-9.00
445.69	29.00
445.89	35.00
446.09	17.00
446.29	46.00
446.49	41.00
446.69	26.00
446.89	58.00
447.09	62.00
447.29	55.00
447.49	45.00
447.69	33.00
447.89	27.00
448.09	35.00
448.29	22.00
448.49	65.00
448.69	49.00
448.89	69.00
449.09	60.00
449.29	83.00
449.49	73.00
449.70	31.00
449.90	64.00
450.10	86.00
450.30	32.00
450.50	6.00
450.70	45.00
450.90	78.00
451.10	55.00
451.30	60.00
451.50	41.00
451.70	13.00
451.90	127.00
452.10	65.00
452.30	54.00
452.50	62.00
452.70	59.00
452.90	32.00
453.10	86.00
453.30	87.00
453.50	67.00
453.70	30.00
453.90	60.00
454.10	61.00
454.30	105.00
454.50	11.00
454.70	3.00
454.90	30.00
455.10	59.00
455.30	54.00
455.50	13.00
455.70	-25.00
455.90	39.00
456.10	16.00
456.30	25.00
456.50	56.00
456.70	-11.00
456.90	9.00
457.10	28.00
457.30	26.00
457.50	124.00
457.70	170.00
457.90	41.00
458.10	-16.00
458.30	51.00
458.50	52.00
458.70	123.00
458.90	95.00
459.10	4.00
459.30	29.00
459.50	118.00
459.70	45.00
459.90	61.00
460.10	74.00
460.30	49.00
460.50	75.00
460.70	6.00
460.90	15.00
461.10	43.00
461.30	50.00
461.50	0.00
461.70	55.00
461.90	29.00
462.10	-6.00
462.30	91.00
462.50	20.00
462.70	35.00
462.90	83.00
463.10	19.00
463.30	4.00
463.50	8.00
463.70	-20.00
463.90	-65.00
464.10	91.00
464.30	36.00
464.50	24.00
464.70	48.00
464.90	58.00
465.10	52.00
465.30	74.00
465.50	8.00
465.70	12.00
465.90	25.00
466.10	10.00
466.30	49.00
466.50	138.00
466.70	106.00
466.90	41.00
467.10	17.00
467.30	2.00
467.50	83.00
467.70	99.00
467.90	39.00
468.10	-63.00
468.30	71.00
468.50	55.00
468.70	104.00
468.90	51.00
469.10	-33.00
469.30	66.00
469.50	72.00
469.70	22.00
469.90	58.00
470.10	24.00
470.30	67.00
470.50	58.00
470.70	35.00
470.90	69.00
471.10	12.00
471.29	-14.00
471.49	41.00
471.69	92.00
471.89	0.00
472.09	70.00
472.29	127.00
472.49	84.00
472.69	36.00
472.89	2.00
473.09	63.00
473.29	48.00
473.49	28.00
473.69	94.00
473.89	93.00
474.09	61.00
474.29	144.00
474.49	132.00
474.69	81.00
474.89	48.00
475.09	111.00
475.29	100.00
475.49	38.00
475.69	51.00
475.88	80.00
476.08	148.00
476.28	102.00
476.48	79.00
476.68	83.00
476.88	80.00
477.08	90.00
477.28	39.00
477.48	17.00
477.68	16.00
477.88	70.00
478.08	99.00
478.28	109.00
478.48	133.00
478.68	30.00
478.88	55.00
479.08	16.00
479.28	60.00
479.47	21.00
479.67	3.00
479.87	-2.00
480.07	-46.00
480.27	12.00
480.47	82.00
480.67	53.00
480.87	67.00
481.07	23.00
481.27	74.00
481.47	77.00
481.67	18.00
481.87	-27.00
482.07	50.00
482.27	39.00
482.46	-30.00
482.66	53.00
482.86	53.00
483.06	39.00
483.26	92.00
483.46	85.00
483.66	78.00
483.86	52.00
484.06	83.00
484.26	54.00
484.46	57.00
484.66	65.00
484.86	28.00
485.05	9.00
485.25	9.00
485.45	75.00
485.65	171.00
485.85	82.00
486.05	47.00
486.25	59.00
486.45	63.00
486.65	47.00
486.85	11.00
487.05	23.00
487.25	44.00
487.44	17.00
487.64	71.00
487.84	74.00
488.04	21.00
488.24	-32.00
488.44	44.00
488.64	84.00
488.84	75.00
489.04	72.00
489.24	38.00
489.43	100.00
489.63	76.00
489.83	41.00
490.03	60.00
490.23	55.00
490.43	52.00
490.63	114.00
490.83	125.00
491.03	0.00
491.23	-48.00
491.42	-12.00
491.62	61.00
491.82	68.00
492.02	98.00
492.22	34.00
492.42	80.00
492.62	71.00
492.82	62.00
493.02	179.00
493.22	155.00
493.41	80.00
493.61	98.00
493.81	107.00
494.01	56.00
494.21	31.00
494.41	84.00
494.61	163.00
494.81	53.00
495.01	54.00
495.20	140.00
495.40	140.00
495.60	94.00
495.80	85.00
496.00	121.00
496.20	56.00
496.40	58.00
496.60	111.00
496.79	44.00
496.99	47.00
497.19	100.00
497.39	143.00
497.59	142.00
497.79	94.00
497.99	19.00
498.19	76.00
498.38	96.00
498.58	119.00
498.78	77.00
498.98	49.00
499.18	78.00
499.38	2.00
499.58	37.00
499.78	61.00
499.97	88.00
500.17	79.00
500.37	61.00
500.57	42.00
500.77	69.00
500.97	130.00
501.17	92.00
501.37	99.00
501.56	43.00
501.76	65.00
501.96	123.00
502.16	74.00
502.36	58.00
502.56	54.00
502.76	30.00
502.95	64.00
503.15	53.00
503.35	71.00
503.55	57.00
503.75	105.00
503.95	72.00
504.15	91.00
504.34	110.00
504.54	52.00
504.74	56.00
504.94	58.00
505.14	82.00
505.34	123.00
505.54	106.00
505.73	94.00
505.93	105.00
506.13	113.00
506.33	140.00
506.53	157.00
506.73	57.00
506.92	55.00
507.12	80.00
507.32	86.00
507.52	93.00
507.72	67.00
507.92	81.00
508.12	58.00
508.31	91.00
508.51	92.00
508.71	91.00
508.91	64.00
509.11	99.00
509.31	104.00
509.50	42.00
509.70	27.00
509.90	88.00
510.10	92.00
510.30	94.00
510.50	95.00
510.69	58.00
510.89	36.00
511.09	122.00
511.29	159.00
511.49	111.00
511.69	81.00
511.88	66.00
512.08	57.00
512.28	85.00
512.48	85.00
512.68	102.00
512.88	79.00
513.07	55.00
513.27	77.00
513.47	137.00
513.67	89.00
513.87	18.00
514.06	36.00
514.26	76.00
514.46	42.00
514.66	109.00
514.86	49.00
515.06	110.00
515.25	98.00
515.45	51.00
515.65	105.00
515.85	147.00
516.05	85.00
516.24	105.00
516.44	96.00
516.64	130.00
516.84	67.00
517.04	85.00
517.23	38.00
517.43	78.00
517.63	69.00
517.83	100.00
518.03	30.00
518.23	63.00
518.42	77.00
518.62	49.00
518.82	92.00
519.02	145.00
519.22	45.00
519.41	96.00
519.61	143.00
519.81	130.00
520.01	75.00
520.21	113.00
520.40	170.00
520.60	124.00
520.80	129.00
521.00	97.00
521.20	64.00
521.39	95.00
521.59	72.00
521.79	149.00
521.99	162.00
522.19	94.00
522.38	76.00
522.58	88.00
522.78	111.00
522.98	143.00
523.17	85.00
523.37	98.00
523.57	96.00
523.77	108.00
523.97	42.00
524.16	91.00
524.36	133.00
524.56	100.00
524.76	120.00
524.96	151.00
525.15	178.00
525.35	187.00
525.55	140.00
525.75	130.00
525.94	111.00
526.14	123.00
526.34	123.00
526.54	142.00
526.74	109.00
526.93	94.00
527.13	175.00
527.33	103.00
527.53	87.00
527.72	123.00
527.92	63.00
528.12	89.00
528.32	100.00
528.52	79.00
528.71	97.00
528.91	86.00
529.11	123.00
529.31	144.00
529.50	118.00
529.70	127.00
529.90	113.00
530.10	52.00
530.29	94.00
530.49	173.00
530.69	145.00
530.89	169.00
531.09	188.00
531.28	169.00
531.48	113.00
531.68	114.00
531.88	141.00
532.07	80.00
532.27	96.00
532.47	96.00
532.67	149.00
532.86	132.00
533.06	132.00
533.26	170.00
533.46	192.00
533.65	207.00
533.85	220.00
534.05	146.00
534.25	163.00
534.44	174.00
534.64	147.00
534.84	168.00
535.04	179.00
535.23	149.00
535.43	143.00
535.63	192.00
535.83	110.00
536.02	26.00
536.22	48.00
536.42	193.00
536.62	222.00
536.81	139.00
537.01	189.00
537.21	128.00
537.41	112.00
537.60	139.00
537.80	128.00
538.00	143.00
538.20	154.00
538.39	186.00
538.59	84.00
538.79	154.00
538.99	135.00
539.18	219.00
539.38	163.00
539.58	244.00
539.77	235.00
539.97	215.00
540.17	233.00
540.37	219.00
540.56	220.00
540.76	197.00
540.96	272.00
541.16	231.00
541.35	166.00
541.55	302.00
541.75	357.00
541.94	302.00
542.14	272.00
542.34	261.00
542.54	263.00
542.73	278.00
542.93	263.00
543.13	180.00
543.33	179.00
543.52	215.00
543.72	221.00
543.92	205.00
544.11	224.00
544.31	198.00
544.51	223.00
544.71	234.00
544.90	255.00
545.10	248.00
545.30	297.00
545.49	243.00
545.69	237.00
545.89	266.00
546.09	336.00
546.28	348.00
546.48	302.00
546.68	226.00
546.87	245.00
547.07	222.00
547.27	268.00
547.47	257.00
547.66	203.00
547.86	200.00
548.06	95.00
548.25	174.00
548.45	227.00
548.65	249.00
548.84	284.00
549.04	274.00
549.24	235.00
549.44	215.00
549.63	189.00
549.83	204.00
550.03	213.00
550.22	169.00
550.42	137.00
550.62	223.00
550.81	220.00
551.01	238.00
551.21	243.00
551.41	216.00
551.60	206.00
551.80	182.00
552.00	251.00
552.19	196.00
552.39	206.00
552.59	281.00
552.78	187.00
552.98	174.00
553.18	162.00
553.37	171.00
553.57	212.00
553.77	149.00
553.96	225.00
554.16	207.00
554.36	238.00
554.56	112.00
554.75	89.00
554.95	160.00
555.15	243.00
555.34	199.00
555.54	168.00
555.74	176.00
555.93	156.00
556.13	187.00
556.33	213.00
556.52	202.00
556.72	204.00
556.92	176.00
557.11	141.00
557.31	144.00
557.51	145.00
557.70	166.00
557.90	198.00
558.10	141.00
558.29	140.00
558.49	205.00
558.69	211.00
558.88	157.00
559.08	130.00
559.28	134.00
559.47	195.00
559.67	298.00
559.87	216.00
560.06	163.00
560.26	155.00
560.46	199.00
560.65	121.00
560.85	130.00
561.05	165.00
561.24	131.00
561.44	153.00
561.64	188.00
561.83	179.00
562.03	193.00
562.23	106.00
562.42	134.00
562.62	226.00
562.82	225.00
563.01	176.00
563.21	247.00
563.40	175.00
563.60	203.00
563.80	258.00
563.99	224.00
564.19	210.00
564.39	184.00
564.58	169.00
564.78	117.00
564.98	118.00
565.17	159.00
565.37	180.00
565.57	176.00
565.76	33.00
565.96	51.00
566.16	118.00
566.35	184.00
566.55	194.00
566.74	187.00
566.94	171.00
567.14	217.00
567.33	254.00
567.53	213.00
567.73	200.00
567.92	165.00
568.12	185.00
568.32	191.00
568.51	169.00
568.71	194.00
568.90	193.00
569.10	203.00
569.30	162.00
569.49	128.00
569.69	223.00
569.89	206.00
570.08	190.00
570.28	205.00
570.47	234.00
570.67	233.00
570.87	145.00
571.06	151.00
571.26	183.00
571.46	191.00
571.65	145.00
571.85	152.00
572.04	207.00
572.24	163.00
572.44	204.00
572.63	233.00
572.83	194.00
573.03	227.00
573.22	244.00
573.42	272.00
573.61	248.00
573.81	255.00
574.01	170.00
574.20	188.00
574.40	214.00
574.59	240.00
574.79	212.00
574.99	207.00
575.18	218.00
575.38	201.00
575.58	252.00
575.77	252.00
575.97	236.00
576.16	181.00
576.36	226.00
576.56	294.00
576.75	264.00
576.95	342.00
577.14	359.00
577.34	295.00
577.54	343.00
577.73	310.00
577.93	251.00
578.12	273.00
578.32	318.00
578.52	300.00
578.71	287.00
578.91	266.00
579.10	320.00
579.30	371.00
579.50	430.00
579.69	367.00
579.89	385.00
580.08	382.00
580.28	319.00
580.48	371.00
580.67	314.00
580.87	306.00
581.06	339.00
581.26	304.00
581.45	321.00
581.65	429.00
581.85	405.00
582.04	397.00
582.24	332.00
582.43	372.00
582.63	416.00
582.83	393.00
583.02	370.00
583.22	432.00
583.41	480.00
583.61	464.00
583.80	456.00
584.00	495.00
584.20	430.00
584.39	428.00
584.59	432.00
584.78	502.00
584.98	464.00
585.17	423.00
585.37	376.00
585.57	450.00
585.76	445.00
585.96	442.00
586.15	431.00
586.35	472.00
586.54	565.00
586.74	535.00
586.94	577.00
587.13	561.00
587.33	534.00
587.52	540.00
587.72	575.00
587.91	590.00
588.11	520.00
588.31	529.00
588.50	510.00
588.70	552.00
588.89	575.00
589.09	512.00
589.28	440.00
589.48	495.00
589.68	498.00
589.87	486.00
590.07	568.00
590.26	602.00
590.46	547.00
590.65	605.00
590.85	647.00
591.04	624.00
591.24	601.00
591.44	552.00
591.63	647.00
591.83	561.00
592.02	604.00
592.22	604.00
592.41	672.00
592.61	672.00
592.80	700.00
593.00	832.00
593.19	740.00
593.39	706.00
593.59	672.00
593.78	638.00
593.98	670.00
594.17	710.00
594.37	693.00
594.56	704.00
594.76	679.00
594.95	719.00
595.15	709.00
595.34	671.00
595.54	686.00
595.73	663.00
595.93	747.00
596.13	800.00
596.32	732.00
596.52	825.00
596.71	749.00
596.91	764.00
597.10	736.00
597.30	720.00
597.49	740.00
597.69	790.00
597.88	764.00
598.08	750.00
598.27	708.00
598.47	758.00
598.66	813.00
598.86	834.00
599.06	831.00
599.25	732.00
599.45	785.00
599.64	762.00
599.84	791.00
600.03	798.00
600.23	848.00
600.42	834.00
600.62	765.00
600.81	784.00
601.01	861.00
601.20	808.00
601.40	703.00
601.59	729.00
601.79	764.00
601.98	846.00
602.18	772.00
602.37	750.00
602.57	814.00
602.76	846.00
602.96	775.00
603.15	778.00
603.35	835.00
603.54	807.00
603.74	803.00
603.93	835.00
604.13	805.00
604.32	795.00
604.52	774.00
604.71	787.00
604.91	883.00
605.10	860.00
605.30	817.00
605.49	835.00
605.69	793.00
605.88	860.00
606.08	792.00
606.27	879.00
606.47	933.00
606.66	818.00
606.86	764.00
607.05	846.00
607.25	933.00
607.44	872.00
607.64	891.00
607.83	902.00
608.03	813.00
608.22	928.00
608.42	876.00
608.61	880.00
608.81	947.00
609.00	1062.00
609.20	1022.00
609.39	1002.00
609.59	1048.00
609.78	1154.00
609.98	1299.00
610.17	1353.00
610.37	1533.00
610.56	1730.00
610.76	2029.00
610.95	2146.00
611.15	2265.00
611.34	2397.00
611.54	2407.00
611.73	2372.00
611.93	2039.00
612.12	1701.00
612.32	1537.00
612.51	1395.00
612.71	1346.00
612.90	1233.00
613.09	1219.00
613.29	1182.00
613.48	1174.00
613.68	1181.00
613.87	1290.00
614.07	1220.00
614.26	1281.00
614.46	1195.00
614.65	1121.00
614.85	1129.00
615.04	1090.00
615.24	1097.00
615.43	1063.00
615.63	962.00
615.82	955.00
616.02	903.00
616.21	916.00
616.40	964.00
616.60	955.00
616.79	938.00
616.99	943.00
617.18	908.00
617.38	892.00
617.57	972.00
617.77	953.00
617.96	826.00
618.16	796.00
618.35	854.00
618.54	880.00
618.74	859.00
618.93	849.00
619.13	856.00
619.32	939.00
619.52	984.00
619.71	826.00
619.91	864.00
620.10	936.00
620.30	930.00
620.49	942.00
620.68	905.00
620.88	1006.00
621.07	934.00
621.27	917.00
621.46	947.00
621.66	1006.00
621.85	897.00
622.05	941.00
622.24	946.00
622.43	912.00
622.63	901.00
622.82	950.00
623.02	979.00
623.21	969.00
623.41	1008.00
623.60	968.00
623.80	905.00
623.99	942.00
624.18	979.00
624.38	932.00
624.57	928.00
624.77	966.00
624.96	959.00
625.16	980.00
625.35	972.00
625.54	1028.00
625.74	1091.00
625.93	968.00
626.13	1000.00
626.32	1006.00
626.52	960.00
626.71	1083.00
626.90	1070.00
627.10	1076.00
627.29	1017.00
627.49	1086.00
627.68	1014.00
627.88	999.00
628.07	934.00
628.26	942.00
628.46	1051.00
628.65	979.00
628.85	1026.00
629.04	905.00
629.23	957.00
629.43	1044.00
629.62	1030.00
629.82	1087.00
630.01	1083.00
630.21	1100.00
630.40	1168.00
630.59	1153.00
630.79	1272.00
630.98	1159.00
631.18	1176.00
631.37	1164.00
631.56	1216.00
631.76	1176.00
631.95	1218.00
632.15	1124.00
632.34	1068.00
632.53	940.00
632.73	984.00
632.92	955.00
633.12	1012.00
633.31	1042.00
633.50	1076.00
633.70	990.00
633.89	983.00
634.09	972.00
634.28	969.00
634.47	1054.00
634.67	1023.00
634.86	1058.00
635.06	1060.00
635.25	1063.00
635.44	1039.00
635.64	1060.00
635.83	1069.00
636.03	1176.00
636.22	1110.00
636.41	988.00
636.61	1040.00
636.80	1106.00
637.00	1112.00
637.19	1099.00
637.38	1120.00
637.58	1106.00
637.77	1109.00
637.96	1118.00
638.16	1117.00
638.35	1064.00
638.55	1031.00
638.74	1083.00
638.93	1089.00
639.13	1079.00
639.32	1166.00
639.51	1128.00
639.71	1137.00
639.90	1088.00
640.10	1112.00
640.29	1149.00
640.48	1102.00
640.68	1173.00
640.87	1176.00
641.07	1188.00
641.26	1184.00
641.45	1207.00
641.65	1162.00
641.84	1242.00
642.03	1144.00
642.23	1114.00
642.42	1231.00
642.61	1201.00
642.81	1239.00
643.00	1228.00
643.20	1229.00
643.39	1300.00
643.58	1209.00
643.78	1269.00
643.97	1338.00
644.16	1254.00
644.36	1192.00
644.55	1258.00
644.74	1310.00
644.94	1255.00
645.13	1211.00
645.33	1290.00
645.52	1363.00
645.71	1257.00
645.91	1226.00
646.10	1234.00
646.29	1277.00
646.49	1328.00
646.68	1299.00
646.87	1327.00
647.07	1317.00
647.26	1297.00
647.45	1290.00
647.65	1339.00
647.84	1315.00
648.03	1304.00
648.23	1374.00
648.42	1347.00
648.62	1323.00
648.81	1280.00
649.00	1332.00
649.20	1329.00
649.39	1351.00
649.58	1360.00
649.78	1384.00
649.97	1426.00
650.16	1388.00
650.36	1461.00
650.55	1396.00
650.74	1482.00
650.94	1489.00
651.13	1352.00
651.32	1423.00
651.52	1442.00
651.71	1383.00
651.90	1366.00
652.10	1448.00
652.29	1418.00
652.48	1421.00
652.68	1302.00
652.87	1315.00
653.06	1426.00
653.26	1419.00
653.45	1384.00
653.64	1373.00
653.84	1388.00
654.03	1445.00
654.22	1345.00
654.42	1348.00
654.61	1353.00
654.80	1378.00
654.99	1398.00
655.19	1346.00
655.38	1328.00
655.57	1387.00
655.77	1323.00
655.96	1393.00
656.15	1381.00
656.35	1402.00
656.54	1495.00
656.73	1359.00
656.93	1322.00
657.12	1343.00
657.31	1401.00
657.51	1423.00
657.70	1373.00
657.89	1325.00
658.09	1345.00
658.28	1419.00
658.47	1454.00
658.66	1348.00
658.86	1366.00
659.05	1371.00
659.24	1302.00
659.44	1321.00
659.63	1302.00
659.82	1285.00
660.02	1371.00
660.21	1347.00
660.40	1332.00
660.60	1351.00
660.79	1398.00
660.98	1304.00
661.17	1340.00
661.37	1384.00
661.56	1324.00
661.75	1357.00
661.95	1350.00
662.14	1398.00
662.33	1350.00
662.52	1364.00
662.72	1337.00
662.91	1423.00
663.10	1331.00
663.30	1239.00
663.49	1258.00
663.68	1353.00
663.88	1335.00
664.07	1339.00
664.26	1368.00
664.45	1319.00
664.65	1259.00
664.84	1288.00
665.03	1229.00
665.23	1276.00
665.42	1273.00
665.61	1266.00
665.80	1284.00
666.00	1287.00
666.19	1310.00
666.38	1314.00
666.57	1271.00
666.77	1306.00
666.96	1229.00
667.15	1249.00
667.35	1373.00
667.54	1306.00
667.73	1243.00
667.92	1232.00
668.12	1176.00
668.31	1251.00
668.50	1223.00
668.70	1222.00
668.89	1254.00
669.08	1252.00
669.27	1240.00
669.47	1279.00
669.66	1197.00
669.85	1179.00
670.04	1128.00
670.24	1182.00
670.43	1216.00
670.62	1230.00
670.81	1250.00
671.01	1320.00
671.20	1223.00
671.39	1204.00
671.58	1169.00
671.78	1211.00
671.97	1192.00
672.16	1179.00
672.36	1142.00
672.55	1172.00
672.74	1137.00
672.93	1146.00
673.13	1175.00
673.32	1149.00
673.51	1122.00
673.70	1115.00
673.90	1167.00
674.09	1201.00
674.28	1187.00
674.47	1267.00
674.67	1259.00
674.86	1218.00
675.05	1268.00
675.24	1184.00
675.44	1173.00
675.63	1134.00
675.82	1095.00
676.01	1184.00
676.21	1176.00
676.40	1114.00
676.59	1141.00
676.78	1140.00
676.97	1144.00
677.17	1152.00
677.36	1111.00
677.55	1108.00
677.74	1132.00
677.94	1052.00
678.13	1150.00
678.32	1147.00
678.51	1106.00
678.71	1146.00
678.90	1096.00
679.09	1177.00
679.28	1165.00
679.48	1113.00
679.67	1187.00
679.86	1210.00
680.05	1121.00
680.24	1161.00
680.44	1150.00
680.63	1133.00
680.82	1077.00
681.01	1084.00
681.21	1070.00
681.40	1075.00
681.59	1089.00
681.78	1128.00
681.97	1116.00
682.17	1067.00
682.36	1054.00
682.55	1077.00
682.74	1038.00
682.94	1128.00
683.13	1105.00
683.32	1065.00
683.51	1089.00
683.70	1083.00
683.90	1100.00
684.09	1121.00
684.28	1052.00
684.47	1038.00
684.66	1100.00
684.86	1082.00
685.05	1052.00
685.24	1102.00
685.43	1069.00
685.63	1104.00
685.82	1083.00
686.01	1090.00
686.20	1083.00
686.39	1064.00
686.59	1018.00
686.78	1089.00
686.97	1059.00
687.16	1086.00
687.35	1048.00
687.55	1113.00
687.74	1075.00
687.93	1142.00
688.12	1111.00
688.31	1120.00
688.51	1071.00
688.70	982.00
688.89	1087.00
689.08	1070.00
689.27	1102.00
689.47	1094.00
689.66	1105.00
689.85	1088.00
690.04	1075.00
690.23	1107.00
690.42	1033.00
690.62	1037.00
690.81	1080.00
691.00	1126.00
691.19	1073.00
691.38	1040.00
691.58	1053.00
691.77	1046.00
691.96	1067.00
692.15	990.00
692.34	1010.00
692.54	1059.00
692.73	1117.00
692.92	1147.00
693.11	1131.00
693.30	1087.00
693.49	1032.00
693.69	1137.00
693.88	1181.00
694.07	1122.00
694.26	1085.00
694.45	1012.00
694.64	1067.00
694.84	990.00
695.03	1041.00
695.22	1035.00
695.41	1062.00
695.60	1032.00
695.80	1059.00
695.99	1095.00
696.18	1027.00
696.37	1015.00
696.56	1040.00
696.75	1090.00
696.95	1091.00
697.14	1081.00
697.33	1084.00
697.52	1048.00
697.71	1025.00
697.90	1090.00
698.09	1162.00
698.29	1174.00
698.48	1104.00
698.67	1055.00
698.86	1071.00
699.05	1111.00
699.24	1075.00
699.44	1130.00
699.63	1092.00
699.82	1019.00
700.01	1054.00
700.20	1023.00
700.39	1081.00
700.58	1032.00
700.78	1043.00
700.97	1139.00
701.16	988.00
701.35	1073.00
701.54	998.00
701.73	997.00
701.93	1058.00
702.12	1126.00
702.31	1146.00
702.50	1023.00
702.69	1090.00
702.88	1081.00
703.07	1173.00
703.27	1171.00
703.46	1158.00
703.65	1111.00
703.84	1161.00
704.03	1204.00
704.22	1200.00
704.41	1153.00
704.60	1180.00
704.80	1194.00
704.99	1158.00
705.18	1154.00
705.37	1112.00
705.56	1210.00
705.75	1143.00
705.94	1169.00
706.14	1257.00
706.33	1244.00
706.52	1245.00
706.71	1251.00
706.90	1236.00
707.09	1229.00
707.28	1332.00
707.47	1321.00
707.67	1245.00
707.86	1300.00
708.05	1300.00
708.24	1254.00
708.43	1239.00
708.62	1388.00
708.81	1360.00
709.00	1342.00
709.20	1309.00
709.39	1322.00
709.58	1270.00
709.77	1224.00
709.96	1237.00
710.15	1277.00
710.34	1331.00
710.53	1297.00
710.72	1230.00
710.92	1296.00
711.11	1272.00
711.30	1298.00
711.49	1357.00
711.68	1305.00
711.87	1304.00
712.06	1356.00
712.25	1375.00
712.44	1385.00
712.64	1369.00
712.83	1352.00
713.02	1334.00
713.21	1303.00
713.40	1305.00
713.59	1278.00
713.78	1212.00
713.97	1279.00
714.16	1285.00
714.35	1301.00
714.55	1325.00
714.74	1226.00
714.93	1261.00
715.12	1313.00
715.31	1371.00
715.50	1296.00
715.69	1243.00
715.88	1283.00
716.07	1278.00
716.26	1305.00
716.45	1264.00
716.65	1217.00
716.84	1297.00
717.03	1205.00
717.22	1239.00
717.41	1250.00
717.60	1263.00
717.79	1240.00
717.98	1375.00
718.17	1348.00
718.36	1271.00
718.55	1333.00
718.75	1302.00
718.94	1337.00
719.13	1392.00
719.32	1272.00
719.51	1339.00
719.70	1337.00
719.89	1390.00
720.08	1436.00
720.27	1362.00
720.46	1392.00
720.65	1317.00
720.84	1297.00
721.03	1298.00
721.22	1371.00
721.42	1462.00
721.61	1359.00
721.80	1360.00
721.99	1327.00
722.18	1261.00
722.37	1261.00
722.56	1279.00
722.75	1336.00
722.94	1310.00
723.13	1352.00
723.32	1369.00
723.51	1318.00
723.70	1388.00
723.89	1281.00
724.08	1314.00
724.28	1327.00
724.47	1381.00
724.66	1382.00
724.85	1329.00
725.04	1337.00
725.23	1310.00
725.42	1308.00
725.61	1335.00
725.80	1303.00
725.99	1465.00
726.18	1405.00
726.37	1398.00
726.56	1387.00
726.75	1416.00
726.94	1343.00
727.13	1373.00
727.32	1373.00
727.51	1427.00
727.71	1296.00
727.90	1316.00
728.09	1300.00
728.28	1288.00
728.47	1285.00
728.66	1322.00
728.85	1280.00
729.04	1322.00
729.23	1298.00
729.42	1296.00
729.61	1343.00
729.80	1352.00
729.99	1273.00
730.18	1303.00
730.37	1268.00
730.56	1309.00
730.75	1296.00
730.94	1297.00
731.13	1373.00
731.32	1374.00
731.51	1349.00
731.70	1322.00
731.89	1299.00
732.08	1321.00
732.27	1315.00
732.46	1372.00
732.65	1301.00
732.84	1338.00
733.04	1280.00
733.23	1247.00
733.42	1288.00
733.61	1232.00
733.80	1313.00
733.99	1322.00
734.18	1327.00
734.37	1336.00
734.56	1248.00
734.75	1244.00
734.94	1313.00
735.13	1367.00
735.32	1276.00
735.51	1326.00
735.70	1362.00
735.89	1325.00
736.08	1393.00
736.27	1356.00
736.46	1195.00
736.65	1281.00
736.84	1260.00
737.03	1247.00
737.22	1200.00
737.41	1278.00
737.60	1242.00
737.79	1228.00
737.98	1190.00
738.17	1182.00
738.36	1231.00
738.55	1253.00
738.74	1314.00
738.93	1303.00
739.12	1321.00
739.31	1183.00
739.50	1272.00
739.69	1281.00
739.88	1179.00
740.07	1129.00
740.26	1161.00
740.45	1254.00
740.64	1284.00
740.83	1226.00
741.02	1172.00
741.21	1144.00
741.40	1161.00
741.59	1294.00
741.78	1211.00
741.97	1228.00
742.16	1200.00
742.35	1168.00
742.54	1117.00
742.73	1155.00
742.92	1120.00
743.11	1128.00
743.30	1162.00
743.49	1109.00
743.68	1171.00
743.87	1166.00
744.06	1066.00
744.25	1129.00
744.44	1112.00
744.63	1139.00
744.82	1123.00
745.01	1261.00
745.20	1246.00
745.39	1148.00
745.58	1173.00
745.77	1146.00
745.96	1127.00
746.15	1131.00
746.34	1222.00
746.52	1169.00
746.71	1135.00
746.90	1123.00
747.09	1152.00
747.28	1145.00
747.47	1095.00
747.66	1137.00
747.85	1131.00
748.04	1056.00
748.23	1065.00
748.42	1102.00
748.61	1066.00
748.80	1047.00
748.99	1048.00
749.18	1061.00
749.37	1103.00
749.56	1065.00
749.75	1028.00
749.94	1096.00
750.13	1049.00
750.32	1006.00
750.51	1044.00
750.70	1052.00
750.89	1050.00
751.08	1021.00
751.27	1007.00
751.46	1020.00
751.64	1030.00
751.83	1087.00
752.02	1052.00
752.21	1007.00
752.40	1054.00
752.59	1009.00
752.78	926.00
752.97	974.00
753.16	1014.00
753.35	1001.00
753.54	1000.00
753.73	1079.00
753.92	1017.00
754.11	1013.00
754.30	1078.00
754.49	1046.00
754.68	1056.00
754.87	1063.00
755.06	1068.00
755.24	1001.00
755.43	949.00
755.62	1002.00
755.81	1069.00
756.00	1002.00
756.19	1080.00
756.38	1003.00
756.57	1023.00
756.76	971.00
756.95	967.00
757.14	980.00
757.33	961.00
757.52	1017.00
757.71	994.00
757.90	879.00
758.08	942.00
758.27	901.00
758.46	939.00
758.65	1015.00
758.84	963.00
759.03	1019.00
759.22	962.00
759.41	927.00
759.60	948.00
759.79	938.00
759.98	906.00
760.17	913.00
760.36	958.00
760.54	1024.00
760.73	971.00
760.92	987.00
761.11	992.00
761.30	965.00
761.49	878.00
761.68	852.00
761.87	878.00
762.06	860.00
762.25	797.00
762.44	787.00
762.63	804.00
762.81	707.00
763.00	776.00
763.19	802.00
763.38	795.00
763.57	808.00
763.76	801.00
763.95	796.00
764.14	883.00
764.33	795.00
764.52	712.00
764.71	798.00
764.89	852.00
765.08	809.00
765.27	732.00
765.46	766.00
765.65	769.00
765.84	728.00
766.03	817.00
766.22	810.00
766.41	827.00
766.59	835.00
766.78	836.00
766.97	834.00
767.16	877.00
767.35	822.00
767.54	900.00
767.73	860.00
767.92	869.00
768.11	895.00
768.30	879.00
768.48	856.00
768.67	832.00
768.86	917.00
769.05	885.00
769.24	859.00
769.43	838.00
769.62	802.00
769.81	856.00
769.99	856.00
770.18	903.00
770.37	881.00
770.56	897.00
770.75	808.00
770.94	882.00
771.13	837.00
771.32	866.00
771.50	894.00
771.69	886.00
771.88	887.00
772.07	865.00
772.26	867.00
772.45	865.00
772.64	847.00
772.83	953.00
773.01	894.00
773.20	851.00
773.39	857.00
773.58	901.00
773.77	913.00
773.96	947.00
774.15	906.00
774.34	867.00
774.52	865.00
774.71	849.00
774.90	853.00
775.09	811.00
775.28	814.00
775.47	834.00
775.66	784.00
775.84	767.00
776.03	793.00
776.22	843.00
776.41	861.00
776.60	856.00
776.79	906.00
776.98	876.00
777.16	795.00
777.35	806.00
777.54	832.00
777.73	799.00
777.92	794.00
778.11	852.00
778.29	869.00
778.48	902.00
778.67	838.00
778.86	861.00
779.05	794.00
779.24	802.00
779.43	857.00
779.61	857.00
779.80	879.00
779.99	811.00
780.18	749.00
780.37	835.00
780.56	856.00
780.74	831.00
780.93	889.00
781.12	931.00
781.31	765.00
781.50	812.00
781.69	876.00
781.87	916.00
782.06	812.00
782.25	832.00
782.44	804.00
782.63	812.00
782.82	878.00
783.00	922.00
783.19	832.00
783.38	840.00
783.57	816.00
783.76	883.00
783.95	905.00
784.13	880.00
784.32	910.00
784.51	868.00
784.70	829.00
784.89	858.00
785.08	922.00
785.26	889.00
785.45	872.00
785.64	899.00
785.83	889.00
786.02	893.00
786.20	812.00
786.39	908.00
786.58	900.00
786.77	852.00
786.96	890.00
787.15	850.00
787.33	900.00
787.52	922.00
787.71	802.00
787.90	883.00
788.09	893.00
788.27	828.00
788.46	835.00
788.65	909.00
788.84	827.00
789.03	860.00
789.21	862.00
789.40	926.00
789.59	894.00
789.78	901.00
789.97	880.00
790.15	887.00
790.34	863.00
790.53	893.00
790.72	867.00
790.91	848.00
791.09	862.00
791.28	854.00
791.47	816.00
791.66	860.00
791.85	876.00
792.03	887.00
792.22	905.00
792.41	878.00
792.60	830.00
792.79	852.00
792.97	913.00
793.16	933.00
793.35	943.00
793.54	919.00
793.72	910.00
793.91	1007.00
794.10	938.00
794.29	943.00
794.48	866.00
794.66	977.00
794.85	940.00
795.04	921.00
795.23	943.00
795.42	935.00
795.60	940.00
795.79	894.00
795.98	934.00
796.17	885.00
796.35	915.00
796.54	914.00
796.73	939.00
796.92	941.00
797.11	843.00
797.29	889.00
797.48	891.00
797.67	826.00
797.86	815.00
798.04	902.00
798.23	935.00
798.42	941.00
798.61	837.00
798.79	917.00
798.98	939.00
799.17	919.00
799.36	918.00
799.54	963.00
799.73	997.00
799.92	955.00
800.11	913.00
800.30	929.00
800.48	983.00
800.67	892.00
800.86	862.00
801.05	892.00
801.23	923.00
801.42	890.00
801.61	940.00
801.80	921.00
801.98	936.00
802.17	951.00
802.36	973.00
802.55	942.00
802.73	869.00
802.92	872.00
803.11	898.00
803.30	956.00
803.48	971.00
803.67	900.00
803.86	934.00
804.05	965.00
804.23	962.00
804.42	914.00
804.61	936.00
804.80	935.00
804.98	1015.00
805.17	1005.00
805.36	961.00
805.54	912.00
805.73	996.00
805.92	1040.00
806.11	974.00
806.29	909.00
806.48	946.00
806.67	1014.00
806.86	972.00
807.04	907.00
807.23	948.00
807.42	911.00
807.61	917.00
807.79	974.00
807.98	986.00
808.17	870.00
808.35	898.00
808.54	980.00
808.73	989.00
808.92	941.00
809.10	1007.00
809.29	981.00
809.48	890.00
809.67	935.00
809.85	945.00
810.04	851.00
810.23	842.00
810.41	941.00
810.60	1010.00
810.79	956.00
810.98	995.00
811.16	967.00
811.35	954.00
811.54	993.00
811.72	936.00
811.91	918.00
812.10	907.00
812.29	915.00
812.47	892.00
812.66	930.00
812.85	931.00
813.03	975.00
813.22	949.00
813.41	986.00
813.60	975.00
813.78	902.00
813.97	872.00
814.16	869.00
814.34	911.00
814.53	904.00
814.72	977.00
814.90	914.00
815.09	896.00
815.28	957.00
815.47	922.00
815.65	1000.00
815.84	965.00
816.03	880.00
816.21	814.00
816.40	897.00
816.59	858.00
816.77	853.00
816.96	858.00
817.15	891.00
817.33	911.00
817.52	867.00
817.71	916.00
817.90	921.00
818.08	870.00
818.27	924.00
818.46	923.00
818.64	928.00
818.83	948.00
819.02	879.00
819.20	840.00
819.39	756.00
819.58	888.00
819.76	980.00
819.95	938.00
820.14	958.00
820.32	926.00
820.51	988.00
820.70	962.00
820.88	995.00
821.07	945.00
821.26	917.00
821.44	852.00
821.63	847.00
821.82	915.00
822.01	936.00
822.19	951.00
822.38	904.00
822.57	876.00
822.75	934.00
822.94	884.00
823.13	852.00
823.31	888.00
823.50	860.00
823.69	971.00
823.87	876.00
824.06	854.00
824.25	838.00
824.43	866.00
824.62	814.00
824.80	872.00
824.99	947.00
825.18	925.00
825.36	845.00
825.55	845.00
825.74	848.00
825.92	874.00
826.11	948.00
826.30	880.00
826.48	825.00
826.67	872.00
826.86	783.00
827.04	844.00
827.23	924.00
827.42	890.00
827.60	852.00
827.79	847.00
827.98	824.00
828.16	862.00
828.35	953.00
828.54	814.00
828.72	908.00
828.91	810.00
829.09	887.00
829.28	909.00
829.47	895.00
829.65	874.00
829.84	883.00
830.03	851.00
830.21	841.00
830.40	832.00
830.59	879.00
830.77	836.00
830.96	783.00
831.14	797.00
831.33	840.00
831.52	885.00
831.70	876.00
831.89	841.00
832.08	834.00
832.26	818.00
832.45	814.00
832.64	906.00
832.82	834.00
833.01	845.00
833.19	893.00
833.38	881.00
833.57	895.00
833.75	897.00
833.94	798.00
834.13	778.00
834.31	811.00
834.50	833.00
834.68	808.00
834.87	877.00
835.06	825.00
835.24	794.00
835.43	752.00
835.61	786.00
835.80	791.00
835.99	847.00
836.17	807.00
836.36	770.00
836.55	799.00
836.73	868.00
836.92	756.00
837.10	775.00
837.29	819.00
837.48	869.00
837.66	790.00
837.85	824.00
838.03	823.00
838.22	839.00
838.41	820.00
838.59	791.00
838.78	818.00
838.96	802.00
839.15	858.00
839.34	806.00
839.52	763.00
839.71	803.00
839.89	717.00
840.08	781.00
840.27	793.00
840.45	827.00
840.64	802.00
840.82	743.00
841.01	766.00
841.20	780.00
841.38	815.00
841.57	831.00
841.75	805.00
841.94	815.00
842.13	796.00
842.31	789.00
842.50	716.00
842.68	706.00
842.87	739.00
843.05	814.00
843.24	771.00
843.43	752.00
843.61	677.00
843.80	707.00
843.98	783.00
844.17	738.00
844.36	708.00
844.54	680.00
844.73	813.00
844.91	866.00
845.10	777.00
845.28	742.00
845.47	752.00
845.66	685.00
845.84	713.00
846.03	656.00
846.21	713.00
846.40	678.00
846.58	705.00
846.77	754.00
846.96	712.00
847.14	754.00
847.33	675.00
847.51	689.00
847.70	705.00
847.88	710.00
848.07	677.00
848.25	667.00
848.44	725.00
848.63	713.00
848.81	699.00
849.00	698.00
849.18	755.00
849.37	749.00
849.55	670.00
849.74	722.00
849.93	697.00
850.11	684.00
850.30	734.00
850.48	641.00
850.67	681.00
850.85	715.00
851.04	622.00
851.22	671.00
851.41	701.00
851.59	623.00
851.78	587.00
851.97	667.00
852.15	742.00
852.34	724.00
852.52	709.00
852.71	756.00
852.89	698.00
853.08	673.00
853.26	656.00
853.45	644.00
853.63	684.00
853.82	675.00
854.01	654.00
854.19	634.00
854.38	676.00
854.56	700.00
854.75	697.00
854.93	623.00
855.12	671.00
855.30	686.00
855.49	566.00
855.67	657.00
855.86	680.00
856.04	600.00
856.23	623.00
856.41	737.00
856.60	696.00
856.79	650.00
856.97	662.00
857.16	592.00
857.34	708.00
857.53	622.00
857.71	619.00
857.90	609.00
858.08	602.00
858.27	574.00
858.45	611.00
858.64	646.00
858.82	627.00
859.01	615.00
859.19	683.00
859.38	675.00
859.56	593.00
859.75	636.00
859.93	598.00
860.12	614.00
860.30	524.00
860.49	581.00
860.67	608.00
860.86	603.00
861.04	651.00
861.23	640.00
861.41	670.00
861.60	644.00
861.78	663.00
861.97	591.00
862.15	592.00
862.34	555.00
862.53	668.00
862.71	652.00
862.90	567.00
863.08	594.00
863.27	579.00
863.45	568.00
863.64	598.00
863.82	581.00
864.01	533.00
864.19	673.00
864.37	684.00
864.56	623.00
864.74	590.00
864.93	537.00
865.11	582.00
865.30	748.00
865.48	665.00
865.67	575.00
865.85	569.00
866.04	653.00
866.22	636.00
866.41	626.00
866.59	577.00
866.78	524.00
866.96	560.00
867.15	542.00
867.33	581.00
867.52	539.00
867.70	600.00
867.89	562.00
868.07	529.00
868.26	543.00
868.44	597.00
868.63	644.00
868.81	605.00
869.00	533.00
869.18	549.00
869.37	586.00
869.55	578.00
869.74	557.00
869.92	515.00
870.10	488.00
870.29	475.00
870.47	485.00
870.66	550.00
870.84	504.00
871.03	470.00
871.21	531.00
871.40	523.00
871.58	555.00
871.77	482.00
871.95	511.00
872.14	496.00
872.32	549.00
872.51	591.00
872.69	503.00
872.87	488.00
873.06	466.00
873.24	507.00
873.43	531.00
873.61	509.00
873.80	484.00
873.98	581.00
874.17	434.00
874.35	402.00
874.54	482.00
874.72	454.00
874.90	481.00
875.09	509.00
875.27	487.00
875.46	533.00
875.64	519.00
875.83	515.00
876.01	534.00
876.20	509.00
876.38	497.00
876.56	414.00
876.75	437.00
876.93	495.00
877.12	479.00
877.30	466.00
877.49	585.00
877.67	541.00
877.86	467.00
878.04	458.00
878.22	485.00
878.41	514.00
878.59	515.00
878.78	468.00
878.96	495.00
879.15	507.00
879.33	527.00
879.51	544.00
879.70	464.00
879.88	456.00
880.07	481.00
880.25	510.00
880.44	538.00
880.62	500.00
880.80	520.00
880.99	490.00
881.17	427.00
881.36	501.00
881.54	522.00
881.73	518.00
881.91	391.00
882.09	459.00
882.28	468.00
882.46	509.00
882.65	477.00
882.83	453.00
883.02	565.00
883.20	490.00
883.38	483.00
883.57	479.00
883.75	461.00
883.94	463.00
884.12	405.00
884.30	430.00
884.49	498.00
884.67	497.00
884.86	430.00
885.04	464.00
885.22	455.00
885.41	473.00
885.59	500.00
885.78	509.00
885.96	550.00
886.14	449.00
886.33	498.00
886.51	472.00
886.70	500.00
886.88	541.00
887.06	428.00
887.25	473.00
887.43	498.00
887.62	510.00
887.80	437.00
887.98	452.00
888.17	420.00
888.35	469.00
888.54	485.00
888.72	508.00
888.90	516.00
889.09	502.00
889.27	458.00
889.46	543.00
889.64	396.00
889.82	474.00
890.01	451.00
890.19	453.00
890.38	423.00
890.56	506.00
890.74	451.00
890.93	507.00
891.11	492.00
891.29	447.00
891.48	479.00
891.66	498.00
891.85	436.00
892.03	478.00
892.21	418.00
892.40	448.00
892.58	513.00
892.76	496.00
892.95	431.00
893.13	547.00
893.32	502.00
893.50	449.00
893.68	466.00
893.87	420.00
894.05	464.00
894.23	441.00
894.42	449.00
894.60	495.00
894.79	476.00
894.97	438.00
895.15	434.00
895.34	456.00
895.52	544.00
895.70	554.00
895.89	475.00
896.07	513.00
896.25	492.00
896.44	476.00
896.62	475.00
896.81	446.00
896.99	415.00
897.17	450.00
897.36	498.00
897.54	482.00
897.72	457.00
897.91	550.00
898.09	513.00
898.27	551.00
898.46	473.00
898.64	447.00
898.82	447.00
899.01	409.00
899.19	457.00
899.37	492.00
899.56	486.00
899.74	464.00
899.92	479.00
900.11	541.00
900.29	554.00
900.47	507.00
900.66	514.00
900.84	466.00
901.03	475.00
901.21	525.00
901.39	472.00
901.58	449.00
901.76	455.00
901.94	524.00
902.13	499.00
902.31	508.00
902.49	471.00
902.68	470.00
902.86	498.00
903.04	538.00
903.23	466.00
903.41	437.00
903.59	413.00
903.78	479.00
903.96	565.00
904.14	593.00
904.32	510.00
904.51	508.00
904.69	471.00
904.87	468.00
905.06	492.00
905.24	467.00
905.42	546.00
905.61	502.00
905.79	458.00
905.97	472.00
906.16	526.00
906.34	525.00
906.52	453.00
906.71	497.00
906.89	526.00
907.07	515.00
907.26	556.00
907.44	545.00
907.62	521.00
907.81	453.00
907.99	508.00
908.17	528.00
908.35	487.00
908.54	437.00
908.72	408.00
908.90	434.00
909.09	480.00
909.27	548.00
909.45	534.00
909.64	578.00
909.82	553.00
910.00	514.00
910.18	496.00
910.37	511.00
910.55	497.00
910.73	495.00
910.92	431.00
911.10	434.00
911.28	457.00
911.47	475.00
911.65	578.00
911.83	533.00
912.01	521.00
912.20	505.00
912.38	472.00
912.56	525.00
912.75	448.00
912.93	497.00
913.11	449.00
913.29	492.00
913.48	472.00
913.66	470.00
913.84	485.00
914.03	524.00
914.21	502.00
914.39	516.00
914.57	479.00
914.76	447.00
914.94	496.00
915.12	535.00
915.31	538.00
915.49	474.00
915.67	520.00
915.85	558.00
916.04	494.00
916.22	463.00
916.40	479.00
916.58	538.00
916.77	527.00
916.95	471.00
917.13	424.00
917.32	488.00
917.50	455.00
917.68	411.00
917.86	419.00
918.05	448.00
918.23	528.00
918.41	507.00
918.59	429.00
918.78	457.00
918.96	460.00
919.14	492.00
919.32	441.00
919.51	398.00
919.69	459.00
919.87	512.00
920.05	436.00
920.24	479.00
920.42	491.00
920.60	448.00
920.78	482.00
920.97	506.00
921.15	502.00
921.33	435.00
921.52	456.00
921.70	487.00
921.88	395.00
922.06	435.00
922.24	459.00
922.43	444.00
922.61	489.00
922.79	493.00
922.97	501.00
923.16	429.00
923.34	440.00
923.52	442.00
923.70	411.00
923.89	415.00
924.07	446.00
924.25	432.00
924.43	413.00
924.62	416.00
924.80	439.00
924.98	475.00
925.16	458.00
925.35	419.00
925.53	362.00
925.71	459.00
925.89	432.00
926.08	471.00
926.26	452.00
926.44	431.00
926.62	438.00
926.80	436.00
926.99	409.00
927.17	380.00
927.35	381.00
927.53	431.00
927.72	504.00
927.90	479.00
928.08	436.00
928.26	375.00
928.44	400.00
928.63	502.00
928.81	423.00
928.99	398.00
929.17	362.00
929.36	346.00
929.54	363.00
929.72	393.00
929.90	391.00
930.08	471.00
930.27	391.00
930.45	371.00
930.63	429.00
930.81	448.00
930.99	448.00
931.18	446.00
931.36	395.00
931.54	434.00
931.72	384.00
931.90	372.00
932.09	395.00
932.27	425.00
932.45	437.00
932.63	398.00
932.81	386.00
933.00	366.00
933.18	352.00
933.36	347.00
933.54	309.00
933.72	387.00
933.91	331.00
934.09	338.00
934.27	382.00
934.45	366.00
934.63	372.00
934.82	361.00
935.00	325.00
935.18	363.00
935.36	437.00
935.54	362.00
935.73	418.00
935.91	365.00
936.09	329.00
936.27	343.00
936.45	307.00
936.64	301.00
936.82	333.00
937.00	237.00
937.18	342.00
937.36	339.00
937.54	273.00
937.73	251.00
937.91	290.00
938.09	313.00
938.27	301.00
938.45	287.00
938.63	226.00
938.82	287.00
939.00	337.00
939.18	273.00
939.36	210.00
939.54	197.00
939.73	243.00
939.91	260.00
940.09	245.00
940.27	203.00
940.45	156.00
940.63	268.00
940.82	234.00
941.00	262.00
941.18	271.00
941.36	204.00
941.54	234.00
941.72	237.00
941.91	223.00
942.09	184.00
942.27	134.00
942.45	199.00
942.63	211.00
942.81	236.00
942.99	248.00
943.18	231.00
943.36	211.00
943.54	236.00
943.72	230.00
943.90	266.00
944.08	208.00
944.27	194.00
944.45	232.00
944.63	193.00
944.81	141.00
944.99	178.00
945.17	171.00
945.35	138.00
945.54	220.00
945.72	198.00
945.90	173.00
946.08	222.00
946.26	227.00
946.44	218.00
946.62	183.00
946.81	186.00
946.99	177.00
947.17	252.00
947.35	217.00
947.53	176.00
947.71	189.00
947.89	167.00
948.07	176.00
948.26	252.00
948.44	186.00
948.62	201.00
948.80	217.00
948.98	194.00
949.16	208.00
949.34	185.00
949.53	290.00
949.71	233.00
949.89	185.00
950.07	242.00
950.25	281.00
950.43	241.00
950.61	247.00
950.79	211.00
950.98	237.00
951.16	203.00
951.34	197.00
951.52	239.00
951.70	197.00
951.88	122.00
952.06	144.00
952.24	147.00
952.42	117.00
952.61	129.00
952.79	127.00
952.97	132.00
953.15	207.00
953.33	276.00
953.51	180.00
953.69	211.00
953.87	212.00
954.05	208.00
954.24	156.00
954.42	176.00
954.60	205.00
954.78	172.00
954.96	202.00
955.14	170.00
955.32	184.00
955.50	226.00
955.68	182.00
955.86	231.00
956.05	253.00
956.23	188.00
956.41	163.00
956.59	195.00
956.77	132.00
956.95	209.00
957.13	236.00
957.31	227.00
957.49	168.00
957.67	170.00
957.86	200.00
958.04	148.00
958.22	211.00
958.40	196.00
958.58	181.00
958.76	160.00
958.94	162.00
959.12	233.00
959.30	196.00
959.48	196.00
959.66	212.00
959.84	237.00
960.03	203.00
960.21	190.00
960.39	202.00
960.57	258.00
960.75	188.00
960.93	198.00
961.11	245.00
961.29	259.00
961.47	165.00
961.65	106.00
961.83	123.00
962.01	188.00
962.19	199.00
962.37	144.00
962.56	117.00
962.74	145.00
962.92	222.00
963.10	238.00
963.28	196.00
963.46	214.00
963.64	155.00
963.82	121.00
964.00	197.00
964.18	254.00
964.36	197.00
964.54	161.00
964.72	190.00
964.90	168.00
965.08	223.00
965.27	157.00
965.45	195.00
965.63	231.00
965.81	152.00
965.99	181.00
966.17	221.00
966.35	151.00
966.53	141.00
966.71	194.00
966.89	218.00
967.07	209.00
967.25	155.00
967.43	172.00
967.61	131.00
967.79	195.00
967.97	171.00
968.15	173.00
968.33	158.00
968.51	190.00
968.69	208.00
968.87	199.00
969.06	168.00
969.24	175.00
969.42	209.00
969.60	184.00
969.78	213.00
969.96	178.00
970.14	144.00
970.32	219.00
970.50	176.00
970.68	251.00
970.86	203.00
971.04	126.00
971.22	161.00
971.40	118.00
971.58	106.00
971.76	182.00
971.94	217.00
972.12	200.00
972.30	275.00
972.48	163.00
972.66	177.00
972.84	147.00
973.02	154.00
973.20	151.00
973.38	112.00
973.56	176.00
973.74	206.00
973.92	167.00
974.10	144.00
974.28	144.00
974.46	126.00
974.64	169.00
974.82	94.00
975.00	122.00
975.18	268.00
975.36	213.00
975.54	104.00
975.72	57.00
975.90	171.00
976.08	174.00
976.26	115.00
976.44	170.00
976.62	247.00
976.80	194.00
976.98	173.00
977.16	152.00
977.34	221.00
977.52	206.00
977.70	217.00
977.88	173.00
978.06	128.00
978.24	150.00
978.42	117.00
978.60	159.00
978.78	106.00
978.96	160.00
979.14	151.00
979.32	177.00
979.50	242.00
979.68	223.00
979.86	186.00
980.04	110.00
980.22	130.00
980.40	189.00
980.58	159.00
980.76	239.00
980.94	215.00
981.12	169.00
981.30	137.00
981.48	125.00
981.66	83.00
981.84	132.00
982.02	142.00
982.20	117.00
982.38	178.00
982.56	187.00
982.74	156.00
982.92	135.00
983.10	72.00
983.28	27.00
983.46	118.00
983.64	154.00
983.82	103.00
984.00	136.00
984.18	105.00
984.36	79.00
984.54	125.00
984.72	125.00
984.90	106.00
985.08	130.00
985.26	156.00
985.44	124.00
985.62	150.00
985.80	101.00
985.98	125.00
986.16	114.00
986.34	114.00
986.51	183.00
986.69	139.00
986.87	43.00
987.05	99.00
987.23	113.00
987.41	159.00
987.59	82.00
987.77	84.00
987.95	138.00
988.13	177.00
988.31	146.00
988.49	165.00
988.67	176.00
988.85	105.00
989.03	115.00
989.21	159.00
989.39	142.00
989.57	76.00
989.75	35.00
989.93	43.00
990.11	108.00
990.28	129.00
990.46	88.00
990.64	157.00
990.82	175.00
991.00	138.00
991.18	78.00
991.36	64.00
991.54	111.00
991.72	169.00
991.90	175.00
992.08	225.00
992.26	138.00
992.44	161.00
992.62	173.00
992.80	117.00
992.98	218.00
993.15	103.00
993.33	49.00
993.51	159.00
993.69	166.00
993.87	175.00
994.05	144.00
994.23	162.00
994.41	169.00
994.59	117.00
994.77	86.00
994.95	118.00
995.13	119.00
995.31	67.00
995.48	123.00
995.66	99.00
995.84	71.00
996.02	90.00
996.20	77.00
996.38	120.00
996.56	146.00
996.74	1.00
996.92	39.00
997.10	102.00
997.28	120.00
997.46	77.00
997.63	131.00
997.81	92.00
997.99	139.00
998.17	68.00
998.35	66.00
998.53	165.00
998.71	140.00
998.89	111.00
999.07	114.00
999.25	73.00
999.43	113.00
999.60	140.00
999.78	164.00
999.96	145.00
1000.14	96.00
1000.32	141.00
1000.50	112.00
1000.68	94.00
1000.86	93.00
1001.04	100.00
1001.21	33.00
1001.39	92.00
1001.57	61.00
1001.75	108.00
1001.93	66.00
1002.11	97.00
1002.29	142.00
1002.47	116.00
1002.65	84.00
1002.82	117.00
1003.00	95.00
1003.18	29.00
1003.36	-34.00
1003.54	86.00
1003.72	113.00
1003.90	40.00
1004.08	52.00
1004.26	69.00
1004.43	127.00
1004.61	98.00
1004.79	110.00
1004.97	84.00
1005.15	145.00
1005.33	167.00
1005.51	107.00
1005.69	167.00
1005.86	122.00
1006.04	94.00
1006.22	146.00
1006.40	142.00
1006.58	171.00
1006.76	109.00
1006.94	89.00
1007.12	171.00
1007.29	63.00
1007.47	81.00
1007.65	80.00
1007.83	22.00
1008.01	42.00
1008.19	94.00
1008.37	127.00
1008.54	138.00
1008.72	157.00
1008.90	143.00
1009.08	75.00
1009.26	123.00
1009.44	71.00
1009.62	18.00
1009.79	31.00
1009.97	55.00
1010.15	101.00
1010.33	136.00
1010.51	87.00
1010.69	135.00
1010.87	129.00
1011.04	102.00
1011.22	144.00
1011.40	126.00
1011.58	63.00
1011.76	73.00
1011.94	121.00
1012.11	126.00
1012.29	169.00
1012.47	52.00
1012.65	161.00
1012.83	152.00
1013.01	95.00
1013.18	110.00
1013.36	170.00
1013.54	229.00
1013.72	180.00
1013.90	50.00
1014.08	107.00
1014.25	111.00
1014.43	14.00
1014.61	-46.00
1014.79	97.00
1014.97	131.00
1015.15	85.00
1015.32	105.00
1015.50	83.00
1015.68	119.00
1015.86	133.00
1016.04	51.00
1016.22	54.00
1016.39	93.00
1016.57	117.00
1016.75	53.00
1016.93	79.00
1017.11	111.00
1017.29	146.00
1017.46	120.00
1017.64	82.00
1017.82	56.00
1018.00	74.00
1018.18	63.00
1018.35	128.00
1018.53	125.00
1018.71	104.00
1018.89	123.00
1019.07	155.00
1019.24	126.00
1019.42	108.00
1019.60	116.00
1019.78	38.00
1019.96	100.00
1020.14	83.00
1020.31	122.00
1020.49	54.00
1020.67	13.00
1020.85	68.00
1021.03	48.00
1021.20	61.00
1021.38	77.00
1021.56	81.00
1021.74	78.00
1021.92	126.00
1022.09	77.00
1022.27	24.00
1022.45	99.00
1022.63	13.00
1022.81	43.00
1022.98	68.00
1023.16	106.00
1023.34	67.00
1023.52	101.00
1023.69	60.00
1023.87	76.00
1024.05	113.00
1024.23	56.00
1024.41	62.00
1024.58	82.00
1024.76	134.00
1024.94	178.00
1025.12	200.00
1025.30	95.00
1025.47	67.00
1025.65	77.00
1025.83	85.00
1026.01	146.00
1026.18	126.00
1026.36	99.00
1026.54	82.00
1026.72	99.00
1026.90	81.00
1027.07	71.00
1027.25	60.00
1027.43	79.00
1027.61	42.00
1027.78	87.00
1027.96	148.00
1028.14	72.00
1028.32	78.00
1028.49	103.00
1028.67	46.00
1028.85	76.00
1029.03	194.00
1029.21	89.00
1029.38	107.00
1029.56	101.00
1029.74	134.00
1029.92	47.00
1030.09	57.00
1030.27	2.00
1030.45	36.00
1030.63	91.00
1030.80	54.00
1030.98	55.00
1031.16	59.00
1031.34	54.00
1031.51	101.00
1031.69	67.00
1031.87	71.00
1032.05	74.00
1032.22	129.00
1032.40	47.00
1032.58	70.00
1032.76	98.00
1032.93	49.00
1033.11	-1.00
1033.29	49.00
1033.47	95.00
1033.64	43.00
1033.82	48.00
1034.00	106.00
1034.18	108.00
1034.35	131.00
1034.53	128.00
1034.71	104.00
1034.89	99.00
1035.06	118.00
1035.24	112.00
1035.42	104.00
1035.59	124.00
1035.77	73.00
1035.95	91.00
1036.13	102.00
1036.30	70.00
1036.48	24.00
1036.66	97.00
1036.84	122.00
1037.01	49.00
1037.19	-23.00
1037.37	34.00
1037.54	40.00
1037.72	73.00
1037.90	63.00
1038.08	71.00
1038.25	103.00
1038.43	42.00
1038.61	104.00
1038.79	62.00
1038.96	162.00
1039.14	96.00
1039.32	53.00
1039.49	54.00
1039.67	81.00
1039.85	45.00
1040.03	94.00
1040.20	61.00
1040.38	59.00
1040.56	67.00
1040.73	132.00
1040.91	93.00
1041.09	30.00
1041.27	52.00
1041.44	77.00
1041.62	86.00
1041.80	85.00
1041.97	39.00
1042.15	52.00
1042.33	49.00
1042.50	71.00
1042.68	63.00
1042.86	40.00
1043.04	48.00
1043.21	49.00
1043.39	100.00
1043.57	89.00
1043.74	66.00
1043.92	48.00
1044.10	66.00
1044.27	48.00
1044.45	13.00
1044.63	75.00
1044.80	82.00
1044.98	95.00
1045.16	48.00
1045.34	8.00
1045.51	8.00
1045.69	93.00
1045.87	30.00
1046.04	54.00
1046.22	24.00
1046.40	44.00
1046.57	53.00
1046.75	45.00
1046.93	111.00
1047.10	150.00
1047.28	108.00
1047.46	97.00
1047.63	113.00
1047.81	100.00
1047.99	81.00
1048.16	78.00
1048.34	115.00
1048.52	111.00
1048.69	74.00
1048.87	124.00
1049.05	113.00
1049.22	22.00
1049.40	15.00
1049.58	35.00
1049.75	-2.00
1049.93	94.00
1050.11	33.00
1050.28	10.00
1050.46	27.00
1050.64	69.00
1050.81	67.00
1050.99	15.00
1051.17	127.00
1051.34	150.00
1051.52	139.00
1051.70	112.00
1051.87	42.00
1052.05	75.00
1052.23	87.00
1052.40	54.00
1052.58	40.00
1052.76	77.00
1052.93	150.00
1053.11	56.00
1053.29	113.00
1053.46	82.00
1053.64	72.00
1053.82	61.00
1053.99	104.00
1054.17	88.00
1054.35	145.00
1054.52	84.00
1054.70	89.00
1054.87	108.00
1055.05	104.00
1055.23	81.00
1055.40	84.00
1055.58	109.00
1055.76	24.00
1055.93	80.00
1056.11	101.00
1056.29	88.00
1056.46	73.00
1056.64	72.00
1056.81	32.00
1056.99	32.00
1057.17	16.00
1057.34	20.00
1057.52	24.00
1057.70	-6.00
1057.87	118.00
1058.05	164.00
1058.22	108.00
1058.40	132.00
1058.58	29.00
1058.75	9.00
1058.93	4.00
1059.11	-8.00
1059.28	68.00
1059.46	127.00
1059.63	71.00
1059.81	40.00
1059.99	82.00
1060.16	-24.00
1060.34	45.00
1060.52	83.00
1060.69	60.00
1060.87	61.00
1061.04	36.00
1061.22	32.00
