367.62	12.00
367.82	-6.00
368.02	15.00
368.23	17.00
368.43	-18.00
368.63	-18.00
368.83	-3.00
369.04	20.00
369.24	-23.00
369.44	51.00
369.65	93.00
369.85	-3.00
370.05	-40.00
370.25	-47.00
370.46	-51.00
370.66	-61.00
370.86	-10.00
371.07	70.00
371.27	37.00
371.47	-17.00
371.67	-2.00
371.88	9.00
372.08	47.00
372.28	53.00
372.49	69.00
372.69	-15.00
372.89	-16.00
373.09	-69.00
373.30	-32.00
373.50	2.00
373.70	13.00
373.91	12.00
374.11	31.00
374.31	66.00
374.51	-3.00
374.72	-64.00
374.92	-18.00
375.12	9.00
375.33	-23.00
375.53	-27.00
375.73	-18.00
375.93	31.00
376.14	12.00
376.34	-54.00
376.54	-28.00
376.74	43.00
376.95	52.00
377.15	92.00
377.35	59.00
377.55	-26.00
377.76	-35.00
377.96	-18.00
378.16	-30.00
378.37	24.00
378.57	-31.00
378.77	-31.00
378.97	11.00
379.18	51.00
379.38	12.00
379.58	6.00
379.78	41.00
379.99	97.00
380.19	47.00
380.39	20.00
380.59	15.00
380.80	36.00
381.00	15.00
381.20	-19.00
381.40	-2.00
381.61	8.00
381.81	14.00
382.01	54.00
382.21	67.00
382.42	-9.00
382.62	48.00
382.82	59.00
383.02	49.00
383.23	-13.00
383.43	-23.00
383.63	-42.00
383.83	-67.00
384.04	15.00
384.24	14.00
384.44	5.00
384.64	55.00
384.85	-1.00
385.05	54.00
385.25	-11.00
385.45	-39.00
385.66	6.00
385.86	114.00
386.06	21.00
386.26	25.00
386.47	28.00
386.67	-15.00
386.87	31.00
387.07	-18.00
387.27	8.00
387.48	44.00
387.68	47.00
387.88	0.00
388.08	7.00
388.29	-90.00
388.49	-26.00
388.69	-20.00
388.89	12.00
389.10	16.00
389.30	9.00
389.50	11.00
389.70	14.00
389.90	4.00
390.11	0.00
390.31	-1.00
390.51	48.00
390.71	31.00
390.92	2.00
391.12	2.00
391.32	52.00
391.52	-18.00
391.72	-31.00
391.93	-19.00
392.13	1.00
392.33	24.00
392.53	25.00
392.74	33.00
392.94	-26.00
393.14	-13.00
393.34	22.00
393.54	42.00
393.75	5.00
393.95	-53.00
394.15	-50.00
394.35	-17.00
394.56	47.00
394.76	93.00
394.96	60.00
395.16	-5.00
395.36	-21.00
395.57	-30.00
395.77	29.00
395.97	52.00
396.17	57.00
396.37	23.00
396.58	29.00
396.78	-1.00
396.98	44.00
397.18	32.00
397.38	-38.00
397.59	-48.00
397.79	-1.00
397.99	24.00
398.19	38.00
398.39	-27.00
398.60	-16.00
398.80	24.00
399.00	32.00
399.20	51.00
399.40	21.00
399.61	18.00
399.81	0.00
400.01	30.00
400.21	-20.00
400.41	-5.00
400.62	-31.00
400.82	-22.00
401.02	49.00
401.22	62.00
401.42	35.00
401.63	25.00
401.83	-39.00
402.03	8.00
402.23	39.00
402.43	26.00
402.64	34.00
402.84	14.00
403.04	48.00
403.24	54.00
403.44	33.00
403.64	63.00
403.85	-5.00
404.05	10.00
404.25	9.00
404.45	31.00
404.65	26.00
404.86	17.00
405.06	35.00
405.26	-6.00
405.46	18.00
405.66	71.00
405.86	-19.00
406.07	96.00
406.27	59.00
406.47	37.00
406.67	4.00
406.87	89.00
407.07	118.00
407.28	17.00
407.48	-26.00
407.68	-20.00
407.88	19.00
408.08	37.00
408.28	35.00
408.49	21.00
408.69	36.00
408.89	34.00
409.09	72.00
409.29	106.00
409.49	12.00
409.70	-16.00
409.90	-5.00
410.10	-24.00
410.30	-7.00
410.50	6.00
410.70	14.00
410.91	42.00
411.11	32.00
411.31	32.00
411.51	55.00
411.71	27.00
411.91	-21.00
412.12	22.00
412.32	42.00
412.52	55.00
412.72	3.00
412.92	56.00
413.12	59.00
413.32	-21.00
413.53	43.00
413.73	34.00
413.93	30.00
414.13	-4.00
414.33	55.00
414.53	56.00
414.74	11.00
414.94	-3.00
415.14	18.00
415.34	17.00
415.54	22.00
415.74	38.00
415.94	47.00
416.15	89.00
416.35	57.00
416.55	-11.00
416.75	69.00
416.95	10.00
417.15	53.00
417.35	14.00
417.56	-10.00
417.76	18.00
417.96	21.00
418.16	33.00
418.36	47.00
418.56	19.00
418.76	81.00
418.97	78.00
419.17	99.00
419.37	76.00
419.57	46.00
419.77	38.00
419.97	41.00
420.17	36.00
420.37	54.00
420.58	65.00
420.78	67.00
420.98	68.00
421.18	78.00
421.38	25.00
421.58	22.00
421.78	9.00
421.98	128.00
422.19	77.00
422.39	49.00
422.59	101.00
422.79	103.00
422.99	4.00
423.19	30.00
423.39	95.00
423.59	4.00
423.80	11.00
424.00	-12.00
424.20	49.00
424.40	75.00
424.60	54.00
424.80	48.00
425.00	-52.00
425.20	-51.00
425.40	42.00
425.61	69.00
425.81	4.00
426.01	-22.00
426.21	57.00
426.41	13.00
426.61	9.00
426.81	12.00
427.01	81.00
427.21	98.00
427.42	43.00
427.62	69.00
427.82	16.00
428.02	32.00
428.22	27.00
428.42	-1.00
428.62	61.00
428.82	84.00
429.02	82.00
429.23	97.00
429.43	51.00
429.63	39.00
429.83	50.00
430.03	69.00
430.23	75.00
430.43	76.00
430.63	46.00
430.83	23.00
431.03	99.00
431.24	37.00
431.44	-10.00
431.64	11.00
431.84	3.00
432.04	34.00
432.24	14.00
432.44	65.00
432.64	136.00
432.84	107.00
433.04	3.00
433.24	79.00
433.45	41.00
433.65	88.00
433.85	135.00
434.05	53.00
434.25	45.00
434.45	42.00
434.65	42.00
434.85	86.00
435.05	73.00
435.25	16.00
435.45	25.00
435.65	21.00
435.86	47.00
436.06	28.00
436.26	78.00
436.46	80.00
436.66	105.00
436.86	60.00
437.06	18.00
437.26	33.00
437.46	-4.00
437.66	-7.00
437.86	-10.00
438.06	23.00
438.26	54.00
438.47	38.00
438.67	37.00
438.87	21.00
439.07	17.00
439.27	7.00
439.47	-1.00
439.67	6.00
439.87	15.00
440.07	22.00
440.27	15.00
440.47	81.00
440.67	111.00
440.87	39.00
441.07	57.00
441.27	42.00
441.48	22.00
441.68	46.00
441.88	64.00
442.08	71.00
442.28	35.00
442.48	45.00
442.68	21.00
442.88	-48.00
443.08	-2.00
443.28	93.00
443.48	61.00
443.68	82.00
443.88	132.00
444.08	85.00
444.28	80.00
444.48	75.00
444.68	111.00
444.88	46.00
445.09	35.00
445.29	28.00
445.49	62.00
445.69	63.00
445.89	-3.00
446.09	37.00
446.29	62.00
446.49	53.00
446.69	55.00
446.89	45.00
447.09	80.00
447.29	41.00
447.49	39.00
447.69	8.00
447.89	31.00
448.09	92.00
448.29	99.00
448.49	92.00
448.69	38.00
448.89	69.00
449.09	84.00
449.29	126.00
449.49	94.00
449.70	55.00
449.90	80.00
450.10	88.00
450.30	69.00
450.50	13.00
450.70	71.00
450.90	120.00
451.10	88.00
451.30	89.00
451.50	63.00
451.70	46.00
451.90	102.00
452.10	84.00
452.30	36.00
452.50	83.00
452.70	67.00
452.90	83.00
453.10	114.00
453.30	112.00
453.50	32.00
453.70	8.00
453.90	93.00
454.10	121.00
454.30	46.00
454.50	38.00
454.70	104.00
454.90	119.00
455.10	107.00
455.30	109.00
455.50	79.00
455.70	16.00
455.90	27.00
456.10	26.00
456.30	95.00
456.50	81.00
456.70	54.00
456.90	57.00
457.10	129.00
457.30	93.00
457.50	93.00
457.70	137.00
457.90	93.00
458.10	62.00
458.30	103.00
458.50	95.00
458.70	98.00
458.90	101.00
459.10	83.00
459.30	79.00
459.50	99.00
459.70	55.00
459.90	60.00
460.10	109.00
460.30	136.00
460.50	107.00
460.70	9.00
460.90	52.00
461.10	124.00
461.30	84.00
461.50	74.00
461.70	65.00
461.90	64.00
462.10	88.00
462.30	124.00
462.50	127.00
462.70	102.00
462.90	64.00
463.10	92.00
463.30	66.00
463.50	32.00
463.70	59.00
463.90	74.00
464.10	92.00
464.30	51.00
464.50	110.00
464.70	109.00
464.90	71.00
465.10	46.00
465.30	84.00
465.50	35.00
465.70	39.00
465.90	78.00
466.10	141.00
466.30	144.00
466.50	150.00
466.70	117.00
466.90	71.00
467.10	154.00
467.30	96.00
467.50	89.00
467.70	108.00
467.90	52.00
468.10	-11.00
468.30	52.00
468.50	80.00
468.70	86.00
468.90	124.00
469.10	13.00
469.30	40.00
469.50	88.00
469.70	93.00
469.90	100.00
470.10	103.00
470.30	154.00
470.50	64.00
470.70	49.00
470.90	84.00
471.10	56.00
471.29	73.00
471.49	56.00
471.69	59.00
471.89	32.00
472.09	74.00
472.29	120.00
472.49	146.00
472.69	124.00
472.89	56.00
473.09	109.00
473.29	88.00
473.49	37.00
473.69	10.00
473.89	52.00
474.09	40.00
474.29	156.00
474.49	121.00
474.69	87.00
474.89	144.00
475.09	162.00
475.29	130.00
475.49	72.00
475.69	118.00
475.88	120.00
476.08	111.00
476.28	119.00
476.48	98.00
476.68	123.00
476.88	78.00
477.08	78.00
477.28	80.00
477.48	77.00
477.68	128.00
477.88	155.00
478.08	125.00
478.28	76.00
478.48	85.00
478.68	54.00
478.88	11.00
479.08	31.00
479.28	84.00
479.47	71.00
479.67	51.00
479.87	36.00
480.07	84.00
480.27	66.00
480.47	93.00
480.67	75.00
480.87	82.00
481.07	28.00
481.27	9.00
481.47	96.00
481.67	105.00
481.87	47.00
482.07	154.00
482.27	113.00
482.46	24.00
482.66	108.00
482.86	108.00
483.06	121.00
483.26	105.00
483.46	74.00
483.66	66.00
483.86	66.00
484.06	70.00
484.26	100.00
484.46	33.00
484.66	95.00
484.86	85.00
485.05	49.00
485.25	28.00
485.45	65.00
485.65	168.00
485.85	66.00
486.05	65.00
486.25	94.00
486.45	130.00
486.65	94.00
486.85	123.00
487.05	130.00
487.25	75.00
487.44	69.00
487.64	103.00
487.84	58.00
488.04	67.00
488.24	49.00
488.44	144.00
488.64	134.00
488.84	97.00
489.04	103.00
489.24	59.00
489.43	124.00
489.63	119.00
489.83	96.00
490.03	79.00
490.23	118.00
490.43	132.00
490.63	146.00
490.83	120.00
491.03	81.00
491.23	93.00
491.42	80.00
491.62	71.00
491.82	128.00
492.02	139.00
492.22	71.00
492.42	78.00
492.62	102.00
492.82	142.00
493.02	183.00
493.22	186.00
493.41	117.00
493.61	171.00
493.81	157.00
494.01	74.00
494.21	95.00
494.41	147.00
494.61	209.00
494.81	104.00
495.01	119.00
495.20	142.00
495.40	121.00
495.60	125.00
495.80	124.00
496.00	174.00
496.20	123.00
496.40	135.00
496.60	136.00
496.79	82.00
496.99	173.00
497.19	157.00
497.39	169.00
497.59	124.00
497.79	171.00
497.99	130.00
498.19	109.00
498.38	109.00
498.58	138.00
498.78	102.00
498.98	141.00
499.18	143.00
499.38	82.00
499.58	133.00
499.78	129.00
499.97	152.00
500.17	142.00
500.37	115.00
500.57	102.00
500.77	105.00
500.97	126.00
501.17	67.00
501.37	82.00
501.56	137.00
501.76	101.00
501.96	167.00
502.16	114.00
502.36	109.00
502.56	171.00
502.76	156.00
502.95	204.00
503.15	147.00
503.35	152.00
503.55	163.00
503.75	128.00
503.95	152.00
504.15	182.00
504.34	186.00
504.54	115.00
504.74	110.00
504.94	166.00
505.14	123.00
505.34	145.00
505.54	153.00
505.73	155.00
505.93	195.00
506.13	160.00
506.33	97.00
506.53	199.00
506.73	172.00
506.92	150.00
507.12	98.00
507.32	97.00
507.52	166.00
507.72	140.00
507.92	159.00
508.12	121.00
508.31	108.00
508.51	65.00
508.71	138.00
508.91	163.00
509.11	144.00
509.31	184.00
509.50	138.00
509.70	123.00
509.90	137.00
510.10	112.00
510.30	110.00
510.50	123.00
510.69	150.00
510.89	176.00
511.09	160.00
511.29	141.00
511.49	175.00
511.69	165.00
511.88	116.00
512.08	174.00
512.28	186.00
512.48	197.00
512.68	96.00
512.88	78.00
513.07	149.00
513.27	135.00
513.47	181.00
513.67	174.00
513.87	143.00
514.06	143.00
514.26	139.00
514.46	162.00
514.66	197.00
514.86	122.00
515.06	142.00
515.25	146.00
515.45	153.00
515.65	175.00
515.85	211.00
516.05	95.00
516.24	161.00
516.44	149.00
516.64	71.00
516.84	93.00
517.04	134.00
517.23	164.00
517.43	180.00
517.63	149.00
517.83	123.00
518.03	31.00
518.23	126.00
518.42	188.00
518.62	141.00
518.82	35.00
519.02	166.00
519.22	165.00
519.41	176.00
519.61	215.00
519.81	159.00
520.01	129.00
520.21	177.00
520.40	186.00
520.60	178.00
520.80	94.00
521.00	114.00
521.20	110.00
521.39	157.00
521.59	55.00
521.79	141.00
521.99	157.00
522.19	135.00
522.38	131.00
522.58	129.00
522.78	137.00
522.98	166.00
523.17	107.00
523.37	186.00
523.57	200.00
523.77	189.00
523.97	121.00
524.16	186.00
524.36	219.00
524.56	160.00
524.76	193.00
524.96	183.00
525.15	203.00
525.35	296.00
525.55	184.00
525.75	131.00
525.94	215.00
526.14	173.00
526.34	214.00
526.54	220.00
526.74	170.00
526.93	148.00
527.13	176.00
527.33	173.00
527.53	168.00
527.72	161.00
527.92	166.00
528.12	146.00
528.32	181.00
528.52	238.00
528.71	214.00
528.91	175.00
529.11	159.00
529.31	206.00
529.50	249.00
529.70	199.00
529.90	193.00
530.10	150.00
530.29	137.00
530.49	179.00
530.69	251.00
530.89	199.00
531.09	151.00
531.28	170.00
531.48	168.00
531.68	191.00
531.88	248.00
532.07	219.00
532.27	243.00
532.47	210.00
532.67	204.00
532.86	192.00
533.06	196.00
533.26	250.00
533.46	313.00
533.65	284.00
533.85	292.00
534.05	238.00
534.25	241.00
534.44	241.00
534.64	218.00
534.84	258.00
535.04	283.00
535.23	272.00
535.43	230.00
535.63	287.00
535.83	253.00
536.02	182.00
536.22	190.00
536.42	281.00
536.62	296.00
536.81	258.00
537.01	299.00
537.21	263.00
537.41	266.00
537.60	294.00
537.80	313.00
538.00	280.00
538.20	258.00
538.39	305.00
538.59	283.00
538.79	279.00
538.99	260.00
539.18	295.00
539.38	260.00
539.58	338.00
539.77	332.00
539.97	288.00
540.17	351.00
540.37	312.00
540.56	341.00
540.76	288.00
540.96	358.00
541.16	332.00
541.35	304.00
541.55	375.00
541.75	396.00
541.94	325.00
542.14	306.00
542.34	322.00
542.54	296.00
542.73	326.00
542.93	365.00
543.13	331.00
543.33	295.00
543.52	314.00
543.72	337.00
543.92	318.00
544.11	285.00
544.31	280.00
544.51	263.00
544.71	344.00
544.90	297.00
545.10	339.00
545.30	430.00
545.49	345.00
545.69	256.00
545.89	375.00
546.09	448.00
546.28	395.00
546.48	349.00
546.68	362.00
546.87	439.00
547.07	412.00
547.27	423.00
547.47	361.00
547.66	315.00
547.86	361.00
548.06	370.00
548.25	425.00
548.45	349.00
548.65	383.00
548.84	365.00
549.04	399.00
549.24	351.00
549.44	302.00
549.63	390.00
549.83	416.00
550.03	349.00
550.22	247.00
550.42	271.00
550.62	249.00
550.81	324.00
551.01	378.00
551.21	360.00
551.41	347.00
551.60	327.00
551.80	252.00
552.00	289.00
552.19	304.00
552.39	315.00
552.59	332.00
552.78	282.00
552.98	321.00
553.18	338.00
553.37	306.00
553.57	338.00
553.77	289.00
553.96	273.00
554.16	327.00
554.36	341.00
554.56	253.00
554.75	303.00
554.95	350.00
555.15	297.00
555.34	269.00
555.54	317.00
555.74	353.00
555.93	317.00
556.13	316.00
556.33	332.00
556.52	293.00
556.72	273.00
556.92	315.00
557.11	358.00
557.31	262.00
557.51	266.00
557.70	288.00
557.90	373.00
558.10	313.00
558.29	303.00
558.49	255.00
558.69	312.00
558.88	286.00
559.08	256.00
559.28	241.00
559.47	290.00
559.67	350.00
559.87	261.00
560.06	298.00
560.26	314.00
560.46	315.00
560.65	247.00
560.85	286.00
561.05	279.00
561.24	281.00
561.44	283.00
561.64	291.00
561.83	293.00
562.03	350.00
562.23	251.00
562.42	263.00
562.62	345.00
562.82	300.00
563.01	281.00
563.21	343.00
563.40	307.00
563.60	313.00
563.80	320.00
563.99	314.00
564.19	316.00
564.39	312.00
564.58	296.00
564.78	262.00
564.98	267.00
565.17	312.00
565.37	282.00
565.57	296.00
565.76	235.00
565.96	270.00
566.16	306.00
566.35	279.00
566.55	252.00
566.74	294.00
566.94	309.00
567.14	309.00
567.33	378.00
567.53	358.00
567.73	349.00
567.92	332.00
568.12	295.00
568.32	249.00
568.51	297.00
568.71	288.00
568.90	250.00
569.10	254.00
569.30	307.00
569.49	276.00
569.69	340.00
569.89	417.00
570.08	315.00
570.28	284.00
570.47	354.00
570.67	312.00
570.87	334.00
571.06	248.00
571.26	272.00
571.46	349.00
571.65	368.00
571.85	327.00
572.04	390.00
572.24	370.00
572.44	397.00
572.63	386.00
572.83	373.00
573.03	443.00
573.22	385.00
573.42	359.00
573.61	383.00
573.81	418.00
574.01	370.00
574.20	336.00
574.40	365.00
574.59	408.00
574.79	379.00
574.99	407.00
575.18	458.00
575.38	310.00
575.58	400.00
575.77	469.00
575.97	456.00
576.16	365.00
576.36	485.00
576.56	450.00
576.75	400.00
576.95	468.00
577.14	475.00
577.34	478.00
577.54	457.00
577.73	454.00
577.93	460.00
578.12	427.00
578.32	419.00
578.52	489.00
578.71	555.00
578.91	510.00
579.10	529.00
579.30	556.00
579.50	594.00
579.69	503.00
579.89	561.00
580.08	565.00
580.28	502.00
580.48	543.00
580.67	636.00
580.87	582.00
581.06	555.00
581.26	577.00
581.45	577.00
581.65	678.00
581.85	573.00
582.04	581.00
582.24	642.00
582.43	620.00
582.63	645.00
582.83	641.00
583.02	644.00
583.22	749.00
583.41	774.00
583.61	741.00
583.80	740.00
584.00	694.00
584.20	743.00
584.39	719.00
584.59	645.00
584.78	674.00
584.98	777.00
585.17	700.00
585.37	680.00
585.57	753.00
585.76	689.00
585.96	679.00
586.15	766.00
586.35	780.00
586.54	908.00
586.74	835.00
586.94	814.00
587.13	803.00
587.33	844.00
587.52	940.00
587.72	957.00
587.91	925.00
588.11	889.00
588.31	916.00
588.50	914.00
588.70	907.00
588.89	943.00
589.09	981.00
589.28	882.00
589.48	879.00
589.68	878.00
589.87	826.00
590.07	891.00
590.26	939.00
590.46	953.00
590.65	1001.00
590.85	1009.00
591.04	1003.00
591.24	978.00
591.44	997.00
591.63	1021.00
591.83	998.00
592.02	1032.00
592.22	1039.00
592.41	1077.00
592.61	1047.00
592.80	1083.00
593.00	1162.00
593.19	1133.00
593.39	1123.00
593.59	1093.00
593.78	1098.00
593.98	1175.00
594.17	1180.00
594.37	1100.00
594.56	1113.00
594.76	1141.00
594.95	1100.00
595.15	1092.00
595.34	1170.00
595.54	1093.00
595.73	1058.00
595.93	1154.00
596.13	1184.00
596.32	1155.00
596.52	1172.00
596.71	1233.00
596.91	1233.00
597.10	1166.00
597.30	1275.00
597.49	1294.00
597.69	1264.00
597.88	1279.00
598.08	1297.00
598.27	1192.00
598.47	1295.00
598.66	1302.00
598.86	1258.00
599.06	1291.00
599.25	1316.00
599.45	1323.00
599.64	1383.00
599.84	1383.00
600.03	1334.00
600.23	1312.00
600.42	1301.00
600.62	1275.00
600.81	1302.00
601.01	1329.00
601.20	1340.00
601.40	1282.00
601.59	1316.00
601.79	1287.00
601.98	1410.00
602.18	1332.00
602.37	1207.00
602.57	1292.00
602.76	1346.00
602.96	1377.00
603.15	1318.00
603.35	1266.00
603.54	1302.00
603.74	1377.00
603.93	1306.00
604.13	1309.00
604.32	1325.00
604.52	1319.00
604.71	1316.00
604.91	1369.00
605.10	1346.00
605.30	1364.00
605.49	1381.00
605.69	1344.00
605.88	1327.00
606.08	1261.00
606.27	1312.00
606.47	1400.00
606.66	1372.00
606.86	1326.00
607.05	1378.00
607.25	1404.00
607.44	1386.00
607.64	1344.00
607.83	1367.00
608.03	1319.00
608.22	1456.00
608.42	1383.00
608.61	1396.00
608.81	1511.00
609.00	1447.00
609.20	1434.00
609.39	1535.00
609.59	1596.00
609.78	1622.00
609.98	1830.00
610.17	1807.00
610.37	1940.00
610.56	2120.00
610.76	2257.00
610.95	2493.00
611.15	2618.00
611.34	2742.00
611.54	2800.00
611.73	2656.00
611.93	2414.00
612.12	2133.00
612.32	2013.00
612.51	1872.00
612.71	1808.00
612.90	1711.00
613.09	1591.00
613.29	1666.00
613.48	1654.00
613.68	1624.00
613.87	1617.00
614.07	1656.00
614.26	1613.00
614.46	1609.00
614.65	1558.00
614.85	1586.00
615.04	1524.00
615.24	1521.00
615.43	1494.00
615.63	1443.00
615.82	1439.00
616.02	1410.00
616.21	1488.00
616.40	1355.00
616.60	1355.00
616.79	1426.00
616.99	1405.00
617.18	1350.00
617.38	1383.00
617.57	1406.00
617.77	1379.00
617.96	1347.00
618.16	1369.00
618.35	1330.00
618.54	1329.00
618.74	1300.00
618.93	1370.00
619.13	1371.00
619.32	1423.00
619.52	1417.00
619.71	1380.00
619.91	1445.00
620.10	1456.00
620.30	1452.00
620.49	1457.00
620.68	1474.00
620.88	1435.00
621.07	1466.00
621.27	1464.00
621.46	1449.00
621.66	1467.00
621.85	1413.00
622.05	1513.00
622.24	1452.00
622.43	1473.00
622.63	1371.00
622.82	1446.00
623.02	1469.00
623.21	1452.00
623.41	1526.00
623.60	1475.00
623.80	1497.00
623.99	1459.00
624.18	1414.00
624.38	1447.00
624.57	1428.00
624.77	1468.00
624.96	1418.00
625.16	1537.00
625.35	1643.00
625.54	1542.00
625.74	1604.00
625.93	1577.00
626.13	1595.00
626.32	1544.00
626.52	1599.00
626.71	1564.00
626.90	1536.00
627.10	1530.00
627.29	1590.00
627.49	1623.00
627.68	1484.00
627.88	1522.00
628.07	1485.00
628.26	1601.00
628.46	1533.00
628.65	1622.00
628.85	1593.00
629.04	1538.00
629.23	1645.00
629.43	1679.00
629.62	1711.00
629.82	1704.00
630.01	1651.00
630.21	1760.00
630.40	1729.00
630.59	1712.00
630.79	1758.00
630.98	1775.00
631.18	1856.00
631.37	1801.00
631.56	1846.00
631.76	1829.00
631.95	1738.00
632.15	1776.00
632.34	1698.00
632.53	1585.00
632.73	1627.00
632.92	1615.00
633.12	1690.00
633.31	1707.00
633.50	1675.00
633.70	1618.00
633.89	1721.00
634.09	1721.00
634.28	1700.00
634.47	1761.00
634.67	1701.00
634.86	1717.00
635.06	1818.00
635.25	1798.00
635.44	1784.00
635.64	1775.00
635.83	1779.00
636.03	1771.00
636.22	1859.00
636.41	1854.00
636.61	1787.00
636.80	1751.00
637.00	1841.00
637.19	1777.00
637.38	1805.00
637.58	1812.00
637.77	1804.00
637.96	1920.00
638.16	1898.00
638.35	1854.00
638.55	1902.00
638.74	1866.00
638.93	1894.00
639.13	1957.00
639.32	1997.00
639.51	1979.00
639.71	1953.00
639.90	1907.00
640.10	1929.00
640.29	1951.00
640.48	1944.00
640.68	1937.00
640.87	1918.00
641.07	2026.00
641.26	2031.00
641.45	2020.00
641.65	2032.00
641.84	2117.00
642.03	2081.00
642.23	2039.00
642.42	2038.00
642.61	2094.00
642.81	2162.00
643.00	2152.00
643.20	2156.00
643.39	2083.00
643.58	2057.00
643.78	2055.00
643.97	2124.00
644.16	2158.00
644.36	2060.00
644.55	2100.00
644.74	2127.00
644.94	2064.00
645.13	2143.00
645.33	2138.00
645.52	2194.00
645.71	2154.00
645.91	2206.00
646.10	2206.00
646.29	2099.00
646.49	2173.00
646.68	2203.00
646.87	2327.00
647.07	2227.00
647.26	2198.00
647.45	2250.00
647.65	2279.00
647.84	2179.00
648.03	2253.00
648.23	2315.00
648.42	2323.00
648.62	2221.00
648.81	2172.00
649.00	2245.00
649.20	2232.00
649.39	2245.00
649.58	2291.00
649.78	2286.00
649.97	2341.00
650.16	2336.00
650.36	2408.00
650.55	2353.00
650.74	2383.00
650.94	2409.00
651.13	2302.00
651.32	2374.00
651.52	2335.00
651.71	2331.00
651.90	2388.00
652.10	2379.00
652.29	2393.00
652.48	2374.00
652.68	2370.00
652.87	2368.00
653.06	2369.00
653.26	2264.00
653.45	2295.00
653.64	2327.00
653.84	2232.00
654.03	2338.00
654.22	2386.00
654.42	2409.00
654.61	2398.00
654.80	2440.00
654.99	2373.00
655.19	2341.00
655.38	2369.00
655.57	2421.00
655.77	2296.00
655.96	2383.00
656.15	2390.00
656.35	2418.00
656.54	2348.00
656.73	2338.00
656.93	2383.00
657.12	2289.00
657.31	2393.00
657.51	2494.00
657.70	2327.00
657.89	2284.00
658.09	2288.00
658.28	2363.00
658.47	2247.00
658.66	2363.00
658.86	2388.00
659.05	2394.00
659.24	2316.00
659.44	2331.00
659.63	2353.00
659.82	2410.00
660.02	2375.00
660.21	2314.00
660.40	2307.00
660.60	2298.00
660.79	2333.00
660.98	2212.00
661.17	2263.00
661.37	2311.00
661.56	2265.00
661.75	2229.00
661.95	2246.00
662.14	2387.00
662.33	2358.00
662.52	2302.00
662.72	2337.00
662.91	2359.00
663.10	2337.00
663.30	2347.00
663.49	2227.00
663.68	2361.00
663.88	2269.00
664.07	2234.00
664.26	2354.00
664.45	2311.00
664.65	2223.00
664.84	2217.00
665.03	2187.00
665.23	2245.00
665.42	2177.00
665.61	2202.00
665.80	2207.00
666.00	2244.00
666.19	2273.00
666.38	2226.00
666.57	2159.00
666.77	2292.00
666.96	2252.00
667.15	2197.00
667.35	2297.00
667.54	2294.00
667.73	2208.00
667.92	2174.00
668.12	2106.00
668.31	2167.00
668.50	2145.00
668.70	2144.00
668.89	2047.00
669.08	2101.00
669.27	2102.00
669.47	2130.00
669.66	2054.00
669.85	2077.00
670.04	2146.00
670.24	2167.00
670.43	2099.00
670.62	2105.00
670.81	2121.00
671.01	2067.00
671.20	2066.00
671.39	2104.00
671.58	2079.00
671.78	2158.00
671.97	2093.00
672.16	2069.00
672.36	2056.00
672.55	2047.00
672.74	1997.00
672.93	2042.00
673.13	2018.00
673.32	1988.00
673.51	2022.00
673.70	2017.00
673.90	2037.00
674.09	2061.00
674.28	2036.00
674.47	2035.00
674.67	2042.00
674.86	2031.00
675.05	2036.00
675.24	2090.00
675.44	1997.00
675.63	2031.00
675.82	1924.00
676.01	1896.00
676.21	1899.00
676.40	1990.00
676.59	1998.00
676.78	1948.00
676.97	1918.00
677.17	1946.00
677.36	2003.00
677.55	1985.00
677.74	1948.00
677.94	1977.00
678.13	1909.00
678.32	1995.00
678.51	2049.00
678.71	2000.00
678.90	1943.00
679.09	2059.00
679.28	2049.00
679.48	1952.00
679.67	1964.00
679.86	1977.00
680.05	1994.00
680.24	1953.00
680.44	1920.00
680.63	1926.00
680.82	1914.00
681.01	1877.00
681.21	1904.00
681.40	1888.00
681.59	1949.00
681.78	1965.00
681.97	1958.00
682.17	1824.00
682.36	1920.00
682.55	1957.00
682.74	1922.00
682.94	1935.00
683.13	1924.00
683.32	1972.00
683.51	1995.00
683.70	1961.00
683.90	1985.00
684.09	1898.00
684.28	1838.00
684.47	1899.00
684.66	1853.00
684.86	1828.00
685.05	1849.00
685.24	1889.00
685.43	1878.00
685.63	1866.00
685.82	1854.00
686.01	1927.00
686.20	1954.00
686.39	1867.00
686.59	1849.00
686.78	2007.00
686.97	1938.00
687.16	1935.00
687.35	1841.00
687.55	1866.00
687.74	1892.00
687.93	1893.00
688.12	1923.00
688.31	1907.00
688.51	1911.00
688.70	1920.00
688.89	1949.00
689.08	1870.00
689.27	1882.00
689.47	1888.00
689.66	1866.00
689.85	1909.00
690.04	1877.00
690.23	1927.00
690.42	1880.00
690.62	1867.00
690.81	1884.00
691.00	1917.00
691.19	1909.00
691.38	1882.00
691.58	1950.00
691.77	1892.00
691.96	1887.00
692.15	1824.00
692.34	1877.00
692.54	1931.00
692.73	1878.00
692.92	1885.00
693.11	2002.00
693.30	1963.00
693.49	1854.00
693.69	1869.00
693.88	1928.00
694.07	1983.00
694.26	1873.00
694.45	1901.00
694.64	1835.00
694.84	1846.00
695.03	1913.00
695.22	1851.00
695.41	1876.00
695.60	1898.00
695.80	1783.00
695.99	1797.00
696.18	1901.00
696.37	1826.00
696.56	1901.00
696.75	1854.00
696.95	1890.00
697.14	1870.00
697.33	1829.00
697.52	1857.00
697.71	1857.00
697.90	1887.00
698.09	1877.00
698.29	1879.00
698.48	1892.00
698.67	1887.00
698.86	1882.00
699.05	2003.00
699.24	1926.00
699.44	1994.00
699.63	1962.00
699.82	1861.00
700.01	1794.00
700.20	1875.00
700.39	1917.00
700.58	1901.00
700.78	1886.00
700.97	1969.00
701.16	1940.00
701.35	1965.00
701.54	1905.00
701.73	1915.00
701.93	1953.00
702.12	1958.00
702.31	1986.00
702.50	2026.00
702.69	2047.00
702.88	2046.00
703.07	2027.00
703.27	2091.00
703.46	2135.00
703.65	2100.00
703.84	2099.00
704.03	2189.00
704.22	2020.00
704.41	2015.00
704.60	2078.00
704.80	2101.00
704.99	2059.00
705.18	2052.00
705.37	2069.00
705.56	2049.00
705.75	2022.00
705.94	2075.00
706.14	2120.00
706.33	2139.00
706.52	2099.00
706.71	2131.00
706.90	2157.00
707.09	2120.00
707.28	2213.00
707.47	2172.00
707.67	2133.00
707.86	2207.00
708.05	2194.00
708.24	2216.00
708.43	2152.00
708.62	2244.00
708.81	2325.00
709.00	2349.00
709.20	2352.00
709.39	2334.00
709.58	2270.00
709.77	2272.00
709.96	2198.00
710.15	2196.00
710.34	2197.00
710.53	2167.00
710.72	2162.00
710.92	2191.00
711.11	2224.00
711.30	2233.00
711.49	2326.00
711.68	2333.00
711.87	2271.00
712.06	2390.00
712.25	2362.00
712.44	2335.00
712.64	2407.00
712.83	2442.00
713.02	2343.00
713.21	2385.00
713.40	2356.00
713.59	2413.00
713.78	2333.00
713.97	2392.00
714.16	2300.00
714.35	2298.00
714.55	2387.00
714.74	2239.00
714.93	2270.00
715.12	2344.00
715.31	2501.00
715.50	2365.00
715.69	2249.00
715.88	2279.00
716.07	2292.00
716.26	2320.00
716.45	2397.00
716.65	2336.00
716.84	2325.00
717.03	2260.00
717.22	2356.00
717.41	2294.00
717.60	2262.00
717.79	2322.00
717.98	2398.00
718.17	2392.00
718.36	2445.00
718.55	2407.00
718.75	2389.00
718.94	2439.00
719.13	2448.00
719.32	2377.00
719.51	2378.00
719.70	2407.00
719.89	2447.00
720.08	2474.00
720.27	2551.00
720.46	2549.00
720.65	2466.00
720.84	2384.00
721.03	2409.00
721.22	2345.00
721.42	2484.00
721.61	2519.00
721.80	2438.00
721.99	2398.00
722.18	2356.00
722.37	2374.00
722.56	2459.00
722.75	2515.00
722.94	2487.00
723.13	2420.00
723.32	2375.00
723.51	2428.00
723.70	2501.00
723.89	2475.00
724.08	2498.00
724.28	2448.00
724.47	2442.00
724.66	2428.00
724.85	2508.00
725.04	2573.00
725.23	2484.00
725.42	2431.00
725.61	2548.00
725.80	2478.00
725.99	2493.00
726.18	2618.00
726.37	2525.00
726.56	2408.00
726.75	2405.00
726.94	2465.00
727.13	2545.00
727.32	2597.00
727.51	2534.00
727.71	2431.00
727.90	2451.00
728.09	2444.00
728.28	2370.00
728.47	2389.00
728.66	2403.00
728.85	2442.00
729.04	2432.00
729.23	2389.00
729.42	2376.00
729.61	2443.00
729.80	2495.00
729.99	2414.00
730.18	2452.00
730.37	2422.00
730.56	2411.00
730.75	2399.00
730.94	2467.00
731.13	2456.00
731.32	2427.00
731.51	2582.00
731.70	2517.00
731.89	2426.00
732.08	2480.00
732.27	2478.00
732.46	2553.00
732.65	2484.00
732.84	2415.00
733.04	2440.00
733.23	2473.00
733.42	2454.00
733.61	2402.00
733.80	2455.00
733.99	2510.00
734.18	2338.00
734.37	2477.00
734.56	2395.00
734.75	2365.00
734.94	2365.00
735.13	2419.00
735.32	2315.00
735.51	2306.00
735.70	2391.00
735.89	2269.00
736.08	2341.00
736.27	2374.00
736.46	2297.00
736.65	2243.00
736.84	2284.00
737.03	2323.00
737.22	2387.00
737.41	2323.00
737.60	2349.00
737.79	2406.00
737.98	2390.00
738.17	2324.00
738.36	2288.00
738.55	2344.00
738.74	2401.00
738.93	2329.00
739.12	2384.00
739.31	2302.00
739.50	2258.00
739.69	2261.00
739.88	2164.00
740.07	2180.00
740.26	2305.00
740.45	2349.00
740.64	2330.00
740.83	2228.00
741.02	2214.00
741.21	2234.00
741.40	2266.00
741.59	2227.00
741.78	2152.00
741.97	2231.00
742.16	2241.00
742.35	2229.00
742.54	2130.00
742.73	2250.00
742.92	2217.00
743.11	2163.00
743.30	2152.00
743.49	2157.00
743.68	2147.00
743.87	2173.00
744.06	2154.00
744.25	2118.00
744.44	2064.00
744.63	2097.00
744.82	2198.00
745.01	2291.00
745.20	2147.00
745.39	2180.00
745.58	2162.00
745.77	2085.00
745.96	2098.00
746.15	2131.00
746.34	2130.00
746.52	2119.00
746.71	2053.00
746.90	2145.00
747.09	2110.00
747.28	2105.00
747.47	2074.00
747.66	2166.00
747.85	2062.00
748.04	2151.00
748.23	2137.00
748.42	2139.00
748.61	2149.00
748.80	2121.00
748.99	2088.00
749.18	2019.00
749.37	2002.00
749.56	1914.00
749.75	1989.00
749.94	1992.00
750.13	1934.00
750.32	1961.00
750.51	1931.00
750.70	1963.00
750.89	1960.00
751.08	1975.00
751.27	1855.00
751.46	1870.00
751.64	1879.00
751.83	2000.00
752.02	1937.00
752.21	1857.00
752.40	1889.00
752.59	1947.00
752.78	1944.00
752.97	1920.00
753.16	1953.00
753.35	1908.00
753.54	1935.00
753.73	1910.00
753.92	1974.00
754.11	1906.00
754.30	1852.00
754.49	1980.00
754.68	2017.00
754.87	1865.00
755.06	1899.00
755.24	1870.00
755.43	1840.00
755.62	1882.00
755.81	1848.00
756.00	1855.00
756.19	1973.00
756.38	1936.00
756.57	1841.00
756.76	1806.00
756.95	1855.00
757.14	1881.00
757.33	1830.00
757.52	1828.00
757.71	1875.00
757.90	1803.00
758.08	1802.00
758.27	1767.00
758.46	1766.00
758.65	1802.00
758.84	1813.00
759.03	1791.00
759.22	1719.00
759.41	1789.00
759.60	1765.00
759.79	1725.00
759.98	1758.00
760.17	1751.00
760.36	1787.00
760.54	1824.00
760.73	1830.00
760.92	1791.00
761.11	1729.00
761.30	1732.00
761.49	1668.00
761.68	1659.00
761.87	1612.00
762.06	1565.00
762.25	1570.00
762.44	1518.00
762.63	1539.00
762.81	1544.00
763.00	1532.00
763.19	1571.00
763.38	1569.00
763.57	1560.00
763.76	1496.00
763.95	1514.00
764.14	1521.00
764.33	1530.00
764.52	1532.00
764.71	1534.00
764.89	1501.00
765.08	1480.00
765.27	1467.00
765.46	1498.00
765.65	1535.00
765.84	1420.00
766.03	1516.00
766.22	1597.00
766.41	1475.00
766.59	1558.00
766.78	1608.00
766.97	1554.00
767.16	1534.00
767.35	1530.00
767.54	1631.00
767.73	1660.00
767.92	1657.00
768.11	1607.00
768.30	1673.00
768.48	1626.00
768.67	1618.00
768.86	1639.00
769.05	1639.00
769.24	1624.00
769.43	1649.00
769.62	1695.00
769.81	1791.00
769.99	1709.00
770.18	1666.00
770.37	1692.00
770.56	1761.00
770.75	1698.00
770.94	1683.00
771.13	1685.00
771.32	1716.00
771.50	1686.00
771.69	1653.00
771.88	1678.00
772.07	1673.00
772.26	1650.00
772.45	1663.00
772.64	1669.00
772.83	1639.00
773.01	1622.00
773.20	1731.00
773.39	1650.00
773.58	1666.00
773.77	1728.00
773.96	1721.00
774.15	1650.00
774.34	1659.00
774.52	1565.00
774.71	1562.00
774.90	1652.00
775.09	1633.00
775.28	1602.00
775.47	1606.00
775.66	1593.00
775.84	1680.00
776.03	1574.00
776.22	1571.00
776.41	1605.00
776.60	1635.00
776.79	1624.00
776.98	1587.00
777.16	1621.00
777.35	1584.00
777.54	1529.00
777.73	1672.00
777.92	1611.00
778.11	1599.00
778.29	1568.00
778.48	1619.00
778.67	1612.00
778.86	1544.00
779.05	1539.00
779.24	1528.00
779.43	1660.00
779.61	1642.00
779.80	1690.00
779.99	1582.00
780.18	1548.00
780.37	1656.00
780.56	1601.00
780.74	1591.00
780.93	1687.00
781.12	1650.00
781.31	1572.00
781.50	1584.00
781.69	1628.00
781.87	1613.00
782.06	1509.00
782.25	1588.00
782.44	1600.00
782.63	1620.00
782.82	1663.00
783.00	1648.00
783.19	1648.00
783.38	1576.00
783.57	1632.00
783.76	1683.00
783.95	1678.00
784.13	1706.00
784.32	1694.00
784.51	1678.00
784.70	1681.00
784.89	1655.00
785.08	1749.00
785.26	1719.00
785.45	1629.00
785.64	1673.00
785.83	1638.00
786.02	1631.00
786.20	1627.00
786.39	1780.00
786.58	1735.00
786.77	1609.00
786.96	1673.00
787.15	1672.00
787.33	1712.00
787.52	1711.00
787.71	1584.00
787.90	1675.00
788.09	1726.00
788.27	1650.00
788.46	1599.00
788.65	1636.00
788.84	1633.00
789.03	1647.00
789.21	1691.00
789.40	1648.00
789.59	1676.00
789.78	1676.00
789.97	1639.00
790.15	1662.00
790.34	1670.00
790.53	1698.00
790.72	1588.00
790.91	1652.00
791.09	1749.00
791.28	1755.00
791.47	1717.00
791.66	1712.00
791.85	1720.00
792.03	1723.00
792.22	1703.00
792.41	1746.00
792.60	1718.00
792.79	1758.00
792.97	1845.00
793.16	1778.00
793.35	1793.00
793.54	1759.00
793.72	1685.00
793.91	1803.00
794.10	1797.00
794.29	1790.00
794.48	1774.00
794.66	1839.00
794.85	1794.00
795.04	1806.00
795.23	1753.00
795.42	1771.00
795.60	1739.00
795.79	1787.00
795.98	1813.00
796.17	1826.00
796.35	1817.00
796.54	1818.00
796.73	1731.00
796.92	1777.00
797.11	1731.00
797.29	1820.00
797.48	1807.00
797.67	1734.00
797.86	1753.00
798.04	1804.00
798.23	1768.00
798.42	1693.00
798.61	1657.00
798.79	1742.00
798.98	1716.00
799.17	1696.00
799.36	1722.00
799.54	1789.00
799.73	1815.00
799.92	1774.00
800.11	1748.00
800.30	1829.00
800.48	1762.00
800.67	1685.00
800.86	1749.00
801.05	1778.00
801.23	1827.00
801.42	1743.00
801.61	1704.00
801.80	1781.00
801.98	1833.00
802.17	1793.00
802.36	1810.00
802.55	1888.00
802.73	1851.00
802.92	1854.00
803.11	1919.00
803.30	1899.00
803.48	1836.00
803.67	1803.00
803.86	1797.00
804.05	1876.00
804.23	1763.00
804.42	1796.00
804.61	1836.00
804.80	1923.00
804.98	1920.00
805.17	1852.00
805.36	1770.00
805.54	1766.00
805.73	1874.00
805.92	1864.00
806.11	1868.00
806.29	1899.00
806.48	1885.00
806.67	1857.00
806.86	1824.00
807.04	1824.00
807.23	1755.00
807.42	1772.00
807.61	1786.00
807.79	1736.00
807.98	1824.00
808.17	1808.00
808.35	1792.00
808.54	1835.00
808.73	1852.00
808.92	1800.00
809.10	1840.00
809.29	1900.00
809.48	1813.00
809.67	1802.00
809.85	1726.00
810.04	1706.00
810.23	1770.00
810.41	1885.00
810.60	1879.00
810.79	1791.00
810.98	1901.00
811.16	1913.00
811.35	1796.00
811.54	1788.00
811.72	1850.00
811.91	1887.00
812.10	1792.00
812.29	1798.00
812.47	1816.00
812.66	1845.00
812.85	1816.00
813.03	1768.00
813.22	1721.00
813.41	1860.00
813.60	1865.00
813.78	1858.00
813.97	1766.00
814.16	1721.00
814.34	1800.00
814.53	1809.00
814.72	1811.00
814.90	1731.00
815.09	1766.00
815.28	1752.00
815.47	1813.00
815.65	1795.00
815.84	1765.00
816.03	1781.00
816.21	1808.00
816.40	1764.00
816.59	1847.00
816.77	1819.00
816.96	1746.00
817.15	1836.00
817.33	1808.00
817.52	1716.00
817.71	1809.00
817.90	1853.00
818.08	1850.00
818.27	1834.00
818.46	1814.00
818.64	1819.00
818.83	1830.00
819.02	1825.00
819.20	1805.00
819.39	1769.00
819.58	1862.00
819.76	1807.00
819.95	1831.00
820.14	1840.00
820.32	1815.00
820.51	1781.00
820.70	1824.00
820.88	1823.00
821.07	1858.00
821.26	1871.00
821.44	1835.00
821.63	1830.00
821.82	1797.00
822.01	1813.00
822.19	1822.00
822.38	1789.00
822.57	1847.00
822.75	1839.00
822.94	1792.00
823.13	1839.00
823.31	1812.00
823.50	1727.00
823.69	1747.00
823.87	1716.00
824.06	1776.00
824.25	1766.00
824.43	1714.00
824.62	1776.00
824.80	1716.00
824.99	1712.00
825.18	1737.00
825.36	1689.00
825.55	1768.00
825.74	1796.00
825.92	1762.00
826.11	1722.00
826.30	1716.00
826.48	1666.00
826.67	1754.00
826.86	1665.00
827.04	1623.00
827.23	1766.00
827.42	1757.00
827.60	1705.00
827.79	1712.00
827.98	1676.00
828.16	1641.00
828.35	1753.00
828.54	1746.00
828.72	1712.00
828.91	1678.00
829.09	1702.00
829.28	1671.00
829.47	1719.00
829.65	1648.00
829.84	1611.00
830.03	1691.00
830.21	1674.00
830.40	1604.00
830.59	1640.00
830.77	1640.00
830.96	1701.00
831.14	1747.00
831.33	1736.00
831.52	1734.00
831.70	1700.00
831.89	1606.00
832.08	1705.00
832.26	1672.00
832.45	1713.00
832.64	1622.00
832.82	1661.00
833.01	1637.00
833.19	1640.00
833.38	1663.00
833.57	1687.00
833.75	1734.00
833.94	1688.00
834.13	1646.00
834.31	1610.00
834.50	1561.00
834.68	1561.00
834.87	1666.00
835.06	1691.00
835.24	1653.00
835.43	1592.00
835.61	1541.00
835.80	1573.00
835.99	1634.00
836.17	1513.00
836.36	1644.00
836.55	1573.00
836.73	1551.00
836.92	1601.00
837.10	1590.00
837.29	1694.00
837.48	1760.00
837.66	1610.00
837.85	1594.00
838.03	1615.00
838.22	1563.00
838.41	1500.00
838.59	1593.00
838.78	1581.00
838.96	1732.00
839.15	1700.00
839.34	1588.00
839.52	1542.00
839.71	1670.00
839.89	1576.00
840.08	1546.00
840.27	1554.00
840.45	1603.00
840.64	1627.00
840.82	1508.00
841.01	1507.00
841.20	1625.00
841.38	1583.00
841.57	1623.00
841.75	1524.00
841.94	1568.00
842.13	1585.00
842.31	1489.00
842.50	1466.00
842.68	1488.00
842.87	1484.00
843.05	1504.00
843.24	1523.00
843.43	1549.00
843.61	1430.00
843.80	1538.00
843.98	1508.00
844.17	1520.00
844.36	1508.00
844.54	1447.00
844.73	1483.00
844.91	1514.00
845.10	1518.00
845.28	1480.00
845.47	1401.00
845.66	1456.00
845.84	1531.00
846.03	1389.00
846.21	1436.00
846.40	1379.00
846.58	1362.00
846.77	1463.00
846.96	1471.00
847.14	1486.00
847.33	1365.00
847.51	1275.00
847.70	1386.00
847.88	1487.00
848.07	1433.00
848.25	1394.00
848.44	1394.00
848.63	1395.00
848.81	1367.00
849.00	1386.00
849.18	1375.00
849.37	1409.00
849.55	1407.00
849.74	1418.00
849.93	1385.00
850.11	1288.00
850.30	1340.00
850.48	1384.00
850.67	1351.00
850.85	1421.00
851.04	1364.00
851.22	1384.00
851.41	1388.00
851.59	1314.00
851.78	1272.00
851.97	1326.00
852.15	1416.00
852.34	1436.00
852.52	1361.00
852.71	1398.00
852.89	1395.00
853.08	1368.00
853.26	1410.00
853.45	1336.00
853.63	1287.00
853.82	1435.00
854.01	1358.00
854.19	1211.00
854.38	1342.00
854.56	1433.00
854.75	1383.00
854.93	1303.00
855.12	1296.00
855.30	1207.00
855.49	1287.00
855.67	1274.00
855.86	1320.00
856.04	1358.00
856.23	1266.00
856.41	1364.00
856.60	1295.00
856.79	1278.00
856.97	1285.00
857.16	1231.00
857.34	1304.00
857.53	1301.00
857.71	1289.00
857.90	1251.00
858.08	1270.00
858.27	1182.00
858.45	1269.00
858.64	1237.00
858.82	1144.00
859.01	1261.00
859.19	1349.00
859.38	1316.00
859.56	1228.00
859.75	1266.00
859.93	1339.00
860.12	1287.00
860.30	1104.00
860.49	1256.00
860.67	1271.00
860.86	1184.00
861.04	1247.00
861.23	1306.00
861.41	1262.00
861.60	1228.00
861.78	1246.00
861.97	1213.00
862.15	1199.00
862.34	1157.00
862.53	1176.00
862.71	1299.00
862.90	1190.00
863.08	1202.00
863.27	1206.00
863.45	1128.00
863.64	1225.00
863.82	1169.00
864.01	1103.00
864.19	1211.00
864.37	1230.00
864.56	1233.00
864.74	1218.00
864.93	1188.00
865.11	1185.00
865.30	1271.00
865.48	1278.00
865.67	1175.00
865.85	1140.00
866.04	1227.00
866.22	1183.00
866.41	1203.00
866.59	1135.00
866.78	1142.00
866.96	1113.00
867.15	1178.00
867.33	1219.00
867.52	1194.00
867.70	1213.00
867.89	1197.00
868.07	1187.00
868.26	1128.00
868.44	1211.00
868.63	1208.00
868.81	1147.00
869.00	1102.00
869.18	1142.00
869.37	1211.00
869.55	1182.00
869.74	1088.00
869.92	1069.00
870.10	1059.00
870.29	1038.00
870.47	1085.00
870.66	1042.00
870.84	1067.00
871.03	1024.00
871.21	1061.00
871.40	1083.00
871.58	1137.00
871.77	1123.00
871.95	1102.00
872.14	1039.00
872.32	1043.00
872.51	1072.00
872.69	1073.00
872.87	1005.00
873.06	925.00
873.24	978.00
873.43	988.00
873.61	1048.00
873.80	1026.00
873.98	1114.00
874.17	1047.00
874.35	990.00
874.54	1088.00
874.72	983.00
874.90	1047.00
875.09	995.00
875.27	961.00
875.46	1036.00
875.64	1039.00
875.83	1016.00
876.01	1073.00
876.20	1006.00
876.38	990.00
876.56	982.00
876.75	1002.00
876.93	1048.00
877.12	1095.00
877.30	1003.00
877.49	957.00
877.67	1007.00
877.86	972.00
878.04	1018.00
878.22	1021.00
878.41	968.00
878.59	986.00
878.78	1040.00
878.96	1113.00
879.15	1095.00
879.33	1010.00
879.51	1035.00
879.70	1002.00
879.88	963.00
880.07	1065.00
880.25	1089.00
880.44	1014.00
880.62	945.00
880.80	996.00
880.99	1022.00
881.17	959.00
881.36	1013.00
881.54	1027.00
881.73	984.00
881.91	959.00
882.09	1015.00
882.28	958.00
882.46	956.00
882.65	924.00
882.83	941.00
883.02	961.00
883.20	945.00
883.38	962.00
883.57	914.00
883.75	931.00
883.94	949.00
884.12	900.00
884.30	1009.00
884.49	1005.00
884.67	970.00
884.86	973.00
885.04	992.00
885.22	944.00
885.41	953.00
885.59	929.00
885.78	999.00
885.96	1010.00
886.14	1022.00
886.33	950.00
886.51	979.00
886.70	975.00
886.88	927.00
887.06	933.00
887.25	1029.00
887.43	963.00
887.62	951.00
887.80	1004.00
887.98	987.00
888.17	970.00
888.35	940.00
888.54	940.00
888.72	1002.00
888.90	942.00
889.09	945.00
889.27	914.00
889.46	950.00
889.64	917.00
889.82	993.00
890.01	891.00
890.19	925.00
890.38	929.00
890.56	949.00
890.74	963.00
890.93	989.00
891.11	896.00
891.29	870.00
891.48	912.00
891.66	978.00
891.85	975.00
892.03	1012.00
892.21	939.00
892.40	932.00
892.58	971.00
892.76	968.00
892.95	890.00
893.13	949.00
893.32	972.00
893.50	976.00
893.68	924.00
893.87	883.00
894.05	971.00
894.23	918.00
894.42	942.00
894.60	958.00
894.79	988.00
894.97	958.00
895.15	991.00
895.34	969.00
895.52	949.00
895.70	978.00
895.89	953.00
896.07	996.00
896.25	1041.00
896.44	1007.00
896.62	987.00
896.81	1025.00
896.99	946.00
897.17	958.00
897.36	1000.00
897.54	994.00
897.72	1009.00
897.91	995.00
898.09	931.00
898.27	898.00
898.46	863.00
898.64	929.00
898.82	990.00
899.01	980.00
899.19	1001.00
899.37	967.00
899.56	949.00
899.74	959.00
899.92	1068.00
900.11	1069.00
900.29	1089.00
900.47	1042.00
900.66	1087.00
900.84	1114.00
901.03	1045.00
901.21	1013.00
901.39	955.00
901.58	968.00
901.76	975.00
901.94	1033.00
902.13	961.00
902.31	941.00
902.49	998.00
902.68	1110.00
902.86	1116.00
903.04	1067.00
903.23	1004.00
903.41	985.00
903.59	921.00
903.78	1032.00
903.96	1119.00
904.14	1086.00
904.32	1100.00
904.51	1102.00
904.69	1002.00
904.87	1037.00
905.06	1119.00
905.24	1122.00
905.42	1139.00
905.61	1061.00
905.79	1030.00
905.97	1054.00
906.16	1089.00
906.34	1104.00
906.52	981.00
906.71	1067.00
906.89	1031.00
907.07	1091.00
907.26	1130.00
907.44	1055.00
907.62	998.00
907.81	1004.00
907.99	1026.00
908.17	1065.00
908.35	1132.00
908.54	1061.00
908.72	1072.00
908.90	1107.00
909.09	1141.00
909.27	1072.00
909.45	1080.00
909.64	1194.00
909.82	1184.00
910.00	1101.00
910.18	1040.00
910.37	1022.00
910.55	1039.00
910.73	1014.00
910.92	1065.00
911.10	1062.00
911.28	1017.00
911.47	1072.00
911.65	1081.00
911.83	1038.00
912.01	977.00
912.20	1047.00
912.38	1036.00
912.56	995.00
912.75	1027.00
912.93	1007.00
913.11	1002.00
913.29	1092.00
913.48	1101.00
913.66	1027.00
913.84	992.00
914.03	1059.00
914.21	1002.00
914.39	1054.00
914.57	1102.00
914.76	982.00
914.94	1009.00
915.12	1085.00
915.31	1055.00
915.49	1045.00
915.67	1087.00
915.85	1069.00
916.04	1033.00
916.22	986.00
916.40	1030.00
916.58	1028.00
916.77	1046.00
916.95	1053.00
917.13	907.00
917.32	945.00
917.50	900.00
917.68	979.00
917.86	936.00
918.05	950.00
918.23	1009.00
918.41	1046.00
918.59	945.00
918.78	984.00
918.96	973.00
919.14	983.00
919.32	917.00
919.51	966.00
919.69	1010.00
919.87	996.00
920.05	946.00
920.24	953.00
920.42	1023.00
920.60	955.00
920.78	1000.00
920.97	963.00
921.15	965.00
921.33	949.00
921.52	959.00
921.70	934.00
921.88	955.00
922.06	938.00
922.24	900.00
922.43	898.00
922.61	947.00
922.79	965.00
922.97	949.00
923.16	976.00
923.34	929.00
923.52	885.00
923.70	937.00
923.89	867.00
924.07	864.00
924.25	879.00
924.43	833.00
924.62	819.00
924.80	895.00
924.98	924.00
925.16	974.00
925.35	899.00
925.53	906.00
925.71	881.00
925.89	906.00
926.08	927.00
926.26	982.00
926.44	901.00
926.62	919.00
926.80	931.00
926.99	779.00
927.17	749.00
927.35	852.00
927.53	892.00
927.72	975.00
927.90	936.00
928.08	909.00
928.26	918.00
928.44	956.00
928.63	911.00
928.81	874.00
928.99	917.00
929.17	841.00
929.36	802.00
929.54	822.00
929.72	839.00
929.90	809.00
930.08	839.00
930.27	851.00
930.45	811.00
930.63	874.00
930.81	841.00
930.99	900.00
931.18	870.00
931.36	823.00
931.54	795.00
931.72	788.00
931.90	800.00
932.09	825.00
932.27	777.00
932.45	840.00
932.63	818.00
932.81	824.00
933.00	783.00
933.18	702.00
933.36	776.00
933.54	749.00
933.72	766.00
933.91	729.00
934.09	763.00
934.27	748.00
934.45	756.00
934.63	767.00
934.82	672.00
935.00	709.00
935.18	720.00
935.36	766.00
935.54	725.00
935.73	790.00
935.91	725.00
936.09	694.00
936.27	743.00
936.45	628.00
936.64	583.00
936.82	603.00
937.00	575.00
937.18	684.00
937.36	688.00
937.54	586.00
937.73	568.00
937.91	577.00
938.09	594.00
938.27	542.00
938.45	587.00
938.63	576.00
938.82	560.00
939.00	507.00
939.18	493.00
939.36	530.00
939.54	458.00
939.73	506.00
939.91	487.00
940.09	507.00
940.27	503.00
940.45	439.00
940.63	457.00
940.82	472.00
941.00	445.00
941.18	447.00
941.36	481.00
941.54	433.00
941.72	496.00
941.91	455.00
942.09	416.00
942.27	366.00
942.45	424.00
942.63	530.00
942.81	438.00
942.99	418.00
943.18	437.00
943.36	466.00
943.54	503.00
943.72	475.00
943.90	455.00
944.08	431.00
944.27	461.00
944.45	506.00
944.63	400.00
944.81	323.00
944.99	356.00
945.17	366.00
945.35	397.00
945.54	506.00
945.72	455.00
945.90	396.00
946.08	493.00
946.26	430.00
946.44	365.00
946.62	418.00
946.81	344.00
946.99	374.00
947.17	411.00
947.35	412.00
947.53	379.00
947.71	442.00
947.89	401.00
948.07	368.00
948.26	416.00
948.44	415.00
948.62	425.00
948.80	414.00
948.98	466.00
949.16	454.00
949.34	414.00
949.53	458.00
949.71	397.00
949.89	419.00
950.07	409.00
950.25	409.00
950.43	435.00
950.61	451.00
950.79	442.00
950.98	443.00
951.16	461.00
951.34	412.00
951.52	461.00
951.70	553.00
951.88	427.00
952.06	403.00
952.24	422.00
952.42	428.00
952.61	349.00
952.79	338.00
952.97	397.00
953.15	413.00
953.33	412.00
953.51	388.00
953.69	413.00
953.87	477.00
954.05	463.00
954.24	392.00
954.42	404.00
954.60	428.00
954.78	437.00
954.96	498.00
955.14	428.00
955.32	450.00
955.50	434.00
955.68	372.00
955.86	427.00
956.05	458.00
956.23	409.00
956.41	333.00
956.59	394.00
956.77	348.00
956.95	359.00
957.13	418.00
957.31	442.00
957.49	449.00
957.67	462.00
957.86	345.00
958.04	307.00
958.22	389.00
958.40	389.00
958.58	357.00
958.76	417.00
958.94	430.00
959.12	412.00
959.30	373.00
959.48	368.00
959.66	460.00
959.84	439.00
960.03	448.00
960.21	461.00
960.39	448.00
960.57	384.00
960.75	365.00
960.93	406.00
961.11	460.00
961.29	490.00
961.47	436.00
961.65	372.00
961.83	365.00
962.01	438.00
962.19	401.00
962.37	336.00
962.56	336.00
962.74	364.00
962.92	445.00
963.10	453.00
963.28	370.00
963.46	410.00
963.64	396.00
963.82	368.00
964.00	408.00
964.18	475.00
964.36	465.00
964.54	348.00
964.72	384.00
964.90	414.00
965.08	388.00
965.27	329.00
965.45	394.00
965.63	468.00
965.81	353.00
965.99	326.00
966.17	421.00
966.35	373.00
966.53	358.00
966.71	377.00
966.89	469.00
967.07	415.00
967.25	386.00
967.43	419.00
967.61	383.00
967.79	406.00
967.97	338.00
968.15	397.00
968.33	395.00
968.51	316.00
968.69	347.00
968.87	405.00
969.06	456.00
969.24	397.00
969.42	324.00
969.60	360.00
969.78	372.00
969.96	340.00
970.14	263.00
970.32	346.00
970.50	356.00
970.68	372.00
970.86	392.00
971.04	359.00
971.22	377.00
971.40	350.00
971.58	352.00
971.76	400.00
971.94	407.00
972.12	320.00
972.30	389.00
972.48	314.00
972.66	380.00
972.84	370.00
973.02	272.00
973.20	342.00
973.38	309.00
973.56	348.00
973.74	421.00
973.92	324.00
974.10	327.00
974.28	330.00
974.46	352.00
974.64	359.00
974.82	314.00
975.00	291.00
975.18	345.00
975.36	342.00
975.54	287.00
975.72	247.00
975.90	297.00
976.08	300.00
976.26	259.00
976.44	329.00
976.62	368.00
976.80	319.00
976.98	310.00
977.16	298.00
977.34	375.00
977.52	340.00
977.70	295.00
977.88	357.00
978.06	357.00
978.24	353.00
978.42	296.00
978.60	324.00
978.78	244.00
978.96	267.00
979.14	246.00
979.32	304.00
979.50	412.00
979.68	364.00
979.86	315.00
980.04	257.00
980.22	252.00
980.40	308.00
980.58	312.00
980.76	302.00
980.94	315.00
981.12	262.00
981.30	284.00
981.48	278.00
981.66	263.00
981.84	322.00
982.02	287.00
982.20	228.00
982.38	249.00
982.56	273.00
982.74	321.00
982.92	303.00
983.10	314.00
983.28	248.00
983.46	287.00
983.64	302.00
983.82	249.00
984.00	273.00
984.18	256.00
984.36	263.00
984.54	259.00
984.72	286.00
984.90	271.00
985.08	238.00
985.26	222.00
985.44	179.00
985.62	259.00
985.80	202.00
985.98	239.00
986.16	281.00
986.34	323.00
986.51	312.00
986.69	215.00
986.87	194.00
987.05	263.00
987.23	239.00
987.41	288.00
987.59	268.00
987.77	239.00
987.95	244.00
988.13	278.00
988.31	272.00
988.49	324.00
988.67	318.00
988.85	240.00
989.03	249.00
989.21	276.00
989.39	262.00
989.57	249.00
989.75	200.00
989.93	230.00
990.11	298.00
990.28	277.00
990.46	293.00
990.64	314.00
990.82	249.00
991.00	281.00
991.18	260.00
991.36	218.00
991.54	217.00
991.72	248.00
991.90	268.00
992.08	330.00
992.26	301.00
992.44	236.00
992.62	196.00
992.80	184.00
992.98	251.00
993.15	202.00
993.33	178.00
993.51	186.00
993.69	220.00
993.87	244.00
994.05	271.00
994.23	283.00
994.41	237.00
994.59	204.00
994.77	212.00
994.95	256.00
995.13	198.00
995.31	191.00
995.48	264.00
995.66	204.00
995.84	210.00
996.02	197.00
996.20	205.00
996.38	280.00
996.56	238.00
996.74	151.00
996.92	135.00
997.10	250.00
997.28	226.00
997.46	203.00
997.63	226.00
997.81	238.00
997.99	267.00
998.17	245.00
998.35	289.00
998.53	223.00
998.71	223.00
998.89	193.00
999.07	250.00
999.25	183.00
999.43	196.00
999.60	286.00
999.78	243.00
999.96	209.00
1000.14	205.00
1000.32	210.00
1000.50	209.00
1000.68	180.00
1000.86	197.00
1001.04	148.00
1001.21	141.00
1001.39	258.00
1001.57	204.00
1001.75	268.00
1001.93	228.00
1002.11	249.00
1002.29	249.00
1002.47	174.00
1002.65	152.00
1002.82	112.00
1003.00	229.00
1003.18	142.00
1003.36	101.00
1003.54	220.00
1003.72	190.00
1003.90	181.00
1004.08	231.00
1004.26	137.00
1004.43	126.00
1004.61	115.00
1004.79	219.00
1004.97	211.00
1005.15	263.00
1005.33	229.00
1005.51	228.00
1005.69	243.00
1005.86	210.00
1006.04	171.00
1006.22	211.00
1006.40	142.00
1006.58	223.00
1006.76	249.00
1006.94	241.00
1007.12	230.00
1007.29	185.00
1007.47	193.00
1007.65	220.00
1007.83	132.00
1008.01	179.00
1008.19	221.00
1008.37	241.00
1008.54	214.00
1008.72	208.00
1008.90	223.00
1009.08	182.00
1009.26	188.00
1009.44	187.00
1009.62	124.00
1009.79	141.00
1009.97	179.00
1010.15	218.00
1010.33	208.00
1010.51	148.00
1010.69	160.00
1010.87	169.00
1011.04	161.00
1011.22	206.00
1011.40	242.00
1011.58	186.00
1011.76	185.00
1011.94	180.00
1012.11	161.00
1012.29	213.00
1012.47	99.00
1012.65	207.00
1012.83	218.00
1013.01	200.00
1013.18	188.00
1013.36	194.00
1013.54	186.00
1013.72	263.00
1013.90	190.00
1014.08	134.00
1014.25	137.00
1014.43	59.00
1014.61	58.00
1014.79	129.00
1014.97	193.00
1015.15	146.00
1015.32	157.00
1015.50	159.00
1015.68	109.00
1015.86	170.00
1016.04	151.00
1016.22	126.00
1016.39	189.00
1016.57	196.00
1016.75	147.00
1016.93	155.00
1017.11	195.00
1017.29	212.00
1017.46	194.00
1017.64	167.00
1017.82	136.00
1018.00	180.00
1018.18	188.00
1018.35	151.00
1018.53	152.00
1018.71	106.00
1018.89	174.00
1019.07	216.00
1019.24	170.00
1019.42	138.00
1019.60	195.00
1019.78	99.00
1019.96	172.00
1020.14	185.00
1020.31	135.00
1020.49	133.00
1020.67	99.00
1020.85	172.00
1021.03	185.00
1021.20	181.00
1021.38	167.00
1021.56	88.00
1021.74	112.00
1021.92	130.00
1022.09	125.00
1022.27	151.00
1022.45	192.00
1022.63	122.00
1022.81	137.00
1022.98	116.00
1023.16	156.00
1023.34	192.00
1023.52	115.00
1023.69	51.00
1023.87	98.00
1024.05	164.00
1024.23	144.00
1024.41	169.00
1024.58	178.00
1024.76	185.00
1024.94	230.00
1025.12	198.00
1025.30	165.00
1025.47	177.00
1025.65	115.00
1025.83	151.00
1026.01	121.00
1026.18	173.00
1026.36	182.00
1026.54	127.00
1026.72	154.00
1026.90	136.00
1027.07	94.00
1027.25	113.00
1027.43	125.00
1027.61	87.00
1027.78	146.00
1027.96	225.00
1028.14	135.00
1028.32	107.00
1028.49	202.00
1028.67	121.00
1028.85	101.00
1029.03	196.00
1029.21	116.00
1029.38	161.00
1029.56	157.00
1029.74	134.00
1029.92	108.00
1030.09	102.00
1030.27	57.00
1030.45	118.00
1030.63	111.00
1030.80	114.00
1030.98	169.00
1031.16	171.00
1031.34	105.00
1031.51	137.00
1031.69	127.00
1031.87	108.00
1032.05	104.00
1032.22	177.00
1032.40	109.00
1032.58	130.00
1032.76	88.00
1032.93	146.00
1033.11	153.00
1033.29	146.00
1033.47	117.00
1033.64	106.00
1033.82	97.00
1034.00	135.00
1034.18	135.00
1034.35	142.00
1034.53	125.00
1034.71	123.00
1034.89	123.00
1035.06	162.00
1035.24	107.00
1035.42	190.00
1035.59	112.00
1035.77	161.00
1035.95	181.00
1036.13	106.00
1036.30	93.00
1036.48	134.00
1036.66	119.00
1036.84	173.00
1037.01	135.00
1037.19	106.00
1037.37	73.00
1037.54	67.00
1037.72	85.00
1037.90	82.00
1038.08	125.00
1038.25	179.00
1038.43	150.00
1038.61	180.00
1038.79	117.00
1038.96	153.00
1039.14	124.00
1039.32	87.00
1039.49	42.00
1039.67	38.00
1039.85	97.00
1040.03	118.00
1040.20	22.00
1040.38	115.00
1040.56	129.00
1040.73	214.00
1040.91	201.00
1041.09	117.00
1041.27	120.00
1041.44	112.00
1041.62	111.00
1041.80	159.00
1041.97	86.00
1042.15	84.00
1042.33	116.00
1042.50	77.00
1042.68	96.00
1042.86	123.00
1043.04	156.00
1043.21	60.00
1043.39	165.00
1043.57	138.00
1043.74	160.00
1043.92	116.00
1044.10	164.00
1044.27	128.00
1044.45	99.00
1044.63	140.00
1044.80	134.00
1044.98	156.00
1045.16	94.00
1045.34	85.00
1045.51	70.00
1045.69	95.00
1045.87	54.00
1046.04	65.00
1046.22	87.00
1046.40	119.00
1046.57	124.00
1046.75	103.00
1046.93	81.00
1047.10	116.00
1047.28	144.00
1047.46	166.00
1047.63	124.00
1047.81	135.00
1047.99	122.00
1048.16	76.00
1048.34	125.00
1048.52	160.00
1048.69	114.00
1048.87	127.00
1049.05	70.00
1049.22	143.00
1049.40	90.00
1049.58	87.00
1049.75	67.00
1049.93	131.00
1050.11	80.00
1050.28	113.00
1050.46	117.00
1050.64	144.00
1050.81	134.00
1050.99	128.00
1051.17	133.00
1051.34	123.00
1051.52	124.00
1051.70	205.00
1051.87	44.00
1052.05	12.00
1052.23	74.00
1052.40	102.00
1052.58	150.00
1052.76	156.00
1052.93	158.00
1053.11	119.00
1053.29	97.00
1053.46	63.00
1053.64	108.00
1053.82	141.00
1053.99	95.00
1054.17	118.00
1054.35	190.00
1054.52	144.00
1054.70	171.00
1054.87	125.00
1055.05	109.00
1055.23	117.00
1055.40	124.00
1055.58	100.00
1055.76	105.00
1055.93	140.00
1056.11	127.00
1056.29	94.00
1056.46	90.00
1056.64	62.00
1056.81	104.00
1056.99	103.00
1057.17	51.00
1057.34	21.00
1057.52	47.00
1057.70	30.00
1057.87	106.00
1058.05	130.00
1058.22	51.00
1058.40	99.00
1058.58	69.00
1058.75	31.00
1058.93	69.00
1059.11	82.00
1059.28	177.00
1059.46	173.00
1059.63	70.00
1059.81	60.00
1059.99	79.00
1060.16	57.00
1060.34	62.00
1060.52	67.00
1060.69	62.00
1060.87	79.00
1061.04	59.00
1061.22	85.00
