367.62	31.00
367.82	46.00
368.02	32.00
368.23	90.00
368.43	48.00
368.63	-8.00
368.83	19.00
369.04	-20.00
369.24	1.00
369.44	42.00
369.65	88.00
369.85	113.00
370.05	148.00
370.25	93.00
370.46	19.00
370.66	10.00
370.86	22.00
371.07	30.00
371.27	-43.00
371.47	48.00
371.67	129.00
371.88	29.00
372.08	9.00
372.28	-18.00
372.49	44.00
372.69	27.00
372.89	50.00
373.09	24.00
373.30	7.00
373.50	52.00
373.70	-25.00
373.91	55.00
374.11	84.00
374.31	-2.00
374.51	26.00
374.72	-5.00
374.92	28.00
375.12	10.00
375.33	39.00
375.53	39.00
375.73	29.00
375.93	58.00
376.14	13.00
376.34	52.00
376.54	51.00
376.74	23.00
376.95	65.00
377.15	34.00
377.35	52.00
377.55	52.00
377.76	10.00
377.96	-22.00
378.16	-9.00
378.37	12.00
378.57	60.00
378.77	79.00
378.97	69.00
379.18	29.00
379.38	18.00
379.58	20.00
379.78	-2.00
379.99	25.00
380.19	39.00
380.39	67.00
380.59	86.00
380.80	101.00
381.00	91.00
381.20	24.00
381.40	9.00
381.61	25.00
381.81	-19.00
382.01	9.00
382.21	56.00
382.42	106.00
382.62	43.00
382.82	14.00
383.02	26.00
383.23	-6.00
383.43	49.00
383.63	101.00
383.83	1.00
384.04	49.00
384.24	93.00
384.44	43.00
384.64	7.00
384.85	-29.00
385.05	27.00
385.25	126.00
385.45	76.00
385.66	70.00
385.86	46.00
386.06	56.00
386.26	7.00
386.47	-28.00
386.67	11.00
386.87	73.00
387.07	-6.00
387.27	82.00
387.48	76.00
387.68	35.00
387.88	93.00
388.08	87.00
388.29	133.00
388.49	100.00
388.69	14.00
388.89	58.00
389.10	74.00
389.30	32.00
389.50	4.00
389.70	29.00
389.90	-1.00
390.11	-13.00
390.31	-24.00
390.51	16.00
390.71	67.00
390.92	2.00
391.12	77.00
391.32	134.00
391.52	42.00
391.72	41.00
391.93	-1.00
392.13	41.00
392.33	35.00
392.53	-11.00
392.74	-24.00
392.94	29.00
393.14	7.00
393.34	103.00
393.54	90.00
393.75	66.00
393.95	22.00
394.15	59.00
394.35	89.00
394.56	35.00
394.76	55.00
394.96	73.00
395.16	92.00
395.36	62.00
395.57	-5.00
395.77	-51.00
395.97	48.00
396.17	74.00
396.37	121.00
396.58	147.00
396.78	98.00
396.98	118.00
397.18	35.00
397.38	-14.00
397.59	26.00
397.79	25.00
397.99	39.00
398.19	25.00
398.39	25.00
398.60	-19.00
398.80	47.00
399.00	37.00
399.20	62.00
399.40	72.00
399.61	119.00
399.81	61.00
400.01	34.00
400.21	57.00
400.41	74.00
400.62	63.00
400.82	108.00
401.02	109.00
401.22	108.00
401.42	111.00
401.63	-14.00
401.83	36.00
402.03	68.00
402.23	4.00
402.43	25.00
402.64	47.00
402.84	82.00
403.04	40.00
403.24	42.00
403.44	48.00
403.64	81.00
403.85	67.00
404.05	62.00
404.25	41.00
404.45	26.00
404.65	70.00
404.86	97.00
405.06	97.00
405.26	73.00
405.46	57.00
405.66	77.00
405.86	31.00
406.07	133.00
406.27	80.00
406.47	83.00
406.67	38.00
406.87	17.00
407.07	47.00
407.28	34.00
407.48	39.00
407.68	57.00
407.88	18.00
408.08	55.00
408.28	73.00
408.49	70.00
408.69	126.00
408.89	53.00
409.09	40.00
409.29	104.00
409.49	87.00
409.70	79.00
409.90	48.00
410.10	98.00
410.30	14.00
410.50	52.00
410.70	55.00
410.91	24.00
411.11	111.00
411.31	115.00
411.51	56.00
411.71	120.00
411.91	84.00
412.12	46.00
412.32	72.00
412.52	84.00
412.72	32.00
412.92	76.00
413.12	59.00
413.32	128.00
413.53	134.00
413.73	94.00
413.93	112.00
414.13	79.00
414.33	108.00
414.53	107.00
414.74	53.00
414.94	96.00
415.14	67.00
415.34	66.00
415.54	139.00
415.74	132.00
415.94	88.00
416.15	35.00
416.35	97.00
416.55	106.00
416.75	120.00
416.95	156.00
417.15	102.00
417.35	64.00
417.56	59.00
417.76	116.00
417.96	122.00
418.16	67.00
418.36	4.00
418.56	33.00
418.76	38.00
418.97	121.00
419.17	114.00
419.37	112.00
419.57	24.00
419.77	83.00
419.97	127.00
420.17	51.00
420.37	126.00
420.58	140.00
420.78	89.00
420.98	102.00
421.18	97.00
421.38	51.00
421.58	80.00
421.78	116.00
421.98	133.00
422.19	174.00
422.39	98.00
422.59	158.00
422.79	128.00
422.99	45.00
423.19	55.00
423.39	127.00
423.59	79.00
423.80	114.00
424.00	105.00
424.20	165.00
424.40	195.00
424.60	135.00
424.80	161.00
425.00	107.00
425.20	106.00
425.40	84.00
425.61	33.00
425.81	108.00
426.01	114.00
426.21	99.00
426.41	42.00
426.61	94.00
426.81	138.00
427.01	121.00
427.21	106.00
427.42	93.00
427.62	91.00
427.82	101.00
428.02	76.00
428.22	147.00
428.42	180.00
428.62	110.00
428.82	63.00
429.02	108.00
429.23	148.00
429.43	168.00
429.63	197.00
429.83	161.00
430.03	172.00
430.23	142.00
430.43	198.00
430.63	148.00
430.83	114.00
431.03	100.00
431.24	73.00
431.44	151.00
431.64	156.00
431.84	107.00
432.04	120.00
432.24	109.00
432.44	79.00
432.64	124.00
432.84	195.00
433.04	166.00
433.24	86.00
433.45	116.00
433.65	154.00
433.85	139.00
434.05	63.00
434.25	137.00
434.45	168.00
434.65	137.00
434.85	155.00
435.05	136.00
435.25	140.00
435.45	130.00
435.65	195.00
435.86	127.00
436.06	140.00
436.26	136.00
436.46	209.00
436.66	203.00
436.86	146.00
437.06	88.00
437.26	114.00
437.46	179.00
437.66	106.00
437.86	115.00
438.06	152.00
438.26	203.00
438.47	171.00
438.67	147.00
438.87	153.00
439.07	122.00
439.27	78.00
439.47	108.00
439.67	77.00
439.87	137.00
440.07	183.00
440.27	155.00
440.47	118.00
440.67	85.00
440.87	94.00
441.07	129.00
441.27	130.00
441.48	127.00
441.68	141.00
441.88	75.00
442.08	86.00
442.28	113.00
442.48	173.00
442.68	159.00
442.88	146.00
443.08	169.00
443.28	134.00
443.48	137.00
443.68	125.00
443.88	111.00
444.08	75.00
444.28	131.00
444.48	33.00
444.68	166.00
444.88	233.00
445.09	152.00
445.29	177.00
445.49	121.00
445.69	151.00
445.89	173.00
446.09	138.00
446.29	113.00
446.49	109.00
446.69	222.00
446.89	146.00
447.09	157.00
447.29	205.00
447.49	156.00
447.69	129.00
447.89	209.00
448.09	146.00
448.29	205.00
448.49	226.00
448.69	194.00
448.89	208.00
449.09	109.00
449.29	136.00
449.49	159.00
449.70	163.00
449.90	144.00
450.10	169.00
450.30	182.00
450.50	169.00
450.70	122.00
450.90	132.00
451.10	188.00
451.30	151.00
451.50	180.00
451.70	153.00
451.90	170.00
452.10	196.00
452.30	198.00
452.50	186.00
452.70	252.00
452.90	151.00
453.10	176.00
453.30	203.00
453.50	191.00
453.70	174.00
453.90	177.00
454.10	214.00
454.30	220.00
454.50	162.00
454.70	179.00
454.90	157.00
455.10	183.00
455.30	230.00
455.50	233.00
455.70	133.00
455.90	216.00
456.10	229.00
456.30	269.00
456.50	256.00
456.70	157.00
456.90	204.00
457.10	280.00
457.30	263.00
457.50	206.00
457.70	251.00
457.90	258.00
458.10	254.00
458.30	278.00
458.50	289.00
458.70	242.00
458.90	227.00
459.10	257.00
459.30	251.00
459.50	313.00
459.70	283.00
459.90	204.00
460.10	164.00
460.30	226.00
460.50	248.00
460.70	268.00
460.90	204.00
461.10	262.00
461.30	163.00
461.50	204.00
461.70	278.00
461.90	314.00
462.10	307.00
462.30	207.00
462.50	168.00
462.70	229.00
462.90	253.00
463.10	276.00
463.30	261.00
463.50	258.00
463.70	317.00
463.90	304.00
464.10	208.00
464.30	223.00
464.50	259.00
464.70	267.00
464.90	284.00
465.10	276.00
465.30	302.00
465.50	294.00
465.70	255.00
465.90	208.00
466.10	264.00
466.30	267.00
466.50	283.00
466.70	245.00
466.90	246.00
467.10	210.00
467.30	222.00
467.50	232.00
467.70	192.00
467.90	233.00
468.10	185.00
468.30	199.00
468.50	202.00
468.70	242.00
468.90	249.00
469.10	233.00
469.30	215.00
469.50	245.00
469.70	287.00
469.90	290.00
470.10	301.00
470.30	290.00
470.50	278.00
470.70	222.00
470.90	199.00
471.10	171.00
471.29	167.00
471.49	185.00
471.69	279.00
471.89	338.00
472.09	282.00
472.29	231.00
472.49	293.00
472.69	259.00
472.89	275.00
473.09	251.00
473.29	278.00
473.49	263.00
473.69	253.00
473.89	264.00
474.09	282.00
474.29	231.00
474.49	210.00
474.69	223.00
474.89	248.00
475.09	337.00
475.29	359.00
475.49	313.00
475.69	267.00
475.88	254.00
476.08	270.00
476.28	283.00
476.48	311.00
476.68	246.00
476.88	181.00
477.08	161.00
477.28	248.00
477.48	310.00
477.68	281.00
477.88	232.00
478.08	286.00
478.28	246.00
478.48	249.00
478.68	224.00
478.88	258.00
479.08	297.00
479.28	329.00
479.47	241.00
479.67	240.00
479.87	251.00
480.07	264.00
480.27	265.00
480.47	317.00
480.67	308.00
480.87	241.00
481.07	340.00
481.27	244.00
481.47	268.00
481.67	266.00
481.87	287.00
482.07	284.00
482.27	280.00
482.46	252.00
482.66	347.00
482.86	321.00
483.06	298.00
483.26	276.00
483.46	258.00
483.66	283.00
483.86	301.00
484.06	281.00
484.26	276.00
484.46	375.00
484.66	389.00
484.86	298.00
485.05	320.00
485.25	358.00
485.45	381.00
485.65	384.00
485.85	315.00
486.05	366.00
486.25	329.00
486.45	352.00
486.65	334.00
486.85	367.00
487.05	343.00
487.25	313.00
487.44	366.00
487.64	389.00
487.84	361.00
488.04	327.00
488.24	407.00
488.44	425.00
488.64	441.00
488.84	390.00
489.04	436.00
489.24	394.00
489.43	321.00
489.63	401.00
489.83	431.00
490.03	440.00
490.23	355.00
490.43	353.00
490.63	351.00
490.83	393.00
491.03	396.00
491.23	356.00
491.42	421.00
491.62	381.00
491.82	395.00
492.02	340.00
492.22	414.00
492.42	503.00
492.62	426.00
492.82	390.00
493.02	430.00
493.22	409.00
493.41	349.00
493.61	417.00
493.81	455.00
494.01	445.00
494.21	459.00
494.41	433.00
494.61	510.00
494.81	488.00
495.01	411.00
495.20	542.00
495.40	489.00
495.60	473.00
495.80	416.00
496.00	373.00
496.20	417.00
496.40	503.00
496.60	417.00
496.79	438.00
496.99	490.00
497.19	484.00
497.39	493.00
497.59	543.00
497.79	505.00
497.99	379.00
498.19	438.00
498.38	476.00
498.58	476.00
498.78	554.00
498.98	543.00
499.18	581.00
499.38	504.00
499.58	440.00
499.78	499.00
499.97	480.00
500.17	510.00
500.37	454.00
500.57	454.00
500.77	507.00
500.97	486.00
501.17	589.00
501.37	575.00
501.56	513.00
501.76	525.00
501.96	459.00
502.16	481.00
502.36	474.00
502.56	481.00
502.76	501.00
502.95	505.00
503.15	468.00
503.35	535.00
503.55	543.00
503.75	490.00
503.95	471.00
504.15	430.00
504.34	556.00
504.54	506.00
504.74	515.00
504.94	502.00
505.14	469.00
505.34	460.00
505.54	521.00
505.73	554.00
505.93	513.00
506.13	472.00
506.33	486.00
506.53	502.00
506.73	511.00
506.92	532.00
507.12	556.00
507.32	447.00
507.52	529.00
507.72	492.00
507.92	522.00
508.12	502.00
508.31	416.00
508.51	445.00
508.71	534.00
508.91	477.00
509.11	537.00
509.31	530.00
509.50	531.00
509.70	515.00
509.90	495.00
510.10	525.00
510.30	537.00
510.50	437.00
510.69	456.00
510.89	449.00
511.09	523.00
511.29	522.00
511.49	566.00
511.69	556.00
511.88	531.00
512.08	524.00
512.28	533.00
512.48	489.00
512.68	536.00
512.88	487.00
513.07	496.00
513.27	433.00
513.47	440.00
513.67	468.00
513.87	520.00
514.06	534.00
514.26	537.00
514.46	436.00
514.66	468.00
514.86	462.00
515.06	441.00
515.25	566.00
515.45	520.00
515.65	454.00
515.85	505.00
516.05	551.00
516.24	541.00
516.44	498.00
516.64	473.00
516.84	506.00
517.04	564.00
517.23	506.00
517.43	565.00
517.63	535.00
517.83	515.00
518.03	516.00
518.23	603.00
518.42	546.00
518.62	527.00
518.82	484.00
519.02	534.00
519.22	471.00
519.41	539.00
519.61	606.00
519.81	558.00
520.01	551.00
520.21	529.00
520.40	609.00
520.60	671.00
520.80	571.00
521.00	482.00
521.20	547.00
521.39	586.00
521.59	539.00
521.79	503.00
521.99	507.00
522.19	557.00
522.38	603.00
522.58	572.00
522.78	549.00
522.98	621.00
523.17	607.00
523.37	608.00
523.57	594.00
523.77	615.00
523.97	556.00
524.16	579.00
524.36	590.00
524.56	627.00
524.76	661.00
524.96	650.00
525.15	652.00
525.35	703.00
525.55	656.00
525.75	601.00
525.94	721.00
526.14	668.00
526.34	661.00
526.54	618.00
526.74	618.00
526.93	659.00
527.13	764.00
527.33	756.00
527.53	683.00
527.72	743.00
527.92	729.00
528.12	716.00
528.32	724.00
528.52	743.00
528.71	767.00
528.91	741.00
529.11	730.00
529.31	784.00
529.50	789.00
529.70	748.00
529.90	690.00
530.10	699.00
530.29	708.00
530.49	720.00
530.69	780.00
530.89	743.00
531.09	722.00
531.28	774.00
531.48	826.00
531.68	838.00
531.88	792.00
532.07	763.00
532.27	791.00
532.47	819.00
532.67	851.00
532.86	824.00
533.06	799.00
533.26	881.00
533.46	869.00
533.65	771.00
533.85	864.00
534.05	982.00
534.25	914.00
534.44	896.00
534.64	904.00
534.84	898.00
535.04	879.00
535.23	865.00
535.43	910.00
535.63	982.00
535.83	961.00
536.02	976.00
536.22	986.00
536.42	973.00
536.62	1009.00
536.81	931.00
537.01	932.00
537.21	969.00
537.41	938.00
537.60	906.00
537.80	1075.00
538.00	1016.00
538.20	1005.00
538.39	1057.00
538.59	1067.00
538.79	1140.00
538.99	1170.00
539.18	1184.00
539.38	1125.00
539.58	1173.00
539.77	1136.00
539.97	1197.00
540.17	1262.00
540.37	1246.00
540.56	1308.00
540.76	1338.00
540.96	1331.00
541.16	1357.00
541.35	1393.00
541.55	1418.00
541.75	1403.00
541.94	1402.00
542.14	1418.00
542.34	1362.00
542.54	1263.00
542.73	1298.00
542.93	1331.00
543.13	1355.00
543.33	1405.00
543.52	1495.00
543.72	1467.00
543.92	1381.00
544.11	1368.00
544.31	1406.00
544.51	1313.00
544.71	1346.00
544.90	1537.00
545.10	1652.00
545.30	1633.00
545.49	1693.00
545.69	1665.00
545.89	1539.00
546.09	1588.00
546.28	1731.00
546.48	1680.00
546.68	1487.00
546.87	1369.00
547.07	1368.00
547.27	1355.00
547.47	1310.00
547.66	1259.00
547.86	1284.00
548.06	1376.00
548.25	1326.00
548.45	1315.00
548.65	1255.00
548.84	1244.00
549.04	1206.00
549.24	1285.00
549.44	1197.00
549.63	1191.00
549.83	1242.00
550.03	1245.00
550.22	1220.00
550.42	1179.00
550.62	1172.00
550.81	1173.00
551.01	1229.00
551.21	1178.00
551.41	1152.00
551.60	1194.00
551.80	1101.00
552.00	1119.00
552.19	1159.00
552.39	1182.00
552.59	1099.00
552.78	1047.00
552.98	1107.00
553.18	1102.00
553.37	1073.00
553.57	1110.00
553.77	1141.00
553.96	1025.00
554.16	1049.00
554.36	1140.00
554.56	1125.00
554.75	1059.00
554.95	1027.00
555.15	1031.00
555.34	1126.00
555.54	1122.00
555.74	1063.00
555.93	1041.00
556.13	1055.00
556.33	1017.00
556.52	1107.00
556.72	1089.00
556.92	1094.00
557.11	1086.00
557.31	1043.00
557.51	947.00
557.70	1002.00
557.90	997.00
558.10	957.00
558.29	942.00
558.49	919.00
558.69	921.00
558.88	986.00
559.08	1040.00
559.28	975.00
559.47	926.00
559.67	965.00
559.87	967.00
560.06	992.00
560.26	1035.00
560.46	991.00
560.65	908.00
560.85	918.00
561.05	1012.00
561.24	1013.00
561.44	947.00
561.64	988.00
561.83	975.00
562.03	964.00
562.23	968.00
562.42	954.00
562.62	1044.00
562.82	1096.00
563.01	1066.00
563.21	1060.00
563.40	1093.00
563.60	992.00
563.80	940.00
563.99	1123.00
564.19	1138.00
564.39	1078.00
564.58	1018.00
564.78	1166.00
564.98	1072.00
565.17	1037.00
565.37	1001.00
565.57	1023.00
565.76	1041.00
565.96	1028.00
566.16	1032.00
566.35	1045.00
566.55	1048.00
566.74	1033.00
566.94	1028.00
567.14	1076.00
567.33	1096.00
567.53	1108.00
567.73	1139.00
567.92	1154.00
568.12	1188.00
568.32	1148.00
568.51	1138.00
568.71	1074.00
568.90	1105.00
569.10	1152.00
569.30	1114.00
569.49	1107.00
569.69	1217.00
569.89	1161.00
570.08	1118.00
570.28	1205.00
570.47	1197.00
570.67	1186.00
570.87	1136.00
571.06	1067.00
571.26	1117.00
571.46	1140.00
571.65	1223.00
571.85	1224.00
572.04	1191.00
572.24	1198.00
572.44	1104.00
572.63	1197.00
572.83	1208.00
573.03	1230.00
573.22	1199.00
573.42	1222.00
573.61	1252.00
573.81	1224.00
574.01	1225.00
574.20	1325.00
574.40	1295.00
574.59	1298.00
574.79	1304.00
574.99	1336.00
575.18	1281.00
575.38	1362.00
575.58	1425.00
575.77	1380.00
575.97	1364.00
576.16	1399.00
576.36	1499.00
576.56	1467.00
576.75	1448.00
576.95	1468.00
577.14	1502.00
577.34	1486.00
577.54	1510.00
577.73	1406.00
577.93	1490.00
578.12	1509.00
578.32	1471.00
578.52	1553.00
578.71	1589.00
578.91	1565.00
579.10	1573.00
579.30	1631.00
579.50	1653.00
579.69	1678.00
579.89	1649.00
580.08	1633.00
580.28	1646.00
580.48	1726.00
580.67	1707.00
580.87	1639.00
581.06	1653.00
581.26	1641.00
581.45	1699.00
581.65	1674.00
581.85	1746.00
582.04	1820.00
582.24	1880.00
582.43	1803.00
582.63	1781.00
582.83	1819.00
583.02	1870.00
583.22	1908.00
583.41	1928.00
583.61	1940.00
583.80	1942.00
584.00	1955.00
584.20	2002.00
584.39	2006.00
584.59	1952.00
584.78	1907.00
584.98	1986.00
585.17	2065.00
585.37	2095.00
585.57	2036.00
585.76	2022.00
585.96	2053.00
586.15	2073.00
586.35	2109.00
586.54	2158.00
586.74	2179.00
586.94	2135.00
587.13	2171.00
587.33	2255.00
587.52	2251.00
587.72	2339.00
587.91	2294.00
588.11	2222.00
588.31	2283.00
588.50	2310.00
588.70	2276.00
588.89	2215.00
589.09	2241.00
589.28	2324.00
589.48	2301.00
589.68	2290.00
589.87	2342.00
590.07	2277.00
590.26	2308.00
590.46	2427.00
590.65	2381.00
590.85	2321.00
591.04	2440.00
591.24	2438.00
591.44	2523.00
591.63	2504.00
591.83	2404.00
592.02	2388.00
592.22	2357.00
592.41	2369.00
592.61	2516.00
592.80	2640.00
593.00	2598.00
593.19	2616.00
593.39	2681.00
593.59	2672.00
593.78	2626.00
593.98	2561.00
594.17	2578.00
594.37	2458.00
594.56	2446.00
594.76	2455.00
594.95	2584.00
595.15	2631.00
595.34	2581.00
595.54	2627.00
595.73	2638.00
595.93	2624.00
596.13	2622.00
596.32	2571.00
596.52	2613.00
596.71	2597.00
596.91	2588.00
597.10	2667.00
597.30	2631.00
597.49	2692.00
597.69	2675.00
597.88	2714.00
598.08	2722.00
598.27	2748.00
598.47	2850.00
598.66	2780.00
598.86	2707.00
599.06	2729.00
599.25	2770.00
599.45	2729.00
599.64	2734.00
599.84	2819.00
600.03	2777.00
600.23	2719.00
600.42	2677.00
600.62	2729.00
600.81	2735.00
601.01	2687.00
601.20	2695.00
601.40	2692.00
601.59	2762.00
601.79	2696.00
601.98	2692.00
602.18	2583.00
602.37	2638.00
602.57	2635.00
602.76	2600.00
602.96	2634.00
603.15	2651.00
603.35	2641.00
603.54	2710.00
603.74	2660.00
603.93	2667.00
604.13	2587.00
604.32	2644.00
604.52	2621.00
604.71	2578.00
604.91	2598.00
605.10	2610.00
605.30	2544.00
605.49	2582.00
605.69	2617.00
605.88	2645.00
606.08	2683.00
606.27	2632.00
606.47	2589.00
606.66	2614.00
606.86	2583.00
607.05	2583.00
607.25	2636.00
607.44	2530.00
607.64	2489.00
607.83	2548.00
608.03	2525.00
608.22	2564.00
608.42	2573.00
608.61	2656.00
608.81	2596.00
609.00	2689.00
609.20	2710.00
609.39	2525.00
609.59	2714.00
609.78	2732.00
609.98	2809.00
610.17	2847.00
610.37	2993.00
610.56	3191.00
610.76	3394.00
610.95	3421.00
611.15	3613.00
611.34	3666.00
611.54	3702.00
611.73	3715.00
611.93	3446.00
612.12	3172.00
612.32	3057.00
612.51	2915.00
612.71	2763.00
612.90	2787.00
613.09	2720.00
613.29	2716.00
613.48	2742.00
613.68	2699.00
613.87	2653.00
614.07	2662.00
614.26	2672.00
614.46	2627.00
614.65	2639.00
614.85	2674.00
615.04	2611.00
615.24	2564.00
615.43	2532.00
615.63	2564.00
615.82	2549.00
616.02	2498.00
616.21	2508.00
616.40	2414.00
616.60	2402.00
616.79	2357.00
616.99	2451.00
617.18	2418.00
617.38	2363.00
617.57	2359.00
617.77	2349.00
617.96	2291.00
618.16	2301.00
618.35	2364.00
618.54	2363.00
618.74	2328.00
618.93	2401.00
619.13	2414.00
619.32	2424.00
619.52	2483.00
619.71	2394.00
619.91	2425.00
620.10	2441.00
620.30	2450.00
620.49	2536.00
620.68	2481.00
620.88	2472.00
621.07	2469.00
621.27	2403.00
621.46	2388.00
621.66	2486.00
621.85	2552.00
622.05	2519.00
622.24	2486.00
622.43	2474.00
622.63	2577.00
622.82	2508.00
623.02	2447.00
623.21	2481.00
623.41	2553.00
623.60	2544.00
623.80	2506.00
623.99	2488.00
624.18	2557.00
624.38	2546.00
624.57	2432.00
624.77	2471.00
624.96	2506.00
625.16	2566.00
625.35	2667.00
625.54	2620.00
625.74	2640.00
625.93	2587.00
626.13	2635.00
626.32	2619.00
626.52	2640.00
626.71	2674.00
626.90	2690.00
627.10	2654.00
627.29	2781.00
627.49	2642.00
627.68	2645.00
627.88	2629.00
628.07	2679.00
628.26	2739.00
628.46	2763.00
628.65	2812.00
628.85	2828.00
629.04	2796.00
629.23	2784.00
629.43	2670.00
629.62	2738.00
629.82	2854.00
630.01	2906.00
630.21	2950.00
630.40	2969.00
630.59	2935.00
630.79	2917.00
630.98	2881.00
631.18	2897.00
631.37	2974.00
631.56	3007.00
631.76	3020.00
631.95	3057.00
632.15	3078.00
632.34	3015.00
632.53	2972.00
632.73	2960.00
632.92	2967.00
633.12	2941.00
633.31	3001.00
633.50	2948.00
633.70	2990.00
633.89	2954.00
634.09	2890.00
634.28	2988.00
634.47	3076.00
634.67	3019.00
634.86	3059.00
635.06	3109.00
635.25	3102.00
635.44	3130.00
635.64	3147.00
635.83	3238.00
636.03	3215.00
636.22	3151.00
636.41	3243.00
636.61	3273.00
636.80	3147.00
637.00	3158.00
637.19	3202.00
637.38	3283.00
637.58	3311.00
637.77	3321.00
637.96	3311.00
638.16	3323.00
638.35	3270.00
638.55	3330.00
638.74	3422.00
638.93	3439.00
639.13	3319.00
639.32	3385.00
639.51	3399.00
639.71	3385.00
639.90	3492.00
640.10	3496.00
640.29	3489.00
640.48	3558.00
640.68	3545.00
640.87	3526.00
641.07	3574.00
641.26	3561.00
641.45	3569.00
641.65	3638.00
641.84	3613.00
642.03	3597.00
642.23	3690.00
642.42	3650.00
642.61	3655.00
642.81	3641.00
643.00	3681.00
643.20	3697.00
643.39	3621.00
643.58	3611.00
643.78	3692.00
643.97	3746.00
644.16	3735.00
644.36	3737.00
644.55	3740.00
644.74	3782.00
644.94	3803.00
645.13	3923.00
645.33	3984.00
645.52	3900.00
645.71	3851.00
645.91	3896.00
646.10	3922.00
646.29	3862.00
646.49	3868.00
646.68	3849.00
646.87	3916.00
647.07	3901.00
647.26	3917.00
647.45	3968.00
647.65	3994.00
647.84	3980.00
648.03	4041.00
648.23	4007.00
648.42	4070.00
648.62	4097.00
648.81	4118.00
649.00	4141.00
649.20	4036.00
649.39	3939.00
649.58	3994.00
649.78	4187.00
649.97	4174.00
650.16	4176.00
650.36	4266.00
650.55	4147.00
650.74	4184.00
650.94	4193.00
651.13	4158.00
651.32	4193.00
651.52	4170.00
651.71	4140.00
651.90	4145.00
652.10	4139.00
652.29	4075.00
652.48	4119.00
652.68	4210.00
652.87	4258.00
653.06	4197.00
653.26	4161.00
653.45	4115.00
653.64	4097.00
653.84	4063.00
654.03	4169.00
654.22	4235.00
654.42	4198.00
654.61	4139.00
654.80	4143.00
654.99	4164.00
655.19	4097.00
655.38	4125.00
655.57	4237.00
655.77	4265.00
655.96	4226.00
656.15	4206.00
656.35	4299.00
656.54	4231.00
656.73	4150.00
656.93	4129.00
657.12	4087.00
657.31	4156.00
657.51	4227.00
657.70	4231.00
657.89	4196.00
658.09	4144.00
658.28	4136.00
658.47	4192.00
658.66	4181.00
658.86	4150.00
659.05	4108.00
659.24	4170.00
659.44	4186.00
659.63	4172.00
659.82	4185.00
660.02	4160.00
660.21	4131.00
660.40	4149.00
660.60	4204.00
660.79	4205.00
660.98	4008.00
661.17	4016.00
661.37	4110.00
661.56	4122.00
661.75	4044.00
661.95	4074.00
662.14	4128.00
662.33	4173.00
662.52	4105.00
662.72	4136.00
662.91	4139.00
663.10	4098.00
663.30	4124.00
663.49	4099.00
663.68	4152.00
663.88	4184.00
664.07	4099.00
664.26	4038.00
664.45	3933.00
664.65	3926.00
664.84	3912.00
665.03	3984.00
665.23	3935.00
665.42	3956.00
665.61	3973.00
665.80	3950.00
666.00	4012.00
666.19	4036.00
666.38	3950.00
666.57	4067.00
666.77	4085.00
666.96	4024.00
667.15	4004.00
667.35	3945.00
667.54	3848.00
667.73	3854.00
667.92	3942.00
668.12	3920.00
668.31	3910.00
668.50	3866.00
668.70	3867.00
668.89	3807.00
669.08	3870.00
669.27	3923.00
669.47	3831.00
669.66	3868.00
669.85	3847.00
670.04	3777.00
670.24	3868.00
670.43	3769.00
670.62	3832.00
670.81	3735.00
671.01	3721.00
671.20	3902.00
671.39	3821.00
671.58	3792.00
671.78	3720.00
671.97	3802.00
672.16	3881.00
672.36	3812.00
672.55	3788.00
672.74	3732.00
672.93	3635.00
673.13	3679.00
673.32	3724.00
673.51	3664.00
673.70	3696.00
673.90	3662.00
674.09	3602.00
674.28	3720.00
674.47	3832.00
674.67	3736.00
674.86	3765.00
675.05	3795.00
675.24	3746.00
675.44	3666.00
675.63	3796.00
675.82	3765.00
676.01	3634.00
676.21	3699.00
676.40	3641.00
676.59	3668.00
676.78	3726.00
676.97	3663.00
677.17	3655.00
677.36	3707.00
677.55	3636.00
677.74	3507.00
677.94	3571.00
678.13	3634.00
678.32	3646.00
678.51	3632.00
678.71	3542.00
678.90	3578.00
679.09	3627.00
679.28	3633.00
679.48	3654.00
679.67	3679.00
679.86	3721.00
680.05	3665.00
680.24	3616.00
680.44	3637.00
680.63	3574.00
680.82	3474.00
681.01	3445.00
681.21	3532.00
681.40	3487.00
681.59	3545.00
681.78	3487.00
681.97	3444.00
682.17	3420.00
682.36	3466.00
682.55	3511.00
682.74	3537.00
682.94	3476.00
683.13	3468.00
683.32	3469.00
683.51	3509.00
683.70	3556.00
683.90	3606.00
684.09	3536.00
684.28	3459.00
684.47	3483.00
684.66	3462.00
684.86	3425.00
685.05	3522.00
685.24	3578.00
685.43	3546.00
685.63	3473.00
685.82	3354.00
686.01	3437.00
686.20	3459.00
686.39	3469.00
686.59	3439.00
686.78	3499.00
686.97	3429.00
687.16	3494.00
687.35	3473.00
687.55	3490.00
687.74	3465.00
687.93	3572.00
688.12	3529.00
688.31	3581.00
688.51	3575.00
688.70	3515.00
688.89	3526.00
689.08	3424.00
689.27	3409.00
689.47	3464.00
689.66	3479.00
689.85	3415.00
690.04	3384.00
690.23	3515.00
690.42	3470.00
690.62	3357.00
690.81	3418.00
691.00	3462.00
691.19	3438.00
691.38	3535.00
691.58	3436.00
691.77	3433.00
691.96	3545.00
692.15	3547.00
692.34	3561.00
692.54	3472.00
692.73	3521.00
692.92	3590.00
693.11	3501.00
693.30	3449.00
693.49	3548.00
693.69	3590.00
693.88	3585.00
694.07	3582.00
694.26	3532.00
694.45	3510.00
694.64	3421.00
694.84	3353.00
695.03	3401.00
695.22	3432.00
695.41	3485.00
695.60	3513.00
695.80	3494.00
695.99	3441.00
696.18	3558.00
696.37	3473.00
696.56	3468.00
696.75	3525.00
696.95	3470.00
697.14	3487.00
697.33	3433.00
697.52	3412.00
697.71	3466.00
697.90	3493.00
698.09	3442.00
698.29	3486.00
698.48	3530.00
698.67	3541.00
698.86	3475.00
699.05	3569.00
699.24	3529.00
699.44	3567.00
699.63	3554.00
699.82	3638.00
700.01	3638.00
700.20	3574.00
700.39	3599.00
700.58	3619.00
700.78	3649.00
700.97	3623.00
701.16	3663.00
701.35	3703.00
701.54	3664.00
701.73	3686.00
701.93	3603.00
702.12	3686.00
702.31	3698.00
702.50	3664.00
702.69	3689.00
702.88	3773.00
703.07	3839.00
703.27	3769.00
703.46	3864.00
703.65	3882.00
703.84	3877.00
704.03	3793.00
704.22	3851.00
704.41	3904.00
704.60	3815.00
704.80	3811.00
704.99	3849.00
705.18	3880.00
705.37	3952.00
705.56	3908.00
705.75	3943.00
705.94	3913.00
706.14	3906.00
706.33	3930.00
706.52	3940.00
706.71	3935.00
706.90	4001.00
707.09	4017.00
707.28	4031.00
707.47	4086.00
707.67	4113.00
707.86	4083.00
708.05	4052.00
708.24	4121.00
708.43	4179.00
708.62	4189.00
708.81	4266.00
709.00	4254.00
709.20	4129.00
709.39	4231.00
709.58	4263.00
709.77	4207.00
709.96	4195.00
710.15	4193.00
710.34	4202.00
710.53	4235.00
710.72	4247.00
710.92	4207.00
711.11	4317.00
711.30	4267.00
711.49	4144.00
711.68	4201.00
711.87	4254.00
712.06	4322.00
712.25	4310.00
712.44	4372.00
712.64	4374.00
712.83	4489.00
713.02	4443.00
713.21	4411.00
713.40	4388.00
713.59	4397.00
713.78	4387.00
713.97	4348.00
714.16	4342.00
714.35	4308.00
714.55	4305.00
714.74	4430.00
714.93	4452.00
715.12	4445.00
715.31	4556.00
715.50	4594.00
715.69	4455.00
715.88	4424.00
716.07	4387.00
716.26	4474.00
716.45	4469.00
716.65	4542.00
716.84	4400.00
717.03	4445.00
717.22	4479.00
717.41	4487.00
717.60	4505.00
717.79	4438.00
717.98	4512.00
718.17	4600.00
718.36	4621.00
718.55	4613.00
718.75	4551.00
718.94	4556.00
719.13	4672.00
719.32	4602.00
719.51	4558.00
719.70	4638.00
719.89	4666.00
720.08	4632.00
720.27	4587.00
720.46	4507.00
720.65	4553.00
720.84	4671.00
721.03	4722.00
721.22	4638.00
721.42	4491.00
721.61	4547.00
721.80	4590.00
721.99	4577.00
722.18	4563.00
722.37	4651.00
722.56	4647.00
722.75	4613.00
722.94	4665.00
723.13	4629.00
723.32	4749.00
723.51	4651.00
723.70	4570.00
723.89	4594.00
724.08	4588.00
724.28	4618.00
724.47	4629.00
724.66	4693.00
724.85	4719.00
725.04	4796.00
725.23	4843.00
725.42	4865.00
725.61	4834.00
725.80	4727.00
725.99	4800.00
726.18	4816.00
726.37	4808.00
726.56	4699.00
726.75	4760.00
726.94	4730.00
727.13	4774.00
727.32	4718.00
727.51	4752.00
727.71	4782.00
727.90	4743.00
728.09	4651.00
728.28	4593.00
728.47	4664.00
728.66	4779.00
728.85	4743.00
729.04	4719.00
729.23	4577.00
729.42	4644.00
729.61	4654.00
729.80	4770.00
729.99	4712.00
730.18	4757.00
730.37	4766.00
730.56	4679.00
730.75	4575.00
730.94	4596.00
731.13	4686.00
731.32	4637.00
731.51	4670.00
731.70	4646.00
731.89	4616.00
732.08	4613.00
732.27	4623.00
732.46	4691.00
732.65	4661.00
732.84	4662.00
733.04	4678.00
733.23	4697.00
733.42	4698.00
733.61	4581.00
733.80	4605.00
733.99	4641.00
734.18	4692.00
734.37	4663.00
734.56	4584.00
734.75	4583.00
734.94	4568.00
735.13	4502.00
735.32	4465.00
735.51	4574.00
735.70	4638.00
735.89	4628.00
736.08	4545.00
736.27	4469.00
736.46	4517.00
736.65	4591.00
736.84	4550.00
737.03	4507.00
737.22	4477.00
737.41	4578.00
737.60	4476.00
737.79	4451.00
737.98	4422.00
738.17	4455.00
738.36	4479.00
738.55	4604.00
738.74	4599.00
738.93	4477.00
739.12	4441.00
739.31	4474.00
739.50	4482.00
739.69	4538.00
739.88	4488.00
740.07	4425.00
740.26	4427.00
740.45	4381.00
740.64	4333.00
740.83	4362.00
741.02	4353.00
741.21	4328.00
741.40	4346.00
741.59	4292.00
741.78	4309.00
741.97	4288.00
742.16	4268.00
742.35	4265.00
742.54	4310.00
742.73	4334.00
742.92	4298.00
743.11	4196.00
743.30	4139.00
743.49	4119.00
743.68	4243.00
743.87	4265.00
744.06	4178.00
744.25	4151.00
744.44	4107.00
744.63	4075.00
744.82	4090.00
745.01	4189.00
745.20	4116.00
745.39	4099.00
745.58	4064.00
745.77	4113.00
745.96	4043.00
746.15	4062.00
746.34	4056.00
746.52	4034.00
746.71	4070.00
746.90	4134.00
747.09	4101.00
747.28	4074.00
747.47	4137.00
747.66	4023.00
747.85	3965.00
748.04	3934.00
748.23	3913.00
748.42	4038.00
748.61	4002.00
748.80	3845.00
748.99	3879.00
749.18	3996.00
749.37	3947.00
749.56	3879.00
749.75	3953.00
749.94	3905.00
750.13	3864.00
750.32	3858.00
750.51	3897.00
750.70	3947.00
750.89	3872.00
751.08	3766.00
751.27	3733.00
751.46	3748.00
751.64	3803.00
751.83	3704.00
752.02	3715.00
752.21	3735.00
752.40	3720.00
752.59	3785.00
752.78	3728.00
752.97	3726.00
753.16	3791.00
753.35	3746.00
753.54	3690.00
753.73	3732.00
753.92	3727.00
754.11	3688.00
754.30	3671.00
754.49	3737.00
754.68	3648.00
754.87	3599.00
755.06	3630.00
755.24	3711.00
755.43	3652.00
755.62	3692.00
755.81	3601.00
756.00	3507.00
756.19	3603.00
756.38	3660.00
756.57	3548.00
756.76	3508.00
756.95	3483.00
757.14	3538.00
757.33	3584.00
757.52	3566.00
757.71	3520.00
757.90	3595.00
758.08	3519.00
758.27	3542.00
758.46	3647.00
758.65	3574.00
758.84	3484.00
759.03	3484.00
759.22	3487.00
759.41	3511.00
759.60	3481.00
759.79	3430.00
759.98	3438.00
760.17	3605.00
760.36	3485.00
760.54	3385.00
760.73	3443.00
760.92	3457.00
761.11	3443.00
761.30	3370.00
761.49	3332.00
761.68	3255.00
761.87	3246.00
762.06	3205.00
762.25	3219.00
762.44	3198.00
762.63	3146.00
762.81	3057.00
763.00	3002.00
763.19	2931.00
763.38	2901.00
763.57	2965.00
763.76	3069.00
763.95	2999.00
764.14	2957.00
764.33	2916.00
764.52	2845.00
764.71	2955.00
764.89	2980.00
765.08	3072.00
765.27	3026.00
765.46	3025.00
765.65	3053.00
765.84	2974.00
766.03	2980.00
766.22	3057.00
766.41	3106.00
766.59	3068.00
766.78	3057.00
766.97	3108.00
767.16	3220.00
767.35	3215.00
767.54	3170.00
767.73	3199.00
767.92	3220.00
768.11	3256.00
768.30	3198.00
768.48	3265.00
768.67	3482.00
768.86	3482.00
769.05	3360.00
769.24	3321.00
769.43	3317.00
769.62	3407.00
769.81	3425.00
769.99	3404.00
770.18	3315.00
770.37	3320.00
770.56	3336.00
770.75	3280.00
770.94	3382.00
771.13	3370.00
771.32	3440.00
771.50	3382.00
771.69	3362.00
771.88	3367.00
772.07	3289.00
772.26	3322.00
772.45	3355.00
772.64	3327.00
772.83	3330.00
773.01	3324.00
773.20	3219.00
773.39	3247.00
773.58	3235.00
773.77	3269.00
773.96	3302.00
774.15	3295.00
774.34	3252.00
774.52	3229.00
774.71	3276.00
774.90	3255.00
775.09	3234.00
775.28	3354.00
775.47	3212.00
775.66	3280.00
775.84	3232.00
776.03	3181.00
776.22	3239.00
776.41	3124.00
776.60	3146.00
776.79	3202.00
776.98	3236.00
777.16	3185.00
777.35	3208.00
777.54	3199.00
777.73	3173.00
777.92	3182.00
778.11	3207.00
778.29	3178.00
778.48	3229.00
778.67	3101.00
778.86	3129.00
779.05	3191.00
779.24	3137.00
779.43	3122.00
779.61	3185.00
779.80	3170.00
779.99	3266.00
780.18	3279.00
780.37	3273.00
780.56	3236.00
780.74	3165.00
780.93	3245.00
781.12	3248.00
781.31	3273.00
781.50	3342.00
781.69	3269.00
781.87	3308.00
782.06	3258.00
782.25	3204.00
782.44	3257.00
782.63	3295.00
782.82	3312.00
783.00	3317.00
783.19	3316.00
783.38	3320.00
783.57	3245.00
783.76	3288.00
783.95	3331.00
784.13	3344.00
784.32	3292.00
784.51	3283.00
784.70	3266.00
784.89	3314.00
785.08	3230.00
785.26	3272.00
785.45	3250.00
785.64	3231.00
785.83	3223.00
786.02	3173.00
786.20	3244.00
786.39	3285.00
786.58	3337.00
786.77	3349.00
786.96	3400.00
787.15	3366.00
787.33	3349.00
787.52	3348.00
787.71	3220.00
787.90	3264.00
788.09	3327.00
788.27	3379.00
788.46	3376.00
788.65	3320.00
788.84	3238.00
789.03	3326.00
789.21	3423.00
789.40	3386.00
789.59	3336.00
789.78	3319.00
789.97	3349.00
790.15	3413.00
790.34	3455.00
790.53	3412.00
790.72	3432.00
790.91	3445.00
791.09	3483.00
791.28	3413.00
791.47	3358.00
791.66	3340.00
791.85	3442.00
792.03	3337.00
792.22	3393.00
792.41	3563.00
792.60	3544.00
792.79	3539.00
792.97	3575.00
793.16	3570.00
793.35	3575.00
793.54	3552.00
793.72	3566.00
793.91	3614.00
794.10	3637.00
794.29	3571.00
794.48	3538.00
794.66	3531.00
794.85	3625.00
795.04	3638.00
795.23	3669.00
795.42	3613.00
795.60	3549.00
795.79	3607.00
795.98	3705.00
796.17	3621.00
796.35	3589.00
796.54	3587.00
796.73	3557.00
796.92	3580.00
797.11	3470.00
797.29	3574.00
797.48	3638.00
797.67	3595.00
797.86	3624.00
798.04	3623.00
798.23	3541.00
798.42	3581.00
798.61	3660.00
798.79	3646.00
798.98	3608.00
799.17	3540.00
799.36	3540.00
799.54	3536.00
799.73	3527.00
799.92	3564.00
800.11	3634.00
800.30	3634.00
800.48	3630.00
800.67	3544.00
800.86	3550.00
801.05	3547.00
801.23	3539.00
801.42	3533.00
801.61	3442.00
801.80	3507.00
801.98	3634.00
802.17	3627.00
802.36	3600.00
802.55	3591.00
802.73	3495.00
802.92	3479.00
803.11	3491.00
803.30	3624.00
803.48	3638.00
803.67	3720.00
803.86	3689.00
804.05	3620.00
804.23	3762.00
804.42	3727.00
804.61	3650.00
804.80	3686.00
804.98	3656.00
805.17	3761.00
805.36	3765.00
805.54	3609.00
805.73	3661.00
805.92	3720.00
806.11	3595.00
806.29	3669.00
806.48	3729.00
806.67	3653.00
806.86	3690.00
807.04	3617.00
807.23	3692.00
807.42	3705.00
807.61	3783.00
807.79	3761.00
807.98	3627.00
808.17	3702.00
808.35	3770.00
808.54	3830.00
808.73	3778.00
808.92	3692.00
809.10	3615.00
809.29	3657.00
809.48	3747.00
809.67	3661.00
809.85	3688.00
810.04	3765.00
810.23	3680.00
810.41	3618.00
810.60	3537.00
810.79	3592.00
810.98	3733.00
811.16	3696.00
811.35	3685.00
811.54	3665.00
811.72	3646.00
811.91	3593.00
812.10	3632.00
812.29	3703.00
812.47	3711.00
812.66	3689.00
812.85	3688.00
813.03	3814.00
813.22	3681.00
813.41	3689.00
813.60	3681.00
813.78	3552.00
813.97	3621.00
814.16	3734.00
814.34	3683.00
814.53	3654.00
814.72	3588.00
814.90	3564.00
815.09	3557.00
815.28	3613.00
815.47	3827.00
815.65	3788.00
815.84	3658.00
816.03	3598.00
816.21	3647.00
816.40	3709.00
816.59	3650.00
816.77	3627.00
816.96	3707.00
817.15	3655.00
817.33	3590.00
817.52	3701.00
817.71	3769.00
817.90	3751.00
818.08	3762.00
818.27	3707.00
818.46	3681.00
818.64	3737.00
818.83	3582.00
819.02	3531.00
819.20	3701.00
819.39	3677.00
819.58	3699.00
819.76	3757.00
819.95	3615.00
820.14	3687.00
820.32	3695.00
820.51	3735.00
820.70	3716.00
820.88	3644.00
821.07	3602.00
821.26	3605.00
821.44	3627.00
821.63	3704.00
821.82	3774.00
822.01	3611.00
822.19	3721.00
822.38	3692.00
822.57	3646.00
822.75	3629.00
822.94	3597.00
823.13	3580.00
823.31	3660.00
823.50	3683.00
823.69	3648.00
823.87	3622.00
824.06	3506.00
824.25	3506.00
824.43	3618.00
824.62	3714.00
824.80	3633.00
824.99	3627.00
825.18	3637.00
825.36	3611.00
825.55	3615.00
825.74	3514.00
825.92	3543.00
826.11	3582.00
826.30	3563.00
826.48	3474.00
826.67	3533.00
826.86	3580.00
827.04	3627.00
827.23	3610.00
827.42	3533.00
827.60	3596.00
827.79	3540.00
827.98	3650.00
828.16	3613.00
828.35	3622.00
828.54	3624.00
828.72	3520.00
828.91	3541.00
829.09	3493.00
829.28	3473.00
829.47	3458.00
829.65	3498.00
829.84	3385.00
830.03	3442.00
830.21	3443.00
830.40	3487.00
830.59	3559.00
830.77	3481.00
830.96	3403.00
831.14	3423.00
831.33	3445.00
831.52	3445.00
831.70	3353.00
831.89	3358.00
832.08	3373.00
832.26	3383.00
832.45	3386.00
832.64	3406.00
832.82	3415.00
833.01	3397.00
833.19	3415.00
833.38	3367.00
833.57	3375.00
833.75	3349.00
833.94	3400.00
834.13	3476.00
834.31	3411.00
834.50	3304.00
834.68	3395.00
834.87	3428.00
835.06	3378.00
835.24	3412.00
835.43	3500.00
835.61	3432.00
835.80	3338.00
835.99	3323.00
836.17	3354.00
836.36	3422.00
836.55	3424.00
836.73	3403.00
836.92	3408.00
837.10	3335.00
837.29	3377.00
837.48	3392.00
837.66	3392.00
837.85	3342.00
838.03	3331.00
838.22	3361.00
838.41	3358.00
838.59	3368.00
838.78	3361.00
838.96	3377.00
839.15	3318.00
839.34	3283.00
839.52	3324.00
839.71	3302.00
839.89	3278.00
840.08	3259.00
840.27	3238.00
840.45	3192.00
840.64	3203.00
840.82	3199.00
841.01	3170.00
841.20	3191.00
841.38	3202.00
841.57	3308.00
841.75	3285.00
841.94	3135.00
842.13	3135.00
842.31	3159.00
842.50	3244.00
842.68	3229.00
842.87	3152.00
843.05	3051.00
843.24	3114.00
843.43	3164.00
843.61	3183.00
843.80	3140.00
843.98	3025.00
844.17	3017.00
844.36	3020.00
844.54	3070.00
844.73	3164.00
844.91	3053.00
845.10	3030.00
845.28	3090.00
845.47	3093.00
845.66	3162.00
845.84	3028.00
846.03	3033.00
846.21	2931.00
846.40	2938.00
846.58	2939.00
846.77	2992.00
846.96	2963.00
847.14	2963.00
847.33	3077.00
847.51	3024.00
847.70	2934.00
847.88	2890.00
848.07	2883.00
848.25	2936.00
848.44	2964.00
848.63	2931.00
848.81	2913.00
849.00	2881.00
849.18	2888.00
849.37	2810.00
849.55	2816.00
849.74	2864.00
849.93	2862.00
850.11	2954.00
850.30	2845.00
850.48	2814.00
850.67	2818.00
850.85	2813.00
851.04	2797.00
851.22	2882.00
851.41	2875.00
851.59	2833.00
851.78	2859.00
851.97	2785.00
852.15	2817.00
852.34	2882.00
852.52	2886.00
852.71	2810.00
852.89	2839.00
853.08	2837.00
853.26	2779.00
853.45	2753.00
853.63	2733.00
853.82	2848.00
854.01	2804.00
854.19	2854.00
854.38	2785.00
854.56	2708.00
854.75	2720.00
854.93	2850.00
855.12	2837.00
855.30	2680.00
855.49	2722.00
855.67	2654.00
855.86	2671.00
856.04	2762.00
856.23	2738.00
856.41	2629.00
856.60	2685.00
856.79	2697.00
856.97	2681.00
857.16	2709.00
857.34	2675.00
857.53	2674.00
857.71	2684.00
857.90	2707.00
858.08	2627.00
858.27	2669.00
858.45	2673.00
858.64	2708.00
858.82	2730.00
859.01	2693.00
859.19	2627.00
859.38	2656.00
859.56	2652.00
859.75	2609.00
859.93	2645.00
860.12	2628.00
860.30	2664.00
860.49	2652.00
860.67	2639.00
860.86	2645.00
861.04	2564.00
861.23	2522.00
861.41	2518.00
861.60	2679.00
861.78	2721.00
861.97	2582.00
862.15	2585.00
862.34	2497.00
862.53	2552.00
862.71	2547.00
862.90	2467.00
863.08	2526.00
863.27	2467.00
863.45	2478.00
863.64	2415.00
863.82	2370.00
864.01	2413.00
864.19	2396.00
864.37	2461.00
864.56	2443.00
864.74	2459.00
864.93	2409.00
865.11	2452.00
865.30	2415.00
865.48	2407.00
865.67	2347.00
865.85	2429.00
866.04	2404.00
866.22	2384.00
866.41	2336.00
866.59	2342.00
866.78	2350.00
866.96	2318.00
867.15	2330.00
867.33	2358.00
867.52	2361.00
867.70	2467.00
867.89	2425.00
868.07	2359.00
868.26	2325.00
868.44	2387.00
868.63	2344.00
868.81	2325.00
869.00	2468.00
869.18	2381.00
869.37	2322.00
869.55	2322.00
869.74	2285.00
869.92	2312.00
870.10	2277.00
870.29	2213.00
870.47	2305.00
870.66	2342.00
870.84	2274.00
871.03	2294.00
871.21	2264.00
871.40	2340.00
871.58	2363.00
871.77	2285.00
871.95	2229.00
872.14	2258.00
872.32	2310.00
872.51	2290.00
872.69	2269.00
872.87	2224.00
873.06	2215.00
873.24	2151.00
873.43	2185.00
873.61	2206.00
873.80	2206.00
873.98	2250.00
874.17	2295.00
874.35	2316.00
874.54	2267.00
874.72	2181.00
874.90	2117.00
875.09	2183.00
875.27	2230.00
875.46	2238.00
875.64	2157.00
875.83	2181.00
876.01	2187.00
876.20	2177.00
876.38	2179.00
876.56	2127.00
876.75	2083.00
876.93	2118.00
877.12	2105.00
877.30	2174.00
877.49	2185.00
877.67	2085.00
877.86	2127.00
878.04	2187.00
878.22	2149.00
878.41	2090.00
878.59	2157.00
878.78	2080.00
878.96	2113.00
879.15	2082.00
879.33	2141.00
879.51	2207.00
879.70	2136.00
879.88	2161.00
880.07	2225.00
880.25	2124.00
880.44	2058.00
880.62	2130.00
880.80	2100.00
880.99	2029.00
881.17	2008.00
881.36	2125.00
881.54	2139.00
881.73	2116.00
881.91	2065.00
882.09	2066.00
882.28	2050.00
882.46	2151.00
882.65	2104.00
882.83	2119.00
883.02	2085.00
883.20	2129.00
883.38	2127.00
883.57	2046.00
883.75	2010.00
883.94	2052.00
884.12	2042.00
884.30	2068.00
884.49	2123.00
884.67	2029.00
884.86	2108.00
885.04	2079.00
885.22	2086.00
885.41	2135.00
885.59	2108.00
885.78	2060.00
885.96	2042.00
886.14	2017.00
886.33	1978.00
886.51	2032.00
886.70	2018.00
886.88	2019.00
887.06	2010.00
887.25	1979.00
887.43	2016.00
887.62	1955.00
887.80	2007.00
887.98	1995.00
888.17	1968.00
888.35	2030.00
888.54	2031.00
888.72	2019.00
888.90	2048.00
889.09	2002.00
889.27	1927.00
889.46	1969.00
889.64	2049.00
889.82	2050.00
890.01	2035.00
890.19	1919.00
890.38	1950.00
890.56	1942.00
890.74	1937.00
890.93	1963.00
891.11	2058.00
891.29	2055.00
891.48	2039.00
891.66	1953.00
891.85	1930.00
892.03	2031.00
892.21	1995.00
892.40	1943.00
892.58	1914.00
892.76	2019.00
892.95	2006.00
893.13	2031.00
893.32	2020.00
893.50	2017.00
893.68	1993.00
893.87	1983.00
894.05	1906.00
894.23	1980.00
894.42	2008.00
894.60	2033.00
894.79	2038.00
894.97	2093.00
895.15	2028.00
895.34	2040.00
895.52	2070.00
895.70	2089.00
895.89	2019.00
896.07	2026.00
896.25	1986.00
896.44	1971.00
896.62	2063.00
896.81	2112.00
896.99	2143.00
897.17	2035.00
897.36	2023.00
897.54	2029.00
897.72	2054.00
897.91	2047.00
898.09	2079.00
898.27	2071.00
898.46	2073.00
898.64	2063.00
898.82	2098.00
899.01	2171.00
899.19	2007.00
899.37	2106.00
899.56	2189.00
899.74	2259.00
899.92	2133.00
900.11	2132.00
900.29	2115.00
900.47	2078.00
900.66	2091.00
900.84	2114.00
901.03	2096.00
901.21	2180.00
901.39	2187.00
901.58	2128.00
901.76	2081.00
901.94	2118.00
902.13	2100.00
902.31	2213.00
902.49	2156.00
902.68	2116.00
902.86	2135.00
903.04	2206.00
903.23	2122.00
903.41	2148.00
903.59	2142.00
903.78	2142.00
903.96	2249.00
904.14	2189.00
904.32	2194.00
904.51	2289.00
904.69	2263.00
904.87	2281.00
905.06	2266.00
905.24	2183.00
905.42	2129.00
905.61	2192.00
905.79	2205.00
905.97	2183.00
906.16	2156.00
906.34	2104.00
906.52	2186.00
906.71	2268.00
906.89	2244.00
907.07	2158.00
907.26	2214.00
907.44	2163.00
907.62	2268.00
907.81	2228.00
907.99	2161.00
908.17	2199.00
908.35	2240.00
908.54	2304.00
908.72	2276.00
908.90	2257.00
909.09	2253.00
909.27	2260.00
909.45	2282.00
909.64	2230.00
909.82	2212.00
910.00	2152.00
910.18	2200.00
910.37	2281.00
910.55	2241.00
910.73	2164.00
910.92	2164.00
911.10	2200.00
911.28	2230.00
911.47	2201.00
911.65	2210.00
911.83	2210.00
912.01	2238.00
912.20	2275.00
912.38	2288.00
912.56	2285.00
912.75	2193.00
912.93	2165.00
913.11	2261.00
913.29	2208.00
913.48	2125.00
913.66	2191.00
913.84	2228.00
914.03	2270.00
914.21	2250.00
914.39	2219.00
914.57	2243.00
914.76	2220.00
914.94	2135.00
915.12	2191.00
915.31	2142.00
915.49	2107.00
915.67	2150.00
915.85	2192.00
916.04	2147.00
916.22	2123.00
916.40	2126.00
916.58	2155.00
916.77	2144.00
916.95	2169.00
917.13	2134.00
917.32	2067.00
917.50	2126.00
917.68	2070.00
917.86	2032.00
918.05	2111.00
918.23	2139.00
918.41	2113.00
918.59	2025.00
918.78	2026.00
918.96	2032.00
919.14	2112.00
919.32	2102.00
919.51	2060.00
919.69	2061.00
919.87	2054.00
920.05	1986.00
920.24	1961.00
920.42	1990.00
920.60	2074.00
920.78	2057.00
920.97	1997.00
921.15	2099.00
921.33	2061.00
921.52	1993.00
921.70	1940.00
921.88	1951.00
922.06	2015.00
922.24	1953.00
922.43	1961.00
922.61	1952.00
922.79	1895.00
922.97	2001.00
923.16	1917.00
923.34	1948.00
923.52	2000.00
923.70	1953.00
923.89	2004.00
924.07	1982.00
924.25	1946.00
924.43	1976.00
924.62	2100.00
924.80	2058.00
924.98	1991.00
925.16	1963.00
925.35	1926.00
925.53	1920.00
925.71	2037.00
925.89	1964.00
926.08	1940.00
926.26	1899.00
926.44	1946.00
926.62	1937.00
926.80	1996.00
926.99	1888.00
927.17	1875.00
927.35	1927.00
927.53	1881.00
927.72	1916.00
927.90	1932.00
928.08	1890.00
928.26	1873.00
928.44	1876.00
928.63	1914.00
928.81	1876.00
928.99	1883.00
929.17	1855.00
929.36	1824.00
929.54	1875.00
929.72	1862.00
929.90	1786.00
930.08	1856.00
930.27	1884.00
930.45	1870.00
930.63	1835.00
930.81	1825.00
930.99	1774.00
931.18	1774.00
931.36	1805.00
931.54	1785.00
931.72	1739.00
931.90	1797.00
932.09	1729.00
932.27	1729.00
932.45	1680.00
932.63	1652.00
932.81	1653.00
933.00	1609.00
933.18	1651.00
933.36	1684.00
933.54	1724.00
933.72	1657.00
933.91	1662.00
934.09	1665.00
934.27	1554.00
934.45	1600.00
934.63	1641.00
934.82	1619.00
935.00	1636.00
935.18	1557.00
935.36	1460.00
935.54	1459.00
935.73	1505.00
935.91	1492.00
936.09	1466.00
936.27	1398.00
936.45	1349.00
936.64	1381.00
936.82	1376.00
937.00	1405.00
937.18	1391.00
937.36	1353.00
937.54	1345.00
937.73	1324.00
937.91	1170.00
938.09	1321.00
938.27	1321.00
938.45	1234.00
938.63	1150.00
938.82	1167.00
939.00	1168.00
939.18	1158.00
939.36	1171.00
939.54	1157.00
939.73	1126.00
939.91	1112.00
940.09	1099.00
940.27	1075.00
940.45	1049.00
940.63	997.00
940.82	998.00
941.00	1006.00
941.18	988.00
941.36	1017.00
941.54	1020.00
941.72	985.00
941.91	891.00
942.09	944.00
942.27	1023.00
942.45	984.00
942.63	925.00
942.81	928.00
942.99	890.00
943.18	912.00
943.36	886.00
943.54	881.00
943.72	860.00
943.90	883.00
944.08	914.00
944.27	891.00
944.45	841.00
944.63	936.00
944.81	901.00
944.99	845.00
945.17	855.00
945.35	847.00
945.54	862.00
945.72	871.00
945.90	902.00
946.08	856.00
946.26	826.00
946.44	885.00
946.62	881.00
946.81	945.00
946.99	934.00
947.17	965.00
947.35	978.00
947.53	945.00
947.71	920.00
947.89	891.00
948.07	867.00
948.26	835.00
948.44	856.00
948.62	838.00
948.80	928.00
948.98	942.00
949.16	981.00
949.34	1006.00
949.53	949.00
949.71	926.00
949.89	877.00
950.07	862.00
950.25	845.00
950.43	891.00
950.61	889.00
950.79	911.00
950.98	967.00
951.16	952.00
951.34	991.00
951.52	887.00
951.70	897.00
951.88	865.00
952.06	912.00
952.24	911.00
952.42	937.00
952.61	867.00
952.79	849.00
952.97	866.00
953.15	789.00
953.33	774.00
953.51	889.00
953.69	849.00
953.87	803.00
954.05	841.00
954.24	849.00
954.42	916.00
954.60	861.00
954.78	894.00
954.96	860.00
955.14	893.00
955.32	892.00
955.50	864.00
955.68	845.00
955.86	876.00
956.05	849.00
956.23	848.00
956.41	874.00
956.59	893.00
956.77	880.00
956.95	855.00
957.13	772.00
957.31	885.00
957.49	887.00
957.67	844.00
957.86	895.00
958.04	828.00
958.22	804.00
958.40	893.00
958.58	904.00
958.76	851.00
958.94	784.00
959.12	806.00
959.30	826.00
959.48	804.00
959.66	824.00
959.84	836.00
960.03	801.00
960.21	875.00
960.39	874.00
960.57	828.00
960.75	864.00
960.93	839.00
961.11	867.00
961.29	863.00
961.47	824.00
961.65	804.00
961.83	814.00
962.01	767.00
962.19	748.00
962.37	774.00
962.56	788.00
962.74	803.00
962.92	847.00
963.10	838.00
963.28	833.00
963.46	880.00
963.64	838.00
963.82	830.00
964.00	773.00
964.18	815.00
964.36	846.00
964.54	845.00
964.72	775.00
964.90	797.00
965.08	795.00
965.27	867.00
965.45	747.00
965.63	833.00
965.81	829.00
965.99	771.00
966.17	732.00
966.35	720.00
966.53	755.00
966.71	771.00
966.89	813.00
967.07	798.00
967.25	782.00
967.43	809.00
967.61	784.00
967.79	749.00
967.97	811.00
968.15	791.00
968.33	784.00
968.51	800.00
968.69	800.00
968.87	777.00
969.06	796.00
969.24	746.00
969.42	722.00
969.60	776.00
969.78	778.00
969.96	778.00
970.14	771.00
970.32	705.00
970.50	656.00
970.68	761.00
970.86	833.00
971.04	791.00
971.22	729.00
971.40	690.00
971.58	718.00
971.76	763.00
971.94	710.00
972.12	699.00
972.30	709.00
972.48	743.00
972.66	747.00
972.84	729.00
973.02	820.00
973.20	738.00
973.38	671.00
973.56	676.00
973.74	688.00
973.92	692.00
974.10	709.00
974.28	639.00
974.46	686.00
974.64	674.00
974.82	668.00
975.00	671.00
975.18	682.00
975.36	681.00
975.54	623.00
975.72	672.00
975.90	716.00
976.08	739.00
976.26	690.00
976.44	693.00
976.62	584.00
976.80	648.00
976.98	677.00
977.16	683.00
977.34	658.00
977.52	632.00
977.70	718.00
977.88	697.00
978.06	641.00
978.24	605.00
978.42	702.00
978.60	691.00
978.78	615.00
978.96	607.00
979.14	648.00
979.32	685.00
979.50	678.00
979.68	674.00
979.86	663.00
980.04	652.00
980.22	650.00
980.40	623.00
980.58	639.00
980.76	666.00
980.94	622.00
981.12	563.00
981.30	562.00
981.48	587.00
981.66	597.00
981.84	627.00
982.02	567.00
982.20	595.00
982.38	631.00
982.56	642.00
982.74	576.00
982.92	605.00
983.10	581.00
983.28	616.00
983.46	587.00
983.64	610.00
983.82	664.00
984.00	574.00
984.18	588.00
984.36	648.00
984.54	655.00
984.72	608.00
984.90	559.00
985.08	568.00
985.26	560.00
985.44	591.00
985.62	638.00
985.80	609.00
985.98	648.00
986.16	638.00
986.34	560.00
986.51	605.00
986.69	609.00
986.87	548.00
987.05	599.00
987.23	636.00
987.41	564.00
987.59	601.00
987.77	532.00
987.95	583.00
988.13	574.00
988.31	536.00
988.49	563.00
988.67	588.00
988.85	495.00
989.03	523.00
989.21	584.00
989.39	530.00
989.57	534.00
989.75	545.00
989.93	535.00
990.11	576.00
990.28	525.00
990.46	497.00
990.64	487.00
990.82	524.00
991.00	486.00
991.18	525.00
991.36	540.00
991.54	560.00
991.72	544.00
991.90	541.00
992.08	559.00
992.26	588.00
992.44	510.00
992.62	470.00
992.80	421.00
992.98	538.00
993.15	536.00
993.33	547.00
993.51	557.00
993.69	567.00
993.87	547.00
994.05	458.00
994.23	524.00
994.41	596.00
994.59	599.00
994.77	531.00
994.95	539.00
995.13	522.00
995.31	488.00
995.48	426.00
995.66	493.00
995.84	465.00
996.02	489.00
996.20	528.00
996.38	469.00
996.56	477.00
996.74	503.00
996.92	460.00
997.10	422.00
997.28	462.00
997.46	485.00
997.63	505.00
997.81	462.00
997.99	435.00
998.17	491.00
998.35	485.00
998.53	417.00
998.71	451.00
998.89	517.00
999.07	545.00
999.25	513.00
999.43	423.00
999.60	491.00
999.78	495.00
999.96	441.00
1000.14	439.00
1000.32	438.00
1000.50	562.00
1000.68	541.00
1000.86	481.00
1001.04	441.00
1001.21	365.00
1001.39	425.00
1001.57	437.00
1001.75	360.00
1001.93	316.00
1002.11	368.00
1002.29	465.00
1002.47	504.00
1002.65	468.00
1002.82	440.00
1003.00	396.00
1003.18	468.00
1003.36	454.00
1003.54	422.00
1003.72	452.00
1003.90	542.00
1004.08	462.00
1004.26	383.00
1004.43	425.00
1004.61	416.00
1004.79	445.00
1004.97	385.00
1005.15	446.00
1005.33	402.00
1005.51	444.00
1005.69	451.00
1005.86	375.00
1006.04	427.00
1006.22	411.00
1006.40	436.00
1006.58	384.00
1006.76	397.00
1006.94	396.00
1007.12	416.00
1007.29	422.00
1007.47	426.00
1007.65	492.00
1007.83	456.00
1008.01	432.00
1008.19	409.00
1008.37	471.00
1008.54	450.00
1008.72	402.00
1008.90	378.00
1009.08	442.00
1009.26	321.00
1009.44	341.00
1009.62	291.00
1009.79	435.00
1009.97	463.00
1010.15	424.00
1010.33	391.00
1010.51	377.00
1010.69	316.00
1010.87	356.00
1011.04	332.00
1011.22	423.00
1011.40	386.00
1011.58	352.00
1011.76	358.00
1011.94	390.00
1012.11	353.00
1012.29	419.00
1012.47	418.00
1012.65	407.00
1012.83	335.00
1013.01	352.00
1013.18	383.00
1013.36	365.00
1013.54	401.00
1013.72	356.00
1013.90	362.00
1014.08	403.00
1014.25	450.00
1014.43	384.00
1014.61	392.00
1014.79	329.00
1014.97	361.00
1015.15	313.00
1015.32	374.00
1015.50	408.00
1015.68	333.00
1015.86	304.00
1016.04	335.00
1016.22	349.00
1016.39	384.00
1016.57	398.00
1016.75	338.00
1016.93	394.00
1017.11	376.00
1017.29	432.00
1017.46	425.00
1017.64	361.00
1017.82	359.00
1018.00	362.00
1018.18	370.00
1018.35	378.00
1018.53	421.00
1018.71	389.00
1018.89	351.00
1019.07	243.00
1019.24	375.00
1019.42	343.00
1019.60	310.00
1019.78	246.00
1019.96	277.00
1020.14	376.00
1020.31	340.00
1020.49	349.00
1020.67	365.00
1020.85	382.00
1021.03	390.00
1021.20	358.00
1021.38	365.00
1021.56	297.00
1021.74	309.00
1021.92	287.00
1022.09	335.00
1022.27	379.00
1022.45	335.00
1022.63	335.00
1022.81	299.00
1022.98	384.00
1023.16	356.00
1023.34	388.00
1023.52	351.00
1023.69	333.00
1023.87	332.00
1024.05	342.00
1024.23	346.00
1024.41	382.00
1024.58	309.00
1024.76	298.00
1024.94	319.00
1025.12	351.00
1025.30	361.00
1025.47	327.00
1025.65	323.00
1025.83	344.00
1026.01	410.00
1026.18	394.00
1026.36	366.00
1026.54	298.00
1026.72	338.00
1026.90	341.00
1027.07	369.00
1027.25	355.00
1027.43	277.00
1027.61	275.00
1027.78	240.00
1027.96	287.00
1028.14	383.00
1028.32	358.00
1028.49	321.00
1028.67	284.00
1028.85	227.00
1029.03	294.00
1029.21	305.00
1029.38	272.00
1029.56	340.00
1029.74	311.00
1029.92	301.00
1030.09	297.00
1030.27	310.00
1030.45	340.00
1030.63	280.00
1030.80	261.00
1030.98	285.00
1031.16	307.00
1031.34	288.00
1031.51	256.00
1031.69	285.00
1031.87	294.00
1032.05	254.00
1032.22	286.00
1032.40	270.00
1032.58	289.00
1032.76	197.00
1032.93	247.00
1033.11	223.00
1033.29	255.00
1033.47	278.00
1033.64	314.00
1033.82	321.00
1034.00	337.00
1034.18	313.00
1034.35	303.00
1034.53	299.00
1034.71	271.00
1034.89	279.00
1035.06	305.00
1035.24	321.00
1035.42	339.00
1035.59	326.00
1035.77	310.00
1035.95	206.00
1036.13	229.00
1036.30	256.00
1036.48	225.00
1036.66	261.00
1036.84	285.00
1037.01	334.00
1037.19	230.00
1037.37	297.00
1037.54	245.00
1037.72	316.00
1037.90	283.00
1038.08	263.00
1038.25	240.00
1038.43	252.00
1038.61	222.00
1038.79	182.00
1038.96	246.00
1039.14	310.00
1039.32	284.00
1039.49	287.00
1039.67	299.00
1039.85	229.00
1040.03	247.00
1040.20	342.00
1040.38	263.00
1040.56	226.00
1040.73	249.00
1040.91	267.00
1041.09	275.00
1041.27	296.00
1041.44	271.00
1041.62	250.00
1041.80	252.00
1041.97	252.00
1042.15	228.00
1042.33	233.00
1042.50	177.00
1042.68	242.00
1042.86	254.00
1043.04	212.00
1043.21	234.00
1043.39	249.00
1043.57	241.00
1043.74	237.00
1043.92	292.00
1044.10	257.00
1044.27	274.00
1044.45	279.00
1044.63	207.00
1044.80	136.00
1044.98	211.00
1045.16	221.00
1045.34	258.00
1045.51	223.00
1045.69	296.00
1045.87	301.00
1046.04	226.00
1046.22	231.00
1046.40	183.00
1046.57	194.00
1046.75	233.00
1046.93	265.00
1047.10	208.00
1047.28	225.00
1047.46	225.00
1047.63	225.00
1047.81	265.00
1047.99	200.00
1048.16	199.00
1048.34	223.00
1048.52	248.00
1048.69	270.00
1048.87	194.00
1049.05	190.00
1049.22	166.00
1049.40	232.00
1049.58	283.00
1049.75	209.00
1049.93	287.00
1050.11	225.00
1050.28	196.00
1050.46	232.00
1050.64	186.00
1050.81	160.00
1050.99	222.00
1051.17	232.00
1051.34	168.00
1051.52	179.00
1051.70	206.00
1051.87	225.00
1052.05	204.00
1052.23	252.00
1052.40	220.00
1052.58	229.00
1052.76	271.00
1052.93	218.00
1053.11	176.00
1053.29	178.00
1053.46	273.00
1053.64	257.00
1053.82	199.00
1053.99	240.00
1054.17	211.00
1054.35	181.00
1054.52	219.00
1054.70	204.00
1054.87	186.00
1055.05	186.00
1055.23	248.00
1055.40	211.00
1055.58	226.00
1055.76	269.00
1055.93	221.00
1056.11	262.00
1056.29	243.00
1056.46	187.00
1056.64	221.00
1056.81	254.00
1056.99	163.00
1057.17	255.00
1057.34	285.00
1057.52	259.00
1057.70	179.00
1057.87	195.00
1058.05	194.00
1058.22	196.00
1058.40	261.00
1058.58	191.00
1058.75	171.00
1058.93	181.00
1059.11	204.00
1059.28	233.00
1059.46	248.00
1059.63	203.00
1059.81	202.00
1059.99	168.00
1060.16	224.00
1060.34	186.00
1060.52	251.00
1060.69	217.00
1060.87	260.00
1061.04	226.00
1061.22	259.00
