367.62	-28.00
367.82	26.00
368.02	72.00
368.23	52.00
368.43	97.00
368.63	30.00
368.83	19.00
369.04	-20.00
369.24	-68.00
369.44	4.00
369.65	47.00
369.85	3.00
370.05	90.00
370.25	60.00
370.46	38.00
370.66	5.00
370.86	51.00
371.07	75.00
371.27	42.00
371.47	115.00
371.67	132.00
371.88	82.00
372.08	33.00
372.28	13.00
372.49	117.00
372.69	44.00
372.89	67.00
373.09	58.00
373.30	93.00
373.50	125.00
373.70	42.00
373.91	65.00
374.11	27.00
374.31	3.00
374.51	22.00
374.72	23.00
374.92	69.00
375.12	9.00
375.33	43.00
375.53	61.00
375.73	29.00
375.93	62.00
376.14	27.00
376.34	48.00
376.54	26.00
376.74	77.00
376.95	65.00
377.15	-49.00
377.35	20.00
377.55	79.00
377.76	15.00
377.96	-2.00
378.16	20.00
378.37	60.00
378.57	46.00
378.77	71.00
378.97	83.00
379.18	64.00
379.38	14.00
379.58	47.00
379.78	34.00
379.99	32.00
380.19	12.00
380.39	103.00
380.59	106.00
380.80	29.00
381.00	84.00
381.20	56.00
381.40	57.00
381.61	37.00
381.81	-17.00
382.01	-12.00
382.21	94.00
382.42	106.00
382.62	37.00
382.82	43.00
383.02	32.00
383.23	29.00
383.43	35.00
383.63	82.00
383.83	61.00
384.04	56.00
384.24	114.00
384.44	66.00
384.64	55.00
384.85	7.00
385.05	54.00
385.25	109.00
385.45	57.00
385.66	18.00
385.86	-14.00
386.06	67.00
386.26	29.00
386.47	15.00
386.67	33.00
386.87	59.00
387.07	15.00
387.27	43.00
387.48	58.00
387.68	60.00
387.88	98.00
388.08	58.00
388.29	94.00
388.49	75.00
388.69	40.00
388.89	75.00
389.10	99.00
389.30	55.00
389.50	40.00
389.70	38.00
389.90	-2.00
390.11	4.00
390.31	37.00
390.51	0.00
390.71	29.00
390.92	-5.00
391.12	10.00
391.32	62.00
391.52	44.00
391.72	84.00
391.93	27.00
392.13	7.00
392.33	63.00
392.53	56.00
392.74	2.00
392.94	51.00
393.14	66.00
393.34	119.00
393.54	92.00
393.75	141.00
393.95	115.00
394.15	101.00
394.35	73.00
394.56	52.00
394.76	75.00
394.96	82.00
395.16	127.00
395.36	66.00
395.57	18.00
395.77	-33.00
395.97	-29.00
396.17	6.00
396.37	113.00
396.58	99.00
396.78	81.00
396.98	81.00
397.18	35.00
397.38	16.00
397.59	110.00
397.79	99.00
397.99	71.00
398.19	93.00
398.39	62.00
398.60	-43.00
398.80	42.00
399.00	49.00
399.20	36.00
399.40	81.00
399.61	101.00
399.81	77.00
400.01	88.00
400.21	114.00
400.41	45.00
400.62	64.00
400.82	54.00
401.02	-18.00
401.22	49.00
401.42	54.00
401.63	10.00
401.83	81.00
402.03	67.00
402.23	42.00
402.43	83.00
402.64	75.00
402.84	91.00
403.04	32.00
403.24	13.00
403.44	5.00
403.64	99.00
403.85	45.00
404.05	28.00
404.25	83.00
404.45	61.00
404.65	25.00
404.86	48.00
405.06	44.00
405.26	68.00
405.46	17.00
405.66	25.00
405.86	28.00
406.07	88.00
406.27	102.00
406.47	123.00
406.67	80.00
406.87	36.00
407.07	38.00
407.28	35.00
407.48	33.00
407.68	76.00
407.88	52.00
408.08	113.00
408.28	170.00
408.49	121.00
408.69	110.00
408.89	26.00
409.09	69.00
409.29	59.00
409.49	13.00
409.70	63.00
409.90	93.00
410.10	121.00
410.30	60.00
410.50	53.00
410.70	73.00
410.91	65.00
411.11	124.00
411.31	102.00
411.51	15.00
411.71	63.00
411.91	107.00
412.12	34.00
412.32	45.00
412.52	100.00
412.72	62.00
412.92	67.00
413.12	97.00
413.32	72.00
413.53	96.00
413.73	99.00
413.93	153.00
414.13	100.00
414.33	90.00
414.53	130.00
414.74	87.00
414.94	88.00
415.14	30.00
415.34	17.00
415.54	69.00
415.74	79.00
415.94	58.00
416.15	19.00
416.35	69.00
416.55	89.00
416.75	172.00
416.95	119.00
417.15	48.00
417.35	126.00
417.56	145.00
417.76	126.00
417.96	119.00
418.16	114.00
418.36	33.00
418.56	88.00
418.76	41.00
418.97	81.00
419.17	157.00
419.37	122.00
419.57	96.00
419.77	168.00
419.97	165.00
420.17	83.00
420.37	119.00
420.58	110.00
420.78	72.00
420.98	103.00
421.18	141.00
421.38	110.00
421.58	105.00
421.78	102.00
421.98	106.00
422.19	154.00
422.39	105.00
422.59	71.00
422.79	63.00
422.99	89.00
423.19	39.00
423.39	82.00
423.59	95.00
423.80	123.00
424.00	129.00
424.20	167.00
424.40	219.00
424.60	143.00
424.80	157.00
425.00	131.00
425.20	37.00
425.40	72.00
425.61	39.00
425.81	142.00
426.01	158.00
426.21	109.00
426.41	100.00
426.61	123.00
426.81	125.00
427.01	105.00
427.21	129.00
427.42	138.00
427.62	160.00
427.82	139.00
428.02	88.00
428.22	144.00
428.42	169.00
428.62	136.00
428.82	106.00
429.02	148.00
429.23	194.00
429.43	204.00
429.63	232.00
429.83	197.00
430.03	190.00
430.23	177.00
430.43	194.00
430.63	144.00
430.83	130.00
431.03	97.00
431.24	92.00
431.44	189.00
431.64	164.00
431.84	117.00
432.04	153.00
432.24	164.00
432.44	90.00
432.64	68.00
432.84	108.00
433.04	132.00
433.24	70.00
433.45	103.00
433.65	126.00
433.85	134.00
434.05	128.00
434.25	139.00
434.45	118.00
434.65	87.00
434.85	127.00
435.05	126.00
435.25	121.00
435.45	115.00
435.65	148.00
435.86	93.00
436.06	135.00
436.26	137.00
436.46	164.00
436.66	184.00
436.86	203.00
437.06	129.00
437.26	96.00
437.46	158.00
437.66	146.00
437.86	129.00
438.06	106.00
438.26	204.00
438.47	199.00
438.67	193.00
438.87	140.00
439.07	119.00
439.27	116.00
439.47	100.00
439.67	86.00
439.87	158.00
440.07	218.00
440.27	124.00
440.47	154.00
440.67	147.00
440.87	157.00
441.07	159.00
441.27	154.00
441.48	169.00
441.68	184.00
441.88	99.00
442.08	61.00
442.28	73.00
442.48	152.00
442.68	118.00
442.88	152.00
443.08	165.00
443.28	120.00
443.48	108.00
443.68	173.00
443.88	156.00
444.08	105.00
444.28	142.00
444.48	98.00
444.68	198.00
444.88	236.00
445.09	123.00
445.29	157.00
445.49	71.00
445.69	65.00
445.89	154.00
446.09	151.00
446.29	141.00
446.49	134.00
446.69	181.00
446.89	199.00
447.09	181.00
447.29	167.00
447.49	149.00
447.69	162.00
447.89	224.00
448.09	210.00
448.29	168.00
448.49	149.00
448.69	173.00
448.89	210.00
449.09	139.00
449.29	206.00
449.49	213.00
449.70	179.00
449.90	119.00
450.10	144.00
450.30	141.00
450.50	158.00
450.70	160.00
450.90	140.00
451.10	174.00
451.30	166.00
451.50	165.00
451.70	156.00
451.90	134.00
452.10	145.00
452.30	189.00
452.50	185.00
452.70	234.00
452.90	183.00
453.10	197.00
453.30	214.00
453.50	218.00
453.70	205.00
453.90	177.00
454.10	200.00
454.30	203.00
454.50	191.00
454.70	216.00
454.90	151.00
455.10	172.00
455.30	205.00
455.50	228.00
455.70	186.00
455.90	285.00
456.10	234.00
456.30	192.00
456.50	216.00
456.70	159.00
456.90	227.00
457.10	207.00
457.30	206.00
457.50	120.00
457.70	208.00
457.90	229.00
458.10	236.00
458.30	307.00
458.50	306.00
458.70	254.00
458.90	230.00
459.10	328.00
459.30	292.00
459.50	273.00
459.70	263.00
459.90	249.00
460.10	210.00
460.30	206.00
460.50	262.00
460.70	286.00
460.90	197.00
461.10	275.00
461.30	199.00
461.50	243.00
461.70	321.00
461.90	323.00
462.10	279.00
462.30	183.00
462.50	260.00
462.70	271.00
462.90	203.00
463.10	222.00
463.30	225.00
463.50	278.00
463.70	274.00
463.90	227.00
464.10	213.00
464.30	269.00
464.50	205.00
464.70	239.00
464.90	295.00
465.10	276.00
465.30	277.00
465.50	309.00
465.70	293.00
465.90	230.00
466.10	236.00
466.30	228.00
466.50	256.00
466.70	292.00
466.90	295.00
467.10	228.00
467.30	212.00
467.50	218.00
467.70	190.00
467.90	235.00
468.10	164.00
468.30	204.00
468.50	201.00
468.70	195.00
468.90	240.00
469.10	258.00
469.30	218.00
469.50	263.00
469.70	270.00
469.90	228.00
470.10	295.00
470.30	327.00
470.50	255.00
470.70	209.00
470.90	154.00
471.10	176.00
471.29	207.00
471.49	220.00
471.69	312.00
471.89	281.00
472.09	234.00
472.29	215.00
472.49	254.00
472.69	238.00
472.89	286.00
473.09	243.00
473.29	288.00
473.49	263.00
473.69	269.00
473.89	265.00
474.09	256.00
474.29	210.00
474.49	230.00
474.69	237.00
474.89	237.00
475.09	276.00
475.29	297.00
475.49	331.00
475.69	306.00
475.88	242.00
476.08	252.00
476.28	302.00
476.48	242.00
476.68	205.00
476.88	271.00
477.08	256.00
477.28	229.00
477.48	213.00
477.68	278.00
477.88	265.00
478.08	254.00
478.28	193.00
478.48	287.00
478.68	289.00
478.88	277.00
479.08	269.00
479.28	321.00
479.47	318.00
479.67	316.00
479.87	276.00
480.07	306.00
480.27	299.00
480.47	317.00
480.67	328.00
480.87	328.00
481.07	271.00
481.27	193.00
481.47	270.00
481.67	218.00
481.87	256.00
482.07	290.00
482.27	288.00
482.46	275.00
482.66	321.00
482.86	322.00
483.06	291.00
483.26	294.00
483.46	308.00
483.66	390.00
483.86	347.00
484.06	317.00
484.26	315.00
484.46	304.00
484.66	375.00
484.86	291.00
485.05	342.00
485.25	359.00
485.45	372.00
485.65	389.00
485.85	330.00
486.05	327.00
486.25	355.00
486.45	420.00
486.65	398.00
486.85	409.00
487.05	315.00
487.25	274.00
487.44	318.00
487.64	377.00
487.84	398.00
488.04	355.00
488.24	391.00
488.44	411.00
488.64	427.00
488.84	385.00
489.04	442.00
489.24	414.00
489.43	298.00
489.63	408.00
489.83	445.00
490.03	437.00
490.23	363.00
490.43	381.00
490.63	372.00
490.83	402.00
491.03	383.00
491.23	396.00
491.42	405.00
491.62	388.00
491.82	389.00
492.02	372.00
492.22	404.00
492.42	459.00
492.62	398.00
492.82	375.00
493.02	436.00
493.22	426.00
493.41	389.00
493.61	435.00
493.81	443.00
494.01	514.00
494.21	521.00
494.41	499.00
494.61	519.00
494.81	486.00
495.01	423.00
495.20	529.00
495.40	454.00
495.60	460.00
495.80	423.00
496.00	409.00
496.20	467.00
496.40	511.00
496.60	424.00
496.79	452.00
496.99	506.00
497.19	441.00
497.39	483.00
497.59	544.00
497.79	556.00
497.99	499.00
498.19	473.00
498.38	483.00
498.58	508.00
498.78	544.00
498.98	525.00
499.18	565.00
499.38	498.00
499.58	502.00
499.78	532.00
499.97	495.00
500.17	518.00
500.37	463.00
500.57	411.00
500.77	490.00
500.97	517.00
501.17	577.00
501.37	527.00
501.56	493.00
501.76	509.00
501.96	538.00
502.16	519.00
502.36	520.00
502.56	553.00
502.76	509.00
502.95	485.00
503.15	465.00
503.35	518.00
503.55	559.00
503.75	530.00
503.95	539.00
504.15	491.00
504.34	511.00
504.54	508.00
504.74	553.00
504.94	540.00
505.14	532.00
505.34	438.00
505.54	484.00
505.73	491.00
505.93	466.00
506.13	432.00
506.33	431.00
506.53	480.00
506.73	525.00
506.92	541.00
507.12	594.00
507.32	529.00
507.52	508.00
507.72	431.00
507.92	530.00
508.12	525.00
508.31	533.00
508.51	436.00
508.71	483.00
508.91	483.00
509.11	534.00
509.31	559.00
509.50	520.00
509.70	471.00
509.90	500.00
510.10	505.00
510.30	488.00
510.50	492.00
510.69	512.00
510.89	482.00
511.09	509.00
511.29	482.00
511.49	538.00
511.69	548.00
511.88	553.00
512.08	577.00
512.28	539.00
512.48	477.00
512.68	556.00
512.88	486.00
513.07	518.00
513.27	438.00
513.47	422.00
513.67	466.00
513.87	461.00
514.06	497.00
514.26	553.00
514.46	491.00
514.66	485.00
514.86	480.00
515.06	417.00
515.25	502.00
515.45	463.00
515.65	454.00
515.85	512.00
516.05	533.00
516.24	531.00
516.44	513.00
516.64	531.00
516.84	548.00
517.04	595.00
517.23	537.00
517.43	531.00
517.63	498.00
517.83	488.00
518.03	564.00
518.23	575.00
518.42	491.00
518.62	541.00
518.82	534.00
519.02	526.00
519.22	461.00
519.41	552.00
519.61	577.00
519.81	579.00
520.01	619.00
520.21	574.00
520.40	612.00
520.60	657.00
520.80	535.00
521.00	526.00
521.20	523.00
521.39	522.00
521.59	510.00
521.79	535.00
521.99	607.00
522.19	561.00
522.38	561.00
522.58	599.00
522.78	579.00
522.98	551.00
523.17	517.00
523.37	623.00
523.57	626.00
523.77	598.00
523.97	593.00
524.16	622.00
524.36	597.00
524.56	631.00
524.76	653.00
524.96	664.00
525.15	585.00
525.35	594.00
525.55	578.00
525.75	589.00
525.94	740.00
526.14	660.00
526.34	681.00
526.54	699.00
526.74	648.00
526.93	658.00
527.13	718.00
527.33	712.00
527.53	640.00
527.72	722.00
527.92	743.00
528.12	725.00
528.32	678.00
528.52	704.00
528.71	721.00
528.91	764.00
529.11	731.00
529.31	751.00
529.50	784.00
529.70	757.00
529.90	738.00
530.10	748.00
530.29	742.00
530.49	754.00
530.69	780.00
530.89	779.00
531.09	752.00
531.28	813.00
531.48	817.00
531.68	840.00
531.88	818.00
532.07	852.00
532.27	849.00
532.47	819.00
532.67	816.00
532.86	797.00
533.06	760.00
533.26	786.00
533.46	861.00
533.65	854.00
533.85	896.00
534.05	956.00
534.25	907.00
534.44	888.00
534.64	897.00
534.84	876.00
535.04	860.00
535.23	855.00
535.43	930.00
535.63	1013.00
535.83	990.00
536.02	1012.00
536.22	991.00
536.42	899.00
536.62	949.00
536.81	973.00
537.01	980.00
537.21	984.00
537.41	935.00
537.60	898.00
537.80	1044.00
538.00	1046.00
538.20	1038.00
538.39	1071.00
538.59	1097.00
538.79	1148.00
538.99	1051.00
539.18	1165.00
539.38	1200.00
539.58	1152.00
539.77	1134.00
539.97	1201.00
540.17	1173.00
540.37	1170.00
540.56	1254.00
540.76	1305.00
540.96	1251.00
541.16	1344.00
541.35	1359.00
541.55	1373.00
541.75	1354.00
541.94	1358.00
542.14	1376.00
542.34	1385.00
542.54	1356.00
542.73	1343.00
542.93	1339.00
543.13	1306.00
543.33	1270.00
543.52	1342.00
543.72	1400.00
543.92	1413.00
544.11	1351.00
544.31	1307.00
544.51	1359.00
544.71	1376.00
544.90	1495.00
545.10	1592.00
545.30	1521.00
545.49	1534.00
545.69	1562.00
545.89	1512.00
546.09	1490.00
546.28	1689.00
546.48	1681.00
546.68	1507.00
546.87	1318.00
547.07	1267.00
547.27	1254.00
547.47	1246.00
547.66	1275.00
547.86	1235.00
548.06	1254.00
548.25	1257.00
548.45	1263.00
548.65	1247.00
548.84	1170.00
549.04	1139.00
549.24	1234.00
549.44	1239.00
549.63	1229.00
549.83	1219.00
550.03	1198.00
550.22	1195.00
550.42	1184.00
550.62	1155.00
550.81	1147.00
551.01	1271.00
551.21	1245.00
551.41	1156.00
551.60	1189.00
551.80	1112.00
552.00	1062.00
552.19	1093.00
552.39	1164.00
552.59	1106.00
552.78	1050.00
552.98	1093.00
553.18	1083.00
553.37	1090.00
553.57	1147.00
553.77	1177.00
553.96	1078.00
554.16	1095.00
554.36	1109.00
554.56	1088.00
554.75	1031.00
554.95	981.00
555.15	1050.00
555.34	1091.00
555.54	1060.00
555.74	1029.00
555.93	976.00
556.13	1077.00
556.33	1018.00
556.52	1082.00
556.72	1096.00
556.92	1080.00
557.11	1013.00
557.31	1019.00
557.51	981.00
557.70	996.00
557.90	980.00
558.10	988.00
558.29	968.00
558.49	964.00
558.69	896.00
558.88	998.00
559.08	1018.00
559.28	926.00
559.47	954.00
559.67	1010.00
559.87	1003.00
560.06	937.00
560.26	1021.00
560.46	979.00
560.65	943.00
560.85	974.00
561.05	1015.00
561.24	1038.00
561.44	1053.00
561.64	1017.00
561.83	903.00
562.03	997.00
562.23	1057.00
562.42	979.00
562.62	1012.00
562.82	1040.00
563.01	1052.00
563.21	1010.00
563.40	990.00
563.60	986.00
563.80	912.00
563.99	1048.00
564.19	1039.00
564.39	1055.00
564.58	989.00
564.78	1098.00
564.98	1064.00
565.17	1039.00
565.37	1000.00
565.57	1043.00
565.76	1055.00
565.96	998.00
566.16	987.00
566.35	1010.00
566.55	1072.00
566.74	1084.00
566.94	1111.00
567.14	1127.00
567.33	1149.00
567.53	1166.00
567.73	1150.00
567.92	1170.00
568.12	1134.00
568.32	1146.00
568.51	1203.00
568.71	1197.00
568.90	1153.00
569.10	1151.00
569.30	1157.00
569.49	1180.00
569.69	1198.00
569.89	1121.00
570.08	1078.00
570.28	1166.00
570.47	1186.00
570.67	1219.00
570.87	1190.00
571.06	1103.00
571.26	1151.00
571.46	1103.00
571.65	1153.00
571.85	1211.00
572.04	1225.00
572.24	1223.00
572.44	1132.00
572.63	1212.00
572.83	1181.00
573.03	1261.00
573.22	1241.00
573.42	1208.00
573.61	1320.00
573.81	1303.00
574.01	1319.00
574.20	1400.00
574.40	1378.00
574.59	1340.00
574.79	1321.00
574.99	1339.00
575.18	1384.00
575.38	1375.00
575.58	1360.00
575.77	1361.00
575.97	1390.00
576.16	1404.00
576.36	1450.00
576.56	1514.00
576.75	1523.00
576.95	1483.00
577.14	1512.00
577.34	1517.00
577.54	1563.00
577.73	1521.00
577.93	1533.00
578.12	1486.00
578.32	1539.00
578.52	1628.00
578.71	1597.00
578.91	1653.00
579.10	1609.00
579.30	1653.00
579.50	1688.00
579.69	1658.00
579.89	1679.00
580.08	1621.00
580.28	1673.00
580.48	1732.00
580.67	1675.00
580.87	1700.00
581.06	1707.00
581.26	1685.00
581.45	1690.00
581.65	1712.00
581.85	1750.00
582.04	1791.00
582.24	1816.00
582.43	1793.00
582.63	1780.00
582.83	1821.00
583.02	1799.00
583.22	1852.00
583.41	1929.00
583.61	1878.00
583.80	1899.00
584.00	1903.00
584.20	1942.00
584.39	1995.00
584.59	1983.00
584.78	1991.00
584.98	2018.00
585.17	2109.00
585.37	2059.00
585.57	1928.00
585.76	1986.00
585.96	2049.00
586.15	2109.00
586.35	2123.00
586.54	2100.00
586.74	2177.00
586.94	2177.00
587.13	2189.00
587.33	2232.00
587.52	2228.00
587.72	2316.00
587.91	2315.00
588.11	2197.00
588.31	2222.00
588.50	2240.00
588.70	2316.00
588.89	2296.00
589.09	2233.00
589.28	2345.00
589.48	2386.00
589.68	2286.00
589.87	2330.00
590.07	2373.00
590.26	2392.00
590.46	2403.00
590.65	2443.00
590.85	2431.00
591.04	2422.00
591.24	2406.00
591.44	2475.00
591.63	2463.00
591.83	2425.00
592.02	2469.00
592.22	2453.00
592.41	2553.00
592.61	2586.00
592.80	2585.00
593.00	2589.00
593.19	2646.00
593.39	2651.00
593.59	2605.00
593.78	2614.00
593.98	2545.00
594.17	2621.00
594.37	2483.00
594.56	2442.00
594.76	2487.00
594.95	2506.00
595.15	2565.00
595.34	2607.00
595.54	2653.00
595.73	2632.00
595.93	2583.00
596.13	2655.00
596.32	2580.00
596.52	2624.00
596.71	2644.00
596.91	2723.00
597.10	2692.00
597.30	2640.00
597.49	2660.00
597.69	2698.00
597.88	2766.00
598.08	2756.00
598.27	2694.00
598.47	2746.00
598.66	2777.00
598.86	2723.00
599.06	2726.00
599.25	2705.00
599.45	2743.00
599.64	2772.00
599.84	2771.00
600.03	2793.00
600.23	2678.00
600.42	2656.00
600.62	2680.00
600.81	2693.00
601.01	2675.00
601.20	2765.00
601.40	2764.00
601.59	2744.00
601.79	2647.00
601.98	2746.00
602.18	2582.00
602.37	2608.00
602.57	2640.00
602.76	2580.00
602.96	2673.00
603.15	2745.00
603.35	2612.00
603.54	2644.00
603.74	2650.00
603.93	2670.00
604.13	2642.00
604.32	2678.00
604.52	2634.00
604.71	2557.00
604.91	2575.00
605.10	2625.00
605.30	2637.00
605.49	2631.00
605.69	2555.00
605.88	2523.00
606.08	2612.00
606.27	2670.00
606.47	2642.00
606.66	2611.00
606.86	2530.00
607.05	2442.00
607.25	2525.00
607.44	2521.00
607.64	2444.00
607.83	2493.00
608.03	2497.00
608.22	2562.00
608.42	2526.00
608.61	2596.00
608.81	2600.00
609.00	2627.00
609.20	2665.00
609.39	2553.00
609.59	2650.00
609.78	2662.00
609.98	2810.00
610.17	2804.00
610.37	2925.00
610.56	3143.00
610.76	3423.00
610.95	3433.00
611.15	3460.00
611.34	3460.00
611.54	3592.00
611.73	3667.00
611.93	3426.00
612.12	3080.00
612.32	2986.00
612.51	2778.00
612.71	2751.00
612.90	2711.00
613.09	2598.00
613.29	2689.00
613.48	2727.00
613.68	2663.00
613.87	2639.00
614.07	2641.00
614.26	2635.00
614.46	2638.00
614.65	2593.00
614.85	2593.00
615.04	2589.00
615.24	2492.00
615.43	2453.00
615.63	2543.00
615.82	2543.00
616.02	2425.00
616.21	2414.00
616.40	2400.00
616.60	2395.00
616.79	2412.00
616.99	2447.00
617.18	2403.00
617.38	2340.00
617.57	2352.00
617.77	2446.00
617.96	2445.00
618.16	2384.00
618.35	2374.00
618.54	2394.00
618.74	2317.00
618.93	2384.00
619.13	2454.00
619.32	2379.00
619.52	2409.00
619.71	2406.00
619.91	2372.00
620.10	2447.00
620.30	2394.00
620.49	2469.00
620.68	2429.00
620.88	2418.00
621.07	2454.00
621.27	2465.00
621.46	2464.00
621.66	2460.00
621.85	2537.00
622.05	2487.00
622.24	2469.00
622.43	2428.00
622.63	2548.00
622.82	2557.00
623.02	2543.00
623.21	2582.00
623.41	2556.00
623.60	2568.00
623.80	2537.00
623.99	2536.00
624.18	2545.00
624.38	2518.00
624.57	2488.00
624.77	2535.00
624.96	2528.00
625.16	2588.00
625.35	2599.00
625.54	2538.00
625.74	2598.00
625.93	2630.00
626.13	2680.00
626.32	2683.00
626.52	2769.00
626.71	2681.00
626.90	2737.00
627.10	2666.00
627.29	2711.00
627.49	2634.00
627.68	2695.00
627.88	2709.00
628.07	2683.00
628.26	2720.00
628.46	2771.00
628.65	2843.00
628.85	2868.00
629.04	2804.00
629.23	2838.00
629.43	2748.00
629.62	2822.00
629.82	2798.00
630.01	2798.00
630.21	2809.00
630.40	2878.00
630.59	2933.00
630.79	2899.00
630.98	2909.00
631.18	2948.00
631.37	2909.00
631.56	2954.00
631.76	3049.00
631.95	2991.00
632.15	2944.00
632.34	2999.00
632.53	2999.00
632.73	2972.00
632.92	2992.00
633.12	2996.00
633.31	2973.00
633.50	2963.00
633.70	2976.00
633.89	3054.00
634.09	3036.00
634.28	2982.00
634.47	3017.00
634.67	3068.00
634.86	3081.00
635.06	3166.00
635.25	3181.00
635.44	3103.00
635.64	3144.00
635.83	3291.00
636.03	3207.00
636.22	3122.00
636.41	3246.00
636.61	3286.00
636.80	3290.00
637.00	3172.00
637.19	3203.00
637.38	3333.00
637.58	3259.00
637.77	3343.00
637.96	3304.00
638.16	3235.00
638.35	3317.00
638.55	3438.00
638.74	3439.00
638.93	3456.00
639.13	3335.00
639.32	3335.00
639.51	3383.00
639.71	3430.00
639.90	3422.00
640.10	3532.00
640.29	3472.00
640.48	3514.00
640.68	3575.00
640.87	3561.00
641.07	3584.00
641.26	3502.00
641.45	3553.00
641.65	3573.00
641.84	3583.00
642.03	3600.00
642.23	3659.00
642.42	3618.00
642.61	3672.00
642.81	3718.00
643.00	3746.00
643.20	3661.00
643.39	3705.00
643.58	3656.00
643.78	3607.00
643.97	3757.00
644.16	3795.00
644.36	3853.00
644.55	3854.00
644.74	3848.00
644.94	3881.00
645.13	3909.00
645.33	3922.00
645.52	3883.00
645.71	3930.00
645.91	3919.00
646.10	3855.00
646.29	3937.00
646.49	4050.00
646.68	3983.00
646.87	3960.00
647.07	3895.00
647.26	3832.00
647.45	3907.00
647.65	4069.00
647.84	4026.00
648.03	3994.00
648.23	4012.00
648.42	4015.00
648.62	3968.00
648.81	4075.00
649.00	4151.00
649.20	4106.00
649.39	4139.00
649.58	4062.00
649.78	4070.00
649.97	4125.00
650.16	4161.00
650.36	4222.00
650.55	4145.00
650.74	4205.00
650.94	4128.00
651.13	4075.00
651.32	4149.00
651.52	4191.00
651.71	4161.00
651.90	4092.00
652.10	4046.00
652.29	4065.00
652.48	4185.00
652.68	4215.00
652.87	4202.00
653.06	4119.00
653.26	4076.00
653.45	4214.00
653.64	4256.00
653.84	4153.00
654.03	4192.00
654.22	4264.00
654.42	4259.00
654.61	4192.00
654.80	4234.00
654.99	4240.00
655.19	4242.00
655.38	4294.00
655.57	4268.00
655.77	4211.00
655.96	4198.00
656.15	4211.00
656.35	4307.00
656.54	4314.00
656.73	4211.00
656.93	4151.00
657.12	4105.00
657.31	4080.00
657.51	4147.00
657.70	4260.00
657.89	4235.00
658.09	4229.00
658.28	4218.00
658.47	4180.00
658.66	4204.00
658.86	4340.00
659.05	4310.00
659.24	4207.00
659.44	4166.00
659.63	4140.00
659.82	4168.00
660.02	4211.00
660.21	4052.00
660.40	4159.00
660.60	4194.00
660.79	4116.00
660.98	4098.00
661.17	4122.00
661.37	4109.00
661.56	4133.00
661.75	4146.00
661.95	4139.00
662.14	4045.00
662.33	4092.00
662.52	4086.00
662.72	4101.00
662.91	4155.00
663.10	4138.00
663.30	4066.00
663.49	4161.00
663.68	4218.00
663.88	4162.00
664.07	4075.00
664.26	4033.00
664.45	4012.00
664.65	3943.00
664.84	3927.00
665.03	4024.00
665.23	3923.00
665.42	3892.00
665.61	3911.00
665.80	3945.00
666.00	3912.00
666.19	4062.00
666.38	3988.00
666.57	3934.00
666.77	4037.00
666.96	4012.00
667.15	3933.00
667.35	3948.00
667.54	3885.00
667.73	3844.00
667.92	3904.00
668.12	3984.00
668.31	3980.00
668.50	3971.00
668.70	3906.00
668.89	3826.00
669.08	3852.00
669.27	3920.00
669.47	3870.00
669.66	3971.00
669.85	3909.00
670.04	3938.00
670.24	3968.00
670.43	3869.00
670.62	3813.00
670.81	3798.00
671.01	3815.00
671.20	3888.00
671.39	3919.00
671.58	3923.00
671.78	3901.00
671.97	3831.00
672.16	3700.00
672.36	3721.00
672.55	3772.00
672.74	3733.00
672.93	3758.00
673.13	3718.00
673.32	3745.00
673.51	3666.00
673.70	3760.00
673.90	3785.00
674.09	3821.00
674.28	3692.00
674.47	3803.00
674.67	3830.00
674.86	3779.00
675.05	3730.00
675.24	3716.00
675.44	3645.00
675.63	3697.00
675.82	3702.00
676.01	3625.00
676.21	3614.00
676.40	3603.00
676.59	3644.00
676.78	3715.00
676.97	3681.00
677.17	3551.00
677.36	3594.00
677.55	3612.00
677.74	3648.00
677.94	3630.00
678.13	3562.00
678.32	3639.00
678.51	3628.00
678.71	3616.00
678.90	3625.00
679.09	3609.00
679.28	3613.00
679.48	3654.00
679.67	3566.00
679.86	3571.00
680.05	3574.00
680.24	3608.00
680.44	3613.00
680.63	3563.00
680.82	3529.00
681.01	3559.00
681.21	3556.00
681.40	3427.00
681.59	3593.00
681.78	3585.00
681.97	3527.00
682.17	3468.00
682.36	3506.00
682.55	3523.00
682.74	3610.00
682.94	3618.00
683.13	3568.00
683.32	3511.00
683.51	3579.00
683.70	3551.00
683.90	3551.00
684.09	3602.00
684.28	3444.00
684.47	3434.00
684.66	3496.00
684.86	3485.00
685.05	3501.00
685.24	3472.00
685.43	3485.00
685.63	3486.00
685.82	3380.00
686.01	3443.00
686.20	3436.00
686.39	3453.00
686.59	3457.00
686.78	3550.00
686.97	3554.00
687.16	3544.00
687.35	3397.00
687.55	3471.00
687.74	3521.00
687.93	3605.00
688.12	3534.00
688.31	3549.00
688.51	3599.00
688.70	3553.00
688.89	3510.00
689.08	3469.00
689.27	3419.00
689.47	3516.00
689.66	3466.00
689.85	3431.00
690.04	3412.00
690.23	3482.00
690.42	3514.00
690.62	3379.00
690.81	3406.00
691.00	3462.00
691.19	3541.00
691.38	3571.00
691.58	3497.00
691.77	3563.00
691.96	3531.00
692.15	3506.00
692.34	3507.00
692.54	3512.00
692.73	3560.00
692.92	3573.00
693.11	3585.00
693.30	3576.00
693.49	3576.00
693.69	3534.00
693.88	3577.00
694.07	3572.00
694.26	3488.00
694.45	3508.00
694.64	3497.00
694.84	3475.00
695.03	3468.00
695.22	3516.00
695.41	3490.00
695.60	3481.00
695.80	3577.00
695.99	3524.00
696.18	3504.00
696.37	3481.00
696.56	3548.00
696.75	3575.00
696.95	3522.00
697.14	3610.00
697.33	3617.00
697.52	3540.00
697.71	3535.00
697.90	3485.00
698.09	3571.00
698.29	3636.00
698.48	3598.00
698.67	3643.00
698.86	3657.00
699.05	3615.00
699.24	3628.00
699.44	3687.00
699.63	3653.00
699.82	3697.00
700.01	3663.00
700.20	3570.00
700.39	3529.00
700.58	3644.00
700.78	3684.00
700.97	3639.00
701.16	3659.00
701.35	3698.00
701.54	3682.00
701.73	3734.00
701.93	3693.00
702.12	3722.00
702.31	3747.00
702.50	3813.00
702.69	3805.00
702.88	3796.00
703.07	3831.00
703.27	3779.00
703.46	3793.00
703.65	3852.00
703.84	3994.00
704.03	4023.00
704.22	3840.00
704.41	3913.00
704.60	3936.00
704.80	3727.00
704.99	3814.00
705.18	3966.00
705.37	3879.00
705.56	3862.00
705.75	3885.00
705.94	3957.00
706.14	3899.00
706.33	3924.00
706.52	4005.00
706.71	4042.00
706.90	4065.00
707.09	4095.00
707.28	3984.00
707.47	4020.00
707.67	4117.00
707.86	4125.00
708.05	4125.00
708.24	4182.00
708.43	4164.00
708.62	4119.00
708.81	4247.00
709.00	4183.00
709.20	4207.00
709.39	4254.00
709.58	4266.00
709.77	4344.00
709.96	4323.00
710.15	4222.00
710.34	4175.00
710.53	4283.00
710.72	4334.00
710.92	4231.00
711.11	4127.00
711.30	4182.00
711.49	4214.00
711.68	4251.00
711.87	4372.00
712.06	4395.00
712.25	4299.00
712.44	4379.00
712.64	4483.00
712.83	4490.00
713.02	4529.00
713.21	4505.00
713.40	4540.00
713.59	4525.00
713.78	4451.00
713.97	4413.00
714.16	4533.00
714.35	4584.00
714.55	4437.00
714.74	4514.00
714.93	4456.00
715.12	4440.00
715.31	4486.00
715.50	4532.00
715.69	4465.00
715.88	4448.00
716.07	4486.00
716.26	4537.00
716.45	4424.00
716.65	4481.00
716.84	4496.00
717.03	4561.00
717.22	4474.00
717.41	4552.00
717.60	4562.00
717.79	4492.00
717.98	4530.00
718.17	4581.00
718.36	4610.00
718.55	4601.00
718.75	4548.00
718.94	4633.00
719.13	4744.00
719.32	4601.00
719.51	4576.00
719.70	4672.00
719.89	4697.00
720.08	4730.00
720.27	4678.00
720.46	4674.00
720.65	4664.00
720.84	4701.00
721.03	4757.00
721.22	4777.00
721.42	4695.00
721.61	4632.00
721.80	4671.00
721.99	4690.00
722.18	4670.00
722.37	4715.00
722.56	4674.00
722.75	4659.00
722.94	4785.00
723.13	4673.00
723.32	4617.00
723.51	4713.00
723.70	4673.00
723.89	4660.00
724.08	4654.00
724.28	4714.00
724.47	4746.00
724.66	4761.00
724.85	4742.00
725.04	4711.00
725.23	4745.00
725.42	4757.00
725.61	4712.00
725.80	4743.00
725.99	4818.00
726.18	4745.00
726.37	4694.00
726.56	4740.00
726.75	4844.00
726.94	4811.00
727.13	4826.00
727.32	4809.00
727.51	4822.00
727.71	4772.00
727.90	4750.00
728.09	4717.00
728.28	4681.00
728.47	4709.00
728.66	4742.00
728.85	4713.00
729.04	4676.00
729.23	4565.00
729.42	4682.00
729.61	4741.00
729.80	4873.00
729.99	4762.00
730.18	4711.00
730.37	4635.00
730.56	4633.00
730.75	4754.00
730.94	4723.00
731.13	4625.00
731.32	4702.00
731.51	4783.00
731.70	4785.00
731.89	4790.00
732.08	4693.00
732.27	4707.00
732.46	4753.00
732.65	4777.00
732.84	4783.00
733.04	4736.00
733.23	4725.00
733.42	4647.00
733.61	4661.00
733.80	4761.00
733.99	4686.00
734.18	4600.00
734.37	4564.00
734.56	4684.00
734.75	4719.00
734.94	4625.00
735.13	4576.00
735.32	4604.00
735.51	4604.00
735.70	4474.00
735.89	4488.00
736.08	4536.00
736.27	4514.00
736.46	4440.00
736.65	4499.00
736.84	4566.00
737.03	4632.00
737.22	4545.00
737.41	4494.00
737.60	4578.00
737.79	4613.00
737.98	4618.00
738.17	4539.00
738.36	4511.00
738.55	4507.00
738.74	4554.00
738.93	4485.00
739.12	4547.00
739.31	4548.00
739.50	4447.00
739.69	4521.00
739.88	4394.00
740.07	4388.00
740.26	4532.00
740.45	4352.00
740.64	4308.00
740.83	4419.00
741.02	4444.00
741.21	4384.00
741.40	4394.00
741.59	4388.00
741.78	4326.00
741.97	4262.00
742.16	4320.00
742.35	4303.00
742.54	4256.00
742.73	4219.00
742.92	4265.00
743.11	4212.00
743.30	4206.00
743.49	4210.00
743.68	4236.00
743.87	4160.00
744.06	4186.00
744.25	4279.00
744.44	4173.00
744.63	4182.00
744.82	4156.00
745.01	4199.00
745.20	4256.00
745.39	4192.00
745.58	4181.00
745.77	4248.00
745.96	4118.00
746.15	4076.00
746.34	4092.00
746.52	4059.00
746.71	4126.00
746.90	4119.00
747.09	4108.00
747.28	4152.00
747.47	4131.00
747.66	4097.00
747.85	4100.00
748.04	4070.00
748.23	3980.00
748.42	4029.00
748.61	4011.00
748.80	4016.00
748.99	4005.00
749.18	3968.00
749.37	3934.00
749.56	3908.00
749.75	3922.00
749.94	3936.00
750.13	3970.00
750.32	3927.00
750.51	3944.00
750.70	3857.00
750.89	3766.00
751.08	3783.00
751.27	3793.00
751.46	3854.00
751.64	3770.00
751.83	3735.00
752.02	3804.00
752.21	3853.00
752.40	3831.00
752.59	3733.00
752.78	3693.00
752.97	3752.00
753.16	3812.00
753.35	3821.00
753.54	3818.00
753.73	3835.00
753.92	3794.00
754.11	3718.00
754.30	3686.00
754.49	3725.00
754.68	3760.00
754.87	3731.00
755.06	3719.00
755.24	3733.00
755.43	3702.00
755.62	3668.00
755.81	3723.00
756.00	3656.00
756.19	3626.00
756.38	3725.00
756.57	3704.00
756.76	3565.00
756.95	3490.00
757.14	3577.00
757.33	3553.00
757.52	3494.00
757.71	3494.00
757.90	3599.00
758.08	3585.00
758.27	3548.00
758.46	3551.00
758.65	3565.00
758.84	3486.00
759.03	3423.00
759.22	3436.00
759.41	3545.00
759.60	3583.00
759.79	3529.00
759.98	3442.00
760.17	3646.00
760.36	3578.00
760.54	3472.00
760.73	3468.00
760.92	3387.00
761.11	3421.00
761.30	3473.00
761.49	3452.00
761.68	3364.00
761.87	3209.00
762.06	3172.00
762.25	3141.00
762.44	3114.00
762.63	3106.00
762.81	3104.00
763.00	2970.00
763.19	2966.00
763.38	2935.00
763.57	2941.00
763.76	3004.00
763.95	3007.00
764.14	3007.00
764.33	3009.00
764.52	2949.00
764.71	2910.00
764.89	3030.00
765.08	3035.00
765.27	3007.00
765.46	3083.00
765.65	3103.00
765.84	3057.00
766.03	3006.00
766.22	3056.00
766.41	3057.00
766.59	3015.00
766.78	3094.00
766.97	3177.00
767.16	3256.00
767.35	3212.00
767.54	3219.00
767.73	3331.00
767.92	3250.00
768.11	3186.00
768.30	3244.00
768.48	3277.00
768.67	3434.00
768.86	3391.00
769.05	3389.00
769.24	3350.00
769.43	3247.00
769.62	3331.00
769.81	3410.00
769.99	3416.00
770.18	3323.00
770.37	3369.00
770.56	3460.00
770.75	3311.00
770.94	3290.00
771.13	3256.00
771.32	3263.00
771.50	3314.00
771.69	3314.00
771.88	3443.00
772.07	3354.00
772.26	3387.00
772.45	3321.00
772.64	3329.00
772.83	3280.00
773.01	3313.00
773.20	3282.00
773.39	3256.00
773.58	3214.00
773.77	3248.00
773.96	3272.00
774.15	3301.00
774.34	3276.00
774.52	3221.00
774.71	3332.00
774.90	3276.00
775.09	3209.00
775.28	3324.00
775.47	3234.00
775.66	3348.00
775.84	3286.00
776.03	3118.00
776.22	3232.00
776.41	3157.00
776.60	3208.00
776.79	3201.00
776.98	3173.00
777.16	3236.00
777.35	3217.00
777.54	3212.00
777.73	3277.00
777.92	3262.00
778.11	3228.00
778.29	3161.00
778.48	3076.00
778.67	3047.00
778.86	3155.00
779.05	3240.00
779.24	3204.00
779.43	3188.00
779.61	3190.00
779.80	3211.00
779.99	3226.00
780.18	3144.00
780.37	3176.00
780.56	3179.00
780.74	3254.00
780.93	3299.00
781.12	3254.00
781.31	3292.00
781.50	3276.00
781.69	3263.00
781.87	3317.00
782.06	3351.00
782.25	3320.00
782.44	3266.00
782.63	3222.00
782.82	3313.00
783.00	3350.00
783.19	3320.00
783.38	3355.00
783.57	3305.00
783.76	3322.00
783.95	3315.00
784.13	3370.00
784.32	3358.00
784.51	3303.00
784.70	3201.00
784.89	3314.00
785.08	3283.00
785.26	3283.00
785.45	3318.00
785.64	3307.00
785.83	3255.00
786.02	3263.00
786.20	3359.00
786.39	3367.00
786.58	3417.00
786.77	3407.00
786.96	3369.00
787.15	3320.00
787.33	3354.00
787.52	3340.00
787.71	3303.00
787.90	3398.00
788.09	3328.00
788.27	3409.00
788.46	3404.00
788.65	3372.00
788.84	3301.00
789.03	3352.00
789.21	3430.00
789.40	3380.00
789.59	3452.00
789.78	3412.00
789.97	3432.00
790.15	3399.00
790.34	3418.00
790.53	3434.00
790.72	3454.00
790.91	3550.00
791.09	3548.00
791.28	3483.00
791.47	3449.00
791.66	3419.00
791.85	3477.00
792.03	3440.00
792.22	3492.00
792.41	3540.00
792.60	3494.00
792.79	3480.00
792.97	3484.00
793.16	3516.00
793.35	3538.00
793.54	3503.00
793.72	3532.00
793.91	3626.00
794.10	3612.00
794.29	3589.00
794.48	3678.00
794.66	3594.00
794.85	3605.00
795.04	3660.00
795.23	3718.00
795.42	3693.00
795.60	3581.00
795.79	3541.00
795.98	3592.00
796.17	3521.00
796.35	3705.00
796.54	3655.00
796.73	3574.00
796.92	3648.00
797.11	3572.00
797.29	3590.00
797.48	3546.00
797.67	3543.00
797.86	3604.00
798.04	3584.00
798.23	3553.00
798.42	3625.00
798.61	3544.00
798.79	3466.00
798.98	3586.00
799.17	3646.00
799.36	3588.00
799.54	3584.00
799.73	3585.00
799.92	3639.00
800.11	3567.00
800.30	3578.00
800.48	3668.00
800.67	3657.00
800.86	3647.00
801.05	3603.00
801.23	3533.00
801.42	3484.00
801.61	3442.00
801.80	3473.00
801.98	3510.00
802.17	3654.00
802.36	3684.00
802.55	3579.00
802.73	3544.00
802.92	3623.00
803.11	3585.00
803.30	3646.00
803.48	3670.00
803.67	3730.00
803.86	3753.00
804.05	3745.00
804.23	3739.00
804.42	3753.00
804.61	3659.00
804.80	3626.00
804.98	3619.00
805.17	3607.00
805.36	3692.00
805.54	3673.00
805.73	3653.00
805.92	3664.00
806.11	3586.00
806.29	3656.00
806.48	3735.00
806.67	3637.00
806.86	3694.00
807.04	3705.00
807.23	3746.00
807.42	3734.00
807.61	3731.00
807.79	3721.00
807.98	3637.00
808.17	3681.00
808.35	3707.00
808.54	3852.00
808.73	3792.00
808.92	3713.00
809.10	3712.00
809.29	3662.00
809.48	3706.00
809.67	3622.00
809.85	3726.00
810.04	3764.00
810.23	3673.00
810.41	3687.00
810.60	3619.00
810.79	3577.00
810.98	3622.00
811.16	3678.00
811.35	3791.00
811.54	3688.00
811.72	3674.00
811.91	3691.00
812.10	3765.00
812.29	3656.00
812.47	3636.00
812.66	3609.00
812.85	3607.00
813.03	3672.00
813.22	3656.00
813.41	3738.00
813.60	3747.00
813.78	3622.00
813.97	3640.00
814.16	3738.00
814.34	3611.00
814.53	3665.00
814.72	3691.00
814.90	3588.00
815.09	3513.00
815.28	3673.00
815.47	3712.00
815.65	3646.00
815.84	3724.00
816.03	3746.00
816.21	3677.00
816.40	3678.00
816.59	3653.00
816.77	3650.00
816.96	3617.00
817.15	3668.00
817.33	3695.00
817.52	3725.00
817.71	3785.00
817.90	3666.00
818.08	3658.00
818.27	3749.00
818.46	3755.00
818.64	3723.00
818.83	3689.00
819.02	3563.00
819.20	3652.00
819.39	3726.00
819.58	3680.00
819.76	3739.00
819.95	3805.00
820.14	3766.00
820.32	3687.00
820.51	3726.00
820.70	3661.00
820.88	3769.00
821.07	3685.00
821.26	3609.00
821.44	3727.00
821.63	3754.00
821.82	3793.00
822.01	3693.00
822.19	3757.00
822.38	3730.00
822.57	3669.00
822.75	3579.00
822.94	3670.00
823.13	3650.00
823.31	3683.00
823.50	3611.00
823.69	3565.00
823.87	3591.00
824.06	3551.00
824.25	3586.00
824.43	3648.00
824.62	3665.00
824.80	3747.00
824.99	3752.00
825.18	3693.00
825.36	3646.00
825.55	3646.00
825.74	3533.00
825.92	3524.00
826.11	3620.00
826.30	3581.00
826.48	3561.00
826.67	3650.00
826.86	3654.00
827.04	3620.00
827.23	3605.00
827.42	3606.00
827.60	3539.00
827.79	3561.00
827.98	3638.00
828.16	3524.00
828.35	3545.00
828.54	3563.00
828.72	3532.00
828.91	3491.00
829.09	3424.00
829.28	3404.00
829.47	3439.00
829.65	3482.00
829.84	3468.00
830.03	3510.00
830.21	3382.00
830.40	3462.00
830.59	3501.00
830.77	3398.00
830.96	3383.00
831.14	3373.00
831.33	3429.00
831.52	3492.00
831.70	3455.00
831.89	3496.00
832.08	3368.00
832.26	3311.00
832.45	3384.00
832.64	3427.00
832.82	3460.00
833.01	3340.00
833.19	3393.00
833.38	3404.00
833.57	3380.00
833.75	3394.00
833.94	3524.00
834.13	3503.00
834.31	3432.00
834.50	3462.00
834.68	3477.00
834.87	3356.00
835.06	3307.00
835.24	3452.00
835.43	3359.00
835.61	3313.00
835.80	3358.00
835.99	3361.00
836.17	3384.00
836.36	3308.00
836.55	3372.00
836.73	3431.00
836.92	3429.00
837.10	3356.00
837.29	3286.00
837.48	3352.00
837.66	3364.00
837.85	3355.00
838.03	3340.00
838.22	3371.00
838.41	3306.00
838.59	3290.00
838.78	3352.00
838.96	3388.00
839.15	3327.00
839.34	3257.00
839.52	3233.00
839.71	3290.00
839.89	3234.00
840.08	3246.00
840.27	3299.00
840.45	3274.00
840.64	3309.00
840.82	3301.00
841.01	3273.00
841.20	3284.00
841.38	3201.00
841.57	3253.00
841.75	3236.00
841.94	3141.00
842.13	3220.00
842.31	3265.00
842.50	3217.00
842.68	3146.00
842.87	3161.00
843.05	3126.00
843.24	3199.00
843.43	3267.00
843.61	3295.00
843.80	3161.00
843.98	3095.00
844.17	3079.00
844.36	3041.00
844.54	3008.00
844.73	3083.00
844.91	3000.00
845.10	3051.00
845.28	3039.00
845.47	2986.00
845.66	3036.00
845.84	3016.00
846.03	2952.00
846.21	2867.00
846.40	3001.00
846.58	3016.00
846.77	3018.00
846.96	3000.00
847.14	3001.00
847.33	2981.00
847.51	2900.00
847.70	2911.00
847.88	2944.00
848.07	2930.00
848.25	2862.00
848.44	2904.00
848.63	2835.00
848.81	2918.00
849.00	2867.00
849.18	2891.00
849.37	2790.00
849.55	2782.00
849.74	2899.00
849.93	2893.00
850.11	2850.00
850.30	2891.00
850.48	3003.00
850.67	2904.00
850.85	2835.00
851.04	2841.00
851.22	2829.00
851.41	2889.00
851.59	2856.00
851.78	2862.00
851.97	2791.00
852.15	2846.00
852.34	2919.00
852.52	2872.00
852.71	2887.00
852.89	2792.00
853.08	2695.00
853.26	2692.00
853.45	2772.00
853.63	2789.00
853.82	2880.00
854.01	2829.00
854.19	2828.00
854.38	2878.00
854.56	2828.00
854.75	2806.00
854.93	2862.00
855.12	2880.00
855.30	2849.00
855.49	2718.00
855.67	2631.00
855.86	2819.00
856.04	2874.00
856.23	2794.00
856.41	2705.00
856.60	2729.00
856.79	2673.00
856.97	2695.00
857.16	2689.00
857.34	2711.00
857.53	2692.00
857.71	2634.00
857.90	2644.00
858.08	2709.00
858.27	2751.00
858.45	2706.00
858.64	2707.00
858.82	2650.00
859.01	2728.00
859.19	2652.00
859.38	2645.00
859.56	2644.00
859.75	2609.00
859.93	2642.00
860.12	2688.00
860.30	2631.00
860.49	2544.00
860.67	2567.00
860.86	2557.00
861.04	2506.00
861.23	2522.00
861.41	2562.00
861.60	2603.00
861.78	2627.00
861.97	2571.00
862.15	2589.00
862.34	2553.00
862.53	2566.00
862.71	2520.00
862.90	2557.00
863.08	2626.00
863.27	2559.00
863.45	2515.00
863.64	2400.00
863.82	2469.00
864.01	2451.00
864.19	2436.00
864.37	2486.00
864.56	2466.00
864.74	2435.00
864.93	2390.00
865.11	2450.00
865.30	2439.00
865.48	2391.00
865.67	2461.00
865.85	2519.00
866.04	2437.00
866.22	2396.00
866.41	2382.00
866.59	2443.00
866.78	2439.00
866.96	2388.00
867.15	2468.00
867.33	2469.00
867.52	2358.00
867.70	2430.00
867.89	2382.00
868.07	2384.00
868.26	2324.00
868.44	2315.00
868.63	2303.00
868.81	2305.00
869.00	2384.00
869.18	2336.00
869.37	2234.00
869.55	2293.00
869.74	2333.00
869.92	2346.00
870.10	2268.00
870.29	2327.00
870.47	2349.00
870.66	2320.00
870.84	2177.00
871.03	2234.00
871.21	2299.00
871.40	2316.00
871.58	2398.00
871.77	2338.00
871.95	2227.00
872.14	2210.00
872.32	2314.00
872.51	2213.00
872.69	2123.00
872.87	2185.00
873.06	2199.00
873.24	2195.00
873.43	2181.00
873.61	2169.00
873.80	2181.00
873.98	2248.00
874.17	2327.00
874.35	2278.00
874.54	2289.00
874.72	2268.00
874.90	2178.00
875.09	2203.00
875.27	2253.00
875.46	2179.00
875.64	2164.00
875.83	2189.00
876.01	2169.00
876.20	2184.00
876.38	2236.00
876.56	2180.00
876.75	2137.00
876.93	2159.00
877.12	2230.00
877.30	2184.00
877.49	2162.00
877.67	2170.00
877.86	2186.00
878.04	2197.00
878.22	2176.00
878.41	2067.00
878.59	2113.00
878.78	2183.00
878.96	2140.00
879.15	2112.00
879.33	2165.00
879.51	2169.00
879.70	2083.00
879.88	2138.00
880.07	2158.00
880.25	2076.00
880.44	2093.00
880.62	2191.00
880.80	2169.00
880.99	2103.00
881.17	1986.00
881.36	2133.00
881.54	2147.00
881.73	2028.00
881.91	2050.00
882.09	2077.00
882.28	2086.00
882.46	2173.00
882.65	2074.00
882.83	2073.00
883.02	2103.00
883.20	2151.00
883.38	2162.00
883.57	2105.00
883.75	2061.00
883.94	2073.00
884.12	2027.00
884.30	2091.00
884.49	2081.00
884.67	2029.00
884.86	2065.00
885.04	2094.00
885.22	2155.00
885.41	2148.00
885.59	2078.00
885.78	2006.00
885.96	2111.00
886.14	2088.00
886.33	2046.00
886.51	2083.00
886.70	2037.00
886.88	2013.00
887.06	1994.00
887.25	2007.00
887.43	2055.00
887.62	1996.00
887.80	2072.00
887.98	2071.00
888.17	2038.00
888.35	2020.00
888.54	2002.00
888.72	1936.00
888.90	1910.00
889.09	1935.00
889.27	2016.00
889.46	2113.00
889.64	2076.00
889.82	2067.00
890.01	2095.00
890.19	2086.00
890.38	2064.00
890.56	2028.00
890.74	2011.00
890.93	2073.00
891.11	2049.00
891.29	2004.00
891.48	2048.00
891.66	1998.00
891.85	2025.00
892.03	2084.00
892.21	2030.00
892.40	1916.00
892.58	1927.00
892.76	1982.00
892.95	1998.00
893.13	2059.00
893.32	1996.00
893.50	2027.00
893.68	1993.00
893.87	2017.00
894.05	2074.00
894.23	2038.00
894.42	1979.00
894.60	1947.00
894.79	1941.00
894.97	2073.00
895.15	2065.00
895.34	2093.00
895.52	2039.00
895.70	2065.00
895.89	2031.00
896.07	2076.00
896.25	2092.00
896.44	2077.00
896.62	2059.00
896.81	2128.00
896.99	2182.00
897.17	2078.00
897.36	2006.00
897.54	2115.00
897.72	2218.00
897.91	2145.00
898.09	2113.00
898.27	2065.00
898.46	2048.00
898.64	2073.00
898.82	2053.00
899.01	2108.00
899.19	2018.00
899.37	2058.00
899.56	2136.00
899.74	2202.00
899.92	2100.00
900.11	2165.00
900.29	2181.00
900.47	2116.00
900.66	2129.00
900.84	2184.00
901.03	2089.00
901.21	2099.00
901.39	2154.00
901.58	2143.00
901.76	2176.00
901.94	2177.00
902.13	2132.00
902.31	2151.00
902.49	2147.00
902.68	2156.00
902.86	2136.00
903.04	2244.00
903.23	2339.00
903.41	2245.00
903.59	2212.00
903.78	2236.00
903.96	2294.00
904.14	2319.00
904.32	2269.00
904.51	2324.00
904.69	2328.00
904.87	2365.00
905.06	2271.00
905.24	2234.00
905.42	2346.00
905.61	2280.00
905.79	2233.00
905.97	2237.00
906.16	2137.00
906.34	2181.00
906.52	2258.00
906.71	2260.00
906.89	2247.00
907.07	2167.00
907.26	2195.00
907.44	2157.00
907.62	2184.00
907.81	2137.00
907.99	2275.00
908.17	2291.00
908.35	2251.00
908.54	2294.00
908.72	2287.00
908.90	2278.00
909.09	2239.00
909.27	2210.00
909.45	2245.00
909.64	2297.00
909.82	2267.00
910.00	2205.00
910.18	2195.00
910.37	2222.00
910.55	2267.00
910.73	2279.00
910.92	2284.00
911.10	2237.00
911.28	2257.00
911.47	2256.00
911.65	2259.00
911.83	2228.00
912.01	2202.00
912.20	2123.00
912.38	2110.00
912.56	2233.00
912.75	2252.00
912.93	2179.00
913.11	2177.00
913.29	2161.00
913.48	2201.00
913.66	2260.00
913.84	2185.00
914.03	2136.00
914.21	2076.00
914.39	2171.00
914.57	2164.00
914.76	2120.00
914.94	2098.00
915.12	2188.00
915.31	2216.00
915.49	2140.00
915.67	2210.00
915.85	2231.00
916.04	2202.00
916.22	2140.00
916.40	2138.00
916.58	2183.00
916.77	2131.00
916.95	2121.00
917.13	2102.00
917.32	2109.00
917.50	2140.00
917.68	2155.00
917.86	2140.00
918.05	2089.00
918.23	2064.00
918.41	2060.00
918.59	2068.00
918.78	2136.00
918.96	2121.00
919.14	2040.00
919.32	1992.00
919.51	2014.00
919.69	2074.00
919.87	2125.00
920.05	2074.00
920.24	2030.00
920.42	2087.00
920.60	2115.00
920.78	2043.00
920.97	2097.00
921.15	2159.00
921.33	2026.00
921.52	2039.00
921.70	1991.00
921.88	2065.00
922.06	2075.00
922.24	1935.00
922.43	2012.00
922.61	1987.00
922.79	2012.00
922.97	1987.00
923.16	1924.00
923.34	1924.00
923.52	2015.00
923.70	1974.00
923.89	2007.00
924.07	2000.00
924.25	1932.00
924.43	1986.00
924.62	1979.00
924.80	1965.00
924.98	2030.00
925.16	1976.00
925.35	1973.00
925.53	2014.00
925.71	2020.00
925.89	1983.00
926.08	2006.00
926.26	1934.00
926.44	1947.00
926.62	1940.00
926.80	1977.00
926.99	1945.00
927.17	1917.00
927.35	1912.00
927.53	1838.00
927.72	1918.00
927.90	1915.00
928.08	1889.00
928.26	1894.00
928.44	1849.00
928.63	1869.00
928.81	1863.00
928.99	1904.00
929.17	1919.00
929.36	1864.00
929.54	1884.00
929.72	1876.00
929.90	1846.00
930.08	1844.00
930.27	1854.00
930.45	1810.00
930.63	1806.00
930.81	1849.00
930.99	1826.00
931.18	1781.00
931.36	1795.00
931.54	1841.00
931.72	1867.00
931.90	1853.00
932.09	1785.00
932.27	1768.00
932.45	1662.00
932.63	1652.00
932.81	1685.00
933.00	1701.00
933.18	1736.00
933.36	1719.00
933.54	1676.00
933.72	1607.00
933.91	1630.00
934.09	1616.00
934.27	1570.00
934.45	1632.00
934.63	1650.00
934.82	1589.00
935.00	1560.00
935.18	1485.00
935.36	1494.00
935.54	1507.00
935.73	1518.00
935.91	1530.00
936.09	1502.00
936.27	1535.00
936.45	1495.00
936.64	1477.00
936.82	1437.00
937.00	1463.00
937.18	1460.00
937.36	1418.00
937.54	1329.00
937.73	1257.00
937.91	1245.00
938.09	1308.00
938.27	1295.00
938.45	1238.00
938.63	1202.00
938.82	1149.00
939.00	1156.00
939.18	1191.00
939.36	1231.00
939.54	1205.00
939.73	1127.00
939.91	1080.00
940.09	1119.00
940.27	1093.00
940.45	1109.00
940.63	989.00
940.82	982.00
941.00	1102.00
941.18	1039.00
941.36	995.00
941.54	982.00
941.72	1015.00
941.91	955.00
942.09	967.00
942.27	1070.00
942.45	1029.00
942.63	970.00
942.81	952.00
942.99	958.00
943.18	935.00
943.36	932.00
943.54	957.00
943.72	920.00
943.90	875.00
944.08	826.00
944.27	904.00
944.45	885.00
944.63	912.00
944.81	899.00
944.99	841.00
945.17	902.00
945.35	949.00
945.54	920.00
945.72	898.00
945.90	888.00
946.08	885.00
946.26	837.00
946.44	896.00
946.62	877.00
946.81	930.00
946.99	941.00
947.17	889.00
947.35	908.00
947.53	901.00
947.71	903.00
947.89	853.00
948.07	807.00
948.26	852.00
948.44	912.00
948.62	890.00
948.80	889.00
948.98	926.00
949.16	926.00
949.34	938.00
949.53	971.00
949.71	920.00
949.89	925.00
950.07	911.00
950.25	897.00
950.43	932.00
950.61	912.00
950.79	909.00
950.98	947.00
951.16	948.00
951.34	986.00
951.52	926.00
951.70	938.00
951.88	873.00
952.06	868.00
952.24	841.00
952.42	863.00
952.61	907.00
952.79	903.00
952.97	866.00
953.15	852.00
953.33	847.00
953.51	907.00
953.69	954.00
953.87	931.00
954.05	810.00
954.24	827.00
954.42	919.00
954.60	967.00
954.78	1004.00
954.96	925.00
955.14	868.00
955.32	921.00
955.50	863.00
955.68	862.00
955.86	889.00
956.05	854.00
956.23	919.00
956.41	956.00
956.59	925.00
956.77	896.00
956.95	917.00
957.13	887.00
957.31	922.00
957.49	901.00
957.67	858.00
957.86	902.00
958.04	883.00
958.22	881.00
958.40	922.00
958.58	879.00
958.76	851.00
958.94	876.00
959.12	891.00
959.30	845.00
959.48	890.00
959.66	910.00
959.84	862.00
960.03	861.00
960.21	885.00
960.39	903.00
960.57	907.00
960.75	905.00
960.93	863.00
961.11	900.00
961.29	890.00
961.47	840.00
961.65	829.00
961.83	828.00
962.01	840.00
962.19	763.00
962.37	796.00
962.56	812.00
962.74	790.00
962.92	826.00
963.10	798.00
963.28	762.00
963.46	810.00
963.64	781.00
963.82	853.00
964.00	915.00
964.18	855.00
964.36	747.00
964.54	850.00
964.72	870.00
964.90	896.00
965.08	809.00
965.27	823.00
965.45	783.00
965.63	895.00
965.81	874.00
965.99	812.00
966.17	764.00
966.35	756.00
966.53	804.00
966.71	829.00
966.89	806.00
967.07	718.00
967.25	704.00
967.43	828.00
967.61	817.00
967.79	779.00
967.97	823.00
968.15	830.00
968.33	822.00
968.51	797.00
968.69	803.00
968.87	751.00
969.06	751.00
969.24	767.00
969.42	695.00
969.60	752.00
969.78	781.00
969.96	781.00
970.14	757.00
970.32	666.00
970.50	680.00
970.68	755.00
970.86	782.00
971.04	762.00
971.22	745.00
971.40	738.00
971.58	753.00
971.76	735.00
971.94	717.00
972.12	735.00
972.30	745.00
972.48	776.00
972.66	713.00
972.84	657.00
973.02	708.00
973.20	710.00
973.38	662.00
973.56	689.00
973.74	696.00
973.92	708.00
974.10	707.00
974.28	595.00
974.46	701.00
974.64	706.00
974.82	716.00
975.00	682.00
975.18	580.00
975.36	672.00
975.54	723.00
975.72	660.00
975.90	709.00
976.08	716.00
976.26	662.00
976.44	715.00
976.62	666.00
976.80	632.00
976.98	632.00
977.16	673.00
977.34	697.00
977.52	715.00
977.70	698.00
977.88	690.00
978.06	610.00
978.24	633.00
978.42	711.00
978.60	685.00
978.78	595.00
978.96	595.00
979.14	666.00
979.32	676.00
979.50	689.00
979.68	668.00
979.86	655.00
980.04	637.00
980.22	666.00
980.40	658.00
980.58	654.00
980.76	634.00
980.94	583.00
981.12	587.00
981.30	525.00
981.48	519.00
981.66	635.00
981.84	611.00
982.02	605.00
982.20	603.00
982.38	573.00
982.56	631.00
982.74	640.00
982.92	682.00
983.10	629.00
983.28	637.00
983.46	634.00
983.64	602.00
983.82	633.00
984.00	566.00
984.18	642.00
984.36	633.00
984.54	581.00
984.72	624.00
984.90	605.00
985.08	603.00
985.26	579.00
985.44	604.00
985.62	604.00
985.80	582.00
985.98	674.00
986.16	616.00
986.34	542.00
986.51	616.00
986.69	661.00
986.87	585.00
987.05	588.00
987.23	571.00
987.41	488.00
987.59	565.00
987.77	556.00
987.95	636.00
988.13	588.00
988.31	582.00
988.49	573.00
988.67	570.00
988.85	502.00
989.03	488.00
989.21	529.00
989.39	489.00
989.57	539.00
989.75	557.00
989.93	550.00
990.11	548.00
990.28	564.00
990.46	534.00
990.64	553.00
990.82	587.00
991.00	528.00
991.18	546.00
991.36	511.00
991.54	535.00
991.72	487.00
991.90	504.00
992.08	517.00
992.26	542.00
992.44	547.00
992.62	578.00
992.80	508.00
992.98	523.00
993.15	515.00
993.33	577.00
993.51	573.00
993.69	542.00
993.87	515.00
994.05	463.00
994.23	541.00
994.41	592.00
994.59	601.00
994.77	547.00
994.95	538.00
995.13	491.00
995.31	494.00
995.48	467.00
995.66	501.00
995.84	439.00
996.02	512.00
996.20	611.00
996.38	455.00
996.56	431.00
996.74	490.00
996.92	524.00
997.10	485.00
997.28	525.00
997.46	470.00
997.63	443.00
997.81	444.00
997.99	452.00
998.17	501.00
998.35	485.00
998.53	426.00
998.71	436.00
998.89	466.00
999.07	542.00
999.25	495.00
999.43	475.00
999.60	490.00
999.78	495.00
999.96	457.00
1000.14	452.00
1000.32	426.00
1000.50	477.00
1000.68	463.00
1000.86	475.00
1001.04	444.00
1001.21	405.00
1001.39	490.00
1001.57	520.00
1001.75	455.00
1001.93	422.00
1002.11	428.00
1002.29	467.00
1002.47	518.00
1002.65	471.00
1002.82	419.00
1003.00	392.00
1003.18	441.00
1003.36	473.00
1003.54	372.00
1003.72	374.00
1003.90	494.00
1004.08	434.00
1004.26	427.00
1004.43	458.00
1004.61	481.00
1004.79	515.00
1004.97	411.00
1005.15	496.00
1005.33	413.00
1005.51	412.00
1005.69	426.00
1005.86	384.00
1006.04	396.00
1006.22	356.00
1006.40	468.00
1006.58	441.00
1006.76	442.00
1006.94	430.00
1007.12	432.00
1007.29	454.00
1007.47	464.00
1007.65	541.00
1007.83	487.00
1008.01	374.00
1008.19	355.00
1008.37	476.00
1008.54	425.00
1008.72	384.00
1008.90	479.00
1009.08	527.00
1009.26	328.00
1009.44	375.00
1009.62	326.00
1009.79	443.00
1009.97	424.00
1010.15	390.00
1010.33	352.00
1010.51	373.00
1010.69	354.00
1010.87	370.00
1011.04	371.00
1011.22	420.00
1011.40	438.00
1011.58	431.00
1011.76	381.00
1011.94	358.00
1012.11	372.00
1012.29	441.00
1012.47	449.00
1012.65	435.00
1012.83	389.00
1013.01	414.00
1013.18	368.00
1013.36	302.00
1013.54	371.00
1013.72	369.00
1013.90	351.00
1014.08	400.00
1014.25	385.00
1014.43	325.00
1014.61	368.00
1014.79	338.00
1014.97	384.00
1015.15	338.00
1015.32	316.00
1015.50	362.00
1015.68	327.00
1015.86	324.00
1016.04	377.00
1016.22	434.00
1016.39	445.00
1016.57	369.00
1016.75	310.00
1016.93	387.00
1017.11	381.00
1017.29	421.00
1017.46	429.00
1017.64	359.00
1017.82	303.00
1018.00	329.00
1018.18	336.00
1018.35	324.00
1018.53	368.00
1018.71	387.00
1018.89	351.00
1019.07	314.00
1019.24	378.00
1019.42	330.00
1019.60	341.00
1019.78	320.00
1019.96	385.00
1020.14	403.00
1020.31	393.00
1020.49	380.00
1020.67	352.00
1020.85	404.00
1021.03	408.00
1021.20	369.00
1021.38	362.00
1021.56	342.00
1021.74	326.00
1021.92	294.00
1022.09	367.00
1022.27	389.00
1022.45	385.00
1022.63	391.00
1022.81	377.00
1022.98	386.00
1023.16	337.00
1023.34	341.00
1023.52	333.00
1023.69	286.00
1023.87	327.00
1024.05	368.00
1024.23	385.00
1024.41	401.00
1024.58	295.00
1024.76	315.00
1024.94	356.00
1025.12	397.00
1025.30	362.00
1025.47	378.00
1025.65	383.00
1025.83	332.00
1026.01	385.00
1026.18	359.00
1026.36	349.00
1026.54	306.00
1026.72	326.00
1026.90	329.00
1027.07	374.00
1027.25	394.00
1027.43	277.00
1027.61	275.00
1027.78	276.00
1027.96	279.00
1028.14	311.00
1028.32	362.00
1028.49	301.00
1028.67	328.00
1028.85	329.00
1029.03	306.00
1029.21	267.00
1029.38	310.00
1029.56	366.00
1029.74	370.00
1029.92	327.00
1030.09	300.00
1030.27	283.00
1030.45	329.00
1030.63	307.00
1030.80	260.00
1030.98	332.00
1031.16	368.00
1031.34	340.00
1031.51	257.00
1031.69	238.00
1031.87	286.00
1032.05	234.00
1032.22	326.00
1032.40	338.00
1032.58	305.00
1032.76	199.00
1032.93	283.00
1033.11	257.00
1033.29	247.00
1033.47	252.00
1033.64	289.00
1033.82	297.00
1034.00	322.00
1034.18	293.00
1034.35	288.00
1034.53	335.00
1034.71	291.00
1034.89	283.00
1035.06	323.00
1035.24	280.00
1035.42	323.00
1035.59	334.00
1035.77	318.00
1035.95	225.00
1036.13	252.00
1036.30	256.00
1036.48	237.00
1036.66	271.00
1036.84	293.00
1037.01	292.00
1037.19	288.00
1037.37	291.00
1037.54	222.00
1037.72	280.00
1037.90	258.00
1038.08	252.00
1038.25	235.00
1038.43	221.00
1038.61	278.00
1038.79	269.00
1038.96	192.00
1039.14	239.00
1039.32	288.00
1039.49	261.00
1039.67	282.00
1039.85	226.00
1040.03	262.00
1040.20	306.00
1040.38	240.00
1040.56	245.00
1040.73	285.00
1040.91	305.00
1041.09	247.00
1041.27	242.00
1041.44	238.00
1041.62	240.00
1041.80	253.00
1041.97	238.00
1042.15	221.00
1042.33	203.00
1042.50	162.00
1042.68	214.00
1042.86	261.00
1043.04	241.00
1043.21	277.00
1043.39	253.00
1043.57	257.00
1043.74	254.00
1043.92	269.00
1044.10	272.00
1044.27	266.00
1044.45	249.00
1044.63	231.00
1044.80	197.00
1044.98	248.00
1045.16	219.00
1045.34	281.00
1045.51	273.00
1045.69	299.00
1045.87	272.00
1046.04	159.00
1046.22	274.00
1046.40	248.00
1046.57	219.00
1046.75	274.00
1046.93	231.00
1047.10	167.00
1047.28	180.00
1047.46	204.00
1047.63	247.00
1047.81	246.00
1047.99	221.00
1048.16	184.00
1048.34	192.00
1048.52	199.00
1048.69	199.00
1048.87	191.00
1049.05	180.00
1049.22	206.00
1049.40	199.00
1049.58	196.00
1049.75	209.00
1049.93	286.00
1050.11	185.00
1050.28	216.00
1050.46	226.00
1050.64	164.00
1050.81	137.00
1050.99	154.00
1051.17	218.00
1051.34	215.00
1051.52	204.00
1051.70	222.00
1051.87	185.00
1052.05	163.00
1052.23	246.00
1052.40	232.00
1052.58	235.00
1052.76	311.00
1052.93	263.00
1053.11	155.00
1053.29	150.00
1053.46	212.00
1053.64	233.00
1053.82	213.00
1053.99	245.00
1054.17	191.00
1054.35	172.00
1054.52	241.00
1054.70	251.00
1054.87	240.00
1055.05	194.00
1055.23	208.00
1055.40	190.00
1055.58	212.00
1055.76	282.00
1055.93	207.00
1056.11	204.00
1056.29	231.00
1056.46	146.00
1056.64	151.00
1056.81	229.00
1056.99	158.00
1057.17	243.00
1057.34	199.00
1057.52	172.00
1057.70	177.00
1057.87	225.00
1058.05	194.00
1058.22	179.00
1058.40	252.00
1058.58	240.00
1058.75	216.00
1058.93	199.00
1059.11	205.00
1059.28	202.00
1059.46	250.00
1059.63	214.00
1059.81	227.00
1059.99	172.00
1060.16	217.00
1060.34	195.00
1060.52	231.00
1060.69	208.00
1060.87	248.00
1061.04	216.00
1061.22	240.00
