367.62	8.00
367.82	68.00
368.02	77.00
368.23	77.00
368.43	92.00
368.63	30.00
368.83	-6.00
369.04	-52.00
369.24	-56.00
369.44	-14.00
369.65	57.00
369.85	107.00
370.05	134.00
370.25	118.00
370.46	1.00
370.66	0.00
370.86	43.00
371.07	49.00
371.27	15.00
371.47	87.00
371.67	114.00
371.88	44.00
372.08	14.00
372.28	5.00
372.49	91.00
372.69	41.00
372.89	76.00
373.09	53.00
373.30	101.00
373.50	140.00
373.70	38.00
373.91	108.00
374.11	89.00
374.31	11.00
374.51	32.00
374.72	67.00
374.92	68.00
375.12	66.00
375.33	33.00
375.53	30.00
375.73	17.00
375.93	118.00
376.14	43.00
376.34	17.00
376.54	19.00
376.74	67.00
376.95	93.00
377.15	21.00
377.35	59.00
377.55	38.00
377.76	46.00
377.96	8.00
378.16	33.00
378.37	69.00
378.57	115.00
378.77	115.00
378.97	28.00
379.18	42.00
379.38	-19.00
379.58	62.00
379.78	60.00
379.99	66.00
380.19	15.00
380.39	49.00
380.59	111.00
380.80	52.00
381.00	15.00
381.20	38.00
381.40	82.00
381.61	34.00
381.81	-14.00
382.01	19.00
382.21	77.00
382.42	99.00
382.62	47.00
382.82	-3.00
383.02	23.00
383.23	60.00
383.43	37.00
383.63	69.00
383.83	34.00
384.04	62.00
384.24	58.00
384.44	31.00
384.64	5.00
384.85	19.00
385.05	61.00
385.25	119.00
385.45	74.00
385.66	63.00
385.86	6.00
386.06	61.00
386.26	12.00
386.47	23.00
386.67	63.00
386.87	75.00
387.07	28.00
387.27	64.00
387.48	46.00
387.68	53.00
387.88	86.00
388.08	34.00
388.29	66.00
388.49	23.00
388.69	-35.00
388.89	-15.00
389.10	75.00
389.30	75.00
389.50	58.00
389.70	38.00
389.90	-7.00
390.11	-4.00
390.31	31.00
390.51	71.00
390.71	67.00
390.92	7.00
391.12	2.00
391.32	79.00
391.52	83.00
391.72	71.00
391.93	23.00
392.13	41.00
392.33	102.00
392.53	48.00
392.74	53.00
392.94	43.00
393.14	83.00
393.34	129.00
393.54	88.00
393.75	90.00
393.95	31.00
394.15	17.00
394.35	60.00
394.56	26.00
394.76	41.00
394.96	16.00
395.16	49.00
395.36	44.00
395.57	-39.00
395.77	-6.00
395.97	34.00
396.17	49.00
396.37	146.00
396.58	126.00
396.78	79.00
396.98	89.00
397.18	34.00
397.38	-9.00
397.59	61.00
397.79	100.00
397.99	47.00
398.19	69.00
398.39	20.00
398.60	-39.00
398.80	26.00
399.00	27.00
399.20	50.00
399.40	104.00
399.61	113.00
399.81	61.00
400.01	43.00
400.21	69.00
400.41	42.00
400.62	80.00
400.82	104.00
401.02	72.00
401.22	88.00
401.42	57.00
401.63	-28.00
401.83	4.00
402.03	64.00
402.23	-38.00
402.43	18.00
402.64	110.00
402.84	100.00
403.04	56.00
403.24	61.00
403.44	49.00
403.64	89.00
403.85	86.00
404.05	58.00
404.25	57.00
404.45	35.00
404.65	28.00
404.86	77.00
405.06	91.00
405.26	73.00
405.46	46.00
405.66	36.00
405.86	37.00
406.07	124.00
406.27	88.00
406.47	81.00
406.67	86.00
406.87	54.00
407.07	22.00
407.28	54.00
407.48	38.00
407.68	33.00
407.88	11.00
408.08	75.00
408.28	109.00
408.49	87.00
408.69	98.00
408.89	15.00
409.09	42.00
409.29	72.00
409.49	20.00
409.70	37.00
409.90	79.00
410.10	125.00
410.30	20.00
410.50	90.00
410.70	108.00
410.91	72.00
411.11	134.00
411.31	146.00
411.51	81.00
411.71	116.00
411.91	104.00
412.12	21.00
412.32	9.00
412.52	77.00
412.72	64.00
412.92	90.00
413.12	87.00
413.32	94.00
413.53	149.00
413.73	162.00
413.93	159.00
414.13	95.00
414.33	95.00
414.53	145.00
414.74	101.00
414.94	57.00
415.14	57.00
415.34	24.00
415.54	40.00
415.74	94.00
415.94	125.00
416.15	26.00
416.35	94.00
416.55	76.00
416.75	49.00
416.95	95.00
417.15	61.00
417.35	89.00
417.56	96.00
417.76	90.00
417.96	57.00
418.16	83.00
418.36	61.00
418.56	92.00
418.76	63.00
418.97	146.00
419.17	118.00
419.37	58.00
419.57	36.00
419.77	77.00
419.97	145.00
420.17	79.00
420.37	97.00
420.58	118.00
420.78	68.00
420.98	85.00
421.18	151.00
421.38	135.00
421.58	133.00
421.78	126.00
421.98	77.00
422.19	167.00
422.39	114.00
422.59	105.00
422.79	95.00
422.99	51.00
423.19	38.00
423.39	123.00
423.59	90.00
423.80	165.00
424.00	130.00
424.20	183.00
424.40	235.00
424.60	175.00
424.80	158.00
425.00	99.00
425.20	53.00
425.40	84.00
425.61	37.00
425.81	85.00
426.01	100.00
426.21	107.00
426.41	82.00
426.61	94.00
426.81	80.00
427.01	74.00
427.21	138.00
427.42	159.00
427.62	149.00
427.82	108.00
428.02	63.00
428.22	113.00
428.42	93.00
428.62	123.00
428.82	108.00
429.02	153.00
429.23	203.00
429.43	208.00
429.63	228.00
429.83	214.00
430.03	156.00
430.23	178.00
430.43	180.00
430.63	84.00
430.83	95.00
431.03	106.00
431.24	115.00
431.44	204.00
431.64	188.00
431.84	111.00
432.04	153.00
432.24	170.00
432.44	132.00
432.64	96.00
432.84	137.00
433.04	114.00
433.24	91.00
433.45	144.00
433.65	160.00
433.85	132.00
434.05	95.00
434.25	171.00
434.45	136.00
434.65	90.00
434.85	154.00
435.05	184.00
435.25	175.00
435.45	122.00
435.65	161.00
435.86	89.00
436.06	118.00
436.26	134.00
436.46	179.00
436.66	174.00
436.86	139.00
437.06	81.00
437.26	117.00
437.46	222.00
437.66	171.00
437.86	125.00
438.06	142.00
438.26	229.00
438.47	211.00
438.67	123.00
438.87	128.00
439.07	113.00
439.27	119.00
439.47	120.00
439.67	93.00
439.87	152.00
440.07	185.00
440.27	106.00
440.47	132.00
440.67	85.00
440.87	138.00
441.07	140.00
441.27	151.00
441.48	116.00
441.68	111.00
441.88	83.00
442.08	90.00
442.28	106.00
442.48	168.00
442.68	164.00
442.88	140.00
443.08	155.00
443.28	161.00
443.48	170.00
443.68	166.00
443.88	136.00
444.08	84.00
444.28	137.00
444.48	63.00
444.68	179.00
444.88	216.00
445.09	138.00
445.29	156.00
445.49	132.00
445.69	162.00
445.89	114.00
446.09	149.00
446.29	144.00
446.49	130.00
446.69	223.00
446.89	195.00
447.09	162.00
447.29	194.00
447.49	175.00
447.69	139.00
447.89	182.00
448.09	207.00
448.29	163.00
448.49	142.00
448.69	177.00
448.89	233.00
449.09	187.00
449.29	205.00
449.49	199.00
449.70	163.00
449.90	136.00
450.10	228.00
450.30	186.00
450.50	201.00
450.70	150.00
450.90	100.00
451.10	154.00
451.30	163.00
451.50	188.00
451.70	233.00
451.90	200.00
452.10	179.00
452.30	200.00
452.50	226.00
452.70	272.00
452.90	176.00
453.10	196.00
453.30	230.00
453.50	205.00
453.70	238.00
453.90	234.00
454.10	228.00
454.30	241.00
454.50	221.00
454.70	207.00
454.90	133.00
455.10	146.00
455.30	250.00
455.50	263.00
455.70	117.00
455.90	232.00
456.10	267.00
456.30	211.00
456.50	155.00
456.70	155.00
456.90	246.00
457.10	255.00
457.30	292.00
457.50	186.00
457.70	246.00
457.90	255.00
458.10	242.00
458.30	248.00
458.50	237.00
458.70	225.00
458.90	243.00
459.10	247.00
459.30	256.00
459.50	277.00
459.70	243.00
459.90	254.00
460.10	193.00
460.30	274.00
460.50	316.00
460.70	282.00
460.90	195.00
461.10	222.00
461.30	215.00
461.50	244.00
461.70	259.00
461.90	316.00
462.10	285.00
462.30	251.00
462.50	216.00
462.70	226.00
462.90	260.00
463.10	259.00
463.30	247.00
463.50	284.00
463.70	293.00
463.90	344.00
464.10	254.00
464.30	250.00
464.50	264.00
464.70	275.00
464.90	282.00
465.10	295.00
465.30	311.00
465.50	298.00
465.70	257.00
465.90	243.00
466.10	223.00
466.30	237.00
466.50	281.00
466.70	234.00
466.90	204.00
467.10	219.00
467.30	237.00
467.50	211.00
467.70	217.00
467.90	260.00
468.10	222.00
468.30	233.00
468.50	170.00
468.70	211.00
468.90	232.00
469.10	219.00
469.30	184.00
469.50	251.00
469.70	252.00
469.90	264.00
470.10	322.00
470.30	350.00
470.50	295.00
470.70	226.00
470.90	162.00
471.10	187.00
471.29	219.00
471.49	178.00
471.69	277.00
471.89	289.00
472.09	234.00
472.29	265.00
472.49	289.00
472.69	250.00
472.89	214.00
473.09	221.00
473.29	303.00
473.49	285.00
473.69	267.00
473.89	245.00
474.09	295.00
474.29	276.00
474.49	261.00
474.69	282.00
474.89	257.00
475.09	288.00
475.29	284.00
475.49	348.00
475.69	319.00
475.88	292.00
476.08	268.00
476.28	282.00
476.48	276.00
476.68	210.00
476.88	254.00
477.08	260.00
477.28	251.00
477.48	248.00
477.68	267.00
477.88	267.00
478.08	294.00
478.28	262.00
478.48	302.00
478.68	269.00
478.88	226.00
479.08	271.00
479.28	319.00
479.47	315.00
479.67	238.00
479.87	253.00
480.07	293.00
480.27	268.00
480.47	304.00
480.67	341.00
480.87	368.00
481.07	338.00
481.27	196.00
481.47	312.00
481.67	267.00
481.87	294.00
482.07	337.00
482.27	316.00
482.46	274.00
482.66	289.00
482.86	293.00
483.06	331.00
483.26	280.00
483.46	297.00
483.66	360.00
483.86	355.00
484.06	329.00
484.26	296.00
484.46	284.00
484.66	370.00
484.86	303.00
485.05	338.00
485.25	324.00
485.45	374.00
485.65	407.00
485.85	360.00
486.05	381.00
486.25	342.00
486.45	427.00
486.65	367.00
486.85	352.00
487.05	346.00
487.25	317.00
487.44	353.00
487.64	367.00
487.84	370.00
488.04	373.00
488.24	401.00
488.44	396.00
488.64	440.00
488.84	405.00
489.04	449.00
489.24	397.00
489.43	306.00
489.63	394.00
489.83	411.00
490.03	411.00
490.23	416.00
490.43	357.00
490.63	377.00
490.83	417.00
491.03	410.00
491.23	382.00
491.42	379.00
491.62	336.00
491.82	371.00
492.02	383.00
492.22	413.00
492.42	510.00
492.62	458.00
492.82	438.00
493.02	449.00
493.22	408.00
493.41	369.00
493.61	401.00
493.81	451.00
494.01	515.00
494.21	458.00
494.41	433.00
494.61	450.00
494.81	416.00
495.01	344.00
495.20	473.00
495.40	463.00
495.60	537.00
495.80	474.00
496.00	382.00
496.20	443.00
496.40	530.00
496.60	467.00
496.79	459.00
496.99	497.00
497.19	453.00
497.39	465.00
497.59	594.00
497.79	549.00
497.99	382.00
498.19	443.00
498.38	482.00
498.58	487.00
498.78	562.00
498.98	521.00
499.18	614.00
499.38	487.00
499.58	455.00
499.78	429.00
499.97	383.00
500.17	499.00
500.37	471.00
500.57	500.00
500.77	528.00
500.97	495.00
501.17	576.00
501.37	493.00
501.56	518.00
501.76	514.00
501.96	495.00
502.16	474.00
502.36	553.00
502.56	581.00
502.76	511.00
502.95	539.00
503.15	509.00
503.35	567.00
503.55	563.00
503.75	557.00
503.95	550.00
504.15	509.00
504.34	564.00
504.54	464.00
504.74	490.00
504.94	529.00
505.14	497.00
505.34	456.00
505.54	536.00
505.73	519.00
505.93	481.00
506.13	522.00
506.33	532.00
506.53	504.00
506.73	503.00
506.92	472.00
507.12	523.00
507.32	474.00
507.52	508.00
507.72	502.00
507.92	556.00
508.12	534.00
508.31	553.00
508.51	438.00
508.71	429.00
508.91	458.00
509.11	479.00
509.31	617.00
509.50	577.00
509.70	526.00
509.90	543.00
510.10	510.00
510.30	585.00
510.50	526.00
510.69	465.00
510.89	491.00
511.09	529.00
511.29	584.00
511.49	605.00
511.69	593.00
511.88	556.00
512.08	495.00
512.28	526.00
512.48	466.00
512.68	493.00
512.88	438.00
513.07	553.00
513.27	439.00
513.47	437.00
513.67	490.00
513.87	507.00
514.06	557.00
514.26	612.00
514.46	527.00
514.66	543.00
514.86	503.00
515.06	423.00
515.25	504.00
515.45	461.00
515.65	489.00
515.85	580.00
516.05	596.00
516.24	604.00
516.44	534.00
516.64	459.00
516.84	454.00
517.04	490.00
517.23	460.00
517.43	513.00
517.63	508.00
517.83	551.00
518.03	553.00
518.23	582.00
518.42	512.00
518.62	590.00
518.82	596.00
519.02	604.00
519.22	537.00
519.41	586.00
519.61	601.00
519.81	556.00
520.01	586.00
520.21	536.00
520.40	577.00
520.60	627.00
520.80	550.00
521.00	571.00
521.20	590.00
521.39	620.00
521.59	619.00
521.79	543.00
521.99	530.00
522.19	551.00
522.38	608.00
522.58	570.00
522.78	591.00
522.98	583.00
523.17	546.00
523.37	608.00
523.57	631.00
523.77	598.00
523.97	603.00
524.16	639.00
524.36	584.00
524.56	645.00
524.76	663.00
524.96	665.00
525.15	590.00
525.35	668.00
525.55	675.00
525.75	682.00
525.94	760.00
526.14	703.00
526.34	666.00
526.54	668.00
526.74	643.00
526.93	624.00
527.13	692.00
527.33	747.00
527.53	660.00
527.72	693.00
527.92	728.00
528.12	760.00
528.32	701.00
528.52	670.00
528.71	706.00
528.91	700.00
529.11	724.00
529.31	799.00
529.50	797.00
529.70	765.00
529.90	736.00
530.10	776.00
530.29	820.00
530.49	796.00
530.69	828.00
530.89	808.00
531.09	830.00
531.28	866.00
531.48	848.00
531.68	880.00
531.88	796.00
532.07	749.00
532.27	859.00
532.47	860.00
532.67	758.00
532.86	786.00
533.06	882.00
533.26	851.00
533.46	834.00
533.65	813.00
533.85	843.00
534.05	909.00
534.25	913.00
534.44	901.00
534.64	975.00
534.84	960.00
535.04	904.00
535.23	920.00
535.43	962.00
535.63	982.00
535.83	920.00
536.02	986.00
536.22	978.00
536.42	937.00
536.62	1007.00
536.81	952.00
537.01	997.00
537.21	1031.00
537.41	998.00
537.60	899.00
537.80	988.00
538.00	999.00
538.20	1022.00
538.39	1033.00
538.59	1010.00
538.79	1060.00
538.99	1100.00
539.18	1131.00
539.38	1093.00
539.58	1093.00
539.77	1082.00
539.97	1190.00
540.17	1196.00
540.37	1152.00
540.56	1192.00
540.76	1285.00
540.96	1311.00
541.16	1290.00
541.35	1362.00
541.55	1386.00
541.75	1410.00
541.94	1430.00
542.14	1391.00
542.34	1319.00
542.54	1247.00
542.73	1253.00
542.93	1179.00
543.13	1246.00
543.33	1303.00
543.52	1363.00
543.72	1399.00
543.92	1367.00
544.11	1321.00
544.31	1331.00
544.51	1315.00
544.71	1342.00
544.90	1370.00
545.10	1507.00
545.30	1555.00
545.49	1570.00
545.69	1533.00
545.89	1459.00
546.09	1444.00
546.28	1660.00
546.48	1623.00
546.68	1497.00
546.87	1401.00
547.07	1330.00
547.27	1320.00
547.47	1269.00
547.66	1208.00
547.86	1204.00
548.06	1261.00
548.25	1270.00
548.45	1280.00
548.65	1250.00
548.84	1236.00
549.04	1199.00
549.24	1321.00
549.44	1216.00
549.63	1213.00
549.83	1260.00
550.03	1210.00
550.22	1178.00
550.42	1142.00
550.62	1179.00
550.81	1180.00
551.01	1283.00
551.21	1231.00
551.41	1141.00
551.60	1149.00
551.80	1120.00
552.00	1146.00
552.19	1108.00
552.39	1130.00
552.59	1118.00
552.78	1032.00
552.98	1105.00
553.18	1114.00
553.37	1085.00
553.57	1093.00
553.77	1120.00
553.96	1042.00
554.16	1079.00
554.36	1142.00
554.56	1125.00
554.75	1102.00
554.95	1037.00
555.15	1018.00
555.34	1089.00
555.54	1110.00
555.74	1033.00
555.93	1016.00
556.13	1119.00
556.33	981.00
556.52	1065.00
556.72	1066.00
556.92	1104.00
557.11	1068.00
557.31	1073.00
557.51	968.00
557.70	1055.00
557.90	1046.00
558.10	970.00
558.29	939.00
558.49	958.00
558.69	910.00
558.88	915.00
559.08	943.00
559.28	939.00
559.47	969.00
559.67	1073.00
559.87	1017.00
560.06	973.00
560.26	1035.00
560.46	1059.00
560.65	1002.00
560.85	999.00
561.05	1071.00
561.24	1067.00
561.44	939.00
561.64	973.00
561.83	952.00
562.03	989.00
562.23	1001.00
562.42	990.00
562.62	986.00
562.82	1008.00
563.01	1056.00
563.21	956.00
563.40	1001.00
563.60	1013.00
563.80	988.00
563.99	1114.00
564.19	1076.00
564.39	1088.00
564.58	1026.00
564.78	1104.00
564.98	1057.00
565.17	1074.00
565.37	1032.00
565.57	979.00
565.76	984.00
565.96	1002.00
566.16	1059.00
566.35	1024.00
566.55	1040.00
566.74	1022.00
566.94	1069.00
567.14	1155.00
567.33	1094.00
567.53	1170.00
567.73	1155.00
567.92	1179.00
568.12	1204.00
568.32	1179.00
568.51	1119.00
568.71	1120.00
568.90	1132.00
569.10	1140.00
569.30	1193.00
569.49	1212.00
569.69	1164.00
569.89	1112.00
570.08	1062.00
570.28	1218.00
570.47	1234.00
570.67	1220.00
570.87	1142.00
571.06	1073.00
571.26	1183.00
571.46	1131.00
571.65	1192.00
571.85	1273.00
572.04	1268.00
572.24	1235.00
572.44	1206.00
572.63	1274.00
572.83	1232.00
573.03	1216.00
573.22	1235.00
573.42	1203.00
573.61	1255.00
573.81	1312.00
574.01	1272.00
574.20	1339.00
574.40	1342.00
574.59	1322.00
574.79	1314.00
574.99	1342.00
575.18	1296.00
575.38	1261.00
575.58	1333.00
575.77	1357.00
575.97	1371.00
576.16	1418.00
576.36	1487.00
576.56	1473.00
576.75	1507.00
576.95	1514.00
577.14	1547.00
577.34	1550.00
577.54	1515.00
577.73	1443.00
577.93	1471.00
578.12	1521.00
578.32	1585.00
578.52	1648.00
578.71	1582.00
578.91	1582.00
579.10	1617.00
579.30	1676.00
579.50	1634.00
579.69	1675.00
579.89	1675.00
580.08	1625.00
580.28	1642.00
580.48	1739.00
580.67	1802.00
580.87	1722.00
581.06	1681.00
581.26	1711.00
581.45	1768.00
581.65	1769.00
581.85	1835.00
582.04	1870.00
582.24	1865.00
582.43	1846.00
582.63	1860.00
582.83	1783.00
583.02	1845.00
583.22	1891.00
583.41	1921.00
583.61	1882.00
583.80	1904.00
584.00	1946.00
584.20	1887.00
584.39	1973.00
584.59	2009.00
584.78	1936.00
584.98	1983.00
585.17	2052.00
585.37	2048.00
585.57	2009.00
585.76	1966.00
585.96	2028.00
586.15	2092.00
586.35	2174.00
586.54	2178.00
586.74	2157.00
586.94	2138.00
587.13	2110.00
587.33	2151.00
587.52	2233.00
587.72	2318.00
587.91	2365.00
588.11	2357.00
588.31	2251.00
588.50	2251.00
588.70	2335.00
588.89	2311.00
589.09	2267.00
589.28	2416.00
589.48	2417.00
589.68	2352.00
589.87	2348.00
590.07	2326.00
590.26	2356.00
590.46	2337.00
590.65	2416.00
590.85	2446.00
591.04	2417.00
591.24	2420.00
591.44	2428.00
591.63	2406.00
591.83	2431.00
592.02	2432.00
592.22	2424.00
592.41	2512.00
592.61	2633.00
592.80	2640.00
593.00	2630.00
593.19	2752.00
593.39	2682.00
593.59	2657.00
593.78	2694.00
593.98	2613.00
594.17	2668.00
594.37	2557.00
594.56	2528.00
594.76	2555.00
594.95	2610.00
595.15	2666.00
595.34	2600.00
595.54	2612.00
595.73	2702.00
595.93	2603.00
596.13	2595.00
596.32	2548.00
596.52	2630.00
596.71	2627.00
596.91	2673.00
597.10	2632.00
597.30	2618.00
597.49	2697.00
597.69	2766.00
597.88	2823.00
598.08	2766.00
598.27	2765.00
598.47	2725.00
598.66	2763.00
598.86	2761.00
599.06	2779.00
599.25	2775.00
599.45	2702.00
599.64	2743.00
599.84	2798.00
600.03	2828.00
600.23	2747.00
600.42	2709.00
600.62	2734.00
600.81	2767.00
601.01	2800.00
601.20	2743.00
601.40	2754.00
601.59	2673.00
601.79	2636.00
601.98	2686.00
602.18	2617.00
602.37	2619.00
602.57	2599.00
602.76	2626.00
602.96	2717.00
603.15	2706.00
603.35	2680.00
603.54	2736.00
603.74	2755.00
603.93	2748.00
604.13	2691.00
604.32	2682.00
604.52	2602.00
604.71	2597.00
604.91	2618.00
605.10	2598.00
605.30	2529.00
605.49	2583.00
605.69	2615.00
605.88	2661.00
606.08	2691.00
606.27	2688.00
606.47	2654.00
606.66	2563.00
606.86	2533.00
607.05	2455.00
607.25	2580.00
607.44	2543.00
607.64	2494.00
607.83	2521.00
608.03	2527.00
608.22	2488.00
608.42	2591.00
608.61	2625.00
608.81	2586.00
609.00	2646.00
609.20	2628.00
609.39	2548.00
609.59	2738.00
609.78	2743.00
609.98	2823.00
610.17	2790.00
610.37	2890.00
610.56	3049.00
610.76	3337.00
610.95	3422.00
611.15	3531.00
611.34	3479.00
611.54	3501.00
611.73	3580.00
611.93	3403.00
612.12	3123.00
612.32	3078.00
612.51	2902.00
612.71	2776.00
612.90	2788.00
613.09	2714.00
613.29	2709.00
613.48	2751.00
613.68	2682.00
613.87	2576.00
614.07	2597.00
614.26	2603.00
614.46	2628.00
614.65	2575.00
614.85	2598.00
615.04	2605.00
615.24	2632.00
615.43	2620.00
615.63	2552.00
615.82	2553.00
616.02	2485.00
616.21	2392.00
616.40	2404.00
616.60	2470.00
616.79	2449.00
616.99	2497.00
617.18	2462.00
617.38	2404.00
617.57	2355.00
617.77	2409.00
617.96	2384.00
618.16	2339.00
618.35	2402.00
618.54	2375.00
618.74	2296.00
618.93	2398.00
619.13	2413.00
619.32	2445.00
619.52	2471.00
619.71	2478.00
619.91	2451.00
620.10	2449.00
620.30	2455.00
620.49	2584.00
620.68	2499.00
620.88	2443.00
621.07	2445.00
621.27	2483.00
621.46	2452.00
621.66	2489.00
621.85	2506.00
622.05	2511.00
622.24	2508.00
622.43	2516.00
622.63	2583.00
622.82	2525.00
623.02	2581.00
623.21	2552.00
623.41	2504.00
623.60	2551.00
623.80	2553.00
623.99	2505.00
624.18	2580.00
624.38	2542.00
624.57	2459.00
624.77	2513.00
624.96	2620.00
625.16	2698.00
625.35	2687.00
625.54	2586.00
625.74	2679.00
625.93	2660.00
626.13	2689.00
626.32	2699.00
626.52	2703.00
626.71	2786.00
626.90	2824.00
627.10	2715.00
627.29	2709.00
627.49	2675.00
627.68	2755.00
627.88	2672.00
628.07	2689.00
628.26	2759.00
628.46	2773.00
628.65	2819.00
628.85	2848.00
629.04	2819.00
629.23	2746.00
629.43	2715.00
629.62	2784.00
629.82	2858.00
630.01	2891.00
630.21	2971.00
630.40	2873.00
630.59	2902.00
630.79	3063.00
630.98	2927.00
631.18	2911.00
631.37	2972.00
631.56	2935.00
631.76	2991.00
631.95	3056.00
632.15	3031.00
632.34	3040.00
632.53	3066.00
632.73	3031.00
632.92	3002.00
633.12	3061.00
633.31	3076.00
633.50	3079.00
633.70	3013.00
633.89	3017.00
634.09	3140.00
634.28	3112.00
634.47	3061.00
634.67	3055.00
634.86	3111.00
635.06	3204.00
635.25	3132.00
635.44	3183.00
635.64	3163.00
635.83	3276.00
636.03	3268.00
636.22	3188.00
636.41	3206.00
636.61	3237.00
636.80	3354.00
637.00	3256.00
637.19	3186.00
637.38	3273.00
637.58	3401.00
637.77	3461.00
637.96	3374.00
638.16	3363.00
638.35	3261.00
638.55	3393.00
638.74	3472.00
638.93	3497.00
639.13	3347.00
639.32	3417.00
639.51	3433.00
639.71	3516.00
639.90	3611.00
640.10	3588.00
640.29	3539.00
640.48	3527.00
640.68	3482.00
640.87	3557.00
641.07	3670.00
641.26	3674.00
641.45	3685.00
641.65	3713.00
641.84	3729.00
642.03	3721.00
642.23	3693.00
642.42	3700.00
642.61	3730.00
642.81	3761.00
643.00	3775.00
643.20	3728.00
643.39	3722.00
643.58	3697.00
643.78	3752.00
643.97	3811.00
644.16	3776.00
644.36	3859.00
644.55	3843.00
644.74	3856.00
644.94	3874.00
645.13	3862.00
645.33	3879.00
645.52	3936.00
645.71	3954.00
645.91	3905.00
646.10	3953.00
646.29	3998.00
646.49	3988.00
646.68	3927.00
646.87	3909.00
647.07	3888.00
647.26	3949.00
647.45	3986.00
647.65	3939.00
647.84	4000.00
648.03	4088.00
648.23	4093.00
648.42	4143.00
648.62	4127.00
648.81	4132.00
649.00	4124.00
649.20	4105.00
649.39	4181.00
649.58	4131.00
649.78	4230.00
649.97	4184.00
650.16	4154.00
650.36	4145.00
650.55	4132.00
650.74	4309.00
650.94	4342.00
651.13	4341.00
651.32	4292.00
651.52	4244.00
651.71	4249.00
651.90	4283.00
652.10	4191.00
652.29	4190.00
652.48	4316.00
652.68	4313.00
652.87	4315.00
653.06	4137.00
653.26	4089.00
653.45	4118.00
653.64	4149.00
653.84	4193.00
654.03	4207.00
654.22	4191.00
654.42	4265.00
654.61	4299.00
654.80	4252.00
654.99	4303.00
655.19	4263.00
655.38	4329.00
655.57	4381.00
655.77	4286.00
655.96	4284.00
656.15	4327.00
656.35	4293.00
656.54	4185.00
656.73	4169.00
656.93	4264.00
657.12	4311.00
657.31	4211.00
657.51	4284.00
657.70	4313.00
657.89	4228.00
658.09	4234.00
658.28	4217.00
658.47	4232.00
658.66	4262.00
658.86	4208.00
659.05	4237.00
659.24	4426.00
659.44	4272.00
659.63	4187.00
659.82	4202.00
660.02	4171.00
660.21	4153.00
660.40	4256.00
660.60	4305.00
660.79	4213.00
660.98	4208.00
661.17	4159.00
661.37	4088.00
661.56	4200.00
661.75	4160.00
661.95	4032.00
662.14	4123.00
662.33	4182.00
662.52	4196.00
662.72	4240.00
662.91	4268.00
663.10	4245.00
663.30	4163.00
663.49	4168.00
663.68	4148.00
663.88	4100.00
664.07	4116.00
664.26	4127.00
664.45	4128.00
664.65	4022.00
664.84	4028.00
665.03	4038.00
665.23	3964.00
665.42	4026.00
665.61	3975.00
665.80	4020.00
666.00	3977.00
666.19	3996.00
666.38	3989.00
666.57	4090.00
666.77	4036.00
666.96	4041.00
667.15	4006.00
667.35	4073.00
667.54	3937.00
667.73	3904.00
667.92	3977.00
668.12	3953.00
668.31	3960.00
668.50	3959.00
668.70	3912.00
668.89	3970.00
669.08	3981.00
669.27	3934.00
669.47	3962.00
669.66	4018.00
669.85	3895.00
670.04	3920.00
670.24	3975.00
670.43	3935.00
670.62	3885.00
670.81	3791.00
671.01	3796.00
671.20	3928.00
671.39	3916.00
671.58	4031.00
671.78	4040.00
671.97	3922.00
672.16	3764.00
672.36	3760.00
672.55	3788.00
672.74	3792.00
672.93	3805.00
673.13	3858.00
673.32	3788.00
673.51	3718.00
673.70	3768.00
673.90	3765.00
674.09	3801.00
674.28	3754.00
674.47	3855.00
674.67	3842.00
674.86	3817.00
675.05	3824.00
675.24	3797.00
675.44	3725.00
675.63	3789.00
675.82	3805.00
676.01	3808.00
676.21	3730.00
676.40	3663.00
676.59	3776.00
676.78	3750.00
676.97	3636.00
677.17	3613.00
677.36	3806.00
677.55	3800.00
677.74	3695.00
677.94	3570.00
678.13	3663.00
678.32	3815.00
678.51	3766.00
678.71	3648.00
678.90	3629.00
679.09	3705.00
679.28	3779.00
679.48	3705.00
679.67	3720.00
679.86	3649.00
680.05	3572.00
680.24	3601.00
680.44	3649.00
680.63	3568.00
680.82	3488.00
681.01	3548.00
681.21	3537.00
681.40	3449.00
681.59	3588.00
681.78	3572.00
681.97	3590.00
682.17	3572.00
682.36	3571.00
682.55	3558.00
682.74	3524.00
682.94	3465.00
683.13	3468.00
683.32	3489.00
683.51	3601.00
683.70	3584.00
683.90	3513.00
684.09	3594.00
684.28	3649.00
684.47	3565.00
684.66	3486.00
684.86	3508.00
685.05	3617.00
685.24	3627.00
685.43	3643.00
685.63	3581.00
685.82	3532.00
686.01	3555.00
686.20	3551.00
686.39	3500.00
686.59	3501.00
686.78	3604.00
686.97	3544.00
687.16	3516.00
687.35	3426.00
687.55	3579.00
687.74	3612.00
687.93	3652.00
688.12	3606.00
688.31	3611.00
688.51	3649.00
688.70	3626.00
688.89	3564.00
689.08	3483.00
689.27	3480.00
689.47	3567.00
689.66	3593.00
689.85	3576.00
690.04	3393.00
690.23	3460.00
690.42	3494.00
690.62	3424.00
690.81	3394.00
691.00	3501.00
691.19	3584.00
691.38	3551.00
691.58	3538.00
691.77	3585.00
691.96	3612.00
692.15	3594.00
692.34	3563.00
692.54	3555.00
692.73	3583.00
692.92	3680.00
693.11	3701.00
693.30	3672.00
693.49	3558.00
693.69	3549.00
693.88	3574.00
694.07	3652.00
694.26	3570.00
694.45	3561.00
694.64	3594.00
694.84	3535.00
695.03	3462.00
695.22	3523.00
695.41	3580.00
695.60	3469.00
695.80	3505.00
695.99	3483.00
696.18	3529.00
696.37	3572.00
696.56	3550.00
696.75	3565.00
696.95	3567.00
697.14	3567.00
697.33	3604.00
697.52	3649.00
697.71	3582.00
697.90	3556.00
698.09	3578.00
698.29	3602.00
698.48	3655.00
698.67	3655.00
698.86	3662.00
699.05	3577.00
699.24	3603.00
699.44	3597.00
699.63	3571.00
699.82	3683.00
700.01	3628.00
700.20	3611.00
700.39	3602.00
700.58	3705.00
700.78	3709.00
700.97	3670.00
701.16	3755.00
701.35	3713.00
701.54	3755.00
701.73	3782.00
701.93	3767.00
702.12	3764.00
702.31	3817.00
702.50	3852.00
702.69	3799.00
702.88	3875.00
703.07	3964.00
703.27	3886.00
703.46	3920.00
703.65	3835.00
703.84	3974.00
704.03	3916.00
704.22	3911.00
704.41	3988.00
704.60	3947.00
704.80	3903.00
704.99	3926.00
705.18	3948.00
705.37	3914.00
705.56	3962.00
705.75	3995.00
705.94	4017.00
706.14	4048.00
706.33	4041.00
706.52	4115.00
706.71	4119.00
706.90	4133.00
707.09	4124.00
707.28	4108.00
707.47	4137.00
707.67	4211.00
707.86	4221.00
708.05	4168.00
708.24	4100.00
708.43	4138.00
708.62	4094.00
708.81	4215.00
709.00	4262.00
709.20	4190.00
709.39	4279.00
709.58	4269.00
709.77	4292.00
709.96	4271.00
710.15	4231.00
710.34	4226.00
710.53	4266.00
710.72	4236.00
710.92	4205.00
711.11	4290.00
711.30	4297.00
711.49	4305.00
711.68	4342.00
711.87	4405.00
712.06	4439.00
712.25	4401.00
712.44	4411.00
712.64	4461.00
712.83	4514.00
713.02	4487.00
713.21	4472.00
713.40	4568.00
713.59	4492.00
713.78	4429.00
713.97	4442.00
714.16	4582.00
714.35	4608.00
714.55	4526.00
714.74	4549.00
714.93	4613.00
715.12	4547.00
715.31	4564.00
715.50	4459.00
715.69	4416.00
715.88	4520.00
716.07	4526.00
716.26	4524.00
716.45	4449.00
716.65	4480.00
716.84	4506.00
717.03	4563.00
717.22	4568.00
717.41	4537.00
717.60	4622.00
717.79	4519.00
717.98	4573.00
718.17	4634.00
718.36	4662.00
718.55	4659.00
718.75	4616.00
718.94	4653.00
719.13	4763.00
719.32	4751.00
719.51	4707.00
719.70	4726.00
719.89	4735.00
720.08	4784.00
720.27	4771.00
720.46	4764.00
720.65	4713.00
720.84	4778.00
721.03	4834.00
721.22	4772.00
721.42	4684.00
721.61	4727.00
721.80	4725.00
721.99	4695.00
722.18	4686.00
722.37	4724.00
722.56	4715.00
722.75	4760.00
722.94	4758.00
723.13	4725.00
723.32	4738.00
723.51	4691.00
723.70	4666.00
723.89	4761.00
724.08	4782.00
724.28	4781.00
724.47	4813.00
724.66	4825.00
724.85	4767.00
725.04	4685.00
725.23	4770.00
725.42	4911.00
725.61	4830.00
725.80	4867.00
725.99	4943.00
726.18	4789.00
726.37	4823.00
726.56	4823.00
726.75	4834.00
726.94	4886.00
727.13	4886.00
727.32	4914.00
727.51	4870.00
727.71	4835.00
727.90	4919.00
728.09	4857.00
728.28	4835.00
728.47	4843.00
728.66	4876.00
728.85	4901.00
729.04	4830.00
729.23	4652.00
729.42	4787.00
729.61	4792.00
729.80	4837.00
729.99	4757.00
730.18	4746.00
730.37	4721.00
730.56	4812.00
730.75	4920.00
730.94	4841.00
731.13	4769.00
731.32	4761.00
731.51	4784.00
731.70	4872.00
731.89	4909.00
732.08	4793.00
732.27	4827.00
732.46	4804.00
732.65	4772.00
732.84	4733.00
733.04	4750.00
733.23	4773.00
733.42	4680.00
733.61	4736.00
733.80	4718.00
733.99	4717.00
734.18	4784.00
734.37	4762.00
734.56	4702.00
734.75	4701.00
734.94	4726.00
735.13	4768.00
735.32	4641.00
735.51	4677.00
735.70	4655.00
735.89	4597.00
736.08	4584.00
736.27	4479.00
736.46	4547.00
736.65	4637.00
736.84	4673.00
737.03	4658.00
737.22	4590.00
737.41	4649.00
737.60	4697.00
737.79	4642.00
737.98	4595.00
738.17	4517.00
738.36	4612.00
738.55	4660.00
738.74	4717.00
738.93	4607.00
739.12	4652.00
739.31	4774.00
739.50	4648.00
739.69	4629.00
739.88	4631.00
740.07	4588.00
740.26	4577.00
740.45	4550.00
740.64	4528.00
740.83	4489.00
741.02	4484.00
741.21	4413.00
741.40	4371.00
741.59	4236.00
741.78	4299.00
741.97	4360.00
742.16	4374.00
742.35	4360.00
742.54	4294.00
742.73	4313.00
742.92	4346.00
743.11	4283.00
743.30	4256.00
743.49	4325.00
743.68	4315.00
743.87	4297.00
744.06	4295.00
744.25	4288.00
744.44	4338.00
744.63	4323.00
744.82	4292.00
745.01	4296.00
745.20	4318.00
745.39	4259.00
745.58	4154.00
745.77	4228.00
745.96	4226.00
746.15	4297.00
746.34	4202.00
746.52	4127.00
746.71	4110.00
746.90	4107.00
747.09	4138.00
747.28	4139.00
747.47	4207.00
747.66	4161.00
747.85	4044.00
748.04	3951.00
748.23	4000.00
748.42	4075.00
748.61	4001.00
748.80	3984.00
748.99	3920.00
749.18	3978.00
749.37	3965.00
749.56	3913.00
749.75	3994.00
749.94	4018.00
750.13	3965.00
750.32	3987.00
750.51	3962.00
750.70	3965.00
750.89	3911.00
751.08	3881.00
751.27	3827.00
751.46	3885.00
751.64	3846.00
751.83	3721.00
752.02	3831.00
752.21	3874.00
752.40	3815.00
752.59	3807.00
752.78	3854.00
752.97	3820.00
753.16	3793.00
753.35	3945.00
753.54	3985.00
753.73	3843.00
753.92	3668.00
754.11	3717.00
754.30	3730.00
754.49	3749.00
754.68	3728.00
754.87	3758.00
755.06	3780.00
755.24	3805.00
755.43	3840.00
755.62	3732.00
755.81	3641.00
756.00	3732.00
756.19	3726.00
756.38	3656.00
756.57	3638.00
756.76	3674.00
756.95	3680.00
757.14	3673.00
757.33	3572.00
757.52	3627.00
757.71	3607.00
757.90	3590.00
758.08	3547.00
758.27	3594.00
758.46	3623.00
758.65	3591.00
758.84	3557.00
759.03	3488.00
759.22	3517.00
759.41	3645.00
759.60	3574.00
759.79	3500.00
759.98	3500.00
760.17	3692.00
760.36	3598.00
760.54	3565.00
760.73	3554.00
760.92	3512.00
761.11	3428.00
761.30	3339.00
761.49	3366.00
761.68	3345.00
761.87	3248.00
762.06	3254.00
762.25	3250.00
762.44	3279.00
762.63	3189.00
762.81	3120.00
763.00	3113.00
763.19	2995.00
763.38	2944.00
763.57	3000.00
763.76	3034.00
763.95	3031.00
764.14	3013.00
764.33	2950.00
764.52	3014.00
764.71	3013.00
764.89	3006.00
765.08	3042.00
765.27	3059.00
765.46	3051.00
765.65	3054.00
765.84	3019.00
766.03	3009.00
766.22	3160.00
766.41	3145.00
766.59	3021.00
766.78	3069.00
766.97	3158.00
767.16	3194.00
767.35	3286.00
767.54	3336.00
767.73	3349.00
767.92	3337.00
768.11	3313.00
768.30	3317.00
768.48	3360.00
768.67	3485.00
768.86	3356.00
769.05	3364.00
769.24	3488.00
769.43	3352.00
769.62	3351.00
769.81	3408.00
769.99	3370.00
770.18	3426.00
770.37	3446.00
770.56	3422.00
770.75	3404.00
770.94	3387.00
771.13	3321.00
771.32	3423.00
771.50	3427.00
771.69	3406.00
771.88	3475.00
772.07	3351.00
772.26	3375.00
772.45	3410.00
772.64	3373.00
772.83	3374.00
773.01	3417.00
773.20	3280.00
773.39	3273.00
773.58	3232.00
773.77	3289.00
773.96	3368.00
774.15	3466.00
774.34	3349.00
774.52	3278.00
774.71	3292.00
774.90	3274.00
775.09	3257.00
775.28	3335.00
775.47	3239.00
775.66	3370.00
775.84	3331.00
776.03	3226.00
776.22	3274.00
776.41	3257.00
776.60	3283.00
776.79	3314.00
776.98	3299.00
777.16	3309.00
777.35	3259.00
777.54	3249.00
777.73	3303.00
777.92	3259.00
778.11	3279.00
778.29	3166.00
778.48	3222.00
778.67	3230.00
778.86	3234.00
779.05	3215.00
779.24	3193.00
779.43	3265.00
779.61	3349.00
779.80	3273.00
779.99	3264.00
780.18	3291.00
780.37	3292.00
780.56	3202.00
780.74	3271.00
780.93	3360.00
781.12	3304.00
781.31	3308.00
781.50	3341.00
781.69	3334.00
781.87	3346.00
782.06	3264.00
782.25	3246.00
782.44	3323.00
782.63	3287.00
782.82	3301.00
783.00	3332.00
783.19	3367.00
783.38	3343.00
783.57	3297.00
783.76	3328.00
783.95	3388.00
784.13	3465.00
784.32	3444.00
784.51	3469.00
784.70	3418.00
784.89	3436.00
785.08	3308.00
785.26	3326.00
785.45	3417.00
785.64	3463.00
785.83	3346.00
786.02	3318.00
786.20	3357.00
786.39	3348.00
786.58	3421.00
786.77	3371.00
786.96	3459.00
787.15	3399.00
787.33	3452.00
787.52	3436.00
787.71	3309.00
787.90	3409.00
788.09	3363.00
788.27	3430.00
788.46	3476.00
788.65	3401.00
788.84	3319.00
789.03	3348.00
789.21	3379.00
789.40	3452.00
789.59	3561.00
789.78	3529.00
789.97	3492.00
790.15	3497.00
790.34	3464.00
790.53	3534.00
790.72	3529.00
790.91	3508.00
791.09	3559.00
791.28	3550.00
791.47	3519.00
791.66	3561.00
791.85	3624.00
792.03	3545.00
792.22	3485.00
792.41	3509.00
792.60	3581.00
792.79	3642.00
792.97	3611.00
793.16	3540.00
793.35	3616.00
793.54	3613.00
793.72	3687.00
793.91	3700.00
794.10	3664.00
794.29	3662.00
794.48	3703.00
794.66	3642.00
794.85	3612.00
795.04	3608.00
795.23	3679.00
795.42	3719.00
795.60	3733.00
795.79	3544.00
795.98	3594.00
796.17	3680.00
796.35	3758.00
796.54	3731.00
796.73	3596.00
796.92	3603.00
797.11	3628.00
797.29	3691.00
797.48	3662.00
797.67	3646.00
797.86	3689.00
798.04	3688.00
798.23	3623.00
798.42	3619.00
798.61	3637.00
798.79	3638.00
798.98	3654.00
799.17	3675.00
799.36	3731.00
799.54	3683.00
799.73	3661.00
799.92	3681.00
800.11	3615.00
800.30	3683.00
800.48	3762.00
800.67	3703.00
800.86	3648.00
801.05	3663.00
801.23	3709.00
801.42	3711.00
801.61	3607.00
801.80	3718.00
801.98	3814.00
802.17	3822.00
802.36	3765.00
802.55	3658.00
802.73	3597.00
802.92	3689.00
803.11	3683.00
803.30	3744.00
803.48	3761.00
803.67	3815.00
803.86	3816.00
804.05	3814.00
804.23	3742.00
804.42	3708.00
804.61	3715.00
804.80	3744.00
804.98	3657.00
805.17	3729.00
805.36	3822.00
805.54	3733.00
805.73	3744.00
805.92	3785.00
806.11	3697.00
806.29	3715.00
806.48	3821.00
806.67	3780.00
806.86	3881.00
807.04	3876.00
807.23	3861.00
807.42	3871.00
807.61	3880.00
807.79	3862.00
807.98	3768.00
808.17	3747.00
808.35	3819.00
808.54	3908.00
808.73	3889.00
808.92	3802.00
809.10	3735.00
809.29	3716.00
809.48	3846.00
809.67	3804.00
809.85	3793.00
810.04	3871.00
810.23	3818.00
810.41	3751.00
810.60	3688.00
810.79	3729.00
810.98	3754.00
811.16	3729.00
811.35	3757.00
811.54	3746.00
811.72	3772.00
811.91	3669.00
812.10	3635.00
812.29	3675.00
812.47	3695.00
812.66	3684.00
812.85	3702.00
813.03	3747.00
813.22	3695.00
813.41	3691.00
813.60	3676.00
813.78	3699.00
813.97	3695.00
814.16	3697.00
814.34	3666.00
814.53	3696.00
814.72	3799.00
814.90	3701.00
815.09	3561.00
815.28	3625.00
815.47	3694.00
815.65	3760.00
815.84	3725.00
816.03	3690.00
816.21	3645.00
816.40	3639.00
816.59	3662.00
816.77	3727.00
816.96	3793.00
817.15	3852.00
817.33	3771.00
817.52	3705.00
817.71	3785.00
817.90	3712.00
818.08	3754.00
818.27	3775.00
818.46	3699.00
818.64	3665.00
818.83	3706.00
819.02	3773.00
819.20	3875.00
819.39	3782.00
819.58	3785.00
819.76	3829.00
819.95	3764.00
820.14	3772.00
820.32	3769.00
820.51	3780.00
820.70	3776.00
820.88	3798.00
821.07	3814.00
821.26	3730.00
821.44	3680.00
821.63	3702.00
821.82	3765.00
822.01	3807.00
822.19	3785.00
822.38	3768.00
822.57	3723.00
822.75	3617.00
822.94	3725.00
823.13	3688.00
823.31	3790.00
823.50	3796.00
823.69	3668.00
823.87	3640.00
824.06	3634.00
824.25	3717.00
824.43	3800.00
824.62	3740.00
824.80	3696.00
824.99	3643.00
825.18	3606.00
825.36	3630.00
825.55	3670.00
825.74	3636.00
825.92	3631.00
826.11	3719.00
826.30	3681.00
826.48	3607.00
826.67	3598.00
826.86	3532.00
827.04	3659.00
827.23	3717.00
827.42	3563.00
827.60	3629.00
827.79	3540.00
827.98	3638.00
828.16	3574.00
828.35	3529.00
828.54	3564.00
828.72	3522.00
828.91	3531.00
829.09	3495.00
829.28	3478.00
829.47	3482.00
829.65	3545.00
829.84	3558.00
830.03	3591.00
830.21	3565.00
830.40	3591.00
830.59	3538.00
830.77	3499.00
830.96	3485.00
831.14	3518.00
831.33	3549.00
831.52	3523.00
831.70	3540.00
831.89	3579.00
832.08	3487.00
832.26	3555.00
832.45	3455.00
832.64	3418.00
832.82	3564.00
833.01	3500.00
833.19	3413.00
833.38	3504.00
833.57	3465.00
833.75	3402.00
833.94	3472.00
834.13	3497.00
834.31	3420.00
834.50	3393.00
834.68	3451.00
834.87	3444.00
835.06	3456.00
835.24	3504.00
835.43	3526.00
835.61	3460.00
835.80	3450.00
835.99	3426.00
836.17	3478.00
836.36	3429.00
836.55	3412.00
836.73	3449.00
836.92	3521.00
837.10	3481.00
837.29	3443.00
837.48	3416.00
837.66	3419.00
837.85	3395.00
838.03	3420.00
838.22	3418.00
838.41	3426.00
838.59	3469.00
838.78	3500.00
838.96	3468.00
839.15	3367.00
839.34	3327.00
839.52	3302.00
839.71	3372.00
839.89	3402.00
840.08	3344.00
840.27	3450.00
840.45	3415.00
840.64	3402.00
840.82	3365.00
841.01	3312.00
841.20	3361.00
841.38	3298.00
841.57	3345.00
841.75	3346.00
841.94	3268.00
842.13	3300.00
842.31	3347.00
842.50	3293.00
842.68	3271.00
842.87	3274.00
843.05	3198.00
843.24	3260.00
843.43	3249.00
843.61	3278.00
843.80	3247.00
843.98	3253.00
844.17	3186.00
844.36	3158.00
844.54	3209.00
844.73	3262.00
844.91	3199.00
845.10	3099.00
845.28	3151.00
845.47	3155.00
845.66	3133.00
845.84	3107.00
846.03	3098.00
846.21	3003.00
846.40	2977.00
846.58	3077.00
846.77	3157.00
846.96	3137.00
847.14	3077.00
847.33	3041.00
847.51	3007.00
847.70	3012.00
847.88	3093.00
848.07	3042.00
848.25	2944.00
848.44	3017.00
848.63	2972.00
848.81	2944.00
849.00	2905.00
849.18	2990.00
849.37	2925.00
849.55	2924.00
849.74	2894.00
849.93	2876.00
850.11	2925.00
850.30	2988.00
850.48	2980.00
850.67	2935.00
850.85	2906.00
851.04	2868.00
851.22	2886.00
851.41	2872.00
851.59	2820.00
851.78	2955.00
851.97	2864.00
852.15	2787.00
852.34	2908.00
852.52	2878.00
852.71	2810.00
852.89	2864.00
853.08	2842.00
853.26	2822.00
853.45	2799.00
853.63	2757.00
853.82	2788.00
854.01	2869.00
854.19	2853.00
854.38	2778.00
854.56	2756.00
854.75	2716.00
854.93	2886.00
855.12	2928.00
855.30	2847.00
855.49	2858.00
855.67	2860.00
855.86	2847.00
856.04	2852.00
856.23	2837.00
856.41	2751.00
856.60	2746.00
856.79	2675.00
856.97	2688.00
857.16	2700.00
857.34	2796.00
857.53	2803.00
857.71	2733.00
857.90	2718.00
858.08	2640.00
858.27	2724.00
858.45	2738.00
858.64	2755.00
858.82	2759.00
859.01	2736.00
859.19	2692.00
859.38	2737.00
859.56	2752.00
859.75	2712.00
859.93	2732.00
860.12	2754.00
860.30	2819.00
860.49	2666.00
860.67	2602.00
860.86	2658.00
861.04	2619.00
861.23	2702.00
861.41	2681.00
861.60	2647.00
861.78	2709.00
861.97	2666.00
862.15	2637.00
862.34	2641.00
862.53	2612.00
862.71	2621.00
862.90	2571.00
863.08	2574.00
863.27	2535.00
863.45	2518.00
863.64	2480.00
863.82	2512.00
864.01	2573.00
864.19	2530.00
864.37	2555.00
864.56	2494.00
864.74	2512.00
864.93	2469.00
865.11	2523.00
865.30	2500.00
865.48	2463.00
865.67	2400.00
865.85	2433.00
866.04	2461.00
866.22	2444.00
866.41	2360.00
866.59	2394.00
866.78	2368.00
866.96	2318.00
867.15	2418.00
867.33	2484.00
867.52	2513.00
867.70	2522.00
867.89	2427.00
868.07	2383.00
868.26	2382.00
868.44	2463.00
868.63	2461.00
868.81	2358.00
869.00	2446.00
869.18	2403.00
869.37	2288.00
869.55	2302.00
869.74	2327.00
869.92	2413.00
870.10	2356.00
870.29	2416.00
870.47	2437.00
870.66	2331.00
870.84	2308.00
871.03	2342.00
871.21	2308.00
871.40	2316.00
871.58	2387.00
871.77	2320.00
871.95	2273.00
872.14	2238.00
872.32	2352.00
872.51	2348.00
872.69	2328.00
872.87	2340.00
873.06	2289.00
873.24	2204.00
873.43	2222.00
873.61	2224.00
873.80	2174.00
873.98	2275.00
874.17	2386.00
874.35	2305.00
874.54	2252.00
874.72	2289.00
874.90	2244.00
875.09	2223.00
875.27	2195.00
875.46	2192.00
875.64	2129.00
875.83	2196.00
876.01	2247.00
876.20	2225.00
876.38	2176.00
876.56	2117.00
876.75	2158.00
876.93	2204.00
877.12	2261.00
877.30	2308.00
877.49	2218.00
877.67	2133.00
877.86	2198.00
878.04	2243.00
878.22	2338.00
878.41	2285.00
878.59	2195.00
878.78	2133.00
878.96	2105.00
879.15	2107.00
879.33	2196.00
879.51	2172.00
879.70	2168.00
879.88	2283.00
880.07	2327.00
880.25	2240.00
880.44	2132.00
880.62	2140.00
880.80	2221.00
880.99	2216.00
881.17	2106.00
881.36	2190.00
881.54	2190.00
881.73	2124.00
881.91	2134.00
882.09	2143.00
882.28	2137.00
882.46	2135.00
882.65	2126.00
882.83	2097.00
883.02	2110.00
883.20	2226.00
883.38	2183.00
883.57	2173.00
883.75	2157.00
883.94	2077.00
884.12	2007.00
884.30	2092.00
884.49	2143.00
884.67	2097.00
884.86	2173.00
885.04	2072.00
885.22	2086.00
885.41	2181.00
885.59	2142.00
885.78	2090.00
885.96	2168.00
886.14	2107.00
886.33	2093.00
886.51	2073.00
886.70	2011.00
886.88	2034.00
887.06	2027.00
887.25	2092.00
887.43	2130.00
887.62	2113.00
887.80	2153.00
887.98	2126.00
888.17	2074.00
888.35	2039.00
888.54	2040.00
888.72	1956.00
888.90	2023.00
889.09	2051.00
889.27	2067.00
889.46	2074.00
889.64	2062.00
889.82	2092.00
890.01	2059.00
890.19	2011.00
890.38	2053.00
890.56	2015.00
890.74	2012.00
890.93	2033.00
891.11	2024.00
891.29	2055.00
891.48	2104.00
891.66	2028.00
891.85	2045.00
892.03	2076.00
892.21	2079.00
892.40	2006.00
892.58	1990.00
892.76	2054.00
892.95	2086.00
893.13	2101.00
893.32	2013.00
893.50	2091.00
893.68	2071.00
893.87	2109.00
894.05	2099.00
894.23	2075.00
894.42	2043.00
894.60	2050.00
894.79	2003.00
894.97	2096.00
895.15	2073.00
895.34	2087.00
895.52	2107.00
895.70	2112.00
895.89	2090.00
896.07	2064.00
896.25	2057.00
896.44	2075.00
896.62	2054.00
896.81	2107.00
896.99	2148.00
897.17	2105.00
897.36	2161.00
897.54	2171.00
897.72	2194.00
897.91	2048.00
898.09	2070.00
898.27	2158.00
898.46	2116.00
898.64	2119.00
898.82	2142.00
899.01	2191.00
899.19	2101.00
899.37	2182.00
899.56	2199.00
899.74	2273.00
899.92	2149.00
900.11	2161.00
900.29	2177.00
900.47	2149.00
900.66	2142.00
900.84	2134.00
901.03	2165.00
901.21	2285.00
901.39	2276.00
901.58	2189.00
901.76	2123.00
901.94	2089.00
902.13	2135.00
902.31	2252.00
902.49	2220.00
902.68	2187.00
902.86	2168.00
903.04	2333.00
903.23	2312.00
903.41	2216.00
903.59	2228.00
903.78	2226.00
903.96	2249.00
904.14	2196.00
904.32	2250.00
904.51	2328.00
904.69	2267.00
904.87	2323.00
905.06	2314.00
905.24	2215.00
905.42	2262.00
905.61	2346.00
905.79	2304.00
905.97	2219.00
906.16	2134.00
906.34	2213.00
906.52	2219.00
906.71	2258.00
906.89	2212.00
907.07	2131.00
907.26	2189.00
907.44	2236.00
907.62	2241.00
907.81	2274.00
907.99	2341.00
908.17	2392.00
908.35	2324.00
908.54	2329.00
908.72	2293.00
908.90	2283.00
909.09	2278.00
909.27	2236.00
909.45	2299.00
909.64	2280.00
909.82	2229.00
910.00	2223.00
910.18	2252.00
910.37	2295.00
910.55	2364.00
910.73	2320.00
910.92	2307.00
911.10	2298.00
911.28	2285.00
911.47	2272.00
911.65	2260.00
911.83	2259.00
912.01	2289.00
912.20	2275.00
912.38	2262.00
912.56	2228.00
912.75	2219.00
912.93	2231.00
913.11	2297.00
913.29	2233.00
913.48	2188.00
913.66	2234.00
913.84	2213.00
914.03	2228.00
914.21	2240.00
914.39	2266.00
914.57	2211.00
914.76	2140.00
914.94	2184.00
915.12	2270.00
915.31	2275.00
915.49	2189.00
915.67	2194.00
915.85	2292.00
916.04	2291.00
916.22	2093.00
916.40	2161.00
916.58	2197.00
916.77	2166.00
916.95	2157.00
917.13	2121.00
917.32	2132.00
917.50	2127.00
917.68	2137.00
917.86	2148.00
918.05	2076.00
918.23	2154.00
918.41	2183.00
918.59	2123.00
918.78	2184.00
918.96	2134.00
919.14	2135.00
919.32	2115.00
919.51	2101.00
919.69	2112.00
919.87	2077.00
920.05	2080.00
920.24	2043.00
920.42	2047.00
920.60	2072.00
920.78	2101.00
920.97	2176.00
921.15	2190.00
921.33	2058.00
921.52	2090.00
921.70	2002.00
921.88	2056.00
922.06	2119.00
922.24	1983.00
922.43	1995.00
922.61	2023.00
922.79	2050.00
922.97	2141.00
923.16	2038.00
923.34	2005.00
923.52	2047.00
923.70	2065.00
923.89	2008.00
924.07	2015.00
924.25	1989.00
924.43	2030.00
924.62	2012.00
924.80	2064.00
924.98	2067.00
925.16	2034.00
925.35	2003.00
925.53	1986.00
925.71	2096.00
925.89	2054.00
926.08	2009.00
926.26	1967.00
926.44	2017.00
926.62	1992.00
926.80	2027.00
926.99	1962.00
927.17	1879.00
927.35	1865.00
927.53	1928.00
927.72	1969.00
927.90	1943.00
928.08	1882.00
928.26	1836.00
928.44	1930.00
928.63	1951.00
928.81	1923.00
928.99	1977.00
929.17	1910.00
929.36	1901.00
929.54	1877.00
929.72	1914.00
929.90	1907.00
930.08	1895.00
930.27	1955.00
930.45	1865.00
930.63	1881.00
930.81	1956.00
930.99	1875.00
931.18	1875.00
931.36	1918.00
931.54	1870.00
931.72	1902.00
931.90	1862.00
932.09	1846.00
932.27	1861.00
932.45	1803.00
932.63	1683.00
932.81	1639.00
933.00	1641.00
933.18	1709.00
933.36	1750.00
933.54	1776.00
933.72	1700.00
933.91	1658.00
934.09	1720.00
934.27	1681.00
934.45	1676.00
934.63	1682.00
934.82	1695.00
935.00	1608.00
935.18	1584.00
935.36	1586.00
935.54	1495.00
935.73	1525.00
935.91	1528.00
936.09	1492.00
936.27	1463.00
936.45	1517.00
936.64	1449.00
936.82	1438.00
937.00	1356.00
937.18	1380.00
937.36	1385.00
937.54	1345.00
937.73	1277.00
937.91	1220.00
938.09	1316.00
938.27	1325.00
938.45	1302.00
938.63	1286.00
938.82	1290.00
939.00	1188.00
939.18	1202.00
939.36	1181.00
939.54	1201.00
939.73	1111.00
939.91	1094.00
940.09	1185.00
940.27	1122.00
940.45	1097.00
940.63	1023.00
940.82	1037.00
941.00	1055.00
941.18	1027.00
941.36	1035.00
941.54	1039.00
941.72	979.00
941.91	953.00
942.09	943.00
942.27	988.00
942.45	1022.00
942.63	998.00
942.81	983.00
942.99	982.00
943.18	980.00
943.36	943.00
943.54	913.00
943.72	919.00
943.90	891.00
944.08	844.00
944.27	845.00
944.45	887.00
944.63	1028.00
944.81	959.00
944.99	888.00
945.17	868.00
945.35	854.00
945.54	926.00
945.72	842.00
945.90	874.00
946.08	904.00
946.26	811.00
946.44	905.00
946.62	937.00
946.81	923.00
946.99	980.00
947.17	958.00
947.35	892.00
947.53	829.00
947.71	915.00
947.89	864.00
948.07	901.00
948.26	904.00
948.44	870.00
948.62	848.00
948.80	952.00
948.98	973.00
949.16	952.00
949.34	961.00
949.53	930.00
949.71	894.00
949.89	908.00
950.07	878.00
950.25	891.00
950.43	967.00
950.61	917.00
950.79	898.00
950.98	941.00
951.16	971.00
951.34	975.00
951.52	917.00
951.70	949.00
951.88	928.00
952.06	898.00
952.24	873.00
952.42	966.00
952.61	975.00
952.79	936.00
952.97	933.00
953.15	884.00
953.33	919.00
953.51	923.00
953.69	910.00
953.87	841.00
954.05	784.00
954.24	863.00
954.42	931.00
954.60	925.00
954.78	971.00
954.96	882.00
955.14	950.00
955.32	931.00
955.50	832.00
955.68	834.00
955.86	831.00
956.05	825.00
956.23	842.00
956.41	874.00
956.59	923.00
956.77	913.00
956.95	881.00
957.13	847.00
957.31	971.00
957.49	928.00
957.67	874.00
957.86	832.00
958.04	845.00
958.22	941.00
958.40	900.00
958.58	855.00
958.76	868.00
958.94	857.00
959.12	847.00
959.30	852.00
959.48	866.00
959.66	816.00
959.84	806.00
960.03	809.00
960.21	820.00
960.39	887.00
960.57	906.00
960.75	909.00
960.93	841.00
961.11	874.00
961.29	898.00
961.47	847.00
961.65	817.00
961.83	865.00
962.01	919.00
962.19	891.00
962.37	824.00
962.56	846.00
962.74	797.00
962.92	803.00
963.10	814.00
963.28	860.00
963.46	863.00
963.64	823.00
963.82	854.00
964.00	839.00
964.18	824.00
964.36	819.00
964.54	871.00
964.72	771.00
964.90	814.00
965.08	840.00
965.27	895.00
965.45	806.00
965.63	829.00
965.81	815.00
965.99	822.00
966.17	824.00
966.35	821.00
966.53	841.00
966.71	806.00
966.89	843.00
967.07	816.00
967.25	757.00
967.43	818.00
967.61	819.00
967.79	766.00
967.97	782.00
968.15	813.00
968.33	811.00
968.51	796.00
968.69	805.00
968.87	801.00
969.06	765.00
969.24	714.00
969.42	752.00
969.60	767.00
969.78	756.00
969.96	796.00
970.14	791.00
970.32	694.00
970.50	693.00
970.68	778.00
970.86	802.00
971.04	775.00
971.22	747.00
971.40	743.00
971.58	781.00
971.76	773.00
971.94	752.00
972.12	758.00
972.30	727.00
972.48	750.00
972.66	756.00
972.84	740.00
973.02	793.00
973.20	761.00
973.38	713.00
973.56	746.00
973.74	738.00
973.92	748.00
974.10	748.00
974.28	682.00
974.46	735.00
974.64	727.00
974.82	728.00
975.00	706.00
975.18	699.00
975.36	693.00
975.54	752.00
975.72	720.00
975.90	731.00
976.08	739.00
976.26	690.00
976.44	738.00
976.62	722.00
976.80	753.00
976.98	689.00
977.16	701.00
977.34	635.00
977.52	695.00
977.70	713.00
977.88	683.00
978.06	614.00
978.24	612.00
978.42	693.00
978.60	771.00
978.78	690.00
978.96	641.00
979.14	646.00
979.32	713.00
979.50	690.00
979.68	657.00
979.86	702.00
980.04	669.00
980.22	694.00
980.40	651.00
980.58	705.00
980.76	719.00
980.94	661.00
981.12	603.00
981.30	566.00
981.48	648.00
981.66	642.00
981.84	608.00
982.02	537.00
982.20	599.00
982.38	654.00
982.56	637.00
982.74	578.00
982.92	646.00
983.10	675.00
983.28	655.00
983.46	633.00
983.64	649.00
983.82	691.00
984.00	621.00
984.18	641.00
984.36	621.00
984.54	614.00
984.72	635.00
984.90	620.00
985.08	598.00
985.26	657.00
985.44	683.00
985.62	675.00
985.80	662.00
985.98	695.00
986.16	647.00
986.34	558.00
986.51	610.00
986.69	607.00
986.87	500.00
987.05	548.00
987.23	607.00
987.41	553.00
987.59	566.00
987.77	532.00
987.95	622.00
988.13	624.00
988.31	600.00
988.49	577.00
988.67	626.00
988.85	523.00
989.03	528.00
989.21	584.00
989.39	541.00
989.57	573.00
989.75	567.00
989.93	556.00
990.11	584.00
990.28	564.00
990.46	527.00
990.64	516.00
990.82	514.00
991.00	534.00
991.18	564.00
991.36	519.00
991.54	546.00
991.72	571.00
991.90	581.00
992.08	526.00
992.26	536.00
992.44	521.00
992.62	542.00
992.80	485.00
992.98	607.00
993.15	586.00
993.33	590.00
993.51	563.00
993.69	573.00
993.87	557.00
994.05	485.00
994.23	559.00
994.41	567.00
994.59	548.00
994.77	522.00
994.95	477.00
995.13	484.00
995.31	479.00
995.48	480.00
995.66	531.00
995.84	490.00
996.02	488.00
996.20	525.00
996.38	506.00
996.56	436.00
996.74	495.00
996.92	502.00
997.10	468.00
997.28	479.00
997.46	536.00
997.63	473.00
997.81	479.00
997.99	472.00
998.17	512.00
998.35	522.00
998.53	457.00
998.71	431.00
998.89	526.00
999.07	536.00
999.25	451.00
999.43	447.00
999.60	515.00
999.78	541.00
999.96	516.00
1000.14	444.00
1000.32	468.00
1000.50	580.00
1000.68	550.00
1000.86	488.00
1001.04	444.00
1001.21	462.00
1001.39	446.00
1001.57	435.00
1001.75	398.00
1001.93	364.00
1002.11	407.00
1002.29	445.00
1002.47	519.00
1002.65	497.00
1002.82	448.00
1003.00	441.00
1003.18	462.00
1003.36	477.00
1003.54	435.00
1003.72	412.00
1003.90	499.00
1004.08	469.00
1004.26	447.00
1004.43	480.00
1004.61	526.00
1004.79	504.00
1004.97	372.00
1005.15	476.00
1005.33	418.00
1005.51	469.00
1005.69	520.00
1005.86	458.00
1006.04	416.00
1006.22	397.00
1006.40	461.00
1006.58	440.00
1006.76	445.00
1006.94	468.00
1007.12	437.00
1007.29	449.00
1007.47	450.00
1007.65	518.00
1007.83	454.00
1008.01	412.00
1008.19	409.00
1008.37	449.00
1008.54	413.00
1008.72	415.00
1008.90	456.00
1009.08	518.00
1009.26	370.00
1009.44	365.00
1009.62	344.00
1009.79	428.00
1009.97	385.00
1010.15	369.00
1010.33	365.00
1010.51	384.00
1010.69	394.00
1010.87	383.00
1011.04	351.00
1011.22	430.00
1011.40	410.00
1011.58	407.00
1011.76	403.00
1011.94	362.00
1012.11	287.00
1012.29	375.00
1012.47	395.00
1012.65	388.00
1012.83	379.00
1013.01	415.00
1013.18	383.00
1013.36	371.00
1013.54	394.00
1013.72	410.00
1013.90	400.00
1014.08	403.00
1014.25	413.00
1014.43	379.00
1014.61	377.00
1014.79	386.00
1014.97	373.00
1015.15	296.00
1015.32	351.00
1015.50	430.00
1015.68	375.00
1015.86	340.00
1016.04	336.00
1016.22	414.00
1016.39	447.00
1016.57	365.00
1016.75	378.00
1016.93	434.00
1017.11	437.00
1017.29	414.00
1017.46	367.00
1017.64	359.00
1017.82	375.00
1018.00	403.00
1018.18	369.00
1018.35	371.00
1018.53	402.00
1018.71	379.00
1018.89	346.00
1019.07	285.00
1019.24	365.00
1019.42	361.00
1019.60	367.00
1019.78	375.00
1019.96	414.00
1020.14	443.00
1020.31	391.00
1020.49	345.00
1020.67	356.00
1020.85	383.00
1021.03	424.00
1021.20	428.00
1021.38	363.00
1021.56	342.00
1021.74	283.00
1021.92	238.00
1022.09	302.00
1022.27	352.00
1022.45	329.00
1022.63	368.00
1022.81	321.00
1022.98	387.00
1023.16	348.00
1023.34	323.00
1023.52	322.00
1023.69	318.00
1023.87	337.00
1024.05	382.00
1024.23	420.00
1024.41	405.00
1024.58	271.00
1024.76	322.00
1024.94	349.00
1025.12	336.00
1025.30	358.00
1025.47	398.00
1025.65	363.00
1025.83	379.00
1026.01	388.00
1026.18	359.00
1026.36	341.00
1026.54	346.00
1026.72	369.00
1026.90	364.00
1027.07	384.00
1027.25	360.00
1027.43	313.00
1027.61	314.00
1027.78	312.00
1027.96	272.00
1028.14	342.00
1028.32	396.00
1028.49	311.00
1028.67	254.00
1028.85	266.00
1029.03	303.00
1029.21	320.00
1029.38	339.00
1029.56	383.00
1029.74	339.00
1029.92	350.00
1030.09	304.00
1030.27	310.00
1030.45	286.00
1030.63	264.00
1030.80	287.00
1030.98	310.00
1031.16	363.00
1031.34	383.00
1031.51	342.00
1031.69	288.00
1031.87	343.00
1032.05	268.00
1032.22	292.00
1032.40	341.00
1032.58	288.00
1032.76	242.00
1032.93	306.00
1033.11	286.00
1033.29	251.00
1033.47	268.00
1033.64	295.00
1033.82	269.00
1034.00	279.00
1034.18	285.00
1034.35	272.00
1034.53	296.00
1034.71	257.00
1034.89	304.00
1035.06	329.00
1035.24	316.00
1035.42	320.00
1035.59	315.00
1035.77	352.00
1035.95	318.00
1036.13	348.00
1036.30	282.00
1036.48	224.00
1036.66	250.00
1036.84	297.00
1037.01	354.00
1037.19	299.00
1037.37	286.00
1037.54	219.00
1037.72	272.00
1037.90	287.00
1038.08	294.00
1038.25	267.00
1038.43	241.00
1038.61	244.00
1038.79	208.00
1038.96	203.00
1039.14	253.00
1039.32	272.00
1039.49	268.00
1039.67	264.00
1039.85	294.00
1040.03	309.00
1040.20	322.00
1040.38	266.00
1040.56	254.00
1040.73	263.00
1040.91	306.00
1041.09	241.00
1041.27	285.00
1041.44	265.00
1041.62	201.00
1041.80	271.00
1041.97	225.00
1042.15	153.00
1042.33	216.00
1042.50	202.00
1042.68	201.00
1042.86	260.00
1043.04	225.00
1043.21	232.00
1043.39	193.00
1043.57	233.00
1043.74	250.00
1043.92	287.00
1044.10	282.00
1044.27	252.00
1044.45	233.00
1044.63	201.00
1044.80	224.00
1044.98	253.00
1045.16	196.00
1045.34	259.00
1045.51	258.00
1045.69	260.00
1045.87	244.00
1046.04	182.00
1046.22	209.00
1046.40	227.00
1046.57	172.00
1046.75	208.00
1046.93	219.00
1047.10	227.00
1047.28	203.00
1047.46	252.00
1047.63	310.00
1047.81	264.00
1047.99	215.00
1048.16	210.00
1048.34	242.00
1048.52	299.00
1048.69	248.00
1048.87	246.00
1049.05	207.00
1049.22	199.00
1049.40	249.00
1049.58	296.00
1049.75	239.00
1049.93	264.00
1050.11	235.00
1050.28	263.00
1050.46	246.00
1050.64	209.00
1050.81	174.00
1050.99	187.00
1051.17	239.00
1051.34	207.00
1051.52	211.00
1051.70	225.00
1051.87	235.00
1052.05	224.00
1052.23	234.00
1052.40	210.00
1052.58	210.00
1052.76	236.00
1052.93	234.00
1053.11	179.00
1053.29	177.00
1053.46	243.00
1053.64	160.00
1053.82	185.00
1053.99	243.00
1054.17	164.00
1054.35	174.00
1054.52	236.00
1054.70	227.00
1054.87	219.00
1055.05	170.00
1055.23	139.00
1055.40	178.00
1055.58	212.00
1055.76	264.00
1055.93	221.00
1056.11	229.00
1056.29	251.00
1056.46	142.00
1056.64	186.00
1056.81	240.00
1056.99	153.00
1057.17	203.00
1057.34	167.00
1057.52	191.00
1057.70	186.00
1057.87	182.00
1058.05	184.00
1058.22	189.00
1058.40	257.00
1058.58	255.00
1058.75	263.00
1058.93	274.00
1059.11	254.00
1059.28	259.00
1059.46	222.00
1059.63	171.00
1059.81	209.00
1059.99	199.00
1060.16	235.00
1060.34	181.00
1060.52	239.00
1060.69	187.00
1060.87	245.00
1061.04	249.00
1061.22	211.00
