367.62	43.00
367.82	28.00
368.02	17.00
368.23	19.00
368.43	41.00
368.63	9.00
368.83	30.00
369.04	-7.00
369.24	2.00
369.44	-13.00
369.65	-52.00
369.85	-19.00
370.05	22.00
370.25	45.00
370.46	-9.00
370.66	14.00
370.86	20.00
371.07	-33.00
371.27	-30.00
371.47	37.00
371.67	-7.00
371.88	-30.00
372.08	29.00
372.28	-11.00
372.49	-32.00
372.69	-14.00
372.89	1.00
373.09	-10.00
373.30	-21.00
373.50	18.00
373.70	71.00
373.91	63.00
374.11	75.00
374.31	27.00
374.51	-3.00
374.72	55.00
374.92	10.00
375.12	12.00
375.33	35.00
375.53	-16.00
375.73	-32.00
375.93	-9.00
376.14	54.00
376.34	44.00
376.54	32.00
376.74	22.00
376.95	-42.00
377.15	-3.00
377.35	-28.00
377.55	-6.00
377.76	23.00
377.96	57.00
378.16	15.00
378.37	10.00
378.57	-1.00
378.77	12.00
378.97	28.00
379.18	0.00
379.38	9.00
379.58	-19.00
379.78	-16.00
379.99	46.00
380.19	-8.00
380.39	0.00
380.59	-42.00
380.80	48.00
381.00	51.00
381.20	12.00
381.40	26.00
381.61	13.00
381.81	10.00
382.01	20.00
382.21	18.00
382.42	-11.00
382.62	-19.00
382.82	-45.00
383.02	-26.00
383.23	7.00
383.43	10.00
383.63	-17.00
383.83	1.00
384.04	19.00
384.24	-52.00
384.44	-33.00
384.64	-3.00
384.85	-16.00
385.05	-16.00
385.25	-16.00
385.45	-25.00
385.66	38.00
385.86	6.00
386.06	6.00
386.26	14.00
386.47	14.00
386.67	35.00
386.87	29.00
387.07	3.00
387.27	-55.00
387.48	-29.00
387.68	-22.00
387.88	1.00
388.08	1.00
388.29	36.00
388.49	-39.00
388.69	7.00
388.89	42.00
389.10	20.00
389.30	-8.00
389.50	-1.00
389.70	21.00
389.90	27.00
390.11	38.00
390.31	18.00
390.51	29.00
390.71	-4.00
390.92	-8.00
391.12	49.00
391.32	35.00
391.52	25.00
391.72	-4.00
391.93	20.00
392.13	69.00
392.33	32.00
392.53	2.00
392.74	14.00
392.94	10.00
393.14	50.00
393.34	10.00
393.54	19.00
393.75	51.00
393.95	9.00
394.15	-9.00
394.35	71.00
394.56	43.00
394.76	101.00
394.96	94.00
395.16	42.00
395.36	-18.00
395.57	-52.00
395.77	-11.00
395.97	111.00
396.17	63.00
396.37	49.00
396.58	12.00
396.78	0.00
396.98	22.00
397.18	25.00
397.38	22.00
397.59	-24.00
397.79	-24.00
397.99	19.00
398.19	81.00
398.39	77.00
398.60	34.00
398.80	-26.00
399.00	64.00
399.20	30.00
399.40	-35.00
399.61	81.00
399.81	83.00
400.01	38.00
400.21	55.00
400.41	69.00
400.62	83.00
400.82	168.00
401.02	119.00
401.22	29.00
401.42	13.00
401.63	-7.00
401.83	10.00
402.03	18.00
402.23	21.00
402.43	43.00
402.64	29.00
402.84	1.00
403.04	3.00
403.24	85.00
403.44	19.00
403.64	68.00
403.85	-43.00
404.05	51.00
404.25	65.00
404.45	79.00
404.65	16.00
404.86	58.00
405.06	37.00
405.26	47.00
405.46	38.00
405.66	12.00
405.86	-3.00
406.07	38.00
406.27	79.00
406.47	49.00
406.67	56.00
406.87	-19.00
407.07	1.00
407.28	44.00
407.48	48.00
407.68	46.00
407.88	-4.00
408.08	77.00
408.28	102.00
408.49	112.00
408.69	79.00
408.89	4.00
409.09	5.00
409.29	19.00
409.49	0.00
409.70	9.00
409.90	-12.00
410.10	43.00
410.30	48.00
410.50	60.00
410.70	57.00
410.91	-2.00
411.11	-22.00
411.31	12.00
411.51	34.00
411.71	24.00
411.91	93.00
412.12	89.00
412.32	56.00
412.52	65.00
412.72	20.00
412.92	60.00
413.12	52.00
413.32	6.00
413.53	25.00
413.73	10.00
413.93	24.00
414.13	36.00
414.33	55.00
414.53	93.00
414.74	95.00
414.94	60.00
415.14	92.00
415.34	30.00
415.54	98.00
415.74	119.00
415.94	36.00
416.15	30.00
416.35	83.00
416.55	65.00
416.75	52.00
416.95	98.00
417.15	77.00
417.35	36.00
417.56	63.00
417.76	46.00
417.96	47.00
418.16	70.00
418.36	62.00
418.56	121.00
418.76	91.00
418.97	69.00
419.17	67.00
419.37	91.00
419.57	95.00
419.77	29.00
419.97	34.00
420.17	73.00
420.37	66.00
420.58	92.00
420.78	72.00
420.98	9.00
421.18	130.00
421.38	107.00
421.58	62.00
421.78	28.00
421.98	59.00
422.19	95.00
422.39	27.00
422.59	25.00
422.79	64.00
422.99	100.00
423.19	61.00
423.39	67.00
423.59	56.00
423.80	122.00
424.00	124.00
424.20	146.00
424.40	69.00
424.60	128.00
424.80	135.00
425.00	158.00
425.20	173.00
425.40	195.00
425.61	106.00
425.81	63.00
426.01	93.00
426.21	102.00
426.41	126.00
426.61	123.00
426.81	97.00
427.01	132.00
427.21	111.00
427.42	133.00
427.62	172.00
427.82	159.00
428.02	156.00
428.22	109.00
428.42	121.00
428.62	142.00
428.82	93.00
429.02	116.00
429.23	189.00
429.43	83.00
429.63	119.00
429.83	146.00
430.03	48.00
430.23	126.00
430.43	164.00
430.63	152.00
430.83	175.00
431.03	132.00
431.24	115.00
431.44	150.00
431.64	138.00
431.84	128.00
432.04	204.00
432.24	184.00
432.44	173.00
432.64	113.00
432.84	116.00
433.04	82.00
433.24	134.00
433.45	173.00
433.65	133.00
433.85	172.00
434.05	207.00
434.25	181.00
434.45	89.00
434.65	185.00
434.85	154.00
435.05	148.00
435.25	209.00
435.45	204.00
435.65	225.00
435.86	181.00
436.06	178.00
436.26	135.00
436.46	162.00
436.66	142.00
436.86	117.00
437.06	147.00
437.26	92.00
437.46	137.00
437.66	125.00
437.86	143.00
438.06	189.00
438.26	126.00
438.47	162.00
438.67	152.00
438.87	67.00
439.07	58.00
439.27	115.00
439.47	85.00
439.67	68.00
439.87	158.00
440.07	129.00
440.27	144.00
440.47	234.00
440.67	168.00
440.87	181.00
441.07	148.00
441.27	186.00
441.48	159.00
441.68	134.00
441.88	86.00
442.08	150.00
442.28	161.00
442.48	144.00
442.68	211.00
442.88	209.00
443.08	209.00
443.28	169.00
443.48	156.00
443.68	135.00
443.88	80.00
444.08	130.00
444.28	149.00
444.48	124.00
444.68	52.00
444.88	120.00
445.09	175.00
445.29	121.00
445.49	90.00
445.69	146.00
445.89	168.00
446.09	146.00
446.29	192.00
446.49	197.00
446.69	163.00
446.89	126.00
447.09	205.00
447.29	162.00
447.49	193.00
447.69	192.00
447.89	257.00
448.09	188.00
448.29	187.00
448.49	126.00
448.69	138.00
448.89	176.00
449.09	182.00
449.29	225.00
449.49	223.00
449.70	161.00
449.90	150.00
450.10	171.00
450.30	179.00
450.50	204.00
450.70	194.00
450.90	211.00
451.10	195.00
451.30	186.00
451.50	238.00
451.70	255.00
451.90	245.00
452.10	275.00
452.30	265.00
452.50	219.00
452.70	189.00
452.90	251.00
453.10	246.00
453.30	233.00
453.50	148.00
453.70	147.00
453.90	161.00
454.10	231.00
454.30	249.00
454.50	226.00
454.70	152.00
454.90	218.00
455.10	209.00
455.30	262.00
455.50	231.00
455.70	232.00
455.90	291.00
456.10	280.00
456.30	251.00
456.50	251.00
456.70	224.00
456.90	246.00
457.10	206.00
457.30	164.00
457.50	259.00
457.70	248.00
457.90	271.00
458.10	307.00
458.30	230.00
458.50	247.00
458.70	212.00
458.90	313.00
459.10	193.00
459.30	193.00
459.50	245.00
459.70	278.00
459.90	259.00
460.10	309.00
460.30	311.00
460.50	275.00
460.70	327.00
460.90	330.00
461.10	368.00
461.30	349.00
461.50	309.00
461.70	228.00
461.90	249.00
462.10	330.00
462.30	325.00
462.50	316.00
462.70	302.00
462.90	284.00
463.10	265.00
463.30	277.00
463.50	252.00
463.70	267.00
463.90	264.00
464.10	283.00
464.30	330.00
464.50	266.00
464.70	273.00
464.90	258.00
465.10	228.00
465.30	303.00
465.50	325.00
465.70	294.00
465.90	325.00
466.10	280.00
466.30	322.00
466.50	215.00
466.70	309.00
466.90	273.00
467.10	260.00
467.30	297.00
467.50	293.00
467.70	245.00
467.90	268.00
468.10	324.00
468.30	285.00
468.50	317.00
468.70	305.00
468.90	250.00
469.10	284.00
469.30	260.00
469.50	262.00
469.70	288.00
469.90	249.00
470.10	238.00
470.30	254.00
470.50	283.00
470.70	272.00
470.90	308.00
471.10	367.00
471.29	269.00
471.49	249.00
471.69	320.00
471.89	278.00
472.09	283.00
472.29	311.00
472.49	267.00
472.69	254.00
472.89	279.00
473.09	279.00
473.29	233.00
473.49	243.00
473.69	299.00
473.89	272.00
474.09	244.00
474.29	223.00
474.49	300.00
474.69	266.00
474.89	226.00
475.09	270.00
475.29	302.00
475.49	304.00
475.69	327.00
475.88	359.00
476.08	331.00
476.28	321.00
476.48	320.00
476.68	347.00
476.88	367.00
477.08	271.00
477.28	262.00
477.48	318.00
477.68	285.00
477.88	240.00
478.08	304.00
478.28	295.00
478.48	247.00
478.68	340.00
478.88	376.00
479.08	226.00
479.28	313.00
479.47	274.00
479.67	296.00
479.87	290.00
480.07	229.00
480.27	239.00
480.47	319.00
480.67	334.00
480.87	377.00
481.07	328.00
481.27	280.00
481.47	325.00
481.67	307.00
481.87	323.00
482.07	316.00
482.27	366.00
482.46	358.00
482.66	326.00
482.86	271.00
483.06	292.00
483.26	279.00
483.46	375.00
483.66	405.00
483.86	314.00
484.06	306.00
484.26	391.00
484.46	385.00
484.66	363.00
484.86	377.00
485.05	343.00
485.25	386.00
485.45	371.00
485.65	350.00
485.85	434.00
486.05	479.00
486.25	517.00
486.45	403.00
486.65	391.00
486.85	443.00
487.05	418.00
487.25	427.00
487.44	342.00
487.64	421.00
487.84	434.00
488.04	401.00
488.24	343.00
488.44	439.00
488.64	446.00
488.84	501.00
489.04	447.00
489.24	492.00
489.43	496.00
489.63	453.00
489.83	438.00
490.03	395.00
490.23	480.00
490.43	466.00
490.63	477.00
490.83	467.00
491.03	502.00
491.23	482.00
491.42	479.00
491.62	440.00
491.82	455.00
492.02	445.00
492.22	451.00
492.42	489.00
492.62	512.00
492.82	495.00
493.02	515.00
493.22	552.00
493.41	542.00
493.61	534.00
493.81	491.00
494.01	456.00
494.21	486.00
494.41	505.00
494.61	571.00
494.81	520.00
495.01	552.00
495.20	489.00
495.40	492.00
495.60	507.00
495.80	548.00
496.00	610.00
496.20	585.00
496.40	564.00
496.60	507.00
496.79	506.00
496.99	519.00
497.19	486.00
497.39	556.00
497.59	516.00
497.79	575.00
497.99	619.00
498.19	577.00
498.38	510.00
498.58	536.00
498.78	644.00
498.98	617.00
499.18	578.00
499.38	575.00
499.58	588.00
499.78	576.00
499.97	593.00
500.17	625.00
500.37	562.00
500.57	542.00
500.77	624.00
500.97	639.00
501.17	603.00
501.37	661.00
501.56	623.00
501.76	574.00
501.96	623.00
502.16	611.00
502.36	557.00
502.56	545.00
502.76	597.00
502.95	579.00
503.15	559.00
503.35	591.00
503.55	550.00
503.75	609.00
503.95	555.00
504.15	526.00
504.34	526.00
504.54	555.00
504.74	650.00
504.94	599.00
505.14	631.00
505.34	559.00
505.54	521.00
505.73	559.00
505.93	560.00
506.13	535.00
506.33	560.00
506.53	556.00
506.73	557.00
506.92	614.00
507.12	612.00
507.32	548.00
507.52	556.00
507.72	506.00
507.92	581.00
508.12	580.00
508.31	598.00
508.51	616.00
508.71	575.00
508.91	632.00
509.11	620.00
509.31	617.00
509.50	616.00
509.70	497.00
509.90	532.00
510.10	536.00
510.30	515.00
510.50	540.00
510.69	641.00
510.89	576.00
511.09	580.00
511.29	530.00
511.49	584.00
511.69	575.00
511.88	590.00
512.08	530.00
512.28	603.00
512.48	580.00
512.68	584.00
512.88	547.00
513.07	505.00
513.27	610.00
513.47	584.00
513.67	560.00
513.87	572.00
514.06	563.00
514.26	583.00
514.46	560.00
514.66	454.00
514.86	524.00
515.06	633.00
515.25	615.00
515.45	580.00
515.65	453.00
515.85	612.00
516.05	601.00
516.24	552.00
516.44	570.00
516.64	564.00
516.84	602.00
517.04	506.00
517.23	600.00
517.43	609.00
517.63	626.00
517.83	647.00
518.03	567.00
518.23	558.00
518.42	635.00
518.62	605.00
518.82	624.00
519.02	573.00
519.22	655.00
519.41	581.00
519.61	585.00
519.81	532.00
520.01	562.00
520.21	605.00
520.40	677.00
520.60	629.00
520.80	614.00
521.00	553.00
521.20	562.00
521.39	616.00
521.59	620.00
521.79	745.00
521.99	724.00
522.19	663.00
522.38	640.00
522.58	648.00
522.78	678.00
522.98	684.00
523.17	694.00
523.37	594.00
523.57	656.00
523.77	737.00
523.97	726.00
524.16	735.00
524.36	805.00
524.56	850.00
524.76	781.00
524.96	657.00
525.15	761.00
525.35	732.00
525.55	725.00
525.75	754.00
525.94	741.00
526.14	773.00
526.34	752.00
526.54	651.00
526.74	707.00
526.93	696.00
527.13	807.00
527.33	776.00
527.53	762.00
527.72	760.00
527.92	804.00
528.12	713.00
528.32	792.00
528.52	857.00
528.71	830.00
528.91	844.00
529.11	842.00
529.31	842.00
529.50	825.00
529.70	853.00
529.90	916.00
530.10	837.00
530.29	837.00
530.49	912.00
530.69	846.00
530.89	820.00
531.09	862.00
531.28	856.00
531.48	954.00
531.68	911.00
531.88	874.00
532.07	921.00
532.27	936.00
532.47	907.00
532.67	988.00
532.86	953.00
533.06	997.00
533.26	988.00
533.46	1015.00
533.65	968.00
533.85	1025.00
534.05	979.00
534.25	954.00
534.44	992.00
534.64	968.00
534.84	972.00
535.04	989.00
535.23	1023.00
535.43	1050.00
535.63	1058.00
535.83	1070.00
536.02	1061.00
536.22	1094.00
536.42	1049.00
536.62	1131.00
536.81	1167.00
537.01	1049.00
537.21	1129.00
537.41	1144.00
537.60	1096.00
537.80	1130.00
538.00	1029.00
538.20	1159.00
538.39	1166.00
538.59	1198.00
538.79	1121.00
538.99	1159.00
539.18	1230.00
539.38	1237.00
539.58	1411.00
539.77	1326.00
539.97	1403.00
540.17	1465.00
540.37	1519.00
540.56	1484.00
540.76	1527.00
540.96	1562.00
541.16	1509.00
541.35	1546.00
541.55	1578.00
541.75	1657.00
541.94	1675.00
542.14	1635.00
542.34	1551.00
542.54	1605.00
542.73	1584.00
542.93	1573.00
543.13	1444.00
543.33	1535.00
543.52	1552.00
543.72	1622.00
543.92	1566.00
544.11	1684.00
544.31	1686.00
544.51	1674.00
544.71	1657.00
544.90	1683.00
545.10	1656.00
545.30	1709.00
545.49	1657.00
545.69	1667.00
545.89	1736.00
546.09	1814.00
546.28	1823.00
546.48	1769.00
546.68	1586.00
546.87	1578.00
547.07	1521.00
547.27	1418.00
547.47	1435.00
547.66	1409.00
547.86	1389.00
548.06	1454.00
548.25	1415.00
548.45	1400.00
548.65	1308.00
548.84	1316.00
549.04	1335.00
549.24	1337.00
549.44	1322.00
549.63	1336.00
549.83	1350.00
550.03	1265.00
550.22	1285.00
550.42	1281.00
550.62	1212.00
550.81	1329.00
551.01	1188.00
551.21	1141.00
551.41	1218.00
551.60	1180.00
551.80	1261.00
552.00	1168.00
552.19	1175.00
552.39	1153.00
552.59	1214.00
552.78	1211.00
552.98	1238.00
553.18	1249.00
553.37	1129.00
553.57	1163.00
553.77	1214.00
553.96	1199.00
554.16	1287.00
554.36	1229.00
554.56	1177.00
554.75	1131.00
554.95	1137.00
555.15	1072.00
555.34	1095.00
555.54	1105.00
555.74	1129.00
555.93	1116.00
556.13	1192.00
556.33	1194.00
556.52	1175.00
556.72	1116.00
556.92	1170.00
557.11	1130.00
557.31	1093.00
557.51	1151.00
557.70	1118.00
557.90	1107.00
558.10	1039.00
558.29	1032.00
558.49	1018.00
558.69	1015.00
558.88	1012.00
559.08	1042.00
559.28	1062.00
559.47	985.00
559.67	1042.00
559.87	1098.00
560.06	1077.00
560.26	1041.00
560.46	1005.00
560.65	957.00
560.85	985.00
561.05	1000.00
561.24	1032.00
561.44	1087.00
561.64	1041.00
561.83	1041.00
562.03	1136.00
562.23	1072.00
562.42	1064.00
562.62	1106.00
562.82	1107.00
563.01	1104.00
563.21	1108.00
563.40	1108.00
563.60	1075.00
563.80	1043.00
563.99	1056.00
564.19	1048.00
564.39	1126.00
564.58	1173.00
564.78	1045.00
564.98	1034.00
565.17	1014.00
565.37	1085.00
565.57	1075.00
565.76	1114.00
565.96	1089.00
566.16	1079.00
566.35	1097.00
566.55	1139.00
566.74	1157.00
566.94	1062.00
567.14	1141.00
567.33	1200.00
567.53	1294.00
567.73	1175.00
567.92	1199.00
568.12	1071.00
568.32	1184.00
568.51	1127.00
568.71	1155.00
568.90	1257.00
569.10	1205.00
569.30	1184.00
569.49	1285.00
569.69	1250.00
569.89	1259.00
570.08	1236.00
570.28	1234.00
570.47	1204.00
570.67	1203.00
570.87	1212.00
571.06	1160.00
571.26	1251.00
571.46	1262.00
571.65	1281.00
571.85	1204.00
572.04	1292.00
572.24	1315.00
572.44	1343.00
572.63	1335.00
572.83	1240.00
573.03	1286.00
573.22	1281.00
573.42	1286.00
573.61	1311.00
573.81	1426.00
574.01	1397.00
574.20	1311.00
574.40	1351.00
574.59	1368.00
574.79	1403.00
574.99	1409.00
575.18	1442.00
575.38	1456.00
575.58	1396.00
575.77	1350.00
575.97	1467.00
576.16	1437.00
576.36	1498.00
576.56	1416.00
576.75	1509.00
576.95	1613.00
577.14	1607.00
577.34	1535.00
577.54	1504.00
577.73	1662.00
577.93	1635.00
578.12	1637.00
578.32	1655.00
578.52	1576.00
578.71	1583.00
578.91	1621.00
579.10	1716.00
579.30	1634.00
579.50	1754.00
579.69	1717.00
579.89	1689.00
580.08	1668.00
580.28	1685.00
580.48	1785.00
580.67	1756.00
580.87	1765.00
581.06	1714.00
581.26	1809.00
581.45	1841.00
581.65	1774.00
581.85	1907.00
582.04	1909.00
582.24	1860.00
582.43	1847.00
582.63	1849.00
582.83	1955.00
583.02	1982.00
583.22	1982.00
583.41	1960.00
583.61	1973.00
583.80	2059.00
584.00	2009.00
584.20	2079.00
584.39	2006.00
584.59	2078.00
584.78	2060.00
584.98	2088.00
585.17	2088.00
585.37	2009.00
585.57	2053.00
585.76	2168.00
585.96	2148.00
586.15	2086.00
586.35	2126.00
586.54	2194.00
586.74	2198.00
586.94	2254.00
587.13	2271.00
587.33	2265.00
587.52	2279.00
587.72	2315.00
587.91	2291.00
588.11	2277.00
588.31	2265.00
588.50	2292.00
588.70	2339.00
588.89	2445.00
589.09	2347.00
589.28	2266.00
589.48	2322.00
589.68	2241.00
589.87	2343.00
590.07	2424.00
590.26	2327.00
590.46	2323.00
590.65	2306.00
590.85	2462.00
591.04	2480.00
591.24	2436.00
591.44	2473.00
591.63	2469.00
591.83	2435.00
592.02	2468.00
592.22	2540.00
592.41	2618.00
592.61	2642.00
592.80	2661.00
593.00	2556.00
593.19	2546.00
593.39	2605.00
593.59	2597.00
593.78	2557.00
593.98	2624.00
594.17	2645.00
594.37	2558.00
594.56	2548.00
594.76	2554.00
594.95	2618.00
595.15	2731.00
595.34	2645.00
595.54	2634.00
595.73	2725.00
595.93	2719.00
596.13	2687.00
596.32	2665.00
596.52	2635.00
596.71	2661.00
596.91	2650.00
597.10	2711.00
597.30	2790.00
597.49	2772.00
597.69	2718.00
597.88	2783.00
598.08	2797.00
598.27	2847.00
598.47	2862.00
598.66	2837.00
598.86	2808.00
599.06	2753.00
599.25	2764.00
599.45	2777.00
599.64	2717.00
599.84	2744.00
600.03	2784.00
600.23	2802.00
600.42	2763.00
600.62	2722.00
600.81	2760.00
601.01	2834.00
601.20	2703.00
601.40	2754.00
601.59	2661.00
601.79	2654.00
601.98	2623.00
602.18	2507.00
602.37	2591.00
602.57	2655.00
602.76	2599.00
602.96	2608.00
603.15	2671.00
603.35	2593.00
603.54	2621.00
603.74	2665.00
603.93	2692.00
604.13	2584.00
604.32	2495.00
604.52	2491.00
604.71	2547.00
604.91	2618.00
605.10	2566.00
605.30	2493.00
605.49	2571.00
605.69	2570.00
605.88	2587.00
606.08	2535.00
606.27	2595.00
606.47	2616.00
606.66	2555.00
606.86	2622.00
607.05	2568.00
607.25	2547.00
607.44	2446.00
607.64	2500.00
607.83	2581.00
608.03	2586.00
608.22	2681.00
608.42	2629.00
608.61	2604.00
608.81	2639.00
609.00	2635.00
609.20	2657.00
609.39	2765.00
609.59	2778.00
609.78	2833.00
609.98	2960.00
610.17	3142.00
610.37	3340.00
610.56	3295.00
610.76	3321.00
610.95	3460.00
611.15	3511.00
611.34	3624.00
611.54	3650.00
611.73	3524.00
611.93	3316.00
612.12	3160.00
612.32	3012.00
612.51	2907.00
612.71	2772.00
612.90	2722.00
613.09	2748.00
613.29	2638.00
613.48	2703.00
613.68	2694.00
613.87	2733.00
614.07	2678.00
614.26	2567.00
614.46	2576.00
614.65	2585.00
614.85	2565.00
615.04	2511.00
615.24	2484.00
615.43	2492.00
615.63	2587.00
615.82	2510.00
616.02	2479.00
616.21	2424.00
616.40	2482.00
616.60	2448.00
616.79	2357.00
616.99	2392.00
617.18	2458.00
617.38	2369.00
617.57	2346.00
617.77	2375.00
617.96	2406.00
618.16	2379.00
618.35	2339.00
618.54	2389.00
618.74	2397.00
618.93	2409.00
619.13	2376.00
619.32	2403.00
619.52	2445.00
619.71	2453.00
619.91	2386.00
620.10	2386.00
620.30	2327.00
620.49	2351.00
620.68	2412.00
620.88	2453.00
621.07	2501.00
621.27	2478.00
621.46	2442.00
621.66	2408.00
621.85	2282.00
622.05	2409.00
622.24	2433.00
622.43	2437.00
622.63	2404.00
622.82	2421.00
623.02	2426.00
623.21	2482.00
623.41	2475.00
623.60	2468.00
623.80	2566.00
623.99	2587.00
624.18	2531.00
624.38	2565.00
624.57	2592.00
624.77	2679.00
624.96	2538.00
625.16	2524.00
625.35	2630.00
625.54	2586.00
625.74	2649.00
625.93	2641.00
626.13	2676.00
626.32	2673.00
626.52	2629.00
626.71	2653.00
626.90	2725.00
627.10	2684.00
627.29	2679.00
627.49	2618.00
627.68	2686.00
627.88	2754.00
628.07	2752.00
628.26	2750.00
628.46	2677.00
628.65	2725.00
628.85	2673.00
629.04	2738.00
629.23	2747.00
629.43	2768.00
629.62	2765.00
629.82	2784.00
630.01	2803.00
630.21	2875.00
630.40	2866.00
630.59	2852.00
630.79	2894.00
630.98	2993.00
631.18	2906.00
631.37	3017.00
631.56	3008.00
631.76	2923.00
631.95	2998.00
632.15	2955.00
632.34	2966.00
632.53	2948.00
632.73	2993.00
632.92	2951.00
633.12	2969.00
633.31	2997.00
633.50	2876.00
633.70	2841.00
633.89	2989.00
634.09	2983.00
634.28	2971.00
634.47	2980.00
634.67	3042.00
634.86	3099.00
635.06	3107.00
635.25	3099.00
635.44	3050.00
635.64	3073.00
635.83	3055.00
636.03	3103.00
636.22	3139.00
636.41	3073.00
636.61	3075.00
636.80	3118.00
637.00	3096.00
637.19	3179.00
637.38	3175.00
637.58	3112.00
637.77	3093.00
637.96	3318.00
638.16	3308.00
638.35	3405.00
638.55	3438.00
638.74	3411.00
638.93	3217.00
639.13	3372.00
639.32	3385.00
639.51	3405.00
639.71	3383.00
639.90	3296.00
640.10	3362.00
640.29	3391.00
640.48	3508.00
640.68	3438.00
640.87	3516.00
641.07	3499.00
641.26	3523.00
641.45	3508.00
641.65	3611.00
641.84	3648.00
642.03	3550.00
642.23	3635.00
642.42	3624.00
642.61	3600.00
642.81	3568.00
643.00	3623.00
643.20	3598.00
643.39	3670.00
643.58	3692.00
643.78	3708.00
643.97	3671.00
644.16	3667.00
644.36	3809.00
644.55	3786.00
644.74	3740.00
644.94	3768.00
645.13	3847.00
645.33	3905.00
645.52	3881.00
645.71	3756.00
645.91	3796.00
646.10	3865.00
646.29	3922.00
646.49	3828.00
646.68	3864.00
646.87	3810.00
647.07	3761.00
647.26	3903.00
647.45	3858.00
647.65	3938.00
647.84	3953.00
648.03	3846.00
648.23	3945.00
648.42	3949.00
648.62	3901.00
648.81	3931.00
649.00	3979.00
649.20	3947.00
649.39	3995.00
649.58	4025.00
649.78	3907.00
649.97	3959.00
650.16	4017.00
650.36	4034.00
650.55	3934.00
650.74	4028.00
650.94	4067.00
651.13	4072.00
651.32	4049.00
651.52	4153.00
651.71	4176.00
651.90	4025.00
652.10	4032.00
652.29	4048.00
652.48	4077.00
652.68	4100.00
652.87	3997.00
653.06	3968.00
653.26	4004.00
653.45	4020.00
653.64	3866.00
653.84	3990.00
654.03	4162.00
654.22	4050.00
654.42	3964.00
654.61	4055.00
654.80	4081.00
654.99	4201.00
655.19	4159.00
655.38	4154.00
655.57	4165.00
655.77	4136.00
655.96	4040.00
656.15	4022.00
656.35	4123.00
656.54	4128.00
656.73	4118.00
656.93	4140.00
657.12	4053.00
657.31	3971.00
657.51	3976.00
657.70	4047.00
657.89	4102.00
658.09	4054.00
658.28	4146.00
658.47	4020.00
658.66	3990.00
658.86	4131.00
659.05	4005.00
659.24	4137.00
659.44	4226.00
659.63	4075.00
659.82	4004.00
660.02	4065.00
660.21	4062.00
660.40	3993.00
660.60	4001.00
660.79	4172.00
660.98	4116.00
661.17	3969.00
661.37	4055.00
661.56	3999.00
661.75	4044.00
661.95	3908.00
662.14	3961.00
662.33	4006.00
662.52	4041.00
662.72	4118.00
662.91	4112.00
663.10	4085.00
663.30	4049.00
663.49	4059.00
663.68	4003.00
663.88	3924.00
664.07	3961.00
664.26	4001.00
664.45	3911.00
664.65	4001.00
664.84	3858.00
665.03	3830.00
665.23	3973.00
665.42	3892.00
665.61	3895.00
665.80	3907.00
666.00	3805.00
666.19	3821.00
666.38	3824.00
666.57	3902.00
666.77	3987.00
666.96	3859.00
667.15	3886.00
667.35	3816.00
667.54	3671.00
667.73	3797.00
667.92	3812.00
668.12	3855.00
668.31	3790.00
668.50	3668.00
668.70	3705.00
668.89	3710.00
669.08	3737.00
669.27	3707.00
669.47	3644.00
669.66	3694.00
669.85	3695.00
670.04	3752.00
670.24	3813.00
670.43	3704.00
670.62	3669.00
670.81	3703.00
671.01	3790.00
671.20	3717.00
671.39	3780.00
671.58	3543.00
671.78	3536.00
671.97	3569.00
672.16	3568.00
672.36	3626.00
672.55	3691.00
672.74	3624.00
672.93	3626.00
673.13	3648.00
673.32	3695.00
673.51	3558.00
673.70	3494.00
673.90	3545.00
674.09	3516.00
674.28	3528.00
674.47	3589.00
674.67	3685.00
674.86	3623.00
675.05	3626.00
675.24	3650.00
675.44	3634.00
675.63	3613.00
675.82	3517.00
676.01	3493.00
676.21	3495.00
676.40	3489.00
676.59	3482.00
676.78	3448.00
676.97	3400.00
677.17	3432.00
677.36	3513.00
677.55	3495.00
677.74	3492.00
677.94	3466.00
678.13	3554.00
678.32	3506.00
678.51	3434.00
678.71	3434.00
678.90	3405.00
679.09	3453.00
679.28	3415.00
679.48	3549.00
679.67	3575.00
679.86	3451.00
680.05	3377.00
680.24	3333.00
680.44	3484.00
680.63	3366.00
680.82	3345.00
681.01	3297.00
681.21	3379.00
681.40	3382.00
681.59	3415.00
681.78	3269.00
681.97	3352.00
682.17	3367.00
682.36	3397.00
682.55	3450.00
682.74	3524.00
682.94	3432.00
683.13	3363.00
683.32	3387.00
683.51	3375.00
683.70	3386.00
683.90	3422.00
684.09	3376.00
684.28	3298.00
684.47	3290.00
684.66	3301.00
684.86	3401.00
685.05	3404.00
685.24	3367.00
685.43	3307.00
685.63	3303.00
685.82	3208.00
686.01	3362.00
686.20	3318.00
686.39	3410.00
686.59	3326.00
686.78	3294.00
686.97	3323.00
687.16	3395.00
687.35	3293.00
687.55	3335.00
687.74	3357.00
687.93	3367.00
688.12	3465.00
688.31	3467.00
688.51	3400.00
688.70	3464.00
688.89	3409.00
689.08	3389.00
689.27	3318.00
689.47	3326.00
689.66	3332.00
689.85	3359.00
690.04	3329.00
690.23	3309.00
690.42	3243.00
690.62	3234.00
690.81	3288.00
691.00	3264.00
691.19	3367.00
691.38	3331.00
691.58	3397.00
691.77	3438.00
691.96	3382.00
692.15	3396.00
692.34	3370.00
692.54	3352.00
692.73	3383.00
692.92	3385.00
693.11	3438.00
693.30	3373.00
693.49	3410.00
693.69	3363.00
693.88	3427.00
694.07	3377.00
694.26	3331.00
694.45	3311.00
694.64	3306.00
694.84	3175.00
695.03	3211.00
695.22	3171.00
695.41	3257.00
695.60	3257.00
695.80	3329.00
695.99	3299.00
696.18	3321.00
696.37	3283.00
696.56	3344.00
696.75	3470.00
696.95	3353.00
697.14	3351.00
697.33	3378.00
697.52	3336.00
697.71	3399.00
697.90	3465.00
698.09	3528.00
698.29	3439.00
698.48	3442.00
698.67	3428.00
698.86	3309.00
699.05	3424.00
699.24	3512.00
699.44	3475.00
699.63	3424.00
699.82	3326.00
700.01	3438.00
700.20	3516.00
700.39	3506.00
700.58	3412.00
700.78	3537.00
700.97	3561.00
701.16	3542.00
701.35	3417.00
701.54	3456.00
701.73	3535.00
701.93	3604.00
702.12	3529.00
702.31	3524.00
702.50	3608.00
702.69	3681.00
702.88	3688.00
703.07	3556.00
703.27	3670.00
703.46	3724.00
703.65	3668.00
703.84	3632.00
704.03	3618.00
704.22	3521.00
704.41	3608.00
704.60	3732.00
704.80	3694.00
704.99	3675.00
705.18	3625.00
705.37	3618.00
705.56	3674.00
705.75	3717.00
705.94	3801.00
706.14	3789.00
706.33	3801.00
706.52	3831.00
706.71	3912.00
706.90	3940.00
707.09	3796.00
707.28	3940.00
707.47	3969.00
707.67	3972.00
707.86	3992.00
708.05	4002.00
708.24	3962.00
708.43	4079.00
708.62	4136.00
708.81	4078.00
709.00	4101.00
709.20	3995.00
709.39	4035.00
709.58	4036.00
709.77	4159.00
709.96	4098.00
710.15	4129.00
710.34	4105.00
710.53	4088.00
710.72	4022.00
710.92	3973.00
711.11	3977.00
711.30	3973.00
711.49	4036.00
711.68	4077.00
711.87	4108.00
712.06	4144.00
712.25	4135.00
712.44	4110.00
712.64	4199.00
712.83	4090.00
713.02	4120.00
713.21	4142.00
713.40	4253.00
713.59	4207.00
713.78	4213.00
713.97	4162.00
714.16	4163.00
714.35	4185.00
714.55	4242.00
714.74	4202.00
714.93	4183.00
715.12	4210.00
715.31	4265.00
715.50	4239.00
715.69	4243.00
715.88	4202.00
716.07	4201.00
716.26	4264.00
716.45	4314.00
716.65	4318.00
716.84	4313.00
717.03	4331.00
717.22	4294.00
717.41	4305.00
717.60	4341.00
717.79	4321.00
717.98	4235.00
718.17	4217.00
718.36	4340.00
718.55	4298.00
718.75	4428.00
718.94	4523.00
719.13	4450.00
719.32	4372.00
719.51	4465.00
719.70	4492.00
719.89	4387.00
720.08	4337.00
720.27	4486.00
720.46	4451.00
720.65	4396.00
720.84	4393.00
721.03	4437.00
721.22	4365.00
721.42	4372.00
721.61	4374.00
721.80	4398.00
721.99	4503.00
722.18	4330.00
722.37	4372.00
722.56	4445.00
722.75	4519.00
722.94	4395.00
723.13	4223.00
723.32	4316.00
723.51	4416.00
723.70	4428.00
723.89	4426.00
724.08	4505.00
724.28	4348.00
724.47	4462.00
724.66	4462.00
724.85	4407.00
725.04	4363.00
725.23	4558.00
725.42	4451.00
725.61	4543.00
725.80	4453.00
725.99	4491.00
726.18	4445.00
726.37	4440.00
726.56	4482.00
726.75	4538.00
726.94	4461.00
727.13	4367.00
727.32	4490.00
727.51	4549.00
727.71	4487.00
727.90	4445.00
728.09	4458.00
728.28	4361.00
728.47	4432.00
728.66	4448.00
728.85	4397.00
729.04	4291.00
729.23	4317.00
729.42	4396.00
729.61	4442.00
729.80	4438.00
729.99	4327.00
730.18	4362.00
730.37	4514.00
730.56	4447.00
730.75	4421.00
730.94	4319.00
731.13	4487.00
731.32	4485.00
731.51	4536.00
731.70	4450.00
731.89	4468.00
732.08	4475.00
732.27	4577.00
732.46	4590.00
732.65	4487.00
732.84	4574.00
733.04	4586.00
733.23	4545.00
733.42	4501.00
733.61	4327.00
733.80	4411.00
733.99	4389.00
734.18	4321.00
734.37	4232.00
734.56	4268.00
734.75	4242.00
734.94	4241.00
735.13	4309.00
735.32	4318.00
735.51	4210.00
735.70	4235.00
735.89	4271.00
736.08	4241.00
736.27	4387.00
736.46	4249.00
736.65	4138.00
736.84	4182.00
737.03	4189.00
737.22	4388.00
737.41	4208.00
737.60	4301.00
737.79	4371.00
737.98	4338.00
738.17	4258.00
738.36	4254.00
738.55	4263.00
738.74	4247.00
738.93	4205.00
739.12	4185.00
739.31	4131.00
739.50	4184.00
739.69	4249.00
739.88	4186.00
740.07	4123.00
740.26	4185.00
740.45	4212.00
740.64	4204.00
740.83	4167.00
741.02	4091.00
741.21	4052.00
741.40	4066.00
741.59	4090.00
741.78	4022.00
741.97	4061.00
742.16	3938.00
742.35	4029.00
742.54	4045.00
742.73	4017.00
742.92	3995.00
743.11	3887.00
743.30	3898.00
743.49	3984.00
743.68	3917.00
743.87	3898.00
744.06	3893.00
744.25	3887.00
744.44	3824.00
744.63	3718.00
744.82	3881.00
745.01	3944.00
745.20	3963.00
745.39	3972.00
745.58	3895.00
745.77	3853.00
745.96	3898.00
746.15	3953.00
746.34	3864.00
746.52	3833.00
746.71	3818.00
746.90	3881.00
747.09	3904.00
747.28	3826.00
747.47	3847.00
747.66	3839.00
747.85	3766.00
748.04	3728.00
748.23	3733.00
748.42	3770.00
748.61	3770.00
748.80	3639.00
748.99	3584.00
749.18	3604.00
749.37	3653.00
749.56	3699.00
749.75	3625.00
749.94	3578.00
750.13	3582.00
750.32	3530.00
750.51	3443.00
750.70	3493.00
750.89	3545.00
751.08	3527.00
751.27	3707.00
751.46	3548.00
751.64	3524.00
751.83	3549.00
752.02	3548.00
752.21	3505.00
752.40	3532.00
752.59	3604.00
752.78	3510.00
752.97	3554.00
753.16	3598.00
753.35	3526.00
753.54	3458.00
753.73	3405.00
753.92	3443.00
754.11	3575.00
754.30	3461.00
754.49	3431.00
754.68	3465.00
754.87	3395.00
755.06	3455.00
755.24	3468.00
755.43	3434.00
755.62	3487.00
755.81	3449.00
756.00	3362.00
756.19	3412.00
756.38	3347.00
756.57	3335.00
756.76	3324.00
756.95	3323.00
757.14	3354.00
757.33	3358.00
757.52	3388.00
757.71	3236.00
757.90	3297.00
758.08	3229.00
758.27	3189.00
758.46	3326.00
758.65	3318.00
758.84	3288.00
759.03	3226.00
759.22	3224.00
759.41	3189.00
759.60	3281.00
759.79	3370.00
759.98	3413.00
760.17	3276.00
760.36	3145.00
760.54	3216.00
760.73	3289.00
760.92	3252.00
761.11	3154.00
761.30	3143.00
761.49	3150.00
761.68	3091.00
761.87	3014.00
762.06	3045.00
762.25	2953.00
762.44	2701.00
762.63	2845.00
762.81	2905.00
763.00	2855.00
763.19	2788.00
763.38	2694.00
763.57	2835.00
763.76	2739.00
763.95	2718.00
764.14	2682.00
764.33	2725.00
764.52	2713.00
764.71	2647.00
764.89	2765.00
765.08	2747.00
765.27	2734.00
765.46	2688.00
765.65	2674.00
765.84	2695.00
766.03	2811.00
766.22	2825.00
766.41	2694.00
766.59	2745.00
766.78	2824.00
766.97	2966.00
767.16	3020.00
767.35	2971.00
767.54	3033.00
767.73	3042.00
767.92	2953.00
768.11	2980.00
768.30	2983.00
768.48	3042.00
768.67	3045.00
768.86	3151.00
769.05	3158.00
769.24	3110.00
769.43	3029.00
769.62	3143.00
769.81	3157.00
769.99	3085.00
770.18	3049.00
770.37	3071.00
770.56	3005.00
770.75	2966.00
770.94	3149.00
771.13	3052.00
771.32	3051.00
771.50	3059.00
771.69	3089.00
771.88	3014.00
772.07	2996.00
772.26	3089.00
772.45	3075.00
772.64	3043.00
772.83	3133.00
773.01	3110.00
773.20	3100.00
773.39	3159.00
773.58	3148.00
773.77	3031.00
773.96	3095.00
774.15	2988.00
774.34	3030.00
774.52	3090.00
774.71	3044.00
774.90	2991.00
775.09	2990.00
775.28	2987.00
775.47	3041.00
775.66	3098.00
775.84	3067.00
776.03	2945.00
776.22	2949.00
776.41	2870.00
776.60	3025.00
776.79	2953.00
776.98	2954.00
777.16	2987.00
777.35	2913.00
777.54	2882.00
777.73	2846.00
777.92	2881.00
778.11	2886.00
778.29	2924.00
778.48	2937.00
778.67	2949.00
778.86	3020.00
779.05	2961.00
779.24	2892.00
779.43	2959.00
779.61	3006.00
779.80	2988.00
779.99	2920.00
780.18	2912.00
780.37	2903.00
780.56	2979.00
780.74	2988.00
780.93	3026.00
781.12	3036.00
781.31	3000.00
781.50	3016.00
781.69	2980.00
781.87	2973.00
782.06	2952.00
782.25	3012.00
782.44	3070.00
782.63	2986.00
782.82	3065.00
783.00	3052.00
783.19	3018.00
783.38	3037.00
783.57	3063.00
783.76	3095.00
783.95	3060.00
784.13	3027.00
784.32	3074.00
784.51	3051.00
784.70	3155.00
784.89	3160.00
785.08	3115.00
785.26	3035.00
785.45	3056.00
785.64	2950.00
785.83	3052.00
786.02	3031.00
786.20	2964.00
786.39	3020.00
786.58	3017.00
786.77	3138.00
786.96	3095.00
787.15	3042.00
787.33	3128.00
787.52	3126.00
787.71	3101.00
787.90	3083.00
788.09	3021.00
788.27	3072.00
788.46	3041.00
788.65	3111.00
788.84	3170.00
789.03	3102.00
789.21	3202.00
789.40	3216.00
789.59	3204.00
789.78	3123.00
789.97	3137.00
790.15	3025.00
790.34	3054.00
790.53	3152.00
790.72	3118.00
790.91	3158.00
791.09	3167.00
791.28	3115.00
791.47	3210.00
791.66	3131.00
791.85	3127.00
792.03	3175.00
792.22	3277.00
792.41	3145.00
792.60	3240.00
792.79	3240.00
792.97	3294.00
793.16	3267.00
793.35	3259.00
793.54	3226.00
793.72	3254.00
793.91	3175.00
794.10	3289.00
794.29	3267.00
794.48	3251.00
794.66	3203.00
794.85	3247.00
795.04	3244.00
795.23	3285.00
795.42	3317.00
795.60	3384.00
795.79	3322.00
795.98	3314.00
796.17	3287.00
796.35	3302.00
796.54	3302.00
796.73	3321.00
796.92	3323.00
797.11	3297.00
797.29	3433.00
797.48	3337.00
797.67	3272.00
797.86	3299.00
798.04	3208.00
798.23	3297.00
798.42	3303.00
798.61	3320.00
798.79	3396.00
798.98	3242.00
799.17	3235.00
799.36	3294.00
799.54	3240.00
799.73	3224.00
799.92	3209.00
800.11	3253.00
800.30	3235.00
800.48	3216.00
800.67	3312.00
800.86	3394.00
801.05	3397.00
801.23	3371.00
801.42	3286.00
801.61	3256.00
801.80	3245.00
801.98	3310.00
802.17	3281.00
802.36	3321.00
802.55	3352.00
802.73	3368.00
802.92	3363.00
803.11	3339.00
803.30	3343.00
803.48	3378.00
803.67	3342.00
803.86	3275.00
804.05	3399.00
804.23	3415.00
804.42	3391.00
804.61	3399.00
804.80	3383.00
804.98	3253.00
805.17	3351.00
805.36	3449.00
805.54	3412.00
805.73	3475.00
805.92	3414.00
806.11	3424.00
806.29	3483.00
806.48	3422.00
806.67	3370.00
806.86	3401.00
807.04	3364.00
807.23	3363.00
807.42	3383.00
807.61	3307.00
807.79	3389.00
807.98	3348.00
808.17	3407.00
808.35	3373.00
808.54	3396.00
808.73	3386.00
808.92	3436.00
809.10	3346.00
809.29	3196.00
809.48	3324.00
809.67	3407.00
809.85	3400.00
810.04	3367.00
810.23	3272.00
810.41	3374.00
810.60	3368.00
810.79	3326.00
810.98	3308.00
811.16	3334.00
811.35	3321.00
811.54	3240.00
811.72	3345.00
811.91	3314.00
812.10	3271.00
812.29	3352.00
812.47	3412.00
812.66	3416.00
812.85	3375.00
813.03	3365.00
813.22	3322.00
813.41	3218.00
813.60	3300.00
813.78	3377.00
813.97	3328.00
814.16	3293.00
814.34	3311.00
814.53	3410.00
814.72	3457.00
814.90	3402.00
815.09	3306.00
815.28	3242.00
815.47	3281.00
815.65	3240.00
815.84	3319.00
816.03	3371.00
816.21	3253.00
816.40	3269.00
816.59	3262.00
816.77	3255.00
816.96	3339.00
817.15	3285.00
817.33	3226.00
817.52	3403.00
817.71	3339.00
817.90	3355.00
818.08	3390.00
818.27	3267.00
818.46	3298.00
818.64	3398.00
818.83	3292.00
819.02	3271.00
819.20	3396.00
819.39	3357.00
819.58	3341.00
819.76	3274.00
819.95	3347.00
820.14	3316.00
820.32	3273.00
820.51	3390.00
820.70	3397.00
820.88	3416.00
821.07	3310.00
821.26	3363.00
821.44	3325.00
821.63	3430.00
821.82	3332.00
822.01	3349.00
822.19	3323.00
822.38	3240.00
822.57	3365.00
822.75	3336.00
822.94	3355.00
823.13	3473.00
823.31	3442.00
823.50	3261.00
823.69	3194.00
823.87	3250.00
824.06	3306.00
824.25	3247.00
824.43	3247.00
824.62	3385.00
824.80	3335.00
824.99	3227.00
825.18	3312.00
825.36	3222.00
825.55	3299.00
825.74	3368.00
825.92	3289.00
826.11	3170.00
826.30	3243.00
826.48	3204.00
826.67	3236.00
826.86	3299.00
827.04	3195.00
827.23	3122.00
827.42	3270.00
827.60	3262.00
827.79	3211.00
827.98	3136.00
828.16	3183.00
828.35	3205.00
828.54	3279.00
828.72	3091.00
828.91	3092.00
829.09	3094.00
829.28	3157.00
829.47	3033.00
829.65	3082.00
829.84	3172.00
830.03	3099.00
830.21	3099.00
830.40	3085.00
830.59	3191.00
830.77	3146.00
830.96	3098.00
831.14	3073.00
831.33	3122.00
831.52	3029.00
831.70	3029.00
831.89	3043.00
832.08	3054.00
832.26	2989.00
832.45	3088.00
832.64	2973.00
832.82	3120.00
833.01	3097.00
833.19	3091.00
833.38	3034.00
833.57	3017.00
833.75	3064.00
833.94	3103.00
834.13	3030.00
834.31	3063.00
834.50	3119.00
834.68	3150.00
834.87	2983.00
835.06	3117.00
835.24	3190.00
835.43	3080.00
835.61	3065.00
835.80	3086.00
835.99	3027.00
836.17	3033.00
836.36	3060.00
836.55	3053.00
836.73	2949.00
836.92	3021.00
837.10	3027.00
837.29	3022.00
837.48	2898.00
837.66	2960.00
837.85	2955.00
838.03	3009.00
838.22	3023.00
838.41	3075.00
838.59	3010.00
838.78	2912.00
838.96	2972.00
839.15	2962.00
839.34	2940.00
839.52	2931.00
839.71	3020.00
839.89	2972.00
840.08	2935.00
840.27	2880.00
840.45	2794.00
840.64	2882.00
840.82	2934.00
841.01	2933.00
841.20	2978.00
841.38	2951.00
841.57	2979.00
841.75	2895.00
841.94	2801.00
842.13	2851.00
842.31	2819.00
842.50	2880.00
842.68	2933.00
842.87	2909.00
843.05	2943.00
843.24	2936.00
843.43	2808.00
843.61	2751.00
843.80	2794.00
843.98	2760.00
844.17	2758.00
844.36	2804.00
844.54	2850.00
844.73	2885.00
844.91	2842.00
845.10	2777.00
845.28	2832.00
845.47	2875.00
845.66	2690.00
845.84	2773.00
846.03	2680.00
846.21	2722.00
846.40	2782.00
846.58	2713.00
846.77	2620.00
846.96	2532.00
847.14	2723.00
847.33	2735.00
847.51	2621.00
847.70	2692.00
847.88	2626.00
848.07	2580.00
848.25	2595.00
848.44	2614.00
848.63	2642.00
848.81	2549.00
849.00	2574.00
849.18	2555.00
849.37	2617.00
849.55	2599.00
849.74	2599.00
849.93	2609.00
850.11	2557.00
850.30	2612.00
850.48	2577.00
850.67	2551.00
850.85	2578.00
851.04	2594.00
851.22	2582.00
851.41	2621.00
851.59	2567.00
851.78	2571.00
851.97	2679.00
852.15	2537.00
852.34	2539.00
852.52	2648.00
852.71	2606.00
852.89	2556.00
853.08	2604.00
853.26	2541.00
853.45	2446.00
853.63	2419.00
853.82	2476.00
854.01	2472.00
854.19	2502.00
854.38	2577.00
854.56	2562.00
854.75	2574.00
854.93	2506.00
855.12	2491.00
855.30	2473.00
855.49	2463.00
855.67	2389.00
855.86	2401.00
856.04	2522.00
856.23	2524.00
856.41	2414.00
856.60	2429.00
856.79	2407.00
856.97	2461.00
857.16	2428.00
857.34	2367.00
857.53	2482.00
857.71	2437.00
857.90	2345.00
858.08	2370.00
858.27	2393.00
858.45	2461.00
858.64	2490.00
858.82	2408.00
859.01	2373.00
859.19	2391.00
859.38	2383.00
859.56	2307.00
859.75	2254.00
859.93	2366.00
860.12	2401.00
860.30	2367.00
860.49	2257.00
860.67	2319.00
860.86	2313.00
861.04	2361.00
861.23	2385.00
861.41	2292.00
861.60	2295.00
861.78	2317.00
861.97	2302.00
862.15	2248.00
862.34	2230.00
862.53	2318.00
862.71	2284.00
862.90	2233.00
863.08	2142.00
863.27	2227.00
863.45	2275.00
863.64	2206.00
863.82	2289.00
864.01	2243.00
864.19	2216.00
864.37	2161.00
864.56	2145.00
864.74	2156.00
864.93	2224.00
865.11	2252.00
865.30	2174.00
865.48	2257.00
865.67	2160.00
865.85	2072.00
866.04	2094.00
866.22	2173.00
866.41	2121.00
866.59	2132.00
866.78	2180.00
866.96	2209.00
867.15	2148.00
867.33	2151.00
867.52	2212.00
867.70	2136.00
867.89	2116.00
868.07	2062.00
868.26	2118.00
868.44	2088.00
868.63	2062.00
868.81	2048.00
869.00	2155.00
869.18	2137.00
869.37	2118.00
869.55	2131.00
869.74	2060.00
869.92	1994.00
870.10	1995.00
870.29	2055.00
870.47	2081.00
870.66	2038.00
870.84	2055.00
871.03	1938.00
871.21	1992.00
871.40	2029.00
871.58	1991.00
871.77	2000.00
871.95	2069.00
872.14	2018.00
872.32	1962.00
872.51	1964.00
872.69	2012.00
872.87	1990.00
873.06	2035.00
873.24	1939.00
873.43	1958.00
873.61	2062.00
873.80	1903.00
873.98	1884.00
874.17	1950.00
874.35	1957.00
874.54	1923.00
874.72	2003.00
874.90	1976.00
875.09	1989.00
875.27	1946.00
875.46	1916.00
875.64	1995.00
875.83	1916.00
876.01	1944.00
876.20	1917.00
876.38	1930.00
876.56	1999.00
876.75	1878.00
876.93	1948.00
877.12	1925.00
877.30	1945.00
877.49	1884.00
877.67	1951.00
877.86	1942.00
878.04	1906.00
878.22	1892.00
878.41	1926.00
878.59	1937.00
878.78	1943.00
878.96	1837.00
879.15	1872.00
879.33	1825.00
879.51	1808.00
879.70	1842.00
879.88	1850.00
880.07	1900.00
880.25	1928.00
880.44	1978.00
880.62	1803.00
880.80	1741.00
880.99	1854.00
881.17	1912.00
881.36	1921.00
881.54	1924.00
881.73	1874.00
881.91	1797.00
882.09	1918.00
882.28	1899.00
882.46	1828.00
882.65	1791.00
882.83	1907.00
883.02	1895.00
883.20	1891.00
883.38	1916.00
883.57	1851.00
883.75	1866.00
883.94	1839.00
884.12	1800.00
884.30	1814.00
884.49	1820.00
884.67	1737.00
884.86	1795.00
885.04	1844.00
885.22	1937.00
885.41	1958.00
885.59	1882.00
885.78	1830.00
885.96	1836.00
886.14	1774.00
886.33	1805.00
886.51	1691.00
886.70	1785.00
886.88	1814.00
887.06	1777.00
887.25	1738.00
887.43	1717.00
887.62	1730.00
887.80	1819.00
887.98	1861.00
888.17	1799.00
888.35	1696.00
888.54	1773.00
888.72	1865.00
888.90	1815.00
889.09	1764.00
889.27	1872.00
889.46	1863.00
889.64	1774.00
889.82	1749.00
890.01	1826.00
890.19	1740.00
890.38	1689.00
890.56	1727.00
890.74	1769.00
890.93	1837.00
891.11	1828.00
891.29	1689.00
891.48	1729.00
891.66	1849.00
891.85	1763.00
892.03	1730.00
892.21	1839.00
892.40	1771.00
892.58	1852.00
892.76	1736.00
892.95	1819.00
893.13	1853.00
893.32	1837.00
893.50	1824.00
893.68	1790.00
893.87	1781.00
894.05	1855.00
894.23	1810.00
894.42	1788.00
894.60	1743.00
894.79	1769.00
894.97	1892.00
895.15	1769.00
895.34	1784.00
895.52	1824.00
895.70	1823.00
895.89	1786.00
896.07	1741.00
896.25	1770.00
896.44	1810.00
896.62	1714.00
896.81	1793.00
896.99	1884.00
897.17	1861.00
897.36	1911.00
897.54	1875.00
897.72	1771.00
897.91	1830.00
898.09	1859.00
898.27	1900.00
898.46	1821.00
898.64	1864.00
898.82	1875.00
899.01	1816.00
899.19	1814.00
899.37	1761.00
899.56	1856.00
899.74	1918.00
899.92	1854.00
900.11	1885.00
900.29	1889.00
900.47	1916.00
900.66	1865.00
900.84	1931.00
901.03	1890.00
901.21	1873.00
901.39	1870.00
901.58	1855.00
901.76	1930.00
901.94	1979.00
902.13	2022.00
902.31	1911.00
902.49	1945.00
902.68	1891.00
902.86	1983.00
903.04	1977.00
903.23	2010.00
903.41	2014.00
903.59	2012.00
903.78	1960.00
903.96	1923.00
904.14	1949.00
904.32	1975.00
904.51	2026.00
904.69	1910.00
904.87	1934.00
905.06	1938.00
905.24	1974.00
905.42	2001.00
905.61	2019.00
905.79	1995.00
905.97	1969.00
906.16	2007.00
906.34	2041.00
906.52	2114.00
906.71	2031.00
906.89	1980.00
907.07	1994.00
907.26	2049.00
907.44	2033.00
907.62	2017.00
907.81	2006.00
907.99	1997.00
908.17	1961.00
908.35	1975.00
908.54	2023.00
908.72	2049.00
908.90	1969.00
909.09	2040.00
909.27	2024.00
909.45	2091.00
909.64	2013.00
909.82	2039.00
910.00	1978.00
910.18	1904.00
910.37	1932.00
910.55	1967.00
910.73	1942.00
910.92	2013.00
911.10	1900.00
911.28	1928.00
911.47	2021.00
911.65	1977.00
911.83	1883.00
912.01	1936.00
912.20	1914.00
912.38	1861.00
912.56	1840.00
912.75	1934.00
912.93	2082.00
913.11	2029.00
913.29	2009.00
913.48	1914.00
913.66	1903.00
913.84	1951.00
914.03	1967.00
914.21	1981.00
914.39	1869.00
914.57	1867.00
914.76	1806.00
914.94	1807.00
915.12	1869.00
915.31	1850.00
915.49	1828.00
915.67	1891.00
915.85	1917.00
916.04	1949.00
916.22	1969.00
916.40	1902.00
916.58	1996.00
916.77	1872.00
916.95	1831.00
917.13	1879.00
917.32	1805.00
917.50	1820.00
917.68	1920.00
917.86	1942.00
918.05	1837.00
918.23	1880.00
918.41	1972.00
918.59	1866.00
918.78	1837.00
918.96	1854.00
919.14	1794.00
919.32	1748.00
919.51	1859.00
919.69	1790.00
919.87	1815.00
920.05	1865.00
920.24	1770.00
920.42	1719.00
920.60	1735.00
920.78	1793.00
920.97	1793.00
921.15	1813.00
921.33	1793.00
921.52	1899.00
921.70	1833.00
921.88	1799.00
922.06	1789.00
922.24	1756.00
922.43	1726.00
922.61	1721.00
922.79	1735.00
922.97	1742.00
923.16	1812.00
923.34	1839.00
923.52	1693.00
923.70	1720.00
923.89	1745.00
924.07	1796.00
924.25	1688.00
924.43	1620.00
924.62	1740.00
924.80	1791.00
924.98	1736.00
925.16	1788.00
925.35	1714.00
925.53	1726.00
925.71	1672.00
925.89	1754.00
926.08	1752.00
926.26	1733.00
926.44	1711.00
926.62	1758.00
926.80	1719.00
926.99	1640.00
927.17	1679.00
927.35	1660.00
927.53	1633.00
927.72	1668.00
927.90	1638.00
928.08	1651.00
928.26	1648.00
928.44	1645.00
928.63	1648.00
928.81	1695.00
928.99	1668.00
929.17	1612.00
929.36	1615.00
929.54	1726.00
929.72	1712.00
929.90	1660.00
930.08	1650.00
930.27	1613.00
930.45	1585.00
930.63	1550.00
930.81	1582.00
930.99	1591.00
931.18	1663.00
931.36	1567.00
931.54	1649.00
931.72	1561.00
931.90	1538.00
932.09	1430.00
932.27	1504.00
932.45	1535.00
932.63	1511.00
932.81	1467.00
933.00	1423.00
933.18	1472.00
933.36	1446.00
933.54	1434.00
933.72	1444.00
933.91	1501.00
934.09	1380.00
934.27	1311.00
934.45	1359.00
934.63	1444.00
934.82	1387.00
935.00	1322.00
935.18	1269.00
935.36	1317.00
935.54	1290.00
935.73	1270.00
935.91	1301.00
936.09	1203.00
936.27	1239.00
936.45	1241.00
936.64	1245.00
936.82	1209.00
937.00	1162.00
937.18	1179.00
937.36	1175.00
937.54	1109.00
937.73	1112.00
937.91	1117.00
938.09	1162.00
938.27	1057.00
938.45	1040.00
938.63	1020.00
938.82	982.00
939.00	977.00
939.18	1055.00
939.36	946.00
939.54	888.00
939.73	903.00
939.91	932.00
940.09	953.00
940.27	1009.00
940.45	884.00
940.63	946.00
940.82	882.00
941.00	837.00
941.18	850.00
941.36	878.00
941.54	845.00
941.72	817.00
941.91	918.00
942.09	875.00
942.27	803.00
942.45	827.00
942.63	814.00
942.81	817.00
942.99	831.00
943.18	801.00
943.36	772.00
943.54	861.00
943.72	906.00
943.90	870.00
944.08	765.00
944.27	848.00
944.45	804.00
944.63	815.00
944.81	803.00
944.99	817.00
945.17	804.00
945.35	808.00
945.54	730.00
945.72	743.00
945.90	804.00
946.08	840.00
946.26	818.00
946.44	733.00
946.62	771.00
946.81	782.00
946.99	740.00
947.17	781.00
947.35	791.00
947.53	800.00
947.71	785.00
947.89	798.00
948.07	742.00
948.26	786.00
948.44	846.00
948.62	798.00
948.80	813.00
948.98	797.00
949.16	787.00
949.34	807.00
949.53	805.00
949.71	823.00
949.89	828.00
950.07	714.00
950.25	741.00
950.43	765.00
950.61	789.00
950.79	800.00
950.98	833.00
951.16	824.00
951.34	841.00
951.52	808.00
951.70	820.00
951.88	779.00
952.06	730.00
952.24	779.00
952.42	812.00
952.61	748.00
952.79	731.00
952.97	823.00
953.15	737.00
953.33	756.00
953.51	678.00
953.69	742.00
953.87	747.00
954.05	771.00
954.24	742.00
954.42	785.00
954.60	763.00
954.78	745.00
954.96	812.00
955.14	827.00
955.32	757.00
955.50	743.00
955.68	752.00
955.86	732.00
956.05	778.00
956.23	743.00
956.41	785.00
956.59	730.00
956.77	774.00
956.95	813.00
957.13	823.00
957.31	757.00
957.49	827.00
957.67	769.00
957.86	729.00
958.04	727.00
958.22	724.00
958.40	748.00
958.58	762.00
958.76	763.00
958.94	757.00
959.12	758.00
959.30	750.00
959.48	739.00
959.66	677.00
959.84	771.00
960.03	731.00
960.21	749.00
960.39	747.00
960.57	796.00
960.75	703.00
960.93	776.00
961.11	755.00
961.29	669.00
961.47	730.00
961.65	662.00
961.83	654.00
962.01	734.00
962.19	719.00
962.37	675.00
962.56	647.00
962.74	673.00
962.92	703.00
963.10	712.00
963.28	631.00
963.46	684.00
963.64	769.00
963.82	763.00
964.00	754.00
964.18	730.00
964.36	648.00
964.54	727.00
964.72	694.00
964.90	735.00
965.08	711.00
965.27	730.00
965.45	702.00
965.63	669.00
965.81	649.00
965.99	692.00
966.17	753.00
966.35	759.00
966.53	703.00
966.71	682.00
966.89	680.00
967.07	587.00
967.25	638.00
967.43	597.00
967.61	637.00
967.79	784.00
967.97	726.00
968.15	681.00
968.33	727.00
968.51	723.00
968.69	660.00
968.87	647.00
969.06	668.00
969.24	712.00
969.42	673.00
969.60	618.00
969.78	623.00
969.96	654.00
970.14	644.00
970.32	636.00
970.50	577.00
970.68	643.00
970.86	635.00
971.04	662.00
971.22	628.00
971.40	569.00
971.58	630.00
971.76	614.00
971.94	531.00
972.12	570.00
972.30	635.00
972.48	665.00
972.66	663.00
972.84	646.00
973.02	667.00
973.20	612.00
973.38	594.00
973.56	586.00
973.74	639.00
973.92	637.00
974.10	546.00
974.28	557.00
974.46	577.00
974.64	607.00
974.82	589.00
975.00	565.00
975.18	567.00
975.36	650.00
975.54	624.00
975.72	570.00
975.90	626.00
976.08	608.00
976.26	565.00
976.44	544.00
976.62	531.00
976.80	551.00
976.98	510.00
977.16	613.00
977.34	568.00
977.52	649.00
977.70	617.00
977.88	587.00
978.06	532.00
978.24	560.00
978.42	522.00
978.60	589.00
978.78	570.00
978.96	544.00
979.14	508.00
979.32	539.00
979.50	563.00
979.68	489.00
979.86	488.00
980.04	516.00
980.22	471.00
980.40	586.00
980.58	569.00
980.76	496.00
980.94	466.00
981.12	482.00
981.30	477.00
981.48	515.00
981.66	582.00
981.84	541.00
982.02	545.00
982.20	531.00
982.38	531.00
982.56	565.00
982.74	482.00
982.92	518.00
983.10	505.00
983.28	503.00
983.46	519.00
983.64	489.00
983.82	487.00
984.00	483.00
984.18	534.00
984.36	574.00
984.54	553.00
984.72	585.00
984.90	552.00
985.08	499.00
985.26	523.00
985.44	523.00
985.62	496.00
985.80	510.00
985.98	494.00
986.16	511.00
986.34	574.00
986.51	574.00
986.69	541.00
986.87	479.00
987.05	440.00
987.23	513.00
987.41	499.00
987.59	516.00
987.77	470.00
987.95	500.00
988.13	479.00
988.31	495.00
988.49	458.00
988.67	503.00
988.85	498.00
989.03	466.00
989.21	450.00
989.39	459.00
989.57	485.00
989.75	527.00
989.93	473.00
990.11	481.00
990.28	444.00
990.46	404.00
990.64	488.00
990.82	521.00
991.00	454.00
991.18	438.00
991.36	446.00
991.54	492.00
991.72	417.00
991.90	459.00
992.08	451.00
992.26	443.00
992.44	494.00
992.62	406.00
992.80	439.00
992.98	468.00
993.15	505.00
993.33	467.00
993.51	455.00
993.69	441.00
993.87	422.00
994.05	416.00
994.23	357.00
994.41	391.00
994.59	451.00
994.77	407.00
994.95	430.00
995.13	410.00
995.31	509.00
995.48	390.00
995.66	425.00
995.84	407.00
996.02	387.00
996.20	394.00
996.38	413.00
996.56	331.00
996.74	340.00
996.92	378.00
997.10	397.00
997.28	404.00
997.46	451.00
997.63	366.00
997.81	349.00
997.99	327.00
998.17	366.00
998.35	393.00
998.53	403.00
998.71	390.00
998.89	405.00
999.07	373.00
999.25	366.00
999.43	396.00
999.60	363.00
999.78	400.00
999.96	371.00
1000.14	395.00
1000.32	416.00
1000.50	418.00
1000.68	414.00
1000.86	363.00
1001.04	340.00
1001.21	328.00
1001.39	357.00
1001.57	373.00
1001.75	365.00
1001.93	356.00
1002.11	384.00
1002.29	316.00
1002.47	338.00
1002.65	376.00
1002.82	364.00
1003.00	446.00
1003.18	440.00
1003.36	391.00
1003.54	422.00
1003.72	394.00
1003.90	321.00
1004.08	408.00
1004.26	428.00
1004.43	411.00
1004.61	373.00
1004.79	353.00
1004.97	362.00
1005.15	418.00
1005.33	358.00
1005.51	319.00
1005.69	401.00
1005.86	381.00
1006.04	433.00
1006.22	401.00
1006.40	338.00
1006.58	424.00
1006.76	440.00
1006.94	420.00
1007.12	352.00
1007.29	231.00
1007.47	292.00
1007.65	358.00
1007.83	362.00
1008.01	330.00
1008.19	302.00
1008.37	318.00
1008.54	277.00
1008.72	301.00
1008.90	405.00
1009.08	307.00
1009.26	295.00
1009.44	321.00
1009.62	355.00
1009.79	251.00
1009.97	324.00
1010.15	316.00
1010.33	273.00
1010.51	267.00
1010.69	269.00
1010.87	298.00
1011.04	376.00
1011.22	391.00
1011.40	308.00
1011.58	306.00
1011.76	333.00
1011.94	314.00
1012.11	364.00
1012.29	368.00
1012.47	363.00
1012.65	357.00
1012.83	271.00
1013.01	234.00
1013.18	238.00
1013.36	336.00
1013.54	346.00
1013.72	282.00
1013.90	331.00
1014.08	351.00
1014.25	292.00
1014.43	333.00
1014.61	317.00
1014.79	267.00
1014.97	379.00
1015.15	356.00
1015.32	386.00
1015.50	350.00
1015.68	346.00
1015.86	330.00
1016.04	290.00
1016.22	285.00
1016.39	293.00
1016.57	317.00
1016.75	371.00
1016.93	309.00
1017.11	291.00
1017.29	287.00
1017.46	304.00
1017.64	324.00
1017.82	267.00
1018.00	307.00
1018.18	278.00
1018.35	330.00
1018.53	282.00
1018.71	265.00
1018.89	260.00
1019.07	319.00
1019.24	227.00
1019.42	329.00
1019.60	322.00
1019.78	232.00
1019.96	256.00
1020.14	303.00
1020.31	281.00
1020.49	279.00
1020.67	278.00
1020.85	252.00
1021.03	286.00
1021.20	196.00
1021.38	183.00
1021.56	285.00
1021.74	278.00
1021.92	225.00
1022.09	298.00
1022.27	297.00
1022.45	245.00
1022.63	287.00
1022.81	298.00
1022.98	361.00
1023.16	330.00
1023.34	267.00
1023.52	307.00
1023.69	315.00
1023.87	273.00
1024.05	259.00
1024.23	245.00
1024.41	239.00
1024.58	281.00
1024.76	265.00
1024.94	201.00
1025.12	234.00
1025.30	259.00
1025.47	227.00
1025.65	254.00
1025.83	286.00
1026.01	281.00
1026.18	289.00
1026.36	278.00
1026.54	247.00
1026.72	349.00
1026.90	300.00
1027.07	281.00
1027.25	319.00
1027.43	308.00
1027.61	309.00
1027.78	252.00
1027.96	272.00
1028.14	250.00
1028.32	244.00
1028.49	320.00
1028.67	336.00
1028.85	282.00
1029.03	191.00
1029.21	234.00
1029.38	280.00
1029.56	220.00
1029.74	257.00
1029.92	292.00
1030.09	217.00
1030.27	260.00
1030.45	252.00
1030.63	208.00
1030.80	174.00
1030.98	256.00
1031.16	214.00
1031.34	184.00
1031.51	228.00
1031.69	229.00
1031.87	220.00
1032.05	167.00
1032.22	192.00
1032.40	228.00
1032.58	230.00
1032.76	210.00
1032.93	225.00
1033.11	174.00
1033.29	238.00
1033.47	225.00
1033.64	163.00
1033.82	260.00
1034.00	295.00
1034.18	239.00
1034.35	268.00
1034.53	217.00
1034.71	202.00
1034.89	252.00
1035.06	206.00
1035.24	206.00
1035.42	224.00
1035.59	171.00
1035.77	196.00
1035.95	251.00
1036.13	181.00
1036.30	208.00
1036.48	285.00
1036.66	174.00
1036.84	235.00
1037.01	244.00
1037.19	204.00
1037.37	200.00
1037.54	273.00
1037.72	194.00
1037.90	108.00
1038.08	142.00
1038.25	216.00
1038.43	204.00
1038.61	177.00
1038.79	212.00
1038.96	215.00
1039.14	212.00
1039.32	172.00
1039.49	177.00
1039.67	166.00
1039.85	177.00
1040.03	230.00
1040.20	224.00
1040.38	262.00
1040.56	241.00
1040.73	231.00
1040.91	225.00
1041.09	206.00
1041.27	243.00
1041.44	225.00
1041.62	226.00
1041.80	216.00
1041.97	189.00
1042.15	222.00
1042.33	212.00
1042.50	181.00
1042.68	176.00
1042.86	205.00
1043.04	189.00
1043.21	180.00
1043.39	246.00
1043.57	222.00
1043.74	187.00
1043.92	171.00
1044.10	138.00
1044.27	139.00
1044.45	223.00
1044.63	227.00
1044.80	187.00
1044.98	197.00
1045.16	168.00
1045.34	172.00
1045.51	112.00
1045.69	101.00
1045.87	114.00
1046.04	176.00
1046.22	148.00
1046.40	194.00
1046.57	186.00
1046.75	113.00
1046.93	158.00
1047.10	224.00
1047.28	223.00
1047.46	207.00
1047.63	201.00
1047.81	205.00
1047.99	192.00
1048.16	246.00
1048.34	174.00
1048.52	133.00
1048.69	114.00
1048.87	148.00
1049.05	183.00
1049.22	147.00
1049.40	137.00
1049.58	121.00
1049.75	98.00
1049.93	144.00
1050.11	151.00
1050.28	192.00
1050.46	138.00
1050.64	191.00
1050.81	212.00
1050.99	142.00
1051.17	118.00
1051.34	127.00
1051.52	171.00
1051.70	152.00
1051.87	119.00
1052.05	101.00
1052.23	169.00
1052.40	249.00
1052.58	236.00
1052.76	202.00
1052.93	138.00
1053.11	115.00
1053.29	103.00
1053.46	188.00
1053.64	235.00
1053.82	173.00
1053.99	172.00
1054.17	174.00
1054.35	170.00
1054.52	238.00
1054.70	156.00
1054.87	108.00
1055.05	89.00
1055.23	143.00
1055.40	173.00
1055.58	198.00
1055.76	130.00
1055.93	122.00
1056.11	183.00
1056.29	214.00
1056.46	133.00
1056.64	199.00
1056.81	235.00
1056.99	207.00
1057.17	141.00
1057.34	106.00
1057.52	148.00
1057.70	120.00
1057.87	168.00
1058.05	187.00
1058.22	149.00
1058.40	150.00
1058.58	138.00
1058.75	182.00
1058.93	145.00
1059.11	135.00
1059.28	147.00
1059.46	149.00
1059.63	167.00
1059.81	187.00
1059.99	239.00
1060.16	168.00
1060.34	191.00
1060.52	162.00
1060.69	125.00
1060.87	136.00
1061.04	134.00
1061.22	115.00
