367.62	6.00
367.82	18.00
368.02	14.00
368.23	21.00
368.43	41.00
368.63	59.00
368.83	63.00
369.04	31.00
369.24	-13.00
369.44	-3.00
369.65	-67.00
369.85	-45.00
370.05	41.00
370.25	78.00
370.46	-12.00
370.66	30.00
370.86	43.00
371.07	39.00
371.27	13.00
371.47	38.00
371.67	-37.00
371.88	-3.00
372.08	-1.00
372.28	-1.00
372.49	1.00
372.69	5.00
372.89	11.00
373.09	-3.00
373.30	12.00
373.50	8.00
373.70	6.00
373.91	42.00
374.11	38.00
374.31	22.00
374.51	66.00
374.72	73.00
374.92	61.00
375.12	39.00
375.33	47.00
375.53	37.00
375.73	-1.00
375.93	47.00
376.14	44.00
376.34	36.00
376.54	27.00
376.74	10.00
376.95	-34.00
377.15	-14.00
377.35	-20.00
377.55	-20.00
377.76	31.00
377.96	53.00
378.16	9.00
378.37	22.00
378.57	10.00
378.77	24.00
378.97	52.00
379.18	39.00
379.38	57.00
379.58	23.00
379.78	2.00
379.99	36.00
380.19	4.00
380.39	0.00
380.59	-43.00
380.80	11.00
381.00	40.00
381.20	30.00
381.40	42.00
381.61	57.00
381.81	58.00
382.01	-26.00
382.21	-23.00
382.42	9.00
382.62	57.00
382.82	3.00
383.02	-3.00
383.23	25.00
383.43	26.00
383.63	23.00
383.83	1.00
384.04	9.00
384.24	-71.00
384.44	-51.00
384.64	47.00
384.85	38.00
385.05	-3.00
385.25	51.00
385.45	0.00
385.66	73.00
385.86	35.00
386.06	-19.00
386.26	-40.00
386.47	32.00
386.67	52.00
386.87	29.00
387.07	-7.00
387.27	-32.00
387.48	18.00
387.68	44.00
387.88	-11.00
388.08	-52.00
388.29	-34.00
388.49	3.00
388.69	4.00
388.89	32.00
389.10	56.00
389.30	51.00
389.50	-2.00
389.70	-18.00
389.90	26.00
390.11	22.00
390.31	42.00
390.51	49.00
390.71	-3.00
390.92	19.00
391.12	109.00
391.32	9.00
391.52	-35.00
391.72	4.00
391.93	45.00
392.13	33.00
392.33	7.00
392.53	46.00
392.74	38.00
392.94	24.00
393.14	68.00
393.34	50.00
393.54	29.00
393.75	-19.00
393.95	-6.00
394.15	22.00
394.35	9.00
394.56	64.00
394.76	76.00
394.96	35.00
395.16	-7.00
395.36	-57.00
395.57	-52.00
395.77	-62.00
395.97	110.00
396.17	51.00
396.37	54.00
396.58	24.00
396.78	33.00
396.98	31.00
397.18	1.00
397.38	1.00
397.59	-26.00
397.79	32.00
397.99	67.00
398.19	121.00
398.39	120.00
398.60	59.00
398.80	-14.00
399.00	50.00
399.20	62.00
399.40	18.00
399.61	65.00
399.81	39.00
400.01	67.00
400.21	17.00
400.41	17.00
400.62	15.00
400.82	120.00
401.02	122.00
401.22	82.00
401.42	43.00
401.63	17.00
401.83	16.00
402.03	21.00
402.23	-3.00
402.43	56.00
402.64	63.00
402.84	44.00
403.04	-6.00
403.24	69.00
403.44	58.00
403.64	85.00
403.85	16.00
404.05	17.00
404.25	53.00
404.45	45.00
404.65	-14.00
404.86	70.00
405.06	62.00
405.26	61.00
405.46	59.00
405.66	37.00
405.86	15.00
406.07	63.00
406.27	22.00
406.47	52.00
406.67	68.00
406.87	-16.00
407.07	-22.00
407.28	-31.00
407.48	14.00
407.68	64.00
407.88	50.00
408.08	61.00
408.28	103.00
408.49	81.00
408.69	94.00
408.89	55.00
409.09	37.00
409.29	3.00
409.49	41.00
409.70	37.00
409.90	13.00
410.10	85.00
410.30	80.00
410.50	84.00
410.70	23.00
410.91	-7.00
411.11	15.00
411.31	22.00
411.51	6.00
411.71	57.00
411.91	138.00
412.12	118.00
412.32	13.00
412.52	51.00
412.72	57.00
412.92	101.00
413.12	33.00
413.32	44.00
413.53	48.00
413.73	91.00
413.93	154.00
414.13	92.00
414.33	46.00
414.53	106.00
414.74	71.00
414.94	29.00
415.14	64.00
415.34	43.00
415.54	91.00
415.74	127.00
415.94	65.00
416.15	50.00
416.35	68.00
416.55	80.00
416.75	78.00
416.95	127.00
417.15	85.00
417.35	48.00
417.56	32.00
417.76	57.00
417.96	41.00
418.16	90.00
418.36	114.00
418.56	100.00
418.76	105.00
418.97	76.00
419.17	123.00
419.37	115.00
419.57	70.00
419.77	58.00
419.97	46.00
420.17	61.00
420.37	94.00
420.58	97.00
420.78	55.00
420.98	17.00
421.18	84.00
421.38	115.00
421.58	97.00
421.78	114.00
421.98	61.00
422.19	98.00
422.39	17.00
422.59	126.00
422.79	119.00
422.99	89.00
423.19	83.00
423.39	98.00
423.59	95.00
423.80	44.00
424.00	30.00
424.20	83.00
424.40	21.00
424.60	103.00
424.80	100.00
425.00	175.00
425.20	228.00
425.40	183.00
425.61	79.00
425.81	86.00
426.01	94.00
426.21	150.00
426.41	136.00
426.61	109.00
426.81	97.00
427.01	125.00
427.21	99.00
427.42	92.00
427.62	143.00
427.82	151.00
428.02	98.00
428.22	133.00
428.42	124.00
428.62	174.00
428.82	103.00
429.02	151.00
429.23	145.00
429.43	10.00
429.63	89.00
429.83	121.00
430.03	158.00
430.23	134.00
430.43	175.00
430.63	181.00
430.83	210.00
431.03	145.00
431.24	119.00
431.44	91.00
431.64	100.00
431.84	149.00
432.04	148.00
432.24	132.00
432.44	198.00
432.64	190.00
432.84	207.00
433.04	148.00
433.24	120.00
433.45	155.00
433.65	117.00
433.85	145.00
434.05	186.00
434.25	252.00
434.45	192.00
434.65	219.00
434.85	170.00
435.05	181.00
435.25	224.00
435.45	190.00
435.65	160.00
435.86	201.00
436.06	171.00
436.26	166.00
436.46	169.00
436.66	148.00
436.86	127.00
437.06	74.00
437.26	107.00
437.46	134.00
437.66	114.00
437.86	126.00
438.06	163.00
438.26	175.00
438.47	173.00
438.67	201.00
438.87	91.00
439.07	49.00
439.27	102.00
439.47	99.00
439.67	111.00
439.87	184.00
440.07	171.00
440.27	129.00
440.47	169.00
440.67	162.00
440.87	138.00
441.07	137.00
441.27	153.00
441.48	157.00
441.68	157.00
441.88	131.00
442.08	164.00
442.28	211.00
442.48	127.00
442.68	203.00
442.88	217.00
443.08	196.00
443.28	156.00
443.48	128.00
443.68	187.00
443.88	190.00
444.08	106.00
444.28	150.00
444.48	104.00
444.68	154.00
444.88	153.00
445.09	135.00
445.29	105.00
445.49	150.00
445.69	145.00
445.89	149.00
446.09	138.00
446.29	164.00
446.49	197.00
446.69	150.00
446.89	122.00
447.09	155.00
447.29	208.00
447.49	181.00
447.69	195.00
447.89	257.00
448.09	253.00
448.29	174.00
448.49	146.00
448.69	221.00
448.89	162.00
449.09	240.00
449.29	207.00
449.49	227.00
449.70	175.00
449.90	161.00
450.10	180.00
450.30	212.00
450.50	212.00
450.70	199.00
450.90	226.00
451.10	180.00
451.30	186.00
451.50	208.00
451.70	234.00
451.90	245.00
452.10	188.00
452.30	199.00
452.50	144.00
452.70	239.00
452.90	239.00
453.10	238.00
453.30	244.00
453.50	194.00
453.70	186.00
453.90	195.00
454.10	247.00
454.30	280.00
454.50	249.00
454.70	227.00
454.90	241.00
455.10	145.00
455.30	274.00
455.50	256.00
455.70	209.00
455.90	278.00
456.10	298.00
456.30	291.00
456.50	200.00
456.70	179.00
456.90	273.00
457.10	279.00
457.30	234.00
457.50	294.00
457.70	259.00
457.90	217.00
458.10	268.00
458.30	271.00
458.50	305.00
458.70	250.00
458.90	234.00
459.10	244.00
459.30	231.00
459.50	280.00
459.70	311.00
459.90	331.00
460.10	362.00
460.30	372.00
460.50	330.00
460.70	314.00
460.90	250.00
461.10	309.00
461.30	294.00
461.50	301.00
461.70	231.00
461.90	261.00
462.10	308.00
462.30	361.00
462.50	342.00
462.70	298.00
462.90	272.00
463.10	286.00
463.30	293.00
463.50	269.00
463.70	275.00
463.90	294.00
464.10	283.00
464.30	292.00
464.50	286.00
464.70	277.00
464.90	295.00
465.10	292.00
465.30	314.00
465.50	345.00
465.70	288.00
465.90	349.00
466.10	300.00
466.30	291.00
466.50	245.00
466.70	250.00
466.90	307.00
467.10	330.00
467.30	317.00
467.50	364.00
467.70	309.00
467.90	349.00
468.10	401.00
468.30	327.00
468.50	340.00
468.70	291.00
468.90	320.00
469.10	304.00
469.30	311.00
469.50	302.00
469.70	255.00
469.90	244.00
470.10	264.00
470.30	295.00
470.50	339.00
470.70	271.00
470.90	298.00
471.10	326.00
471.29	292.00
471.49	305.00
471.69	323.00
471.89	275.00
472.09	289.00
472.29	382.00
472.49	285.00
472.69	276.00
472.89	279.00
473.09	258.00
473.29	269.00
473.49	236.00
473.69	276.00
473.89	314.00
474.09	241.00
474.29	205.00
474.49	262.00
474.69	258.00
474.89	181.00
475.09	293.00
475.29	327.00
475.49	307.00
475.69	311.00
475.88	297.00
476.08	235.00
476.28	331.00
476.48	338.00
476.68	315.00
476.88	270.00
477.08	243.00
477.28	279.00
477.48	287.00
477.68	287.00
477.88	303.00
478.08	350.00
478.28	293.00
478.48	313.00
478.68	341.00
478.88	300.00
479.08	221.00
479.28	260.00
479.47	245.00
479.67	271.00
479.87	290.00
480.07	288.00
480.27	310.00
480.47	398.00
480.67	312.00
480.87	357.00
481.07	352.00
481.27	329.00
481.47	355.00
481.67	316.00
481.87	353.00
482.07	306.00
482.27	398.00
482.46	441.00
482.66	350.00
482.86	362.00
483.06	391.00
483.26	341.00
483.46	374.00
483.66	341.00
483.86	277.00
484.06	324.00
484.26	422.00
484.46	359.00
484.66	305.00
484.86	328.00
485.05	392.00
485.25	459.00
485.45	434.00
485.65	477.00
485.85	448.00
486.05	460.00
486.25	512.00
486.45	427.00
486.65	394.00
486.85	404.00
487.05	380.00
487.25	432.00
487.44	360.00
487.64	407.00
487.84	456.00
488.04	418.00
488.24	452.00
488.44	474.00
488.64	439.00
488.84	552.00
489.04	471.00
489.24	466.00
489.43	501.00
489.63	418.00
489.83	426.00
490.03	491.00
490.23	513.00
490.43	434.00
490.63	509.00
490.83	497.00
491.03	518.00
491.23	464.00
491.42	425.00
491.62	454.00
491.82	464.00
492.02	469.00
492.22	448.00
492.42	494.00
492.62	531.00
492.82	510.00
493.02	505.00
493.22	516.00
493.41	589.00
493.61	615.00
493.81	559.00
494.01	489.00
494.21	516.00
494.41	528.00
494.61	543.00
494.81	560.00
495.01	600.00
495.20	464.00
495.40	496.00
495.60	629.00
495.80	608.00
496.00	588.00
496.20	692.00
496.40	642.00
496.60	586.00
496.79	558.00
496.99	580.00
497.19	494.00
497.39	581.00
497.59	513.00
497.79	521.00
497.99	592.00
498.19	605.00
498.38	556.00
498.58	537.00
498.78	605.00
498.98	642.00
499.18	624.00
499.38	512.00
499.58	619.00
499.78	576.00
499.97	599.00
500.17	620.00
500.37	588.00
500.57	635.00
500.77	686.00
500.97	662.00
501.17	566.00
501.37	618.00
501.56	580.00
501.76	571.00
501.96	631.00
502.16	617.00
502.36	579.00
502.56	566.00
502.76	585.00
502.95	547.00
503.15	648.00
503.35	638.00
503.55	565.00
503.75	581.00
503.95	645.00
504.15	564.00
504.34	515.00
504.54	571.00
504.74	612.00
504.94	608.00
505.14	678.00
505.34	634.00
505.54	555.00
505.73	548.00
505.93	498.00
506.13	539.00
506.33	573.00
506.53	559.00
506.73	606.00
506.92	667.00
507.12	650.00
507.32	606.00
507.52	562.00
507.72	631.00
507.92	720.00
508.12	665.00
508.31	615.00
508.51	567.00
508.71	580.00
508.91	610.00
509.11	628.00
509.31	591.00
509.50	599.00
509.70	566.00
509.90	643.00
510.10	590.00
510.30	524.00
510.50	614.00
510.69	591.00
510.89	521.00
511.09	615.00
511.29	620.00
511.49	687.00
511.69	616.00
511.88	559.00
512.08	611.00
512.28	670.00
512.48	609.00
512.68	626.00
512.88	549.00
513.07	499.00
513.27	589.00
513.47	625.00
513.67	585.00
513.87	573.00
514.06	582.00
514.26	594.00
514.46	541.00
514.66	494.00
514.86	563.00
515.06	661.00
515.25	673.00
515.45	643.00
515.65	625.00
515.85	624.00
516.05	575.00
516.24	601.00
516.44	576.00
516.64	622.00
516.84	664.00
517.04	595.00
517.23	655.00
517.43	674.00
517.63	637.00
517.83	624.00
518.03	568.00
518.23	594.00
518.42	645.00
518.62	621.00
518.82	648.00
519.02	580.00
519.22	675.00
519.41	660.00
519.61	623.00
519.81	628.00
520.01	706.00
520.21	623.00
520.40	682.00
520.60	622.00
520.80	700.00
521.00	649.00
521.20	567.00
521.39	607.00
521.59	597.00
521.79	710.00
521.99	634.00
522.19	603.00
522.38	630.00
522.58	629.00
522.78	649.00
522.98	691.00
523.17	774.00
523.37	695.00
523.57	608.00
523.77	628.00
523.97	697.00
524.16	739.00
524.36	746.00
524.56	778.00
524.76	722.00
524.96	708.00
525.15	737.00
525.35	729.00
525.55	703.00
525.75	741.00
525.94	686.00
526.14	791.00
526.34	873.00
526.54	722.00
526.74	724.00
526.93	755.00
527.13	808.00
527.33	843.00
527.53	801.00
527.72	768.00
527.92	825.00
528.12	818.00
528.32	808.00
528.52	877.00
528.71	894.00
528.91	857.00
529.11	883.00
529.31	806.00
529.50	865.00
529.70	849.00
529.90	847.00
530.10	850.00
530.29	913.00
530.49	936.00
530.69	874.00
530.89	940.00
531.09	947.00
531.28	804.00
531.48	934.00
531.68	975.00
531.88	928.00
532.07	908.00
532.27	942.00
532.47	937.00
532.67	988.00
532.86	1000.00
533.06	972.00
533.26	991.00
533.46	938.00
533.65	920.00
533.85	922.00
534.05	948.00
534.25	1055.00
534.44	1061.00
534.64	1056.00
534.84	1027.00
535.04	1056.00
535.23	1039.00
535.43	1055.00
535.63	1058.00
535.83	1174.00
536.02	1128.00
536.22	1072.00
536.42	1042.00
536.62	1125.00
536.81	1115.00
537.01	1100.00
537.21	1078.00
537.41	1185.00
537.60	1127.00
537.80	1142.00
538.00	1176.00
538.20	1239.00
538.39	1294.00
538.59	1215.00
538.79	1153.00
538.99	1232.00
539.18	1198.00
539.38	1225.00
539.58	1439.00
539.77	1392.00
539.97	1474.00
540.17	1445.00
540.37	1507.00
540.56	1582.00
540.76	1612.00
540.96	1601.00
541.16	1571.00
541.35	1634.00
541.55	1515.00
541.75	1644.00
541.94	1731.00
542.14	1608.00
542.34	1569.00
542.54	1650.00
542.73	1652.00
542.93	1615.00
543.13	1504.00
543.33	1594.00
543.52	1647.00
543.72	1670.00
543.92	1593.00
544.11	1562.00
544.31	1615.00
544.51	1686.00
544.71	1719.00
544.90	1740.00
545.10	1755.00
545.30	1782.00
545.49	1737.00
545.69	1770.00
545.89	1878.00
546.09	1905.00
546.28	1907.00
546.48	1847.00
546.68	1727.00
546.87	1647.00
547.07	1452.00
547.27	1494.00
547.47	1442.00
547.66	1454.00
547.86	1458.00
548.06	1514.00
548.25	1427.00
548.45	1399.00
548.65	1363.00
548.84	1339.00
549.04	1363.00
549.24	1383.00
549.44	1389.00
549.63	1445.00
549.83	1365.00
550.03	1297.00
550.22	1300.00
550.42	1354.00
550.62	1313.00
550.81	1293.00
551.01	1196.00
551.21	1188.00
551.41	1273.00
551.60	1281.00
551.80	1293.00
552.00	1266.00
552.19	1228.00
552.39	1204.00
552.59	1235.00
552.78	1163.00
552.98	1193.00
553.18	1292.00
553.37	1208.00
553.57	1186.00
553.77	1190.00
553.96	1240.00
554.16	1270.00
554.36	1272.00
554.56	1161.00
554.75	1121.00
554.95	1186.00
555.15	1149.00
555.34	1102.00
555.54	1109.00
555.74	1194.00
555.93	1195.00
556.13	1277.00
556.33	1147.00
556.52	1127.00
556.72	1189.00
556.92	1249.00
557.11	1137.00
557.31	1073.00
557.51	1159.00
557.70	1127.00
557.90	1021.00
558.10	1006.00
558.29	976.00
558.49	1020.00
558.69	1054.00
558.88	1079.00
559.08	1083.00
559.28	1142.00
559.47	1092.00
559.67	1071.00
559.87	1081.00
560.06	1073.00
560.26	1077.00
560.46	1036.00
560.65	1051.00
560.85	1068.00
561.05	1056.00
561.24	1068.00
561.44	1078.00
561.64	1130.00
561.83	1114.00
562.03	1128.00
562.23	1146.00
562.42	1129.00
562.62	1077.00
562.82	1043.00
563.01	1084.00
563.21	1101.00
563.40	1081.00
563.60	1084.00
563.80	1111.00
563.99	1160.00
564.19	1085.00
564.39	1085.00
564.58	1206.00
564.78	1121.00
564.98	1068.00
565.17	1009.00
565.37	1024.00
565.57	1077.00
565.76	1114.00
565.96	1114.00
566.16	1130.00
566.35	1154.00
566.55	1144.00
566.74	1143.00
566.94	1131.00
567.14	1211.00
567.33	1221.00
567.53	1314.00
567.73	1320.00
567.92	1192.00
568.12	1212.00
568.32	1221.00
568.51	1203.00
568.71	1230.00
568.90	1210.00
569.10	1246.00
569.30	1203.00
569.49	1239.00
569.69	1261.00
569.89	1323.00
570.08	1283.00
570.28	1230.00
570.47	1221.00
570.67	1324.00
570.87	1270.00
571.06	1287.00
571.26	1267.00
571.46	1319.00
571.65	1314.00
571.85	1327.00
572.04	1293.00
572.24	1243.00
572.44	1254.00
572.63	1319.00
572.83	1369.00
573.03	1410.00
573.22	1399.00
573.42	1367.00
573.61	1325.00
573.81	1413.00
574.01	1417.00
574.20	1424.00
574.40	1424.00
574.59	1489.00
574.79	1522.00
574.99	1421.00
575.18	1572.00
575.38	1540.00
575.58	1457.00
575.77	1499.00
575.97	1521.00
576.16	1456.00
576.36	1504.00
576.56	1517.00
576.75	1605.00
576.95	1630.00
577.14	1596.00
577.34	1556.00
577.54	1646.00
577.73	1654.00
577.93	1625.00
578.12	1656.00
578.32	1754.00
578.52	1697.00
578.71	1717.00
578.91	1728.00
579.10	1742.00
579.30	1717.00
579.50	1797.00
579.69	1758.00
579.89	1812.00
580.08	1743.00
580.28	1775.00
580.48	1785.00
580.67	1737.00
580.87	1816.00
581.06	1733.00
581.26	1758.00
581.45	1847.00
581.65	1855.00
581.85	1884.00
582.04	1810.00
582.24	1931.00
582.43	1866.00
582.63	1952.00
582.83	2058.00
583.02	2087.00
583.22	2046.00
583.41	1955.00
583.61	1982.00
583.80	2041.00
584.00	2024.00
584.20	2009.00
584.39	1992.00
584.59	2147.00
584.78	2065.00
584.98	2276.00
585.17	2131.00
585.37	1998.00
585.57	2109.00
585.76	2263.00
585.96	2164.00
586.15	2210.00
586.35	2243.00
586.54	2304.00
586.74	2186.00
586.94	2262.00
587.13	2299.00
587.33	2341.00
587.52	2374.00
587.72	2399.00
587.91	2315.00
588.11	2287.00
588.31	2333.00
588.50	2385.00
588.70	2347.00
588.89	2477.00
589.09	2456.00
589.28	2436.00
589.48	2450.00
589.68	2481.00
589.87	2419.00
590.07	2388.00
590.26	2482.00
590.46	2515.00
590.65	2446.00
590.85	2532.00
591.04	2680.00
591.24	2631.00
591.44	2603.00
591.63	2573.00
591.83	2544.00
592.02	2564.00
592.22	2636.00
592.41	2565.00
592.61	2658.00
592.80	2634.00
593.00	2662.00
593.19	2618.00
593.39	2673.00
593.59	2703.00
593.78	2665.00
593.98	2677.00
594.17	2595.00
594.37	2630.00
594.56	2619.00
594.76	2590.00
594.95	2670.00
595.15	2742.00
595.34	2733.00
595.54	2731.00
595.73	2813.00
595.93	2663.00
596.13	2749.00
596.32	2803.00
596.52	2739.00
596.71	2707.00
596.91	2722.00
597.10	2734.00
597.30	2865.00
597.49	2872.00
597.69	2839.00
597.88	2759.00
598.08	2857.00
598.27	2876.00
598.47	2850.00
598.66	2805.00
598.86	2890.00
599.06	2879.00
599.25	2852.00
599.45	2775.00
599.64	2805.00
599.84	2859.00
600.03	2801.00
600.23	2894.00
600.42	2938.00
600.62	2864.00
600.81	2964.00
601.01	2970.00
601.20	2885.00
601.40	2843.00
601.59	2686.00
601.79	2750.00
601.98	2683.00
602.18	2724.00
602.37	2727.00
602.57	2759.00
602.76	2731.00
602.96	2760.00
603.15	2662.00
603.35	2751.00
603.54	2793.00
603.74	2793.00
603.93	2782.00
604.13	2759.00
604.32	2600.00
604.52	2631.00
604.71	2645.00
604.91	2591.00
605.10	2578.00
605.30	2644.00
605.49	2675.00
605.69	2703.00
605.88	2652.00
606.08	2765.00
606.27	2650.00
606.47	2646.00
606.66	2647.00
606.86	2642.00
607.05	2525.00
607.25	2699.00
607.44	2629.00
607.64	2606.00
607.83	2653.00
608.03	2575.00
608.22	2633.00
608.42	2674.00
608.61	2707.00
608.81	2785.00
609.00	2822.00
609.20	2853.00
609.39	2817.00
609.59	2897.00
609.78	3032.00
609.98	3033.00
610.17	3168.00
610.37	3354.00
610.56	3439.00
610.76	3338.00
610.95	3434.00
611.15	3648.00
611.34	3773.00
611.54	3750.00
611.73	3581.00
611.93	3497.00
612.12	3312.00
612.32	3156.00
612.51	3009.00
612.71	2899.00
612.90	2738.00
613.09	2710.00
613.29	2796.00
613.48	2754.00
613.68	2788.00
613.87	2763.00
614.07	2789.00
614.26	2776.00
614.46	2633.00
614.65	2582.00
614.85	2592.00
615.04	2598.00
615.24	2592.00
615.43	2563.00
615.63	2569.00
615.82	2604.00
616.02	2489.00
616.21	2544.00
616.40	2570.00
616.60	2507.00
616.79	2488.00
616.99	2465.00
617.18	2410.00
617.38	2357.00
617.57	2379.00
617.77	2420.00
617.96	2474.00
618.16	2463.00
618.35	2415.00
618.54	2488.00
618.74	2406.00
618.93	2427.00
619.13	2420.00
619.32	2473.00
619.52	2486.00
619.71	2549.00
619.91	2533.00
620.10	2516.00
620.30	2498.00
620.49	2537.00
620.68	2438.00
620.88	2472.00
621.07	2496.00
621.27	2467.00
621.46	2517.00
621.66	2589.00
621.85	2556.00
622.05	2574.00
622.24	2481.00
622.43	2560.00
622.63	2537.00
622.82	2526.00
623.02	2509.00
623.21	2548.00
623.41	2544.00
623.60	2583.00
623.80	2577.00
623.99	2583.00
624.18	2640.00
624.38	2706.00
624.57	2587.00
624.77	2550.00
624.96	2594.00
625.16	2578.00
625.35	2677.00
625.54	2719.00
625.74	2759.00
625.93	2677.00
626.13	2737.00
626.32	2673.00
626.52	2706.00
626.71	2640.00
626.90	2709.00
627.10	2777.00
627.29	2705.00
627.49	2673.00
627.68	2742.00
627.88	2788.00
628.07	2749.00
628.26	2669.00
628.46	2815.00
628.65	2805.00
628.85	2798.00
629.04	2738.00
629.23	2780.00
629.43	2851.00
629.62	2885.00
629.82	2921.00
630.01	2915.00
630.21	2928.00
630.40	3010.00
630.59	3038.00
630.79	2997.00
630.98	2951.00
631.18	3110.00
631.37	3105.00
631.56	3055.00
631.76	3098.00
631.95	3063.00
632.15	3019.00
632.34	3138.00
632.53	3115.00
632.73	2997.00
632.92	2986.00
633.12	3061.00
633.31	3075.00
633.50	2939.00
633.70	2991.00
633.89	3101.00
634.09	3019.00
634.28	3010.00
634.47	3025.00
634.67	3123.00
634.86	3137.00
635.06	3269.00
635.25	3241.00
635.44	3068.00
635.64	3116.00
635.83	3180.00
636.03	3132.00
636.22	3244.00
636.41	3220.00
636.61	3224.00
636.80	3202.00
637.00	3204.00
637.19	3276.00
637.38	3228.00
637.58	3274.00
637.77	3391.00
637.96	3420.00
638.16	3454.00
638.35	3556.00
638.55	3407.00
638.74	3414.00
638.93	3334.00
639.13	3425.00
639.32	3624.00
639.51	3512.00
639.71	3451.00
639.90	3409.00
640.10	3465.00
640.29	3504.00
640.48	3456.00
640.68	3584.00
640.87	3648.00
641.07	3538.00
641.26	3628.00
641.45	3684.00
641.65	3634.00
641.84	3726.00
642.03	3787.00
642.23	3696.00
642.42	3716.00
642.61	3687.00
642.81	3617.00
643.00	3696.00
643.20	3770.00
643.39	3758.00
643.58	3730.00
643.78	3746.00
643.97	3718.00
644.16	3749.00
644.36	3811.00
644.55	3881.00
644.74	3891.00
644.94	3821.00
645.13	3880.00
645.33	3930.00
645.52	4024.00
645.71	3820.00
645.91	3804.00
646.10	3978.00
646.29	3939.00
646.49	3926.00
646.68	3942.00
646.87	3880.00
647.07	3813.00
647.26	3932.00
647.45	3967.00
647.65	4063.00
647.84	4050.00
648.03	3880.00
648.23	4072.00
648.42	4045.00
648.62	3945.00
648.81	3991.00
649.00	4072.00
649.20	4144.00
649.39	3991.00
649.58	4055.00
649.78	4003.00
649.97	4072.00
650.16	4146.00
650.36	4158.00
650.55	4067.00
650.74	4154.00
650.94	4128.00
651.13	4151.00
651.32	4151.00
651.52	4182.00
651.71	4143.00
651.90	4230.00
652.10	4226.00
652.29	4249.00
652.48	4227.00
652.68	4175.00
652.87	4071.00
653.06	4135.00
653.26	4199.00
653.45	4163.00
653.64	4230.00
653.84	4181.00
654.03	4201.00
654.22	4097.00
654.42	4159.00
654.61	4179.00
654.80	4169.00
654.99	4236.00
655.19	4178.00
655.38	4148.00
655.57	4229.00
655.77	4218.00
655.96	4222.00
656.15	4213.00
656.35	4200.00
656.54	4272.00
656.73	4113.00
656.93	4103.00
657.12	4052.00
657.31	4192.00
657.51	4194.00
657.70	4164.00
657.89	4159.00
658.09	4124.00
658.28	4242.00
658.47	4245.00
658.66	4234.00
658.86	4134.00
659.05	4124.00
659.24	4201.00
659.44	4229.00
659.63	4173.00
659.82	4163.00
660.02	4240.00
660.21	4166.00
660.40	4028.00
660.60	4066.00
660.79	4190.00
660.98	4068.00
661.17	4069.00
661.37	4100.00
661.56	4081.00
661.75	4159.00
661.95	4092.00
662.14	4199.00
662.33	4186.00
662.52	4190.00
662.72	4210.00
662.91	4078.00
663.10	4176.00
663.30	4061.00
663.49	4139.00
663.68	4259.00
663.88	4205.00
664.07	4236.00
664.26	4131.00
664.45	4017.00
664.65	4091.00
664.84	3922.00
665.03	3932.00
665.23	3940.00
665.42	4023.00
665.61	3978.00
665.80	3889.00
666.00	4042.00
666.19	3996.00
666.38	3968.00
666.57	4049.00
666.77	3962.00
666.96	3901.00
667.15	3956.00
667.35	3958.00
667.54	3911.00
667.73	3983.00
667.92	3919.00
668.12	3890.00
668.31	3841.00
668.50	3866.00
668.70	3854.00
668.89	3781.00
669.08	3791.00
669.27	3795.00
669.47	3691.00
669.66	3751.00
669.85	3794.00
670.04	3941.00
670.24	3829.00
670.43	3834.00
670.62	3779.00
670.81	3795.00
671.01	3674.00
671.20	3719.00
671.39	3835.00
671.58	3708.00
671.78	3670.00
671.97	3725.00
672.16	3597.00
672.36	3719.00
672.55	3682.00
672.74	3691.00
672.93	3692.00
673.13	3710.00
673.32	3751.00
673.51	3707.00
673.70	3692.00
673.90	3652.00
674.09	3719.00
674.28	3724.00
674.47	3708.00
674.67	3748.00
674.86	3696.00
675.05	3770.00
675.24	3700.00
675.44	3654.00
675.63	3650.00
675.82	3670.00
676.01	3517.00
676.21	3590.00
676.40	3635.00
676.59	3569.00
676.78	3567.00
676.97	3488.00
677.17	3443.00
677.36	3504.00
677.55	3520.00
677.74	3539.00
677.94	3566.00
678.13	3619.00
678.32	3616.00
678.51	3556.00
678.71	3604.00
678.90	3603.00
679.09	3464.00
679.28	3494.00
679.48	3592.00
679.67	3562.00
679.86	3564.00
680.05	3598.00
680.24	3625.00
680.44	3428.00
680.63	3379.00
680.82	3480.00
681.01	3453.00
681.21	3509.00
681.40	3462.00
681.59	3385.00
681.78	3384.00
681.97	3398.00
682.17	3370.00
682.36	3443.00
682.55	3439.00
682.74	3514.00
682.94	3489.00
683.13	3435.00
683.32	3436.00
683.51	3490.00
683.70	3409.00
683.90	3462.00
684.09	3514.00
684.28	3526.00
684.47	3395.00
684.66	3388.00
684.86	3377.00
685.05	3409.00
685.24	3395.00
685.43	3406.00
685.63	3438.00
685.82	3398.00
686.01	3363.00
686.20	3324.00
686.39	3449.00
686.59	3477.00
686.78	3415.00
686.97	3460.00
687.16	3408.00
687.35	3388.00
687.55	3434.00
687.74	3415.00
687.93	3624.00
688.12	3518.00
688.31	3440.00
688.51	3493.00
688.70	3549.00
688.89	3426.00
689.08	3373.00
689.27	3442.00
689.47	3371.00
689.66	3319.00
689.85	3427.00
690.04	3475.00
690.23	3373.00
690.42	3306.00
690.62	3265.00
690.81	3388.00
691.00	3373.00
691.19	3431.00
691.38	3335.00
691.58	3279.00
691.77	3398.00
691.96	3437.00
692.15	3392.00
692.34	3400.00
692.54	3423.00
692.73	3451.00
692.92	3487.00
693.11	3442.00
693.30	3472.00
693.49	3439.00
693.69	3477.00
693.88	3464.00
694.07	3489.00
694.26	3538.00
694.45	3528.00
694.64	3407.00
694.84	3452.00
695.03	3311.00
695.22	3273.00
695.41	3326.00
695.60	3417.00
695.80	3436.00
695.99	3363.00
696.18	3422.00
696.37	3469.00
696.56	3454.00
696.75	3456.00
696.95	3361.00
697.14	3463.00
697.33	3549.00
697.52	3455.00
697.71	3540.00
697.90	3483.00
698.09	3676.00
698.29	3602.00
698.48	3593.00
698.67	3604.00
698.86	3560.00
699.05	3602.00
699.24	3485.00
699.44	3542.00
699.63	3598.00
699.82	3502.00
700.01	3579.00
700.20	3521.00
700.39	3547.00
700.58	3495.00
700.78	3643.00
700.97	3598.00
701.16	3440.00
701.35	3483.00
701.54	3671.00
701.73	3652.00
701.93	3723.00
702.12	3616.00
702.31	3665.00
702.50	3666.00
702.69	3580.00
702.88	3688.00
703.07	3714.00
703.27	3759.00
703.46	3761.00
703.65	3718.00
703.84	3752.00
704.03	3699.00
704.22	3701.00
704.41	3741.00
704.60	3745.00
704.80	3754.00
704.99	3712.00
705.18	3771.00
705.37	3839.00
705.56	3878.00
705.75	3835.00
705.94	3936.00
706.14	3934.00
706.33	4001.00
706.52	3987.00
706.71	3941.00
706.90	4004.00
707.09	3911.00
707.28	3956.00
707.47	3969.00
707.67	4027.00
707.86	4044.00
708.05	4081.00
708.24	4062.00
708.43	4093.00
708.62	4039.00
708.81	4064.00
709.00	4121.00
709.20	4191.00
709.39	4136.00
709.58	4167.00
709.77	4218.00
709.96	4074.00
710.15	4065.00
710.34	4124.00
710.53	4182.00
710.72	4045.00
710.92	4057.00
711.11	4037.00
711.30	4096.00
711.49	4163.00
711.68	4149.00
711.87	4160.00
712.06	4248.00
712.25	4184.00
712.44	4261.00
712.64	4221.00
712.83	4212.00
713.02	4370.00
713.21	4280.00
713.40	4264.00
713.59	4312.00
713.78	4256.00
713.97	4365.00
714.16	4222.00
714.35	4310.00
714.55	4306.00
714.74	4412.00
714.93	4412.00
715.12	4249.00
715.31	4263.00
715.50	4353.00
715.69	4426.00
715.88	4410.00
716.07	4288.00
716.26	4333.00
716.45	4393.00
716.65	4317.00
716.84	4251.00
717.03	4296.00
717.22	4389.00
717.41	4461.00
717.60	4436.00
717.79	4394.00
717.98	4352.00
718.17	4409.00
718.36	4398.00
718.55	4374.00
718.75	4563.00
718.94	4574.00
719.13	4642.00
719.32	4639.00
719.51	4641.00
719.70	4541.00
719.89	4507.00
720.08	4495.00
720.27	4565.00
720.46	4647.00
720.65	4521.00
720.84	4477.00
721.03	4506.00
721.22	4503.00
721.42	4514.00
721.61	4472.00
721.80	4420.00
721.99	4441.00
722.18	4427.00
722.37	4407.00
722.56	4456.00
722.75	4502.00
722.94	4346.00
723.13	4308.00
723.32	4448.00
723.51	4452.00
723.70	4465.00
723.89	4431.00
724.08	4496.00
724.28	4542.00
724.47	4552.00
724.66	4474.00
724.85	4404.00
725.04	4534.00
725.23	4513.00
725.42	4526.00
725.61	4509.00
725.80	4562.00
725.99	4671.00
726.18	4641.00
726.37	4597.00
726.56	4583.00
726.75	4583.00
726.94	4545.00
727.13	4561.00
727.32	4488.00
727.51	4546.00
727.71	4538.00
727.90	4535.00
728.09	4537.00
728.28	4480.00
728.47	4515.00
728.66	4395.00
728.85	4562.00
729.04	4550.00
729.23	4494.00
729.42	4449.00
729.61	4402.00
729.80	4473.00
729.99	4453.00
730.18	4553.00
730.37	4576.00
730.56	4637.00
730.75	4530.00
730.94	4562.00
731.13	4546.00
731.32	4558.00
731.51	4591.00
731.70	4765.00
731.89	4631.00
732.08	4559.00
732.27	4589.00
732.46	4554.00
732.65	4490.00
732.84	4568.00
733.04	4590.00
733.23	4619.00
733.42	4507.00
733.61	4485.00
733.80	4500.00
733.99	4541.00
734.18	4404.00
734.37	4401.00
734.56	4433.00
734.75	4430.00
734.94	4357.00
735.13	4366.00
735.32	4397.00
735.51	4480.00
735.70	4409.00
735.89	4293.00
736.08	4349.00
736.27	4436.00
736.46	4366.00
736.65	4349.00
736.84	4339.00
737.03	4275.00
737.22	4396.00
737.41	4395.00
737.60	4265.00
737.79	4465.00
737.98	4463.00
738.17	4248.00
738.36	4241.00
738.55	4345.00
738.74	4394.00
738.93	4366.00
739.12	4428.00
739.31	4303.00
739.50	4337.00
739.69	4395.00
739.88	4267.00
740.07	4214.00
740.26	4175.00
740.45	4205.00
740.64	4181.00
740.83	4240.00
741.02	4231.00
741.21	4143.00
741.40	4039.00
741.59	4124.00
741.78	4124.00
741.97	4103.00
742.16	4086.00
742.35	4019.00
742.54	4006.00
742.73	4038.00
742.92	3982.00
743.11	3925.00
743.30	4017.00
743.49	4071.00
743.68	3885.00
743.87	3907.00
744.06	3994.00
744.25	3941.00
744.44	3940.00
744.63	3982.00
744.82	3889.00
745.01	4051.00
745.20	4036.00
745.39	3944.00
745.58	4079.00
745.77	4019.00
745.96	3989.00
746.15	4066.00
746.34	3994.00
746.52	3993.00
746.71	3955.00
746.90	3996.00
747.09	3965.00
747.28	3901.00
747.47	3827.00
747.66	3893.00
747.85	3836.00
748.04	3812.00
748.23	3759.00
748.42	3780.00
748.61	3763.00
748.80	3820.00
748.99	3718.00
749.18	3743.00
749.37	3674.00
749.56	3747.00
749.75	3648.00
749.94	3617.00
750.13	3635.00
750.32	3559.00
750.51	3631.00
750.70	3610.00
750.89	3623.00
751.08	3562.00
751.27	3666.00
751.46	3580.00
751.64	3629.00
751.83	3694.00
752.02	3645.00
752.21	3541.00
752.40	3624.00
752.59	3480.00
752.78	3569.00
752.97	3709.00
753.16	3614.00
753.35	3540.00
753.54	3466.00
753.73	3571.00
753.92	3547.00
754.11	3569.00
754.30	3546.00
754.49	3455.00
754.68	3494.00
754.87	3575.00
755.06	3532.00
755.24	3497.00
755.43	3672.00
755.62	3501.00
755.81	3359.00
756.00	3328.00
756.19	3467.00
756.38	3520.00
756.57	3502.00
756.76	3461.00
756.95	3478.00
757.14	3411.00
757.33	3386.00
757.52	3385.00
757.71	3199.00
757.90	3239.00
758.08	3311.00
758.27	3419.00
758.46	3335.00
758.65	3286.00
758.84	3327.00
759.03	3331.00
759.22	3343.00
759.41	3375.00
759.60	3355.00
759.79	3353.00
759.98	3324.00
760.17	3272.00
760.36	3294.00
760.54	3315.00
760.73	3402.00
760.92	3292.00
761.11	3230.00
761.30	3177.00
761.49	3177.00
761.68	3145.00
761.87	3102.00
762.06	2959.00
762.25	2924.00
762.44	2858.00
762.63	2908.00
762.81	2907.00
763.00	2820.00
763.19	2786.00
763.38	2863.00
763.57	2846.00
763.76	2898.00
763.95	2744.00
764.14	2825.00
764.33	2851.00
764.52	2735.00
764.71	2745.00
764.89	2822.00
765.08	2814.00
765.27	2719.00
765.46	2759.00
765.65	2843.00
765.84	2853.00
766.03	2953.00
766.22	2864.00
766.41	2839.00
766.59	2868.00
766.78	2923.00
766.97	3029.00
767.16	2970.00
767.35	2958.00
767.54	3094.00
767.73	3058.00
767.92	3064.00
768.11	3117.00
768.30	3113.00
768.48	3131.00
768.67	3213.00
768.86	3206.00
769.05	3177.00
769.24	3167.00
769.43	3142.00
769.62	3185.00
769.81	3139.00
769.99	3122.00
770.18	3056.00
770.37	3069.00
770.56	3162.00
770.75	3129.00
770.94	3161.00
771.13	3116.00
771.32	3002.00
771.50	3087.00
771.69	3125.00
771.88	3144.00
772.07	3142.00
772.26	3085.00
772.45	3161.00
772.64	3111.00
772.83	3100.00
773.01	3057.00
773.20	3136.00
773.39	3230.00
773.58	3212.00
773.77	3152.00
773.96	3162.00
774.15	3104.00
774.34	2987.00
774.52	3034.00
774.71	3108.00
774.90	3123.00
775.09	3064.00
775.28	3098.00
775.47	3053.00
775.66	3082.00
775.84	3015.00
776.03	3082.00
776.22	3147.00
776.41	3034.00
776.60	3005.00
776.79	3131.00
776.98	2993.00
777.16	3076.00
777.35	2985.00
777.54	3034.00
777.73	2987.00
777.92	2928.00
778.11	2960.00
778.29	2928.00
778.48	2931.00
778.67	3068.00
778.86	3032.00
779.05	3058.00
779.24	2950.00
779.43	3014.00
779.61	2886.00
779.80	3010.00
779.99	3023.00
780.18	2981.00
780.37	3053.00
780.56	3043.00
780.74	2993.00
780.93	3018.00
781.12	3069.00
781.31	3041.00
781.50	3046.00
781.69	3067.00
781.87	3091.00
782.06	2987.00
782.25	3018.00
782.44	3109.00
782.63	3049.00
782.82	3048.00
783.00	3084.00
783.19	3059.00
783.38	3006.00
783.57	3026.00
783.76	3088.00
783.95	3136.00
784.13	3139.00
784.32	3019.00
784.51	3043.00
784.70	3084.00
784.89	3116.00
785.08	3121.00
785.26	3086.00
785.45	3090.00
785.64	3072.00
785.83	3152.00
786.02	3140.00
786.20	3157.00
786.39	3067.00
786.58	3044.00
786.77	3104.00
786.96	3110.00
787.15	3107.00
787.33	3134.00
787.52	3126.00
787.71	3166.00
787.90	3125.00
788.09	3190.00
788.27	3175.00
788.46	3185.00
788.65	3099.00
788.84	3227.00
789.03	3255.00
789.21	3196.00
789.40	3262.00
789.59	3250.00
789.78	3175.00
789.97	3274.00
790.15	3270.00
790.34	3215.00
790.53	3205.00
790.72	3264.00
790.91	3307.00
791.09	3167.00
791.28	3149.00
791.47	3290.00
791.66	3288.00
791.85	3289.00
792.03	3227.00
792.22	3344.00
792.41	3237.00
792.60	3314.00
792.79	3359.00
792.97	3378.00
793.16	3376.00
793.35	3425.00
793.54	3401.00
793.72	3455.00
793.91	3409.00
794.10	3352.00
794.29	3420.00
794.48	3326.00
794.66	3297.00
794.85	3314.00
795.04	3260.00
795.23	3290.00
795.42	3345.00
795.60	3367.00
795.79	3415.00
795.98	3446.00
796.17	3407.00
796.35	3368.00
796.54	3400.00
796.73	3463.00
796.92	3395.00
797.11	3373.00
797.29	3398.00
797.48	3394.00
797.67	3329.00
797.86	3373.00
798.04	3288.00
798.23	3295.00
798.42	3245.00
798.61	3377.00
798.79	3235.00
798.98	3290.00
799.17	3298.00
799.36	3379.00
799.54	3311.00
799.73	3227.00
799.92	3213.00
800.11	3245.00
800.30	3262.00
800.48	3279.00
800.67	3386.00
800.86	3408.00
801.05	3387.00
801.23	3341.00
801.42	3441.00
801.61	3425.00
801.80	3354.00
801.98	3355.00
802.17	3462.00
802.36	3438.00
802.55	3420.00
802.73	3521.00
802.92	3410.00
803.11	3357.00
803.30	3441.00
803.48	3430.00
803.67	3411.00
803.86	3339.00
804.05	3372.00
804.23	3440.00
804.42	3411.00
804.61	3462.00
804.80	3357.00
804.98	3342.00
805.17	3352.00
805.36	3493.00
805.54	3493.00
805.73	3374.00
805.92	3373.00
806.11	3456.00
806.29	3475.00
806.48	3488.00
806.67	3487.00
806.86	3439.00
807.04	3444.00
807.23	3389.00
807.42	3410.00
807.61	3444.00
807.79	3404.00
807.98	3370.00
808.17	3370.00
808.35	3497.00
808.54	3408.00
808.73	3434.00
808.92	3479.00
809.10	3375.00
809.29	3322.00
809.48	3450.00
809.67	3469.00
809.85	3494.00
810.04	3324.00
810.23	3283.00
810.41	3321.00
810.60	3455.00
810.79	3365.00
810.98	3466.00
811.16	3408.00
811.35	3444.00
811.54	3403.00
811.72	3376.00
811.91	3411.00
812.10	3292.00
812.29	3326.00
812.47	3519.00
812.66	3390.00
812.85	3448.00
813.03	3492.00
813.22	3399.00
813.41	3272.00
813.60	3355.00
813.78	3350.00
813.97	3360.00
814.16	3362.00
814.34	3398.00
814.53	3311.00
814.72	3359.00
814.90	3528.00
815.09	3413.00
815.28	3363.00
815.47	3331.00
815.65	3399.00
815.84	3404.00
816.03	3325.00
816.21	3433.00
816.40	3366.00
816.59	3352.00
816.77	3354.00
816.96	3462.00
817.15	3493.00
817.33	3345.00
817.52	3512.00
817.71	3453.00
817.90	3369.00
818.08	3380.00
818.27	3339.00
818.46	3440.00
818.64	3451.00
818.83	3459.00
819.02	3358.00
819.20	3372.00
819.39	3468.00
819.58	3461.00
819.76	3410.00
819.95	3345.00
820.14	3288.00
820.32	3386.00
820.51	3522.00
820.70	3461.00
820.88	3485.00
821.07	3416.00
821.26	3465.00
821.44	3309.00
821.63	3370.00
821.82	3466.00
822.01	3480.00
822.19	3436.00
822.38	3366.00
822.57	3393.00
822.75	3445.00
822.94	3448.00
823.13	3374.00
823.31	3317.00
823.50	3311.00
823.69	3273.00
823.87	3266.00
824.06	3337.00
824.25	3351.00
824.43	3332.00
824.62	3359.00
824.80	3355.00
824.99	3267.00
825.18	3350.00
825.36	3344.00
825.55	3272.00
825.74	3338.00
825.92	3341.00
826.11	3217.00
826.30	3302.00
826.48	3296.00
826.67	3329.00
826.86	3411.00
827.04	3358.00
827.23	3281.00
827.42	3340.00
827.60	3279.00
827.79	3329.00
827.98	3265.00
828.16	3186.00
828.35	3234.00
828.54	3130.00
828.72	3138.00
828.91	3104.00
829.09	3143.00
829.28	3197.00
829.47	3151.00
829.65	3199.00
829.84	3208.00
830.03	3217.00
830.21	3145.00
830.40	3184.00
830.59	3175.00
830.77	3154.00
830.96	3141.00
831.14	3206.00
831.33	3202.00
831.52	3115.00
831.70	3157.00
831.89	3120.00
832.08	3061.00
832.26	3085.00
832.45	3207.00
832.64	3229.00
832.82	3176.00
833.01	3134.00
833.19	3243.00
833.38	3155.00
833.57	3115.00
833.75	3144.00
833.94	3015.00
834.13	3062.00
834.31	3038.00
834.50	3116.00
834.68	3156.00
834.87	3173.00
835.06	3155.00
835.24	3143.00
835.43	3132.00
835.61	3170.00
835.80	3141.00
835.99	3146.00
836.17	3098.00
836.36	3212.00
836.55	3119.00
836.73	3018.00
836.92	3049.00
837.10	3137.00
837.29	3030.00
837.48	3071.00
837.66	3197.00
837.85	3039.00
838.03	3022.00
838.22	3069.00
838.41	3082.00
838.59	3103.00
838.78	3106.00
838.96	3055.00
839.15	3031.00
839.34	3053.00
839.52	3025.00
839.71	3041.00
839.89	3028.00
840.08	2954.00
840.27	2996.00
840.45	2905.00
840.64	2943.00
840.82	2904.00
841.01	3021.00
841.20	2982.00
841.38	2968.00
841.57	2886.00
841.75	2970.00
841.94	3021.00
842.13	2899.00
842.31	2928.00
842.50	2885.00
842.68	2891.00
842.87	2801.00
843.05	2833.00
843.24	2838.00
843.43	2785.00
843.61	2830.00
843.80	2842.00
843.98	2803.00
844.17	2881.00
844.36	2813.00
844.54	2811.00
844.73	2851.00
844.91	2888.00
845.10	2890.00
845.28	2797.00
845.47	2844.00
845.66	2759.00
845.84	2768.00
846.03	2843.00
846.21	2705.00
846.40	2766.00
846.58	2744.00
846.77	2762.00
846.96	2821.00
847.14	2808.00
847.33	2711.00
847.51	2658.00
847.70	2827.00
847.88	2752.00
848.07	2650.00
848.25	2631.00
848.44	2707.00
848.63	2724.00
848.81	2622.00
849.00	2679.00
849.18	2731.00
849.37	2680.00
849.55	2608.00
849.74	2623.00
849.93	2531.00
850.11	2651.00
850.30	2692.00
850.48	2642.00
850.67	2671.00
850.85	2709.00
851.04	2657.00
851.22	2632.00
851.41	2659.00
851.59	2553.00
851.78	2563.00
851.97	2601.00
852.15	2512.00
852.34	2574.00
852.52	2705.00
852.71	2678.00
852.89	2585.00
853.08	2622.00
853.26	2503.00
853.45	2570.00
853.63	2589.00
853.82	2524.00
854.01	2497.00
854.19	2585.00
854.38	2541.00
854.56	2545.00
854.75	2544.00
854.93	2443.00
855.12	2515.00
855.30	2523.00
855.49	2570.00
855.67	2496.00
855.86	2551.00
856.04	2606.00
856.23	2539.00
856.41	2551.00
856.60	2566.00
856.79	2482.00
856.97	2445.00
857.16	2545.00
857.34	2429.00
857.53	2437.00
857.71	2433.00
857.90	2419.00
858.08	2405.00
858.27	2416.00
858.45	2525.00
858.64	2550.00
858.82	2489.00
859.01	2364.00
859.19	2532.00
859.38	2519.00
859.56	2429.00
859.75	2327.00
859.93	2430.00
860.12	2420.00
860.30	2335.00
860.49	2362.00
860.67	2332.00
860.86	2379.00
861.04	2324.00
861.23	2341.00
861.41	2409.00
861.60	2388.00
861.78	2346.00
861.97	2386.00
862.15	2250.00
862.34	2261.00
862.53	2228.00
862.71	2325.00
862.90	2345.00
863.08	2243.00
863.27	2234.00
863.45	2288.00
863.64	2379.00
863.82	2261.00
864.01	2239.00
864.19	2161.00
864.37	2170.00
864.56	2296.00
864.74	2304.00
864.93	2274.00
865.11	2238.00
865.30	2243.00
865.48	2270.00
865.67	2192.00
865.85	2201.00
866.04	2255.00
866.22	2210.00
866.41	2173.00
866.59	2122.00
866.78	2133.00
866.96	2174.00
867.15	2153.00
867.33	2143.00
867.52	2187.00
867.70	2202.00
867.89	2091.00
868.07	2093.00
868.26	2024.00
868.44	2125.00
868.63	2127.00
868.81	2175.00
869.00	2092.00
869.18	2094.00
869.37	2157.00
869.55	2132.00
869.74	2102.00
869.92	2078.00
870.10	2133.00
870.29	2122.00
870.47	2096.00
870.66	2119.00
870.84	2093.00
871.03	1977.00
871.21	1981.00
871.40	1992.00
871.58	2003.00
871.77	2069.00
871.95	2102.00
872.14	2090.00
872.32	2022.00
872.51	2052.00
872.69	2028.00
872.87	1985.00
873.06	2009.00
873.24	1989.00
873.43	2024.00
873.61	1936.00
873.80	1960.00
873.98	2011.00
874.17	1959.00
874.35	1880.00
874.54	1982.00
874.72	2040.00
874.90	1951.00
875.09	1945.00
875.27	1930.00
875.46	1883.00
875.64	1960.00
875.83	1956.00
876.01	1974.00
876.20	2013.00
876.38	1915.00
876.56	1950.00
876.75	2006.00
876.93	1983.00
877.12	1979.00
877.30	1967.00
877.49	1899.00
877.67	1931.00
877.86	1951.00
878.04	1949.00
878.22	1901.00
878.41	1940.00
878.59	1969.00
878.78	2109.00
878.96	1965.00
879.15	1815.00
879.33	1946.00
879.51	1930.00
879.70	1931.00
879.88	1950.00
880.07	2001.00
880.25	1963.00
880.44	1979.00
880.62	1940.00
880.80	1941.00
880.99	1916.00
881.17	1909.00
881.36	1883.00
881.54	1930.00
881.73	1892.00
881.91	1940.00
882.09	1974.00
882.28	1888.00
882.46	1923.00
882.65	1918.00
882.83	1880.00
883.02	1897.00
883.20	1906.00
883.38	1925.00
883.57	1837.00
883.75	1878.00
883.94	1836.00
884.12	1805.00
884.30	1822.00
884.49	1861.00
884.67	1877.00
884.86	1894.00
885.04	1775.00
885.22	1777.00
885.41	1812.00
885.59	1854.00
885.78	1877.00
885.96	1855.00
886.14	1828.00
886.33	1872.00
886.51	1855.00
886.70	1808.00
886.88	1852.00
887.06	1842.00
887.25	1840.00
887.43	1777.00
887.62	1810.00
887.80	1856.00
887.98	1835.00
888.17	1788.00
888.35	1776.00
888.54	1839.00
888.72	1774.00
888.90	1860.00
889.09	1802.00
889.27	1904.00
889.46	1842.00
889.64	1743.00
889.82	1732.00
890.01	1821.00
890.19	1834.00
890.38	1819.00
890.56	1774.00
890.74	1768.00
890.93	1804.00
891.11	1801.00
891.29	1788.00
891.48	1811.00
891.66	1864.00
891.85	1764.00
892.03	1728.00
892.21	1758.00
892.40	1796.00
892.58	1752.00
892.76	1774.00
892.95	1760.00
893.13	1845.00
893.32	1890.00
893.50	1858.00
893.68	1809.00
893.87	1800.00
894.05	1837.00
894.23	1829.00
894.42	1799.00
894.60	1805.00
894.79	1830.00
894.97	1775.00
895.15	1761.00
895.34	1800.00
895.52	1843.00
895.70	1875.00
895.89	1828.00
896.07	1841.00
896.25	1910.00
896.44	1804.00
896.62	1776.00
896.81	1808.00
896.99	1984.00
897.17	1849.00
897.36	1828.00
897.54	1842.00
897.72	1904.00
897.91	1894.00
898.09	1879.00
898.27	1904.00
898.46	1855.00
898.64	1952.00
898.82	1863.00
899.01	1896.00
899.19	1828.00
899.37	1882.00
899.56	1904.00
899.74	1878.00
899.92	1872.00
900.11	1940.00
900.29	1865.00
900.47	1828.00
900.66	1903.00
900.84	1954.00
901.03	1964.00
901.21	1975.00
901.39	1920.00
901.58	1922.00
901.76	1981.00
901.94	1982.00
902.13	1983.00
902.31	1944.00
902.49	2039.00
902.68	1955.00
902.86	2003.00
903.04	1971.00
903.23	1996.00
903.41	2033.00
903.59	1912.00
903.78	1950.00
903.96	2002.00
904.14	1984.00
904.32	2039.00
904.51	2084.00
904.69	1985.00
904.87	2031.00
905.06	1968.00
905.24	1970.00
905.42	1998.00
905.61	2046.00
905.79	2020.00
905.97	2026.00
906.16	1979.00
906.34	1985.00
906.52	2155.00
906.71	1970.00
906.89	2011.00
907.07	2086.00
907.26	2155.00
907.44	2134.00
907.62	2027.00
907.81	2042.00
907.99	2063.00
908.17	2092.00
908.35	1941.00
908.54	1990.00
908.72	2115.00
908.90	2148.00
909.09	2104.00
909.27	2025.00
909.45	2029.00
909.64	1930.00
909.82	2018.00
910.00	2072.00
910.18	2069.00
910.37	1963.00
910.55	1951.00
910.73	1979.00
910.92	2026.00
911.10	2083.00
911.28	2051.00
911.47	2005.00
911.65	1875.00
911.83	1937.00
912.01	2009.00
912.20	1969.00
912.38	1959.00
912.56	1895.00
912.75	1949.00
912.93	2057.00
913.11	2014.00
913.29	1990.00
913.48	1941.00
913.66	1950.00
913.84	1835.00
914.03	1867.00
914.21	1915.00
914.39	1853.00
914.57	1953.00
914.76	1896.00
914.94	1905.00
915.12	1892.00
915.31	1828.00
915.49	1887.00
915.67	1912.00
915.85	1976.00
916.04	1944.00
916.22	1962.00
916.40	1986.00
916.58	1916.00
916.77	1900.00
916.95	1886.00
917.13	1921.00
917.32	1815.00
917.50	1852.00
917.68	1940.00
917.86	1921.00
918.05	1816.00
918.23	1903.00
918.41	2020.00
918.59	1956.00
918.78	1909.00
918.96	1856.00
919.14	1885.00
919.32	1920.00
919.51	1904.00
919.69	1828.00
919.87	1784.00
920.05	1799.00
920.24	1814.00
920.42	1926.00
920.60	1884.00
920.78	1866.00
920.97	1852.00
921.15	1875.00
921.33	1807.00
921.52	1854.00
921.70	1899.00
921.88	1836.00
922.06	1776.00
922.24	1725.00
922.43	1707.00
922.61	1776.00
922.79	1810.00
922.97	1764.00
923.16	1723.00
923.34	1799.00
923.52	1744.00
923.70	1681.00
923.89	1688.00
924.07	1765.00
924.25	1766.00
924.43	1746.00
924.62	1757.00
924.80	1780.00
924.98	1714.00
925.16	1781.00
925.35	1789.00
925.53	1762.00
925.71	1736.00
925.89	1789.00
926.08	1766.00
926.26	1702.00
926.44	1741.00
926.62	1820.00
926.80	1711.00
926.99	1625.00
927.17	1663.00
927.35	1697.00
927.53	1668.00
927.72	1656.00
927.90	1751.00
928.08	1743.00
928.26	1719.00
928.44	1682.00
928.63	1600.00
928.81	1670.00
928.99	1688.00
929.17	1676.00
929.36	1597.00
929.54	1616.00
929.72	1621.00
929.90	1642.00
930.08	1704.00
930.27	1634.00
930.45	1580.00
930.63	1574.00
930.81	1641.00
930.99	1600.00
931.18	1657.00
931.36	1682.00
931.54	1657.00
931.72	1573.00
931.90	1550.00
932.09	1479.00
932.27	1441.00
932.45	1573.00
932.63	1607.00
932.81	1521.00
933.00	1506.00
933.18	1564.00
933.36	1515.00
933.54	1428.00
933.72	1473.00
933.91	1505.00
934.09	1388.00
934.27	1415.00
934.45	1458.00
934.63	1482.00
934.82	1487.00
935.00	1412.00
935.18	1271.00
935.36	1351.00
935.54	1309.00
935.73	1336.00
935.91	1376.00
936.09	1286.00
936.27	1294.00
936.45	1259.00
936.64	1288.00
936.82	1266.00
937.00	1269.00
937.18	1119.00
937.36	1140.00
937.54	1154.00
937.73	1157.00
937.91	1112.00
938.09	1184.00
938.27	1098.00
938.45	1065.00
938.63	1094.00
938.82	1022.00
939.00	1082.00
939.18	1047.00
939.36	960.00
939.54	981.00
939.73	1015.00
939.91	967.00
940.09	963.00
940.27	910.00
940.45	863.00
940.63	910.00
940.82	936.00
941.00	864.00
941.18	859.00
941.36	834.00
941.54	889.00
941.72	896.00
941.91	916.00
942.09	870.00
942.27	859.00
942.45	831.00
942.63	814.00
942.81	900.00
942.99	897.00
943.18	875.00
943.36	810.00
943.54	869.00
943.72	878.00
943.90	851.00
944.08	790.00
944.27	819.00
944.45	852.00
944.63	793.00
944.81	810.00
944.99	725.00
945.17	693.00
945.35	738.00
945.54	699.00
945.72	713.00
945.90	790.00
946.08	853.00
946.26	833.00
946.44	791.00
946.62	772.00
946.81	777.00
946.99	778.00
947.17	871.00
947.35	814.00
947.53	854.00
947.71	791.00
947.89	851.00
948.07	739.00
948.26	751.00
948.44	851.00
948.62	795.00
948.80	791.00
948.98	861.00
949.16	820.00
949.34	776.00
949.53	790.00
949.71	802.00
949.89	748.00
950.07	750.00
950.25	818.00
950.43	825.00
950.61	785.00
950.79	740.00
950.98	809.00
951.16	755.00
951.34	819.00
951.52	836.00
951.70	812.00
951.88	857.00
952.06	819.00
952.24	830.00
952.42	750.00
952.61	766.00
952.79	764.00
952.97	736.00
953.15	763.00
953.33	797.00
953.51	815.00
953.69	886.00
953.87	824.00
954.05	708.00
954.24	716.00
954.42	793.00
954.60	843.00
954.78	766.00
954.96	840.00
955.14	850.00
955.32	795.00
955.50	779.00
955.68	707.00
955.86	712.00
956.05	745.00
956.23	710.00
956.41	765.00
956.59	815.00
956.77	754.00
956.95	782.00
957.13	763.00
957.31	733.00
957.49	769.00
957.67	739.00
957.86	751.00
958.04	687.00
958.22	706.00
958.40	683.00
958.58	695.00
958.76	798.00
958.94	793.00
959.12	757.00
959.30	767.00
959.48	839.00
959.66	769.00
959.84	753.00
960.03	710.00
960.21	763.00
960.39	731.00
960.57	782.00
960.75	772.00
960.93	771.00
961.11	764.00
961.29	769.00
961.47	743.00
961.65	700.00
961.83	724.00
962.01	704.00
962.19	711.00
962.37	730.00
962.56	696.00
962.74	760.00
962.92	744.00
963.10	742.00
963.28	711.00
963.46	712.00
963.64	812.00
963.82	750.00
964.00	701.00
964.18	764.00
964.36	662.00
964.54	728.00
964.72	691.00
964.90	742.00
965.08	678.00
965.27	669.00
965.45	704.00
965.63	696.00
965.81	623.00
965.99	629.00
966.17	691.00
966.35	726.00
966.53	716.00
966.71	631.00
966.89	642.00
967.07	622.00
967.25	691.00
967.43	680.00
967.61	726.00
967.79	721.00
967.97	687.00
968.15	700.00
968.33	740.00
968.51	697.00
968.69	653.00
968.87	668.00
969.06	706.00
969.24	710.00
969.42	678.00
969.60	642.00
969.78	676.00
969.96	613.00
970.14	639.00
970.32	637.00
970.50	635.00
970.68	676.00
970.86	664.00
971.04	602.00
971.22	640.00
971.40	650.00
971.58	644.00
971.76	634.00
971.94	571.00
972.12	606.00
972.30	629.00
972.48	684.00
972.66	595.00
972.84	688.00
973.02	711.00
973.20	611.00
973.38	594.00
973.56	580.00
973.74	658.00
973.92	629.00
974.10	633.00
974.28	623.00
974.46	544.00
974.64	639.00
974.82	585.00
975.00	567.00
975.18	600.00
975.36	582.00
975.54	574.00
975.72	626.00
975.90	637.00
976.08	586.00
976.26	611.00
976.44	601.00
976.62	587.00
976.80	543.00
976.98	609.00
977.16	658.00
977.34	610.00
977.52	675.00
977.70	571.00
977.88	595.00
978.06	553.00
978.24	567.00
978.42	455.00
978.60	522.00
978.78	580.00
978.96	613.00
979.14	523.00
979.32	539.00
979.50	567.00
979.68	562.00
979.86	535.00
980.04	572.00
980.22	597.00
980.40	586.00
980.58	547.00
980.76	490.00
980.94	494.00
981.12	535.00
981.30	555.00
981.48	564.00
981.66	575.00
981.84	583.00
982.02	504.00
982.20	502.00
982.38	530.00
982.56	535.00
982.74	489.00
982.92	512.00
983.10	473.00
983.28	481.00
983.46	494.00
983.64	477.00
983.82	502.00
984.00	507.00
984.18	527.00
984.36	579.00
984.54	567.00
984.72	545.00
984.90	560.00
985.08	488.00
985.26	507.00
985.44	470.00
985.62	534.00
985.80	518.00
985.98	432.00
986.16	431.00
986.34	459.00
986.51	521.00
986.69	497.00
986.87	474.00
987.05	466.00
987.23	516.00
987.41	462.00
987.59	476.00
987.77	513.00
987.95	497.00
988.13	522.00
988.31	555.00
988.49	464.00
988.67	484.00
988.85	435.00
989.03	487.00
989.21	426.00
989.39	394.00
989.57	462.00
989.75	527.00
989.93	510.00
990.11	463.00
990.28	447.00
990.46	421.00
990.64	428.00
990.82	425.00
991.00	443.00
991.18	457.00
991.36	492.00
991.54	498.00
991.72	369.00
991.90	469.00
992.08	406.00
992.26	440.00
992.44	445.00
992.62	382.00
992.80	422.00
992.98	479.00
993.15	430.00
993.33	465.00
993.51	479.00
993.69	461.00
993.87	456.00
994.05	431.00
994.23	378.00
994.41	331.00
994.59	381.00
994.77	400.00
994.95	470.00
995.13	499.00
995.31	479.00
995.48	373.00
995.66	432.00
995.84	431.00
996.02	388.00
996.20	335.00
996.38	374.00
996.56	416.00
996.74	410.00
996.92	410.00
997.10	400.00
997.28	401.00
997.46	410.00
997.63	369.00
997.81	389.00
997.99	394.00
998.17	337.00
998.35	351.00
998.53	370.00
998.71	358.00
998.89	353.00
999.07	358.00
999.25	417.00
999.43	367.00
999.60	387.00
999.78	438.00
999.96	353.00
1000.14	431.00
1000.32	331.00
1000.50	284.00
1000.68	289.00
1000.86	392.00
1001.04	428.00
1001.21	407.00
1001.39	416.00
1001.57	417.00
1001.75	370.00
1001.93	412.00
1002.11	372.00
1002.29	358.00
1002.47	384.00
1002.65	335.00
1002.82	422.00
1003.00	392.00
1003.18	335.00
1003.36	402.00
1003.54	469.00
1003.72	397.00
1003.90	322.00
1004.08	388.00
1004.26	463.00
1004.43	439.00
1004.61	390.00
1004.79	321.00
1004.97	364.00
1005.15	482.00
1005.33	432.00
1005.51	371.00
1005.69	455.00
1005.86	428.00
1006.04	457.00
1006.22	448.00
1006.40	372.00
1006.58	399.00
1006.76	436.00
1006.94	396.00
1007.12	402.00
1007.29	308.00
1007.47	317.00
1007.65	312.00
1007.83	364.00
1008.01	401.00
1008.19	312.00
1008.37	337.00
1008.54	286.00
1008.72	286.00
1008.90	415.00
1009.08	340.00
1009.26	345.00
1009.44	315.00
1009.62	365.00
1009.79	320.00
1009.97	304.00
1010.15	345.00
1010.33	332.00
1010.51	270.00
1010.69	244.00
1010.87	280.00
1011.04	303.00
1011.22	372.00
1011.40	283.00
1011.58	298.00
1011.76	344.00
1011.94	360.00
1012.11	384.00
1012.29	381.00
1012.47	315.00
1012.65	322.00
1012.83	326.00
1013.01	306.00
1013.18	263.00
1013.36	300.00
1013.54	369.00
1013.72	287.00
1013.90	297.00
1014.08	326.00
1014.25	332.00
1014.43	302.00
1014.61	307.00
1014.79	296.00
1014.97	365.00
1015.15	372.00
1015.32	379.00
1015.50	297.00
1015.68	308.00
1015.86	275.00
1016.04	270.00
1016.22	301.00
1016.39	319.00
1016.57	330.00
1016.75	347.00
1016.93	321.00
1017.11	323.00
1017.29	310.00
1017.46	279.00
1017.64	298.00
1017.82	173.00
1018.00	305.00
1018.18	285.00
1018.35	265.00
1018.53	267.00
1018.71	288.00
1018.89	289.00
1019.07	317.00
1019.24	271.00
1019.42	272.00
1019.60	280.00
1019.78	264.00
1019.96	287.00
1020.14	337.00
1020.31	330.00
1020.49	296.00
1020.67	310.00
1020.85	246.00
1021.03	275.00
1021.20	265.00
1021.38	224.00
1021.56	251.00
1021.74	247.00
1021.92	268.00
1022.09	329.00
1022.27	306.00
1022.45	286.00
1022.63	319.00
1022.81	314.00
1022.98	334.00
1023.16	333.00
1023.34	233.00
1023.52	287.00
1023.69	327.00
1023.87	299.00
1024.05	339.00
1024.23	258.00
1024.41	249.00
1024.58	279.00
1024.76	312.00
1024.94	293.00
1025.12	319.00
1025.30	262.00
1025.47	244.00
1025.65	320.00
1025.83	356.00
1026.01	272.00
1026.18	299.00
1026.36	282.00
1026.54	246.00
1026.72	292.00
1026.90	260.00
1027.07	248.00
1027.25	281.00
1027.43	301.00
1027.61	340.00
1027.78	284.00
1027.96	288.00
1028.14	303.00
1028.32	284.00
1028.49	306.00
1028.67	214.00
1028.85	308.00
1029.03	276.00
1029.21	242.00
1029.38	257.00
1029.56	217.00
1029.74	250.00
1029.92	224.00
1030.09	105.00
1030.27	178.00
1030.45	250.00
1030.63	279.00
1030.80	246.00
1030.98	238.00
1031.16	237.00
1031.34	233.00
1031.51	240.00
1031.69	207.00
1031.87	205.00
1032.05	281.00
1032.22	244.00
1032.40	226.00
1032.58	233.00
1032.76	188.00
1032.93	214.00
1033.11	224.00
1033.29	165.00
1033.47	233.00
1033.64	204.00
1033.82	247.00
1034.00	260.00
1034.18	224.00
1034.35	274.00
1034.53	272.00
1034.71	264.00
1034.89	288.00
1035.06	242.00
1035.24	213.00
1035.42	242.00
1035.59	228.00
1035.77	240.00
1035.95	201.00
1036.13	187.00
1036.30	225.00
1036.48	310.00
1036.66	248.00
1036.84	244.00
1037.01	241.00
1037.19	231.00
1037.37	181.00
1037.54	236.00
1037.72	272.00
1037.90	177.00
1038.08	200.00
1038.25	273.00
1038.43	216.00
1038.61	268.00
1038.79	198.00
1038.96	202.00
1039.14	253.00
1039.32	198.00
1039.49	218.00
1039.67	269.00
1039.85	217.00
1040.03	193.00
1040.20	213.00
1040.38	197.00
1040.56	221.00
1040.73	209.00
1040.91	249.00
1041.09	197.00
1041.27	149.00
1041.44	211.00
1041.62	217.00
1041.80	190.00
1041.97	152.00
1042.15	171.00
1042.33	187.00
1042.50	160.00
1042.68	151.00
1042.86	138.00
1043.04	109.00
1043.21	180.00
1043.39	236.00
1043.57	212.00
1043.74	209.00
1043.92	177.00
1044.10	168.00
1044.27	216.00
1044.45	208.00
1044.63	248.00
1044.80	186.00
1044.98	150.00
1045.16	156.00
1045.34	178.00
1045.51	96.00
1045.69	177.00
1045.87	267.00
1046.04	182.00
1046.22	119.00
1046.40	180.00
1046.57	266.00
1046.75	161.00
1046.93	167.00
1047.10	257.00
1047.28	206.00
1047.46	197.00
1047.63	179.00
1047.81	189.00
1047.99	160.00
1048.16	177.00
1048.34	189.00
1048.52	120.00
1048.69	154.00
1048.87	138.00
1049.05	192.00
1049.22	204.00
1049.40	206.00
1049.58	157.00
1049.75	149.00
1049.93	186.00
1050.11	126.00
1050.28	125.00
1050.46	156.00
1050.64	156.00
1050.81	181.00
1050.99	133.00
1051.17	87.00
1051.34	172.00
1051.52	208.00
1051.70	163.00
1051.87	149.00
1052.05	168.00
1052.23	244.00
1052.40	240.00
1052.58	213.00
1052.76	189.00
1052.93	148.00
1053.11	130.00
1053.29	192.00
1053.46	217.00
1053.64	243.00
1053.82	192.00
1053.99	175.00
1054.17	134.00
1054.35	142.00
1054.52	166.00
1054.70	128.00
1054.87	107.00
1055.05	137.00
1055.23	159.00
1055.40	87.00
1055.58	158.00
1055.76	211.00
1055.93	204.00
1056.11	211.00
1056.29	185.00
1056.46	99.00
1056.64	165.00
1056.81	196.00
1056.99	191.00
1057.17	109.00
1057.34	105.00
1057.52	109.00
1057.70	100.00
1057.87	158.00
1058.05	215.00
1058.22	118.00
1058.40	135.00
1058.58	130.00
1058.75	131.00
1058.93	209.00
1059.11	227.00
1059.28	212.00
1059.46	185.00
1059.63	200.00
1059.81	215.00
1059.99	167.00
1060.16	160.00
1060.34	167.00
1060.52	156.00
1060.69	77.00
1060.87	98.00
1061.04	136.00
1061.22	129.00
