367.62	-103.00
367.82	-40.00
368.02	-40.00
368.23	-127.00
368.43	-105.00
368.63	-88.00
368.83	-52.00
369.04	-62.00
369.24	-99.00
369.44	-60.00
369.65	-52.00
369.85	-86.00
370.05	-85.00
370.25	-28.00
370.46	18.00
370.66	-46.00
370.86	-71.00
371.07	-20.00
371.27	-34.00
371.47	-101.00
371.67	-85.00
371.88	-65.00
372.08	-44.00
372.28	-41.00
372.49	-5.00
372.69	-110.00
372.89	-95.00
373.09	-76.00
373.30	-147.00
373.50	-111.00
373.70	-73.00
373.91	-52.00
374.11	-30.00
374.31	-57.00
374.51	-51.00
374.72	-64.00
374.92	-140.00
375.12	-117.00
375.33	-89.00
375.53	-62.00
375.73	-52.00
375.93	-60.00
376.14	-49.00
376.34	-101.00
376.54	-41.00
376.74	-46.00
376.95	-40.00
377.15	-58.00
377.35	-82.00
377.55	-125.00
377.76	-131.00
377.96	-30.00
378.16	-93.00
378.37	-49.00
378.57	-97.00
378.77	-106.00
378.97	-77.00
379.18	-86.00
379.38	-79.00
379.58	-62.00
379.78	-95.00
379.99	-94.00
380.19	-37.00
380.39	-59.00
380.59	-65.00
380.80	-61.00
381.00	-99.00
381.20	-93.00
381.40	-97.00
381.61	-61.00
381.81	-60.00
382.01	-37.00
382.21	-67.00
382.42	-56.00
382.62	-42.00
382.82	-50.00
383.02	-117.00
383.23	-145.00
383.43	-94.00
383.63	-89.00
383.83	-59.00
384.04	-35.00
384.24	-19.00
384.44	3.00
384.64	-15.00
384.85	-44.00
385.05	-67.00
385.25	-110.00
385.45	-76.00
385.66	-40.00
385.86	-100.00
386.06	-62.00
386.26	-39.00
386.47	-38.00
386.67	-26.00
386.87	-76.00
387.07	-25.00
387.27	-13.00
387.48	-39.00
387.68	19.00
387.88	-84.00
388.08	-112.00
388.29	-34.00
388.49	-51.00
388.69	-34.00
388.89	-80.00
389.10	-62.00
389.30	-47.00
389.50	-32.00
389.70	-39.00
389.90	-28.00
390.11	-55.00
390.31	-30.00
390.51	-70.00
390.71	-59.00
390.92	-106.00
391.12	-28.00
391.32	-7.00
391.52	-41.00
391.72	-59.00
391.93	-55.00
392.13	-48.00
392.33	-43.00
392.53	-39.00
392.74	-7.00
392.94	-9.00
393.14	-70.00
393.34	-82.00
393.54	-83.00
393.75	-65.00
393.95	-24.00
394.15	-51.00
394.35	-15.00
394.56	-49.00
394.76	-23.00
394.96	2.00
395.16	30.00
395.36	12.00
395.57	2.00
395.77	-48.00
395.97	-65.00
396.17	-35.00
396.37	-60.00
396.58	-45.00
396.78	-42.00
396.98	-16.00
397.18	37.00
397.38	-44.00
397.59	-113.00
397.79	-43.00
397.99	-54.00
398.19	21.00
398.39	-30.00
398.60	-66.00
398.80	-34.00
399.00	-41.00
399.20	-52.00
399.40	-25.00
399.61	-45.00
399.81	-71.00
400.01	-32.00
400.21	-42.00
400.41	-57.00
400.62	59.00
400.82	0.00
401.02	-58.00
401.22	-99.00
401.42	-28.00
401.63	-20.00
401.83	-58.00
402.03	-53.00
402.23	-42.00
402.43	-14.00
402.64	20.00
402.84	-11.00
403.04	-40.00
403.24	-105.00
403.44	-45.00
403.64	-38.00
403.85	-71.00
404.05	-38.00
404.25	-47.00
404.45	3.00
404.65	-33.00
404.86	-52.00
405.06	83.00
405.26	14.00
405.46	-33.00
405.66	-32.00
405.86	8.00
406.07	26.00
406.27	-45.00
406.47	-53.00
406.67	-54.00
406.87	-4.00
407.07	-15.00
407.28	-3.00
407.48	-22.00
407.68	37.00
407.88	-64.00
408.08	-74.00
408.28	-66.00
408.49	3.00
408.69	-51.00
408.89	-62.00
409.09	-5.00
409.29	7.00
409.49	-70.00
409.70	-33.00
409.90	-51.00
410.10	-31.00
410.30	-78.00
410.50	-59.00
410.70	-99.00
410.91	-89.00
411.11	-88.00
411.31	-31.00
411.51	-8.00
411.71	-13.00
411.91	-58.00
412.12	-2.00
412.32	-25.00
412.52	-16.00
412.72	-41.00
412.92	-27.00
413.12	3.00
413.32	-64.00
413.53	-30.00
413.73	6.00
413.93	4.00
414.13	-36.00
414.33	-54.00
414.53	-23.00
414.74	43.00
414.94	-10.00
415.14	-66.00
415.34	-45.00
415.54	-31.00
415.74	-56.00
415.94	-47.00
416.15	27.00
416.35	25.00
416.55	18.00
416.75	14.00
416.95	6.00
417.15	7.00
417.35	-44.00
417.56	-17.00
417.76	-17.00
417.96	-75.00
418.16	-7.00
418.36	4.00
418.56	46.00
418.76	40.00
418.97	87.00
419.17	-5.00
419.37	-4.00
419.57	41.00
419.77	-70.00
419.97	-75.00
420.17	-34.00
420.37	46.00
420.58	-6.00
420.78	-7.00
420.98	19.00
421.18	-5.00
421.38	1.00
421.58	5.00
421.78	34.00
421.98	23.00
422.19	62.00
422.39	-25.00
422.59	30.00
422.79	29.00
422.99	49.00
423.19	29.00
423.39	81.00
423.59	35.00
423.80	28.00
424.00	-50.00
424.20	3.00
424.40	3.00
424.60	21.00
424.80	52.00
425.00	3.00
425.20	65.00
425.40	25.00
425.61	-15.00
425.81	34.00
426.01	78.00
426.21	97.00
426.41	112.00
426.61	77.00
426.81	85.00
427.01	73.00
427.21	41.00
427.42	90.00
427.62	79.00
427.82	50.00
428.02	26.00
428.22	55.00
428.42	27.00
428.62	32.00
428.82	85.00
429.02	123.00
429.23	21.00
429.43	2.00
429.63	120.00
429.83	59.00
430.03	42.00
430.23	33.00
430.43	55.00
430.63	136.00
430.83	82.00
431.03	111.00
431.24	78.00
431.44	51.00
431.64	68.00
431.84	-1.00
432.04	28.00
432.24	45.00
432.44	84.00
432.64	22.00
432.84	27.00
433.04	18.00
433.24	28.00
433.45	48.00
433.65	41.00
433.85	109.00
434.05	163.00
434.25	110.00
434.45	44.00
434.65	-3.00
434.85	78.00
435.05	170.00
435.25	95.00
435.45	138.00
435.65	190.00
435.86	205.00
436.06	183.00
436.26	107.00
436.46	101.00
436.66	113.00
436.86	79.00
437.06	18.00
437.26	38.00
437.46	82.00
437.66	10.00
437.86	15.00
438.06	63.00
438.26	55.00
438.47	19.00
438.67	15.00
438.87	35.00
439.07	72.00
439.27	76.00
439.47	78.00
439.67	10.00
439.87	24.00
440.07	100.00
440.27	52.00
440.47	79.00
440.67	51.00
440.87	90.00
441.07	76.00
441.27	74.00
441.48	135.00
441.68	103.00
441.88	-3.00
442.08	0.00
442.28	69.00
442.48	93.00
442.68	73.00
442.88	66.00
443.08	20.00
443.28	88.00
443.48	93.00
443.68	105.00
443.88	87.00
444.08	30.00
444.28	84.00
444.48	114.00
444.68	30.00
444.88	-1.00
445.09	57.00
445.29	46.00
445.49	81.00
445.69	131.00
445.89	47.00
446.09	37.00
446.29	105.00
446.49	51.00
446.69	58.00
446.89	82.00
447.09	117.00
447.29	141.00
447.49	61.00
447.69	1.00
447.89	57.00
448.09	77.00
448.29	7.00
448.49	69.00
448.69	75.00
448.89	53.00
449.09	84.00
449.29	97.00
449.49	83.00
449.70	168.00
449.90	104.00
450.10	106.00
450.30	141.00
450.50	48.00
450.70	82.00
450.90	82.00
451.10	147.00
451.30	129.00
451.50	116.00
451.70	163.00
451.90	113.00
452.10	36.00
452.30	72.00
452.50	130.00
452.70	112.00
452.90	104.00
453.10	136.00
453.30	138.00
453.50	129.00
453.70	142.00
453.90	128.00
454.10	108.00
454.30	127.00
454.50	173.00
454.70	103.00
454.90	136.00
455.10	72.00
455.30	117.00
455.50	143.00
455.70	199.00
455.90	234.00
456.10	248.00
456.30	204.00
456.50	236.00
456.70	215.00
456.90	189.00
457.10	140.00
457.30	124.00
457.50	238.00
457.70	154.00
457.90	197.00
458.10	246.00
458.30	210.00
458.50	235.00
458.70	201.00
458.90	155.00
459.10	177.00
459.30	217.00
459.50	233.00
459.70	238.00
459.90	185.00
460.10	167.00
460.30	151.00
460.50	203.00
460.70	291.00
460.90	230.00
461.10	243.00
461.30	181.00
461.50	108.00
461.70	167.00
461.90	175.00
462.10	138.00
462.30	65.00
462.50	128.00
462.70	200.00
462.90	148.00
463.10	221.00
463.30	223.00
463.50	180.00
463.70	182.00
463.90	216.00
464.10	131.00
464.30	150.00
464.50	188.00
464.70	169.00
464.90	176.00
465.10	196.00
465.30	207.00
465.50	284.00
465.70	128.00
465.90	74.00
466.10	188.00
466.30	154.00
466.50	190.00
466.70	194.00
466.90	185.00
467.10	234.00
467.30	219.00
467.50	195.00
467.70	175.00
467.90	208.00
468.10	157.00
468.30	181.00
468.50	193.00
468.70	184.00
468.90	168.00
469.10	228.00
469.30	242.00
469.50	172.00
469.70	236.00
469.90	244.00
470.10	224.00
470.30	143.00
470.50	172.00
470.70	254.00
470.90	196.00
471.10	218.00
471.29	295.00
471.49	324.00
471.69	189.00
471.89	154.00
472.09	233.00
472.29	223.00
472.49	234.00
472.69	232.00
472.89	245.00
473.09	181.00
473.29	169.00
473.49	103.00
473.69	126.00
473.89	212.00
474.09	184.00
474.29	178.00
474.49	188.00
474.69	185.00
474.89	216.00
475.09	166.00
475.29	141.00
475.49	214.00
475.69	147.00
475.88	172.00
476.08	223.00
476.28	189.00
476.48	245.00
476.68	238.00
476.88	228.00
477.08	163.00
477.28	218.00
477.48	227.00
477.68	227.00
477.88	200.00
478.08	227.00
478.28	183.00
478.48	203.00
478.68	236.00
478.88	216.00
479.08	225.00
479.28	178.00
479.47	214.00
479.67	252.00
479.87	162.00
480.07	229.00
480.27	247.00
480.47	249.00
480.67	212.00
480.87	191.00
481.07	189.00
481.27	205.00
481.47	252.00
481.67	288.00
481.87	239.00
482.07	214.00
482.27	162.00
482.46	196.00
482.66	296.00
482.86	273.00
483.06	261.00
483.26	273.00
483.46	226.00
483.66	246.00
483.86	246.00
484.06	269.00
484.26	276.00
484.46	235.00
484.66	267.00
484.86	205.00
485.05	263.00
485.25	292.00
485.45	240.00
485.65	235.00
485.85	257.00
486.05	277.00
486.25	298.00
486.45	274.00
486.65	262.00
486.85	347.00
487.05	314.00
487.25	221.00
487.44	281.00
487.64	301.00
487.84	299.00
488.04	349.00
488.24	365.00
488.44	327.00
488.64	310.00
488.84	255.00
489.04	252.00
489.24	219.00
489.43	318.00
489.63	331.00
489.83	337.00
490.03	386.00
490.23	321.00
490.43	353.00
490.63	249.00
490.83	279.00
491.03	341.00
491.23	357.00
491.42	320.00
491.62	357.00
491.82	392.00
492.02	397.00
492.22	384.00
492.42	386.00
492.62	370.00
492.82	418.00
493.02	427.00
493.22	412.00
493.41	429.00
493.61	365.00
493.81	339.00
494.01	357.00
494.21	440.00
494.41	440.00
494.61	416.00
494.81	398.00
495.01	425.00
495.20	410.00
495.40	398.00
495.60	458.00
495.80	473.00
496.00	454.00
496.20	439.00
496.40	383.00
496.60	395.00
496.79	442.00
496.99	433.00
497.19	446.00
497.39	439.00
497.59	498.00
497.79	413.00
497.99	378.00
498.19	433.00
498.38	374.00
498.58	399.00
498.78	443.00
498.98	431.00
499.18	498.00
499.38	461.00
499.58	362.00
499.78	420.00
499.97	417.00
500.17	431.00
500.37	404.00
500.57	451.00
500.77	462.00
500.97	435.00
501.17	421.00
501.37	390.00
501.56	389.00
501.76	465.00
501.96	475.00
502.16	471.00
502.36	489.00
502.56	471.00
502.76	393.00
502.95	413.00
503.15	400.00
503.35	443.00
503.55	413.00
503.75	464.00
503.95	415.00
504.15	370.00
504.34	414.00
504.54	415.00
504.74	476.00
504.94	412.00
505.14	425.00
505.34	403.00
505.54	464.00
505.73	420.00
505.93	460.00
506.13	448.00
506.33	433.00
506.53	510.00
506.73	480.00
506.92	444.00
507.12	516.00
507.32	444.00
507.52	481.00
507.72	468.00
507.92	444.00
508.12	440.00
508.31	432.00
508.51	471.00
508.71	502.00
508.91	424.00
509.11	430.00
509.31	438.00
509.50	428.00
509.70	347.00
509.90	376.00
510.10	397.00
510.30	385.00
510.50	460.00
510.69	469.00
510.89	426.00
511.09	388.00
511.29	409.00
511.49	434.00
511.69	380.00
511.88	385.00
512.08	396.00
512.28	424.00
512.48	429.00
512.68	408.00
512.88	427.00
513.07	446.00
513.27	472.00
513.47	489.00
513.67	432.00
513.87	416.00
514.06	401.00
514.26	446.00
514.46	479.00
514.66	408.00
514.86	380.00
515.06	388.00
515.25	409.00
515.45	380.00
515.65	424.00
515.85	452.00
516.05	424.00
516.24	358.00
516.44	346.00
516.64	372.00
516.84	396.00
517.04	412.00
517.23	391.00
517.43	415.00
517.63	428.00
517.83	446.00
518.03	442.00
518.23	452.00
518.42	382.00
518.62	470.00
518.82	425.00
519.02	451.00
519.22	426.00
519.41	467.00
519.61	439.00
519.81	384.00
520.01	480.00
520.21	477.00
520.40	436.00
520.60	450.00
520.80	446.00
521.00	568.00
521.20	554.00
521.39	454.00
521.59	455.00
521.79	527.00
521.99	480.00
522.19	453.00
522.38	469.00
522.58	496.00
522.78	504.00
522.98	588.00
523.17	599.00
523.37	483.00
523.57	440.00
523.77	468.00
523.97	484.00
524.16	550.00
524.36	595.00
524.56	500.00
524.76	544.00
524.96	610.00
525.15	549.00
525.35	548.00
525.55	536.00
525.75	444.00
525.94	531.00
526.14	491.00
526.34	566.00
526.54	554.00
526.74	566.00
526.93	564.00
527.13	559.00
527.33	621.00
527.53	595.00
527.72	629.00
527.92	600.00
528.12	577.00
528.32	547.00
528.52	562.00
528.71	621.00
528.91	668.00
529.11	622.00
529.31	639.00
529.50	671.00
529.70	692.00
529.90	766.00
530.10	731.00
530.29	673.00
530.49	647.00
530.69	626.00
530.89	685.00
531.09	677.00
531.28	722.00
531.48	725.00
531.68	647.00
531.88	671.00
532.07	776.00
532.27	671.00
532.47	616.00
532.67	640.00
532.86	730.00
533.06	776.00
533.26	709.00
533.46	672.00
533.65	686.00
533.85	749.00
534.05	830.00
534.25	759.00
534.44	804.00
534.64	773.00
534.84	827.00
535.04	871.00
535.23	854.00
535.43	778.00
535.63	764.00
535.83	774.00
536.02	824.00
536.22	845.00
536.42	859.00
536.62	870.00
536.81	893.00
537.01	932.00
537.21	919.00
537.41	856.00
537.60	895.00
537.80	982.00
538.00	930.00
538.20	960.00
538.39	1022.00
538.59	1045.00
538.79	997.00
538.99	975.00
539.18	952.00
539.38	1007.00
539.58	1041.00
539.77	1061.00
539.97	1101.00
540.17	1144.00
540.37	1214.00
540.56	1267.00
540.76	1255.00
540.96	1270.00
541.16	1246.00
541.35	1279.00
541.55	1323.00
541.75	1387.00
541.94	1407.00
542.14	1303.00
542.34	1306.00
542.54	1291.00
542.73	1284.00
542.93	1279.00
543.13	1353.00
543.33	1233.00
543.52	1337.00
543.72	1358.00
543.92	1360.00
544.11	1333.00
544.31	1392.00
544.51	1329.00
544.71	1281.00
544.90	1422.00
545.10	1427.00
545.30	1380.00
545.49	1487.00
545.69	1498.00
545.89	1401.00
546.09	1495.00
546.28	1666.00
546.48	1668.00
546.68	1567.00
546.87	1412.00
547.07	1273.00
547.27	1231.00
547.47	1208.00
547.66	1135.00
547.86	1178.00
548.06	1231.00
548.25	1175.00
548.45	1176.00
548.65	1178.00
548.84	1051.00
549.04	1086.00
549.24	1102.00
549.44	1136.00
549.63	1127.00
549.83	1101.00
550.03	1059.00
550.22	1019.00
550.42	1082.00
550.62	1076.00
550.81	941.00
551.01	956.00
551.21	966.00
551.41	1005.00
551.60	1056.00
551.80	988.00
552.00	994.00
552.19	1073.00
552.39	1101.00
552.59	1032.00
552.78	914.00
552.98	1035.00
553.18	1010.00
553.37	998.00
553.57	952.00
553.77	905.00
553.96	923.00
554.16	893.00
554.36	897.00
554.56	932.00
554.75	917.00
554.95	827.00
555.15	872.00
555.34	938.00
555.54	898.00
555.74	918.00
555.93	964.00
556.13	850.00
556.33	803.00
556.52	937.00
556.72	907.00
556.92	918.00
557.11	867.00
557.31	926.00
557.51	882.00
557.70	896.00
557.90	815.00
558.10	849.00
558.29	783.00
558.49	841.00
558.69	826.00
558.88	779.00
559.08	832.00
559.28	840.00
559.47	844.00
559.67	781.00
559.87	787.00
560.06	778.00
560.26	870.00
560.46	780.00
560.65	755.00
560.85	801.00
561.05	865.00
561.24	849.00
561.44	898.00
561.64	981.00
561.83	948.00
562.03	933.00
562.23	933.00
562.42	869.00
562.62	833.00
562.82	870.00
563.01	865.00
563.21	838.00
563.40	909.00
563.60	878.00
563.80	797.00
563.99	865.00
564.19	877.00
564.39	902.00
564.58	969.00
564.78	965.00
564.98	917.00
565.17	893.00
565.37	899.00
565.57	904.00
565.76	883.00
565.96	904.00
566.16	879.00
566.35	923.00
566.55	950.00
566.74	955.00
566.94	898.00
567.14	975.00
567.33	1000.00
567.53	993.00
567.73	995.00
567.92	1011.00
568.12	981.00
568.32	994.00
568.51	947.00
568.71	961.00
568.90	1034.00
569.10	996.00
569.30	1033.00
569.49	990.00
569.69	980.00
569.89	967.00
570.08	928.00
570.28	975.00
570.47	885.00
570.67	958.00
570.87	982.00
571.06	876.00
571.26	1011.00
571.46	967.00
571.65	1031.00
571.85	1053.00
572.04	1036.00
572.24	995.00
572.44	1058.00
572.63	1099.00
572.83	1036.00
573.03	1080.00
573.22	1084.00
573.42	1023.00
573.61	1122.00
573.81	1164.00
574.01	1080.00
574.20	1158.00
574.40	1138.00
574.59	1117.00
574.79	1078.00
574.99	1122.00
575.18	1087.00
575.38	1121.00
575.58	1191.00
575.77	1235.00
575.97	1207.00
576.16	1214.00
576.36	1263.00
576.56	1194.00
576.75	1297.00
576.95	1243.00
577.14	1223.00
577.34	1234.00
577.54	1247.00
577.73	1355.00
577.93	1322.00
578.12	1328.00
578.32	1345.00
578.52	1372.00
578.71	1366.00
578.91	1435.00
579.10	1544.00
579.30	1476.00
579.50	1442.00
579.69	1407.00
579.89	1349.00
580.08	1382.00
580.28	1420.00
580.48	1529.00
580.67	1514.00
580.87	1467.00
581.06	1415.00
581.26	1480.00
581.45	1615.00
581.65	1497.00
581.85	1572.00
582.04	1636.00
582.24	1596.00
582.43	1531.00
582.63	1500.00
582.83	1626.00
583.02	1654.00
583.22	1698.00
583.41	1648.00
583.61	1674.00
583.80	1721.00
584.00	1711.00
584.20	1673.00
584.39	1760.00
584.59	1717.00
584.78	1700.00
584.98	1800.00
585.17	1805.00
585.37	1698.00
585.57	1690.00
585.76	1894.00
585.96	1896.00
586.15	1872.00
586.35	1851.00
586.54	1761.00
586.74	1803.00
586.94	1876.00
587.13	1958.00
587.33	1993.00
587.52	2058.00
587.72	2010.00
587.91	2072.00
588.11	2031.00
588.31	2033.00
588.50	2011.00
588.70	1999.00
588.89	1988.00
589.09	1977.00
589.28	2028.00
589.48	2044.00
589.68	2002.00
589.87	1970.00
590.07	2017.00
590.26	2070.00
590.46	2086.00
590.65	2107.00
590.85	2107.00
591.04	2079.00
591.24	2117.00
591.44	2239.00
591.63	2230.00
591.83	2154.00
592.02	2180.00
592.22	2177.00
592.41	2267.00
592.61	2225.00
592.80	2251.00
593.00	2322.00
593.19	2315.00
593.39	2310.00
593.59	2285.00
593.78	2232.00
593.98	2183.00
594.17	2134.00
594.37	2189.00
594.56	2148.00
594.76	2308.00
594.95	2218.00
595.15	2311.00
595.34	2299.00
595.54	2350.00
595.73	2390.00
595.93	2373.00
596.13	2359.00
596.32	2313.00
596.52	2295.00
596.71	2305.00
596.91	2247.00
597.10	2334.00
597.30	2323.00
597.49	2338.00
597.69	2369.00
597.88	2461.00
598.08	2421.00
598.27	2417.00
598.47	2451.00
598.66	2403.00
598.86	2393.00
599.06	2354.00
599.25	2371.00
599.45	2305.00
599.64	2391.00
599.84	2436.00
600.03	2459.00
600.23	2424.00
600.42	2385.00
600.62	2377.00
600.81	2378.00
601.01	2410.00
601.20	2412.00
601.40	2361.00
601.59	2368.00
601.79	2281.00
601.98	2247.00
602.18	2192.00
602.37	2191.00
602.57	2280.00
602.76	2328.00
602.96	2318.00
603.15	2354.00
603.35	2321.00
603.54	2350.00
603.74	2378.00
603.93	2309.00
604.13	2171.00
604.32	2214.00
604.52	2281.00
604.71	2229.00
604.91	2240.00
605.10	2282.00
605.30	2243.00
605.49	2247.00
605.69	2251.00
605.88	2250.00
606.08	2371.00
606.27	2302.00
606.47	2256.00
606.66	2310.00
606.86	2271.00
607.05	2196.00
607.25	2277.00
607.44	2218.00
607.64	2155.00
607.83	2192.00
608.03	2224.00
608.22	2248.00
608.42	2259.00
608.61	2172.00
608.81	2246.00
609.00	2274.00
609.20	2294.00
609.39	2369.00
609.59	2370.00
609.78	2397.00
609.98	2483.00
610.17	2579.00
610.37	2788.00
610.56	2845.00
610.76	2966.00
610.95	3017.00
611.15	3101.00
611.34	3292.00
611.54	3399.00
611.73	3347.00
611.93	3235.00
612.12	3043.00
612.32	2846.00
612.51	2651.00
612.71	2525.00
612.90	2416.00
613.09	2370.00
613.29	2365.00
613.48	2346.00
613.68	2381.00
613.87	2348.00
614.07	2353.00
614.26	2338.00
614.46	2353.00
614.65	2289.00
614.85	2304.00
615.04	2351.00
615.24	2377.00
615.43	2324.00
615.63	2282.00
615.82	2192.00
616.02	2120.00
616.21	2163.00
616.40	2162.00
616.60	2039.00
616.79	2136.00
616.99	2118.00
617.18	2178.00
617.38	2119.00
617.57	2086.00
617.77	1994.00
617.96	2017.00
618.16	1989.00
618.35	1979.00
618.54	2039.00
618.74	2085.00
618.93	2146.00
619.13	2074.00
619.32	1968.00
619.52	2006.00
619.71	2092.00
619.91	2099.00
620.10	2103.00
620.30	2120.00
620.49	2139.00
620.68	2126.00
620.88	2093.00
621.07	2079.00
621.27	2092.00
621.46	2157.00
621.66	2147.00
621.85	2212.00
622.05	2196.00
622.24	2198.00
622.43	2141.00
622.63	2139.00
622.82	2212.00
623.02	2216.00
623.21	2279.00
623.41	2235.00
623.60	2159.00
623.80	2160.00
623.99	2186.00
624.18	2177.00
624.38	2323.00
624.57	2276.00
624.77	2264.00
624.96	2305.00
625.16	2267.00
625.35	2290.00
625.54	2374.00
625.74	2410.00
625.93	2338.00
626.13	2324.00
626.32	2351.00
626.52	2401.00
626.71	2335.00
626.90	2301.00
627.10	2366.00
627.29	2357.00
627.49	2368.00
627.68	2337.00
627.88	2387.00
628.07	2383.00
628.26	2285.00
628.46	2314.00
628.65	2439.00
628.85	2486.00
629.04	2505.00
629.23	2396.00
629.43	2399.00
629.62	2522.00
629.82	2441.00
630.01	2527.00
630.21	2552.00
630.40	2546.00
630.59	2579.00
630.79	2573.00
630.98	2543.00
631.18	2676.00
631.37	2721.00
631.56	2600.00
631.76	2521.00
631.95	2561.00
632.15	2606.00
632.34	2647.00
632.53	2554.00
632.73	2597.00
632.92	2538.00
633.12	2475.00
633.31	2531.00
633.50	2621.00
633.70	2605.00
633.89	2677.00
634.09	2635.00
634.28	2698.00
634.47	2634.00
634.67	2741.00
634.86	2774.00
635.06	2821.00
635.25	2747.00
635.44	2745.00
635.64	2660.00
635.83	2733.00
636.03	2723.00
636.22	2690.00
636.41	2622.00
636.61	2784.00
636.80	2837.00
637.00	2839.00
637.19	2763.00
637.38	2791.00
637.58	2858.00
637.77	2849.00
637.96	2784.00
638.16	2892.00
638.35	2930.00
638.55	2997.00
638.74	2897.00
638.93	2886.00
639.13	2900.00
639.32	2941.00
639.51	2988.00
639.71	3009.00
639.90	2981.00
640.10	3082.00
640.29	2934.00
640.48	2962.00
640.68	3013.00
640.87	3049.00
641.07	3085.00
641.26	3079.00
641.45	3121.00
641.65	3134.00
641.84	3073.00
642.03	3106.00
642.23	3165.00
642.42	3162.00
642.61	3171.00
642.81	3239.00
643.00	3191.00
643.20	3196.00
643.39	3193.00
643.58	3194.00
643.78	3278.00
643.97	3233.00
644.16	3218.00
644.36	3162.00
644.55	3267.00
644.74	3417.00
644.94	3323.00
645.13	3279.00
645.33	3389.00
645.52	3374.00
645.71	3358.00
645.91	3343.00
646.10	3456.00
646.29	3375.00
646.49	3303.00
646.68	3289.00
646.87	3393.00
647.07	3384.00
647.26	3471.00
647.45	3415.00
647.65	3420.00
647.84	3527.00
648.03	3474.00
648.23	3486.00
648.42	3484.00
648.62	3488.00
648.81	3570.00
649.00	3505.00
649.20	3523.00
649.39	3500.00
649.58	3434.00
649.78	3501.00
649.97	3567.00
650.16	3516.00
650.36	3482.00
650.55	3499.00
650.74	3584.00
650.94	3575.00
651.13	3560.00
651.32	3513.00
651.52	3532.00
651.71	3618.00
651.90	3576.00
652.10	3564.00
652.29	3639.00
652.48	3594.00
652.68	3623.00
652.87	3666.00
653.06	3660.00
653.26	3569.00
653.45	3575.00
653.64	3626.00
653.84	3585.00
654.03	3592.00
654.22	3687.00
654.42	3546.00
654.61	3553.00
654.80	3594.00
654.99	3636.00
655.19	3679.00
655.38	3589.00
655.57	3625.00
655.77	3657.00
655.96	3694.00
656.15	3669.00
656.35	3604.00
656.54	3581.00
656.73	3618.00
656.93	3539.00
657.12	3547.00
657.31	3522.00
657.51	3566.00
657.70	3559.00
657.89	3598.00
658.09	3614.00
658.28	3509.00
658.47	3585.00
658.66	3623.00
658.86	3619.00
659.05	3579.00
659.24	3590.00
659.44	3680.00
659.63	3673.00
659.82	3611.00
660.02	3570.00
660.21	3541.00
660.40	3608.00
660.60	3547.00
660.79	3541.00
660.98	3495.00
661.17	3509.00
661.37	3536.00
661.56	3528.00
661.75	3517.00
661.95	3486.00
662.14	3572.00
662.33	3584.00
662.52	3618.00
662.72	3557.00
662.91	3555.00
663.10	3462.00
663.30	3520.00
663.49	3487.00
663.68	3429.00
663.88	3474.00
664.07	3471.00
664.26	3546.00
664.45	3464.00
664.65	3287.00
664.84	3369.00
665.03	3380.00
665.23	3339.00
665.42	3320.00
665.61	3287.00
665.80	3309.00
666.00	3370.00
666.19	3346.00
666.38	3356.00
666.57	3375.00
666.77	3436.00
666.96	3493.00
667.15	3381.00
667.35	3316.00
667.54	3351.00
667.73	3336.00
667.92	3347.00
668.12	3366.00
668.31	3344.00
668.50	3265.00
668.70	3214.00
668.89	3238.00
669.08	3153.00
669.27	3080.00
669.47	3202.00
669.66	3247.00
669.85	3263.00
670.04	3144.00
670.24	3174.00
670.43	3277.00
670.62	3287.00
670.81	3335.00
671.01	3218.00
671.20	3147.00
671.39	3198.00
671.58	3288.00
671.78	3260.00
671.97	3225.00
672.16	3203.00
672.36	3179.00
672.55	3136.00
672.74	3176.00
672.93	3168.00
673.13	3082.00
673.32	3112.00
673.51	3070.00
673.70	3104.00
673.90	3130.00
674.09	3103.00
674.28	3126.00
674.47	3201.00
674.67	3206.00
674.86	3165.00
675.05	3125.00
675.24	3125.00
675.44	3130.00
675.63	3169.00
675.82	3226.00
676.01	3089.00
676.21	3023.00
676.40	2981.00
676.59	3101.00
676.78	3061.00
676.97	2965.00
677.17	2957.00
677.36	3074.00
677.55	3116.00
677.74	3082.00
677.94	3018.00
678.13	3094.00
678.32	3005.00
678.51	3018.00
678.71	3035.00
678.90	3089.00
679.09	3087.00
679.28	3114.00
679.48	3111.00
679.67	3037.00
679.86	3116.00
680.05	3047.00
680.24	3013.00
680.44	3000.00
680.63	2967.00
680.82	2914.00
681.01	2862.00
681.21	2956.00
681.40	3036.00
681.59	2997.00
681.78	2883.00
681.97	2857.00
682.17	2928.00
682.36	2986.00
682.55	2865.00
682.74	2904.00
682.94	2921.00
683.13	2952.00
683.32	3005.00
683.51	2931.00
683.70	2912.00
683.90	2968.00
684.09	2942.00
684.28	2948.00
684.47	2990.00
684.66	2932.00
684.86	2918.00
685.05	2917.00
685.24	2958.00
685.43	2851.00
685.63	2898.00
685.82	2871.00
686.01	2895.00
686.20	2857.00
686.39	2837.00
686.59	2867.00
686.78	3040.00
686.97	3056.00
687.16	2905.00
687.35	2849.00
687.55	2959.00
687.74	2984.00
687.93	3064.00
688.12	2987.00
688.31	3027.00
688.51	3064.00
688.70	2966.00
688.89	2954.00
689.08	2838.00
689.27	2849.00
689.47	2886.00
689.66	2907.00
689.85	2933.00
690.04	2859.00
690.23	2782.00
690.42	2769.00
690.62	2862.00
690.81	2910.00
691.00	2889.00
691.19	2899.00
691.38	2880.00
691.58	2821.00
691.77	2849.00
691.96	2923.00
692.15	2899.00
692.34	2936.00
692.54	2925.00
692.73	2864.00
692.92	2933.00
693.11	2933.00
693.30	2982.00
693.49	2899.00
693.69	3000.00
693.88	2971.00
694.07	2976.00
694.26	2961.00
694.45	3043.00
694.64	3004.00
694.84	3009.00
695.03	2992.00
695.22	2966.00
695.41	2869.00
695.60	2910.00
695.80	3028.00
695.99	2962.00
696.18	2913.00
696.37	2888.00
696.56	2961.00
696.75	2956.00
696.95	2963.00
697.14	2997.00
697.33	2914.00
697.52	2958.00
697.71	2912.00
697.90	2969.00
698.09	2989.00
698.29	2943.00
698.48	3009.00
698.67	3072.00
698.86	3076.00
699.05	3004.00
699.24	3031.00
699.44	2962.00
699.63	2928.00
699.82	2990.00
700.01	2910.00
700.20	2967.00
700.39	3011.00
700.58	3032.00
700.78	3035.00
700.97	2999.00
701.16	2945.00
701.35	2982.00
701.54	3054.00
701.73	3041.00
701.93	3027.00
702.12	3105.00
702.31	3083.00
702.50	3109.00
702.69	3092.00
702.88	3217.00
703.07	3187.00
703.27	3209.00
703.46	3183.00
703.65	3166.00
703.84	3196.00
704.03	3129.00
704.22	3188.00
704.41	3219.00
704.60	3269.00
704.80	3294.00
704.99	3228.00
705.18	3278.00
705.37	3251.00
705.56	3203.00
705.75	3217.00
705.94	3226.00
706.14	3247.00
706.33	3239.00
706.52	3274.00
706.71	3336.00
706.90	3433.00
707.09	3350.00
707.28	3448.00
707.47	3501.00
707.67	3518.00
707.86	3455.00
708.05	3489.00
708.24	3586.00
708.43	3586.00
708.62	3543.00
708.81	3462.00
709.00	3486.00
709.20	3467.00
709.39	3489.00
709.58	3553.00
709.77	3555.00
709.96	3497.00
710.15	3455.00
710.34	3480.00
710.53	3464.00
710.72	3608.00
710.92	3609.00
711.11	3542.00
711.30	3492.00
711.49	3548.00
711.68	3534.00
711.87	3632.00
712.06	3641.00
712.25	3640.00
712.44	3672.00
712.64	3699.00
712.83	3778.00
713.02	3700.00
713.21	3692.00
713.40	3708.00
713.59	3757.00
713.78	3675.00
713.97	3670.00
714.16	3754.00
714.35	3724.00
714.55	3659.00
714.74	3719.00
714.93	3721.00
715.12	3769.00
715.31	3710.00
715.50	3720.00
715.69	3697.00
715.88	3692.00
716.07	3668.00
716.26	3705.00
716.45	3750.00
716.65	3724.00
716.84	3690.00
717.03	3726.00
717.22	3740.00
717.41	3761.00
717.60	3710.00
717.79	3839.00
717.98	3893.00
718.17	3846.00
718.36	3897.00
718.55	3973.00
718.75	3851.00
718.94	3843.00
719.13	3923.00
719.32	3972.00
719.51	3979.00
719.70	3935.00
719.89	3860.00
720.08	3826.00
720.27	3880.00
720.46	3924.00
720.65	3866.00
720.84	3836.00
721.03	3835.00
721.22	3892.00
721.42	3904.00
721.61	3867.00
721.80	3856.00
721.99	3877.00
722.18	3840.00
722.37	3776.00
722.56	3770.00
722.75	3836.00
722.94	3863.00
723.13	3856.00
723.32	3758.00
723.51	3765.00
723.70	3912.00
723.89	3924.00
724.08	3908.00
724.28	3905.00
724.47	3925.00
724.66	3916.00
724.85	3852.00
725.04	3896.00
725.23	3931.00
725.42	3902.00
725.61	3848.00
725.80	3874.00
725.99	3968.00
726.18	3947.00
726.37	4015.00
726.56	3900.00
726.75	3895.00
726.94	3924.00
727.13	3953.00
727.32	3910.00
727.51	3942.00
727.71	3838.00
727.90	3820.00
728.09	3878.00
728.28	3931.00
728.47	3909.00
728.66	3953.00
728.85	3980.00
729.04	3889.00
729.23	3907.00
729.42	3947.00
729.61	3830.00
729.80	3820.00
729.99	3891.00
730.18	3906.00
730.37	3845.00
730.56	3791.00
730.75	3824.00
730.94	3782.00
731.13	3943.00
731.32	3963.00
731.51	3939.00
731.70	3962.00
731.89	4015.00
732.08	3998.00
732.27	3904.00
732.46	3877.00
732.65	3839.00
732.84	3839.00
733.04	3841.00
733.23	3752.00
733.42	3752.00
733.61	3809.00
733.80	3805.00
733.99	3863.00
734.18	3810.00
734.37	3704.00
734.56	3761.00
734.75	3790.00
734.94	3766.00
735.13	3757.00
735.32	3750.00
735.51	3659.00
735.70	3731.00
735.89	3681.00
736.08	3658.00
736.27	3765.00
736.46	3814.00
736.65	3842.00
736.84	3765.00
737.03	3679.00
737.22	3638.00
737.41	3687.00
737.60	3657.00
737.79	3644.00
737.98	3701.00
738.17	3609.00
738.36	3673.00
738.55	3715.00
738.74	3694.00
738.93	3760.00
739.12	3798.00
739.31	3722.00
739.50	3672.00
739.69	3713.00
739.88	3748.00
740.07	3749.00
740.26	3695.00
740.45	3704.00
740.64	3651.00
740.83	3592.00
741.02	3476.00
741.21	3501.00
741.40	3604.00
741.59	3546.00
741.78	3492.00
741.97	3486.00
742.16	3526.00
742.35	3482.00
742.54	3393.00
742.73	3424.00
742.92	3459.00
743.11	3401.00
743.30	3455.00
743.49	3308.00
743.68	3316.00
743.87	3321.00
744.06	3410.00
744.25	3393.00
744.44	3364.00
744.63	3348.00
744.82	3320.00
745.01	3417.00
745.20	3492.00
745.39	3444.00
745.58	3400.00
745.77	3318.00
745.96	3255.00
746.15	3334.00
746.34	3312.00
746.52	3378.00
746.71	3333.00
746.90	3362.00
747.09	3451.00
747.28	3352.00
747.47	3329.00
747.66	3345.00
747.85	3293.00
748.04	3206.00
748.23	3222.00
748.42	3241.00
748.61	3259.00
748.80	3242.00
748.99	3219.00
749.18	3203.00
749.37	3172.00
749.56	3108.00
749.75	3145.00
749.94	3190.00
750.13	3221.00
750.32	3194.00
750.51	3178.00
750.70	3097.00
750.89	3015.00
751.08	3046.00
751.27	3029.00
751.46	3089.00
751.64	3073.00
751.83	3078.00
752.02	3113.00
752.21	3071.00
752.40	3129.00
752.59	3188.00
752.78	2997.00
752.97	3036.00
753.16	3128.00
753.35	3134.00
753.54	3054.00
753.73	3051.00
753.92	3040.00
754.11	2942.00
754.30	3037.00
754.49	3075.00
754.68	3024.00
754.87	3022.00
755.06	3001.00
755.24	2972.00
755.43	3000.00
755.62	2946.00
755.81	2985.00
756.00	2971.00
756.19	2862.00
756.38	2908.00
756.57	2875.00
756.76	2849.00
756.95	2786.00
757.14	2875.00
757.33	2844.00
757.52	2881.00
757.71	2866.00
757.90	2977.00
758.08	2934.00
758.27	2912.00
758.46	2880.00
758.65	2845.00
758.84	2826.00
759.03	2837.00
759.22	2870.00
759.41	2836.00
759.60	2898.00
759.79	2867.00
759.98	2755.00
760.17	2923.00
760.36	2824.00
760.54	2803.00
760.73	2802.00
760.92	2845.00
761.11	2778.00
761.30	2682.00
761.49	2639.00
761.68	2619.00
761.87	2633.00
762.06	2655.00
762.25	2575.00
762.44	2502.00
762.63	2391.00
762.81	2395.00
763.00	2410.00
763.19	2435.00
763.38	2411.00
763.57	2370.00
763.76	2437.00
763.95	2389.00
764.14	2311.00
764.33	2339.00
764.52	2301.00
764.71	2328.00
764.89	2423.00
765.08	2415.00
765.27	2351.00
765.46	2372.00
765.65	2354.00
765.84	2383.00
766.03	2417.00
766.22	2412.00
766.41	2416.00
766.59	2413.00
766.78	2476.00
766.97	2544.00
767.16	2580.00
767.35	2558.00
767.54	2568.00
767.73	2548.00
767.92	2558.00
768.11	2568.00
768.30	2511.00
768.48	2558.00
768.67	2570.00
768.86	2627.00
769.05	2748.00
769.24	2694.00
769.43	2695.00
769.62	2679.00
769.81	2737.00
769.99	2772.00
770.18	2753.00
770.37	2734.00
770.56	2707.00
770.75	2684.00
770.94	2784.00
771.13	2672.00
771.32	2635.00
771.50	2586.00
771.69	2584.00
771.88	2612.00
772.07	2704.00
772.26	2724.00
772.45	2697.00
772.64	2692.00
772.83	2786.00
773.01	2714.00
773.20	2650.00
773.39	2636.00
773.58	2638.00
773.77	2675.00
773.96	2643.00
774.15	2579.00
774.34	2630.00
774.52	2703.00
774.71	2687.00
774.90	2633.00
775.09	2662.00
775.28	2627.00
775.47	2647.00
775.66	2642.00
775.84	2556.00
776.03	2587.00
776.22	2666.00
776.41	2560.00
776.60	2549.00
776.79	2548.00
776.98	2610.00
777.16	2473.00
777.35	2554.00
777.54	2642.00
777.73	2568.00
777.92	2569.00
778.11	2537.00
778.29	2535.00
778.48	2561.00
778.67	2516.00
778.86	2584.00
779.05	2595.00
779.24	2557.00
779.43	2568.00
779.61	2520.00
779.80	2548.00
779.99	2575.00
780.18	2584.00
780.37	2652.00
780.56	2608.00
780.74	2544.00
780.93	2630.00
781.12	2650.00
781.31	2518.00
781.50	2586.00
781.69	2620.00
781.87	2601.00
782.06	2587.00
782.25	2577.00
782.44	2727.00
782.63	2644.00
782.82	2597.00
783.00	2631.00
783.19	2642.00
783.38	2673.00
783.57	2712.00
783.76	2721.00
783.95	2651.00
784.13	2487.00
784.32	2512.00
784.51	2600.00
784.70	2601.00
784.89	2600.00
785.08	2662.00
785.26	2698.00
785.45	2694.00
785.64	2684.00
785.83	2654.00
786.02	2705.00
786.20	2607.00
786.39	2549.00
786.58	2748.00
786.77	2659.00
786.96	2658.00
787.15	2660.00
787.33	2698.00
787.52	2730.00
787.71	2639.00
787.90	2623.00
788.09	2696.00
788.27	2715.00
788.46	2727.00
788.65	2787.00
788.84	2772.00
789.03	2688.00
789.21	2658.00
789.40	2677.00
789.59	2710.00
789.78	2730.00
789.97	2724.00
790.15	2735.00
790.34	2783.00
790.53	2823.00
790.72	2863.00
790.91	2830.00
791.09	2773.00
791.28	2772.00
791.47	2845.00
791.66	2804.00
791.85	2779.00
792.03	2781.00
792.22	2826.00
792.41	2826.00
792.60	2742.00
792.79	2733.00
792.97	2893.00
793.16	2811.00
793.35	2817.00
793.54	2915.00
793.72	2854.00
793.91	2868.00
794.10	2887.00
794.29	2847.00
794.48	2849.00
794.66	2829.00
794.85	2774.00
795.04	2839.00
795.23	2772.00
795.42	2753.00
795.60	2853.00
795.79	2797.00
795.98	2793.00
796.17	2858.00
796.35	2894.00
796.54	2879.00
796.73	2881.00
796.92	2915.00
797.11	2865.00
797.29	2827.00
797.48	2870.00
797.67	2862.00
797.86	2767.00
798.04	2825.00
798.23	2772.00
798.42	2819.00
798.61	2873.00
798.79	2872.00
798.98	2879.00
799.17	2892.00
799.36	2855.00
799.54	2813.00
799.73	2872.00
799.92	2927.00
800.11	2902.00
800.30	2921.00
800.48	2855.00
800.67	2838.00
800.86	2893.00
801.05	2881.00
801.23	2830.00
801.42	2780.00
801.61	2767.00
801.80	2839.00
801.98	2892.00
802.17	2941.00
802.36	2930.00
802.55	2922.00
802.73	2832.00
802.92	2904.00
803.11	2884.00
803.30	2927.00
803.48	2981.00
803.67	2976.00
803.86	2936.00
804.05	2944.00
804.23	2933.00
804.42	2947.00
804.61	2946.00
804.80	2884.00
804.98	2862.00
805.17	2932.00
805.36	2988.00
805.54	2943.00
805.73	2972.00
805.92	2961.00
806.11	2972.00
806.29	2984.00
806.48	2993.00
806.67	2870.00
806.86	2865.00
807.04	2874.00
807.23	2942.00
807.42	2915.00
807.61	2987.00
807.79	2948.00
807.98	2935.00
808.17	3009.00
808.35	2955.00
808.54	2935.00
808.73	2982.00
808.92	2995.00
809.10	2939.00
809.29	2866.00
809.48	2964.00
809.67	2939.00
809.85	2932.00
810.04	2937.00
810.23	2933.00
810.41	2988.00
810.60	2960.00
810.79	2942.00
810.98	2899.00
811.16	2941.00
811.35	2992.00
811.54	2810.00
811.72	2859.00
811.91	2926.00
812.10	2908.00
812.29	2884.00
812.47	2873.00
812.66	2878.00
812.85	2869.00
813.03	2864.00
813.22	2806.00
813.41	2872.00
813.60	2945.00
813.78	2966.00
813.97	2934.00
814.16	2919.00
814.34	2838.00
814.53	2900.00
814.72	2921.00
814.90	2895.00
815.09	2855.00
815.28	2805.00
815.47	2842.00
815.65	2957.00
815.84	2968.00
816.03	3026.00
816.21	3042.00
816.40	2969.00
816.59	2919.00
816.77	3002.00
816.96	2991.00
817.15	2937.00
817.33	2860.00
817.52	2843.00
817.71	2893.00
817.90	2860.00
818.08	2942.00
818.27	2966.00
818.46	2972.00
818.64	3022.00
818.83	3012.00
819.02	3037.00
819.20	2983.00
819.39	2946.00
819.58	3021.00
819.76	2946.00
819.95	2903.00
820.14	3004.00
820.32	2955.00
820.51	2903.00
820.70	2893.00
820.88	2956.00
821.07	2972.00
821.26	3002.00
821.44	2974.00
821.63	2944.00
821.82	2876.00
822.01	2904.00
822.19	2911.00
822.38	2919.00
822.57	2944.00
822.75	2976.00
822.94	3002.00
823.13	2887.00
823.31	2877.00
823.50	2822.00
823.69	2916.00
823.87	2897.00
824.06	2887.00
824.25	2861.00
824.43	2805.00
824.62	2788.00
824.80	2881.00
824.99	2889.00
825.18	2825.00
825.36	2855.00
825.55	2910.00
825.74	2832.00
825.92	2846.00
826.11	2874.00
826.30	2883.00
826.48	2883.00
826.67	2828.00
826.86	2805.00
827.04	2799.00
827.23	2877.00
827.42	2811.00
827.60	2824.00
827.79	2871.00
827.98	2852.00
828.16	2749.00
828.35	2729.00
828.54	2916.00
828.72	2899.00
828.91	2742.00
829.09	2678.00
829.28	2709.00
829.47	2790.00
829.65	2791.00
829.84	2691.00
830.03	2753.00
830.21	2688.00
830.40	2641.00
830.59	2633.00
830.77	2734.00
830.96	2760.00
831.14	2754.00
831.33	2699.00
831.52	2688.00
831.70	2741.00
831.89	2732.00
832.08	2691.00
832.26	2679.00
832.45	2696.00
832.64	2780.00
832.82	2714.00
833.01	2733.00
833.19	2646.00
833.38	2658.00
833.57	2660.00
833.75	2691.00
833.94	2668.00
834.13	2579.00
834.31	2649.00
834.50	2610.00
834.68	2668.00
834.87	2718.00
835.06	2699.00
835.24	2669.00
835.43	2701.00
835.61	2664.00
835.80	2581.00
835.99	2729.00
836.17	2757.00
836.36	2664.00
836.55	2572.00
836.73	2527.00
836.92	2577.00
837.10	2631.00
837.29	2654.00
837.48	2748.00
837.66	2651.00
837.85	2551.00
838.03	2598.00
838.22	2621.00
838.41	2638.00
838.59	2558.00
838.78	2627.00
838.96	2553.00
839.15	2597.00
839.34	2593.00
839.52	2609.00
839.71	2615.00
839.89	2564.00
840.08	2454.00
840.27	2581.00
840.45	2555.00
840.64	2541.00
840.82	2604.00
841.01	2543.00
841.20	2471.00
841.38	2443.00
841.57	2557.00
841.75	2556.00
841.94	2495.00
842.13	2450.00
842.31	2550.00
842.50	2529.00
842.68	2524.00
842.87	2484.00
843.05	2411.00
843.24	2421.00
843.43	2432.00
843.61	2390.00
843.80	2394.00
843.98	2405.00
844.17	2393.00
844.36	2340.00
844.54	2347.00
844.73	2381.00
844.91	2387.00
845.10	2408.00
845.28	2374.00
845.47	2401.00
845.66	2332.00
845.84	2307.00
846.03	2388.00
846.21	2449.00
846.40	2362.00
846.58	2288.00
846.77	2406.00
846.96	2450.00
847.14	2402.00
847.33	2381.00
847.51	2320.00
847.70	2307.00
847.88	2355.00
848.07	2359.00
848.25	2257.00
848.44	2294.00
848.63	2256.00
848.81	2308.00
849.00	2381.00
849.18	2311.00
849.37	2155.00
849.55	2186.00
849.74	2192.00
849.93	2313.00
850.11	2333.00
850.30	2207.00
850.48	2201.00
850.67	2204.00
850.85	2249.00
851.04	2252.00
851.22	2230.00
851.41	2197.00
851.59	2254.00
851.78	2293.00
851.97	2110.00
852.15	2059.00
852.34	2146.00
852.52	2179.00
852.71	2309.00
852.89	2321.00
853.08	2281.00
853.26	2145.00
853.45	2103.00
853.63	2071.00
853.82	2025.00
854.01	2052.00
854.19	2167.00
854.38	2213.00
854.56	2176.00
854.75	2167.00
854.93	2154.00
855.12	2123.00
855.30	2158.00
855.49	2150.00
855.67	2122.00
855.86	2105.00
856.04	2039.00
856.23	2051.00
856.41	2171.00
856.60	2113.00
856.79	2048.00
856.97	2083.00
857.16	2066.00
857.34	2100.00
857.53	2060.00
857.71	2132.00
857.90	2092.00
858.08	2033.00
858.27	2070.00
858.45	2070.00
858.64	2104.00
858.82	2098.00
859.01	1991.00
859.19	1979.00
859.38	2069.00
859.56	2020.00
859.75	2057.00
859.93	2079.00
860.12	1983.00
860.30	1969.00
860.49	2036.00
860.67	2002.00
860.86	2033.00
861.04	2000.00
861.23	2007.00
861.41	2024.00
861.60	2017.00
861.78	1958.00
861.97	1968.00
862.15	1999.00
862.34	1942.00
862.53	1950.00
862.71	1971.00
862.90	1988.00
863.08	1983.00
863.27	1953.00
863.45	1985.00
863.64	1949.00
863.82	1974.00
864.01	1928.00
864.19	1797.00
864.37	1870.00
864.56	1893.00
864.74	1985.00
864.93	1922.00
865.11	1972.00
865.30	1969.00
865.48	1895.00
865.67	1849.00
865.85	1895.00
866.04	1908.00
866.22	1890.00
866.41	1876.00
866.59	1910.00
866.78	1856.00
866.96	1878.00
867.15	1915.00
867.33	1956.00
867.52	1813.00
867.70	1830.00
867.89	1727.00
868.07	1735.00
868.26	1742.00
868.44	1772.00
868.63	1851.00
868.81	1842.00
869.00	1852.00
869.18	1775.00
869.37	1746.00
869.55	1815.00
869.74	1735.00
869.92	1676.00
870.10	1701.00
870.29	1695.00
870.47	1645.00
870.66	1686.00
870.84	1746.00
871.03	1738.00
871.21	1715.00
871.40	1772.00
871.58	1751.00
871.77	1669.00
871.95	1705.00
872.14	1676.00
872.32	1700.00
872.51	1713.00
872.69	1698.00
872.87	1668.00
873.06	1688.00
873.24	1652.00
873.43	1664.00
873.61	1651.00
873.80	1610.00
873.98	1674.00
874.17	1698.00
874.35	1646.00
874.54	1623.00
874.72	1691.00
874.90	1729.00
875.09	1729.00
875.27	1709.00
875.46	1702.00
875.64	1687.00
875.83	1660.00
876.01	1651.00
876.20	1665.00
876.38	1631.00
876.56	1676.00
876.75	1718.00
876.93	1608.00
877.12	1579.00
877.30	1610.00
877.49	1612.00
877.67	1633.00
877.86	1630.00
878.04	1662.00
878.22	1693.00
878.41	1660.00
878.59	1665.00
878.78	1585.00
878.96	1581.00
879.15	1654.00
879.33	1668.00
879.51	1685.00
879.70	1670.00
879.88	1611.00
880.07	1647.00
880.25	1714.00
880.44	1641.00
880.62	1615.00
880.80	1603.00
880.99	1513.00
881.17	1495.00
881.36	1576.00
881.54	1628.00
881.73	1646.00
881.91	1664.00
882.09	1590.00
882.28	1590.00
882.46	1558.00
882.65	1567.00
882.83	1592.00
883.02	1549.00
883.20	1567.00
883.38	1623.00
883.57	1668.00
883.75	1680.00
883.94	1617.00
884.12	1648.00
884.30	1640.00
884.49	1594.00
884.67	1598.00
884.86	1653.00
885.04	1568.00
885.22	1460.00
885.41	1517.00
885.59	1551.00
885.78	1489.00
885.96	1508.00
886.14	1598.00
886.33	1500.00
886.51	1438.00
886.70	1477.00
886.88	1522.00
887.06	1553.00
887.25	1568.00
887.43	1543.00
887.62	1565.00
887.80	1527.00
887.98	1494.00
888.17	1436.00
888.35	1444.00
888.54	1463.00
888.72	1458.00
888.90	1505.00
889.09	1550.00
889.27	1602.00
889.46	1558.00
889.64	1479.00
889.82	1545.00
890.01	1515.00
890.19	1503.00
890.38	1491.00
890.56	1522.00
890.74	1521.00
890.93	1546.00
891.11	1501.00
891.29	1509.00
891.48	1515.00
891.66	1558.00
891.85	1555.00
892.03	1525.00
892.21	1479.00
892.40	1511.00
892.58	1589.00
892.76	1538.00
892.95	1513.00
893.13	1557.00
893.32	1420.00
893.50	1469.00
893.68	1501.00
893.87	1485.00
894.05	1567.00
894.23	1518.00
894.42	1536.00
894.60	1505.00
894.79	1562.00
894.97	1613.00
895.15	1495.00
895.34	1538.00
895.52	1565.00
895.70	1541.00
895.89	1546.00
896.07	1544.00
896.25	1503.00
896.44	1580.00
896.62	1568.00
896.81	1615.00
896.99	1578.00
897.17	1520.00
897.36	1550.00
897.54	1542.00
897.72	1664.00
897.91	1547.00
898.09	1586.00
898.27	1565.00
898.46	1591.00
898.64	1584.00
898.82	1592.00
899.01	1627.00
899.19	1578.00
899.37	1588.00
899.56	1552.00
899.74	1556.00
899.92	1592.00
900.11	1579.00
900.29	1584.00
900.47	1622.00
900.66	1560.00
900.84	1680.00
901.03	1722.00
901.21	1696.00
901.39	1661.00
901.58	1584.00
901.76	1568.00
901.94	1661.00
902.13	1724.00
902.31	1661.00
902.49	1588.00
902.68	1650.00
902.86	1623.00
903.04	1604.00
903.23	1738.00
903.41	1652.00
903.59	1639.00
903.78	1694.00
903.96	1660.00
904.14	1719.00
904.32	1648.00
904.51	1654.00
904.69	1617.00
904.87	1680.00
905.06	1688.00
905.24	1704.00
905.42	1801.00
905.61	1730.00
905.79	1656.00
905.97	1704.00
906.16	1736.00
906.34	1829.00
906.52	1761.00
906.71	1646.00
906.89	1688.00
907.07	1720.00
907.26	1692.00
907.44	1687.00
907.62	1691.00
907.81	1716.00
907.99	1792.00
908.17	1796.00
908.35	1714.00
908.54	1726.00
908.72	1684.00
908.90	1656.00
909.09	1658.00
909.27	1727.00
909.45	1691.00
909.64	1710.00
909.82	1720.00
910.00	1757.00
910.18	1766.00
910.37	1713.00
910.55	1613.00
910.73	1714.00
910.92	1695.00
911.10	1685.00
911.28	1702.00
911.47	1781.00
911.65	1711.00
911.83	1760.00
912.01	1751.00
912.20	1715.00
912.38	1674.00
912.56	1682.00
912.75	1680.00
912.93	1630.00
913.11	1724.00
913.29	1725.00
913.48	1677.00
913.66	1688.00
913.84	1681.00
914.03	1668.00
914.21	1624.00
914.39	1603.00
914.57	1640.00
914.76	1592.00
914.94	1536.00
915.12	1608.00
915.31	1604.00
915.49	1628.00
915.67	1618.00
915.85	1666.00
916.04	1624.00
916.22	1612.00
916.40	1646.00
916.58	1615.00
916.77	1633.00
916.95	1620.00
917.13	1626.00
917.32	1631.00
917.50	1595.00
917.68	1660.00
917.86	1628.00
918.05	1627.00
918.23	1688.00
918.41	1636.00
918.59	1604.00
918.78	1616.00
918.96	1545.00
919.14	1600.00
919.32	1600.00
919.51	1596.00
919.69	1550.00
919.87	1598.00
920.05	1648.00
920.24	1562.00
920.42	1488.00
920.60	1541.00
920.78	1565.00
920.97	1550.00
921.15	1547.00
921.33	1520.00
921.52	1553.00
921.70	1534.00
921.88	1479.00
922.06	1506.00
922.24	1404.00
922.43	1492.00
922.61	1541.00
922.79	1560.00
922.97	1615.00
923.16	1480.00
923.34	1460.00
923.52	1493.00
923.70	1522.00
923.89	1542.00
924.07	1484.00
924.25	1460.00
924.43	1458.00
924.62	1513.00
924.80	1507.00
924.98	1502.00
925.16	1474.00
925.35	1535.00
925.53	1579.00
925.71	1515.00
925.89	1497.00
926.08	1469.00
926.26	1470.00
926.44	1477.00
926.62	1553.00
926.80	1548.00
926.99	1445.00
927.17	1415.00
927.35	1500.00
927.53	1420.00
927.72	1458.00
927.90	1490.00
928.08	1493.00
928.26	1482.00
928.44	1420.00
928.63	1401.00
928.81	1395.00
928.99	1368.00
929.17	1323.00
929.36	1374.00
929.54	1419.00
929.72	1285.00
929.90	1408.00
930.08	1408.00
930.27	1435.00
930.45	1452.00
930.63	1358.00
930.81	1350.00
930.99	1392.00
931.18	1338.00
931.36	1284.00
931.54	1235.00
931.72	1299.00
931.90	1386.00
932.09	1351.00
932.27	1300.00
932.45	1298.00
932.63	1274.00
932.81	1249.00
933.00	1240.00
933.18	1302.00
933.36	1195.00
933.54	1195.00
933.72	1196.00
933.91	1166.00
934.09	1157.00
934.27	1216.00
934.45	1144.00
934.63	1118.00
934.82	1225.00
935.00	1216.00
935.18	1120.00
935.36	1118.00
935.54	1015.00
935.73	1065.00
935.91	1070.00
936.09	1040.00
936.27	1065.00
936.45	1012.00
936.64	983.00
936.82	1059.00
937.00	1046.00
937.18	1016.00
937.36	1004.00
937.54	999.00
937.73	966.00
937.91	929.00
938.09	904.00
938.27	884.00
938.45	826.00
938.63	911.00
938.82	947.00
939.00	916.00
939.18	866.00
939.36	755.00
939.54	791.00
939.73	751.00
939.91	776.00
940.09	743.00
940.27	662.00
940.45	770.00
940.63	823.00
940.82	732.00
941.00	682.00
941.18	649.00
941.36	733.00
941.54	723.00
941.72	774.00
941.91	655.00
942.09	701.00
942.27	730.00
942.45	665.00
942.63	589.00
942.81	615.00
942.99	650.00
943.18	615.00
943.36	646.00
943.54	709.00
943.72	643.00
943.90	675.00
944.08	640.00
944.27	627.00
944.45	610.00
944.63	630.00
944.81	562.00
944.99	632.00
945.17	652.00
945.35	563.00
945.54	609.00
945.72	703.00
945.90	710.00
946.08	642.00
946.26	652.00
946.44	650.00
946.62	590.00
946.81	667.00
946.99	595.00
947.17	590.00
947.35	623.00
947.53	603.00
947.71	580.00
947.89	675.00
948.07	581.00
948.26	628.00
948.44	563.00
948.62	634.00
948.80	613.00
948.98	590.00
949.16	614.00
949.34	589.00
949.53	643.00
949.71	661.00
949.89	637.00
950.07	663.00
950.25	689.00
950.43	572.00
950.61	628.00
950.79	741.00
950.98	681.00
951.16	608.00
951.34	632.00
951.52	620.00
951.70	678.00
951.88	622.00
952.06	634.00
952.24	628.00
952.42	692.00
952.61	701.00
952.79	641.00
952.97	605.00
953.15	624.00
953.33	668.00
953.51	681.00
953.69	571.00
953.87	632.00
954.05	586.00
954.24	620.00
954.42	649.00
954.60	621.00
954.78	600.00
954.96	569.00
955.14	536.00
955.32	533.00
955.50	557.00
955.68	578.00
955.86	586.00
956.05	610.00
956.23	614.00
956.41	610.00
956.59	591.00
956.77	577.00
956.95	573.00
957.13	591.00
957.31	629.00
957.49	618.00
957.67	581.00
957.86	648.00
958.04	661.00
958.22	555.00
958.40	541.00
958.58	577.00
958.76	628.00
958.94	586.00
959.12	581.00
959.30	553.00
959.48	580.00
959.66	670.00
959.84	601.00
960.03	539.00
960.21	548.00
960.39	504.00
960.57	553.00
960.75	591.00
960.93	581.00
961.11	542.00
961.29	556.00
961.47	549.00
961.65	520.00
961.83	621.00
962.01	609.00
962.19	528.00
962.37	573.00
962.56	552.00
962.74	583.00
962.92	557.00
963.10	498.00
963.28	501.00
963.46	578.00
963.64	541.00
963.82	502.00
964.00	563.00
964.18	598.00
964.36	597.00
964.54	604.00
964.72	597.00
964.90	549.00
965.08	461.00
965.27	555.00
965.45	536.00
965.63	490.00
965.81	533.00
965.99	556.00
966.17	500.00
966.35	504.00
966.53	557.00
966.71	581.00
966.89	570.00
967.07	510.00
967.25	522.00
967.43	589.00
967.61	573.00
967.79	493.00
967.97	539.00
968.15	563.00
968.33	545.00
968.51	545.00
968.69	531.00
968.87	568.00
969.06	479.00
969.24	472.00
969.42	529.00
969.60	511.00
969.78	558.00
969.96	492.00
970.14	494.00
970.32	537.00
970.50	509.00
970.68	485.00
970.86	526.00
971.04	461.00
971.22	503.00
971.40	533.00
971.58	437.00
971.76	439.00
971.94	526.00
972.12	516.00
972.30	422.00
972.48	502.00
972.66	500.00
972.84	429.00
973.02	442.00
973.20	521.00
973.38	441.00
973.56	426.00
973.74	442.00
973.92	473.00
974.10	525.00
974.28	475.00
974.46	521.00
974.64	423.00
974.82	461.00
975.00	470.00
975.18	482.00
975.36	485.00
975.54	448.00
975.72	460.00
975.90	431.00
976.08	355.00
976.26	379.00
976.44	464.00
976.62	484.00
976.80	481.00
976.98	436.00
977.16	425.00
977.34	442.00
977.52	520.00
977.70	501.00
977.88	484.00
978.06	437.00
978.24	479.00
978.42	384.00
978.60	388.00
978.78	408.00
978.96	437.00
979.14	445.00
979.32	386.00
979.50	418.00
979.68	366.00
979.86	440.00
980.04	415.00
980.22	375.00
980.40	367.00
980.58	413.00
980.76	360.00
980.94	380.00
981.12	371.00
981.30	385.00
981.48	400.00
981.66	358.00
981.84	382.00
982.02	367.00
982.20	406.00
982.38	440.00
982.56	395.00
982.74	397.00
982.92	425.00
983.10	435.00
983.28	382.00
983.46	385.00
983.64	367.00
983.82	382.00
984.00	347.00
984.18	345.00
984.36	333.00
984.54	416.00
984.72	473.00
984.90	391.00
985.08	442.00
985.26	423.00
985.44	388.00
985.62	327.00
985.80	289.00
985.98	345.00
986.16	356.00
986.34	378.00
986.51	344.00
986.69	339.00
986.87	289.00
987.05	332.00
987.23	379.00
987.41	310.00
987.59	338.00
987.77	320.00
987.95	368.00
988.13	300.00
988.31	311.00
988.49	325.00
988.67	346.00
988.85	372.00
989.03	370.00
989.21	322.00
989.39	277.00
989.57	309.00
989.75	406.00
989.93	351.00
990.11	365.00
990.28	309.00
990.46	245.00
990.64	289.00
990.82	373.00
991.00	376.00
991.18	332.00
991.36	305.00
991.54	330.00
991.72	319.00
991.90	326.00
992.08	314.00
992.26	343.00
992.44	363.00
992.62	406.00
992.80	261.00
992.98	225.00
993.15	336.00
993.33	339.00
993.51	273.00
993.69	284.00
993.87	316.00
994.05	350.00
994.23	327.00
994.41	252.00
994.59	296.00
994.77	234.00
994.95	317.00
995.13	261.00
995.31	288.00
995.48	342.00
995.66	367.00
995.84	279.00
996.02	336.00
996.20	336.00
996.38	281.00
996.56	292.00
996.74	292.00
996.92	282.00
997.10	294.00
997.28	282.00
997.46	264.00
997.63	332.00
997.81	237.00
997.99	241.00
998.17	275.00
998.35	324.00
998.53	270.00
998.71	299.00
998.89	307.00
999.07	305.00
999.25	234.00
999.43	169.00
999.60	264.00
999.78	255.00
999.96	222.00
1000.14	271.00
1000.32	212.00
1000.50	316.00
1000.68	284.00
1000.86	235.00
1001.04	270.00
1001.21	302.00
1001.39	230.00
1001.57	266.00
1001.75	259.00
1001.93	233.00
1002.11	265.00
1002.29	249.00
1002.47	301.00
1002.65	302.00
1002.82	295.00
1003.00	285.00
1003.18	255.00
1003.36	294.00
1003.54	279.00
1003.72	303.00
1003.90	255.00
1004.08	257.00
1004.26	221.00
1004.43	270.00
1004.61	269.00
1004.79	233.00
1004.97	162.00
1005.15	234.00
1005.33	261.00
1005.51	188.00
1005.69	267.00
1005.86	287.00
1006.04	295.00
1006.22	362.00
1006.40	238.00
1006.58	185.00
1006.76	252.00
1006.94	158.00
1007.12	151.00
1007.29	149.00
1007.47	226.00
1007.65	280.00
1007.83	281.00
1008.01	276.00
1008.19	274.00
1008.37	215.00
1008.54	188.00
1008.72	186.00
1008.90	272.00
1009.08	287.00
1009.26	222.00
1009.44	298.00
1009.62	185.00
1009.79	200.00
1009.97	253.00
1010.15	249.00
1010.33	263.00
1010.51	308.00
1010.69	214.00
1010.87	168.00
1011.04	228.00
1011.22	195.00
1011.40	224.00
1011.58	247.00
1011.76	252.00
1011.94	246.00
1012.11	198.00
1012.29	192.00
1012.47	228.00
1012.65	132.00
1012.83	133.00
1013.01	171.00
1013.18	164.00
1013.36	198.00
1013.54	174.00
1013.72	174.00
1013.90	209.00
1014.08	276.00
1014.25	265.00
1014.43	207.00
1014.61	253.00
1014.79	227.00
1014.97	176.00
1015.15	271.00
1015.32	240.00
1015.50	229.00
1015.68	223.00
1015.86	206.00
1016.04	217.00
1016.22	212.00
1016.39	226.00
1016.57	206.00
1016.75	179.00
1016.93	133.00
1017.11	212.00
1017.29	167.00
1017.46	169.00
1017.64	194.00
1017.82	131.00
1018.00	134.00
1018.18	203.00
1018.35	186.00
1018.53	185.00
1018.71	212.00
1018.89	223.00
1019.07	216.00
1019.24	225.00
1019.42	197.00
1019.60	206.00
1019.78	146.00
1019.96	162.00
1020.14	133.00
1020.31	128.00
1020.49	173.00
1020.67	149.00
1020.85	211.00
1021.03	210.00
1021.20	226.00
1021.38	134.00
1021.56	170.00
1021.74	166.00
1021.92	111.00
1022.09	177.00
1022.27	245.00
1022.45	239.00
1022.63	217.00
1022.81	173.00
1022.98	231.00
1023.16	187.00
1023.34	124.00
1023.52	190.00
1023.69	189.00
1023.87	217.00
1024.05	153.00
1024.23	174.00
1024.41	225.00
1024.58	156.00
1024.76	191.00
1024.94	187.00
1025.12	121.00
1025.30	135.00
1025.47	196.00
1025.65	228.00
1025.83	135.00
1026.01	121.00
1026.18	117.00
1026.36	218.00
1026.54	182.00
1026.72	232.00
1026.90	162.00
1027.07	134.00
1027.25	135.00
1027.43	77.00
1027.61	106.00
1027.78	159.00
1027.96	187.00
1028.14	161.00
1028.32	156.00
1028.49	105.00
1028.67	111.00
1028.85	108.00
1029.03	133.00
1029.21	170.00
1029.38	137.00
1029.56	157.00
1029.74	158.00
1029.92	99.00
1030.09	137.00
1030.27	167.00
1030.45	121.00
1030.63	133.00
1030.80	152.00
1030.98	116.00
1031.16	127.00
1031.34	57.00
1031.51	100.00
1031.69	124.00
1031.87	184.00
1032.05	167.00
1032.22	115.00
1032.40	46.00
1032.58	100.00
1032.76	104.00
1032.93	148.00
1033.11	171.00
1033.29	151.00
1033.47	104.00
1033.64	104.00
1033.82	106.00
1034.00	118.00
1034.18	111.00
1034.35	62.00
1034.53	184.00
1034.71	115.00
1034.89	103.00
1035.06	90.00
1035.24	77.00
1035.42	92.00
1035.59	111.00
1035.77	115.00
1035.95	179.00
1036.13	211.00
1036.30	182.00
1036.48	89.00
1036.66	125.00
1036.84	146.00
1037.01	121.00
1037.19	133.00
1037.37	128.00
1037.54	119.00
1037.72	141.00
1037.90	46.00
1038.08	63.00
1038.25	88.00
1038.43	62.00
1038.61	158.00
1038.79	129.00
1038.96	78.00
1039.14	124.00
1039.32	201.00
1039.49	157.00
1039.67	88.00
1039.85	101.00
1040.03	112.00
1040.20	127.00
1040.38	92.00
1040.56	132.00
1040.73	96.00
1040.91	48.00
1041.09	140.00
1041.27	86.00
1041.44	92.00
1041.62	90.00
1041.80	146.00
1041.97	80.00
1042.15	109.00
1042.33	108.00
1042.50	111.00
1042.68	37.00
1042.86	52.00
1043.04	122.00
1043.21	158.00
1043.39	63.00
1043.57	100.00
1043.74	122.00
1043.92	61.00
1044.10	93.00
1044.27	87.00
1044.45	84.00
1044.63	33.00
1044.80	56.00
1044.98	104.00
1045.16	70.00
1045.34	88.00
1045.51	26.00
1045.69	128.00
1045.87	88.00
1046.04	81.00
1046.22	86.00
1046.40	67.00
1046.57	24.00
1046.75	68.00
1046.93	153.00
1047.10	165.00
1047.28	121.00
1047.46	78.00
1047.63	84.00
1047.81	86.00
1047.99	61.00
1048.16	43.00
1048.34	99.00
1048.52	32.00
1048.69	61.00
1048.87	84.00
1049.05	117.00
1049.22	44.00
1049.40	66.00
1049.58	138.00
1049.75	44.00
1049.93	13.00
1050.11	38.00
1050.28	9.00
1050.46	97.00
1050.64	38.00
1050.81	-26.00
1050.99	53.00
1051.17	107.00
1051.34	75.00
1051.52	73.00
1051.70	35.00
1051.87	67.00
1052.05	147.00
1052.23	181.00
1052.40	125.00
1052.58	90.00
1052.76	91.00
1052.93	145.00
1053.11	165.00
1053.29	26.00
1053.46	87.00
1053.64	112.00
1053.82	87.00
1053.99	24.00
1054.17	29.00
1054.35	66.00
1054.52	132.00
1054.70	59.00
1054.87	76.00
1055.05	93.00
1055.23	53.00
1055.40	28.00
1055.58	2.00
1055.76	80.00
1055.93	128.00
1056.11	-14.00
1056.29	74.00
1056.46	121.00
1056.64	66.00
1056.81	62.00
1056.99	27.00
1057.17	129.00
1057.34	94.00
1057.52	69.00
1057.70	93.00
1057.87	55.00
1058.05	57.00
1058.22	79.00
1058.40	108.00
1058.58	54.00
1058.75	-26.00
1058.93	-35.00
1059.11	68.00
1059.28	76.00
1059.46	61.00
1059.63	81.00
1059.81	92.00
1059.99	4.00
1060.16	22.00
1060.34	55.00
1060.52	100.00
1060.69	36.00
1060.87	70.00
1061.04	23.00
1061.22	144.00
