367.62	373.00
367.82	336.00
368.02	406.00
368.23	442.00
368.43	430.00
368.63	445.00
368.83	382.00
369.04	339.00
369.24	367.00
369.44	361.00
369.65	387.00
369.85	439.00
370.05	455.00
370.25	396.00
370.46	396.00
370.66	427.00
370.86	390.00
371.07	391.00
371.27	370.00
371.47	418.00
371.67	454.00
371.88	465.00
372.08	422.00
372.28	587.00
372.49	511.00
372.69	541.00
372.89	502.00
373.09	573.00
373.30	548.00
373.50	507.00
373.70	534.00
373.91	617.00
374.11	584.00
374.31	608.00
374.51	606.00
374.72	563.00
374.92	583.00
375.12	618.00
375.33	618.00
375.53	679.00
375.73	687.00
375.93	604.00
376.14	697.00
376.34	761.00
376.54	728.00
376.74	693.00
376.95	646.00
377.15	741.00
377.35	723.00
377.55	786.00
377.76	789.00
377.96	763.00
378.16	819.00
378.37	805.00
378.57	827.00
378.77	862.00
378.97	899.00
379.18	811.00
379.38	763.00
379.58	776.00
379.78	829.00
379.99	744.00
380.19	863.00
380.39	918.00
380.59	910.00
380.80	852.00
381.00	920.00
381.20	924.00
381.40	863.00
381.61	911.00
381.81	872.00
382.01	868.00
382.21	846.00
382.42	832.00
382.62	849.00
382.82	902.00
383.02	918.00
383.23	945.00
383.43	954.00
383.63	846.00
383.83	845.00
384.04	845.00
384.24	922.00
384.44	911.00
384.64	865.00
384.85	867.00
385.05	966.00
385.25	873.00
385.45	914.00
385.66	854.00
385.86	869.00
386.06	945.00
386.26	932.00
386.47	887.00
386.67	919.00
386.87	928.00
387.07	909.00
387.27	852.00
387.48	838.00
387.68	852.00
387.88	896.00
388.08	908.00
388.29	930.00
388.49	963.00
388.69	1000.00
388.89	1050.00
389.10	908.00
389.30	977.00
389.50	917.00
389.70	1044.00
389.90	1019.00
390.11	1000.00
390.31	968.00
390.51	953.00
390.71	1034.00
390.92	1040.00
391.12	994.00
391.32	1008.00
391.52	1072.00
391.72	1095.00
391.93	1074.00
392.13	1105.00
392.33	1200.00
392.53	1202.00
392.74	1234.00
392.94	1185.00
393.14	1308.00
393.34	1292.00
393.54	1307.00
393.75	1303.00
393.95	1243.00
394.15	1248.00
394.35	1312.00
394.56	1281.00
394.76	1308.00
394.96	1340.00
395.16	1402.00
395.36	1468.00
395.57	1407.00
395.77	1474.00
395.97	1528.00
396.17	1525.00
396.37	1582.00
396.58	1639.00
396.78	1733.00
396.98	1752.00
397.18	1657.00
397.38	1623.00
397.59	1718.00
397.79	1802.00
397.99	1792.00
398.19	1781.00
398.39	1885.00
398.60	1907.00
398.80	1921.00
399.00	1954.00
399.20	2040.00
399.40	2128.00
399.61	2065.00
399.81	2132.00
400.01	2149.00
400.21	2044.00
400.41	2056.00
400.62	2164.00
400.82	2124.00
401.02	2211.00
401.22	2234.00
401.42	2214.00
401.63	2314.00
401.83	2490.00
402.03	2366.00
402.23	2355.00
402.43	2517.00
402.64	2491.00
402.84	2639.00
403.04	2605.00
403.24	2564.00
403.44	2523.00
403.64	2607.00
403.85	2609.00
404.05	2611.00
404.25	2676.00
404.45	2737.00
404.65	2681.00
404.86	2740.00
405.06	2763.00
405.26	2696.00
405.46	2613.00
405.66	2678.00
405.86	2726.00
406.07	2793.00
406.27	2828.00
406.47	2796.00
406.67	2881.00
406.87	2863.00
407.07	2811.00
407.28	2898.00
407.48	2844.00
407.68	2871.00
407.88	2936.00
408.08	2868.00
408.28	2957.00
408.49	2976.00
408.69	2793.00
408.89	2942.00
409.09	2902.00
409.29	2888.00
409.49	2988.00
409.70	2951.00
409.90	2929.00
410.10	2985.00
410.30	2986.00
410.50	2934.00
410.70	2990.00
410.91	3014.00
411.11	3020.00
411.31	2981.00
411.51	3023.00
411.71	3037.00
411.91	3071.00
412.12	3030.00
412.32	3074.00
412.52	2964.00
412.72	3066.00
412.92	3084.00
413.12	3027.00
413.32	3105.00
413.53	3174.00
413.73	3135.00
413.93	3266.00
414.13	3321.00
414.33	3287.00
414.53	3239.00
414.74	3327.00
414.94	3297.00
415.14	3321.00
415.34	3276.00
415.54	3334.00
415.74	3421.00
415.94	3437.00
416.15	3497.00
416.35	3572.00
416.55	3567.00
416.75	3561.00
416.95	3501.00
417.15	3592.00
417.35	3642.00
417.56	3593.00
417.76	3799.00
417.96	3766.00
418.16	3880.00
418.36	3927.00
418.56	3835.00
418.76	3774.00
418.97	3829.00
419.17	3960.00
419.37	4094.00
419.57	3974.00
419.77	4145.00
419.97	4237.00
420.17	4240.00
420.37	4275.00
420.58	4353.00
420.78	4371.00
420.98	4376.00
421.18	4406.00
421.38	4511.00
421.58	4585.00
421.78	4693.00
421.98	4706.00
422.19	4733.00
422.39	4748.00
422.59	4741.00
422.79	4900.00
422.99	5013.00
423.19	5026.00
423.39	5090.00
423.59	5177.00
423.80	5180.00
424.00	5283.00
424.20	5451.00
424.40	5511.00
424.60	5566.00
424.80	5580.00
425.00	5726.00
425.20	5699.00
425.40	5713.00
425.61	5881.00
425.81	5898.00
426.01	5875.00
426.21	5905.00
426.41	6095.00
426.61	6154.00
426.81	6179.00
427.01	6229.00
427.21	6321.00
427.42	6379.00
427.62	6477.00
427.82	6422.00
428.02	6546.00
428.22	6674.00
428.42	6621.00
428.62	6734.00
428.82	6857.00
429.02	6833.00
429.23	6889.00
429.43	6919.00
429.63	6889.00
429.83	6931.00
430.03	6973.00
430.23	7087.00
430.43	7188.00
430.63	7130.00
430.83	7167.00
431.03	7055.00
431.24	7094.00
431.44	7086.00
431.64	7121.00
431.84	7126.00
432.04	7244.00
432.24	7195.00
432.44	7163.00
432.64	7227.00
432.84	7251.00
433.04	7312.00
433.24	7215.00
433.45	7308.00
433.65	7475.00
433.85	7306.00
434.05	7258.00
434.25	7252.00
434.45	7198.00
434.65	7320.00
434.85	7233.00
435.05	7185.00
435.25	7108.00
435.45	7101.00
435.65	7020.00
435.86	7269.00
436.06	7246.00
436.26	7256.00
436.46	7222.00
436.66	7128.00
436.86	7223.00
437.06	7091.00
437.26	6930.00
437.46	6957.00
437.66	7010.00
437.86	6863.00
438.06	6929.00
438.26	7069.00
438.47	7070.00
438.67	6905.00
438.87	6888.00
439.07	6838.00
439.27	6895.00
439.47	6839.00
439.67	6984.00
439.87	6898.00
440.07	6939.00
440.27	6853.00
440.47	6967.00
440.67	6956.00
440.87	6803.00
441.07	6990.00
441.27	7013.00
441.48	7033.00
441.68	6902.00
441.88	6982.00
442.08	7015.00
442.28	6967.00
442.48	7060.00
442.68	7149.00
442.88	7067.00
443.08	7128.00
443.28	7133.00
443.48	7120.00
443.68	7070.00
443.88	7067.00
444.08	7222.00
444.28	7083.00
444.48	7102.00
444.68	7243.00
444.88	7255.00
445.09	7291.00
445.29	7442.00
445.49	7467.00
445.69	7429.00
445.89	7432.00
446.09	7536.00
446.29	7391.00
446.49	7580.00
446.69	7777.00
446.89	7710.00
447.09	7720.00
447.29	7840.00
447.49	7888.00
447.69	7830.00
447.89	8073.00
448.09	8030.00
448.29	8028.00
448.49	8190.00
448.69	8085.00
448.89	8347.00
449.09	8335.00
449.29	8436.00
449.49	8395.00
449.70	8557.00
449.90	8608.00
450.10	8742.00
450.30	8746.00
450.50	8757.00
450.70	8830.00
450.90	8996.00
451.10	9079.00
451.30	9181.00
451.50	9176.00
451.70	9201.00
451.90	9246.00
452.10	9326.00
452.30	9617.00
452.50	9598.00
452.70	9838.00
452.90	9999.00
453.10	10027.00
453.30	10169.00
453.50	10209.00
453.70	10321.00
453.90	10298.00
454.10	10572.00
454.30	10656.00
454.50	10665.00
454.70	10753.00
454.90	10893.00
455.10	10940.00
455.30	11058.00
455.50	11056.00
455.70	11143.00
455.90	11420.00
456.10	11460.00
456.30	11507.00
456.50	11498.00
456.70	11542.00
456.90	11660.00
457.10	11860.00
457.30	12206.00
457.50	12289.00
457.70	12335.00
457.90	12414.00
458.10	12442.00
458.30	12521.00
458.50	12587.00
458.70	12637.00
458.90	12861.00
459.10	12979.00
459.30	12869.00
459.50	12817.00
459.70	12833.00
459.90	12915.00
460.10	13151.00
460.30	13262.00
460.50	13284.00
460.70	13252.00
460.90	13202.00
461.10	13070.00
461.30	13275.00
461.50	13374.00
461.70	13448.00
461.90	13597.00
462.10	13575.00
462.30	13700.00
462.50	13551.00
462.70	13552.00
462.90	13633.00
463.10	13811.00
463.30	13660.00
463.50	13700.00
463.70	13810.00
463.90	13702.00
464.10	13730.00
464.30	13700.00
464.50	13684.00
464.70	13773.00
464.90	13775.00
465.10	13795.00
465.30	13680.00
465.50	13582.00
465.70	13643.00
465.90	13504.00
466.10	13690.00
466.30	13666.00
466.50	13589.00
466.70	13560.00
466.90	13574.00
467.10	13389.00
467.30	13381.00
467.50	13304.00
467.70	13460.00
467.90	13501.00
468.10	13395.00
468.30	13286.00
468.50	13278.00
468.70	13194.00
468.90	13106.00
469.10	13007.00
469.30	13261.00
469.50	13149.00
469.70	13147.00
469.90	13213.00
470.10	13204.00
470.30	13232.00
470.50	13076.00
470.70	13133.00
470.90	13325.00
471.10	13170.00
471.29	13092.00
471.49	13122.00
471.69	13039.00
471.89	12902.00
472.09	12987.00
472.29	12908.00
472.49	13059.00
472.69	13206.00
472.89	13171.00
473.09	13073.00
473.29	12840.00
473.49	12905.00
473.69	12767.00
473.89	12811.00
474.09	12922.00
474.29	12874.00
474.49	12865.00
474.69	13029.00
474.89	13107.00
475.09	13181.00
475.29	13235.00
475.49	13146.00
475.69	12945.00
475.88	12969.00
476.08	13017.00
476.28	13314.00
476.48	13163.00
476.68	13211.00
476.88	13185.00
477.08	13101.00
477.28	13231.00
477.48	13246.00
477.68	13286.00
477.88	13300.00
478.08	13330.00
478.28	13373.00
478.48	13281.00
478.68	13363.00
478.88	13402.00
479.08	13413.00
479.28	13631.00
479.47	13566.00
479.67	13746.00
479.87	13751.00
480.07	13824.00
480.27	13870.00
480.47	13877.00
480.67	13967.00
480.87	14166.00
481.07	14074.00
481.27	14251.00
481.47	14460.00
481.67	14458.00
481.87	14395.00
482.07	14433.00
482.27	14617.00
482.46	14672.00
482.66	14817.00
482.86	14875.00
483.06	14913.00
483.26	14991.00
483.46	15132.00
483.66	15120.00
483.86	15352.00
484.06	15499.00
484.26	15568.00
484.46	15810.00
484.66	15824.00
484.86	15892.00
485.05	15943.00
485.25	15960.00
485.45	16091.00
485.65	16382.00
485.85	16346.00
486.05	16520.00
486.25	16572.00
486.45	16739.00
486.65	16805.00
486.85	16907.00
487.05	17074.00
487.25	17306.00
487.44	17273.00
487.64	17372.00
487.84	17871.00
488.04	17833.00
488.24	17965.00
488.44	17939.00
488.64	18264.00
488.84	18330.00
489.04	18495.00
489.24	18736.00
489.43	18915.00
489.63	18996.00
489.83	19097.00
490.03	19115.00
490.23	19358.00
490.43	19461.00
490.63	19810.00
490.83	20007.00
491.03	19927.00
491.23	20115.00
491.42	20339.00
491.62	20415.00
491.82	20664.00
492.02	20714.00
492.22	20677.00
492.42	20892.00
492.62	21027.00
492.82	21326.00
493.02	21473.00
493.22	21503.00
493.41	21556.00
493.61	21696.00
493.81	22021.00
494.01	22255.00
494.21	22319.00
494.41	22368.00
494.61	22486.00
494.81	22504.00
495.01	22591.00
495.20	22691.00
495.40	22894.00
495.60	23071.00
495.80	23268.00
496.00	23458.00
496.20	23497.00
496.40	23661.00
496.60	23592.00
496.79	23432.00
496.99	23289.00
497.19	23733.00
497.39	24001.00
497.59	24082.00
497.79	24030.00
497.99	24251.00
498.19	23958.00
498.38	23859.00
498.58	24313.00
498.78	24369.00
498.98	24075.00
499.18	24275.00
499.38	24703.00
499.58	24827.00
499.78	24734.00
499.97	24476.00
500.17	24547.00
500.37	24620.00
500.57	24538.00
500.77	24461.00
500.97	24606.00
501.17	24559.00
501.37	24840.00
501.56	24739.00
501.76	24639.00
501.96	24601.00
502.16	24477.00
502.36	24448.00
502.56	24336.00
502.76	24659.00
502.95	24464.00
503.15	24367.00
503.35	24410.00
503.55	24256.00
503.75	24172.00
503.95	24212.00
504.15	24133.00
504.34	24111.00
504.54	24186.00
504.74	24142.00
504.94	24190.00
505.14	23988.00
505.34	23830.00
505.54	23977.00
505.73	23769.00
505.93	23745.00
506.13	23884.00
506.33	23781.00
506.53	23894.00
506.73	23801.00
506.92	23739.00
507.12	23714.00
507.32	23612.00
507.52	23693.00
507.72	23703.00
507.92	23536.00
508.12	23501.00
508.31	23458.00
508.51	23463.00
508.71	23425.00
508.91	23398.00
509.11	23141.00
509.31	23261.00
509.50	23290.00
509.70	23308.00
509.90	23187.00
510.10	23027.00
510.30	22997.00
510.50	23177.00
510.69	22922.00
510.89	22811.00
511.09	22897.00
511.29	22896.00
511.49	22920.00
511.69	22737.00
511.88	22906.00
512.08	22921.00
512.28	22916.00
512.48	22792.00
512.68	22755.00
512.88	22723.00
513.07	22806.00
513.27	22928.00
513.47	22986.00
513.67	23046.00
513.87	23100.00
514.06	22817.00
514.26	22768.00
514.46	22841.00
514.66	22969.00
514.86	22854.00
515.06	22935.00
515.25	22828.00
515.45	23090.00
515.65	23078.00
515.85	22931.00
516.05	22844.00
516.24	22890.00
516.44	23093.00
516.64	23101.00
516.84	22854.00
517.04	23128.00
517.23	23307.00
517.43	23146.00
517.63	23311.00
517.83	23341.00
518.03	23308.00
518.23	23432.00
518.42	23363.00
518.62	23478.00
518.82	23571.00
519.02	23626.00
519.22	23862.00
519.41	23884.00
519.61	23871.00
519.81	23876.00
520.01	23861.00
520.21	24049.00
520.40	24262.00
520.60	24288.00
520.80	24584.00
521.00	24657.00
521.20	24596.00
521.39	24527.00
521.59	24654.00
521.79	24776.00
521.99	24733.00
522.19	25038.00
522.38	25122.00
522.58	25313.00
522.78	25698.00
522.98	25498.00
523.17	25449.00
523.37	25427.00
523.57	25712.00
523.77	25817.00
523.97	25959.00
524.16	26298.00
524.36	26247.00
524.56	26440.00
524.76	26710.00
524.96	26871.00
525.15	26875.00
525.35	26909.00
525.55	27060.00
525.75	27305.00
525.94	27359.00
526.14	27652.00
526.34	27708.00
526.54	27904.00
526.74	28334.00
526.93	28440.00
527.13	28384.00
527.33	28704.00
527.53	28540.00
527.72	28565.00
527.92	28874.00
528.12	29172.00
528.32	29504.00
528.52	29670.00
528.71	29726.00
528.91	29721.00
529.11	30044.00
529.31	30300.00
529.50	30405.00
529.70	30403.00
529.90	30743.00
530.10	30972.00
530.29	30996.00
530.49	31104.00
530.69	31327.00
530.89	31543.00
531.09	31634.00
531.28	32136.00
531.48	32484.00
531.68	32406.00
531.88	32676.00
532.07	32821.00
532.27	32998.00
532.47	33232.00
532.67	33257.00
532.86	33184.00
533.06	33318.00
533.26	33817.00
533.46	34022.00
533.65	34258.00
533.85	34518.00
534.05	34535.00
534.25	34507.00
534.44	34819.00
534.64	35001.00
534.84	35095.00
535.04	35241.00
535.23	35361.00
535.43	35574.00
535.63	35869.00
535.83	36011.00
536.02	36452.00
536.22	36188.00
536.42	36173.00
536.62	36600.00
536.81	36484.00
537.01	36392.00
537.21	36466.00
537.41	37002.00
537.60	37166.00
537.80	37374.00
538.00	37540.00
538.20	37413.00
538.39	37679.00
538.59	37777.00
538.79	37755.00
538.99	37724.00
539.18	37928.00
539.38	38020.00
539.58	38114.00
539.77	38341.00
539.97	38532.00
540.17	38652.00
540.37	38574.00
540.56	38259.00
540.76	38344.00
540.96	38508.00
541.16	38548.00
541.35	38729.00
541.55	39046.00
541.75	39006.00
541.94	39182.00
542.14	38916.00
542.34	38942.00
542.54	39013.00
542.73	39019.00
542.93	38969.00
543.13	39174.00
543.33	39241.00
543.52	39113.00
543.72	39189.00
543.92	39014.00
544.11	39049.00
544.31	39116.00
544.51	38874.00
544.71	38925.00
544.90	38711.00
545.10	38768.00
545.30	38546.00
545.49	38933.00
545.69	38719.00
545.89	38742.00
546.09	39026.00
546.28	38557.00
546.48	38346.00
546.68	37940.00
546.87	38041.00
547.07	38265.00
547.27	38279.00
547.47	38027.00
547.66	38094.00
547.86	38396.00
548.06	38311.00
548.25	37939.00
548.45	37672.00
548.65	37847.00
548.84	37632.00
549.04	37866.00
549.24	37797.00
549.44	37822.00
549.63	37969.00
549.83	37804.00
550.03	37655.00
550.22	37620.00
550.42	37613.00
550.62	37542.00
550.81	37348.00
551.01	37354.00
551.21	36974.00
551.41	37159.00
551.60	37295.00
551.80	37184.00
552.00	36847.00
552.19	37107.00
552.39	36856.00
552.59	36753.00
552.78	36660.00
552.98	36410.00
553.18	36115.00
553.37	36382.00
553.57	36206.00
553.77	36106.00
553.96	36309.00
554.16	36155.00
554.36	36097.00
554.56	35929.00
554.75	35707.00
554.95	35853.00
555.15	35792.00
555.34	35693.00
555.54	35676.00
555.74	35421.00
555.93	35775.00
556.13	35930.00
556.33	35656.00
556.52	35560.00
556.72	35176.00
556.92	35280.00
557.11	34791.00
557.31	34586.00
557.51	34398.00
557.70	34310.00
557.90	34092.00
558.10	33865.00
558.29	33317.00
558.49	32797.00
558.69	32815.00
558.88	32898.00
559.08	32718.00
559.28	32496.00
559.47	32239.00
559.67	32150.00
559.87	32195.00
560.06	32123.00
560.26	31920.00
560.46	31814.00
560.65	31645.00
560.85	31783.00
561.05	31910.00
561.24	31924.00
561.44	32111.00
561.64	32242.00
561.83	32674.00
562.03	32863.00
562.23	32934.00
562.42	33291.00
562.62	33153.00
562.82	33491.00
563.01	33640.00
563.21	34053.00
563.40	34217.00
563.60	34215.00
563.80	34331.00
563.99	34652.00
564.19	35067.00
564.39	35264.00
564.58	35870.00
564.78	35803.00
564.98	35892.00
565.17	36197.00
565.37	36352.00
565.57	36375.00
565.76	36250.00
565.96	36176.00
566.16	36246.00
566.35	36378.00
566.55	36328.00
566.74	36303.00
566.94	36406.00
567.14	37013.00
567.33	37393.00
567.53	37364.00
567.73	37482.00
567.92	37137.00
568.12	36660.00
568.32	36779.00
568.51	36726.00
568.71	36639.00
568.90	36410.00
569.10	36502.00
569.30	36744.00
569.49	36673.00
569.69	36555.00
569.89	36433.00
570.08	36417.00
570.28	36608.00
570.47	36521.00
570.67	36456.00
570.87	36444.00
571.06	36649.00
571.26	36460.00
571.46	36725.00
571.65	36950.00
571.85	37094.00
572.04	37315.00
572.24	37442.00
572.44	37580.00
572.63	37245.00
572.83	37481.00
573.03	37545.00
573.22	37705.00
573.42	38112.00
573.61	38389.00
573.81	38879.00
574.01	38799.00
574.20	39083.00
574.40	38732.00
574.59	39045.00
574.79	39250.00
574.99	39197.00
575.18	39724.00
575.38	39868.00
575.58	39736.00
575.77	40115.00
575.97	40363.00
576.16	40546.00
576.36	40730.00
576.56	40932.00
576.75	41026.00
576.95	40820.00
577.14	40897.00
577.34	41171.00
577.54	41304.00
577.73	41125.00
577.93	41816.00
578.12	42178.00
578.32	42195.00
578.52	42338.00
578.71	42491.00
578.91	42502.00
579.10	42611.00
579.30	42837.00
579.50	42813.00
579.69	43262.00
579.89	43263.00
580.08	43411.00
580.28	43927.00
580.48	44218.00
580.67	44009.00
580.87	44225.00
581.06	44196.00
581.26	44590.00
581.45	44775.00
581.65	44787.00
581.85	44776.00
582.04	45162.00
582.24	45355.00
582.43	45202.00
582.63	45612.00
582.83	46154.00
583.02	45793.00
583.22	46341.00
583.41	46673.00
583.61	46578.00
583.80	46635.00
584.00	46759.00
584.20	46960.00
584.39	47056.00
584.59	47083.00
584.78	47309.00
584.98	47758.00
585.17	47556.00
585.37	47862.00
585.57	48293.00
585.76	48300.00
585.96	48851.00
586.15	49162.00
586.35	49147.00
586.54	49086.00
586.74	49134.00
586.94	49466.00
587.13	49949.00
587.33	50083.00
587.52	50375.00
587.72	50815.00
587.91	51219.00
588.11	51402.00
588.31	51564.00
588.50	51466.00
588.70	51753.00
588.89	52126.00
589.09	51911.00
589.28	51886.00
589.48	52329.00
589.68	52939.00
589.87	53047.00
590.07	53208.00
590.26	53445.00
590.46	53355.00
590.65	53677.00
590.85	53619.00
591.04	53532.00
591.24	53625.00
591.44	53553.00
591.63	53619.00
591.83	53681.00
592.02	53910.00
592.22	54204.00
592.41	54381.00
592.61	54625.00
592.80	54679.00
593.00	54935.00
593.19	55034.00
593.39	54727.00
593.59	54605.00
593.78	55017.00
593.98	55030.00
594.17	54963.00
594.37	55477.00
594.56	55412.00
594.76	55488.00
594.95	56025.00
595.15	56112.00
595.34	56309.00
595.54	56302.00
595.73	56324.00
595.93	56333.00
596.13	55806.00
596.32	55915.00
596.52	56415.00
596.71	55872.00
596.91	56147.00
597.10	56183.00
597.30	56410.00
597.49	56483.00
597.69	56416.00
597.88	56456.00
598.08	56563.00
598.27	56539.00
598.47	56028.00
598.66	55822.00
598.86	55834.00
599.06	55663.00
599.25	55456.00
599.45	55260.00
599.64	55369.00
599.84	55293.00
600.03	55284.00
600.23	55236.00
600.42	55184.00
600.62	54785.00
600.81	54752.00
601.01	54882.00
601.20	54832.00
601.40	54492.00
601.59	54310.00
601.79	53736.00
601.98	53363.00
602.18	53306.00
602.37	52830.00
602.57	52751.00
602.76	52960.00
602.96	52799.00
603.15	52725.00
603.35	52645.00
603.54	52598.00
603.74	52466.00
603.93	51762.00
604.13	51553.00
604.32	51488.00
604.52	51353.00
604.71	51045.00
604.91	50489.00
605.10	50716.00
605.30	50714.00
605.49	50613.00
605.69	50548.00
605.88	50332.00
606.08	49976.00
606.27	49867.00
606.47	49524.00
606.66	49202.00
606.86	48922.00
607.05	48946.00
607.25	48407.00
607.44	48398.00
607.64	48301.00
607.83	48203.00
608.03	47871.00
608.22	47743.00
608.42	47601.00
608.61	47422.00
608.81	47391.00
609.00	47284.00
609.20	47161.00
609.39	46555.00
609.59	46233.00
609.78	46436.00
609.98	46140.00
610.17	45938.00
610.37	45969.00
610.56	45453.00
610.76	45456.00
610.95	45378.00
611.15	45195.00
611.34	44970.00
611.54	44939.00
611.73	44808.00
611.93	44481.00
612.12	44200.00
612.32	43977.00
612.51	43838.00
612.71	43764.00
612.90	43857.00
613.09	43806.00
613.29	43593.00
613.48	43587.00
613.68	43846.00
613.87	43717.00
614.07	43517.00
614.26	43431.00
614.46	43403.00
614.65	42921.00
614.85	42721.00
615.04	42766.00
615.24	43005.00
615.43	43006.00
615.63	42706.00
615.82	42127.00
616.02	42369.00
616.21	42103.00
616.40	42571.00
616.60	42691.00
616.79	42451.00
616.99	42336.00
617.18	42124.00
617.38	42412.00
617.57	42391.00
617.77	42040.00
617.96	41820.00
618.16	41724.00
618.35	41922.00
618.54	41979.00
618.74	41930.00
618.93	42256.00
619.13	42136.00
619.32	41825.00
619.52	42038.00
619.71	41991.00
619.91	42048.00
620.10	42192.00
620.30	42267.00
620.49	42009.00
620.68	41914.00
620.88	41938.00
621.07	41880.00
621.27	42061.00
621.46	42151.00
621.66	41965.00
621.85	41901.00
622.05	42424.00
622.24	42544.00
622.43	42887.00
622.63	42862.00
622.82	42799.00
623.02	42794.00
623.21	43042.00
623.41	43037.00
623.60	42715.00
623.80	42762.00
623.99	42673.00
624.18	42953.00
624.38	43102.00
624.57	43194.00
624.77	43089.00
624.96	43442.00
625.16	43749.00
625.35	43745.00
625.54	43749.00
625.74	43709.00
625.93	44025.00
626.13	44062.00
626.32	44365.00
626.52	44315.00
626.71	44420.00
626.90	44282.00
627.10	44481.00
627.29	44653.00
627.49	44596.00
627.68	44764.00
627.88	44885.00
628.07	45336.00
628.26	45664.00
628.46	45786.00
628.65	46068.00
628.85	46521.00
629.04	46672.00
629.23	46440.00
629.43	46377.00
629.62	46432.00
629.82	46555.00
630.01	46684.00
630.21	46782.00
630.40	47209.00
630.59	47502.00
630.79	47264.00
630.98	47634.00
631.18	48307.00
631.37	48468.00
631.56	48707.00
631.76	48882.00
631.95	49007.00
632.15	48950.00
632.34	48964.00
632.53	48836.00
632.73	49083.00
632.92	49208.00
633.12	49429.00
633.31	49806.00
633.50	50132.00
633.70	50084.00
633.89	50376.00
634.09	50635.00
634.28	50817.00
634.47	51330.00
634.67	51412.00
634.86	51650.00
635.06	51874.00
635.25	52203.00
635.44	51943.00
635.64	51744.00
635.83	52225.00
636.03	52427.00
636.22	52329.00
636.41	52667.00
636.61	52782.00
636.80	53173.00
637.00	53535.00
637.19	53872.00
637.38	53903.00
637.58	54197.00
637.77	54296.00
637.96	54633.00
638.16	54938.00
638.35	55329.00
638.55	55345.00
638.74	55350.00
638.93	55753.00
639.13	55749.00
639.32	55720.00
639.51	55925.00
639.71	56107.00
639.90	56170.00
640.10	56288.00
640.29	56524.00
640.48	56721.00
640.68	56752.00
640.87	57319.00
641.07	57688.00
641.26	57916.00
641.45	58266.00
641.65	58230.00
641.84	58232.00
642.03	58212.00
642.23	58092.00
642.42	58347.00
642.61	58603.00
642.81	58780.00
643.00	59232.00
643.20	58980.00
643.39	59342.00
643.58	58998.00
643.78	59178.00
643.97	59560.00
644.16	60014.00
644.36	60295.00
644.55	60231.00
644.74	60627.00
644.94	60972.00
645.13	61047.00
645.33	61185.00
645.52	61112.00
645.71	61075.00
645.91	60758.00
646.10	61040.00
646.29	61050.00
646.49	61066.00
646.68	61133.00
646.87	61449.00
647.07	61560.00
647.26	61821.00
647.45	62091.00
647.65	62442.00
647.84	62638.00
648.03	62694.00
648.23	62694.00
648.42	62816.00
648.62	62827.00
648.81	62857.00
649.00	62851.00
649.20	62703.00
649.39	62816.00
649.58	62906.00
649.78	62764.00
649.97	62818.00
650.16	62659.00
650.36	62740.00
650.55	62837.00
650.74	63164.00
650.94	63323.00
651.13	63355.00
651.32	63518.00
651.52	63660.00
651.71	63616.00
651.90	63550.00
652.10	63641.00
652.29	63599.00
652.48	63532.00
652.68	63554.00
652.87	63411.00
653.06	63587.00
653.26	63393.00
653.45	63406.00
653.64	63365.00
653.84	63473.00
654.03	63625.00
654.22	63598.00
654.42	63693.00
654.61	63772.00
654.80	63801.00
654.99	63961.00
655.19	63979.00
655.38	63858.00
655.57	64062.00
655.77	63971.00
655.96	64025.00
656.15	63752.00
656.35	63497.00
656.54	63509.00
656.73	63338.00
656.93	62975.00
657.12	62964.00
657.31	62921.00
657.51	62947.00
657.70	63111.00
657.89	63274.00
658.09	63042.00
658.28	63193.00
658.47	63109.00
658.66	63250.00
658.86	63367.00
659.05	63241.00
659.24	63178.00
659.44	63141.00
659.63	62907.00
659.82	62833.00
660.02	62484.00
660.21	62423.00
660.40	61942.00
660.60	61970.00
660.79	61704.00
660.98	61574.00
661.17	61462.00
661.37	61393.00
661.56	61261.00
661.75	61606.00
661.95	61335.00
662.14	61527.00
662.33	61467.00
662.52	61628.00
662.72	61579.00
662.91	61552.00
663.10	61358.00
663.30	61030.00
663.49	60856.00
663.68	60574.00
663.88	60344.00
664.07	60441.00
664.26	60321.00
664.45	59892.00
664.65	59305.00
664.84	59050.00
665.03	59135.00
665.23	58868.00
665.42	59008.00
665.61	59137.00
665.80	58869.00
666.00	58988.00
666.19	58958.00
666.38	59080.00
666.57	58691.00
666.77	58693.00
666.96	58648.00
667.15	58419.00
667.35	58030.00
667.54	57603.00
667.73	57368.00
667.92	57316.00
668.12	57394.00
668.31	57141.00
668.50	56755.00
668.70	56652.00
668.89	56344.00
669.08	56623.00
669.27	56411.00
669.47	56477.00
669.66	56706.00
669.85	56534.00
670.04	56749.00
670.24	56700.00
670.43	56475.00
670.62	56259.00
670.81	55693.00
671.01	55655.00
671.20	55380.00
671.39	55282.00
671.58	55477.00
671.78	55155.00
671.97	54847.00
672.16	54502.00
672.36	54165.00
672.55	54105.00
672.74	53895.00
672.93	53794.00
673.13	53821.00
673.32	53832.00
673.51	53793.00
673.70	53933.00
673.90	53589.00
674.09	53857.00
674.28	53856.00
674.47	54062.00
674.67	53553.00
674.86	53460.00
675.05	53599.00
675.24	53526.00
675.44	53361.00
675.63	53321.00
675.82	53228.00
676.01	52869.00
676.21	52239.00
676.40	52433.00
676.59	52090.00
676.78	51998.00
676.97	51871.00
677.17	51593.00
677.36	51516.00
677.55	51627.00
677.74	51665.00
677.94	51496.00
678.13	51637.00
678.32	51966.00
678.51	51785.00
678.71	51881.00
678.90	51668.00
679.09	51488.00
679.28	51519.00
679.48	51329.00
679.67	51087.00
679.86	51174.00
680.05	50930.00
680.24	50648.00
680.44	50318.00
680.63	50059.00
680.82	50087.00
681.01	49581.00
681.21	49372.00
681.40	49259.00
681.59	49274.00
681.78	49194.00
681.97	49256.00
682.17	49212.00
682.36	49422.00
682.55	49517.00
682.74	49497.00
682.94	49322.00
683.13	49198.00
683.32	49175.00
683.51	49106.00
683.70	49089.00
683.90	48961.00
684.09	48833.00
684.28	48847.00
684.47	48395.00
684.66	48412.00
684.86	48313.00
685.05	48403.00
685.24	48299.00
685.43	48061.00
685.63	48180.00
685.82	48167.00
686.01	47802.00
686.20	47927.00
686.39	47818.00
686.59	47980.00
686.78	48301.00
686.97	48077.00
687.16	47948.00
687.35	48293.00
687.55	48168.00
687.74	48300.00
687.93	48373.00
688.12	48336.00
688.31	48207.00
688.51	47950.00
688.70	47732.00
688.89	47561.00
689.08	47468.00
689.27	47502.00
689.47	47547.00
689.66	47062.00
689.85	47119.00
690.04	47344.00
690.23	47211.00
690.42	46963.00
690.62	47205.00
690.81	46986.00
691.00	47104.00
691.19	47295.00
691.38	47144.00
691.58	47122.00
691.77	47163.00
691.96	47472.00
692.15	47552.00
692.34	47424.00
692.54	47813.00
692.73	47875.00
692.92	47820.00
693.11	47794.00
693.30	47674.00
693.49	47278.00
693.69	47284.00
693.88	47182.00
694.07	47303.00
694.26	46795.00
694.45	46427.00
694.64	46672.00
694.84	46529.00
695.03	46455.00
695.22	46337.00
695.41	46328.00
695.60	46446.00
695.80	46434.00
695.99	46486.00
696.18	46552.00
696.37	46578.00
696.56	46631.00
696.75	46729.00
696.95	46903.00
697.14	46908.00
697.33	47047.00
697.52	47179.00
697.71	47342.00
697.90	47062.00
698.09	47088.00
698.29	47197.00
698.48	47357.00
698.67	47305.00
698.86	47463.00
699.05	47470.00
699.24	47536.00
699.44	47541.00
699.63	47395.00
699.82	47379.00
700.01	47503.00
700.20	47854.00
700.39	47762.00
700.58	47908.00
700.78	48231.00
700.97	48573.00
701.16	48471.00
701.35	48523.00
701.54	48674.00
701.73	48758.00
701.93	48806.00
702.12	48907.00
702.31	49073.00
702.50	49319.00
702.69	49557.00
702.88	49991.00
703.07	49758.00
703.27	49919.00
703.46	49933.00
703.65	49762.00
703.84	49893.00
704.03	49871.00
704.22	49658.00
704.41	49905.00
704.60	49731.00
704.80	49813.00
704.99	49917.00
705.18	49917.00
705.37	49761.00
705.56	49902.00
705.75	49863.00
705.94	50159.00
706.14	50425.00
706.33	50489.00
706.52	50977.00
706.71	51009.00
706.90	51340.00
707.09	51648.00
707.28	51857.00
707.47	52128.00
707.67	52040.00
707.86	52164.00
708.05	52098.00
708.24	51920.00
708.43	52112.00
708.62	52464.00
708.81	52698.00
709.00	52391.00
709.20	52696.00
709.39	52662.00
709.58	52572.00
709.77	52565.00
709.96	52616.00
710.15	52794.00
710.34	52757.00
710.53	52864.00
710.72	53100.00
710.92	53036.00
711.11	53207.00
711.30	53243.00
711.49	53320.00
711.68	53384.00
711.87	53544.00
712.06	53677.00
712.25	54166.00
712.44	54296.00
712.64	54512.00
712.83	54758.00
713.02	54818.00
713.21	54743.00
713.40	54904.00
713.59	55160.00
713.78	55543.00
713.97	55729.00
714.16	55402.00
714.35	55490.00
714.55	55626.00
714.74	55732.00
714.93	55386.00
715.12	55317.00
715.31	55425.00
715.50	55501.00
715.69	55236.00
715.88	55259.00
716.07	55351.00
716.26	55465.00
716.45	55422.00
716.65	55440.00
716.84	55665.00
717.03	55740.00
717.22	55810.00
717.41	56087.00
717.60	56230.00
717.79	56386.00
717.98	56564.00
718.17	56505.00
718.36	56638.00
718.55	56745.00
718.75	57189.00
718.94	57390.00
719.13	57068.00
719.32	57305.00
719.51	57061.00
719.70	56993.00
719.89	57009.00
720.08	57024.00
720.27	57004.00
720.46	57149.00
720.65	57299.00
720.84	56999.00
721.03	56832.00
721.22	56730.00
721.42	56422.00
721.61	56500.00
721.80	56258.00
721.99	56208.00
722.18	56467.00
722.37	56499.00
722.56	56468.00
722.75	56509.00
722.94	56638.00
723.13	56520.00
723.32	56803.00
723.51	56794.00
723.70	57029.00
723.89	56947.00
724.08	57354.00
724.28	57567.00
724.47	57231.00
724.66	57378.00
724.85	57377.00
725.04	57597.00
725.23	57305.00
725.42	57457.00
725.61	57333.00
725.80	57152.00
725.99	57144.00
726.18	57078.00
726.37	56893.00
726.56	57091.00
726.75	56976.00
726.94	56758.00
727.13	56895.00
727.32	56580.00
727.51	56580.00
727.71	56392.00
727.90	56267.00
728.09	56208.00
728.28	56132.00
728.47	56326.00
728.66	56496.00
728.85	56316.00
729.04	56174.00
729.23	56378.00
729.42	56233.00
729.61	55798.00
729.80	56058.00
729.99	56195.00
730.18	55807.00
730.37	55853.00
730.56	56139.00
730.75	56417.00
730.94	56418.00
731.13	56387.00
731.32	56308.00
731.51	56276.00
731.70	56250.00
731.89	56335.00
732.08	56235.00
732.27	55812.00
732.46	55856.00
732.65	55553.00
732.84	55740.00
733.04	55776.00
733.23	55828.00
733.42	55582.00
733.61	55633.00
733.80	55464.00
733.99	55284.00
734.18	54826.00
734.37	54735.00
734.56	54845.00
734.75	54660.00
734.94	54214.00
735.13	54113.00
735.32	53918.00
735.51	53857.00
735.70	53966.00
735.89	53687.00
736.08	53931.00
736.27	53891.00
736.46	53886.00
736.65	53639.00
736.84	53450.00
737.03	53432.00
737.22	53412.00
737.41	53277.00
737.60	53318.00
737.79	53529.00
737.98	53336.00
738.17	53266.00
738.36	53163.00
738.55	53013.00
738.74	52667.00
738.93	52838.00
739.12	53133.00
739.31	52760.00
739.50	52486.00
739.69	52455.00
739.88	52105.00
740.07	51895.00
740.26	51392.00
740.45	51331.00
740.64	51233.00
740.83	51440.00
741.02	51153.00
741.21	50806.00
741.40	50515.00
741.59	50155.00
741.78	49954.00
741.97	50033.00
742.16	49463.00
742.35	49632.00
742.54	49730.00
742.73	49195.00
742.92	49099.00
743.11	49161.00
743.30	48950.00
743.49	49071.00
743.68	49108.00
743.87	48968.00
744.06	48485.00
744.25	48835.00
744.44	48765.00
744.63	48438.00
744.82	48540.00
745.01	48464.00
745.20	48112.00
745.39	48201.00
745.58	48187.00
745.77	48026.00
745.96	47852.00
746.15	47766.00
746.34	47634.00
746.52	47434.00
746.71	47187.00
746.90	47174.00
747.09	47201.00
747.28	46631.00
747.47	46643.00
747.66	46318.00
747.85	45923.00
748.04	45954.00
748.23	45770.00
748.42	45409.00
748.61	45299.00
748.80	45135.00
748.99	45053.00
749.18	45011.00
749.37	44870.00
749.56	44535.00
749.75	44613.00
749.94	44526.00
750.13	44189.00
750.32	44109.00
750.51	44044.00
750.70	43706.00
750.89	43637.00
751.08	43396.00
751.27	43459.00
751.46	43628.00
751.64	43559.00
751.83	43241.00
752.02	43038.00
752.21	42717.00
752.40	42964.00
752.59	42942.00
752.78	43153.00
752.97	43061.00
753.16	42904.00
753.35	42680.00
753.54	42523.00
753.73	42496.00
753.92	42210.00
754.11	42000.00
754.30	42348.00
754.49	42318.00
754.68	42038.00
754.87	41775.00
755.06	41728.00
755.24	41508.00
755.43	41317.00
755.62	41237.00
755.81	40903.00
756.00	40640.00
756.19	40706.00
756.38	40696.00
756.57	40311.00
756.76	40228.00
756.95	40076.00
757.14	40087.00
757.33	39802.00
757.52	39645.00
757.71	39524.00
757.90	39544.00
758.08	39410.00
758.27	39607.00
758.46	39520.00
758.65	39152.00
758.84	39326.00
759.03	39337.00
759.22	39330.00
759.41	39350.00
759.60	39174.00
759.79	39125.00
759.98	39333.00
760.17	39063.00
760.36	38969.00
760.54	38749.00
760.73	38585.00
760.92	38494.00
761.11	37864.00
761.30	37518.00
761.49	37170.00
761.68	36729.00
761.87	36021.00
762.06	35870.00
762.25	35059.00
762.44	34441.00
762.63	34000.00
762.81	33518.00
763.00	32517.00
763.19	31965.00
763.38	31714.00
763.57	31240.00
763.76	30947.00
763.95	30741.00
764.14	30569.00
764.33	30609.00
764.52	30766.00
764.71	30864.00
764.89	30810.00
765.08	31159.00
765.27	31439.00
765.46	31885.00
765.65	32276.00
765.84	32643.00
766.03	32993.00
766.22	33288.00
766.41	33814.00
766.59	34272.00
766.78	34490.00
766.97	34691.00
767.16	34970.00
767.35	35159.00
767.54	35452.00
767.73	35503.00
767.92	35826.00
768.11	35899.00
768.30	36171.00
768.48	36130.00
768.67	36117.00
768.86	36145.00
769.05	36215.00
769.24	36011.00
769.43	36067.00
769.62	35895.00
769.81	35977.00
769.99	36088.00
770.18	35842.00
770.37	35576.00
770.56	35621.00
770.75	35553.00
770.94	35654.00
771.13	35345.00
771.32	35386.00
771.50	35445.00
771.69	35469.00
771.88	35503.00
772.07	35433.00
772.26	35373.00
772.45	35080.00
772.64	35256.00
772.83	35300.00
773.01	35264.00
773.20	35113.00
773.39	34898.00
773.58	34838.00
773.77	34858.00
773.96	34686.00
774.15	34431.00
774.34	34239.00
774.52	34351.00
774.71	34213.00
774.90	34333.00
775.09	34158.00
775.28	34148.00
775.47	34049.00
775.66	33991.00
775.84	33802.00
776.03	33831.00
776.22	33816.00
776.41	33790.00
776.60	33839.00
776.79	33861.00
776.98	33819.00
777.16	33720.00
777.35	33593.00
777.54	33390.00
777.73	33414.00
777.92	33373.00
778.11	33480.00
778.29	33689.00
778.48	33551.00
778.67	33649.00
778.86	33554.00
779.05	33688.00
779.24	33403.00
779.43	33405.00
779.61	33500.00
779.80	33555.00
779.99	33506.00
780.18	33294.00
780.37	33319.00
780.56	33684.00
780.74	33798.00
780.93	33821.00
781.12	33767.00
781.31	33841.00
781.50	33642.00
781.69	33679.00
781.87	33646.00
782.06	33694.00
782.25	33750.00
782.44	33785.00
782.63	33850.00
782.82	33709.00
783.00	33743.00
783.19	33669.00
783.38	33776.00
783.57	33807.00
783.76	33656.00
783.95	33688.00
784.13	33513.00
784.32	33746.00
784.51	33834.00
784.70	33562.00
784.89	33632.00
785.08	33830.00
785.26	33775.00
785.45	33437.00
785.64	33397.00
785.83	33780.00
786.02	33719.00
786.20	33884.00
786.39	33823.00
786.58	33595.00
786.77	33764.00
786.96	33821.00
787.15	33676.00
787.33	33943.00
787.52	33735.00
787.71	33656.00
787.90	33707.00
788.09	33896.00
788.27	33716.00
788.46	33686.00
788.65	33810.00
788.84	33901.00
789.03	33802.00
789.21	33864.00
789.40	33999.00
789.59	34019.00
789.78	34055.00
789.97	34435.00
790.15	34368.00
790.34	34453.00
790.53	34555.00
790.72	34460.00
790.91	34564.00
791.09	34756.00
791.28	34925.00
791.47	35097.00
791.66	35322.00
791.85	35140.00
792.03	34678.00
792.22	34785.00
792.41	35344.00
792.60	35507.00
792.79	35414.00
792.97	35295.00
793.16	35368.00
793.35	35362.00
793.54	35344.00
793.72	35259.00
793.91	35229.00
794.10	34998.00
794.29	35233.00
794.48	35166.00
794.66	35338.00
794.85	35248.00
795.04	35283.00
795.23	35277.00
795.42	35117.00
795.60	35039.00
795.79	35214.00
795.98	35379.00
796.17	34981.00
796.35	35135.00
796.54	34940.00
796.73	35143.00
796.92	35119.00
797.11	34865.00
797.29	34763.00
797.48	34836.00
797.67	34765.00
797.86	34747.00
798.04	34679.00
798.23	34794.00
798.42	34414.00
798.61	34647.00
798.79	34792.00
798.98	34551.00
799.17	34513.00
799.36	34889.00
799.54	34835.00
799.73	34650.00
799.92	34625.00
800.11	34468.00
800.30	34466.00
800.48	34519.00
800.67	34451.00
800.86	34480.00
801.05	34444.00
801.23	34633.00
801.42	34682.00
801.61	34807.00
801.80	34836.00
801.98	34736.00
802.17	34935.00
802.36	34963.00
802.55	35177.00
802.73	35216.00
802.92	35162.00
803.11	35057.00
803.30	34990.00
803.48	35081.00
803.67	35060.00
803.86	35149.00
804.05	35084.00
804.23	35069.00
804.42	35024.00
804.61	35104.00
804.80	34993.00
804.98	35070.00
805.17	34927.00
805.36	35268.00
805.54	35294.00
805.73	35363.00
805.92	35305.00
806.11	34966.00
806.29	35088.00
806.48	35079.00
806.67	35225.00
806.86	35059.00
807.04	34901.00
807.23	35326.00
807.42	35214.00
807.61	35143.00
807.79	35153.00
807.98	35015.00
808.17	34953.00
808.35	35021.00
808.54	34951.00
808.73	34828.00
808.92	34836.00
809.10	34494.00
809.29	34533.00
809.48	34619.00
809.67	34656.00
809.85	34578.00
810.04	34579.00
810.23	34440.00
810.41	34219.00
810.60	34022.00
810.79	34009.00
810.98	34227.00
811.16	34226.00
811.35	34101.00
811.54	34309.00
811.72	34076.00
811.91	33981.00
812.10	33985.00
812.29	34002.00
812.47	34094.00
812.66	34022.00
812.85	33923.00
813.03	33605.00
813.22	33729.00
813.41	33735.00
813.60	33695.00
813.78	33834.00
813.97	33741.00
814.16	34052.00
814.34	34232.00
814.53	34239.00
814.72	34181.00
814.90	34075.00
815.09	33868.00
815.28	33940.00
815.47	33872.00
815.65	33558.00
815.84	33894.00
816.03	33954.00
816.21	33982.00
816.40	33950.00
816.59	33869.00
816.77	33901.00
816.96	33781.00
817.15	33953.00
817.33	33825.00
817.52	33864.00
817.71	34072.00
817.90	34141.00
818.08	34166.00
818.27	33747.00
818.46	33954.00
818.64	33914.00
818.83	33777.00
819.02	33995.00
819.20	34019.00
819.39	33893.00
819.58	33727.00
819.76	33926.00
819.95	33770.00
820.14	33794.00
820.32	33892.00
820.51	33968.00
820.70	33777.00
820.88	33793.00
821.07	33697.00
821.26	33732.00
821.44	33522.00
821.63	33421.00
821.82	33291.00
822.01	33372.00
822.19	33266.00
822.38	33325.00
822.57	33421.00
822.75	33276.00
822.94	32994.00
823.13	33007.00
823.31	32973.00
823.50	32888.00
823.69	32972.00
823.87	32901.00
824.06	33181.00
824.25	32935.00
824.43	32542.00
824.62	32546.00
824.80	32601.00
824.99	32599.00
825.18	32353.00
825.36	32485.00
825.55	32257.00
825.74	32282.00
825.92	32311.00
826.11	31866.00
826.30	32035.00
826.48	32006.00
826.67	31961.00
826.86	31722.00
827.04	31787.00
827.23	31502.00
827.42	31509.00
827.60	31454.00
827.79	31151.00
827.98	31276.00
828.16	31369.00
828.35	31435.00
828.54	31313.00
828.72	31377.00
828.91	31302.00
829.09	31335.00
829.28	31141.00
829.47	31314.00
829.65	31270.00
829.84	30909.00
830.03	31158.00
830.21	31145.00
830.40	31035.00
830.59	30869.00
830.77	30837.00
830.96	30621.00
831.14	30713.00
831.33	30619.00
831.52	30783.00
831.70	30529.00
831.89	30541.00
832.08	30633.00
832.26	30567.00
832.45	30596.00
832.64	30677.00
832.82	30682.00
833.01	30493.00
833.19	30444.00
833.38	30458.00
833.57	30436.00
833.75	30537.00
833.94	30324.00
834.13	30244.00
834.31	30387.00
834.50	30316.00
834.68	30267.00
834.87	30124.00
835.06	30048.00
835.24	30140.00
835.43	29844.00
835.61	29742.00
835.80	29788.00
835.99	29786.00
836.17	30042.00
836.36	29846.00
836.55	29757.00
836.73	29774.00
836.92	29771.00
837.10	29645.00
837.29	29479.00
837.48	29444.00
837.66	29635.00
837.85	29451.00
838.03	29402.00
838.22	29364.00
838.41	29242.00
838.59	29108.00
838.78	29225.00
838.96	28843.00
839.15	29044.00
839.34	29079.00
839.52	29112.00
839.71	29062.00
839.89	28812.00
840.08	28818.00
840.27	28952.00
840.45	28838.00
840.64	28335.00
840.82	28276.00
841.01	28393.00
841.20	28196.00
841.38	27883.00
841.57	27723.00
841.75	27644.00
841.94	27430.00
842.13	27446.00
842.31	27463.00
842.50	27285.00
842.68	27442.00
842.87	27253.00
843.05	27065.00
843.24	26904.00
843.43	26876.00
843.61	26733.00
843.80	26618.00
843.98	26603.00
844.17	26422.00
844.36	26526.00
844.54	26490.00
844.73	26379.00
844.91	26336.00
845.10	26167.00
845.28	26315.00
845.47	25893.00
845.66	26038.00
845.84	25968.00
846.03	25975.00
846.21	25911.00
846.40	25865.00
846.58	25841.00
846.77	25732.00
846.96	25612.00
847.14	25782.00
847.33	25906.00
847.51	25723.00
847.70	25610.00
847.88	25474.00
848.07	25381.00
848.25	25063.00
848.44	25140.00
848.63	25221.00
848.81	25121.00
849.00	24974.00
849.18	24817.00
849.37	24866.00
849.55	24791.00
849.74	24689.00
849.93	24713.00
850.11	24654.00
850.30	24773.00
850.48	24575.00
850.67	24518.00
850.85	24577.00
851.04	24603.00
851.22	24605.00
851.41	24278.00
851.59	24297.00
851.78	24384.00
851.97	24256.00
852.15	24196.00
852.34	24275.00
852.52	24146.00
852.71	23998.00
852.89	24040.00
853.08	24074.00
853.26	23830.00
853.45	23609.00
853.63	23725.00
853.82	23804.00
854.01	23777.00
854.19	23513.00
854.38	23438.00
854.56	23642.00
854.75	23564.00
854.93	23502.00
855.12	23248.00
855.30	23307.00
855.49	23223.00
855.67	23420.00
855.86	23369.00
856.04	23166.00
856.23	22975.00
856.41	23019.00
856.60	22914.00
856.79	22742.00
856.97	22573.00
857.16	22588.00
857.34	22628.00
857.53	22403.00
857.71	22327.00
857.90	22190.00
858.08	22260.00
858.27	22248.00
858.45	22298.00
858.64	22067.00
858.82	21921.00
859.01	22052.00
859.19	22086.00
859.38	22043.00
859.56	21879.00
859.75	21612.00
859.93	21682.00
860.12	21771.00
860.30	21761.00
860.49	21688.00
860.67	21504.00
860.86	21517.00
861.04	21384.00
861.23	21474.00
861.41	21382.00
861.60	21152.00
861.78	21195.00
861.97	21070.00
862.15	21067.00
862.34	20743.00
862.53	20736.00
862.71	20599.00
862.90	20581.00
863.08	20586.00
863.27	20557.00
863.45	20526.00
863.64	20431.00
863.82	20318.00
864.01	20237.00
864.19	20332.00
864.37	20347.00
864.56	20246.00
864.74	20031.00
864.93	20086.00
865.11	20132.00
865.30	19870.00
865.48	19795.00
865.67	19668.00
865.85	19639.00
866.04	19784.00
866.22	19573.00
866.41	19368.00
866.59	19506.00
866.78	19538.00
866.96	19614.00
867.15	19298.00
867.33	19214.00
867.52	19295.00
867.70	19215.00
867.89	19085.00
868.07	19035.00
868.26	18943.00
868.44	18987.00
868.63	19033.00
868.81	18807.00
869.00	18811.00
869.18	18922.00
869.37	18915.00
869.55	18787.00
869.74	18652.00
869.92	18687.00
870.10	18617.00
870.29	18493.00
870.47	18443.00
870.66	18430.00
870.84	18413.00
871.03	18254.00
871.21	18240.00
871.40	18164.00
871.58	18245.00
871.77	18139.00
871.95	18019.00
872.14	17940.00
872.32	17938.00
872.51	17868.00
872.69	17924.00
872.87	17856.00
873.06	17852.00
873.24	17897.00
873.43	17786.00
873.61	17804.00
873.80	17786.00
873.98	17992.00
874.17	17822.00
874.35	17565.00
874.54	17574.00
874.72	17487.00
874.90	17482.00
875.09	17273.00
875.27	17358.00
875.46	17251.00
875.64	17363.00
875.83	17367.00
876.01	17277.00
876.20	17277.00
876.38	17099.00
876.56	17217.00
876.75	17084.00
876.93	17222.00
877.12	17108.00
877.30	17059.00
877.49	17114.00
877.67	16964.00
877.86	16929.00
878.04	16930.00
878.22	16938.00
878.41	17073.00
878.59	16826.00
878.78	16861.00
878.96	17009.00
879.15	16969.00
879.33	16741.00
879.51	16839.00
879.70	16992.00
879.88	16829.00
880.07	16758.00
880.25	16850.00
880.44	16650.00
880.62	16764.00
880.80	16743.00
880.99	16603.00
881.17	16719.00
881.36	16629.00
881.54	16640.00
881.73	16752.00
881.91	16558.00
882.09	16420.00
882.28	16234.00
882.46	16316.00
882.65	16380.00
882.83	16295.00
883.02	16172.00
883.20	16365.00
883.38	16264.00
883.57	16166.00
883.75	16263.00
883.94	16326.00
884.12	16213.00
884.30	16138.00
884.49	16233.00
884.67	16142.00
884.86	16173.00
885.04	16247.00
885.22	16235.00
885.41	16132.00
885.59	15947.00
885.78	15969.00
885.96	16083.00
886.14	15972.00
886.33	15926.00
886.51	15826.00
886.70	15736.00
886.88	15725.00
887.06	15720.00
887.25	15653.00
887.43	15463.00
887.62	15550.00
887.80	15722.00
887.98	15750.00
888.17	15623.00
888.35	15603.00
888.54	15741.00
888.72	15571.00
888.90	15469.00
889.09	15490.00
889.27	15365.00
889.46	15411.00
889.64	15390.00
889.82	15560.00
890.01	15449.00
890.19	15543.00
890.38	15597.00
890.56	15469.00
890.74	15496.00
890.93	15481.00
891.11	15558.00
891.29	15465.00
891.48	15422.00
891.66	15554.00
891.85	15455.00
892.03	15475.00
892.21	15409.00
892.40	15393.00
892.58	15369.00
892.76	15348.00
892.95	15502.00
893.13	15383.00
893.32	15498.00
893.50	15418.00
893.68	15656.00
893.87	15671.00
894.05	15600.00
894.23	15659.00
894.42	15743.00
894.60	15722.00
894.79	15443.00
894.97	15520.00
895.15	15675.00
895.34	15649.00
895.52	15751.00
895.70	15624.00
895.89	15678.00
896.07	15701.00
896.25	15675.00
896.44	15692.00
896.62	15764.00
896.81	15849.00
896.99	15831.00
897.17	15812.00
897.36	15802.00
897.54	15900.00
897.72	15841.00
897.91	15865.00
898.09	15906.00
898.27	16137.00
898.46	16064.00
898.64	15902.00
898.82	16038.00
899.01	16051.00
899.19	16151.00
899.37	16246.00
899.56	16267.00
899.74	16295.00
899.92	16267.00
900.11	16254.00
900.29	16195.00
900.47	16294.00
900.66	16195.00
900.84	16258.00
901.03	16293.00
901.21	16228.00
901.39	16319.00
901.58	16215.00
901.76	16519.00
901.94	16555.00
902.13	16494.00
902.31	16510.00
902.49	16697.00
902.68	16684.00
902.86	16685.00
903.04	16815.00
903.23	16593.00
903.41	16740.00
903.59	16726.00
903.78	16658.00
903.96	16773.00
904.14	16865.00
904.32	16786.00
904.51	16695.00
904.69	16741.00
904.87	16813.00
905.06	16737.00
905.24	16711.00
905.42	16677.00
905.61	16832.00
905.79	16703.00
905.97	16570.00
906.16	16719.00
906.34	16799.00
906.52	16778.00
906.71	16634.00
906.89	16977.00
907.07	16830.00
907.26	16851.00
907.44	16847.00
907.62	16835.00
907.81	16825.00
907.99	16783.00
908.17	16793.00
908.35	16872.00
908.54	16728.00
908.72	16754.00
908.90	16781.00
909.09	16766.00
909.27	16674.00
909.45	16660.00
909.64	16859.00
909.82	16838.00
910.00	16713.00
910.18	16725.00
910.37	16758.00
910.55	16720.00
910.73	16589.00
910.92	16600.00
911.10	16648.00
911.28	16725.00
911.47	16738.00
911.65	16653.00
911.83	16618.00
912.01	16454.00
912.20	16364.00
912.38	16437.00
912.56	16289.00
912.75	16517.00
912.93	16561.00
913.11	16314.00
913.29	16192.00
913.48	16313.00
913.66	16145.00
913.84	16076.00
914.03	16169.00
914.21	16232.00
914.39	16128.00
914.57	16123.00
914.76	15978.00
914.94	15918.00
915.12	15804.00
915.31	15878.00
915.49	15886.00
915.67	15941.00
915.85	15987.00
916.04	15904.00
916.22	15763.00
916.40	15707.00
916.58	15725.00
916.77	15735.00
916.95	15460.00
917.13	15541.00
917.32	15627.00
917.50	15604.00
917.68	15481.00
917.86	15488.00
918.05	15360.00
918.23	15443.00
918.41	15368.00
918.59	15308.00
918.78	15350.00
918.96	15270.00
919.14	15385.00
919.32	15436.00
919.51	15356.00
919.69	15267.00
919.87	15143.00
920.05	15166.00
920.24	14988.00
920.42	15160.00
920.60	15207.00
920.78	15080.00
920.97	14999.00
921.15	14944.00
921.33	14864.00
921.52	14920.00
921.70	14928.00
921.88	14827.00
922.06	14924.00
922.24	14778.00
922.43	14800.00
922.61	14788.00
922.79	14825.00
922.97	14862.00
923.16	14835.00
923.34	14742.00
923.52	14862.00
923.70	14830.00
923.89	14755.00
924.07	14690.00
924.25	14573.00
924.43	14411.00
924.62	14645.00
924.80	14628.00
924.98	14635.00
925.16	14387.00
925.35	14308.00
925.53	14243.00
925.71	14260.00
925.89	14391.00
926.08	14268.00
926.26	14334.00
926.44	14269.00
926.62	14180.00
926.80	14159.00
926.99	13978.00
927.17	13989.00
927.35	13943.00
927.53	14004.00
927.72	14093.00
927.90	14069.00
928.08	14036.00
928.26	13987.00
928.44	14084.00
928.63	13969.00
928.81	13951.00
928.99	13890.00
929.17	13906.00
929.36	13752.00
929.54	13712.00
929.72	13771.00
929.90	13615.00
930.08	13479.00
930.27	13466.00
930.45	13376.00
930.63	13368.00
930.81	13309.00
930.99	13399.00
931.18	13311.00
931.36	13364.00
931.54	13310.00
931.72	13338.00
931.90	13032.00
932.09	12940.00
932.27	12810.00
932.45	12781.00
932.63	12649.00
932.81	12626.00
933.00	12514.00
933.18	12499.00
933.36	12485.00
933.54	12434.00
933.72	12309.00
933.91	12189.00
934.09	12075.00
934.27	11853.00
934.45	11669.00
934.63	11681.00
934.82	11647.00
935.00	11445.00
935.18	11461.00
935.36	11253.00
935.54	11209.00
935.73	11091.00
935.91	10880.00
936.09	10750.00
936.27	10624.00
936.45	10459.00
936.64	10317.00
936.82	10148.00
937.00	10233.00
937.18	10094.00
937.36	9837.00
937.54	9772.00
937.73	9772.00
937.91	9480.00
938.09	9295.00
938.27	9064.00
938.45	8948.00
938.63	8836.00
938.82	8756.00
939.00	8758.00
939.18	8566.00
939.36	8422.00
939.54	8258.00
939.73	8410.00
939.91	8163.00
940.09	8043.00
940.27	8097.00
940.45	8065.00
940.63	7791.00
940.82	7648.00
941.00	7630.00
941.18	7579.00
941.36	7631.00
941.54	7477.00
941.72	7402.00
941.91	7309.00
942.09	7519.00
942.27	7440.00
942.45	7236.00
942.63	7193.00
942.81	7040.00
942.99	7166.00
943.18	7182.00
943.36	7058.00
943.54	7036.00
943.72	7096.00
943.90	7061.00
944.08	7035.00
944.27	6951.00
944.45	7014.00
944.63	6962.00
944.81	6985.00
944.99	6863.00
945.17	6880.00
945.35	6959.00
945.54	7011.00
945.72	6971.00
945.90	6936.00
946.08	6964.00
946.26	6902.00
946.44	6917.00
946.62	6984.00
946.81	7084.00
946.99	7210.00
947.17	7163.00
947.35	7110.00
947.53	7154.00
947.71	7190.00
947.89	7033.00
948.07	7203.00
948.26	7121.00
948.44	7147.00
948.62	7135.00
948.80	7254.00
948.98	7353.00
949.16	7454.00
949.34	7182.00
949.53	7166.00
949.71	7419.00
949.89	7313.00
950.07	7421.00
950.25	7301.00
950.43	7355.00
950.61	7496.00
950.79	7446.00
950.98	7449.00
951.16	7565.00
951.34	7554.00
951.52	7540.00
951.70	7491.00
951.88	7467.00
952.06	7455.00
952.24	7457.00
952.42	7448.00
952.61	7274.00
952.79	7179.00
952.97	7294.00
953.15	7275.00
953.33	7304.00
953.51	7405.00
953.69	7247.00
953.87	7263.00
954.05	7333.00
954.24	7306.00
954.42	7224.00
954.60	7325.00
954.78	7283.00
954.96	7434.00
955.14	7421.00
955.32	7396.00
955.50	7445.00
955.68	7482.00
955.86	7385.00
956.05	7387.00
956.23	7466.00
956.41	7541.00
956.59	7431.00
956.77	7448.00
956.95	7538.00
957.13	7579.00
957.31	7575.00
957.49	7511.00
957.67	7544.00
957.86	7567.00
958.04	7480.00
958.22	7521.00
958.40	7597.00
958.58	7542.00
958.76	7545.00
958.94	7574.00
959.12	7636.00
959.30	7579.00
959.48	7507.00
959.66	7543.00
959.84	7485.00
960.03	7422.00
960.21	7324.00
960.39	7422.00
960.57	7406.00
960.75	7378.00
960.93	7525.00
961.11	7454.00
961.29	7521.00
961.47	7407.00
961.65	7335.00
961.83	7424.00
962.01	7499.00
962.19	7481.00
962.37	7328.00
962.56	7294.00
962.74	7354.00
962.92	7465.00
963.10	7426.00
963.28	7450.00
963.46	7395.00
963.64	7327.00
963.82	7448.00
964.00	7393.00
964.18	7235.00
964.36	7325.00
964.54	7436.00
964.72	7330.00
964.90	7357.00
965.08	7228.00
965.27	7309.00
965.45	7284.00
965.63	7283.00
965.81	7385.00
965.99	7366.00
966.17	7328.00
966.35	7212.00
966.53	7375.00
966.71	7457.00
966.89	7271.00
967.07	7216.00
967.25	7240.00
967.43	7194.00
967.61	7091.00
967.79	7146.00
967.97	6888.00
968.15	6976.00
968.33	7107.00
968.51	7039.00
968.69	7051.00
968.87	6896.00
969.06	6852.00
969.24	6877.00
969.42	6979.00
969.60	6983.00
969.78	6886.00
969.96	6870.00
970.14	6905.00
970.32	6871.00
970.50	6811.00
970.68	6803.00
970.86	6877.00
971.04	6895.00
971.22	6787.00
971.40	6685.00
971.58	6659.00
971.76	6566.00
971.94	6582.00
972.12	6511.00
972.30	6543.00
972.48	6517.00
972.66	6539.00
972.84	6431.00
973.02	6405.00
973.20	6364.00
973.38	6371.00
973.56	6373.00
973.74	6321.00
973.92	6317.00
974.10	6284.00
974.28	6399.00
974.46	6297.00
974.64	6340.00
974.82	6238.00
975.00	6326.00
975.18	6204.00
975.36	6110.00
975.54	6098.00
975.72	6029.00
975.90	6185.00
976.08	6092.00
976.26	6105.00
976.44	6073.00
976.62	6144.00
976.80	6106.00
976.98	5992.00
977.16	5917.00
977.34	5960.00
977.52	5940.00
977.70	5903.00
977.88	5822.00
978.06	5931.00
978.24	5960.00
978.42	6028.00
978.60	5868.00
978.78	5793.00
978.96	5729.00
979.14	5748.00
979.32	5804.00
979.50	5732.00
979.68	5697.00
979.86	5709.00
980.04	5758.00
980.22	5698.00
980.40	5660.00
980.58	5684.00
980.76	5621.00
980.94	5577.00
981.12	5637.00
981.30	5582.00
981.48	5480.00
981.66	5598.00
981.84	5738.00
982.02	5547.00
982.20	5385.00
982.38	5530.00
982.56	5467.00
982.74	5463.00
982.92	5473.00
983.10	5380.00
983.28	5395.00
983.46	5337.00
983.64	5259.00
983.82	5367.00
984.00	5398.00
984.18	5345.00
984.36	5385.00
984.54	5294.00
984.72	5205.00
984.90	5173.00
985.08	5169.00
985.26	5169.00
985.44	5145.00
985.62	5023.00
985.80	5080.00
985.98	5067.00
986.16	5007.00
986.34	5080.00
986.51	5056.00
986.69	5074.00
986.87	5071.00
987.05	5009.00
987.23	4964.00
987.41	4880.00
987.59	4909.00
987.77	4796.00
987.95	4741.00
988.13	4846.00
988.31	4732.00
988.49	4660.00
988.67	4684.00
988.85	4634.00
989.03	4601.00
989.21	4636.00
989.39	4600.00
989.57	4682.00
989.75	4651.00
989.93	4614.00
990.11	4558.00
990.28	4676.00
990.46	4559.00
990.64	4477.00
990.82	4583.00
991.00	4637.00
991.18	4582.00
991.36	4427.00
991.54	4398.00
991.72	4388.00
991.90	4429.00
992.08	4419.00
992.26	4504.00
992.44	4565.00
992.62	4570.00
992.80	4494.00
992.98	4441.00
993.15	4452.00
993.33	4466.00
993.51	4423.00
993.69	4443.00
993.87	4310.00
994.05	4348.00
994.23	4177.00
994.41	4213.00
994.59	4345.00
994.77	4281.00
994.95	4160.00
995.13	4127.00
995.31	4076.00
995.48	4113.00
995.66	4098.00
995.84	3964.00
996.02	4119.00
996.20	4104.00
996.38	3980.00
996.56	4001.00
996.74	4082.00
996.92	3964.00
997.10	3918.00
997.28	3796.00
997.46	3778.00
997.63	3759.00
997.81	3796.00
997.99	3873.00
998.17	3796.00
998.35	3815.00
998.53	3803.00
998.71	3822.00
998.89	3719.00
999.07	3740.00
999.25	3801.00
999.43	3671.00
999.60	3625.00
999.78	3656.00
999.96	3684.00
1000.14	3638.00
1000.32	3732.00
1000.50	3600.00
1000.68	3554.00
1000.86	3548.00
1001.04	3683.00
1001.21	3694.00
1001.39	3682.00
1001.57	3613.00
1001.75	3508.00
1001.93	3511.00
1002.11	3545.00
1002.29	3557.00
1002.47	3544.00
1002.65	3658.00
1002.82	3610.00
1003.00	3573.00
1003.18	3521.00
1003.36	3428.00
1003.54	3439.00
1003.72	3495.00
1003.90	3457.00
1004.08	3441.00
1004.26	3484.00
1004.43	3420.00
1004.61	3452.00
1004.79	3444.00
1004.97	3489.00
1005.15	3404.00
1005.33	3386.00
1005.51	3298.00
1005.69	3282.00
1005.86	3261.00
1006.04	3206.00
1006.22	3269.00
1006.40	3209.00
1006.58	3247.00
1006.76	3205.00
1006.94	3323.00
1007.12	3247.00
1007.29	3114.00
1007.47	3154.00
1007.65	3138.00
1007.83	3205.00
1008.01	3254.00
1008.19	3187.00
1008.37	3105.00
1008.54	3123.00
1008.72	3140.00
1008.90	3133.00
1009.08	3004.00
1009.26	3086.00
1009.44	3071.00
1009.62	3018.00
1009.79	2931.00
1009.97	2916.00
1010.15	3039.00
1010.33	3018.00
1010.51	3043.00
1010.69	2974.00
1010.87	2954.00
1011.04	2912.00
1011.22	3005.00
1011.40	2985.00
1011.58	2929.00
1011.76	2877.00
1011.94	2796.00
1012.11	2813.00
1012.29	2816.00
1012.47	2857.00
1012.65	2913.00
1012.83	2854.00
1013.01	2769.00
1013.18	2726.00
1013.36	2790.00
1013.54	2810.00
1013.72	2651.00
1013.90	2593.00
1014.08	2821.00
1014.25	2831.00
1014.43	2733.00
1014.61	2767.00
1014.79	2816.00
1014.97	2727.00
1015.15	2773.00
1015.32	2791.00
1015.50	2741.00
1015.68	2724.00
1015.86	2621.00
1016.04	2680.00
1016.22	2657.00
1016.39	2673.00
1016.57	2662.00
1016.75	2634.00
1016.93	2598.00
1017.11	2503.00
1017.29	2576.00
1017.46	2509.00
1017.64	2529.00
1017.82	2715.00
1018.00	2565.00
1018.18	2584.00
1018.35	2510.00
1018.53	2432.00
1018.71	2505.00
1018.89	2516.00
1019.07	2494.00
1019.24	2413.00
1019.42	2356.00
1019.60	2433.00
1019.78	2466.00
1019.96	2357.00
1020.14	2341.00
1020.31	2412.00
1020.49	2466.00
1020.67	2393.00
1020.85	2361.00
1021.03	2279.00
1021.20	2322.00
1021.38	2333.00
1021.56	2274.00
1021.74	2309.00
1021.92	2352.00
1022.09	2409.00
1022.27	2367.00
1022.45	2327.00
1022.63	2265.00
1022.81	2254.00
1022.98	2322.00
1023.16	2376.00
1023.34	2304.00
1023.52	2251.00
1023.69	2271.00
1023.87	2239.00
1024.05	2206.00
1024.23	2250.00
1024.41	2181.00
1024.58	2246.00
1024.76	2261.00
1024.94	2247.00
1025.12	2263.00
1025.30	2228.00
1025.47	2213.00
1025.65	2207.00
1025.83	2165.00
1026.01	2163.00
1026.18	2194.00
1026.36	2243.00
1026.54	2282.00
1026.72	2133.00
1026.90	2099.00
1027.07	2157.00
1027.25	2090.00
1027.43	2059.00
1027.61	2111.00
1027.78	2063.00
1027.96	2063.00
1028.14	2093.00
1028.32	2070.00
1028.49	2120.00
1028.67	2055.00
1028.85	1946.00
1029.03	2039.00
1029.21	2085.00
1029.38	1976.00
1029.56	2002.00
1029.74	2069.00
1029.92	2040.00
1030.09	1977.00
1030.27	1990.00
1030.45	1991.00
1030.63	1995.00
1030.80	1974.00
1030.98	1893.00
1031.16	1911.00
1031.34	2006.00
1031.51	1930.00
1031.69	1877.00
1031.87	1920.00
1032.05	1934.00
1032.22	1909.00
1032.40	1967.00
1032.58	1846.00
1032.76	1944.00
1032.93	1847.00
1033.11	1790.00
1033.29	1958.00
1033.47	1875.00
1033.64	1824.00
1033.82	1828.00
1034.00	1829.00
1034.18	1855.00
1034.35	1877.00
1034.53	1774.00
1034.71	1888.00
1034.89	1872.00
1035.06	1828.00
1035.24	1760.00
1035.42	1771.00
1035.59	1704.00
1035.77	1758.00
1035.95	1792.00
1036.13	1732.00
1036.30	1783.00
1036.48	1752.00
1036.66	1757.00
1036.84	1832.00
1037.01	1792.00
1037.19	1762.00
1037.37	1746.00
1037.54	1738.00
1037.72	1670.00
1037.90	1586.00
1038.08	1599.00
1038.25	1721.00
1038.43	1667.00
1038.61	1709.00
1038.79	1699.00
1038.96	1650.00
1039.14	1592.00
1039.32	1609.00
1039.49	1660.00
1039.67	1650.00
1039.85	1635.00
1040.03	1688.00
1040.20	1543.00
1040.38	1584.00
1040.56	1665.00
1040.73	1587.00
1040.91	1600.00
1041.09	1569.00
1041.27	1566.00
1041.44	1606.00
1041.62	1652.00
1041.80	1564.00
1041.97	1545.00
1042.15	1549.00
1042.33	1557.00
1042.50	1576.00
1042.68	1592.00
1042.86	1645.00
1043.04	1619.00
1043.21	1590.00
1043.39	1614.00
1043.57	1494.00
1043.74	1484.00
1043.92	1568.00
1044.10	1475.00
1044.27	1519.00
1044.45	1459.00
1044.63	1494.00
1044.80	1544.00
1044.98	1526.00
1045.16	1495.00
1045.34	1406.00
1045.51	1445.00
1045.69	1518.00
1045.87	1479.00
1046.04	1513.00
1046.22	1467.00
1046.40	1475.00
1046.57	1463.00
1046.75	1568.00
1046.93	1505.00
1047.10	1562.00
1047.28	1513.00
1047.46	1449.00
1047.63	1462.00
1047.81	1438.00
1047.99	1445.00
1048.16	1477.00
1048.34	1443.00
1048.52	1455.00
1048.69	1375.00
1048.87	1407.00
1049.05	1415.00
1049.22	1398.00
1049.40	1421.00
1049.58	1373.00
1049.75	1385.00
1049.93	1356.00
1050.11	1333.00
1050.28	1370.00
1050.46	1372.00
1050.64	1347.00
1050.81	1378.00
1050.99	1351.00
1051.17	1317.00
1051.34	1346.00
1051.52	1416.00
1051.70	1365.00
1051.87	1312.00
1052.05	1321.00
1052.23	1407.00
1052.40	1404.00
1052.58	1420.00
1052.76	1302.00
1052.93	1326.00
1053.11	1297.00
1053.29	1262.00
1053.46	1224.00
1053.64	1331.00
1053.82	1337.00
1053.99	1278.00
1054.17	1225.00
1054.35	1280.00
1054.52	1322.00
1054.70	1320.00
1054.87	1293.00
1055.05	1254.00
1055.23	1332.00
1055.40	1291.00
1055.58	1294.00
1055.76	1266.00
1055.93	1285.00
1056.11	1250.00
1056.29	1204.00
1056.46	1231.00
1056.64	1187.00
1056.81	1222.00
1056.99	1251.00
1057.17	1196.00
1057.34	1186.00
1057.52	1212.00
1057.70	1231.00
1057.87	1154.00
1058.05	1216.00
1058.22	1223.00
1058.40	1120.00
1058.58	1175.00
1058.75	1227.00
1058.93	1164.00
1059.11	1172.00
1059.28	1216.00
1059.46	1168.00
1059.63	1194.00
1059.81	1100.00
1059.99	1160.00
1060.16	1250.00
1060.34	1180.00
1060.52	1165.00
1060.69	1170.00
1060.87	1196.00
1061.04	1181.00
1061.22	1108.00
