367.62	52.00
367.82	39.00
368.02	80.00
368.23	111.00
368.43	103.00
368.63	158.00
368.83	122.00
369.04	66.00
369.24	111.00
369.44	113.00
369.65	73.00
369.85	105.00
370.05	129.00
370.25	86.00
370.46	32.00
370.66	36.00
370.86	33.00
371.07	42.00
371.27	55.00
371.47	48.00
371.67	126.00
371.88	73.00
372.08	-11.00
372.28	85.00
372.49	86.00
372.69	115.00
372.89	74.00
373.09	114.00
373.30	91.00
373.50	47.00
373.70	65.00
373.91	61.00
374.11	93.00
374.31	130.00
374.51	148.00
374.72	99.00
374.92	73.00
375.12	93.00
375.33	107.00
375.53	66.00
375.73	119.00
375.93	81.00
376.14	120.00
376.34	106.00
376.54	77.00
376.74	71.00
376.95	25.00
377.15	118.00
377.35	109.00
377.55	96.00
377.76	122.00
377.96	75.00
378.16	61.00
378.37	90.00
378.57	110.00
378.77	79.00
378.97	101.00
379.18	120.00
379.38	67.00
379.58	37.00
379.78	150.00
379.99	51.00
380.19	98.00
380.39	122.00
380.59	74.00
380.80	21.00
381.00	58.00
381.20	47.00
381.40	3.00
381.61	115.00
381.81	100.00
382.01	97.00
382.21	72.00
382.42	58.00
382.62	53.00
382.82	92.00
383.02	49.00
383.23	76.00
383.43	27.00
383.63	74.00
383.83	104.00
384.04	98.00
384.24	142.00
384.44	116.00
384.64	39.00
384.85	52.00
385.05	69.00
385.25	35.00
385.45	96.00
385.66	77.00
385.86	104.00
386.06	139.00
386.26	133.00
386.47	90.00
386.67	25.00
386.87	18.00
387.07	66.00
387.27	48.00
387.48	23.00
387.68	91.00
387.88	105.00
388.08	109.00
388.29	148.00
388.49	99.00
388.69	64.00
388.89	144.00
389.10	99.00
389.30	102.00
389.50	81.00
389.70	168.00
389.90	120.00
390.11	60.00
390.31	33.00
390.51	77.00
390.71	86.00
390.92	46.00
391.12	50.00
391.32	77.00
391.52	60.00
391.72	41.00
391.93	91.00
392.13	63.00
392.33	137.00
392.53	124.00
392.74	77.00
392.94	90.00
393.14	191.00
393.34	76.00
393.54	94.00
393.75	110.00
393.95	73.00
394.15	79.00
394.35	10.00
394.56	21.00
394.76	17.00
394.96	29.00
395.16	146.00
395.36	113.00
395.57	83.00
395.77	89.00
395.97	82.00
396.17	63.00
396.37	74.00
396.58	121.00
396.78	158.00
396.98	141.00
397.18	114.00
397.38	111.00
397.59	101.00
397.79	131.00
397.99	116.00
398.19	61.00
398.39	83.00
398.60	63.00
398.80	56.00
399.00	104.00
399.20	110.00
399.40	153.00
399.61	113.00
399.81	146.00
400.01	102.00
400.21	53.00
400.41	87.00
400.62	62.00
400.82	99.00
401.02	167.00
401.22	95.00
401.42	19.00
401.63	11.00
401.83	155.00
402.03	158.00
402.23	93.00
402.43	169.00
402.64	150.00
402.84	122.00
403.04	137.00
403.24	135.00
403.44	195.00
403.64	181.00
403.85	119.00
404.05	113.00
404.25	88.00
404.45	115.00
404.65	86.00
404.86	47.00
405.06	88.00
405.26	112.00
405.46	78.00
405.66	111.00
405.86	112.00
406.07	40.00
406.27	118.00
406.47	155.00
406.67	194.00
406.87	154.00
407.07	144.00
407.28	93.00
407.48	100.00
407.68	87.00
407.88	123.00
408.08	110.00
408.28	90.00
408.49	70.00
408.69	51.00
408.89	74.00
409.09	69.00
409.29	41.00
409.49	125.00
409.70	58.00
409.90	79.00
410.10	121.00
410.30	64.00
410.50	118.00
410.70	107.00
410.91	47.00
411.11	138.00
411.31	132.00
411.51	139.00
411.71	175.00
411.91	110.00
412.12	63.00
412.32	132.00
412.52	70.00
412.72	83.00
412.92	113.00
413.12	111.00
413.32	88.00
413.53	123.00
413.73	68.00
413.93	81.00
414.13	147.00
414.33	98.00
414.53	148.00
414.74	150.00
414.94	79.00
415.14	130.00
415.34	141.00
415.54	68.00
415.74	89.00
415.94	132.00
416.15	205.00
416.35	158.00
416.55	186.00
416.75	125.00
416.95	92.00
417.15	126.00
417.35	195.00
417.56	115.00
417.76	155.00
417.96	150.00
418.16	125.00
418.36	145.00
418.56	96.00
418.76	110.00
418.97	105.00
419.17	131.00
419.37	149.00
419.57	142.00
419.77	137.00
419.97	177.00
420.17	215.00
420.37	197.00
420.58	143.00
420.78	137.00
420.98	78.00
421.18	106.00
421.38	138.00
421.58	136.00
421.78	100.00
421.98	137.00
422.19	211.00
422.39	145.00
422.59	158.00
422.79	170.00
422.99	174.00
423.19	173.00
423.39	120.00
423.59	139.00
423.80	133.00
424.00	187.00
424.20	128.00
424.40	186.00
424.60	201.00
424.80	126.00
425.00	200.00
425.20	236.00
425.40	209.00
425.61	215.00
425.81	259.00
426.01	126.00
426.21	130.00
426.41	239.00
426.61	267.00
426.81	267.00
427.01	211.00
427.21	137.00
427.42	171.00
427.62	171.00
427.82	190.00
428.02	225.00
428.22	228.00
428.42	207.00
428.62	197.00
428.82	225.00
429.02	166.00
429.23	166.00
429.43	186.00
429.63	183.00
429.83	213.00
430.03	233.00
430.23	229.00
430.43	193.00
430.63	197.00
430.83	256.00
431.03	163.00
431.24	173.00
431.44	168.00
431.64	170.00
431.84	166.00
432.04	188.00
432.24	155.00
432.44	134.00
432.64	171.00
432.84	177.00
433.04	246.00
433.24	213.00
433.45	205.00
433.65	247.00
433.85	291.00
434.05	285.00
434.25	255.00
434.45	267.00
434.65	328.00
434.85	276.00
435.05	210.00
435.25	261.00
435.45	304.00
435.65	270.00
435.86	344.00
436.06	341.00
436.26	285.00
436.46	256.00
436.66	225.00
436.86	208.00
437.06	167.00
437.26	184.00
437.46	160.00
437.66	264.00
437.86	212.00
438.06	279.00
438.26	258.00
438.47	234.00
438.67	238.00
438.87	216.00
439.07	199.00
439.27	163.00
439.47	167.00
439.67	207.00
439.87	192.00
440.07	236.00
440.27	265.00
440.47	279.00
440.67	329.00
440.87	236.00
441.07	242.00
441.27	231.00
441.48	215.00
441.68	183.00
441.88	184.00
442.08	217.00
442.28	164.00
442.48	289.00
442.68	346.00
442.88	302.00
443.08	279.00
443.28	210.00
443.48	251.00
443.68	211.00
443.88	239.00
444.08	226.00
444.28	217.00
444.48	231.00
444.68	200.00
444.88	141.00
445.09	153.00
445.29	141.00
445.49	207.00
445.69	190.00
445.89	227.00
446.09	243.00
446.29	215.00
446.49	276.00
446.69	233.00
446.89	285.00
447.09	217.00
447.29	254.00
447.49	230.00
447.69	228.00
447.89	267.00
448.09	168.00
448.29	237.00
448.49	271.00
448.69	286.00
448.89	232.00
449.09	222.00
449.29	256.00
449.49	244.00
449.70	255.00
449.90	234.00
450.10	259.00
450.30	300.00
450.50	238.00
450.70	221.00
450.90	249.00
451.10	290.00
451.30	282.00
451.50	287.00
451.70	263.00
451.90	279.00
452.10	271.00
452.30	293.00
452.50	302.00
452.70	295.00
452.90	404.00
453.10	314.00
453.30	297.00
453.50	329.00
453.70	338.00
453.90	332.00
454.10	353.00
454.30	350.00
454.50	329.00
454.70	325.00
454.90	300.00
455.10	282.00
455.30	243.00
455.50	248.00
455.70	243.00
455.90	306.00
456.10	393.00
456.30	429.00
456.50	344.00
456.70	300.00
456.90	361.00
457.10	336.00
457.30	321.00
457.50	376.00
457.70	432.00
457.90	337.00
458.10	368.00
458.30	343.00
458.50	342.00
458.70	332.00
458.90	339.00
459.10	366.00
459.30	302.00
459.50	291.00
459.70	368.00
459.90	296.00
460.10	441.00
460.30	393.00
460.50	363.00
460.70	294.00
460.90	298.00
461.10	319.00
461.30	360.00
461.50	304.00
461.70	339.00
461.90	361.00
462.10	324.00
462.30	380.00
462.50	392.00
462.70	325.00
462.90	377.00
463.10	340.00
463.30	292.00
463.50	332.00
463.70	370.00
463.90	238.00
464.10	318.00
464.30	362.00
464.50	380.00
464.70	375.00
464.90	363.00
465.10	383.00
465.30	347.00
465.50	252.00
465.70	342.00
465.90	378.00
466.10	370.00
466.30	369.00
466.50	344.00
466.70	243.00
466.90	329.00
467.10	355.00
467.30	309.00
467.50	304.00
467.70	465.00
467.90	405.00
468.10	358.00
468.30	330.00
468.50	294.00
468.70	396.00
468.90	290.00
469.10	257.00
469.30	295.00
469.50	301.00
469.70	298.00
469.90	275.00
470.10	293.00
470.30	333.00
470.50	330.00
470.70	371.00
470.90	426.00
471.10	347.00
471.29	320.00
471.49	365.00
471.69	346.00
471.89	341.00
472.09	392.00
472.29	312.00
472.49	322.00
472.69	357.00
472.89	319.00
473.09	366.00
473.29	356.00
473.49	363.00
473.69	359.00
473.89	339.00
474.09	341.00
474.29	326.00
474.49	290.00
474.69	333.00
474.89	331.00
475.09	354.00
475.29	353.00
475.49	355.00
475.69	339.00
475.88	337.00
476.08	353.00
476.28	389.00
476.48	359.00
476.68	358.00
476.88	301.00
477.08	343.00
477.28	419.00
477.48	408.00
477.68	355.00
477.88	330.00
478.08	375.00
478.28	361.00
478.48	312.00
478.68	323.00
478.88	287.00
479.08	338.00
479.28	391.00
479.47	352.00
479.67	380.00
479.87	336.00
480.07	273.00
480.27	308.00
480.47	260.00
480.67	346.00
480.87	366.00
481.07	391.00
481.27	386.00
481.47	442.00
481.67	397.00
481.87	409.00
482.07	324.00
482.27	355.00
482.46	347.00
482.66	324.00
482.86	434.00
483.06	408.00
483.26	402.00
483.46	358.00
483.66	408.00
483.86	433.00
484.06	402.00
484.26	399.00
484.46	435.00
484.66	408.00
484.86	500.00
485.05	403.00
485.25	466.00
485.45	465.00
485.65	472.00
485.85	528.00
486.05	412.00
486.25	501.00
486.45	534.00
486.65	424.00
486.85	484.00
487.05	448.00
487.25	433.00
487.44	431.00
487.64	394.00
487.84	476.00
488.04	452.00
488.24	395.00
488.44	452.00
488.64	455.00
488.84	526.00
489.04	506.00
489.24	445.00
489.43	546.00
489.63	490.00
489.83	459.00
490.03	493.00
490.23	482.00
490.43	431.00
490.63	543.00
490.83	538.00
491.03	460.00
491.23	519.00
491.42	546.00
491.62	507.00
491.82	529.00
492.02	474.00
492.22	493.00
492.42	543.00
492.62	531.00
492.82	580.00
493.02	563.00
493.22	521.00
493.41	542.00
493.61	548.00
493.81	560.00
494.01	552.00
494.21	624.00
494.41	561.00
494.61	544.00
494.81	584.00
495.01	546.00
495.20	584.00
495.40	587.00
495.60	568.00
495.80	556.00
496.00	619.00
496.20	570.00
496.40	560.00
496.60	616.00
496.79	616.00
496.99	577.00
497.19	615.00
497.39	684.00
497.59	652.00
497.79	590.00
497.99	653.00
498.19	599.00
498.38	582.00
498.58	620.00
498.78	619.00
498.98	552.00
499.18	560.00
499.38	519.00
499.58	552.00
499.78	579.00
499.97	646.00
500.17	620.00
500.37	626.00
500.57	606.00
500.77	564.00
500.97	597.00
501.17	566.00
501.37	625.00
501.56	609.00
501.76	564.00
501.96	575.00
502.16	639.00
502.36	617.00
502.56	597.00
502.76	636.00
502.95	565.00
503.15	550.00
503.35	550.00
503.55	596.00
503.75	594.00
503.95	600.00
504.15	593.00
504.34	605.00
504.54	600.00
504.74	567.00
504.94	592.00
505.14	604.00
505.34	593.00
505.54	548.00
505.73	597.00
505.93	604.00
506.13	550.00
506.33	588.00
506.53	574.00
506.73	623.00
506.92	622.00
507.12	595.00
507.32	600.00
507.52	589.00
507.72	554.00
507.92	527.00
508.12	636.00
508.31	614.00
508.51	615.00
508.71	597.00
508.91	548.00
509.11	582.00
509.31	621.00
509.50	612.00
509.70	522.00
509.90	600.00
510.10	583.00
510.30	573.00
510.50	606.00
510.69	563.00
510.89	626.00
511.09	581.00
511.29	490.00
511.49	517.00
511.69	595.00
511.88	583.00
512.08	595.00
512.28	607.00
512.48	601.00
512.68	568.00
512.88	632.00
513.07	581.00
513.27	618.00
513.47	621.00
513.67	610.00
513.87	608.00
514.06	536.00
514.26	519.00
514.46	543.00
514.66	587.00
514.86	622.00
515.06	568.00
515.25	595.00
515.45	689.00
515.65	623.00
515.85	595.00
516.05	522.00
516.24	539.00
516.44	564.00
516.64	556.00
516.84	622.00
517.04	659.00
517.23	687.00
517.43	646.00
517.63	654.00
517.83	625.00
518.03	593.00
518.23	566.00
518.42	545.00
518.62	583.00
518.82	565.00
519.02	567.00
519.22	645.00
519.41	527.00
519.61	644.00
519.81	663.00
520.01	599.00
520.21	610.00
520.40	595.00
520.60	614.00
520.80	669.00
521.00	666.00
521.20	585.00
521.39	553.00
521.59	643.00
521.79	604.00
521.99	621.00
522.19	642.00
522.38	653.00
522.58	616.00
522.78	688.00
522.98	730.00
523.17	649.00
523.37	608.00
523.57	716.00
523.77	636.00
523.97	623.00
524.16	618.00
524.36	702.00
524.56	710.00
524.76	716.00
524.96	727.00
525.15	705.00
525.35	697.00
525.55	737.00
525.75	698.00
525.94	573.00
526.14	731.00
526.34	770.00
526.54	729.00
526.74	703.00
526.93	675.00
527.13	750.00
527.33	719.00
527.53	679.00
527.72	752.00
527.92	778.00
528.12	775.00
528.32	765.00
528.52	774.00
528.71	854.00
528.91	819.00
529.11	830.00
529.31	835.00
529.50	833.00
529.70	753.00
529.90	752.00
530.10	769.00
530.29	850.00
530.49	854.00
530.69	772.00
530.89	756.00
531.09	788.00
531.28	799.00
531.48	863.00
531.68	906.00
531.88	932.00
532.07	914.00
532.27	951.00
532.47	880.00
532.67	867.00
532.86	836.00
533.06	837.00
533.26	938.00
533.46	960.00
533.65	969.00
533.85	984.00
534.05	835.00
534.25	857.00
534.44	884.00
534.64	817.00
534.84	930.00
535.04	929.00
535.23	942.00
535.43	954.00
535.63	955.00
535.83	1011.00
536.02	1054.00
536.22	1011.00
536.42	1011.00
536.62	1047.00
536.81	1068.00
537.01	927.00
537.21	959.00
537.41	1073.00
537.60	1121.00
537.80	1092.00
538.00	1116.00
538.20	1266.00
538.39	1193.00
538.59	1090.00
538.79	1100.00
538.99	1120.00
539.18	1189.00
539.38	1193.00
539.58	1245.00
539.77	1272.00
539.97	1350.00
540.17	1375.00
540.37	1428.00
540.56	1436.00
540.76	1482.00
540.96	1459.00
541.16	1455.00
541.35	1498.00
541.55	1614.00
541.75	1565.00
541.94	1572.00
542.14	1549.00
542.34	1621.00
542.54	1657.00
542.73	1519.00
542.93	1566.00
543.13	1458.00
543.33	1471.00
543.52	1577.00
543.72	1579.00
543.92	1463.00
544.11	1519.00
544.31	1603.00
544.51	1646.00
544.71	1728.00
544.90	1662.00
545.10	1719.00
545.30	1837.00
545.49	1819.00
545.69	1788.00
545.89	1779.00
546.09	1920.00
546.28	1930.00
546.48	1741.00
546.68	1484.00
546.87	1347.00
547.07	1406.00
547.27	1357.00
547.47	1383.00
547.66	1332.00
547.86	1357.00
548.06	1401.00
548.25	1310.00
548.45	1286.00
548.65	1266.00
548.84	1265.00
549.04	1259.00
549.24	1193.00
549.44	1181.00
549.63	1237.00
549.83	1237.00
550.03	1267.00
550.22	1338.00
550.42	1317.00
550.62	1326.00
550.81	1260.00
551.01	1228.00
551.21	1149.00
551.41	1239.00
551.60	1173.00
551.80	1102.00
552.00	1150.00
552.19	1086.00
552.39	1070.00
552.59	1122.00
552.78	1135.00
552.98	1149.00
553.18	1033.00
553.37	1093.00
553.57	1173.00
553.77	1124.00
553.96	1034.00
554.16	996.00
554.36	1070.00
554.56	1111.00
554.75	1126.00
554.95	1097.00
555.15	1106.00
555.34	1055.00
555.54	1111.00
555.74	1121.00
555.93	1063.00
556.13	1089.00
556.33	1109.00
556.52	1081.00
556.72	1084.00
556.92	1040.00
557.11	991.00
557.31	1031.00
557.51	1005.00
557.70	976.00
557.90	1026.00
558.10	993.00
558.29	1023.00
558.49	981.00
558.69	946.00
558.88	993.00
559.08	974.00
559.28	971.00
559.47	911.00
559.67	959.00
559.87	976.00
560.06	981.00
560.26	1006.00
560.46	920.00
560.65	1034.00
560.85	990.00
561.05	983.00
561.24	1007.00
561.44	932.00
561.64	949.00
561.83	1015.00
562.03	977.00
562.23	1007.00
562.42	1090.00
562.62	997.00
562.82	1037.00
563.01	1047.00
563.21	1046.00
563.40	1061.00
563.60	1049.00
563.80	1052.00
563.99	943.00
564.19	981.00
564.39	982.00
564.58	1035.00
564.78	996.00
564.98	1045.00
565.17	1024.00
565.37	1025.00
565.57	991.00
565.76	970.00
565.96	1000.00
566.16	988.00
566.35	995.00
566.55	1054.00
566.74	1019.00
566.94	1072.00
567.14	1100.00
567.33	1027.00
567.53	1107.00
567.73	1120.00
567.92	1160.00
568.12	1110.00
568.32	1118.00
568.51	1158.00
568.71	1146.00
568.90	1164.00
569.10	1169.00
569.30	1119.00
569.49	1057.00
569.69	1117.00
569.89	1128.00
570.08	1102.00
570.28	1155.00
570.47	1147.00
570.67	1099.00
570.87	1094.00
571.06	1123.00
571.26	1087.00
571.46	1202.00
571.65	1136.00
571.85	1207.00
572.04	1156.00
572.24	1153.00
572.44	1191.00
572.63	1194.00
572.83	1158.00
573.03	1148.00
573.22	1186.00
573.42	1237.00
573.61	1239.00
573.81	1253.00
574.01	1310.00
574.20	1281.00
574.40	1271.00
574.59	1240.00
574.79	1217.00
574.99	1193.00
575.18	1231.00
575.38	1228.00
575.58	1342.00
575.77	1336.00
575.97	1379.00
576.16	1390.00
576.36	1402.00
576.56	1345.00
576.75	1342.00
576.95	1450.00
577.14	1507.00
577.34	1519.00
577.54	1452.00
577.73	1375.00
577.93	1407.00
578.12	1479.00
578.32	1449.00
578.52	1518.00
578.71	1498.00
578.91	1398.00
579.10	1506.00
579.30	1598.00
579.50	1561.00
579.69	1521.00
579.89	1501.00
580.08	1483.00
580.28	1535.00
580.48	1552.00
580.67	1630.00
580.87	1624.00
581.06	1640.00
581.26	1564.00
581.45	1570.00
581.65	1667.00
581.85	1578.00
582.04	1686.00
582.24	1782.00
582.43	1715.00
582.63	1704.00
582.83	1773.00
583.02	1785.00
583.22	1819.00
583.41	1848.00
583.61	1884.00
583.80	1891.00
584.00	1905.00
584.20	1843.00
584.39	1860.00
584.59	1916.00
584.78	1869.00
584.98	1901.00
585.17	1941.00
585.37	2020.00
585.57	1990.00
585.76	1918.00
585.96	1959.00
586.15	2058.00
586.35	2072.00
586.54	2007.00
586.74	2039.00
586.94	2118.00
587.13	2141.00
587.33	2118.00
587.52	2169.00
587.72	2167.00
587.91	2117.00
588.11	2040.00
588.31	2019.00
588.50	2055.00
588.70	2137.00
588.89	2207.00
589.09	2078.00
589.28	2099.00
589.48	2131.00
589.68	2161.00
589.87	2105.00
590.07	2125.00
590.26	2163.00
590.46	2188.00
590.65	2170.00
590.85	2182.00
591.04	2209.00
591.24	2210.00
591.44	2206.00
591.63	2265.00
591.83	2227.00
592.02	2190.00
592.22	2359.00
592.41	2437.00
592.61	2464.00
592.80	2456.00
593.00	2369.00
593.19	2340.00
593.39	2457.00
593.59	2472.00
593.78	2314.00
593.98	2311.00
594.17	2298.00
594.37	2374.00
594.56	2368.00
594.76	2419.00
594.95	2431.00
595.15	2315.00
595.34	2439.00
595.54	2448.00
595.73	2428.00
595.93	2376.00
596.13	2343.00
596.32	2432.00
596.52	2476.00
596.71	2394.00
596.91	2410.00
597.10	2473.00
597.30	2560.00
597.49	2456.00
597.69	2395.00
597.88	2407.00
598.08	2506.00
598.27	2582.00
598.47	2510.00
598.66	2504.00
598.86	2501.00
599.06	2509.00
599.25	2525.00
599.45	2413.00
599.64	2460.00
599.84	2593.00
600.03	2565.00
600.23	2515.00
600.42	2545.00
600.62	2628.00
600.81	2420.00
601.01	2421.00
601.20	2454.00
601.40	2511.00
601.59	2430.00
601.79	2370.00
601.98	2412.00
602.18	2463.00
602.37	2346.00
602.57	2325.00
602.76	2327.00
602.96	2382.00
603.15	2411.00
603.35	2301.00
603.54	2427.00
603.74	2468.00
603.93	2433.00
604.13	2302.00
604.32	2308.00
604.52	2371.00
604.71	2382.00
604.91	2411.00
605.10	2393.00
605.30	2382.00
605.49	2370.00
605.69	2357.00
605.88	2415.00
606.08	2352.00
606.27	2365.00
606.47	2385.00
606.66	2368.00
606.86	2315.00
607.05	2334.00
607.25	2292.00
607.44	2362.00
607.64	2416.00
607.83	2397.00
608.03	2375.00
608.22	2338.00
608.42	2327.00
608.61	2392.00
608.81	2458.00
609.00	2392.00
609.20	2471.00
609.39	2452.00
609.59	2572.00
609.78	2743.00
609.98	2780.00
610.17	2763.00
610.37	2910.00
610.56	3152.00
610.76	3310.00
610.95	3420.00
611.15	3534.00
611.34	3609.00
611.54	3640.00
611.73	3413.00
611.93	3246.00
612.12	3051.00
612.32	2817.00
612.51	2726.00
612.71	2624.00
612.90	2555.00
613.09	2524.00
613.29	2519.00
613.48	2539.00
613.68	2474.00
613.87	2488.00
614.07	2522.00
614.26	2404.00
614.46	2423.00
614.65	2495.00
614.85	2448.00
615.04	2329.00
615.24	2362.00
615.43	2354.00
615.63	2375.00
615.82	2248.00
616.02	2311.00
616.21	2207.00
616.40	2183.00
616.60	2218.00
616.79	2220.00
616.99	2113.00
617.18	2198.00
617.38	2274.00
617.57	2161.00
617.77	2130.00
617.96	2186.00
618.16	2207.00
618.35	2159.00
618.54	2090.00
618.74	2151.00
618.93	2131.00
619.13	2132.00
619.32	2162.00
619.52	2145.00
619.71	2274.00
619.91	2198.00
620.10	2174.00
620.30	2221.00
620.49	2200.00
620.68	2241.00
620.88	2271.00
621.07	2215.00
621.27	2288.00
621.46	2300.00
621.66	2310.00
621.85	2244.00
622.05	2200.00
622.24	2276.00
622.43	2260.00
622.63	2235.00
622.82	2256.00
623.02	2272.00
623.21	2268.00
623.41	2294.00
623.60	2393.00
623.80	2280.00
623.99	2358.00
624.18	2368.00
624.38	2325.00
624.57	2299.00
624.77	2390.00
624.96	2301.00
625.16	2416.00
625.35	2403.00
625.54	2359.00
625.74	2301.00
625.93	2315.00
626.13	2376.00
626.32	2460.00
626.52	2406.00
626.71	2388.00
626.90	2437.00
627.10	2428.00
627.29	2472.00
627.49	2479.00
627.68	2438.00
627.88	2409.00
628.07	2364.00
628.26	2440.00
628.46	2421.00
628.65	2395.00
628.85	2527.00
629.04	2546.00
629.23	2540.00
629.43	2553.00
629.62	2529.00
629.82	2550.00
630.01	2567.00
630.21	2686.00
630.40	2633.00
630.59	2657.00
630.79	2689.00
630.98	2788.00
631.18	2709.00
631.37	2638.00
631.56	2708.00
631.76	2732.00
631.95	2638.00
632.15	2595.00
632.34	2693.00
632.53	2702.00
632.73	2664.00
632.92	2681.00
633.12	2719.00
633.31	2675.00
633.50	2615.00
633.70	2554.00
633.89	2775.00
634.09	2710.00
634.28	2682.00
634.47	2709.00
634.67	2759.00
634.86	2780.00
635.06	2773.00
635.25	2933.00
635.44	2778.00
635.64	2705.00
635.83	2648.00
636.03	2835.00
636.22	2780.00
636.41	2655.00
636.61	2799.00
636.80	2816.00
637.00	2859.00
637.19	2876.00
637.38	2811.00
637.58	2931.00
637.77	2960.00
637.96	3009.00
638.16	3004.00
638.35	2985.00
638.55	2924.00
638.74	2988.00
638.93	2949.00
639.13	2910.00
639.32	2974.00
639.51	3018.00
639.71	3138.00
639.90	3116.00
640.10	3049.00
640.29	3007.00
640.48	3103.00
640.68	3115.00
640.87	3076.00
641.07	2996.00
641.26	3136.00
641.45	3219.00
641.65	3209.00
641.84	3150.00
642.03	3128.00
642.23	3156.00
642.42	3275.00
642.61	3319.00
642.81	3337.00
643.00	3276.00
643.20	3280.00
643.39	3246.00
643.58	3170.00
643.78	3163.00
643.97	3140.00
644.16	3354.00
644.36	3395.00
644.55	3353.00
644.74	3303.00
644.94	3406.00
645.13	3387.00
645.33	3331.00
645.52	3231.00
645.71	3267.00
645.91	3349.00
646.10	3322.00
646.29	3321.00
646.49	3351.00
646.68	3399.00
646.87	3425.00
647.07	3499.00
647.26	3489.00
647.45	3331.00
647.65	3481.00
647.84	3450.00
648.03	3495.00
648.23	3450.00
648.42	3556.00
648.62	3584.00
648.81	3455.00
649.00	3451.00
649.20	3605.00
649.39	3634.00
649.58	3540.00
649.78	3545.00
649.97	3478.00
650.16	3496.00
650.36	3571.00
650.55	3608.00
650.74	3636.00
650.94	3619.00
651.13	3506.00
651.32	3688.00
651.52	3702.00
651.71	3720.00
651.90	3698.00
652.10	3689.00
652.29	3710.00
652.48	3679.00
652.68	3686.00
652.87	3583.00
653.06	3549.00
653.26	3545.00
653.45	3649.00
653.64	3489.00
653.84	3559.00
654.03	3616.00
654.22	3652.00
654.42	3704.00
654.61	3696.00
654.80	3570.00
654.99	3708.00
655.19	3664.00
655.38	3582.00
655.57	3620.00
655.77	3681.00
655.96	3698.00
656.15	3618.00
656.35	3631.00
656.54	3634.00
656.73	3573.00
656.93	3715.00
657.12	3695.00
657.31	3598.00
657.51	3683.00
657.70	3698.00
657.89	3560.00
658.09	3572.00
658.28	3625.00
658.47	3511.00
658.66	3505.00
658.86	3680.00
659.05	3658.00
659.24	3692.00
659.44	3596.00
659.63	3568.00
659.82	3644.00
660.02	3701.00
660.21	3592.00
660.40	3626.00
660.60	3502.00
660.79	3524.00
660.98	3447.00
661.17	3452.00
661.37	3509.00
661.56	3507.00
661.75	3542.00
661.95	3697.00
662.14	3586.00
662.33	3581.00
662.52	3563.00
662.72	3615.00
662.91	3511.00
663.10	3551.00
663.30	3615.00
663.49	3551.00
663.68	3500.00
663.88	3426.00
664.07	3432.00
664.26	3419.00
664.45	3392.00
664.65	3418.00
664.84	3415.00
665.03	3380.00
665.23	3371.00
665.42	3346.00
665.61	3397.00
665.80	3496.00
666.00	3494.00
666.19	3384.00
666.38	3305.00
666.57	3401.00
666.77	3320.00
666.96	3397.00
667.15	3366.00
667.35	3290.00
667.54	3398.00
667.73	3320.00
667.92	3275.00
668.12	3399.00
668.31	3379.00
668.50	3203.00
668.70	3274.00
668.89	3278.00
669.08	3234.00
669.27	3264.00
669.47	3249.00
669.66	3365.00
669.85	3297.00
670.04	3207.00
670.24	3164.00
670.43	3273.00
670.62	3301.00
670.81	3185.00
671.01	3232.00
671.20	3218.00
671.39	3267.00
671.58	3266.00
671.78	3273.00
671.97	3262.00
672.16	3211.00
672.36	3363.00
672.55	3283.00
672.74	3326.00
672.93	3163.00
673.13	3157.00
673.32	3199.00
673.51	3234.00
673.70	3211.00
673.90	3117.00
674.09	3073.00
674.28	3162.00
674.47	3215.00
674.67	3168.00
674.86	3260.00
675.05	3159.00
675.24	3219.00
675.44	3193.00
675.63	3136.00
675.82	3158.00
676.01	3101.00
676.21	3077.00
676.40	3073.00
676.59	3118.00
676.78	3097.00
676.97	3083.00
677.17	3212.00
677.36	3174.00
677.55	3039.00
677.74	2987.00
677.94	3010.00
678.13	3000.00
678.32	3177.00
678.51	3133.00
678.71	3126.00
678.90	3137.00
679.09	3150.00
679.28	3068.00
679.48	3067.00
679.67	3115.00
679.86	3057.00
680.05	3023.00
680.24	3084.00
680.44	3015.00
680.63	2973.00
680.82	2983.00
681.01	2982.00
681.21	3032.00
681.40	3010.00
681.59	3027.00
681.78	3006.00
681.97	2959.00
682.17	3072.00
682.36	3025.00
682.55	3000.00
682.74	2887.00
682.94	2822.00
683.13	2914.00
683.32	2961.00
683.51	2926.00
683.70	2928.00
683.90	2939.00
684.09	2889.00
684.28	2866.00
684.47	2879.00
684.66	2974.00
684.86	2838.00
685.05	2851.00
685.24	3011.00
685.43	3099.00
685.63	2953.00
685.82	2915.00
686.01	2954.00
686.20	2985.00
686.39	2999.00
686.59	2917.00
686.78	2941.00
686.97	2935.00
687.16	2957.00
687.35	3078.00
687.55	3016.00
687.74	3076.00
687.93	3042.00
688.12	3124.00
688.31	3035.00
688.51	2950.00
688.70	3006.00
688.89	3003.00
689.08	2952.00
689.27	2902.00
689.47	2861.00
689.66	2917.00
689.85	2858.00
690.04	2904.00
690.23	2885.00
690.42	2840.00
690.62	2850.00
690.81	2855.00
691.00	2934.00
691.19	2884.00
691.38	2856.00
691.58	2963.00
691.77	2857.00
691.96	2899.00
692.15	2956.00
692.34	2968.00
692.54	2925.00
692.73	2888.00
692.92	2910.00
693.11	2928.00
693.30	2850.00
693.49	2976.00
693.69	2936.00
693.88	2967.00
694.07	2996.00
694.26	2957.00
694.45	2924.00
694.64	2898.00
694.84	2918.00
695.03	2890.00
695.22	2966.00
695.41	2910.00
695.60	2843.00
695.80	2907.00
695.99	2985.00
696.18	2919.00
696.37	2907.00
696.56	2913.00
696.75	3016.00
696.95	3088.00
697.14	3046.00
697.33	3041.00
697.52	2954.00
697.71	3026.00
697.90	2960.00
698.09	3027.00
698.29	3116.00
698.48	3039.00
698.67	3055.00
698.86	3038.00
699.05	2937.00
699.24	3002.00
699.44	2992.00
699.63	2876.00
699.82	2925.00
700.01	3079.00
700.20	3105.00
700.39	3078.00
700.58	3006.00
700.78	3060.00
700.97	3097.00
701.16	3059.00
701.35	3055.00
701.54	3111.00
701.73	3122.00
701.93	3060.00
702.12	3095.00
702.31	3167.00
702.50	3182.00
702.69	3217.00
702.88	3206.00
703.07	3190.00
703.27	3298.00
703.46	3389.00
703.65	3310.00
703.84	3233.00
704.03	3251.00
704.22	3257.00
704.41	3217.00
704.60	3157.00
704.80	3127.00
704.99	3257.00
705.18	3321.00
705.37	3231.00
705.56	3287.00
705.75	3272.00
705.94	3279.00
706.14	3299.00
706.33	3368.00
706.52	3399.00
706.71	3418.00
706.90	3372.00
707.09	3459.00
707.28	3448.00
707.47	3447.00
707.67	3385.00
707.86	3504.00
708.05	3411.00
708.24	3532.00
708.43	3515.00
708.62	3476.00
708.81	3528.00
709.00	3554.00
709.20	3560.00
709.39	3440.00
709.58	3484.00
709.77	3472.00
709.96	3539.00
710.15	3524.00
710.34	3516.00
710.53	3440.00
710.72	3554.00
710.92	3551.00
711.11	3476.00
711.30	3540.00
711.49	3606.00
711.68	3477.00
711.87	3514.00
712.06	3612.00
712.25	3650.00
712.44	3631.00
712.64	3691.00
712.83	3707.00
713.02	3696.00
713.21	3681.00
713.40	3680.00
713.59	3652.00
713.78	3650.00
713.97	3672.00
714.16	3631.00
714.35	3684.00
714.55	3728.00
714.74	3649.00
714.93	3734.00
715.12	3767.00
715.31	3816.00
715.50	3698.00
715.69	3813.00
715.88	3795.00
716.07	3858.00
716.26	3790.00
716.45	3781.00
716.65	3657.00
716.84	3717.00
717.03	3827.00
717.22	3755.00
717.41	3822.00
717.60	3739.00
717.79	3888.00
717.98	3859.00
718.17	3784.00
718.36	3825.00
718.55	3866.00
718.75	3836.00
718.94	3840.00
719.13	3930.00
719.32	3941.00
719.51	3885.00
719.70	3884.00
719.89	3898.00
720.08	3899.00
720.27	3960.00
720.46	3849.00
720.65	4026.00
720.84	3951.00
721.03	3917.00
721.22	3758.00
721.42	3798.00
721.61	3895.00
721.80	3934.00
721.99	3845.00
722.18	3765.00
722.37	3869.00
722.56	3899.00
722.75	3893.00
722.94	3908.00
723.13	3851.00
723.32	3756.00
723.51	3813.00
723.70	3803.00
723.89	3770.00
724.08	3859.00
724.28	3896.00
724.47	3956.00
724.66	3951.00
724.85	3909.00
725.04	3853.00
725.23	3854.00
725.42	3940.00
725.61	4009.00
725.80	4028.00
725.99	3984.00
726.18	3987.00
726.37	3840.00
726.56	3997.00
726.75	3962.00
726.94	3852.00
727.13	3851.00
727.32	3828.00
727.51	3771.00
727.71	3863.00
727.90	3860.00
728.09	3878.00
728.28	3874.00
728.47	3837.00
728.66	3942.00
728.85	3984.00
729.04	3879.00
729.23	3847.00
729.42	3847.00
729.61	3933.00
729.80	3734.00
729.99	3798.00
730.18	3816.00
730.37	3808.00
730.56	3852.00
730.75	3855.00
730.94	3849.00
731.13	3812.00
731.32	3870.00
731.51	3838.00
731.70	3811.00
731.89	3808.00
732.08	3852.00
732.27	3821.00
732.46	3773.00
732.65	3825.00
732.84	3820.00
733.04	3830.00
733.23	3838.00
733.42	3841.00
733.61	3855.00
733.80	3808.00
733.99	3771.00
734.18	3861.00
734.37	3835.00
734.56	3738.00
734.75	3686.00
734.94	3737.00
735.13	3699.00
735.32	3752.00
735.51	3737.00
735.70	3711.00
735.89	3753.00
736.08	3698.00
736.27	3790.00
736.46	3766.00
736.65	3673.00
736.84	3721.00
737.03	3725.00
737.22	3619.00
737.41	3755.00
737.60	3761.00
737.79	3761.00
737.98	3782.00
738.17	3740.00
738.36	3654.00
738.55	3689.00
738.74	3753.00
738.93	3735.00
739.12	3750.00
739.31	3737.00
739.50	3770.00
739.69	3630.00
739.88	3574.00
740.07	3623.00
740.26	3607.00
740.45	3601.00
740.64	3527.00
740.83	3675.00
741.02	3703.00
741.21	3619.00
741.40	3486.00
741.59	3482.00
741.78	3534.00
741.97	3522.00
742.16	3459.00
742.35	3463.00
742.54	3507.00
742.73	3461.00
742.92	3435.00
743.11	3445.00
743.30	3395.00
743.49	3426.00
743.68	3499.00
743.87	3452.00
744.06	3361.00
744.25	3367.00
744.44	3375.00
744.63	3433.00
744.82	3550.00
745.01	3470.00
745.20	3420.00
745.39	3398.00
745.58	3437.00
745.77	3377.00
745.96	3411.00
746.15	3452.00
746.34	3393.00
746.52	3327.00
746.71	3349.00
746.90	3308.00
747.09	3354.00
747.28	3422.00
747.47	3340.00
747.66	3243.00
747.85	3228.00
748.04	3229.00
748.23	3225.00
748.42	3258.00
748.61	3289.00
748.80	3314.00
748.99	3239.00
749.18	3159.00
749.37	3219.00
749.56	3172.00
749.75	3121.00
749.94	3127.00
750.13	3111.00
750.32	3093.00
750.51	3142.00
750.70	3120.00
750.89	3193.00
751.08	3087.00
751.27	3187.00
751.46	3115.00
751.64	3132.00
751.83	3247.00
752.02	3118.00
752.21	3099.00
752.40	3172.00
752.59	3098.00
752.78	3186.00
752.97	3125.00
753.16	3027.00
753.35	3082.00
753.54	3087.00
753.73	3119.00
753.92	3154.00
754.11	3220.00
754.30	3051.00
754.49	3110.00
754.68	3071.00
754.87	3015.00
755.06	3076.00
755.24	3063.00
755.43	3031.00
755.62	3026.00
755.81	2999.00
756.00	2890.00
756.19	2983.00
756.38	2959.00
756.57	2917.00
756.76	2872.00
756.95	2895.00
757.14	2919.00
757.33	2985.00
757.52	2976.00
757.71	2860.00
757.90	2970.00
758.08	3028.00
758.27	2915.00
758.46	2904.00
758.65	2820.00
758.84	2799.00
759.03	2840.00
759.22	2770.00
759.41	2742.00
759.60	2776.00
759.79	2846.00
759.98	2986.00
760.17	2767.00
760.36	2913.00
760.54	2814.00
760.73	2761.00
760.92	2717.00
761.11	2746.00
761.30	2748.00
761.49	2755.00
761.68	2689.00
761.87	2633.00
762.06	2569.00
762.25	2636.00
762.44	2469.00
762.63	2426.00
762.81	2604.00
763.00	2516.00
763.19	2560.00
763.38	2370.00
763.57	2487.00
763.76	2448.00
763.95	2440.00
764.14	2432.00
764.33	2455.00
764.52	2455.00
764.71	2452.00
764.89	2458.00
765.08	2466.00
765.27	2356.00
765.46	2463.00
765.65	2544.00
765.84	2477.00
766.03	2499.00
766.22	2382.00
766.41	2455.00
766.59	2608.00
766.78	2557.00
766.97	2524.00
767.16	2565.00
767.35	2634.00
767.54	2626.00
767.73	2611.00
767.92	2648.00
768.11	2690.00
768.30	2711.00
768.48	2839.00
768.67	2697.00
768.86	2808.00
769.05	2681.00
769.24	2687.00
769.43	2752.00
769.62	2749.00
769.81	2766.00
769.99	2737.00
770.18	2758.00
770.37	2694.00
770.56	2622.00
770.75	2763.00
770.94	2727.00
771.13	2719.00
771.32	2737.00
771.50	2661.00
771.69	2578.00
771.88	2766.00
772.07	2746.00
772.26	2604.00
772.45	2672.00
772.64	2719.00
772.83	2761.00
773.01	2647.00
773.20	2770.00
773.39	2654.00
773.58	2664.00
773.77	2650.00
773.96	2713.00
774.15	2713.00
774.34	2625.00
774.52	2572.00
774.71	2711.00
774.90	2739.00
775.09	2711.00
775.28	2645.00
775.47	2672.00
775.66	2580.00
775.84	2543.00
776.03	2631.00
776.22	2545.00
776.41	2558.00
776.60	2586.00
776.79	2683.00
776.98	2585.00
777.16	2599.00
777.35	2725.00
777.54	2627.00
777.73	2587.00
777.92	2516.00
778.11	2555.00
778.29	2557.00
778.48	2613.00
778.67	2659.00
778.86	2646.00
779.05	2648.00
779.24	2621.00
779.43	2718.00
779.61	2629.00
779.80	2681.00
779.99	2608.00
780.18	2673.00
780.37	2667.00
780.56	2591.00
780.74	2541.00
780.93	2580.00
781.12	2673.00
781.31	2601.00
781.50	2544.00
781.69	2638.00
781.87	2632.00
782.06	2663.00
782.25	2550.00
782.44	2696.00
782.63	2763.00
782.82	2782.00
783.00	2711.00
783.19	2659.00
783.38	2632.00
783.57	2648.00
783.76	2643.00
783.95	2676.00
784.13	2682.00
784.32	2736.00
784.51	2692.00
784.70	2717.00
784.89	2622.00
785.08	2677.00
785.26	2586.00
785.45	2600.00
785.64	2604.00
785.83	2707.00
786.02	2729.00
786.20	2697.00
786.39	2632.00
786.58	2664.00
786.77	2810.00
786.96	2688.00
787.15	2685.00
787.33	2680.00
787.52	2586.00
787.71	2739.00
787.90	2738.00
788.09	2740.00
788.27	2710.00
788.46	2763.00
788.65	2760.00
788.84	2729.00
789.03	2686.00
789.21	2743.00
789.40	2767.00
789.59	2738.00
789.78	2761.00
789.97	2797.00
790.15	2753.00
790.34	2773.00
790.53	2861.00
790.72	2783.00
790.91	2805.00
791.09	2772.00
791.28	2779.00
791.47	2790.00
791.66	2842.00
791.85	2908.00
792.03	2798.00
792.22	2790.00
792.41	2895.00
792.60	2903.00
792.79	2896.00
792.97	2813.00
793.16	2799.00
793.35	2869.00
793.54	2848.00
793.72	2844.00
793.91	2824.00
794.10	2856.00
794.29	3009.00
794.48	2892.00
794.66	2910.00
794.85	2916.00
795.04	2934.00
795.23	2931.00
795.42	2888.00
795.60	2881.00
795.79	2858.00
795.98	2825.00
796.17	2924.00
796.35	3004.00
796.54	2945.00
796.73	2887.00
796.92	2850.00
797.11	2878.00
797.29	2872.00
797.48	2885.00
797.67	2919.00
797.86	2859.00
798.04	2811.00
798.23	2852.00
798.42	2949.00
798.61	2880.00
798.79	2914.00
798.98	2915.00
799.17	2814.00
799.36	2875.00
799.54	2848.00
799.73	2853.00
799.92	2863.00
800.11	2813.00
800.30	2749.00
800.48	2786.00
800.67	2838.00
800.86	2871.00
801.05	2842.00
801.23	2911.00
801.42	2787.00
801.61	2885.00
801.80	2837.00
801.98	2983.00
802.17	2972.00
802.36	2951.00
802.55	2914.00
802.73	2953.00
802.92	2906.00
803.11	2964.00
803.30	2918.00
803.48	2977.00
803.67	2945.00
803.86	2985.00
804.05	2984.00
804.23	2927.00
804.42	2898.00
804.61	2933.00
804.80	2957.00
804.98	2928.00
805.17	2936.00
805.36	2935.00
805.54	2988.00
805.73	2995.00
805.92	2842.00
806.11	2906.00
806.29	2947.00
806.48	2926.00
806.67	2953.00
806.86	2887.00
807.04	3017.00
807.23	2966.00
807.42	2851.00
807.61	2883.00
807.79	2871.00
807.98	2919.00
808.17	2941.00
808.35	2886.00
808.54	2917.00
808.73	2945.00
808.92	2974.00
809.10	2962.00
809.29	2921.00
809.48	3008.00
809.67	2952.00
809.85	2919.00
810.04	3069.00
810.23	2998.00
810.41	2974.00
810.60	2948.00
810.79	2949.00
810.98	2926.00
811.16	2971.00
811.35	2873.00
811.54	2890.00
811.72	2940.00
811.91	3015.00
812.10	2956.00
812.29	2998.00
812.47	2957.00
812.66	2920.00
812.85	2932.00
813.03	2912.00
813.22	2931.00
813.41	2892.00
813.60	2854.00
813.78	2882.00
813.97	2890.00
814.16	2795.00
814.34	2886.00
814.53	2943.00
814.72	2917.00
814.90	2957.00
815.09	2916.00
815.28	2907.00
815.47	2908.00
815.65	2936.00
815.84	2861.00
816.03	2912.00
816.21	2910.00
816.40	2898.00
816.59	2924.00
816.77	2932.00
816.96	2910.00
817.15	2949.00
817.33	2977.00
817.52	2984.00
817.71	2994.00
817.90	3119.00
818.08	2970.00
818.27	3019.00
818.46	3080.00
818.64	2977.00
818.83	2972.00
819.02	2971.00
819.20	2931.00
819.39	2936.00
819.58	2977.00
819.76	2996.00
819.95	2988.00
820.14	2924.00
820.32	2938.00
820.51	3017.00
820.70	2972.00
820.88	2926.00
821.07	2964.00
821.26	2999.00
821.44	2963.00
821.63	2914.00
821.82	2973.00
822.01	2998.00
822.19	2954.00
822.38	2971.00
822.57	2881.00
822.75	2943.00
822.94	2961.00
823.13	2909.00
823.31	3006.00
823.50	2900.00
823.69	2862.00
823.87	2823.00
824.06	2868.00
824.25	2787.00
824.43	2762.00
824.62	2747.00
824.80	2808.00
824.99	2908.00
825.18	2839.00
825.36	2859.00
825.55	2857.00
825.74	2886.00
825.92	2946.00
826.11	2873.00
826.30	2828.00
826.48	2854.00
826.67	2875.00
826.86	2897.00
827.04	2830.00
827.23	2708.00
827.42	2801.00
827.60	2745.00
827.79	2823.00
827.98	2793.00
828.16	2772.00
828.35	2749.00
828.54	2831.00
828.72	2859.00
828.91	2817.00
829.09	2802.00
829.28	2728.00
829.47	2781.00
829.65	2779.00
829.84	2747.00
830.03	2781.00
830.21	2676.00
830.40	2690.00
830.59	2728.00
830.77	2822.00
830.96	2697.00
831.14	2700.00
831.33	2771.00
831.52	2692.00
831.70	2727.00
831.89	2767.00
832.08	2768.00
832.26	2669.00
832.45	2806.00
832.64	2736.00
832.82	2739.00
833.01	2682.00
833.19	2641.00
833.38	2803.00
833.57	2782.00
833.75	2693.00
833.94	2643.00
834.13	2674.00
834.31	2635.00
834.50	2703.00
834.68	2677.00
834.87	2682.00
835.06	2633.00
835.24	2664.00
835.43	2689.00
835.61	2625.00
835.80	2691.00
835.99	2708.00
836.17	2636.00
836.36	2666.00
836.55	2569.00
836.73	2628.00
836.92	2640.00
837.10	2568.00
837.29	2667.00
837.48	2696.00
837.66	2728.00
837.85	2738.00
838.03	2582.00
838.22	2636.00
838.41	2646.00
838.59	2622.00
838.78	2601.00
838.96	2645.00
839.15	2658.00
839.34	2673.00
839.52	2639.00
839.71	2650.00
839.89	2583.00
840.08	2661.00
840.27	2573.00
840.45	2729.00
840.64	2625.00
840.82	2600.00
841.01	2594.00
841.20	2543.00
841.38	2561.00
841.57	2544.00
841.75	2480.00
841.94	2575.00
842.13	2466.00
842.31	2520.00
842.50	2516.00
842.68	2488.00
842.87	2453.00
843.05	2499.00
843.24	2548.00
843.43	2482.00
843.61	2448.00
843.80	2544.00
843.98	2586.00
844.17	2558.00
844.36	2477.00
844.54	2426.00
844.73	2340.00
844.91	2491.00
845.10	2477.00
845.28	2420.00
845.47	2439.00
845.66	2418.00
845.84	2365.00
846.03	2398.00
846.21	2434.00
846.40	2412.00
846.58	2421.00
846.77	2402.00
846.96	2353.00
847.14	2357.00
847.33	2376.00
847.51	2353.00
847.70	2309.00
847.88	2372.00
848.07	2292.00
848.25	2326.00
848.44	2383.00
848.63	2440.00
848.81	2370.00
849.00	2282.00
849.18	2355.00
849.37	2372.00
849.55	2370.00
849.74	2367.00
849.93	2283.00
850.11	2305.00
850.30	2248.00
850.48	2331.00
850.67	2227.00
850.85	2168.00
851.04	2283.00
851.22	2302.00
851.41	2406.00
851.59	2330.00
851.78	2216.00
851.97	2336.00
852.15	2283.00
852.34	2261.00
852.52	2271.00
852.71	2152.00
852.89	2172.00
853.08	2229.00
853.26	2263.00
853.45	2230.00
853.63	2324.00
853.82	2284.00
854.01	2317.00
854.19	2185.00
854.38	2251.00
854.56	2108.00
854.75	2118.00
854.93	2160.00
855.12	2216.00
855.30	2243.00
855.49	2334.00
855.67	2203.00
855.86	2250.00
856.04	2198.00
856.23	2275.00
856.41	2189.00
856.60	2217.00
856.79	2121.00
856.97	2187.00
857.16	2134.00
857.34	2133.00
857.53	2134.00
857.71	2111.00
857.90	2135.00
858.08	2125.00
858.27	2167.00
858.45	2183.00
858.64	2173.00
858.82	2091.00
859.01	2029.00
859.19	2076.00
859.38	2081.00
859.56	2086.00
859.75	2091.00
859.93	2119.00
860.12	2136.00
860.30	2066.00
860.49	2129.00
860.67	2165.00
860.86	2090.00
861.04	2040.00
861.23	2055.00
861.41	1988.00
861.60	2013.00
861.78	2025.00
861.97	2008.00
862.15	2043.00
862.34	2062.00
862.53	2112.00
862.71	2058.00
862.90	2062.00
863.08	2084.00
863.27	2077.00
863.45	2014.00
863.64	1999.00
863.82	1983.00
864.01	1932.00
864.19	1978.00
864.37	2019.00
864.56	2040.00
864.74	1945.00
864.93	2008.00
865.11	1931.00
865.30	1900.00
865.48	1906.00
865.67	1831.00
865.85	1878.00
866.04	1880.00
866.22	1840.00
866.41	1941.00
866.59	1952.00
866.78	1967.00
866.96	1836.00
867.15	1772.00
867.33	1865.00
867.52	1844.00
867.70	1841.00
867.89	1902.00
868.07	1858.00
868.26	1873.00
868.44	1898.00
868.63	1868.00
868.81	1851.00
869.00	1741.00
869.18	1853.00
869.37	1955.00
869.55	1882.00
869.74	1812.00
869.92	1866.00
870.10	1818.00
870.29	1857.00
870.47	1835.00
870.66	1812.00
870.84	1781.00
871.03	1733.00
871.21	1776.00
871.40	1800.00
871.58	1780.00
871.77	1787.00
871.95	1843.00
872.14	1810.00
872.32	1786.00
872.51	1732.00
872.69	1770.00
872.87	1758.00
873.06	1813.00
873.24	1797.00
873.43	1726.00
873.61	1813.00
873.80	1821.00
873.98	1779.00
874.17	1724.00
874.35	1769.00
874.54	1743.00
874.72	1682.00
874.90	1722.00
875.09	1690.00
875.27	1740.00
875.46	1707.00
875.64	1663.00
875.83	1723.00
876.01	1709.00
876.20	1758.00
876.38	1723.00
876.56	1689.00
876.75	1656.00
876.93	1608.00
877.12	1679.00
877.30	1729.00
877.49	1804.00
877.67	1772.00
877.86	1752.00
878.04	1735.00
878.22	1673.00
878.41	1656.00
878.59	1638.00
878.78	1690.00
878.96	1693.00
879.15	1629.00
879.33	1610.00
879.51	1663.00
879.70	1741.00
879.88	1639.00
880.07	1614.00
880.25	1675.00
880.44	1674.00
880.62	1680.00
880.80	1690.00
880.99	1685.00
881.17	1698.00
881.36	1623.00
881.54	1704.00
881.73	1691.00
881.91	1685.00
882.09	1685.00
882.28	1677.00
882.46	1672.00
882.65	1655.00
882.83	1649.00
883.02	1637.00
883.20	1637.00
883.38	1644.00
883.57	1590.00
883.75	1584.00
883.94	1627.00
884.12	1645.00
884.30	1612.00
884.49	1739.00
884.67	1702.00
884.86	1633.00
885.04	1649.00
885.22	1578.00
885.41	1681.00
885.59	1661.00
885.78	1653.00
885.96	1660.00
886.14	1581.00
886.33	1588.00
886.51	1573.00
886.70	1654.00
886.88	1602.00
887.06	1545.00
887.25	1594.00
887.43	1545.00
887.62	1595.00
887.80	1569.00
887.98	1559.00
888.17	1579.00
888.35	1576.00
888.54	1520.00
888.72	1527.00
888.90	1491.00
889.09	1566.00
889.27	1576.00
889.46	1642.00
889.64	1642.00
889.82	1567.00
890.01	1499.00
890.19	1544.00
890.38	1571.00
890.56	1539.00
890.74	1667.00
890.93	1650.00
891.11	1640.00
891.29	1640.00
891.48	1629.00
891.66	1622.00
891.85	1535.00
892.03	1578.00
892.21	1580.00
892.40	1619.00
892.58	1555.00
892.76	1664.00
892.95	1593.00
893.13	1578.00
893.32	1663.00
893.50	1587.00
893.68	1556.00
893.87	1531.00
894.05	1563.00
894.23	1590.00
894.42	1634.00
894.60	1458.00
894.79	1531.00
894.97	1533.00
895.15	1615.00
895.34	1671.00
895.52	1683.00
895.70	1662.00
895.89	1591.00
896.07	1579.00
896.25	1566.00
896.44	1618.00
896.62	1629.00
896.81	1600.00
896.99	1692.00
897.17	1665.00
897.36	1623.00
897.54	1646.00
897.72	1710.00
897.91	1678.00
898.09	1538.00
898.27	1650.00
898.46	1679.00
898.64	1759.00
898.82	1591.00
899.01	1597.00
899.19	1751.00
899.37	1688.00
899.56	1758.00
899.74	1729.00
899.92	1736.00
900.11	1692.00
900.29	1644.00
900.47	1703.00
900.66	1780.00
900.84	1742.00
901.03	1750.00
901.21	1700.00
901.39	1667.00
901.58	1630.00
901.76	1645.00
901.94	1755.00
902.13	1688.00
902.31	1748.00
902.49	1719.00
902.68	1755.00
902.86	1781.00
903.04	1752.00
903.23	1716.00
903.41	1787.00
903.59	1767.00
903.78	1780.00
903.96	1728.00
904.14	1770.00
904.32	1749.00
904.51	1727.00
904.69	1816.00
904.87	1742.00
905.06	1777.00
905.24	1752.00
905.42	1733.00
905.61	1792.00
905.79	1737.00
905.97	1746.00
906.16	1794.00
906.34	1903.00
906.52	1848.00
906.71	1733.00
906.89	1823.00
907.07	1753.00
907.26	1755.00
907.44	1838.00
907.62	1761.00
907.81	1796.00
907.99	1703.00
908.17	1737.00
908.35	1799.00
908.54	1735.00
908.72	1718.00
908.90	1735.00
909.09	1754.00
909.27	1828.00
909.45	1751.00
909.64	1807.00
909.82	1807.00
910.00	1833.00
910.18	1730.00
910.37	1812.00
910.55	1754.00
910.73	1795.00
910.92	1762.00
911.10	1773.00
911.28	1788.00
911.47	1749.00
911.65	1720.00
911.83	1753.00
912.01	1777.00
912.20	1754.00
912.38	1713.00
912.56	1696.00
912.75	1793.00
912.93	1750.00
913.11	1749.00
913.29	1686.00
913.48	1658.00
913.66	1733.00
913.84	1815.00
914.03	1740.00
914.21	1679.00
914.39	1697.00
914.57	1697.00
914.76	1607.00
914.94	1594.00
915.12	1697.00
915.31	1725.00
915.49	1693.00
915.67	1657.00
915.85	1731.00
916.04	1682.00
916.22	1686.00
916.40	1762.00
916.58	1701.00
916.77	1641.00
916.95	1665.00
917.13	1689.00
917.32	1673.00
917.50	1696.00
917.68	1630.00
917.86	1743.00
918.05	1726.00
918.23	1732.00
918.41	1664.00
918.59	1623.00
918.78	1568.00
918.96	1587.00
919.14	1630.00
919.32	1630.00
919.51	1631.00
919.69	1482.00
919.87	1466.00
920.05	1617.00
920.24	1581.00
920.42	1663.00
920.60	1689.00
920.78	1693.00
920.97	1617.00
921.15	1616.00
921.33	1604.00
921.52	1621.00
921.70	1613.00
921.88	1548.00
922.06	1610.00
922.24	1586.00
922.43	1581.00
922.61	1669.00
922.79	1656.00
922.97	1541.00
923.16	1631.00
923.34	1642.00
923.52	1570.00
923.70	1628.00
923.89	1604.00
924.07	1552.00
924.25	1581.00
924.43	1577.00
924.62	1600.00
924.80	1574.00
924.98	1628.00
925.16	1505.00
925.35	1553.00
925.53	1506.00
925.71	1497.00
925.89	1552.00
926.08	1611.00
926.26	1579.00
926.44	1515.00
926.62	1571.00
926.80	1502.00
926.99	1372.00
927.17	1472.00
927.35	1554.00
927.53	1529.00
927.72	1583.00
927.90	1494.00
928.08	1490.00
928.26	1469.00
928.44	1445.00
928.63	1524.00
928.81	1521.00
928.99	1507.00
929.17	1425.00
929.36	1477.00
929.54	1486.00
929.72	1444.00
929.90	1399.00
930.08	1427.00
930.27	1442.00
930.45	1465.00
930.63	1470.00
930.81	1435.00
930.99	1375.00
931.18	1433.00
931.36	1396.00
931.54	1481.00
931.72	1361.00
931.90	1436.00
932.09	1391.00
932.27	1374.00
932.45	1379.00
932.63	1370.00
932.81	1290.00
933.00	1320.00
933.18	1251.00
933.36	1308.00
933.54	1321.00
933.72	1361.00
933.91	1322.00
934.09	1205.00
934.27	1230.00
934.45	1242.00
934.63	1247.00
934.82	1177.00
935.00	1216.00
935.18	1261.00
935.36	1259.00
935.54	1230.00
935.73	1166.00
935.91	1112.00
936.09	1202.00
936.27	1179.00
936.45	1081.00
936.64	1111.00
936.82	1080.00
937.00	1105.00
937.18	1115.00
937.36	1030.00
937.54	1127.00
937.73	1080.00
937.91	1098.00
938.09	1036.00
938.27	999.00
938.45	1112.00
938.63	960.00
938.82	951.00
939.00	1042.00
939.18	996.00
939.36	878.00
939.54	842.00
939.73	941.00
939.91	917.00
940.09	900.00
940.27	947.00
940.45	839.00
940.63	841.00
940.82	813.00
941.00	788.00
941.18	750.00
941.36	838.00
941.54	816.00
941.72	817.00
941.91	812.00
942.09	847.00
942.27	797.00
942.45	766.00
942.63	812.00
942.81	790.00
942.99	810.00
943.18	804.00
943.36	813.00
943.54	740.00
943.72	763.00
943.90	719.00
944.08	722.00
944.27	774.00
944.45	798.00
944.63	757.00
944.81	738.00
944.99	731.00
945.17	801.00
945.35	815.00
945.54	652.00
945.72	669.00
945.90	722.00
946.08	653.00
946.26	616.00
946.44	694.00
946.62	773.00
946.81	733.00
946.99	788.00
947.17	804.00
947.35	801.00
947.53	758.00
947.71	795.00
947.89	712.00
948.07	746.00
948.26	721.00
948.44	765.00
948.62	697.00
948.80	696.00
948.98	717.00
949.16	782.00
949.34	653.00
949.53	677.00
949.71	772.00
949.89	699.00
950.07	771.00
950.25	765.00
950.43	808.00
950.61	784.00
950.79	693.00
950.98	710.00
951.16	775.00
951.34	740.00
951.52	734.00
951.70	773.00
951.88	819.00
952.06	732.00
952.24	778.00
952.42	751.00
952.61	697.00
952.79	753.00
952.97	748.00
953.15	741.00
953.33	717.00
953.51	734.00
953.69	722.00
953.87	744.00
954.05	712.00
954.24	745.00
954.42	719.00
954.60	763.00
954.78	740.00
954.96	790.00
955.14	783.00
955.32	717.00
955.50	756.00
955.68	778.00
955.86	699.00
956.05	730.00
956.23	651.00
956.41	708.00
956.59	629.00
956.77	715.00
956.95	699.00
957.13	736.00
957.31	710.00
957.49	730.00
957.67	765.00
957.86	663.00
958.04	670.00
958.22	725.00
958.40	705.00
958.58	609.00
958.76	705.00
958.94	693.00
959.12	708.00
959.30	709.00
959.48	650.00
959.66	701.00
959.84	668.00
960.03	666.00
960.21	721.00
960.39	687.00
960.57	635.00
960.75	646.00
960.93	767.00
961.11	785.00
961.29	735.00
961.47	707.00
961.65	609.00
961.83	703.00
962.01	704.00
962.19	790.00
962.37	712.00
962.56	555.00
962.74	634.00
962.92	638.00
963.10	621.00
963.28	708.00
963.46	639.00
963.64	721.00
963.82	731.00
964.00	668.00
964.18	688.00
964.36	685.00
964.54	661.00
964.72	625.00
964.90	680.00
965.08	662.00
965.27	647.00
965.45	714.00
965.63	702.00
965.81	684.00
965.99	673.00
966.17	713.00
966.35	689.00
966.53	665.00
966.71	676.00
966.89	622.00
967.07	718.00
967.25	694.00
967.43	643.00
967.61	626.00
967.79	659.00
967.97	623.00
968.15	669.00
968.33	708.00
968.51	637.00
968.69	657.00
968.87	677.00
969.06	607.00
969.24	626.00
969.42	654.00
969.60	600.00
969.78	579.00
969.96	649.00
970.14	649.00
970.32	721.00
970.50	666.00
970.68	601.00
970.86	643.00
971.04	659.00
971.22	622.00
971.40	605.00
971.58	600.00
971.76	639.00
971.94	694.00
972.12	601.00
972.30	625.00
972.48	618.00
972.66	638.00
972.84	603.00
973.02	618.00
973.20	607.00
973.38	645.00
973.56	549.00
973.74	613.00
973.92	589.00
974.10	575.00
974.28	658.00
974.46	621.00
974.64	558.00
974.82	622.00
975.00	619.00
975.18	513.00
975.36	524.00
975.54	557.00
975.72	543.00
975.90	493.00
976.08	495.00
976.26	542.00
976.44	580.00
976.62	653.00
976.80	584.00
976.98	612.00
977.16	611.00
977.34	554.00
977.52	591.00
977.70	578.00
977.88	608.00
978.06	660.00
978.24	603.00
978.42	644.00
978.60	579.00
978.78	584.00
978.96	542.00
979.14	541.00
979.32	602.00
979.50	510.00
979.68	572.00
979.86	535.00
980.04	580.00
980.22	641.00
980.40	587.00
980.58	614.00
980.76	602.00
980.94	496.00
981.12	494.00
981.30	546.00
981.48	503.00
981.66	517.00
981.84	550.00
982.02	501.00
982.20	505.00
982.38	536.00
982.56	581.00
982.74	591.00
982.92	598.00
983.10	484.00
983.28	506.00
983.46	436.00
983.64	479.00
983.82	531.00
984.00	550.00
984.18	495.00
984.36	576.00
984.54	558.00
984.72	565.00
984.90	541.00
985.08	564.00
985.26	532.00
985.44	505.00
985.62	487.00
985.80	548.00
985.98	528.00
986.16	494.00
986.34	486.00
986.51	468.00
986.69	486.00
986.87	478.00
987.05	503.00
987.23	475.00
987.41	570.00
987.59	477.00
987.77	463.00
987.95	426.00
988.13	560.00
988.31	447.00
988.49	440.00
988.67	466.00
988.85	441.00
989.03	470.00
989.21	437.00
989.39	448.00
989.57	539.00
989.75	428.00
989.93	435.00
990.11	435.00
990.28	482.00
990.46	400.00
990.64	500.00
990.82	512.00
991.00	503.00
991.18	525.00
991.36	448.00
991.54	412.00
991.72	384.00
991.90	404.00
992.08	437.00
992.26	458.00
992.44	558.00
992.62	550.00
992.80	526.00
992.98	518.00
993.15	491.00
993.33	561.00
993.51	491.00
993.69	475.00
993.87	483.00
994.05	486.00
994.23	446.00
994.41	445.00
994.59	501.00
994.77	442.00
994.95	445.00
995.13	447.00
995.31	464.00
995.48	493.00
995.66	433.00
995.84	468.00
996.02	427.00
996.20	378.00
996.38	402.00
996.56	403.00
996.74	484.00
996.92	432.00
997.10	441.00
997.28	387.00
997.46	387.00
997.63	398.00
997.81	396.00
997.99	391.00
998.17	325.00
998.35	340.00
998.53	369.00
998.71	444.00
998.89	408.00
999.07	448.00
999.25	382.00
999.43	408.00
999.60	388.00
999.78	336.00
999.96	392.00
1000.14	409.00
1000.32	434.00
1000.50	398.00
1000.68	338.00
1000.86	342.00
1001.04	360.00
1001.21	381.00
1001.39	451.00
1001.57	453.00
1001.75	405.00
1001.93	392.00
1002.11	409.00
1002.29	404.00
1002.47	380.00
1002.65	391.00
1002.82	436.00
1003.00	411.00
1003.18	406.00
1003.36	384.00
1003.54	320.00
1003.72	366.00
1003.90	372.00
1004.08	415.00
1004.26	418.00
1004.43	394.00
1004.61	375.00
1004.79	400.00
1004.97	358.00
1005.15	347.00
1005.33	381.00
1005.51	459.00
1005.69	448.00
1005.86	387.00
1006.04	358.00
1006.22	385.00
1006.40	352.00
1006.58	462.00
1006.76	440.00
1006.94	477.00
1007.12	369.00
1007.29	300.00
1007.47	339.00
1007.65	312.00
1007.83	332.00
1008.01	367.00
1008.19	416.00
1008.37	382.00
1008.54	502.00
1008.72	402.00
1008.90	360.00
1009.08	342.00
1009.26	403.00
1009.44	353.00
1009.62	267.00
1009.79	218.00
1009.97	303.00
1010.15	349.00
1010.33	381.00
1010.51	368.00
1010.69	383.00
1010.87	323.00
1011.04	327.00
1011.22	412.00
1011.40	424.00
1011.58	401.00
1011.76	396.00
1011.94	296.00
1012.11	248.00
1012.29	278.00
1012.47	319.00
1012.65	402.00
1012.83	382.00
1013.01	384.00
1013.18	363.00
1013.36	377.00
1013.54	387.00
1013.72	329.00
1013.90	328.00
1014.08	374.00
1014.25	339.00
1014.43	293.00
1014.61	320.00
1014.79	384.00
1014.97	309.00
1015.15	339.00
1015.32	305.00
1015.50	378.00
1015.68	420.00
1015.86	324.00
1016.04	345.00
1016.22	318.00
1016.39	319.00
1016.57	378.00
1016.75	356.00
1016.93	339.00
1017.11	271.00
1017.29	289.00
1017.46	335.00
1017.64	332.00
1017.82	391.00
1018.00	269.00
1018.18	334.00
1018.35	343.00
1018.53	290.00
1018.71	265.00
1018.89	286.00
1019.07	277.00
1019.24	275.00
1019.42	319.00
1019.60	355.00
1019.78	355.00
1019.96	295.00
1020.14	206.00
1020.31	261.00
1020.49	385.00
1020.67	330.00
1020.85	304.00
1021.03	319.00
1021.20	335.00
1021.38	336.00
1021.56	289.00
1021.74	302.00
1021.92	306.00
1022.09	314.00
1022.27	328.00
1022.45	357.00
1022.63	335.00
1022.81	339.00
1022.98	265.00
1023.16	402.00
1023.34	391.00
1023.52	328.00
1023.69	284.00
1023.87	318.00
1024.05	277.00
1024.23	366.00
1024.41	256.00
1024.58	296.00
1024.76	305.00
1024.94	228.00
1025.12	291.00
1025.30	288.00
1025.47	238.00
1025.65	261.00
1025.83	286.00
1026.01	289.00
1026.18	298.00
1026.36	355.00
1026.54	319.00
1026.72	263.00
1026.90	294.00
1027.07	305.00
1027.25	228.00
1027.43	199.00
1027.61	278.00
1027.78	271.00
1027.96	287.00
1028.14	274.00
1028.32	238.00
1028.49	347.00
1028.67	339.00
1028.85	220.00
1029.03	277.00
1029.21	285.00
1029.38	294.00
1029.56	256.00
1029.74	334.00
1029.92	303.00
1030.09	231.00
1030.27	269.00
1030.45	250.00
1030.63	209.00
1030.80	251.00
1030.98	264.00
1031.16	267.00
1031.34	271.00
1031.51	259.00
1031.69	231.00
1031.87	256.00
1032.05	336.00
1032.22	277.00
1032.40	288.00
1032.58	245.00
1032.76	314.00
1032.93	258.00
1033.11	246.00
1033.29	302.00
1033.47	235.00
1033.64	275.00
1033.82	295.00
1034.00	249.00
1034.18	251.00
1034.35	285.00
1034.53	250.00
1034.71	248.00
1034.89	282.00
1035.06	326.00
1035.24	228.00
1035.42	249.00
1035.59	266.00
1035.77	303.00
1035.95	335.00
1036.13	294.00
1036.30	224.00
1036.48	245.00
1036.66	335.00
1036.84	270.00
1037.01	279.00
1037.19	292.00
1037.37	249.00
1037.54	285.00
1037.72	223.00
1037.90	250.00
1038.08	244.00
1038.25	220.00
1038.43	283.00
1038.61	217.00
1038.79	265.00
1038.96	232.00
1039.14	208.00
1039.32	197.00
1039.49	232.00
1039.67	279.00
1039.85	252.00
1040.03	312.00
1040.20	227.00
1040.38	242.00
1040.56	281.00
1040.73	290.00
1040.91	242.00
1041.09	189.00
1041.27	263.00
1041.44	238.00
1041.62	245.00
1041.80	235.00
1041.97	297.00
1042.15	289.00
1042.33	225.00
1042.50	213.00
1042.68	267.00
1042.86	243.00
1043.04	307.00
1043.21	292.00
1043.39	316.00
1043.57	193.00
1043.74	183.00
1043.92	272.00
1044.10	232.00
1044.27	246.00
1044.45	195.00
1044.63	221.00
1044.80	248.00
1044.98	198.00
1045.16	257.00
1045.34	148.00
1045.51	172.00
1045.69	232.00
1045.87	199.00
1046.04	208.00
1046.22	278.00
1046.40	310.00
1046.57	232.00
1046.75	266.00
1046.93	248.00
1047.10	303.00
1047.28	297.00
1047.46	254.00
1047.63	251.00
1047.81	216.00
1047.99	193.00
1048.16	211.00
1048.34	227.00
1048.52	217.00
1048.69	206.00
1048.87	223.00
1049.05	228.00
1049.22	200.00
1049.40	210.00
1049.58	117.00
1049.75	259.00
1049.93	240.00
1050.11	182.00
1050.28	239.00
1050.46	168.00
1050.64	212.00
1050.81	214.00
1050.99	157.00
1051.17	143.00
1051.34	142.00
1051.52	188.00
1051.70	223.00
1051.87	203.00
1052.05	234.00
1052.23	217.00
1052.40	170.00
1052.58	191.00
1052.76	198.00
1052.93	213.00
1053.11	190.00
1053.29	207.00
1053.46	201.00
1053.64	239.00
1053.82	218.00
1053.99	207.00
1054.17	166.00
1054.35	228.00
1054.52	238.00
1054.70	253.00
1054.87	203.00
1055.05	187.00
1055.23	196.00
1055.40	197.00
1055.58	198.00
1055.76	203.00
1055.93	258.00
1056.11	270.00
1056.29	251.00
1056.46	183.00
1056.64	165.00
1056.81	181.00
1056.99	251.00
1057.17	187.00
1057.34	180.00
1057.52	211.00
1057.70	195.00
1057.87	202.00
1058.05	191.00
1058.22	266.00
1058.40	145.00
1058.58	125.00
1058.75	161.00
1058.93	129.00
1059.11	103.00
1059.28	196.00
1059.46	183.00
1059.63	173.00
1059.81	161.00
1059.99	244.00
1060.16	228.00
1060.34	203.00
1060.52	175.00
1060.69	184.00
1060.87	224.00
1061.04	260.00
1061.22	177.00
