367.62	53.00
367.82	32.00
368.02	71.00
368.23	80.00
368.43	146.00
368.63	171.00
368.83	160.00
369.04	129.00
369.24	144.00
369.44	99.00
369.65	36.00
369.85	98.00
370.05	124.00
370.25	54.00
370.46	51.00
370.66	22.00
370.86	27.00
371.07	58.00
371.27	81.00
371.47	118.00
371.67	77.00
371.88	72.00
372.08	13.00
372.28	132.00
372.49	79.00
372.69	63.00
372.89	102.00
373.09	126.00
373.30	92.00
373.50	77.00
373.70	51.00
373.91	73.00
374.11	55.00
374.31	102.00
374.51	117.00
374.72	58.00
374.92	105.00
375.12	110.00
375.33	93.00
375.53	101.00
375.73	115.00
375.93	85.00
376.14	71.00
376.34	119.00
376.54	87.00
376.74	85.00
376.95	69.00
377.15	110.00
377.35	118.00
377.55	131.00
377.76	123.00
377.96	69.00
378.16	47.00
378.37	57.00
378.57	118.00
378.77	141.00
378.97	128.00
379.18	99.00
379.38	59.00
379.58	33.00
379.78	85.00
379.99	44.00
380.19	95.00
380.39	148.00
380.59	50.00
380.80	54.00
381.00	80.00
381.20	94.00
381.40	54.00
381.61	97.00
381.81	121.00
382.01	114.00
382.21	65.00
382.42	77.00
382.62	102.00
382.82	116.00
383.02	39.00
383.23	116.00
383.43	49.00
383.63	1.00
383.83	34.00
384.04	93.00
384.24	154.00
384.44	103.00
384.64	12.00
384.85	13.00
385.05	70.00
385.25	-13.00
385.45	88.00
385.66	16.00
385.86	24.00
386.06	127.00
386.26	155.00
386.47	64.00
386.67	60.00
386.87	42.00
387.07	92.00
387.27	31.00
387.48	0.00
387.68	74.00
387.88	47.00
388.08	34.00
388.29	50.00
388.49	70.00
388.69	79.00
388.89	157.00
389.10	63.00
389.30	111.00
389.50	29.00
389.70	121.00
389.90	63.00
390.11	26.00
390.31	13.00
390.51	77.00
390.71	71.00
390.92	40.00
391.12	-5.00
391.32	47.00
391.52	48.00
391.72	15.00
391.93	54.00
392.13	62.00
392.33	98.00
392.53	122.00
392.74	68.00
392.94	99.00
393.14	213.00
393.34	153.00
393.54	127.00
393.75	124.00
393.95	64.00
394.15	54.00
394.35	66.00
394.56	39.00
394.76	16.00
394.96	12.00
395.16	69.00
395.36	95.00
395.57	120.00
395.77	86.00
395.97	108.00
396.17	52.00
396.37	105.00
396.58	150.00
396.78	159.00
396.98	136.00
397.18	90.00
397.38	91.00
397.59	97.00
397.79	147.00
397.99	146.00
398.19	117.00
398.39	125.00
398.60	105.00
398.80	94.00
399.00	147.00
399.20	154.00
399.40	142.00
399.61	136.00
399.81	147.00
400.01	112.00
400.21	29.00
400.41	51.00
400.62	88.00
400.82	69.00
401.02	94.00
401.22	91.00
401.42	43.00
401.63	28.00
401.83	184.00
402.03	159.00
402.23	117.00
402.43	179.00
402.64	150.00
402.84	124.00
403.04	145.00
403.24	137.00
403.44	156.00
403.64	95.00
403.85	112.00
404.05	133.00
404.25	121.00
404.45	110.00
404.65	119.00
404.86	132.00
405.06	192.00
405.26	118.00
405.46	61.00
405.66	49.00
405.86	78.00
406.07	50.00
406.27	99.00
406.47	104.00
406.67	145.00
406.87	151.00
407.07	119.00
407.28	71.00
407.48	134.00
407.68	149.00
407.88	160.00
408.08	100.00
408.28	127.00
408.49	151.00
408.69	78.00
408.89	74.00
409.09	58.00
409.29	73.00
409.49	158.00
409.70	87.00
409.90	109.00
410.10	131.00
410.30	116.00
410.50	103.00
410.70	124.00
410.91	98.00
411.11	107.00
411.31	78.00
411.51	143.00
411.71	164.00
411.91	109.00
412.12	104.00
412.32	179.00
412.52	62.00
412.72	114.00
412.92	147.00
413.12	170.00
413.32	171.00
413.53	129.00
413.73	75.00
413.93	96.00
414.13	205.00
414.33	132.00
414.53	127.00
414.74	189.00
414.94	122.00
415.14	113.00
415.34	130.00
415.54	126.00
415.74	118.00
415.94	109.00
416.15	113.00
416.35	121.00
416.55	173.00
416.75	157.00
416.95	125.00
417.15	134.00
417.35	170.00
417.56	108.00
417.76	161.00
417.96	190.00
418.16	139.00
418.36	159.00
418.56	160.00
418.76	127.00
418.97	103.00
419.17	178.00
419.37	154.00
419.57	130.00
419.77	173.00
419.97	196.00
420.17	139.00
420.37	165.00
420.58	113.00
420.78	159.00
420.98	150.00
421.18	142.00
421.38	144.00
421.58	141.00
421.78	89.00
421.98	93.00
422.19	165.00
422.39	156.00
422.59	175.00
422.79	186.00
422.99	114.00
423.19	166.00
423.39	68.00
423.59	90.00
423.80	129.00
424.00	185.00
424.20	117.00
424.40	182.00
424.60	165.00
424.80	94.00
425.00	171.00
425.20	250.00
425.40	169.00
425.61	209.00
425.81	155.00
426.01	125.00
426.21	197.00
426.41	253.00
426.61	218.00
426.81	151.00
427.01	160.00
427.21	155.00
427.42	190.00
427.62	271.00
427.82	214.00
428.02	220.00
428.22	221.00
428.42	213.00
428.62	189.00
428.82	133.00
429.02	168.00
429.23	225.00
429.43	183.00
429.63	117.00
429.83	169.00
430.03	214.00
430.23	175.00
430.43	210.00
430.63	238.00
430.83	214.00
431.03	149.00
431.24	166.00
431.44	123.00
431.64	183.00
431.84	203.00
432.04	161.00
432.24	173.00
432.44	162.00
432.64	212.00
432.84	223.00
433.04	215.00
433.24	232.00
433.45	233.00
433.65	320.00
433.85	334.00
434.05	297.00
434.25	242.00
434.45	261.00
434.65	312.00
434.85	297.00
435.05	280.00
435.25	277.00
435.45	265.00
435.65	296.00
435.86	385.00
436.06	414.00
436.26	265.00
436.46	198.00
436.66	192.00
436.86	185.00
437.06	187.00
437.26	196.00
437.46	169.00
437.66	224.00
437.86	210.00
438.06	299.00
438.26	242.00
438.47	254.00
438.67	210.00
438.87	191.00
439.07	191.00
439.27	153.00
439.47	171.00
439.67	191.00
439.87	218.00
440.07	188.00
440.27	252.00
440.47	255.00
440.67	267.00
440.87	195.00
441.07	238.00
441.27	236.00
441.48	205.00
441.68	152.00
441.88	140.00
442.08	153.00
442.28	158.00
442.48	234.00
442.68	230.00
442.88	184.00
443.08	303.00
443.28	257.00
443.48	223.00
443.68	189.00
443.88	222.00
444.08	190.00
444.28	197.00
444.48	187.00
444.68	235.00
444.88	187.00
445.09	179.00
445.29	167.00
445.49	259.00
445.69	183.00
445.89	232.00
446.09	242.00
446.29	188.00
446.49	210.00
446.69	162.00
446.89	234.00
447.09	233.00
447.29	274.00
447.49	329.00
447.69	253.00
447.89	217.00
448.09	206.00
448.29	305.00
448.49	303.00
448.69	248.00
448.89	307.00
449.09	227.00
449.29	198.00
449.49	202.00
449.70	262.00
449.90	252.00
450.10	272.00
450.30	325.00
450.50	283.00
450.70	291.00
450.90	306.00
451.10	288.00
451.30	262.00
451.50	225.00
451.70	284.00
451.90	275.00
452.10	308.00
452.30	351.00
452.50	323.00
452.70	308.00
452.90	394.00
453.10	306.00
453.30	280.00
453.50	292.00
453.70	278.00
453.90	279.00
454.10	323.00
454.30	354.00
454.50	338.00
454.70	373.00
454.90	295.00
455.10	231.00
455.30	323.00
455.50	323.00
455.70	321.00
455.90	331.00
456.10	368.00
456.30	333.00
456.50	309.00
456.70	329.00
456.90	328.00
457.10	352.00
457.30	293.00
457.50	357.00
457.70	356.00
457.90	386.00
458.10	344.00
458.30	361.00
458.50	315.00
458.70	320.00
458.90	307.00
459.10	308.00
459.30	341.00
459.50	299.00
459.70	328.00
459.90	372.00
460.10	426.00
460.30	306.00
460.50	281.00
460.70	300.00
460.90	302.00
461.10	279.00
461.30	301.00
461.50	349.00
461.70	346.00
461.90	381.00
462.10	336.00
462.30	383.00
462.50	389.00
462.70	327.00
462.90	445.00
463.10	332.00
463.30	322.00
463.50	333.00
463.70	373.00
463.90	302.00
464.10	308.00
464.30	369.00
464.50	405.00
464.70	358.00
464.90	317.00
465.10	390.00
465.30	328.00
465.50	242.00
465.70	321.00
465.90	355.00
466.10	335.00
466.30	352.00
466.50	347.00
466.70	283.00
466.90	392.00
467.10	353.00
467.30	340.00
467.50	305.00
467.70	429.00
467.90	402.00
468.10	437.00
468.30	372.00
468.50	385.00
468.70	392.00
468.90	293.00
469.10	342.00
469.30	342.00
469.50	319.00
469.70	286.00
469.90	259.00
470.10	299.00
470.30	353.00
470.50	401.00
470.70	365.00
470.90	386.00
471.10	400.00
471.29	412.00
471.49	356.00
471.69	417.00
471.89	421.00
472.09	382.00
472.29	350.00
472.49	314.00
472.69	403.00
472.89	345.00
473.09	353.00
473.29	283.00
473.49	339.00
473.69	354.00
473.89	348.00
474.09	288.00
474.29	335.00
474.49	286.00
474.69	289.00
474.89	344.00
475.09	314.00
475.29	357.00
475.49	365.00
475.69	317.00
475.88	398.00
476.08	405.00
476.28	349.00
476.48	302.00
476.68	375.00
476.88	409.00
477.08	443.00
477.28	391.00
477.48	381.00
477.68	346.00
477.88	368.00
478.08	405.00
478.28	361.00
478.48	297.00
478.68	331.00
478.88	326.00
479.08	351.00
479.28	421.00
479.47	384.00
479.67	392.00
479.87	403.00
480.07	291.00
480.27	351.00
480.47	306.00
480.67	308.00
480.87	356.00
481.07	358.00
481.27	422.00
481.47	437.00
481.67	422.00
481.87	486.00
482.07	387.00
482.27	405.00
482.46	424.00
482.66	341.00
482.86	371.00
483.06	414.00
483.26	419.00
483.46	354.00
483.66	370.00
483.86	410.00
484.06	427.00
484.26	426.00
484.46	449.00
484.66	427.00
484.86	435.00
485.05	395.00
485.25	447.00
485.45	460.00
485.65	466.00
485.85	489.00
486.05	492.00
486.25	500.00
486.45	484.00
486.65	441.00
486.85	462.00
487.05	472.00
487.25	398.00
487.44	418.00
487.64	420.00
487.84	537.00
488.04	528.00
488.24	423.00
488.44	385.00
488.64	448.00
488.84	449.00
489.04	470.00
489.24	509.00
489.43	552.00
489.63	460.00
489.83	425.00
490.03	495.00
490.23	484.00
490.43	428.00
490.63	526.00
490.83	535.00
491.03	435.00
491.23	530.00
491.42	616.00
491.62	519.00
491.82	548.00
492.02	544.00
492.22	487.00
492.42	518.00
492.62	565.00
492.82	622.00
493.02	544.00
493.22	548.00
493.41	577.00
493.61	513.00
493.81	547.00
494.01	550.00
494.21	482.00
494.41	517.00
494.61	584.00
494.81	565.00
495.01	515.00
495.20	557.00
495.40	583.00
495.60	528.00
495.80	587.00
496.00	542.00
496.20	510.00
496.40	516.00
496.60	602.00
496.79	634.00
496.99	641.00
497.19	539.00
497.39	594.00
497.59	631.00
497.79	553.00
497.99	601.00
498.19	585.00
498.38	597.00
498.58	641.00
498.78	680.00
498.98	602.00
499.18	565.00
499.38	530.00
499.58	607.00
499.78	598.00
499.97	647.00
500.17	620.00
500.37	651.00
500.57	626.00
500.77	607.00
500.97	640.00
501.17	648.00
501.37	637.00
501.56	551.00
501.76	520.00
501.96	564.00
502.16	590.00
502.36	519.00
502.56	592.00
502.76	620.00
502.95	582.00
503.15	631.00
503.35	655.00
503.55	626.00
503.75	598.00
503.95	597.00
504.15	663.00
504.34	629.00
504.54	629.00
504.74	597.00
504.94	605.00
505.14	573.00
505.34	631.00
505.54	602.00
505.73	634.00
505.93	591.00
506.13	524.00
506.33	567.00
506.53	593.00
506.73	577.00
506.92	596.00
507.12	582.00
507.32	571.00
507.52	605.00
507.72	635.00
507.92	608.00
508.12	667.00
508.31	580.00
508.51	579.00
508.71	637.00
508.91	654.00
509.11	578.00
509.31	540.00
509.50	612.00
509.70	642.00
509.90	589.00
510.10	579.00
510.30	638.00
510.50	678.00
510.69	581.00
510.89	586.00
511.09	633.00
511.29	619.00
511.49	607.00
511.69	598.00
511.88	545.00
512.08	597.00
512.28	551.00
512.48	594.00
512.68	521.00
512.88	635.00
513.07	592.00
513.27	638.00
513.47	585.00
513.67	545.00
513.87	614.00
514.06	556.00
514.26	529.00
514.46	567.00
514.66	712.00
514.86	621.00
515.06	594.00
515.25	604.00
515.45	609.00
515.65	594.00
515.85	553.00
516.05	583.00
516.24	504.00
516.44	460.00
516.64	549.00
516.84	643.00
517.04	674.00
517.23	672.00
517.43	630.00
517.63	699.00
517.83	622.00
518.03	623.00
518.23	524.00
518.42	585.00
518.62	636.00
518.82	543.00
519.02	516.00
519.22	622.00
519.41	577.00
519.61	624.00
519.81	634.00
520.01	584.00
520.21	611.00
520.40	644.00
520.60	582.00
520.80	643.00
521.00	606.00
521.20	577.00
521.39	574.00
521.59	645.00
521.79	603.00
521.99	631.00
522.19	694.00
522.38	695.00
522.58	645.00
522.78	635.00
522.98	599.00
523.17	645.00
523.37	595.00
523.57	662.00
523.77	632.00
523.97	644.00
524.16	632.00
524.36	649.00
524.56	723.00
524.76	738.00
524.96	730.00
525.15	648.00
525.35	594.00
525.55	717.00
525.75	773.00
525.94	571.00
526.14	674.00
526.34	773.00
526.54	727.00
526.74	732.00
526.93	722.00
527.13	777.00
527.33	690.00
527.53	652.00
527.72	762.00
527.92	791.00
528.12	819.00
528.32	801.00
528.52	802.00
528.71	795.00
528.91	753.00
529.11	742.00
529.31	761.00
529.50	771.00
529.70	728.00
529.90	721.00
530.10	757.00
530.29	819.00
530.49	867.00
530.69	820.00
530.89	776.00
531.09	814.00
531.28	811.00
531.48	830.00
531.68	890.00
531.88	942.00
532.07	861.00
532.27	851.00
532.47	927.00
532.67	925.00
532.86	867.00
533.06	840.00
533.26	852.00
533.46	944.00
533.65	1006.00
533.85	968.00
534.05	846.00
534.25	866.00
534.44	946.00
534.64	841.00
534.84	900.00
535.04	925.00
535.23	947.00
535.43	941.00
535.63	963.00
535.83	1022.00
536.02	1104.00
536.22	1033.00
536.42	967.00
536.62	1039.00
536.81	1013.00
537.01	952.00
537.21	1012.00
537.41	1035.00
537.60	1105.00
537.80	1125.00
538.00	1186.00
538.20	1288.00
538.39	1198.00
538.59	1108.00
538.79	1138.00
538.99	1193.00
539.18	1218.00
539.38	1215.00
539.58	1200.00
539.77	1203.00
539.97	1338.00
540.17	1345.00
540.37	1355.00
540.56	1494.00
540.76	1597.00
540.96	1637.00
541.16	1506.00
541.35	1515.00
541.55	1663.00
541.75	1606.00
541.94	1645.00
542.14	1661.00
542.34	1609.00
542.54	1599.00
542.73	1547.00
542.93	1566.00
543.13	1466.00
543.33	1463.00
543.52	1578.00
543.72	1635.00
543.92	1503.00
544.11	1465.00
544.31	1601.00
544.51	1603.00
544.71	1684.00
544.90	1780.00
545.10	1760.00
545.30	1812.00
545.49	1780.00
545.69	1798.00
545.89	1784.00
546.09	1900.00
546.28	1878.00
546.48	1754.00
546.68	1483.00
546.87	1384.00
547.07	1402.00
547.27	1461.00
547.47	1429.00
547.66	1372.00
547.86	1392.00
548.06	1449.00
548.25	1314.00
548.45	1337.00
548.65	1280.00
548.84	1284.00
549.04	1301.00
549.24	1349.00
549.44	1311.00
549.63	1352.00
549.83	1272.00
550.03	1306.00
550.22	1364.00
550.42	1252.00
550.62	1264.00
550.81	1278.00
551.01	1229.00
551.21	1214.00
551.41	1172.00
551.60	1184.00
551.80	1167.00
552.00	1178.00
552.19	1069.00
552.39	1100.00
552.59	1182.00
552.78	1197.00
552.98	1167.00
553.18	1134.00
553.37	1090.00
553.57	1083.00
553.77	1087.00
553.96	1059.00
554.16	1071.00
554.36	1109.00
554.56	1100.00
554.75	1104.00
554.95	1090.00
555.15	1150.00
555.34	1101.00
555.54	1058.00
555.74	1038.00
555.93	1059.00
556.13	1051.00
556.33	1034.00
556.52	987.00
556.72	1071.00
556.92	1032.00
557.11	1030.00
557.31	1007.00
557.51	992.00
557.70	1013.00
557.90	1038.00
558.10	1003.00
558.29	951.00
558.49	928.00
558.69	974.00
558.88	1021.00
559.08	1025.00
559.28	979.00
559.47	966.00
559.67	979.00
559.87	992.00
560.06	1000.00
560.26	1052.00
560.46	1031.00
560.65	1024.00
560.85	984.00
561.05	926.00
561.24	1010.00
561.44	1011.00
561.64	960.00
561.83	1024.00
562.03	997.00
562.23	1039.00
562.42	1035.00
562.62	962.00
562.82	990.00
563.01	977.00
563.21	1018.00
563.40	1025.00
563.60	1013.00
563.80	1075.00
563.99	1036.00
564.19	1001.00
564.39	1022.00
564.58	1049.00
564.78	981.00
564.98	1044.00
565.17	1012.00
565.37	999.00
565.57	994.00
565.76	1063.00
565.96	1038.00
566.16	1030.00
566.35	1044.00
566.55	1031.00
566.74	1001.00
566.94	1051.00
567.14	1175.00
567.33	1158.00
567.53	1208.00
567.73	1205.00
567.92	1182.00
568.12	1097.00
568.32	1111.00
568.51	1146.00
568.71	1125.00
568.90	1079.00
569.10	1090.00
569.30	1090.00
569.49	1219.00
569.69	1170.00
569.89	1070.00
570.08	1085.00
570.28	1139.00
570.47	1212.00
570.67	1093.00
570.87	1095.00
571.06	1163.00
571.26	1109.00
571.46	1206.00
571.65	1143.00
571.85	1127.00
572.04	1124.00
572.24	1104.00
572.44	1125.00
572.63	1146.00
572.83	1188.00
573.03	1164.00
573.22	1152.00
573.42	1192.00
573.61	1209.00
573.81	1252.00
574.01	1180.00
574.20	1164.00
574.40	1226.00
574.59	1217.00
574.79	1258.00
574.99	1240.00
575.18	1280.00
575.38	1279.00
575.58	1358.00
575.77	1383.00
575.97	1416.00
576.16	1464.00
576.36	1422.00
576.56	1337.00
576.75	1412.00
576.95	1442.00
577.14	1392.00
577.34	1401.00
577.54	1454.00
577.73	1436.00
577.93	1437.00
578.12	1528.00
578.32	1464.00
578.52	1521.00
578.71	1494.00
578.91	1463.00
579.10	1578.00
579.30	1602.00
579.50	1621.00
579.69	1511.00
579.89	1470.00
580.08	1463.00
580.28	1559.00
580.48	1598.00
580.67	1621.00
580.87	1585.00
581.06	1612.00
581.26	1568.00
581.45	1619.00
581.65	1647.00
581.85	1620.00
582.04	1652.00
582.24	1746.00
582.43	1750.00
582.63	1732.00
582.83	1852.00
583.02	1794.00
583.22	1805.00
583.41	1945.00
583.61	1812.00
583.80	1860.00
584.00	1951.00
584.20	1828.00
584.39	1820.00
584.59	1878.00
584.78	1968.00
584.98	1990.00
585.17	1888.00
585.37	1870.00
585.57	1863.00
585.76	1908.00
585.96	2019.00
586.15	2052.00
586.35	2069.00
586.54	2063.00
586.74	2046.00
586.94	2028.00
587.13	2034.00
587.33	2060.00
587.52	2131.00
587.72	2165.00
587.91	2086.00
588.11	2131.00
588.31	2064.00
588.50	2096.00
588.70	2108.00
588.89	2111.00
589.09	2072.00
589.28	2082.00
589.48	2114.00
589.68	2134.00
589.87	2169.00
590.07	2168.00
590.26	2225.00
590.46	2255.00
590.65	2247.00
590.85	2206.00
591.04	2238.00
591.24	2217.00
591.44	2279.00
591.63	2350.00
591.83	2275.00
592.02	2317.00
592.22	2338.00
592.41	2404.00
592.61	2371.00
592.80	2382.00
593.00	2343.00
593.19	2381.00
593.39	2480.00
593.59	2454.00
593.78	2357.00
593.98	2338.00
594.17	2341.00
594.37	2374.00
594.56	2409.00
594.76	2394.00
594.95	2455.00
595.15	2357.00
595.34	2423.00
595.54	2376.00
595.73	2391.00
595.93	2404.00
596.13	2484.00
596.32	2490.00
596.52	2432.00
596.71	2491.00
596.91	2482.00
597.10	2408.00
597.30	2495.00
597.49	2506.00
597.69	2470.00
597.88	2539.00
598.08	2506.00
598.27	2586.00
598.47	2509.00
598.66	2471.00
598.86	2481.00
599.06	2503.00
599.25	2605.00
599.45	2488.00
599.64	2521.00
599.84	2597.00
600.03	2550.00
600.23	2471.00
600.42	2520.00
600.62	2561.00
600.81	2468.00
601.01	2513.00
601.20	2476.00
601.40	2496.00
601.59	2432.00
601.79	2420.00
601.98	2458.00
602.18	2470.00
602.37	2384.00
602.57	2372.00
602.76	2370.00
602.96	2403.00
603.15	2463.00
603.35	2424.00
603.54	2336.00
603.74	2377.00
603.93	2430.00
604.13	2414.00
604.32	2394.00
604.52	2422.00
604.71	2441.00
604.91	2499.00
605.10	2481.00
605.30	2441.00
605.49	2329.00
605.69	2356.00
605.88	2337.00
606.08	2344.00
606.27	2386.00
606.47	2318.00
606.66	2340.00
606.86	2278.00
607.05	2380.00
607.25	2377.00
607.44	2323.00
607.64	2318.00
607.83	2309.00
608.03	2322.00
608.22	2354.00
608.42	2386.00
608.61	2367.00
608.81	2480.00
609.00	2561.00
609.20	2505.00
609.39	2535.00
609.59	2620.00
609.78	2694.00
609.98	2771.00
610.17	2912.00
610.37	3181.00
610.56	3242.00
610.76	3301.00
610.95	3324.00
611.15	3492.00
611.34	3638.00
611.54	3647.00
611.73	3491.00
611.93	3362.00
612.12	3092.00
612.32	2877.00
612.51	2704.00
612.71	2659.00
612.90	2569.00
613.09	2510.00
613.29	2575.00
613.48	2528.00
613.68	2403.00
613.87	2505.00
614.07	2447.00
614.26	2546.00
614.46	2472.00
614.65	2415.00
614.85	2417.00
615.04	2401.00
615.24	2403.00
615.43	2350.00
615.63	2303.00
615.82	2173.00
616.02	2291.00
616.21	2276.00
616.40	2283.00
616.60	2272.00
616.79	2186.00
616.99	2251.00
617.18	2224.00
617.38	2222.00
617.57	2238.00
617.77	2143.00
617.96	2139.00
618.16	2214.00
618.35	2105.00
618.54	2179.00
618.74	2177.00
618.93	2180.00
619.13	2177.00
619.32	2137.00
619.52	2178.00
619.71	2231.00
619.91	2170.00
620.10	2224.00
620.30	2237.00
620.49	2175.00
620.68	2232.00
620.88	2197.00
621.07	2182.00
621.27	2278.00
621.46	2296.00
621.66	2264.00
621.85	2291.00
622.05	2255.00
622.24	2203.00
622.43	2332.00
622.63	2188.00
622.82	2160.00
623.02	2271.00
623.21	2337.00
623.41	2404.00
623.60	2504.00
623.80	2334.00
623.99	2240.00
624.18	2331.00
624.38	2370.00
624.57	2392.00
624.77	2397.00
624.96	2356.00
625.16	2398.00
625.35	2421.00
625.54	2482.00
625.74	2443.00
625.93	2358.00
626.13	2431.00
626.32	2413.00
626.52	2525.00
626.71	2465.00
626.90	2485.00
627.10	2443.00
627.29	2429.00
627.49	2451.00
627.68	2456.00
627.88	2455.00
628.07	2457.00
628.26	2400.00
628.46	2443.00
628.65	2448.00
628.85	2596.00
629.04	2514.00
629.23	2546.00
629.43	2534.00
629.62	2528.00
629.82	2562.00
630.01	2579.00
630.21	2533.00
630.40	2477.00
630.59	2640.00
630.79	2745.00
630.98	2682.00
631.18	2796.00
631.37	2820.00
631.56	2764.00
631.76	2732.00
631.95	2705.00
632.15	2724.00
632.34	2686.00
632.53	2704.00
632.73	2660.00
632.92	2683.00
633.12	2664.00
633.31	2737.00
633.50	2698.00
633.70	2674.00
633.89	2858.00
634.09	2824.00
634.28	2717.00
634.47	2753.00
634.67	2791.00
634.86	2833.00
635.06	2792.00
635.25	2871.00
635.44	2772.00
635.64	2791.00
635.83	2838.00
636.03	2936.00
636.22	2783.00
636.41	2796.00
636.61	2838.00
636.80	2835.00
637.00	2880.00
637.19	2917.00
637.38	2888.00
637.58	2901.00
637.77	3003.00
637.96	3038.00
638.16	2931.00
638.35	3034.00
638.55	2995.00
638.74	2971.00
638.93	3059.00
639.13	3082.00
639.32	3061.00
639.51	3032.00
639.71	3011.00
639.90	3095.00
640.10	3077.00
640.29	3064.00
640.48	3070.00
640.68	3146.00
640.87	3182.00
641.07	3152.00
641.26	3148.00
641.45	3181.00
641.65	3209.00
641.84	3175.00
642.03	3132.00
642.23	3158.00
642.42	3230.00
642.61	3179.00
642.81	3277.00
643.00	3306.00
643.20	3243.00
643.39	3239.00
643.58	3310.00
643.78	3251.00
643.97	3199.00
644.16	3348.00
644.36	3325.00
644.55	3307.00
644.74	3327.00
644.94	3353.00
645.13	3310.00
645.33	3378.00
645.52	3490.00
645.71	3415.00
645.91	3477.00
646.10	3407.00
646.29	3367.00
646.49	3365.00
646.68	3381.00
646.87	3445.00
647.07	3529.00
647.26	3512.00
647.45	3284.00
647.65	3476.00
647.84	3560.00
648.03	3514.00
648.23	3684.00
648.42	3638.00
648.62	3634.00
648.81	3562.00
649.00	3553.00
649.20	3590.00
649.39	3681.00
649.58	3567.00
649.78	3597.00
649.97	3605.00
650.16	3585.00
650.36	3631.00
650.55	3562.00
650.74	3682.00
650.94	3638.00
651.13	3592.00
651.32	3632.00
651.52	3663.00
651.71	3673.00
651.90	3719.00
652.10	3632.00
652.29	3654.00
652.48	3632.00
652.68	3686.00
652.87	3628.00
653.06	3698.00
653.26	3649.00
653.45	3688.00
653.64	3649.00
653.84	3546.00
654.03	3629.00
654.22	3570.00
654.42	3608.00
654.61	3684.00
654.80	3673.00
654.99	3637.00
655.19	3713.00
655.38	3674.00
655.57	3694.00
655.77	3669.00
655.96	3811.00
656.15	3735.00
656.35	3691.00
656.54	3697.00
656.73	3709.00
656.93	3706.00
657.12	3634.00
657.31	3650.00
657.51	3687.00
657.70	3584.00
657.89	3561.00
658.09	3499.00
658.28	3551.00
658.47	3565.00
658.66	3590.00
658.86	3591.00
659.05	3653.00
659.24	3695.00
659.44	3799.00
659.63	3631.00
659.82	3577.00
660.02	3684.00
660.21	3545.00
660.40	3535.00
660.60	3506.00
660.79	3502.00
660.98	3568.00
661.17	3453.00
661.37	3587.00
661.56	3567.00
661.75	3665.00
661.95	3550.00
662.14	3499.00
662.33	3592.00
662.52	3711.00
662.72	3728.00
662.91	3539.00
663.10	3568.00
663.30	3586.00
663.49	3651.00
663.68	3568.00
663.88	3532.00
664.07	3426.00
664.26	3519.00
664.45	3578.00
664.65	3438.00
664.84	3382.00
665.03	3491.00
665.23	3513.00
665.42	3363.00
665.61	3477.00
665.80	3517.00
666.00	3506.00
666.19	3413.00
666.38	3486.00
666.57	3457.00
666.77	3509.00
666.96	3483.00
667.15	3495.00
667.35	3447.00
667.54	3510.00
667.73	3500.00
667.92	3264.00
668.12	3386.00
668.31	3421.00
668.50	3375.00
668.70	3326.00
668.89	3264.00
669.08	3333.00
669.27	3365.00
669.47	3263.00
669.66	3421.00
669.85	3342.00
670.04	3300.00
670.24	3291.00
670.43	3232.00
670.62	3333.00
670.81	3389.00
671.01	3310.00
671.20	3267.00
671.39	3264.00
671.58	3282.00
671.78	3347.00
671.97	3247.00
672.16	3223.00
672.36	3296.00
672.55	3265.00
672.74	3195.00
672.93	3236.00
673.13	3193.00
673.32	3254.00
673.51	3329.00
673.70	3311.00
673.90	3186.00
674.09	3131.00
674.28	3203.00
674.47	3208.00
674.67	3218.00
674.86	3237.00
675.05	3300.00
675.24	3206.00
675.44	3182.00
675.63	3099.00
675.82	3212.00
676.01	3264.00
676.21	3097.00
676.40	3065.00
676.59	3197.00
676.78	3282.00
676.97	3132.00
677.17	3140.00
677.36	3156.00
677.55	3157.00
677.74	3119.00
677.94	3126.00
678.13	3116.00
678.32	3148.00
678.51	3132.00
678.71	3118.00
678.90	3069.00
679.09	3164.00
679.28	3136.00
679.48	3172.00
679.67	3099.00
679.86	3089.00
680.05	3074.00
680.24	3074.00
680.44	3054.00
680.63	3115.00
680.82	3157.00
681.01	3043.00
681.21	2973.00
681.40	2973.00
681.59	3038.00
681.78	3065.00
681.97	3083.00
682.17	3054.00
682.36	3035.00
682.55	2969.00
682.74	2966.00
682.94	3050.00
683.13	3011.00
683.32	3148.00
683.51	3010.00
683.70	3155.00
683.90	3065.00
684.09	2933.00
684.28	3006.00
684.47	2997.00
684.66	3047.00
684.86	3061.00
685.05	3007.00
685.24	3077.00
685.43	3124.00
685.63	2912.00
685.82	2949.00
686.01	2976.00
686.20	3002.00
686.39	2960.00
686.59	2956.00
686.78	3032.00
686.97	2988.00
687.16	2967.00
687.35	3098.00
687.55	3018.00
687.74	3100.00
687.93	3028.00
688.12	3095.00
688.31	3151.00
688.51	3111.00
688.70	3078.00
688.89	3018.00
689.08	2949.00
689.27	2916.00
689.47	2936.00
689.66	2967.00
689.85	2899.00
690.04	2928.00
690.23	2968.00
690.42	2942.00
690.62	2833.00
690.81	2812.00
691.00	2902.00
691.19	2980.00
691.38	2881.00
691.58	2994.00
691.77	3002.00
691.96	3021.00
692.15	3110.00
692.34	3091.00
692.54	3029.00
692.73	2967.00
692.92	2943.00
693.11	2973.00
693.30	2856.00
693.49	2966.00
693.69	2986.00
693.88	2978.00
694.07	2961.00
694.26	2952.00
694.45	2969.00
694.64	2957.00
694.84	3001.00
695.03	3048.00
695.22	3004.00
695.41	3025.00
695.60	2951.00
695.80	2952.00
695.99	3050.00
696.18	3028.00
696.37	3072.00
696.56	3035.00
696.75	3030.00
696.95	3053.00
697.14	2940.00
697.33	2930.00
697.52	3025.00
697.71	3077.00
697.90	3097.00
698.09	3002.00
698.29	3023.00
698.48	3078.00
698.67	3099.00
698.86	3106.00
699.05	3007.00
699.24	3045.00
699.44	3135.00
699.63	3144.00
699.82	3083.00
700.01	3104.00
700.20	3113.00
700.39	3179.00
700.58	3220.00
700.78	3247.00
700.97	3190.00
701.16	3095.00
701.35	3095.00
701.54	3044.00
701.73	3002.00
701.93	3201.00
702.12	3253.00
702.31	3265.00
702.50	3240.00
702.69	3291.00
702.88	3243.00
703.07	3323.00
703.27	3293.00
703.46	3378.00
703.65	3287.00
703.84	3227.00
704.03	3284.00
704.22	3265.00
704.41	3305.00
704.60	3252.00
704.80	3280.00
704.99	3350.00
705.18	3287.00
705.37	3273.00
705.56	3254.00
705.75	3342.00
705.94	3367.00
706.14	3312.00
706.33	3349.00
706.52	3377.00
706.71	3407.00
706.90	3408.00
707.09	3516.00
707.28	3537.00
707.47	3520.00
707.67	3461.00
707.86	3528.00
708.05	3474.00
708.24	3442.00
708.43	3542.00
708.62	3598.00
708.81	3568.00
709.00	3581.00
709.20	3563.00
709.39	3595.00
709.58	3561.00
709.77	3612.00
709.96	3495.00
710.15	3570.00
710.34	3538.00
710.53	3477.00
710.72	3556.00
710.92	3561.00
711.11	3575.00
711.30	3595.00
711.49	3678.00
711.68	3540.00
711.87	3675.00
712.06	3697.00
712.25	3654.00
712.44	3665.00
712.64	3678.00
712.83	3760.00
713.02	3750.00
713.21	3767.00
713.40	3745.00
713.59	3777.00
713.78	3696.00
713.97	3729.00
714.16	3798.00
714.35	3831.00
714.55	3814.00
714.74	3770.00
714.93	3822.00
715.12	3831.00
715.31	3878.00
715.50	3869.00
715.69	3903.00
715.88	3751.00
716.07	3856.00
716.26	3815.00
716.45	3830.00
716.65	3730.00
716.84	3715.00
717.03	3750.00
717.22	3875.00
717.41	3901.00
717.60	3713.00
717.79	3775.00
717.98	3851.00
718.17	3870.00
718.36	3933.00
718.55	3963.00
718.75	3973.00
718.94	3904.00
719.13	3971.00
719.32	3975.00
719.51	3908.00
719.70	4001.00
719.89	3896.00
720.08	3857.00
720.27	3897.00
720.46	3950.00
720.65	3963.00
720.84	3998.00
721.03	3960.00
721.22	3804.00
721.42	3901.00
721.61	4024.00
721.80	3925.00
721.99	3846.00
722.18	3874.00
722.37	3933.00
722.56	3940.00
722.75	3896.00
722.94	3825.00
723.13	3815.00
723.32	3854.00
723.51	3900.00
723.70	3884.00
723.89	3892.00
724.08	3967.00
724.28	4013.00
724.47	4002.00
724.66	3954.00
724.85	3988.00
725.04	4059.00
725.23	3986.00
725.42	3979.00
725.61	3991.00
725.80	4040.00
725.99	4053.00
726.18	4101.00
726.37	4034.00
726.56	4040.00
726.75	4022.00
726.94	3942.00
727.13	4012.00
727.32	3989.00
727.51	3882.00
727.71	3927.00
727.90	3985.00
728.09	3982.00
728.28	4017.00
728.47	3991.00
728.66	3934.00
728.85	3991.00
729.04	3867.00
729.23	3895.00
729.42	3848.00
729.61	3825.00
729.80	3954.00
729.99	3958.00
730.18	3940.00
730.37	3876.00
730.56	3810.00
730.75	3921.00
730.94	4003.00
731.13	3980.00
731.32	3888.00
731.51	3851.00
731.70	3880.00
731.89	3939.00
732.08	4008.00
732.27	3996.00
732.46	4002.00
732.65	3950.00
732.84	3792.00
733.04	3926.00
733.23	3864.00
733.42	3797.00
733.61	3923.00
733.80	3900.00
733.99	3835.00
734.18	3806.00
734.37	3859.00
734.56	3802.00
734.75	3796.00
734.94	3871.00
735.13	3781.00
735.32	3790.00
735.51	3805.00
735.70	3866.00
735.89	3720.00
736.08	3755.00
736.27	3799.00
736.46	3772.00
736.65	3877.00
736.84	3782.00
737.03	3820.00
737.22	3832.00
737.41	3702.00
737.60	3765.00
737.79	3749.00
737.98	3780.00
738.17	3788.00
738.36	3653.00
738.55	3733.00
738.74	3785.00
738.93	3746.00
739.12	3756.00
739.31	3875.00
739.50	3826.00
739.69	3688.00
739.88	3693.00
740.07	3658.00
740.26	3644.00
740.45	3639.00
740.64	3620.00
740.83	3698.00
741.02	3765.00
741.21	3664.00
741.40	3529.00
741.59	3608.00
741.78	3595.00
741.97	3561.00
742.16	3506.00
742.35	3431.00
742.54	3516.00
742.73	3511.00
742.92	3523.00
743.11	3491.00
743.30	3545.00
743.49	3560.00
743.68	3424.00
743.87	3388.00
744.06	3424.00
744.25	3412.00
744.44	3516.00
744.63	3470.00
744.82	3570.00
745.01	3514.00
745.20	3456.00
745.39	3376.00
745.58	3391.00
745.77	3485.00
745.96	3445.00
746.15	3464.00
746.34	3406.00
746.52	3400.00
746.71	3433.00
746.90	3459.00
747.09	3310.00
747.28	3367.00
747.47	3400.00
747.66	3357.00
747.85	3333.00
748.04	3287.00
748.23	3204.00
748.42	3236.00
748.61	3184.00
748.80	3254.00
748.99	3326.00
749.18	3282.00
749.37	3246.00
749.56	3298.00
749.75	3199.00
749.94	3223.00
750.13	3175.00
750.32	3263.00
750.51	3225.00
750.70	3149.00
750.89	3197.00
751.08	3091.00
751.27	3166.00
751.46	3210.00
751.64	3217.00
751.83	3205.00
752.02	3116.00
752.21	3165.00
752.40	3125.00
752.59	3151.00
752.78	3225.00
752.97	3198.00
753.16	3186.00
753.35	3250.00
753.54	3132.00
753.73	3080.00
753.92	3135.00
754.11	3123.00
754.30	3069.00
754.49	3122.00
754.68	3086.00
754.87	3084.00
755.06	3018.00
755.24	3060.00
755.43	3049.00
755.62	3111.00
755.81	3030.00
756.00	3001.00
756.19	2990.00
756.38	3050.00
756.57	2974.00
756.76	3013.00
756.95	2956.00
757.14	2905.00
757.33	2909.00
757.52	2943.00
757.71	2938.00
757.90	2934.00
758.08	2977.00
758.27	2975.00
758.46	2907.00
758.65	3007.00
758.84	2957.00
759.03	2991.00
759.22	2968.00
759.41	2910.00
759.60	2887.00
759.79	2941.00
759.98	2922.00
760.17	2716.00
760.36	2939.00
760.54	2888.00
760.73	2937.00
760.92	2813.00
761.11	2858.00
761.30	2765.00
761.49	2666.00
761.68	2679.00
761.87	2637.00
762.06	2669.00
762.25	2624.00
762.44	2595.00
762.63	2531.00
762.81	2492.00
763.00	2502.00
763.19	2512.00
763.38	2345.00
763.57	2409.00
763.76	2368.00
763.95	2411.00
764.14	2596.00
764.33	2499.00
764.52	2456.00
764.71	2398.00
764.89	2449.00
765.08	2552.00
765.27	2430.00
765.46	2458.00
765.65	2597.00
765.84	2499.00
766.03	2552.00
766.22	2461.00
766.41	2557.00
766.59	2642.00
766.78	2614.00
766.97	2672.00
767.16	2637.00
767.35	2655.00
767.54	2783.00
767.73	2735.00
767.92	2756.00
768.11	2780.00
768.30	2713.00
768.48	2683.00
768.67	2737.00
768.86	2866.00
769.05	2870.00
769.24	2832.00
769.43	2808.00
769.62	2789.00
769.81	2731.00
769.99	2721.00
770.18	2746.00
770.37	2754.00
770.56	2722.00
770.75	2758.00
770.94	2791.00
771.13	2781.00
771.32	2787.00
771.50	2773.00
771.69	2739.00
771.88	2758.00
772.07	2807.00
772.26	2793.00
772.45	2746.00
772.64	2663.00
772.83	2715.00
773.01	2687.00
773.20	2717.00
773.39	2665.00
773.58	2662.00
773.77	2639.00
773.96	2747.00
774.15	2657.00
774.34	2585.00
774.52	2615.00
774.71	2671.00
774.90	2644.00
775.09	2639.00
775.28	2683.00
775.47	2597.00
775.66	2608.00
775.84	2604.00
776.03	2585.00
776.22	2574.00
776.41	2576.00
776.60	2592.00
776.79	2662.00
776.98	2596.00
777.16	2653.00
777.35	2710.00
777.54	2512.00
777.73	2545.00
777.92	2596.00
778.11	2650.00
778.29	2615.00
778.48	2588.00
778.67	2682.00
778.86	2666.00
779.05	2735.00
779.24	2828.00
779.43	2616.00
779.61	2519.00
779.80	2657.00
779.99	2681.00
780.18	2716.00
780.37	2642.00
780.56	2688.00
780.74	2661.00
780.93	2696.00
781.12	2788.00
781.31	2717.00
781.50	2804.00
781.69	2792.00
781.87	2740.00
782.06	2770.00
782.25	2678.00
782.44	2712.00
782.63	2756.00
782.82	2760.00
783.00	2701.00
783.19	2617.00
783.38	2606.00
783.57	2778.00
783.76	2802.00
783.95	2645.00
784.13	2629.00
784.32	2699.00
784.51	2657.00
784.70	2777.00
784.89	2765.00
785.08	2810.00
785.26	2736.00
785.45	2712.00
785.64	2584.00
785.83	2628.00
786.02	2769.00
786.20	2766.00
786.39	2718.00
786.58	2688.00
786.77	2702.00
786.96	2710.00
787.15	2779.00
787.33	2745.00
787.52	2682.00
787.71	2799.00
787.90	2765.00
788.09	2765.00
788.27	2759.00
788.46	2663.00
788.65	2774.00
788.84	2800.00
789.03	2748.00
789.21	2795.00
789.40	2797.00
789.59	2729.00
789.78	2742.00
789.97	2824.00
790.15	2837.00
790.34	2826.00
790.53	2850.00
790.72	2747.00
790.91	2804.00
791.09	2832.00
791.28	2849.00
791.47	2905.00
791.66	2888.00
791.85	3014.00
792.03	2966.00
792.22	2879.00
792.41	2818.00
792.60	2930.00
792.79	2901.00
792.97	2899.00
793.16	2873.00
793.35	2959.00
793.54	2969.00
793.72	2919.00
793.91	2917.00
794.10	2897.00
794.29	2924.00
794.48	2896.00
794.66	2926.00
794.85	2964.00
795.04	2990.00
795.23	2970.00
795.42	2946.00
795.60	2879.00
795.79	2992.00
795.98	2921.00
796.17	2933.00
796.35	2955.00
796.54	2940.00
796.73	2956.00
796.92	2964.00
797.11	2979.00
797.29	2903.00
797.48	2890.00
797.67	2918.00
797.86	2902.00
798.04	2920.00
798.23	2984.00
798.42	2947.00
798.61	2857.00
798.79	2845.00
798.98	2900.00
799.17	2878.00
799.36	2984.00
799.54	3110.00
799.73	2911.00
799.92	2798.00
800.11	2899.00
800.30	2862.00
800.48	2937.00
800.67	2941.00
800.86	2987.00
801.05	2937.00
801.23	2899.00
801.42	2881.00
801.61	3010.00
801.80	2945.00
801.98	2961.00
802.17	2950.00
802.36	2998.00
802.55	3001.00
802.73	3007.00
802.92	3013.00
803.11	2925.00
803.30	2981.00
803.48	2999.00
803.67	3042.00
803.86	2983.00
804.05	2982.00
804.23	3015.00
804.42	2977.00
804.61	2933.00
804.80	3074.00
804.98	3081.00
805.17	3132.00
805.36	2992.00
805.54	2986.00
805.73	3025.00
805.92	3082.00
806.11	3082.00
806.29	3116.00
806.48	3015.00
806.67	3008.00
806.86	3015.00
807.04	2943.00
807.23	2994.00
807.42	3070.00
807.61	2996.00
807.79	2923.00
807.98	3058.00
808.17	3077.00
808.35	3013.00
808.54	2996.00
808.73	3071.00
808.92	2969.00
809.10	3004.00
809.29	2873.00
809.48	2946.00
809.67	2911.00
809.85	2913.00
810.04	3018.00
810.23	3008.00
810.41	2897.00
810.60	2921.00
810.79	3030.00
810.98	2991.00
811.16	2976.00
811.35	2958.00
811.54	2889.00
811.72	2945.00
811.91	2915.00
812.10	3004.00
812.29	3031.00
812.47	3040.00
812.66	3054.00
812.85	3014.00
813.03	3072.00
813.22	3032.00
813.41	2974.00
813.60	2973.00
813.78	2991.00
813.97	2972.00
814.16	3000.00
814.34	2917.00
814.53	3008.00
814.72	2905.00
814.90	3002.00
815.09	2886.00
815.28	2929.00
815.47	3012.00
815.65	2990.00
815.84	2933.00
816.03	2911.00
816.21	3005.00
816.40	3000.00
816.59	2921.00
816.77	2990.00
816.96	3017.00
817.15	2944.00
817.33	2970.00
817.52	2940.00
817.71	2889.00
817.90	2993.00
818.08	2966.00
818.27	3029.00
818.46	3028.00
818.64	2976.00
818.83	2925.00
819.02	2999.00
819.20	3030.00
819.39	2950.00
819.58	3014.00
819.76	3036.00
819.95	3006.00
820.14	3035.00
820.32	3039.00
820.51	3123.00
820.70	3054.00
820.88	3001.00
821.07	2975.00
821.26	2979.00
821.44	2952.00
821.63	2949.00
821.82	2943.00
822.01	2895.00
822.19	2942.00
822.38	3016.00
822.57	2995.00
822.75	3070.00
822.94	2976.00
823.13	2941.00
823.31	3042.00
823.50	2945.00
823.69	2945.00
823.87	2946.00
824.06	2924.00
824.25	2937.00
824.43	2807.00
824.62	2875.00
824.80	2965.00
824.99	2976.00
825.18	2870.00
825.36	2893.00
825.55	2899.00
825.74	2920.00
825.92	2956.00
826.11	2765.00
826.30	2883.00
826.48	2935.00
826.67	2970.00
826.86	2904.00
827.04	2908.00
827.23	2798.00
827.42	2892.00
827.60	2865.00
827.79	2830.00
827.98	2896.00
828.16	2837.00
828.35	2910.00
828.54	2881.00
828.72	2839.00
828.91	2844.00
829.09	2881.00
829.28	2759.00
829.47	2774.00
829.65	2837.00
829.84	2902.00
830.03	2869.00
830.21	2894.00
830.40	2837.00
830.59	2795.00
830.77	2737.00
830.96	2763.00
831.14	2823.00
831.33	2800.00
831.52	2748.00
831.70	2785.00
831.89	2772.00
832.08	2860.00
832.26	2784.00
832.45	2876.00
832.64	2813.00
832.82	2820.00
833.01	2850.00
833.19	2758.00
833.38	2842.00
833.57	2782.00
833.75	2780.00
833.94	2753.00
834.13	2737.00
834.31	2703.00
834.50	2783.00
834.68	2738.00
834.87	2775.00
835.06	2768.00
835.24	2768.00
835.43	2903.00
835.61	2679.00
835.80	2730.00
835.99	2788.00
836.17	2808.00
836.36	2873.00
836.55	2656.00
836.73	2621.00
836.92	2780.00
837.10	2802.00
837.29	2757.00
837.48	2718.00
837.66	2708.00
837.85	2718.00
838.03	2693.00
838.22	2701.00
838.41	2663.00
838.59	2672.00
838.78	2643.00
838.96	2596.00
839.15	2681.00
839.34	2602.00
839.52	2570.00
839.71	2605.00
839.89	2622.00
840.08	2715.00
840.27	2659.00
840.45	2679.00
840.64	2648.00
840.82	2737.00
841.01	2723.00
841.20	2590.00
841.38	2686.00
841.57	2610.00
841.75	2618.00
841.94	2593.00
842.13	2527.00
842.31	2601.00
842.50	2559.00
842.68	2527.00
842.87	2560.00
843.05	2495.00
843.24	2483.00
843.43	2557.00
843.61	2518.00
843.80	2514.00
843.98	2464.00
844.17	2495.00
844.36	2528.00
844.54	2505.00
844.73	2465.00
844.91	2448.00
845.10	2470.00
845.28	2474.00
845.47	2381.00
845.66	2479.00
845.84	2436.00
846.03	2401.00
846.21	2387.00
846.40	2401.00
846.58	2414.00
846.77	2490.00
846.96	2411.00
847.14	2482.00
847.33	2418.00
847.51	2459.00
847.70	2451.00
847.88	2487.00
848.07	2445.00
848.25	2379.00
848.44	2310.00
848.63	2385.00
848.81	2406.00
849.00	2292.00
849.18	2385.00
849.37	2453.00
849.55	2431.00
849.74	2319.00
849.93	2302.00
850.11	2348.00
850.30	2348.00
850.48	2339.00
850.67	2323.00
850.85	2319.00
851.04	2326.00
851.22	2288.00
851.41	2432.00
851.59	2390.00
851.78	2323.00
851.97	2259.00
852.15	2256.00
852.34	2280.00
852.52	2249.00
852.71	2242.00
852.89	2281.00
853.08	2318.00
853.26	2342.00
853.45	2279.00
853.63	2295.00
853.82	2314.00
854.01	2359.00
854.19	2211.00
854.38	2195.00
854.56	2197.00
854.75	2235.00
854.93	2287.00
855.12	2309.00
855.30	2297.00
855.49	2303.00
855.67	2308.00
855.86	2317.00
856.04	2219.00
856.23	2286.00
856.41	2211.00
856.60	2172.00
856.79	2194.00
856.97	2121.00
857.16	2123.00
857.34	2124.00
857.53	2110.00
857.71	2217.00
857.90	2200.00
858.08	2152.00
858.27	2156.00
858.45	2125.00
858.64	2180.00
858.82	2210.00
859.01	2240.00
859.19	2184.00
859.38	2124.00
859.56	2128.00
859.75	2147.00
859.93	2060.00
860.12	2140.00
860.30	2006.00
860.49	2072.00
860.67	2141.00
860.86	2064.00
861.04	2076.00
861.23	2113.00
861.41	2062.00
861.60	2023.00
861.78	2048.00
861.97	2068.00
862.15	2122.00
862.34	2105.00
862.53	2035.00
862.71	2144.00
862.90	2022.00
863.08	2021.00
863.27	2052.00
863.45	2034.00
863.64	2032.00
863.82	2091.00
864.01	2048.00
864.19	1952.00
864.37	1927.00
864.56	1996.00
864.74	1993.00
864.93	1982.00
865.11	1908.00
865.30	1926.00
865.48	1966.00
865.67	1889.00
865.85	1839.00
866.04	1930.00
866.22	1885.00
866.41	1907.00
866.59	1881.00
866.78	1886.00
866.96	1877.00
867.15	1848.00
867.33	1896.00
867.52	1824.00
867.70	1841.00
867.89	2005.00
868.07	1914.00
868.26	1916.00
868.44	1870.00
868.63	1792.00
868.81	1889.00
869.00	1891.00
869.18	1848.00
869.37	1893.00
869.55	1860.00
869.74	1913.00
869.92	1939.00
870.10	1904.00
870.29	1898.00
870.47	1876.00
870.66	1829.00
870.84	1869.00
871.03	1882.00
871.21	1831.00
871.40	1834.00
871.58	1919.00
871.77	1871.00
871.95	1817.00
872.14	1722.00
872.32	1677.00
872.51	1693.00
872.69	1806.00
872.87	1929.00
873.06	1851.00
873.24	1824.00
873.43	1794.00
873.61	1733.00
873.80	1787.00
873.98	1866.00
874.17	1908.00
874.35	1825.00
874.54	1783.00
874.72	1759.00
874.90	1713.00
875.09	1714.00
875.27	1762.00
875.46	1749.00
875.64	1785.00
875.83	1816.00
876.01	1753.00
876.20	1761.00
876.38	1688.00
876.56	1698.00
876.75	1680.00
876.93	1770.00
877.12	1732.00
877.30	1746.00
877.49	1869.00
877.67	1742.00
877.86	1705.00
878.04	1720.00
878.22	1693.00
878.41	1730.00
878.59	1705.00
878.78	1779.00
878.96	1720.00
879.15	1713.00
879.33	1677.00
879.51	1728.00
879.70	1767.00
879.88	1706.00
880.07	1712.00
880.25	1724.00
880.44	1696.00
880.62	1789.00
880.80	1763.00
880.99	1698.00
881.17	1778.00
881.36	1702.00
881.54	1701.00
881.73	1730.00
881.91	1715.00
882.09	1731.00
882.28	1767.00
882.46	1763.00
882.65	1707.00
882.83	1684.00
883.02	1690.00
883.20	1772.00
883.38	1666.00
883.57	1608.00
883.75	1642.00
883.94	1635.00
884.12	1732.00
884.30	1651.00
884.49	1706.00
884.67	1665.00
884.86	1571.00
885.04	1698.00
885.22	1687.00
885.41	1663.00
885.59	1627.00
885.78	1636.00
885.96	1683.00
886.14	1662.00
886.33	1647.00
886.51	1656.00
886.70	1664.00
886.88	1685.00
887.06	1665.00
887.25	1627.00
887.43	1538.00
887.62	1698.00
887.80	1670.00
887.98	1625.00
888.17	1612.00
888.35	1657.00
888.54	1647.00
888.72	1669.00
888.90	1570.00
889.09	1668.00
889.27	1630.00
889.46	1758.00
889.64	1679.00
889.82	1673.00
890.01	1640.00
890.19	1597.00
890.38	1621.00
890.56	1495.00
890.74	1546.00
890.93	1554.00
891.11	1661.00
891.29	1611.00
891.48	1657.00
891.66	1703.00
891.85	1605.00
892.03	1677.00
892.21	1658.00
892.40	1663.00
892.58	1740.00
892.76	1669.00
892.95	1749.00
893.13	1607.00
893.32	1655.00
893.50	1648.00
893.68	1643.00
893.87	1663.00
894.05	1630.00
894.23	1696.00
894.42	1634.00
894.60	1595.00
894.79	1571.00
894.97	1595.00
895.15	1584.00
895.34	1609.00
895.52	1723.00
895.70	1686.00
895.89	1614.00
896.07	1568.00
896.25	1537.00
896.44	1652.00
896.62	1615.00
896.81	1659.00
896.99	1680.00
897.17	1725.00
897.36	1702.00
897.54	1681.00
897.72	1638.00
897.91	1642.00
898.09	1690.00
898.27	1633.00
898.46	1715.00
898.64	1763.00
898.82	1769.00
899.01	1691.00
899.19	1685.00
899.37	1766.00
899.56	1804.00
899.74	1778.00
899.92	1659.00
900.11	1643.00
900.29	1671.00
900.47	1738.00
900.66	1795.00
900.84	1762.00
901.03	1828.00
901.21	1830.00
901.39	1721.00
901.58	1783.00
901.76	1809.00
901.94	1696.00
902.13	1693.00
902.31	1777.00
902.49	1791.00
902.68	1787.00
902.86	1802.00
903.04	1778.00
903.23	1718.00
903.41	1807.00
903.59	1755.00
903.78	1821.00
903.96	1765.00
904.14	1791.00
904.32	1767.00
904.51	1719.00
904.69	1790.00
904.87	1781.00
905.06	1778.00
905.24	1813.00
905.42	1719.00
905.61	1703.00
905.79	1855.00
905.97	1803.00
906.16	1826.00
906.34	1762.00
906.52	1889.00
906.71	1890.00
906.89	1885.00
907.07	1807.00
907.26	1825.00
907.44	1879.00
907.62	1763.00
907.81	1839.00
907.99	1784.00
908.17	1922.00
908.35	1914.00
908.54	1792.00
908.72	1807.00
908.90	1816.00
909.09	1763.00
909.27	1829.00
909.45	1810.00
909.64	1747.00
909.82	1848.00
910.00	1906.00
910.18	1873.00
910.37	1815.00
910.55	1808.00
910.73	1876.00
910.92	1849.00
911.10	1822.00
911.28	1783.00
911.47	1770.00
911.65	1740.00
911.83	1694.00
912.01	1801.00
912.20	1843.00
912.38	1765.00
912.56	1732.00
912.75	1775.00
912.93	1806.00
913.11	1801.00
913.29	1840.00
913.48	1854.00
913.66	1716.00
913.84	1719.00
914.03	1732.00
914.21	1708.00
914.39	1817.00
914.57	1786.00
914.76	1649.00
914.94	1638.00
915.12	1746.00
915.31	1723.00
915.49	1751.00
915.67	1738.00
915.85	1737.00
916.04	1743.00
916.22	1787.00
916.40	1843.00
916.58	1777.00
916.77	1730.00
916.95	1673.00
917.13	1697.00
917.32	1661.00
917.50	1688.00
917.68	1641.00
917.86	1725.00
918.05	1738.00
918.23	1716.00
918.41	1708.00
918.59	1730.00
918.78	1671.00
918.96	1751.00
919.14	1780.00
919.32	1738.00
919.51	1661.00
919.69	1740.00
919.87	1614.00
920.05	1616.00
920.24	1673.00
920.42	1622.00
920.60	1630.00
920.78	1687.00
920.97	1640.00
921.15	1668.00
921.33	1657.00
921.52	1653.00
921.70	1636.00
921.88	1626.00
922.06	1630.00
922.24	1627.00
922.43	1583.00
922.61	1608.00
922.79	1701.00
922.97	1621.00
923.16	1494.00
923.34	1649.00
923.52	1668.00
923.70	1748.00
923.89	1664.00
924.07	1621.00
924.25	1571.00
924.43	1604.00
924.62	1666.00
924.80	1648.00
924.98	1662.00
925.16	1570.00
925.35	1510.00
925.53	1519.00
925.71	1576.00
925.89	1565.00
926.08	1587.00
926.26	1643.00
926.44	1603.00
926.62	1606.00
926.80	1568.00
926.99	1438.00
927.17	1474.00
927.35	1546.00
927.53	1647.00
927.72	1602.00
927.90	1485.00
928.08	1627.00
928.26	1571.00
928.44	1636.00
928.63	1555.00
928.81	1521.00
928.99	1538.00
929.17	1560.00
929.36	1530.00
929.54	1495.00
929.72	1518.00
929.90	1467.00
930.08	1398.00
930.27	1463.00
930.45	1536.00
930.63	1507.00
930.81	1437.00
930.99	1417.00
931.18	1376.00
931.36	1406.00
931.54	1457.00
931.72	1388.00
931.90	1397.00
932.09	1464.00
932.27	1429.00
932.45	1429.00
932.63	1390.00
932.81	1380.00
933.00	1382.00
933.18	1347.00
933.36	1333.00
933.54	1347.00
933.72	1426.00
933.91	1411.00
934.09	1335.00
934.27	1269.00
934.45	1197.00
934.63	1259.00
934.82	1300.00
935.00	1219.00
935.18	1331.00
935.36	1255.00
935.54	1288.00
935.73	1248.00
935.91	1195.00
936.09	1141.00
936.27	1171.00
936.45	1138.00
936.64	1142.00
936.82	1159.00
937.00	1157.00
937.18	1143.00
937.36	1043.00
937.54	1131.00
937.73	1125.00
937.91	1066.00
938.09	996.00
938.27	1019.00
938.45	1134.00
938.63	990.00
938.82	915.00
939.00	988.00
939.18	954.00
939.36	909.00
939.54	859.00
939.73	933.00
939.91	904.00
940.09	909.00
940.27	901.00
940.45	827.00
940.63	845.00
940.82	868.00
941.00	841.00
941.18	855.00
941.36	824.00
941.54	820.00
941.72	852.00
941.91	833.00
942.09	899.00
942.27	836.00
942.45	776.00
942.63	758.00
942.81	706.00
942.99	794.00
943.18	804.00
943.36	844.00
943.54	793.00
943.72	669.00
943.90	713.00
944.08	680.00
944.27	748.00
944.45	787.00
944.63	746.00
944.81	765.00
944.99	742.00
945.17	782.00
945.35	756.00
945.54	703.00
945.72	797.00
945.90	745.00
946.08	733.00
946.26	708.00
946.44	753.00
946.62	863.00
946.81	770.00
946.99	698.00
947.17	810.00
947.35	814.00
947.53	805.00
947.71	829.00
947.89	747.00
948.07	815.00
948.26	705.00
948.44	774.00
948.62	734.00
948.80	749.00
948.98	745.00
949.16	788.00
949.34	801.00
949.53	773.00
949.71	743.00
949.89	701.00
950.07	786.00
950.25	745.00
950.43	672.00
950.61	758.00
950.79	730.00
950.98	765.00
951.16	811.00
951.34	764.00
951.52	757.00
951.70	797.00
951.88	801.00
952.06	830.00
952.24	888.00
952.42	781.00
952.61	717.00
952.79	746.00
952.97	739.00
953.15	762.00
953.33	736.00
953.51	706.00
953.69	745.00
953.87	694.00
954.05	739.00
954.24	790.00
954.42	673.00
954.60	712.00
954.78	795.00
954.96	809.00
955.14	705.00
955.32	698.00
955.50	752.00
955.68	698.00
955.86	697.00
956.05	747.00
956.23	749.00
956.41	752.00
956.59	683.00
956.77	758.00
956.95	700.00
957.13	725.00
957.31	718.00
957.49	707.00
957.67	733.00
957.86	698.00
958.04	679.00
958.22	743.00
958.40	729.00
958.58	723.00
958.76	753.00
958.94	770.00
959.12	773.00
959.30	777.00
959.48	661.00
959.66	719.00
959.84	699.00
960.03	655.00
960.21	659.00
960.39	617.00
960.57	650.00
960.75	637.00
960.93	776.00
961.11	736.00
961.29	652.00
961.47	661.00
961.65	632.00
961.83	796.00
962.01	742.00
962.19	720.00
962.37	653.00
962.56	590.00
962.74	672.00
962.92	673.00
963.10	620.00
963.28	680.00
963.46	653.00
963.64	694.00
963.82	772.00
964.00	730.00
964.18	708.00
964.36	698.00
964.54	723.00
964.72	772.00
964.90	663.00
965.08	670.00
965.27	681.00
965.45	651.00
965.63	652.00
965.81	660.00
965.99	705.00
966.17	720.00
966.35	641.00
966.53	648.00
966.71	684.00
966.89	668.00
967.07	662.00
967.25	684.00
967.43	684.00
967.61	754.00
967.79	740.00
967.97	631.00
968.15	634.00
968.33	714.00
968.51	645.00
968.69	632.00
968.87	661.00
969.06	625.00
969.24	595.00
969.42	642.00
969.60	630.00
969.78	605.00
969.96	634.00
970.14	644.00
970.32	649.00
970.50	665.00
970.68	636.00
970.86	625.00
971.04	626.00
971.22	648.00
971.40	596.00
971.58	544.00
971.76	560.00
971.94	595.00
972.12	560.00
972.30	706.00
972.48	594.00
972.66	578.00
972.84	629.00
973.02	608.00
973.20	537.00
973.38	669.00
973.56	569.00
973.74	592.00
973.92	568.00
974.10	546.00
974.28	656.00
974.46	619.00
974.64	584.00
974.82	612.00
975.00	647.00
975.18	532.00
975.36	573.00
975.54	610.00
975.72	596.00
975.90	591.00
976.08	516.00
976.26	534.00
976.44	609.00
976.62	654.00
976.80	619.00
976.98	622.00
977.16	585.00
977.34	552.00
977.52	545.00
977.70	627.00
977.88	607.00
978.06	609.00
978.24	636.00
978.42	641.00
978.60	582.00
978.78	544.00
978.96	540.00
979.14	588.00
979.32	585.00
979.50	567.00
979.68	600.00
979.86	598.00
980.04	582.00
980.22	626.00
980.40	586.00
980.58	566.00
980.76	553.00
980.94	503.00
981.12	535.00
981.30	595.00
981.48	543.00
981.66	570.00
981.84	615.00
982.02	542.00
982.20	521.00
982.38	630.00
982.56	595.00
982.74	572.00
982.92	597.00
983.10	546.00
983.28	569.00
983.46	479.00
983.64	524.00
983.82	479.00
984.00	527.00
984.18	474.00
984.36	520.00
984.54	588.00
984.72	569.00
984.90	561.00
985.08	529.00
985.26	506.00
985.44	526.00
985.62	521.00
985.80	558.00
985.98	543.00
986.16	535.00
986.34	509.00
986.51	503.00
986.69	515.00
986.87	535.00
987.05	503.00
987.23	459.00
987.41	550.00
987.59	522.00
987.77	506.00
987.95	466.00
988.13	534.00
988.31	451.00
988.49	469.00
988.67	487.00
988.85	417.00
989.03	455.00
989.21	475.00
989.39	413.00
989.57	468.00
989.75	440.00
989.93	435.00
990.11	412.00
990.28	477.00
990.46	474.00
990.64	502.00
990.82	462.00
991.00	500.00
991.18	488.00
991.36	429.00
991.54	395.00
991.72	417.00
991.90	456.00
992.08	460.00
992.26	461.00
992.44	481.00
992.62	521.00
992.80	538.00
992.98	512.00
993.15	516.00
993.33	506.00
993.51	491.00
993.69	465.00
993.87	450.00
994.05	472.00
994.23	439.00
994.41	459.00
994.59	478.00
994.77	395.00
994.95	398.00
995.13	430.00
995.31	467.00
995.48	479.00
995.66	453.00
995.84	443.00
996.02	453.00
996.20	390.00
996.38	411.00
996.56	383.00
996.74	443.00
996.92	463.00
997.10	457.00
997.28	416.00
997.46	473.00
997.63	437.00
997.81	412.00
997.99	457.00
998.17	388.00
998.35	349.00
998.53	382.00
998.71	410.00
998.89	427.00
999.07	476.00
999.25	454.00
999.43	483.00
999.60	445.00
999.78	350.00
999.96	388.00
1000.14	365.00
1000.32	394.00
1000.50	384.00
1000.68	323.00
1000.86	296.00
1001.04	320.00
1001.21	429.00
1001.39	430.00
1001.57	414.00
1001.75	384.00
1001.93	432.00
1002.11	431.00
1002.29	427.00
1002.47	389.00
1002.65	358.00
1002.82	376.00
1003.00	430.00
1003.18	436.00
1003.36	436.00
1003.54	391.00
1003.72	408.00
1003.90	401.00
1004.08	432.00
1004.26	432.00
1004.43	428.00
1004.61	404.00
1004.79	378.00
1004.97	416.00
1005.15	430.00
1005.33	414.00
1005.51	414.00
1005.69	457.00
1005.86	434.00
1006.04	387.00
1006.22	395.00
1006.40	361.00
1006.58	397.00
1006.76	393.00
1006.94	439.00
1007.12	354.00
1007.29	328.00
1007.47	337.00
1007.65	316.00
1007.83	349.00
1008.01	379.00
1008.19	424.00
1008.37	413.00
1008.54	436.00
1008.72	394.00
1008.90	348.00
1009.08	338.00
1009.26	408.00
1009.44	402.00
1009.62	331.00
1009.79	308.00
1009.97	389.00
1010.15	362.00
1010.33	339.00
1010.51	344.00
1010.69	324.00
1010.87	326.00
1011.04	359.00
1011.22	403.00
1011.40	392.00
1011.58	438.00
1011.76	427.00
1011.94	358.00
1012.11	348.00
1012.29	304.00
1012.47	317.00
1012.65	366.00
1012.83	397.00
1013.01	418.00
1013.18	354.00
1013.36	322.00
1013.54	367.00
1013.72	292.00
1013.90	295.00
1014.08	373.00
1014.25	371.00
1014.43	335.00
1014.61	366.00
1014.79	385.00
1014.97	325.00
1015.15	341.00
1015.32	350.00
1015.50	361.00
1015.68	328.00
1015.86	302.00
1016.04	422.00
1016.22	387.00
1016.39	355.00
1016.57	342.00
1016.75	333.00
1016.93	267.00
1017.11	308.00
1017.29	335.00
1017.46	333.00
1017.64	386.00
1017.82	409.00
1018.00	276.00
1018.18	329.00
1018.35	358.00
1018.53	261.00
1018.71	278.00
1018.89	352.00
1019.07	329.00
1019.24	237.00
1019.42	282.00
1019.60	285.00
1019.78	292.00
1019.96	279.00
1020.14	291.00
1020.31	271.00
1020.49	356.00
1020.67	392.00
1020.85	404.00
1021.03	314.00
1021.20	302.00
1021.38	310.00
1021.56	290.00
1021.74	286.00
1021.92	275.00
1022.09	317.00
1022.27	337.00
1022.45	343.00
1022.63	295.00
1022.81	314.00
1022.98	374.00
1023.16	391.00
1023.34	350.00
1023.52	254.00
1023.69	297.00
1023.87	279.00
1024.05	264.00
1024.23	395.00
1024.41	257.00
1024.58	309.00
1024.76	355.00
1024.94	330.00
1025.12	370.00
1025.30	294.00
1025.47	288.00
1025.65	228.00
1025.83	261.00
1026.01	295.00
1026.18	231.00
1026.36	324.00
1026.54	256.00
1026.72	219.00
1026.90	319.00
1027.07	280.00
1027.25	212.00
1027.43	284.00
1027.61	294.00
1027.78	233.00
1027.96	250.00
1028.14	270.00
1028.32	258.00
1028.49	323.00
1028.67	316.00
1028.85	245.00
1029.03	297.00
1029.21	293.00
1029.38	250.00
1029.56	250.00
1029.74	395.00
1029.92	307.00
1030.09	291.00
1030.27	289.00
1030.45	289.00
1030.63	292.00
1030.80	299.00
1030.98	268.00
1031.16	239.00
1031.34	327.00
1031.51	310.00
1031.69	297.00
1031.87	318.00
1032.05	344.00
1032.22	291.00
1032.40	277.00
1032.58	250.00
1032.76	371.00
1032.93	346.00
1033.11	269.00
1033.29	277.00
1033.47	225.00
1033.64	226.00
1033.82	219.00
1034.00	231.00
1034.18	266.00
1034.35	288.00
1034.53	211.00
1034.71	260.00
1034.89	291.00
1035.06	299.00
1035.24	208.00
1035.42	230.00
1035.59	264.00
1035.77	257.00
1035.95	274.00
1036.13	290.00
1036.30	259.00
1036.48	278.00
1036.66	278.00
1036.84	219.00
1037.01	231.00
1037.19	256.00
1037.37	259.00
1037.54	267.00
1037.72	224.00
1037.90	218.00
1038.08	224.00
1038.25	253.00
1038.43	266.00
1038.61	226.00
1038.79	213.00
1038.96	248.00
1039.14	208.00
1039.32	255.00
1039.49	285.00
1039.67	257.00
1039.85	164.00
1040.03	234.00
1040.20	204.00
1040.38	272.00
1040.56	332.00
1040.73	332.00
1040.91	257.00
1041.09	246.00
1041.27	270.00
1041.44	224.00
1041.62	244.00
1041.80	221.00
1041.97	271.00
1042.15	259.00
1042.33	288.00
1042.50	286.00
1042.68	270.00
1042.86	282.00
1043.04	342.00
1043.21	282.00
1043.39	285.00
1043.57	195.00
1043.74	161.00
1043.92	269.00
1044.10	231.00
1044.27	324.00
1044.45	242.00
1044.63	244.00
1044.80	277.00
1044.98	254.00
1045.16	250.00
1045.34	181.00
1045.51	194.00
1045.69	197.00
1045.87	211.00
1046.04	239.00
1046.22	303.00
1046.40	327.00
1046.57	235.00
1046.75	326.00
1046.93	260.00
1047.10	328.00
1047.28	297.00
1047.46	237.00
1047.63	235.00
1047.81	202.00
1047.99	180.00
1048.16	219.00
1048.34	195.00
1048.52	189.00
1048.69	215.00
1048.87	260.00
1049.05	202.00
1049.22	164.00
1049.40	256.00
1049.58	213.00
1049.75	274.00
1049.93	225.00
1050.11	234.00
1050.28	258.00
1050.46	242.00
1050.64	213.00
1050.81	249.00
1050.99	225.00
1051.17	151.00
1051.34	167.00
1051.52	273.00
1051.70	249.00
1051.87	253.00
1052.05	202.00
1052.23	195.00
1052.40	213.00
1052.58	190.00
1052.76	109.00
1052.93	167.00
1053.11	179.00
1053.29	232.00
1053.46	195.00
1053.64	238.00
1053.82	227.00
1053.99	203.00
1054.17	196.00
1054.35	189.00
1054.52	207.00
1054.70	213.00
1054.87	197.00
1055.05	246.00
1055.23	292.00
1055.40	236.00
1055.58	224.00
1055.76	184.00
1055.93	233.00
1056.11	274.00
1056.29	262.00
1056.46	240.00
1056.64	262.00
1056.81	234.00
1056.99	271.00
1057.17	201.00
1057.34	224.00
1057.52	213.00
1057.70	207.00
1057.87	184.00
1058.05	206.00
1058.22	250.00
1058.40	198.00
1058.58	211.00
1058.75	184.00
1058.93	129.00
1059.11	151.00
1059.28	273.00
1059.46	178.00
1059.63	152.00
1059.81	149.00
1059.99	206.00
1060.16	178.00
1060.34	217.00
1060.52	196.00
1060.69	204.00
1060.87	171.00
1061.04	171.00
1061.22	162.00
