367.62	62.00
367.82	67.00
368.02	56.00
368.23	43.00
368.43	19.00
368.63	5.00
368.83	13.00
369.04	34.00
369.24	-10.00
369.44	22.00
369.65	45.00
369.85	-57.00
370.05	3.00
370.25	-23.00
370.46	-5.00
370.66	21.00
370.86	-23.00
371.07	36.00
371.27	-7.00
371.47	36.00
371.67	10.00
371.88	87.00
372.08	10.00
372.28	-76.00
372.49	-22.00
372.69	13.00
372.89	6.00
373.09	7.00
373.30	10.00
373.50	25.00
373.70	31.00
373.91	69.00
374.11	91.00
374.31	-35.00
374.51	-5.00
374.72	-16.00
374.92	-10.00
375.12	4.00
375.33	-8.00
375.53	-39.00
375.73	-24.00
375.93	-49.00
376.14	6.00
376.34	20.00
376.54	18.00
376.74	54.00
376.95	-17.00
377.15	7.00
377.35	30.00
377.55	19.00
377.76	-37.00
377.96	-71.00
378.16	-42.00
378.37	55.00
378.57	6.00
378.77	0.00
378.97	62.00
379.18	35.00
379.38	41.00
379.58	17.00
379.78	-20.00
379.99	-27.00
380.19	-100.00
380.39	15.00
380.59	35.00
380.80	64.00
381.00	-13.00
381.20	16.00
381.40	5.00
381.61	-13.00
381.81	16.00
382.01	46.00
382.21	4.00
382.42	31.00
382.62	27.00
382.82	26.00
383.02	7.00
383.23	6.00
383.43	33.00
383.63	-15.00
383.83	19.00
384.04	-9.00
384.24	-45.00
384.44	-4.00
384.64	-29.00
384.85	7.00
385.05	-4.00
385.25	36.00
385.45	-6.00
385.66	-21.00
385.86	59.00
386.06	34.00
386.26	28.00
386.47	37.00
386.67	67.00
386.87	75.00
387.07	11.00
387.27	-10.00
387.48	20.00
387.68	5.00
387.88	57.00
388.08	48.00
388.29	-11.00
388.49	12.00
388.69	90.00
388.89	-13.00
389.10	-34.00
389.30	-10.00
389.50	-8.00
389.70	-29.00
389.90	-21.00
390.11	37.00
390.31	3.00
390.51	8.00
390.71	-41.00
390.92	-14.00
391.12	-9.00
391.32	39.00
391.52	-24.00
391.72	-41.00
391.93	91.00
392.13	20.00
392.33	5.00
392.53	56.00
392.74	-24.00
392.94	15.00
393.14	98.00
393.34	50.00
393.54	66.00
393.75	72.00
393.95	53.00
394.15	3.00
394.35	7.00
394.56	27.00
394.76	-48.00
394.96	-29.00
395.16	44.00
395.36	37.00
395.57	-1.00
395.77	-8.00
395.97	110.00
396.17	52.00
396.37	12.00
396.58	16.00
396.78	-24.00
396.98	-47.00
397.18	-20.00
397.38	14.00
397.59	30.00
397.79	-2.00
397.99	85.00
398.19	54.00
398.39	7.00
398.60	81.00
398.80	73.00
399.00	72.00
399.20	27.00
399.40	70.00
399.61	9.00
399.81	-31.00
400.01	12.00
400.21	104.00
400.41	73.00
400.62	23.00
400.82	56.00
401.02	142.00
401.22	108.00
401.42	17.00
401.63	36.00
401.83	34.00
402.03	83.00
402.23	26.00
402.43	43.00
402.64	20.00
402.84	41.00
403.04	22.00
403.24	-33.00
403.44	-15.00
403.64	70.00
403.85	73.00
404.05	47.00
404.25	52.00
404.45	94.00
404.65	19.00
404.86	-2.00
405.06	11.00
405.26	84.00
405.46	97.00
405.66	77.00
405.86	21.00
406.07	-18.00
406.27	-42.00
406.47	-62.00
406.67	70.00
406.87	51.00
407.07	3.00
407.28	-27.00
407.48	-17.00
407.68	-17.00
407.88	26.00
408.08	76.00
408.28	16.00
408.49	46.00
408.69	78.00
408.89	57.00
409.09	28.00
409.29	-6.00
409.49	11.00
409.70	37.00
409.90	53.00
410.10	84.00
410.30	47.00
410.50	31.00
410.70	11.00
410.91	59.00
411.11	80.00
411.31	33.00
411.51	1.00
411.71	35.00
411.91	16.00
412.12	60.00
412.32	97.00
412.52	21.00
412.72	45.00
412.92	112.00
413.12	66.00
413.32	11.00
413.53	14.00
413.73	32.00
413.93	52.00
414.13	21.00
414.33	15.00
414.53	45.00
414.74	48.00
414.94	48.00
415.14	105.00
415.34	78.00
415.54	35.00
415.74	108.00
415.94	78.00
416.15	-17.00
416.35	-15.00
416.55	57.00
416.75	36.00
416.95	33.00
417.15	5.00
417.35	31.00
417.56	31.00
417.76	30.00
417.96	74.00
418.16	58.00
418.36	65.00
418.56	91.00
418.76	117.00
418.97	131.00
419.17	99.00
419.37	57.00
419.57	88.00
419.77	102.00
419.97	33.00
420.17	-5.00
420.37	76.00
420.58	68.00
420.78	43.00
420.98	35.00
421.18	85.00
421.38	78.00
421.58	78.00
421.78	109.00
421.98	74.00
422.19	59.00
422.39	63.00
422.59	47.00
422.79	103.00
422.99	63.00
423.19	-15.00
423.39	64.00
423.59	114.00
423.80	144.00
424.00	87.00
424.20	101.00
424.40	86.00
424.60	67.00
424.80	118.00
425.00	93.00
425.20	76.00
425.40	153.00
425.61	141.00
425.81	151.00
426.01	143.00
426.21	120.00
426.41	92.00
426.61	119.00
426.81	74.00
427.01	81.00
427.21	154.00
427.42	138.00
427.62	74.00
427.82	177.00
428.02	163.00
428.22	137.00
428.42	121.00
428.62	141.00
428.82	154.00
429.02	88.00
429.23	97.00
429.43	125.00
429.63	175.00
429.83	117.00
430.03	124.00
430.23	111.00
430.43	166.00
430.63	185.00
430.83	117.00
431.03	178.00
431.24	158.00
431.44	143.00
431.64	143.00
431.84	132.00
432.04	179.00
432.24	193.00
432.44	95.00
432.64	123.00
432.84	174.00
433.04	162.00
433.24	185.00
433.45	177.00
433.65	176.00
433.85	181.00
434.05	167.00
434.25	212.00
434.45	217.00
434.65	158.00
434.85	199.00
435.05	221.00
435.25	220.00
435.45	204.00
435.65	247.00
435.86	298.00
436.06	279.00
436.26	254.00
436.46	138.00
436.66	152.00
436.86	177.00
437.06	140.00
437.26	181.00
437.46	157.00
437.66	72.00
437.86	77.00
438.06	190.00
438.26	114.00
438.47	168.00
438.67	156.00
438.87	78.00
439.07	107.00
439.27	111.00
439.47	154.00
439.67	174.00
439.87	157.00
440.07	206.00
440.27	214.00
440.47	157.00
440.67	95.00
440.87	148.00
441.07	101.00
441.27	137.00
441.48	162.00
441.68	191.00
441.88	190.00
442.08	156.00
442.28	132.00
442.48	195.00
442.68	190.00
442.88	159.00
443.08	182.00
443.28	168.00
443.48	153.00
443.68	171.00
443.88	152.00
444.08	177.00
444.28	120.00
444.48	128.00
444.68	232.00
444.88	212.00
445.09	173.00
445.29	226.00
445.49	200.00
445.69	182.00
445.89	150.00
446.09	140.00
446.29	185.00
446.49	198.00
446.69	159.00
446.89	191.00
447.09	166.00
447.29	143.00
447.49	113.00
447.69	118.00
447.89	128.00
448.09	69.00
448.29	156.00
448.49	210.00
448.69	177.00
448.89	180.00
449.09	167.00
449.29	168.00
449.49	195.00
449.70	158.00
449.90	224.00
450.10	235.00
450.30	224.00
450.50	200.00
450.70	159.00
450.90	236.00
451.10	237.00
451.30	190.00
451.50	236.00
451.70	256.00
451.90	212.00
452.10	172.00
452.30	225.00
452.50	306.00
452.70	286.00
452.90	250.00
453.10	170.00
453.30	276.00
453.50	319.00
453.70	227.00
453.90	205.00
454.10	227.00
454.30	160.00
454.50	238.00
454.70	238.00
454.90	248.00
455.10	278.00
455.30	236.00
455.50	227.00
455.70	281.00
455.90	248.00
456.10	233.00
456.30	158.00
456.50	164.00
456.70	249.00
456.90	258.00
457.10	230.00
457.30	203.00
457.50	208.00
457.70	274.00
457.90	241.00
458.10	231.00
458.30	283.00
458.50	248.00
458.70	261.00
458.90	257.00
459.10	263.00
459.30	288.00
459.50	300.00
459.70	262.00
459.90	289.00
460.10	349.00
460.30	276.00
460.50	200.00
460.70	213.00
460.90	264.00
461.10	300.00
461.30	256.00
461.50	166.00
461.70	218.00
461.90	314.00
462.10	288.00
462.30	220.00
462.50	367.00
462.70	303.00
462.90	273.00
463.10	314.00
463.30	258.00
463.50	307.00
463.70	281.00
463.90	269.00
464.10	283.00
464.30	225.00
464.50	221.00
464.70	270.00
464.90	263.00
465.10	288.00
465.30	316.00
465.50	272.00
465.70	331.00
465.90	322.00
466.10	286.00
466.30	330.00
466.50	314.00
466.70	250.00
466.90	253.00
467.10	275.00
467.30	283.00
467.50	309.00
467.70	253.00
467.90	292.00
468.10	303.00
468.30	275.00
468.50	246.00
468.70	288.00
468.90	306.00
469.10	289.00
469.30	224.00
469.50	205.00
469.70	206.00
469.90	277.00
470.10	295.00
470.30	286.00
470.50	230.00
470.70	231.00
470.90	308.00
471.10	316.00
471.29	313.00
471.49	315.00
471.69	219.00
471.89	296.00
472.09	278.00
472.29	301.00
472.49	350.00
472.69	224.00
472.89	242.00
473.09	275.00
473.29	279.00
473.49	289.00
473.69	276.00
473.89	233.00
474.09	239.00
474.29	275.00
474.49	288.00
474.69	292.00
474.89	265.00
475.09	226.00
475.29	242.00
475.49	270.00
475.69	308.00
475.88	285.00
476.08	309.00
476.28	345.00
476.48	309.00
476.68	278.00
476.88	274.00
477.08	318.00
477.28	275.00
477.48	265.00
477.68	261.00
477.88	191.00
478.08	265.00
478.28	252.00
478.48	232.00
478.68	237.00
478.88	235.00
479.08	235.00
479.28	330.00
479.47	318.00
479.67	262.00
479.87	295.00
480.07	310.00
480.27	229.00
480.47	295.00
480.67	315.00
480.87	334.00
481.07	315.00
481.27	331.00
481.47	293.00
481.67	245.00
481.87	247.00
482.07	313.00
482.27	298.00
482.46	286.00
482.66	299.00
482.86	345.00
483.06	298.00
483.26	313.00
483.46	329.00
483.66	319.00
483.86	349.00
484.06	367.00
484.26	401.00
484.46	384.00
484.66	353.00
484.86	358.00
485.05	373.00
485.25	377.00
485.45	440.00
485.65	362.00
485.85	357.00
486.05	412.00
486.25	394.00
486.45	348.00
486.65	409.00
486.85	455.00
487.05	450.00
487.25	349.00
487.44	336.00
487.64	264.00
487.84	378.00
488.04	451.00
488.24	446.00
488.44	450.00
488.64	456.00
488.84	497.00
489.04	494.00
489.24	441.00
489.43	457.00
489.63	480.00
489.83	422.00
490.03	425.00
490.23	434.00
490.43	432.00
490.63	476.00
490.83	417.00
491.03	431.00
491.23	439.00
491.42	474.00
491.62	556.00
491.82	443.00
492.02	474.00
492.22	473.00
492.42	431.00
492.62	466.00
492.82	460.00
493.02	501.00
493.22	493.00
493.41	476.00
493.61	419.00
493.81	408.00
494.01	470.00
494.21	445.00
494.41	414.00
494.61	474.00
494.81	498.00
495.01	477.00
495.20	521.00
495.40	505.00
495.60	515.00
495.80	479.00
496.00	447.00
496.20	430.00
496.40	404.00
496.60	465.00
496.79	444.00
496.99	500.00
497.19	515.00
497.39	488.00
497.59	543.00
497.79	524.00
497.99	496.00
498.19	485.00
498.38	522.00
498.58	506.00
498.78	458.00
498.98	480.00
499.18	547.00
499.38	537.00
499.58	609.00
499.78	547.00
499.97	476.00
500.17	552.00
500.37	480.00
500.57	479.00
500.77	485.00
500.97	562.00
501.17	538.00
501.37	492.00
501.56	436.00
501.76	476.00
501.96	505.00
502.16	533.00
502.36	548.00
502.56	570.00
502.76	550.00
502.95	514.00
503.15	573.00
503.35	654.00
503.55	501.00
503.75	517.00
503.95	463.00
504.15	554.00
504.34	535.00
504.54	463.00
504.74	505.00
504.94	557.00
505.14	555.00
505.34	514.00
505.54	507.00
505.73	537.00
505.93	514.00
506.13	586.00
506.33	577.00
506.53	547.00
506.73	480.00
506.92	515.00
507.12	493.00
507.32	442.00
507.52	543.00
507.72	564.00
507.92	553.00
508.12	450.00
508.31	515.00
508.51	505.00
508.71	502.00
508.91	492.00
509.11	449.00
509.31	516.00
509.50	562.00
509.70	545.00
509.90	538.00
510.10	532.00
510.30	520.00
510.50	521.00
510.69	484.00
510.89	503.00
511.09	526.00
511.29	506.00
511.49	530.00
511.69	462.00
511.88	444.00
512.08	453.00
512.28	525.00
512.48	527.00
512.68	531.00
512.88	504.00
513.07	472.00
513.27	483.00
513.47	480.00
513.67	554.00
513.87	578.00
514.06	524.00
514.26	482.00
514.46	566.00
514.66	533.00
514.86	443.00
515.06	448.00
515.25	543.00
515.45	541.00
515.65	522.00
515.85	469.00
516.05	532.00
516.24	578.00
516.44	507.00
516.64	499.00
516.84	539.00
517.04	568.00
517.23	493.00
517.43	501.00
517.63	552.00
517.83	484.00
518.03	458.00
518.23	503.00
518.42	548.00
518.62	560.00
518.82	592.00
519.02	505.00
519.22	491.00
519.41	514.00
519.61	504.00
519.81	560.00
520.01	494.00
520.21	478.00
520.40	495.00
520.60	516.00
520.80	540.00
521.00	509.00
521.20	561.00
521.39	521.00
521.59	506.00
521.79	576.00
521.99	548.00
522.19	605.00
522.38	543.00
522.58	543.00
522.78	556.00
522.98	634.00
523.17	661.00
523.37	573.00
523.57	583.00
523.77	574.00
523.97	595.00
524.16	605.00
524.36	556.00
524.56	622.00
524.76	617.00
524.96	618.00
525.15	610.00
525.35	614.00
525.55	633.00
525.75	619.00
525.94	651.00
526.14	631.00
526.34	659.00
526.54	711.00
526.74	637.00
526.93	605.00
527.13	685.00
527.33	697.00
527.53	636.00
527.72	693.00
527.92	721.00
528.12	723.00
528.32	648.00
528.52	688.00
528.71	698.00
528.91	667.00
529.11	686.00
529.31	746.00
529.50	728.00
529.70	683.00
529.90	745.00
530.10	671.00
530.29	701.00
530.49	756.00
530.69	756.00
530.89	718.00
531.09	708.00
531.28	692.00
531.48	750.00
531.68	806.00
531.88	775.00
532.07	762.00
532.27	806.00
532.47	753.00
532.67	719.00
532.86	895.00
533.06	845.00
533.26	785.00
533.46	838.00
533.65	864.00
533.85	879.00
534.05	907.00
534.25	897.00
534.44	863.00
534.64	828.00
534.84	871.00
535.04	855.00
535.23	765.00
535.43	788.00
535.63	840.00
535.83	912.00
536.02	890.00
536.22	941.00
536.42	972.00
536.62	952.00
536.81	922.00
537.01	975.00
537.21	1051.00
537.41	1018.00
537.60	1002.00
537.80	1017.00
538.00	1075.00
538.20	1000.00
538.39	985.00
538.59	1043.00
538.79	1070.00
538.99	1049.00
539.18	1102.00
539.38	1196.00
539.58	1207.00
539.77	1147.00
539.97	1217.00
540.17	1347.00
540.37	1290.00
540.56	1311.00
540.76	1332.00
540.96	1358.00
541.16	1543.00
541.35	1465.00
541.55	1539.00
541.75	1544.00
541.94	1565.00
542.14	1536.00
542.34	1519.00
542.54	1518.00
542.73	1380.00
542.93	1456.00
543.13	1490.00
543.33	1454.00
543.52	1321.00
543.72	1394.00
543.92	1440.00
544.11	1493.00
544.31	1501.00
544.51	1532.00
544.71	1565.00
544.90	1658.00
545.10	1619.00
545.30	1616.00
545.49	1694.00
545.69	1617.00
545.89	1693.00
546.09	1793.00
546.28	1818.00
546.48	1717.00
546.68	1549.00
546.87	1485.00
547.07	1364.00
547.27	1299.00
547.47	1308.00
547.66	1378.00
547.86	1289.00
548.06	1332.00
548.25	1218.00
548.45	1134.00
548.65	1201.00
548.84	1272.00
549.04	1240.00
549.24	1147.00
549.44	1207.00
549.63	1161.00
549.83	1112.00
550.03	1104.00
550.22	1109.00
550.42	1085.00
550.62	1061.00
550.81	1086.00
551.01	1084.00
551.21	1045.00
551.41	1099.00
551.60	1112.00
551.80	1095.00
552.00	1070.00
552.19	1040.00
552.39	1068.00
552.59	1052.00
552.78	1001.00
552.98	995.00
553.18	998.00
553.37	974.00
553.57	924.00
553.77	989.00
553.96	961.00
554.16	1017.00
554.36	985.00
554.56	976.00
554.75	959.00
554.95	987.00
555.15	989.00
555.34	905.00
555.54	872.00
555.74	891.00
555.93	960.00
556.13	974.00
556.33	969.00
556.52	952.00
556.72	999.00
556.92	962.00
557.11	911.00
557.31	895.00
557.51	882.00
557.70	845.00
557.90	917.00
558.10	817.00
558.29	865.00
558.49	955.00
558.69	896.00
558.88	873.00
559.08	872.00
559.28	906.00
559.47	953.00
559.67	900.00
559.87	867.00
560.06	862.00
560.26	847.00
560.46	882.00
560.65	904.00
560.85	928.00
561.05	1001.00
561.24	1005.00
561.44	923.00
561.64	872.00
561.83	828.00
562.03	986.00
562.23	928.00
562.42	899.00
562.62	944.00
562.82	876.00
563.01	885.00
563.21	950.00
563.40	917.00
563.60	890.00
563.80	822.00
563.99	908.00
564.19	965.00
564.39	947.00
564.58	921.00
564.78	889.00
564.98	950.00
565.17	945.00
565.37	955.00
565.57	907.00
565.76	909.00
565.96	925.00
566.16	919.00
566.35	953.00
566.55	912.00
566.74	897.00
566.94	886.00
567.14	972.00
567.33	986.00
567.53	1022.00
567.73	1055.00
567.92	1039.00
568.12	1060.00
568.32	1049.00
568.51	1023.00
568.71	1027.00
568.90	1001.00
569.10	1000.00
569.30	1023.00
569.49	1008.00
569.69	992.00
569.89	1031.00
570.08	1068.00
570.28	1010.00
570.47	968.00
570.67	1062.00
570.87	1083.00
571.06	974.00
571.26	1071.00
571.46	1076.00
571.65	1019.00
571.85	1056.00
572.04	1099.00
572.24	1101.00
572.44	1074.00
572.63	1072.00
572.83	1038.00
573.03	1051.00
573.22	1056.00
573.42	1107.00
573.61	1104.00
573.81	1109.00
574.01	1068.00
574.20	1074.00
574.40	1160.00
574.59	1186.00
574.79	1175.00
574.99	1126.00
575.18	1113.00
575.38	1134.00
575.58	1251.00
575.77	1237.00
575.97	1201.00
576.16	1269.00
576.36	1341.00
576.56	1264.00
576.75	1146.00
576.95	1225.00
577.14	1345.00
577.34	1411.00
577.54	1296.00
577.73	1283.00
577.93	1355.00
578.12	1373.00
578.32	1385.00
578.52	1478.00
578.71	1389.00
578.91	1370.00
579.10	1439.00
579.30	1486.00
579.50	1489.00
579.69	1453.00
579.89	1459.00
580.08	1490.00
580.28	1455.00
580.48	1474.00
580.67	1494.00
580.87	1527.00
581.06	1511.00
581.26	1584.00
581.45	1571.00
581.65	1549.00
581.85	1599.00
582.04	1496.00
582.24	1498.00
582.43	1571.00
582.63	1626.00
582.83	1655.00
583.02	1660.00
583.22	1751.00
583.41	1671.00
583.61	1665.00
583.80	1743.00
584.00	1732.00
584.20	1723.00
584.39	1709.00
584.59	1664.00
584.78	1765.00
584.98	1760.00
585.17	1710.00
585.37	1777.00
585.57	1830.00
585.76	1852.00
585.96	1896.00
586.15	1851.00
586.35	1777.00
586.54	1841.00
586.74	1868.00
586.94	1902.00
587.13	1871.00
587.33	1931.00
587.52	2045.00
587.72	2040.00
587.91	2045.00
588.11	2000.00
588.31	2005.00
588.50	2052.00
588.70	2020.00
588.89	2008.00
589.09	2016.00
589.28	1953.00
589.48	1958.00
589.68	1990.00
589.87	2030.00
590.07	2014.00
590.26	2035.00
590.46	2135.00
590.65	2057.00
590.85	2023.00
591.04	1967.00
591.24	2049.00
591.44	2022.00
591.63	2055.00
591.83	2089.00
592.02	2091.00
592.22	2162.00
592.41	2189.00
592.61	2217.00
592.80	2267.00
593.00	2296.00
593.19	2353.00
593.39	2352.00
593.59	2215.00
593.78	2134.00
593.98	2154.00
594.17	2253.00
594.37	2260.00
594.56	2259.00
594.76	2215.00
594.95	2157.00
595.15	2184.00
595.34	2166.00
595.54	2294.00
595.73	2321.00
595.93	2224.00
596.13	2258.00
596.32	2221.00
596.52	2157.00
596.71	2202.00
596.91	2294.00
597.10	2265.00
597.30	2299.00
597.49	2296.00
597.69	2287.00
597.88	2313.00
598.08	2247.00
598.27	2330.00
598.47	2334.00
598.66	2374.00
598.86	2373.00
599.06	2318.00
599.25	2339.00
599.45	2279.00
599.64	2267.00
599.84	2369.00
600.03	2349.00
600.23	2314.00
600.42	2288.00
600.62	2274.00
600.81	2289.00
601.01	2292.00
601.20	2331.00
601.40	2386.00
601.59	2307.00
601.79	2226.00
601.98	2162.00
602.18	2278.00
602.37	2303.00
602.57	2245.00
602.76	2155.00
602.96	2235.00
603.15	2283.00
603.35	2232.00
603.54	2167.00
603.74	2194.00
603.93	2193.00
604.13	2150.00
604.32	2184.00
604.52	2167.00
604.71	2093.00
604.91	2149.00
605.10	2157.00
605.30	2220.00
605.49	2271.00
605.69	2105.00
605.88	2235.00
606.08	2165.00
606.27	2152.00
606.47	2209.00
606.66	2081.00
606.86	2115.00
607.05	2133.00
607.25	2142.00
607.44	2006.00
607.64	2071.00
607.83	2152.00
608.03	2161.00
608.22	2157.00
608.42	2181.00
608.61	2298.00
608.81	2284.00
609.00	2251.00
609.20	2287.00
609.39	2232.00
609.59	2289.00
609.78	2356.00
609.98	2604.00
610.17	2731.00
610.37	2832.00
610.56	3095.00
610.76	3138.00
610.95	3196.00
611.15	3229.00
611.34	3442.00
611.54	3361.00
611.73	3377.00
611.93	3246.00
612.12	2962.00
612.32	2715.00
612.51	2634.00
612.71	2561.00
612.90	2385.00
613.09	2363.00
613.29	2312.00
613.48	2315.00
613.68	2328.00
613.87	2342.00
614.07	2209.00
614.26	2268.00
614.46	2328.00
614.65	2256.00
614.85	2179.00
615.04	2201.00
615.24	2192.00
615.43	2166.00
615.63	2232.00
615.82	2185.00
616.02	2166.00
616.21	2092.00
616.40	2057.00
616.60	2070.00
616.79	2108.00
616.99	2045.00
617.18	2032.00
617.38	1981.00
617.57	2007.00
617.77	2028.00
617.96	2031.00
618.16	1914.00
618.35	1902.00
618.54	1832.00
618.74	1954.00
618.93	2009.00
619.13	2053.00
619.32	1963.00
619.52	1964.00
619.71	1969.00
619.91	2047.00
620.10	2107.00
620.30	2060.00
620.49	2012.00
620.68	2050.00
620.88	2136.00
621.07	2104.00
621.27	2036.00
621.46	2030.00
621.66	2069.00
621.85	2122.00
622.05	2144.00
622.24	2138.00
622.43	2087.00
622.63	2126.00
622.82	2085.00
623.02	2084.00
623.21	2191.00
623.41	2167.00
623.60	2219.00
623.80	2255.00
623.99	2154.00
624.18	2104.00
624.38	2073.00
624.57	2139.00
624.77	2159.00
624.96	2139.00
625.16	2224.00
625.35	2224.00
625.54	2214.00
625.74	2190.00
625.93	2211.00
626.13	2230.00
626.32	2226.00
626.52	2155.00
626.71	2177.00
626.90	2234.00
627.10	2179.00
627.29	2319.00
627.49	2299.00
627.68	2244.00
627.88	2227.00
628.07	2270.00
628.26	2223.00
628.46	2251.00
628.65	2326.00
628.85	2235.00
629.04	2371.00
629.23	2342.00
629.43	2363.00
629.62	2437.00
629.82	2375.00
630.01	2366.00
630.21	2401.00
630.40	2512.00
630.59	2380.00
630.79	2402.00
630.98	2603.00
631.18	2508.00
631.37	2550.00
631.56	2490.00
631.76	2515.00
631.95	2497.00
632.15	2504.00
632.34	2463.00
632.53	2341.00
632.73	2392.00
632.92	2364.00
633.12	2422.00
633.31	2330.00
633.50	2356.00
633.70	2414.00
633.89	2428.00
634.09	2525.00
634.28	2569.00
634.47	2548.00
634.67	2509.00
634.86	2446.00
635.06	2513.00
635.25	2605.00
635.44	2536.00
635.64	2532.00
635.83	2609.00
636.03	2647.00
636.22	2725.00
636.41	2694.00
636.61	2696.00
636.80	2524.00
637.00	2544.00
637.19	2613.00
637.38	2597.00
637.58	2710.00
637.77	2724.00
637.96	2656.00
638.16	2686.00
638.35	2717.00
638.55	2725.00
638.74	2720.00
638.93	2770.00
639.13	2833.00
639.32	2801.00
639.51	2746.00
639.71	2750.00
639.90	2733.00
640.10	2870.00
640.29	2733.00
640.48	2709.00
640.68	2763.00
640.87	2851.00
641.07	2889.00
641.26	2866.00
641.45	2921.00
641.65	2909.00
641.84	2866.00
642.03	2895.00
642.23	3061.00
642.42	3004.00
642.61	2987.00
642.81	3053.00
643.00	3046.00
643.20	3113.00
643.39	2956.00
643.58	2947.00
643.78	2944.00
643.97	3007.00
644.16	2932.00
644.36	3020.00
644.55	3107.00
644.74	3084.00
644.94	3135.00
645.13	3204.00
645.33	3160.00
645.52	3181.00
645.71	3136.00
645.91	3228.00
646.10	3192.00
646.29	3268.00
646.49	3272.00
646.68	3206.00
646.87	3206.00
647.07	3130.00
647.26	3126.00
647.45	3150.00
647.65	3205.00
647.84	3331.00
648.03	3293.00
648.23	3187.00
648.42	3171.00
648.62	3212.00
648.81	3260.00
649.00	3304.00
649.20	3227.00
649.39	3245.00
649.58	3300.00
649.78	3428.00
649.97	3252.00
650.16	3228.00
650.36	3195.00
650.55	3296.00
650.74	3288.00
650.94	3390.00
651.13	3434.00
651.32	3422.00
651.52	3408.00
651.71	3496.00
651.90	3357.00
652.10	3389.00
652.29	3379.00
652.48	3306.00
652.68	3382.00
652.87	3441.00
653.06	3279.00
653.26	3211.00
653.45	3259.00
653.64	3281.00
653.84	3328.00
654.03	3313.00
654.22	3337.00
654.42	3396.00
654.61	3553.00
654.80	3420.00
654.99	3424.00
655.19	3363.00
655.38	3382.00
655.57	3370.00
655.77	3310.00
655.96	3406.00
656.15	3457.00
656.35	3341.00
656.54	3301.00
656.73	3243.00
656.93	3237.00
657.12	3310.00
657.31	3309.00
657.51	3307.00
657.70	3264.00
657.89	3328.00
658.09	3339.00
658.28	3360.00
658.47	3408.00
658.66	3368.00
658.86	3384.00
659.05	3313.00
659.24	3344.00
659.44	3330.00
659.63	3282.00
659.82	3306.00
660.02	3363.00
660.21	3304.00
660.40	3253.00
660.60	3205.00
660.79	3225.00
660.98	3032.00
661.17	3142.00
661.37	3199.00
661.56	3256.00
661.75	3260.00
661.95	3306.00
662.14	3347.00
662.33	3406.00
662.52	3380.00
662.72	3312.00
662.91	3271.00
663.10	3264.00
663.30	3257.00
663.49	3268.00
663.68	3222.00
663.88	3235.00
664.07	3214.00
664.26	3297.00
664.45	3306.00
664.65	3225.00
664.84	3180.00
665.03	3099.00
665.23	3175.00
665.42	3049.00
665.61	3056.00
665.80	3124.00
666.00	3106.00
666.19	3099.00
666.38	3097.00
666.57	3158.00
666.77	3210.00
666.96	3133.00
667.15	3063.00
667.35	3164.00
667.54	3227.00
667.73	3163.00
667.92	3150.00
668.12	3090.00
668.31	3114.00
668.50	2951.00
668.70	3087.00
668.89	3161.00
669.08	2959.00
669.27	3111.00
669.47	3054.00
669.66	3127.00
669.85	3069.00
670.04	3043.00
670.24	3055.00
670.43	3053.00
670.62	2997.00
670.81	3048.00
671.01	3139.00
671.20	3048.00
671.39	3021.00
671.58	2982.00
671.78	2994.00
671.97	2934.00
672.16	2978.00
672.36	3025.00
672.55	2947.00
672.74	2919.00
672.93	2909.00
673.13	2985.00
673.32	2918.00
673.51	2984.00
673.70	2875.00
673.90	2804.00
674.09	2862.00
674.28	2881.00
674.47	2878.00
674.67	2890.00
674.86	2886.00
675.05	2935.00
675.24	2842.00
675.44	2937.00
675.63	3017.00
675.82	2949.00
676.01	2946.00
676.21	2837.00
676.40	2784.00
676.59	2827.00
676.78	2827.00
676.97	2861.00
677.17	2900.00
677.36	2908.00
677.55	2867.00
677.74	2873.00
677.94	2828.00
678.13	2838.00
678.32	2858.00
678.51	2856.00
678.71	2870.00
678.90	2828.00
679.09	2839.00
679.28	2827.00
679.48	2936.00
679.67	2943.00
679.86	2838.00
680.05	2855.00
680.24	2779.00
680.44	2738.00
680.63	2769.00
680.82	2817.00
681.01	2790.00
681.21	2689.00
681.40	2763.00
681.59	2733.00
681.78	2660.00
681.97	2701.00
682.17	2744.00
682.36	2687.00
682.55	2795.00
682.74	2776.00
682.94	2700.00
683.13	2750.00
683.32	2733.00
683.51	2867.00
683.70	2868.00
683.90	2788.00
684.09	2769.00
684.28	2837.00
684.47	2796.00
684.66	2712.00
684.86	2690.00
685.05	2714.00
685.24	2716.00
685.43	2666.00
685.63	2778.00
685.82	2747.00
686.01	2751.00
686.20	2850.00
686.39	2821.00
686.59	2845.00
686.78	2762.00
686.97	2724.00
687.16	2759.00
687.35	2775.00
687.55	2753.00
687.74	2687.00
687.93	2742.00
688.12	2745.00
688.31	2788.00
688.51	2781.00
688.70	2776.00
688.89	2703.00
689.08	2731.00
689.27	2742.00
689.47	2808.00
689.66	2740.00
689.85	2620.00
690.04	2681.00
690.23	2747.00
690.42	2696.00
690.62	2742.00
690.81	2594.00
691.00	2740.00
691.19	2669.00
691.38	2632.00
691.58	2637.00
691.77	2745.00
691.96	2746.00
692.15	2651.00
692.34	2612.00
692.54	2717.00
692.73	2641.00
692.92	2757.00
693.11	2733.00
693.30	2714.00
693.49	2818.00
693.69	2799.00
693.88	2777.00
694.07	2694.00
694.26	2705.00
694.45	2613.00
694.64	2616.00
694.84	2643.00
695.03	2521.00
695.22	2592.00
695.41	2663.00
695.60	2642.00
695.80	2641.00
695.99	2612.00
696.18	2694.00
696.37	2752.00
696.56	2701.00
696.75	2849.00
696.95	2664.00
697.14	2649.00
697.33	2676.00
697.52	2703.00
697.71	2787.00
697.90	2700.00
698.09	2655.00
698.29	2700.00
698.48	2820.00
698.67	2832.00
698.86	2702.00
699.05	2698.00
699.24	2794.00
699.44	2772.00
699.63	2798.00
699.82	2909.00
700.01	2793.00
700.20	2747.00
700.39	2804.00
700.58	2899.00
700.78	2773.00
700.97	2723.00
701.16	2860.00
701.35	2876.00
701.54	2897.00
701.73	2877.00
701.93	2826.00
702.12	2844.00
702.31	2912.00
702.50	2995.00
702.69	2924.00
702.88	2971.00
703.07	2970.00
703.27	2918.00
703.46	2950.00
703.65	2958.00
703.84	2876.00
704.03	2989.00
704.22	2997.00
704.41	2987.00
704.60	2987.00
704.80	2976.00
704.99	3010.00
705.18	2913.00
705.37	2947.00
705.56	3009.00
705.75	3014.00
705.94	2973.00
706.14	3146.00
706.33	3155.00
706.52	3069.00
706.71	3065.00
706.90	3176.00
707.09	3187.00
707.28	3149.00
707.47	3262.00
707.67	3159.00
707.86	3200.00
708.05	3158.00
708.24	3225.00
708.43	3207.00
708.62	3361.00
708.81	3258.00
709.00	3199.00
709.20	3225.00
709.39	3246.00
709.58	3221.00
709.77	3183.00
709.96	3123.00
710.15	3242.00
710.34	3223.00
710.53	3197.00
710.72	3200.00
710.92	3251.00
711.11	3289.00
711.30	3312.00
711.49	3312.00
711.68	3290.00
711.87	3222.00
712.06	3225.00
712.25	3324.00
712.44	3472.00
712.64	3363.00
712.83	3411.00
713.02	3515.00
713.21	3498.00
713.40	3470.00
713.59	3364.00
713.78	3360.00
713.97	3512.00
714.16	3505.00
714.35	3503.00
714.55	3468.00
714.74	3486.00
714.93	3514.00
715.12	3492.00
715.31	3402.00
715.50	3396.00
715.69	3371.00
715.88	3395.00
716.07	3442.00
716.26	3365.00
716.45	3386.00
716.65	3470.00
716.84	3406.00
717.03	3405.00
717.22	3365.00
717.41	3331.00
717.60	3491.00
717.79	3463.00
717.98	3446.00
718.17	3482.00
718.36	3457.00
718.55	3473.00
718.75	3436.00
718.94	3471.00
719.13	3497.00
719.32	3544.00
719.51	3520.00
719.70	3502.00
719.89	3519.00
720.08	3539.00
720.27	3566.00
720.46	3522.00
720.65	3587.00
720.84	3484.00
721.03	3499.00
721.22	3549.00
721.42	3555.00
721.61	3441.00
721.80	3446.00
721.99	3512.00
722.18	3549.00
722.37	3533.00
722.56	3396.00
722.75	3419.00
722.94	3538.00
723.13	3578.00
723.32	3574.00
723.51	3528.00
723.70	3497.00
723.89	3573.00
724.08	3531.00
724.28	3645.00
724.47	3612.00
724.66	3525.00
724.85	3676.00
725.04	3602.00
725.23	3609.00
725.42	3588.00
725.61	3611.00
725.80	3740.00
725.99	3663.00
726.18	3613.00
726.37	3652.00
726.56	3659.00
726.75	3712.00
726.94	3670.00
727.13	3589.00
727.32	3606.00
727.51	3575.00
727.71	3578.00
727.90	3567.00
728.09	3501.00
728.28	3489.00
728.47	3480.00
728.66	3597.00
728.85	3454.00
729.04	3557.00
729.23	3598.00
729.42	3572.00
729.61	3488.00
729.80	3427.00
729.99	3507.00
730.18	3453.00
730.37	3504.00
730.56	3624.00
730.75	3574.00
730.94	3453.00
731.13	3546.00
731.32	3584.00
731.51	3526.00
731.70	3477.00
731.89	3571.00
732.08	3663.00
732.27	3590.00
732.46	3531.00
732.65	3647.00
732.84	3554.00
733.04	3419.00
733.23	3565.00
733.42	3485.00
733.61	3482.00
733.80	3495.00
733.99	3483.00
734.18	3455.00
734.37	3511.00
734.56	3521.00
734.75	3425.00
734.94	3425.00
735.13	3475.00
735.32	3414.00
735.51	3306.00
735.70	3309.00
735.89	3367.00
736.08	3461.00
736.27	3467.00
736.46	3359.00
736.65	3382.00
736.84	3370.00
737.03	3344.00
737.22	3412.00
737.41	3458.00
737.60	3301.00
737.79	3309.00
737.98	3420.00
738.17	3380.00
738.36	3421.00
738.55	3398.00
738.74	3358.00
738.93	3360.00
739.12	3342.00
739.31	3342.00
739.50	3361.00
739.69	3315.00
739.88	3338.00
740.07	3287.00
740.26	3299.00
740.45	3300.00
740.64	3312.00
740.83	3277.00
741.02	3219.00
741.21	3185.00
741.40	3090.00
741.59	3140.00
741.78	3139.00
741.97	3257.00
742.16	3222.00
742.35	3163.00
742.54	3192.00
742.73	3158.00
742.92	3186.00
743.11	3147.00
743.30	3148.00
743.49	3188.00
743.68	3115.00
743.87	3185.00
744.06	3140.00
744.25	3154.00
744.44	3054.00
744.63	2994.00
744.82	3107.00
745.01	3084.00
745.20	3117.00
745.39	3141.00
745.58	3129.00
745.77	3205.00
745.96	3016.00
746.15	3065.00
746.34	3038.00
746.52	3052.00
746.71	3093.00
746.90	3064.00
747.09	3111.00
747.28	3095.00
747.47	3166.00
747.66	3066.00
747.85	3056.00
748.04	3035.00
748.23	3036.00
748.42	2965.00
748.61	2929.00
748.80	2974.00
748.99	2901.00
749.18	2826.00
749.37	2901.00
749.56	2822.00
749.75	2767.00
749.94	2840.00
750.13	2875.00
750.32	2854.00
750.51	2899.00
750.70	2724.00
750.89	2762.00
751.08	2874.00
751.27	2819.00
751.46	2816.00
751.64	2782.00
751.83	2895.00
752.02	2903.00
752.21	2835.00
752.40	2790.00
752.59	2881.00
752.78	2846.00
752.97	2874.00
753.16	2870.00
753.35	2819.00
753.54	2777.00
753.73	2831.00
753.92	2801.00
754.11	2705.00
754.30	2749.00
754.49	2747.00
754.68	2719.00
754.87	2801.00
755.06	2796.00
755.24	2755.00
755.43	2733.00
755.62	2670.00
755.81	2696.00
756.00	2650.00
756.19	2633.00
756.38	2713.00
756.57	2743.00
756.76	2666.00
756.95	2709.00
757.14	2668.00
757.33	2681.00
757.52	2817.00
757.71	2617.00
757.90	2647.00
758.08	2592.00
758.27	2666.00
758.46	2760.00
758.65	2668.00
758.84	2580.00
759.03	2590.00
759.22	2559.00
759.41	2610.00
759.60	2682.00
759.79	2678.00
759.98	2649.00
760.17	2489.00
760.36	2631.00
760.54	2591.00
760.73	2619.00
760.92	2511.00
761.11	2556.00
761.30	2563.00
761.49	2435.00
761.68	2362.00
761.87	2417.00
762.06	2504.00
762.25	2415.00
762.44	2369.00
762.63	2309.00
762.81	2308.00
763.00	2230.00
763.19	2278.00
763.38	2289.00
763.57	2182.00
763.76	2180.00
763.95	2121.00
764.14	2185.00
764.33	2185.00
764.52	2145.00
764.71	2220.00
764.89	2200.00
765.08	2176.00
765.27	2123.00
765.46	2294.00
765.65	2300.00
765.84	2210.00
766.03	2122.00
766.22	2193.00
766.41	2303.00
766.59	2262.00
766.78	2279.00
766.97	2307.00
767.16	2295.00
767.35	2339.00
767.54	2297.00
767.73	2376.00
767.92	2438.00
768.11	2418.00
768.30	2451.00
768.48	2457.00
768.67	2468.00
768.86	2471.00
769.05	2439.00
769.24	2473.00
769.43	2521.00
769.62	2510.00
769.81	2524.00
769.99	2519.00
770.18	2468.00
770.37	2473.00
770.56	2519.00
770.75	2472.00
770.94	2566.00
771.13	2570.00
771.32	2391.00
771.50	2506.00
771.69	2466.00
771.88	2351.00
772.07	2349.00
772.26	2409.00
772.45	2447.00
772.64	2415.00
772.83	2338.00
773.01	2410.00
773.20	2448.00
773.39	2449.00
773.58	2422.00
773.77	2413.00
773.96	2393.00
774.15	2350.00
774.34	2422.00
774.52	2401.00
774.71	2360.00
774.90	2392.00
775.09	2403.00
775.28	2315.00
775.47	2441.00
775.66	2384.00
775.84	2372.00
776.03	2322.00
776.22	2349.00
776.41	2443.00
776.60	2446.00
776.79	2352.00
776.98	2289.00
777.16	2291.00
777.35	2273.00
777.54	2317.00
777.73	2332.00
777.92	2287.00
778.11	2284.00
778.29	2280.00
778.48	2317.00
778.67	2362.00
778.86	2398.00
779.05	2426.00
779.24	2362.00
779.43	2455.00
779.61	2445.00
779.80	2361.00
779.99	2325.00
780.18	2317.00
780.37	2383.00
780.56	2433.00
780.74	2428.00
780.93	2415.00
781.12	2464.00
781.31	2431.00
781.50	2327.00
781.69	2376.00
781.87	2445.00
782.06	2412.00
782.25	2433.00
782.44	2440.00
782.63	2378.00
782.82	2382.00
783.00	2418.00
783.19	2333.00
783.38	2448.00
783.57	2473.00
783.76	2433.00
783.95	2351.00
784.13	2400.00
784.32	2478.00
784.51	2442.00
784.70	2416.00
784.89	2481.00
785.08	2496.00
785.26	2459.00
785.45	2395.00
785.64	2334.00
785.83	2312.00
786.02	2342.00
786.20	2385.00
786.39	2453.00
786.58	2359.00
786.77	2362.00
786.96	2457.00
787.15	2506.00
787.33	2427.00
787.52	2466.00
787.71	2439.00
787.90	2400.00
788.09	2425.00
788.27	2459.00
788.46	2461.00
788.65	2505.00
788.84	2480.00
789.03	2497.00
789.21	2474.00
789.40	2507.00
789.59	2506.00
789.78	2502.00
789.97	2521.00
790.15	2489.00
790.34	2489.00
790.53	2467.00
790.72	2525.00
790.91	2517.00
791.09	2478.00
791.28	2607.00
791.47	2459.00
791.66	2523.00
791.85	2563.00
792.03	2475.00
792.22	2519.00
792.41	2470.00
792.60	2589.00
792.79	2642.00
792.97	2649.00
793.16	2632.00
793.35	2571.00
793.54	2609.00
793.72	2599.00
793.91	2620.00
794.10	2536.00
794.29	2519.00
794.48	2513.00
794.66	2604.00
794.85	2570.00
795.04	2672.00
795.23	2663.00
795.42	2664.00
795.60	2646.00
795.79	2631.00
795.98	2610.00
796.17	2630.00
796.35	2690.00
796.54	2571.00
796.73	2512.00
796.92	2467.00
797.11	2569.00
797.29	2629.00
797.48	2583.00
797.67	2618.00
797.86	2579.00
798.04	2577.00
798.23	2543.00
798.42	2678.00
798.61	2519.00
798.79	2532.00
798.98	2571.00
799.17	2545.00
799.36	2601.00
799.54	2574.00
799.73	2610.00
799.92	2608.00
800.11	2566.00
800.30	2580.00
800.48	2543.00
800.67	2579.00
800.86	2682.00
801.05	2659.00
801.23	2580.00
801.42	2523.00
801.61	2614.00
801.80	2673.00
801.98	2622.00
802.17	2618.00
802.36	2587.00
802.55	2643.00
802.73	2714.00
802.92	2635.00
803.11	2619.00
803.30	2584.00
803.48	2589.00
803.67	2537.00
803.86	2575.00
804.05	2625.00
804.23	2676.00
804.42	2630.00
804.61	2763.00
804.80	2733.00
804.98	2626.00
805.17	2638.00
805.36	2629.00
805.54	2661.00
805.73	2655.00
805.92	2703.00
806.11	2741.00
806.29	2736.00
806.48	2728.00
806.67	2621.00
806.86	2600.00
807.04	2598.00
807.23	2628.00
807.42	2634.00
807.61	2626.00
807.79	2684.00
807.98	2685.00
808.17	2688.00
808.35	2725.00
808.54	2727.00
808.73	2654.00
808.92	2645.00
809.10	2584.00
809.29	2671.00
809.48	2546.00
809.67	2609.00
809.85	2547.00
810.04	2680.00
810.23	2528.00
810.41	2605.00
810.60	2617.00
810.79	2568.00
810.98	2616.00
811.16	2574.00
811.35	2533.00
811.54	2610.00
811.72	2672.00
811.91	2604.00
812.10	2625.00
812.29	2550.00
812.47	2667.00
812.66	2602.00
812.85	2606.00
813.03	2644.00
813.22	2735.00
813.41	2605.00
813.60	2581.00
813.78	2577.00
813.97	2612.00
814.16	2614.00
814.34	2577.00
814.53	2530.00
814.72	2603.00
814.90	2620.00
815.09	2551.00
815.28	2659.00
815.47	2721.00
815.65	2706.00
815.84	2646.00
816.03	2643.00
816.21	2517.00
816.40	2614.00
816.59	2713.00
816.77	2699.00
816.96	2616.00
817.15	2679.00
817.33	2577.00
817.52	2591.00
817.71	2589.00
817.90	2626.00
818.08	2625.00
818.27	2631.00
818.46	2572.00
818.64	2666.00
818.83	2621.00
819.02	2649.00
819.20	2729.00
819.39	2774.00
819.58	2761.00
819.76	2685.00
819.95	2711.00
820.14	2668.00
820.32	2687.00
820.51	2636.00
820.70	2662.00
820.88	2616.00
821.07	2618.00
821.26	2624.00
821.44	2596.00
821.63	2535.00
821.82	2562.00
822.01	2627.00
822.19	2690.00
822.38	2778.00
822.57	2686.00
822.75	2695.00
822.94	2700.00
823.13	2685.00
823.31	2687.00
823.50	2561.00
823.69	2610.00
823.87	2580.00
824.06	2567.00
824.25	2631.00
824.43	2528.00
824.62	2543.00
824.80	2598.00
824.99	2533.00
825.18	2578.00
825.36	2534.00
825.55	2576.00
825.74	2575.00
825.92	2618.00
826.11	2537.00
826.30	2465.00
826.48	2484.00
826.67	2477.00
826.86	2481.00
827.04	2498.00
827.23	2495.00
827.42	2574.00
827.60	2515.00
827.79	2509.00
827.98	2483.00
828.16	2466.00
828.35	2527.00
828.54	2544.00
828.72	2578.00
828.91	2535.00
829.09	2495.00
829.28	2499.00
829.47	2520.00
829.65	2497.00
829.84	2495.00
830.03	2408.00
830.21	2397.00
830.40	2452.00
830.59	2486.00
830.77	2454.00
830.96	2460.00
831.14	2490.00
831.33	2486.00
831.52	2469.00
831.70	2411.00
831.89	2404.00
832.08	2471.00
832.26	2413.00
832.45	2450.00
832.64	2429.00
832.82	2428.00
833.01	2400.00
833.19	2485.00
833.38	2447.00
833.57	2419.00
833.75	2404.00
833.94	2358.00
834.13	2412.00
834.31	2416.00
834.50	2421.00
834.68	2358.00
834.87	2397.00
835.06	2352.00
835.24	2344.00
835.43	2352.00
835.61	2321.00
835.80	2335.00
835.99	2426.00
836.17	2356.00
836.36	2324.00
836.55	2394.00
836.73	2402.00
836.92	2339.00
837.10	2398.00
837.29	2370.00
837.48	2425.00
837.66	2403.00
837.85	2347.00
838.03	2371.00
838.22	2379.00
838.41	2432.00
838.59	2393.00
838.78	2462.00
838.96	2441.00
839.15	2423.00
839.34	2386.00
839.52	2451.00
839.71	2351.00
839.89	2323.00
840.08	2298.00
840.27	2323.00
840.45	2417.00
840.64	2340.00
840.82	2358.00
841.01	2345.00
841.20	2328.00
841.38	2220.00
841.57	2166.00
841.75	2177.00
841.94	2215.00
842.13	2234.00
842.31	2160.00
842.50	2125.00
842.68	2196.00
842.87	2243.00
843.05	2191.00
843.24	2174.00
843.43	2192.00
843.61	2220.00
843.80	2204.00
843.98	2095.00
844.17	2157.00
844.36	2140.00
844.54	2232.00
844.73	2190.00
844.91	2123.00
845.10	2158.00
845.28	2188.00
845.47	2102.00
845.66	2119.00
845.84	2139.00
846.03	2105.00
846.21	2016.00
846.40	2033.00
846.58	2170.00
846.77	2102.00
846.96	2011.00
847.14	2030.00
847.33	2134.00
847.51	2155.00
847.70	2053.00
847.88	1978.00
848.07	2027.00
848.25	2039.00
848.44	1960.00
848.63	1893.00
848.81	2003.00
849.00	2039.00
849.18	1990.00
849.37	2018.00
849.55	2037.00
849.74	2015.00
849.93	2061.00
850.11	2075.00
850.30	1987.00
850.48	1996.00
850.67	1999.00
850.85	2086.00
851.04	2016.00
851.22	1956.00
851.41	2076.00
851.59	2068.00
851.78	2135.00
851.97	2088.00
852.15	2046.00
852.34	1934.00
852.52	1994.00
852.71	2060.00
852.89	2018.00
853.08	1975.00
853.26	1995.00
853.45	1971.00
853.63	1994.00
853.82	1961.00
854.01	1953.00
854.19	1936.00
854.38	2002.00
854.56	2035.00
854.75	1972.00
854.93	1871.00
855.12	1840.00
855.30	1911.00
855.49	1990.00
855.67	1936.00
855.86	1903.00
856.04	1852.00
856.23	1890.00
856.41	1889.00
856.60	1894.00
856.79	1814.00
856.97	1820.00
857.16	1949.00
857.34	2013.00
857.53	1875.00
857.71	1849.00
857.90	1888.00
858.08	1834.00
858.27	1810.00
858.45	1881.00
858.64	1966.00
858.82	1952.00
859.01	1871.00
859.19	1875.00
859.38	1807.00
859.56	1771.00
859.75	1768.00
859.93	1700.00
860.12	1814.00
860.30	1878.00
860.49	1818.00
860.67	1806.00
860.86	1796.00
861.04	1751.00
861.23	1861.00
861.41	1863.00
861.60	1745.00
861.78	1780.00
861.97	1735.00
862.15	1761.00
862.34	1761.00
862.53	1783.00
862.71	1796.00
862.90	1838.00
863.08	1798.00
863.27	1825.00
863.45	1741.00
863.64	1720.00
863.82	1785.00
864.01	1707.00
864.19	1661.00
864.37	1710.00
864.56	1714.00
864.74	1652.00
864.93	1638.00
865.11	1677.00
865.30	1691.00
865.48	1725.00
865.67	1812.00
865.85	1761.00
866.04	1710.00
866.22	1682.00
866.41	1633.00
866.59	1626.00
866.78	1601.00
866.96	1615.00
867.15	1581.00
867.33	1641.00
867.52	1679.00
867.70	1754.00
867.89	1678.00
868.07	1620.00
868.26	1677.00
868.44	1657.00
868.63	1633.00
868.81	1565.00
869.00	1540.00
869.18	1515.00
869.37	1631.00
869.55	1593.00
869.74	1611.00
869.92	1558.00
870.10	1657.00
870.29	1626.00
870.47	1580.00
870.66	1568.00
870.84	1645.00
871.03	1634.00
871.21	1537.00
871.40	1538.00
871.58	1518.00
871.77	1483.00
871.95	1561.00
872.14	1553.00
872.32	1607.00
872.51	1537.00
872.69	1487.00
872.87	1540.00
873.06	1489.00
873.24	1520.00
873.43	1570.00
873.61	1533.00
873.80	1538.00
873.98	1501.00
874.17	1560.00
874.35	1553.00
874.54	1614.00
874.72	1513.00
874.90	1503.00
875.09	1578.00
875.27	1557.00
875.46	1461.00
875.64	1496.00
875.83	1512.00
876.01	1545.00
876.20	1569.00
876.38	1518.00
876.56	1472.00
876.75	1468.00
876.93	1471.00
877.12	1466.00
877.30	1437.00
877.49	1474.00
877.67	1538.00
877.86	1542.00
878.04	1491.00
878.22	1441.00
878.41	1445.00
878.59	1455.00
878.78	1449.00
878.96	1534.00
879.15	1580.00
879.33	1486.00
879.51	1436.00
879.70	1458.00
879.88	1443.00
880.07	1462.00
880.25	1487.00
880.44	1490.00
880.62	1473.00
880.80	1423.00
880.99	1415.00
881.17	1534.00
881.36	1479.00
881.54	1425.00
881.73	1392.00
881.91	1459.00
882.09	1397.00
882.28	1445.00
882.46	1491.00
882.65	1476.00
882.83	1436.00
883.02	1443.00
883.20	1467.00
883.38	1469.00
883.57	1446.00
883.75	1410.00
883.94	1439.00
884.12	1430.00
884.30	1443.00
884.49	1417.00
884.67	1481.00
884.86	1468.00
885.04	1421.00
885.22	1389.00
885.41	1366.00
885.59	1388.00
885.78	1478.00
885.96	1438.00
886.14	1464.00
886.33	1417.00
886.51	1458.00
886.70	1465.00
886.88	1421.00
887.06	1384.00
887.25	1443.00
887.43	1385.00
887.62	1343.00
887.80	1423.00
887.98	1366.00
888.17	1368.00
888.35	1419.00
888.54	1396.00
888.72	1391.00
888.90	1387.00
889.09	1392.00
889.27	1352.00
889.46	1358.00
889.64	1371.00
889.82	1313.00
890.01	1364.00
890.19	1288.00
890.38	1405.00
890.56	1380.00
890.74	1393.00
890.93	1476.00
891.11	1434.00
891.29	1342.00
891.48	1316.00
891.66	1347.00
891.85	1366.00
892.03	1395.00
892.21	1369.00
892.40	1278.00
892.58	1394.00
892.76	1353.00
892.95	1346.00
893.13	1408.00
893.32	1391.00
893.50	1279.00
893.68	1267.00
893.87	1325.00
894.05	1362.00
894.23	1361.00
894.42	1358.00
894.60	1380.00
894.79	1379.00
894.97	1281.00
895.15	1310.00
895.34	1423.00
895.52	1396.00
895.70	1467.00
895.89	1444.00
896.07	1371.00
896.25	1336.00
896.44	1356.00
896.62	1459.00
896.81	1402.00
896.99	1392.00
897.17	1402.00
897.36	1396.00
897.54	1463.00
897.72	1353.00
897.91	1388.00
898.09	1363.00
898.27	1352.00
898.46	1429.00
898.64	1442.00
898.82	1390.00
899.01	1369.00
899.19	1378.00
899.37	1386.00
899.56	1513.00
899.74	1591.00
899.92	1553.00
900.11	1463.00
900.29	1485.00
900.47	1480.00
900.66	1458.00
900.84	1462.00
901.03	1424.00
901.21	1441.00
901.39	1430.00
901.58	1527.00
901.76	1511.00
901.94	1508.00
902.13	1492.00
902.31	1479.00
902.49	1455.00
902.68	1503.00
902.86	1478.00
903.04	1478.00
903.23	1504.00
903.41	1492.00
903.59	1510.00
903.78	1563.00
903.96	1581.00
904.14	1532.00
904.32	1530.00
904.51	1571.00
904.69	1563.00
904.87	1483.00
905.06	1488.00
905.24	1501.00
905.42	1504.00
905.61	1567.00
905.79	1518.00
905.97	1542.00
906.16	1455.00
906.34	1562.00
906.52	1563.00
906.71	1483.00
906.89	1503.00
907.07	1503.00
907.26	1567.00
907.44	1590.00
907.62	1612.00
907.81	1495.00
907.99	1503.00
908.17	1598.00
908.35	1529.00
908.54	1494.00
908.72	1577.00
908.90	1529.00
909.09	1505.00
909.27	1568.00
909.45	1663.00
909.64	1657.00
909.82	1575.00
910.00	1554.00
910.18	1572.00
910.37	1580.00
910.55	1493.00
910.73	1506.00
910.92	1547.00
911.10	1446.00
911.28	1428.00
911.47	1473.00
911.65	1523.00
911.83	1534.00
912.01	1525.00
912.20	1546.00
912.38	1578.00
912.56	1525.00
912.75	1499.00
912.93	1458.00
913.11	1475.00
913.29	1479.00
913.48	1530.00
913.66	1442.00
913.84	1413.00
914.03	1469.00
914.21	1509.00
914.39	1517.00
914.57	1515.00
914.76	1518.00
914.94	1473.00
915.12	1465.00
915.31	1502.00
915.49	1488.00
915.67	1475.00
915.85	1562.00
916.04	1500.00
916.22	1481.00
916.40	1432.00
916.58	1456.00
916.77	1481.00
916.95	1460.00
917.13	1470.00
917.32	1538.00
917.50	1392.00
917.68	1471.00
917.86	1458.00
918.05	1427.00
918.23	1417.00
918.41	1444.00
918.59	1398.00
918.78	1377.00
918.96	1368.00
919.14	1440.00
919.32	1432.00
919.51	1387.00
919.69	1404.00
919.87	1436.00
920.05	1460.00
920.24	1336.00
920.42	1482.00
920.60	1384.00
920.78	1402.00
920.97	1412.00
921.15	1430.00
921.33	1441.00
921.52	1392.00
921.70	1357.00
921.88	1396.00
922.06	1401.00
922.24	1344.00
922.43	1394.00
922.61	1353.00
922.79	1340.00
922.97	1380.00
923.16	1406.00
923.34	1441.00
923.52	1379.00
923.70	1460.00
923.89	1428.00
924.07	1349.00
924.25	1336.00
924.43	1318.00
924.62	1304.00
924.80	1278.00
924.98	1370.00
925.16	1302.00
925.35	1341.00
925.53	1236.00
925.71	1287.00
925.89	1359.00
926.08	1393.00
926.26	1367.00
926.44	1310.00
926.62	1358.00
926.80	1320.00
926.99	1370.00
927.17	1333.00
927.35	1341.00
927.53	1355.00
927.72	1374.00
927.90	1309.00
928.08	1316.00
928.26	1340.00
928.44	1310.00
928.63	1291.00
928.81	1302.00
928.99	1320.00
929.17	1258.00
929.36	1243.00
929.54	1298.00
929.72	1229.00
929.90	1226.00
930.08	1265.00
930.27	1278.00
930.45	1255.00
930.63	1289.00
930.81	1265.00
930.99	1256.00
931.18	1305.00
931.36	1195.00
931.54	1117.00
931.72	1141.00
931.90	1204.00
932.09	1177.00
932.27	1166.00
932.45	1219.00
932.63	1157.00
932.81	1158.00
933.00	1178.00
933.18	1183.00
933.36	1177.00
933.54	1202.00
933.72	1249.00
933.91	1189.00
934.09	1135.00
934.27	1041.00
934.45	1077.00
934.63	1082.00
934.82	1105.00
935.00	1001.00
935.18	1080.00
935.36	1042.00
935.54	1087.00
935.73	1000.00
935.91	995.00
936.09	910.00
936.27	925.00
936.45	959.00
936.64	944.00
936.82	980.00
937.00	1065.00
937.18	1002.00
937.36	975.00
937.54	952.00
937.73	858.00
937.91	848.00
938.09	881.00
938.27	888.00
938.45	798.00
938.63	743.00
938.82	860.00
939.00	830.00
939.18	810.00
939.36	791.00
939.54	772.00
939.73	696.00
939.91	689.00
940.09	707.00
940.27	709.00
940.45	690.00
940.63	750.00
940.82	747.00
941.00	722.00
941.18	686.00
941.36	721.00
941.54	701.00
941.72	708.00
941.91	687.00
942.09	613.00
942.27	570.00
942.45	618.00
942.63	628.00
942.81	604.00
942.99	636.00
943.18	591.00
943.36	611.00
943.54	578.00
943.72	610.00
943.90	608.00
944.08	601.00
944.27	529.00
944.45	617.00
944.63	587.00
944.81	564.00
944.99	620.00
945.17	628.00
945.35	512.00
945.54	527.00
945.72	570.00
945.90	652.00
946.08	696.00
946.26	654.00
946.44	611.00
946.62	579.00
946.81	634.00
946.99	638.00
947.17	597.00
947.35	655.00
947.53	610.00
947.71	659.00
947.89	585.00
948.07	611.00
948.26	561.00
948.44	583.00
948.62	606.00
948.80	587.00
948.98	611.00
949.16	637.00
949.34	672.00
949.53	601.00
949.71	618.00
949.89	660.00
950.07	655.00
950.25	656.00
950.43	621.00
950.61	627.00
950.79	636.00
950.98	579.00
951.16	638.00
951.34	589.00
951.52	620.00
951.70	638.00
951.88	648.00
952.06	657.00
952.24	614.00
952.42	634.00
952.61	589.00
952.79	602.00
952.97	660.00
953.15	603.00
953.33	579.00
953.51	550.00
953.69	609.00
953.87	624.00
954.05	664.00
954.24	606.00
954.42	601.00
954.60	602.00
954.78	616.00
954.96	594.00
955.14	581.00
955.32	621.00
955.50	709.00
955.68	680.00
955.86	523.00
956.05	543.00
956.23	580.00
956.41	642.00
956.59	576.00
956.77	540.00
956.95	606.00
957.13	600.00
957.31	569.00
957.49	542.00
957.67	496.00
957.86	611.00
958.04	690.00
958.22	669.00
958.40	661.00
958.58	630.00
958.76	622.00
958.94	555.00
959.12	621.00
959.30	617.00
959.48	611.00
959.66	573.00
959.84	580.00
960.03	616.00
960.21	612.00
960.39	595.00
960.57	503.00
960.75	576.00
960.93	560.00
961.11	568.00
961.29	553.00
961.47	556.00
961.65	588.00
961.83	514.00
962.01	552.00
962.19	623.00
962.37	618.00
962.56	580.00
962.74	569.00
962.92	550.00
963.10	527.00
963.28	505.00
963.46	478.00
963.64	526.00
963.82	575.00
964.00	605.00
964.18	625.00
964.36	625.00
964.54	605.00
964.72	540.00
964.90	513.00
965.08	521.00
965.27	509.00
965.45	520.00
965.63	552.00
965.81	495.00
965.99	544.00
966.17	499.00
966.35	548.00
966.53	564.00
966.71	522.00
966.89	552.00
967.07	525.00
967.25	530.00
967.43	512.00
967.61	483.00
967.79	550.00
967.97	501.00
968.15	541.00
968.33	546.00
968.51	546.00
968.69	509.00
968.87	512.00
969.06	508.00
969.24	485.00
969.42	495.00
969.60	531.00
969.78	514.00
969.96	528.00
970.14	529.00
970.32	495.00
970.50	532.00
970.68	505.00
970.86	460.00
971.04	477.00
971.22	520.00
971.40	504.00
971.58	486.00
971.76	480.00
971.94	447.00
972.12	472.00
972.30	508.00
972.48	505.00
972.66	518.00
972.84	466.00
973.02	538.00
973.20	564.00
973.38	571.00
973.56	495.00
973.74	535.00
973.92	515.00
974.10	434.00
974.28	477.00
974.46	464.00
974.64	446.00
974.82	495.00
975.00	443.00
975.18	411.00
975.36	440.00
975.54	459.00
975.72	488.00
975.90	493.00
976.08	434.00
976.26	420.00
976.44	442.00
976.62	482.00
976.80	514.00
976.98	417.00
977.16	346.00
977.34	485.00
977.52	399.00
977.70	431.00
977.88	456.00
978.06	381.00
978.24	410.00
978.42	425.00
978.60	452.00
978.78	386.00
978.96	417.00
979.14	363.00
979.32	413.00
979.50	482.00
979.68	431.00
979.86	451.00
980.04	383.00
980.22	352.00
980.40	419.00
980.58	392.00
980.76	398.00
980.94	391.00
981.12	404.00
981.30	467.00
981.48	414.00
981.66	339.00
981.84	329.00
982.02	320.00
982.20	369.00
982.38	409.00
982.56	423.00
982.74	452.00
982.92	404.00
983.10	329.00
983.28	371.00
983.46	381.00
983.64	398.00
983.82	476.00
984.00	459.00
984.18	393.00
984.36	390.00
984.54	337.00
984.72	390.00
984.90	476.00
985.08	436.00
985.26	367.00
985.44	365.00
985.62	349.00
985.80	394.00
985.98	450.00
986.16	412.00
986.34	370.00
986.51	345.00
986.69	397.00
986.87	457.00
987.05	420.00
987.23	415.00
987.41	361.00
987.59	309.00
987.77	337.00
987.95	372.00
988.13	361.00
988.31	346.00
988.49	350.00
988.67	319.00
988.85	330.00
989.03	349.00
989.21	345.00
989.39	285.00
989.57	293.00
989.75	349.00
989.93	389.00
990.11	411.00
990.28	364.00
990.46	365.00
990.64	343.00
990.82	337.00
991.00	431.00
991.18	376.00
991.36	398.00
991.54	359.00
991.72	372.00
991.90	435.00
992.08	394.00
992.26	307.00
992.44	378.00
992.62	412.00
992.80	380.00
992.98	363.00
993.15	336.00
993.33	389.00
993.51	412.00
993.69	400.00
993.87	338.00
994.05	336.00
994.23	371.00
994.41	394.00
994.59	380.00
994.77	339.00
994.95	362.00
995.13	309.00
995.31	337.00
995.48	318.00
995.66	284.00
995.84	355.00
996.02	359.00
996.20	301.00
996.38	251.00
996.56	306.00
996.74	385.00
996.92	339.00
997.10	232.00
997.28	247.00
997.46	335.00
997.63	340.00
997.81	349.00
997.99	364.00
998.17	319.00
998.35	368.00
998.53	320.00
998.71	274.00
998.89	268.00
999.07	309.00
999.25	262.00
999.43	232.00
999.60	345.00
999.78	308.00
999.96	251.00
1000.14	289.00
1000.32	328.00
1000.50	325.00
1000.68	316.00
1000.86	276.00
1001.04	282.00
1001.21	254.00
1001.39	242.00
1001.57	292.00
1001.75	302.00
1001.93	241.00
1002.11	257.00
1002.29	313.00
1002.47	340.00
1002.65	287.00
1002.82	216.00
1003.00	271.00
1003.18	304.00
1003.36	320.00
1003.54	280.00
1003.72	290.00
1003.90	281.00
1004.08	270.00
1004.26	288.00
1004.43	260.00
1004.61	281.00
1004.79	304.00
1004.97	227.00
1005.15	242.00
1005.33	278.00
1005.51	286.00
1005.69	288.00
1005.86	257.00
1006.04	339.00
1006.22	367.00
1006.40	261.00
1006.58	226.00
1006.76	315.00
1006.94	219.00
1007.12	277.00
1007.29	228.00
1007.47	207.00
1007.65	278.00
1007.83	257.00
1008.01	298.00
1008.19	290.00
1008.37	263.00
1008.54	265.00
1008.72	260.00
1008.90	249.00
1009.08	319.00
1009.26	354.00
1009.44	259.00
1009.62	262.00
1009.79	317.00
1009.97	327.00
1010.15	227.00
1010.33	238.00
1010.51	225.00
1010.69	222.00
1010.87	314.00
1011.04	323.00
1011.22	293.00
1011.40	244.00
1011.58	251.00
1011.76	295.00
1011.94	247.00
1012.11	228.00
1012.29	260.00
1012.47	217.00
1012.65	250.00
1012.83	258.00
1013.01	248.00
1013.18	242.00
1013.36	218.00
1013.54	213.00
1013.72	241.00
1013.90	220.00
1014.08	245.00
1014.25	257.00
1014.43	208.00
1014.61	255.00
1014.79	260.00
1014.97	174.00
1015.15	197.00
1015.32	206.00
1015.50	216.00
1015.68	200.00
1015.86	231.00
1016.04	275.00
1016.22	257.00
1016.39	268.00
1016.57	306.00
1016.75	278.00
1016.93	223.00
1017.11	260.00
1017.29	264.00
1017.46	231.00
1017.64	271.00
1017.82	258.00
1018.00	300.00
1018.18	288.00
1018.35	232.00
1018.53	208.00
1018.71	211.00
1018.89	214.00
1019.07	182.00
1019.24	202.00
1019.42	202.00
1019.60	215.00
1019.78	221.00
1019.96	267.00
1020.14	239.00
1020.31	189.00
1020.49	219.00
1020.67	209.00
1020.85	257.00
1021.03	210.00
1021.20	250.00
1021.38	276.00
1021.56	249.00
1021.74	238.00
1021.92	219.00
1022.09	239.00
1022.27	226.00
1022.45	204.00
1022.63	235.00
1022.81	270.00
1022.98	218.00
1023.16	235.00
1023.34	192.00
1023.52	157.00
1023.69	249.00
1023.87	201.00
1024.05	202.00
1024.23	250.00
1024.41	182.00
1024.58	146.00
1024.76	248.00
1024.94	281.00
1025.12	201.00
1025.30	157.00
1025.47	167.00
1025.65	216.00
1025.83	203.00
1026.01	204.00
1026.18	212.00
1026.36	169.00
1026.54	154.00
1026.72	208.00
1026.90	230.00
1027.07	210.00
1027.25	238.00
1027.43	257.00
1027.61	260.00
1027.78	255.00
1027.96	193.00
1028.14	173.00
1028.32	257.00
1028.49	196.00
1028.67	150.00
1028.85	145.00
1029.03	227.00
1029.21	193.00
1029.38	124.00
1029.56	235.00
1029.74	192.00
1029.92	161.00
1030.09	180.00
1030.27	188.00
1030.45	170.00
1030.63	156.00
1030.80	187.00
1030.98	228.00
1031.16	242.00
1031.34	231.00
1031.51	186.00
1031.69	143.00
1031.87	184.00
1032.05	175.00
1032.22	214.00
1032.40	151.00
1032.58	101.00
1032.76	166.00
1032.93	133.00
1033.11	197.00
1033.29	219.00
1033.47	174.00
1033.64	187.00
1033.82	167.00
1034.00	171.00
1034.18	168.00
1034.35	175.00
1034.53	152.00
1034.71	125.00
1034.89	162.00
1035.06	202.00
1035.24	202.00
1035.42	194.00
1035.59	149.00
1035.77	163.00
1035.95	177.00
1036.13	225.00
1036.30	211.00
1036.48	206.00
1036.66	144.00
1036.84	128.00
1037.01	130.00
1037.19	99.00
1037.37	137.00
1037.54	138.00
1037.72	162.00
1037.90	171.00
1038.08	203.00
1038.25	166.00
1038.43	147.00
1038.61	221.00
1038.79	117.00
1038.96	158.00
1039.14	157.00
1039.32	200.00
1039.49	199.00
1039.67	135.00
1039.85	127.00
1040.03	148.00
1040.20	146.00
1040.38	159.00
1040.56	203.00
1040.73	185.00
1040.91	140.00
1041.09	121.00
1041.27	143.00
1041.44	188.00
1041.62	243.00
1041.80	206.00
1041.97	141.00
1042.15	108.00
1042.33	186.00
1042.50	142.00
1042.68	93.00
1042.86	121.00
1043.04	174.00
1043.21	173.00
1043.39	121.00
1043.57	226.00
1043.74	183.00
1043.92	151.00
1044.10	151.00
1044.27	188.00
1044.45	131.00
1044.63	149.00
1044.80	133.00
1044.98	146.00
1045.16	162.00
1045.34	172.00
1045.51	138.00
1045.69	89.00
1045.87	131.00
1046.04	159.00
1046.22	188.00
1046.40	151.00
1046.57	189.00
1046.75	117.00
1046.93	116.00
1047.10	174.00
1047.28	194.00
1047.46	168.00
1047.63	124.00
1047.81	142.00
1047.99	225.00
1048.16	199.00
1048.34	166.00
1048.52	140.00
1048.69	193.00
1048.87	133.00
1049.05	131.00
1049.22	157.00
1049.40	132.00
1049.58	63.00
1049.75	83.00
1049.93	101.00
1050.11	127.00
1050.28	78.00
1050.46	92.00
1050.64	199.00
1050.81	149.00
1050.99	145.00
1051.17	121.00
1051.34	160.00
1051.52	130.00
1051.70	80.00
1051.87	83.00
1052.05	81.00
1052.23	68.00
1052.40	107.00
1052.58	120.00
1052.76	125.00
1052.93	117.00
1053.11	72.00
1053.29	129.00
1053.46	86.00
1053.64	68.00
1053.82	81.00
1053.99	106.00
1054.17	103.00
1054.35	115.00
1054.52	154.00
1054.70	109.00
1054.87	171.00
1055.05	150.00
1055.23	113.00
1055.40	115.00
1055.58	103.00
1055.76	51.00
1055.93	55.00
1056.11	76.00
1056.29	72.00
1056.46	159.00
1056.64	175.00
1056.81	140.00
1056.99	92.00
1057.17	94.00
1057.34	85.00
1057.52	108.00
1057.70	104.00
1057.87	80.00
1058.05	141.00
1058.22	188.00
1058.40	136.00
1058.58	134.00
1058.75	116.00
1058.93	132.00
1059.11	90.00
1059.28	98.00
1059.46	125.00
1059.63	110.00
1059.81	76.00
1059.99	171.00
1060.16	163.00
1060.34	162.00
1060.52	119.00
1060.69	112.00
1060.87	149.00
1061.04	171.00
1061.22	127.00
