367.62	-24.00
367.82	-21.00
368.02	-24.00
368.23	17.00
368.43	0.00
368.63	-8.00
368.83	-6.00
369.04	-26.00
369.24	-20.00
369.44	14.00
369.65	72.00
369.85	29.00
370.05	17.00
370.25	10.00
370.46	-25.00
370.66	-34.00
370.86	79.00
371.07	21.00
371.27	-55.00
371.47	21.00
371.67	33.00
371.88	-18.00
372.08	-28.00
372.28	5.00
372.49	25.00
372.69	21.00
372.89	-21.00
373.09	-16.00
373.30	35.00
373.50	-2.00
373.70	8.00
373.91	36.00
374.11	10.00
374.31	-23.00
374.51	-27.00
374.72	26.00
374.92	104.00
375.12	119.00
375.33	7.00
375.53	-58.00
375.73	-61.00
375.93	78.00
376.14	74.00
376.34	45.00
376.54	-31.00
376.74	-80.00
376.95	-19.00
377.15	57.00
377.35	22.00
377.55	19.00
377.76	34.00
377.96	9.00
378.16	36.00
378.37	101.00
378.57	48.00
378.77	57.00
378.97	47.00
379.18	4.00
379.38	-37.00
379.58	4.00
379.78	-3.00
379.99	-22.00
380.19	-28.00
380.39	25.00
380.59	-12.00
380.80	48.00
381.00	35.00
381.20	-62.00
381.40	-6.00
381.61	6.00
381.81	-18.00
382.01	-6.00
382.21	19.00
382.42	43.00
382.62	45.00
382.82	3.00
383.02	35.00
383.23	31.00
383.43	10.00
383.63	32.00
383.83	56.00
384.04	49.00
384.24	31.00
384.44	-41.00
384.64	-48.00
384.85	28.00
385.05	74.00
385.25	48.00
385.45	36.00
385.66	42.00
385.86	58.00
386.06	35.00
386.26	8.00
386.47	-28.00
386.67	7.00
386.87	17.00
387.07	23.00
387.27	-2.00
387.48	6.00
387.68	82.00
387.88	93.00
388.08	51.00
388.29	-31.00
388.49	-1.00
388.69	-5.00
388.89	-15.00
389.10	-21.00
389.30	11.00
389.50	1.00
389.70	28.00
389.90	20.00
390.11	-8.00
390.31	22.00
390.51	45.00
390.71	-34.00
390.92	-38.00
391.12	22.00
391.32	-37.00
391.52	-3.00
391.72	67.00
391.93	93.00
392.13	73.00
392.33	21.00
392.53	3.00
392.74	3.00
392.94	48.00
393.14	38.00
393.34	10.00
393.54	50.00
393.75	24.00
393.95	34.00
394.15	-33.00
394.35	17.00
394.56	-31.00
394.76	-2.00
394.96	15.00
395.16	18.00
395.36	20.00
395.57	29.00
395.77	47.00
395.97	53.00
396.17	-9.00
396.37	-30.00
396.58	14.00
396.78	26.00
396.98	84.00
397.18	4.00
397.38	-9.00
397.59	47.00
397.79	71.00
397.99	18.00
398.19	66.00
398.39	24.00
398.60	31.00
398.80	25.00
399.00	5.00
399.20	43.00
399.40	26.00
399.61	33.00
399.81	70.00
400.01	50.00
400.21	51.00
400.41	49.00
400.62	40.00
400.82	97.00
401.02	53.00
401.22	45.00
401.42	114.00
401.63	-2.00
401.83	9.00
402.03	9.00
402.23	61.00
402.43	69.00
402.64	15.00
402.84	55.00
403.04	33.00
403.24	13.00
403.44	109.00
403.64	124.00
403.85	79.00
404.05	52.00
404.25	67.00
404.45	64.00
404.65	118.00
404.86	73.00
405.06	102.00
405.26	116.00
405.46	30.00
405.66	-1.00
405.86	1.00
406.07	59.00
406.27	40.00
406.47	-31.00
406.67	35.00
406.87	88.00
407.07	62.00
407.28	48.00
407.48	30.00
407.68	10.00
407.88	34.00
408.08	29.00
408.28	28.00
408.49	41.00
408.69	15.00
408.89	63.00
409.09	90.00
409.29	58.00
409.49	58.00
409.70	110.00
409.90	89.00
410.10	63.00
410.30	55.00
410.50	47.00
410.70	23.00
410.91	16.00
411.11	20.00
411.31	36.00
411.51	43.00
411.71	-15.00
411.91	-10.00
412.12	68.00
412.32	46.00
412.52	-31.00
412.72	-10.00
412.92	35.00
413.12	20.00
413.32	49.00
413.53	43.00
413.73	77.00
413.93	59.00
414.13	44.00
414.33	27.00
414.53	11.00
414.74	15.00
414.94	26.00
415.14	-18.00
415.34	71.00
415.54	63.00
415.74	75.00
415.94	91.00
416.15	41.00
416.35	34.00
416.55	43.00
416.75	89.00
416.95	165.00
417.15	102.00
417.35	87.00
417.56	71.00
417.76	41.00
417.96	28.00
418.16	43.00
418.36	42.00
418.56	25.00
418.76	20.00
418.97	6.00
419.17	61.00
419.37	97.00
419.57	95.00
419.77	46.00
419.97	85.00
420.17	35.00
420.37	70.00
420.58	74.00
420.78	15.00
420.98	52.00
421.18	30.00
421.38	45.00
421.58	39.00
421.78	90.00
421.98	78.00
422.19	113.00
422.39	19.00
422.59	64.00
422.79	95.00
422.99	137.00
423.19	181.00
423.39	156.00
423.59	132.00
423.80	147.00
424.00	139.00
424.20	77.00
424.40	76.00
424.60	156.00
424.80	108.00
425.00	75.00
425.20	92.00
425.40	86.00
425.61	52.00
425.81	58.00
426.01	59.00
426.21	128.00
426.41	103.00
426.61	110.00
426.81	105.00
427.01	118.00
427.21	84.00
427.42	86.00
427.62	101.00
427.82	137.00
428.02	161.00
428.22	142.00
428.42	161.00
428.62	113.00
428.82	35.00
429.02	95.00
429.23	165.00
429.43	147.00
429.63	136.00
429.83	126.00
430.03	101.00
430.23	90.00
430.43	107.00
430.63	84.00
430.83	49.00
431.03	157.00
431.24	155.00
431.44	93.00
431.64	110.00
431.84	191.00
432.04	147.00
432.24	135.00
432.44	147.00
432.64	147.00
432.84	140.00
433.04	110.00
433.24	101.00
433.45	108.00
433.65	140.00
433.85	122.00
434.05	195.00
434.25	205.00
434.45	148.00
434.65	194.00
434.85	167.00
435.05	177.00
435.25	175.00
435.45	196.00
435.65	275.00
435.86	220.00
436.06	257.00
436.26	206.00
436.46	138.00
436.66	95.00
436.86	184.00
437.06	184.00
437.26	191.00
437.46	123.00
437.66	110.00
437.86	136.00
438.06	114.00
438.26	161.00
438.47	169.00
438.67	161.00
438.87	130.00
439.07	121.00
439.27	118.00
439.47	131.00
439.67	153.00
439.87	129.00
440.07	140.00
440.27	155.00
440.47	155.00
440.67	167.00
440.87	70.00
441.07	108.00
441.27	226.00
441.48	242.00
441.68	158.00
441.88	175.00
442.08	166.00
442.28	177.00
442.48	143.00
442.68	147.00
442.88	215.00
443.08	237.00
443.28	163.00
443.48	142.00
443.68	123.00
443.88	69.00
444.08	122.00
444.28	143.00
444.48	185.00
444.68	170.00
444.88	168.00
445.09	177.00
445.29	109.00
445.49	81.00
445.69	95.00
445.89	132.00
446.09	118.00
446.29	179.00
446.49	140.00
446.69	101.00
446.89	202.00
447.09	217.00
447.29	164.00
447.49	164.00
447.69	208.00
447.89	239.00
448.09	156.00
448.29	106.00
448.49	164.00
448.69	186.00
448.89	186.00
449.09	248.00
449.29	205.00
449.49	150.00
449.70	143.00
449.90	131.00
450.10	142.00
450.30	169.00
450.50	219.00
450.70	206.00
450.90	168.00
451.10	207.00
451.30	175.00
451.50	125.00
451.70	123.00
451.90	146.00
452.10	201.00
452.30	225.00
452.50	204.00
452.70	178.00
452.90	199.00
453.10	222.00
453.30	208.00
453.50	232.00
453.70	261.00
453.90	256.00
454.10	217.00
454.30	290.00
454.50	244.00
454.70	190.00
454.90	210.00
455.10	188.00
455.30	225.00
455.50	260.00
455.70	255.00
455.90	241.00
456.10	166.00
456.30	153.00
456.50	180.00
456.70	252.00
456.90	246.00
457.10	239.00
457.30	196.00
457.50	146.00
457.70	242.00
457.90	301.00
458.10	287.00
458.30	292.00
458.50	275.00
458.70	251.00
458.90	248.00
459.10	279.00
459.30	240.00
459.50	244.00
459.70	275.00
459.90	278.00
460.10	261.00
460.30	270.00
460.50	278.00
460.70	280.00
460.90	245.00
461.10	270.00
461.30	243.00
461.50	231.00
461.70	284.00
461.90	308.00
462.10	263.00
462.30	267.00
462.50	309.00
462.70	226.00
462.90	176.00
463.10	244.00
463.30	272.00
463.50	270.00
463.70	257.00
463.90	252.00
464.10	246.00
464.30	234.00
464.50	337.00
464.70	351.00
464.90	276.00
465.10	291.00
465.30	293.00
465.50	240.00
465.70	225.00
465.90	282.00
466.10	246.00
466.30	287.00
466.50	306.00
466.70	267.00
466.90	301.00
467.10	309.00
467.30	337.00
467.50	217.00
467.70	238.00
467.90	254.00
468.10	257.00
468.30	308.00
468.50	308.00
468.70	227.00
468.90	243.00
469.10	267.00
469.30	254.00
469.50	268.00
469.70	264.00
469.90	236.00
470.10	210.00
470.30	231.00
470.50	226.00
470.70	240.00
470.90	236.00
471.10	245.00
471.29	246.00
471.49	221.00
471.69	248.00
471.89	240.00
472.09	279.00
472.29	247.00
472.49	258.00
472.69	310.00
472.89	334.00
473.09	310.00
473.29	277.00
473.49	263.00
473.69	257.00
473.89	229.00
474.09	233.00
474.29	250.00
474.49	214.00
474.69	193.00
474.89	226.00
475.09	258.00
475.29	269.00
475.49	317.00
475.69	334.00
475.88	227.00
476.08	203.00
476.28	266.00
476.48	232.00
476.68	277.00
476.88	294.00
477.08	207.00
477.28	237.00
477.48	292.00
477.68	329.00
477.88	281.00
478.08	203.00
478.28	200.00
478.48	216.00
478.68	281.00
478.88	313.00
479.08	284.00
479.28	272.00
479.47	228.00
479.67	244.00
479.87	303.00
480.07	276.00
480.27	284.00
480.47	286.00
480.67	300.00
480.87	317.00
481.07	296.00
481.27	276.00
481.47	213.00
481.67	270.00
481.87	314.00
482.07	232.00
482.27	274.00
482.46	313.00
482.66	317.00
482.86	311.00
483.06	332.00
483.26	313.00
483.46	288.00
483.66	327.00
483.86	325.00
484.06	320.00
484.26	305.00
484.46	284.00
484.66	360.00
484.86	329.00
485.05	292.00
485.25	351.00
485.45	350.00
485.65	364.00
485.85	366.00
486.05	358.00
486.25	302.00
486.45	295.00
486.65	356.00
486.85	391.00
487.05	375.00
487.25	351.00
487.44	375.00
487.64	376.00
487.84	345.00
488.04	373.00
488.24	452.00
488.44	428.00
488.64	370.00
488.84	361.00
489.04	348.00
489.24	462.00
489.43	424.00
489.63	369.00
489.83	501.00
490.03	452.00
490.23	383.00
490.43	448.00
490.63	486.00
490.83	387.00
491.03	374.00
491.23	423.00
491.42	444.00
491.62	443.00
491.82	406.00
492.02	399.00
492.22	474.00
492.42	472.00
492.62	420.00
492.82	443.00
493.02	479.00
493.22	457.00
493.41	460.00
493.61	424.00
493.81	391.00
494.01	443.00
494.21	465.00
494.41	456.00
494.61	498.00
494.81	443.00
495.01	434.00
495.20	430.00
495.40	466.00
495.60	491.00
495.80	471.00
496.00	505.00
496.20	511.00
496.40	475.00
496.60	461.00
496.79	446.00
496.99	471.00
497.19	481.00
497.39	429.00
497.59	441.00
497.79	439.00
497.99	549.00
498.19	484.00
498.38	483.00
498.58	459.00
498.78	463.00
498.98	517.00
499.18	490.00
499.38	538.00
499.58	464.00
499.78	511.00
499.97	545.00
500.17	483.00
500.37	525.00
500.57	544.00
500.77	498.00
500.97	480.00
501.17	533.00
501.37	564.00
501.56	566.00
501.76	563.00
501.96	648.00
502.16	546.00
502.36	424.00
502.56	475.00
502.76	542.00
502.95	578.00
503.15	509.00
503.35	518.00
503.55	481.00
503.75	469.00
503.95	479.00
504.15	513.00
504.34	507.00
504.54	481.00
504.74	448.00
504.94	525.00
505.14	547.00
505.34	493.00
505.54	457.00
505.73	506.00
505.93	518.00
506.13	480.00
506.33	488.00
506.53	500.00
506.73	479.00
506.92	489.00
507.12	528.00
507.32	518.00
507.52	540.00
507.72	568.00
507.92	531.00
508.12	542.00
508.31	497.00
508.51	476.00
508.71	514.00
508.91	588.00
509.11	543.00
509.31	534.00
509.50	506.00
509.70	475.00
509.90	500.00
510.10	523.00
510.30	445.00
510.50	435.00
510.69	442.00
510.89	466.00
511.09	441.00
511.29	443.00
511.49	492.00
511.69	489.00
511.88	499.00
512.08	544.00
512.28	469.00
512.48	462.00
512.68	479.00
512.88	471.00
513.07	456.00
513.27	459.00
513.47	495.00
513.67	476.00
513.87	466.00
514.06	474.00
514.26	478.00
514.46	473.00
514.66	470.00
514.86	471.00
515.06	481.00
515.25	511.00
515.45	536.00
515.65	549.00
515.85	526.00
516.05	450.00
516.24	448.00
516.44	444.00
516.64	480.00
516.84	465.00
517.04	519.00
517.23	550.00
517.43	526.00
517.63	452.00
517.83	506.00
518.03	524.00
518.23	519.00
518.42	523.00
518.62	418.00
518.82	473.00
519.02	480.00
519.22	469.00
519.41	556.00
519.61	641.00
519.81	613.00
520.01	512.00
520.21	529.00
520.40	570.00
520.60	577.00
520.80	538.00
521.00	462.00
521.20	537.00
521.39	503.00
521.59	450.00
521.79	537.00
521.99	547.00
522.19	560.00
522.38	566.00
522.58	543.00
522.78	507.00
522.98	562.00
523.17	616.00
523.37	605.00
523.57	543.00
523.77	605.00
523.97	579.00
524.16	546.00
524.36	560.00
524.56	560.00
524.76	623.00
524.96	629.00
525.15	599.00
525.35	652.00
525.55	628.00
525.75	601.00
525.94	612.00
526.14	550.00
526.34	588.00
526.54	614.00
526.74	659.00
526.93	634.00
527.13	613.00
527.33	652.00
527.53	649.00
527.72	646.00
527.92	687.00
528.12	587.00
528.32	646.00
528.52	679.00
528.71	633.00
528.91	671.00
529.11	711.00
529.31	709.00
529.50	723.00
529.70	709.00
529.90	717.00
530.10	702.00
530.29	716.00
530.49	706.00
530.69	717.00
530.89	750.00
531.09	655.00
531.28	690.00
531.48	761.00
531.68	805.00
531.88	701.00
532.07	687.00
532.27	745.00
532.47	824.00
532.67	816.00
532.86	796.00
533.06	800.00
533.26	869.00
533.46	846.00
533.65	766.00
533.85	774.00
534.05	798.00
534.25	856.00
534.44	861.00
534.64	829.00
534.84	881.00
535.04	835.00
535.23	834.00
535.43	851.00
535.63	837.00
535.83	863.00
536.02	934.00
536.22	869.00
536.42	880.00
536.62	958.00
536.81	931.00
537.01	899.00
537.21	941.00
537.41	956.00
537.60	985.00
537.80	1090.00
538.00	1030.00
538.20	1005.00
538.39	1028.00
538.59	990.00
538.79	973.00
538.99	1023.00
539.18	949.00
539.38	930.00
539.58	1055.00
539.77	1106.00
539.97	1132.00
540.17	1225.00
540.37	1261.00
540.56	1330.00
540.76	1361.00
540.96	1384.00
541.16	1458.00
541.35	1401.00
541.55	1469.00
541.75	1543.00
541.94	1544.00
542.14	1509.00
542.34	1466.00
542.54	1438.00
542.73	1510.00
542.93	1540.00
543.13	1458.00
543.33	1429.00
543.52	1373.00
543.72	1355.00
543.92	1396.00
544.11	1443.00
544.31	1338.00
544.51	1420.00
544.71	1539.00
544.90	1618.00
545.10	1642.00
545.30	1695.00
545.49	1756.00
545.69	1750.00
545.89	1771.00
546.09	1773.00
546.28	1799.00
546.48	1752.00
546.68	1609.00
546.87	1446.00
547.07	1307.00
547.27	1350.00
547.47	1328.00
547.66	1231.00
547.86	1231.00
548.06	1315.00
548.25	1369.00
548.45	1188.00
548.65	1135.00
548.84	1164.00
549.04	1152.00
549.24	1136.00
549.44	1146.00
549.63	1146.00
549.83	1154.00
550.03	1048.00
550.22	1090.00
550.42	1183.00
550.62	1087.00
550.81	1043.00
551.01	1068.00
551.21	1085.00
551.41	1079.00
551.60	1045.00
551.80	1062.00
552.00	1040.00
552.19	999.00
552.39	1011.00
552.59	1034.00
552.78	953.00
552.98	992.00
553.18	1031.00
553.37	1004.00
553.57	1009.00
553.77	1022.00
553.96	1034.00
554.16	1018.00
554.36	1082.00
554.56	1052.00
554.75	943.00
554.95	975.00
555.15	967.00
555.34	879.00
555.54	920.00
555.74	934.00
555.93	929.00
556.13	915.00
556.33	1007.00
556.52	958.00
556.72	981.00
556.92	902.00
557.11	894.00
557.31	919.00
557.51	869.00
557.70	847.00
557.90	901.00
558.10	891.00
558.29	878.00
558.49	903.00
558.69	824.00
558.88	786.00
559.08	825.00
559.28	869.00
559.47	883.00
559.67	838.00
559.87	829.00
560.06	827.00
560.26	794.00
560.46	817.00
560.65	819.00
560.85	775.00
561.05	866.00
561.24	925.00
561.44	876.00
561.64	762.00
561.83	871.00
562.03	921.00
562.23	920.00
562.42	896.00
562.62	801.00
562.82	870.00
563.01	957.00
563.21	940.00
563.40	892.00
563.60	891.00
563.80	883.00
563.99	881.00
564.19	894.00
564.39	926.00
564.58	896.00
564.78	930.00
564.98	908.00
565.17	861.00
565.37	915.00
565.57	928.00
565.76	887.00
565.96	948.00
566.16	960.00
566.35	893.00
566.55	958.00
566.74	969.00
566.94	996.00
567.14	934.00
567.33	963.00
567.53	1047.00
567.73	970.00
567.92	990.00
568.12	1037.00
568.32	1003.00
568.51	1007.00
568.71	1015.00
568.90	991.00
569.10	988.00
569.30	1058.00
569.49	1099.00
569.69	1011.00
569.89	892.00
570.08	958.00
570.28	983.00
570.47	992.00
570.67	1024.00
570.87	1018.00
571.06	1067.00
571.26	1073.00
571.46	1000.00
571.65	1106.00
571.85	1091.00
572.04	1052.00
572.24	1001.00
572.44	950.00
572.63	1003.00
572.83	1025.00
573.03	1018.00
573.22	1044.00
573.42	1095.00
573.61	1063.00
573.81	1084.00
574.01	1139.00
574.20	1078.00
574.40	1153.00
574.59	1182.00
574.79	1144.00
574.99	1090.00
575.18	1071.00
575.38	1131.00
575.58	1151.00
575.77	1178.00
575.97	1253.00
576.16	1276.00
576.36	1324.00
576.56	1303.00
576.75	1301.00
576.95	1255.00
577.14	1224.00
577.34	1268.00
577.54	1299.00
577.73	1246.00
577.93	1169.00
578.12	1224.00
578.32	1258.00
578.52	1345.00
578.71	1321.00
578.91	1319.00
579.10	1274.00
579.30	1445.00
579.50	1507.00
579.69	1457.00
579.89	1391.00
580.08	1419.00
580.28	1438.00
580.48	1385.00
580.67	1338.00
580.87	1440.00
581.06	1451.00
581.26	1419.00
581.45	1503.00
581.65	1481.00
581.85	1504.00
582.04	1526.00
582.24	1533.00
582.43	1595.00
582.63	1480.00
582.83	1528.00
583.02	1649.00
583.22	1603.00
583.41	1629.00
583.61	1678.00
583.80	1732.00
584.00	1709.00
584.20	1716.00
584.39	1676.00
584.59	1563.00
584.78	1642.00
584.98	1755.00
585.17	1674.00
585.37	1686.00
585.57	1679.00
585.76	1665.00
585.96	1716.00
586.15	1735.00
586.35	1829.00
586.54	1866.00
586.74	1743.00
586.94	1826.00
587.13	1845.00
587.33	1884.00
587.52	1961.00
587.72	1933.00
587.91	1941.00
588.11	1987.00
588.31	2002.00
588.50	1834.00
588.70	1928.00
588.89	1880.00
589.09	1874.00
589.28	1967.00
589.48	1919.00
589.68	1948.00
589.87	1976.00
590.07	1941.00
590.26	2010.00
590.46	2018.00
590.65	1982.00
590.85	1958.00
591.04	2028.00
591.24	2065.00
591.44	2045.00
591.63	2069.00
591.83	2017.00
592.02	1994.00
592.22	2059.00
592.41	2124.00
592.61	2077.00
592.80	2147.00
593.00	2151.00
593.19	2242.00
593.39	2276.00
593.59	2191.00
593.78	2193.00
593.98	2130.00
594.17	2123.00
594.37	2180.00
594.56	2122.00
594.76	2146.00
594.95	2177.00
595.15	2180.00
595.34	2142.00
595.54	2117.00
595.73	2183.00
595.93	2189.00
596.13	2212.00
596.32	2153.00
596.52	2198.00
596.71	2247.00
596.91	2201.00
597.10	2194.00
597.30	2189.00
597.49	2195.00
597.69	2229.00
597.88	2256.00
598.08	2279.00
598.27	2274.00
598.47	2296.00
598.66	2243.00
598.86	2224.00
599.06	2251.00
599.25	2295.00
599.45	2278.00
599.64	2320.00
599.84	2314.00
600.03	2289.00
600.23	2265.00
600.42	2281.00
600.62	2228.00
600.81	2275.00
601.01	2255.00
601.20	2138.00
601.40	2160.00
601.59	2206.00
601.79	2288.00
601.98	2265.00
602.18	2205.00
602.37	2182.00
602.57	2167.00
602.76	2188.00
602.96	2202.00
603.15	2114.00
603.35	2179.00
603.54	2130.00
603.74	2106.00
603.93	2171.00
604.13	2251.00
604.32	2203.00
604.52	2153.00
604.71	2161.00
604.91	2095.00
605.10	2072.00
605.30	2162.00
605.49	2138.00
605.69	2085.00
605.88	2117.00
606.08	2078.00
606.27	2087.00
606.47	2111.00
606.66	2158.00
606.86	2132.00
607.05	2121.00
607.25	2136.00
607.44	2081.00
607.64	2039.00
607.83	2088.00
608.03	2088.00
608.22	2100.00
608.42	2103.00
608.61	2221.00
608.81	2194.00
609.00	2194.00
609.20	2194.00
609.39	2219.00
609.59	2335.00
609.78	2389.00
609.98	2471.00
610.17	2663.00
610.37	2792.00
610.56	2856.00
610.76	3130.00
610.95	3276.00
611.15	3317.00
611.34	3438.00
611.54	3498.00
611.73	3443.00
611.93	3282.00
612.12	2952.00
612.32	2693.00
612.51	2519.00
612.71	2431.00
612.90	2489.00
613.09	2422.00
613.29	2261.00
613.48	2365.00
613.68	2377.00
613.87	2353.00
614.07	2297.00
614.26	2236.00
614.46	2242.00
614.65	2289.00
614.85	2237.00
615.04	2257.00
615.24	2148.00
615.43	2019.00
615.63	2104.00
615.82	2106.00
616.02	2058.00
616.21	2076.00
616.40	2058.00
616.60	2044.00
616.79	1993.00
616.99	1987.00
617.18	1980.00
617.38	1953.00
617.57	2070.00
617.77	2018.00
617.96	1883.00
618.16	1810.00
618.35	1886.00
618.54	2025.00
618.74	1993.00
618.93	2010.00
619.13	1985.00
619.32	1985.00
619.52	1977.00
619.71	2028.00
619.91	2013.00
620.10	2014.00
620.30	1973.00
620.49	2008.00
620.68	1984.00
620.88	2042.00
621.07	1969.00
621.27	1929.00
621.46	2040.00
621.66	2000.00
621.85	1977.00
622.05	2006.00
622.24	2040.00
622.43	2080.00
622.63	2104.00
622.82	2106.00
623.02	2129.00
623.21	2096.00
623.41	2074.00
623.60	2086.00
623.80	2109.00
623.99	2067.00
624.18	2078.00
624.38	2099.00
624.57	2059.00
624.77	2037.00
624.96	2090.00
625.16	2093.00
625.35	2113.00
625.54	2137.00
625.74	2150.00
625.93	2165.00
626.13	2196.00
626.32	2154.00
626.52	2184.00
626.71	2239.00
626.90	2210.00
627.10	2130.00
627.29	2171.00
627.49	2140.00
627.68	2232.00
627.88	2201.00
628.07	2197.00
628.26	2299.00
628.46	2212.00
628.65	2264.00
628.85	2190.00
629.04	2157.00
629.23	2273.00
629.43	2342.00
629.62	2328.00
629.82	2267.00
630.01	2259.00
630.21	2320.00
630.40	2349.00
630.59	2344.00
630.79	2411.00
630.98	2415.00
631.18	2508.00
631.37	2466.00
631.56	2470.00
631.76	2534.00
631.95	2490.00
632.15	2414.00
632.34	2401.00
632.53	2397.00
632.73	2417.00
632.92	2327.00
633.12	2287.00
633.31	2309.00
633.50	2379.00
633.70	2328.00
633.89	2417.00
634.09	2510.00
634.28	2393.00
634.47	2384.00
634.67	2398.00
634.86	2435.00
635.06	2395.00
635.25	2396.00
635.44	2496.00
635.64	2625.00
635.83	2635.00
636.03	2530.00
636.22	2452.00
636.41	2460.00
636.61	2517.00
636.80	2559.00
637.00	2559.00
637.19	2496.00
637.38	2546.00
637.58	2558.00
637.77	2598.00
637.96	2497.00
638.16	2524.00
638.35	2653.00
638.55	2663.00
638.74	2593.00
638.93	2608.00
639.13	2662.00
639.32	2655.00
639.51	2566.00
639.71	2629.00
639.90	2682.00
640.10	2729.00
640.29	2758.00
640.48	2725.00
640.68	2745.00
640.87	2771.00
641.07	2771.00
641.26	2789.00
641.45	2875.00
641.65	2921.00
641.84	2819.00
642.03	2794.00
642.23	2839.00
642.42	2926.00
642.61	2865.00
642.81	2832.00
643.00	2973.00
643.20	3001.00
643.39	2925.00
643.58	2914.00
643.78	2822.00
643.97	2891.00
644.16	2957.00
644.36	2973.00
644.55	2977.00
644.74	2911.00
644.94	3052.00
645.13	3127.00
645.33	3058.00
645.52	3116.00
645.71	3098.00
645.91	3054.00
646.10	3026.00
646.29	3033.00
646.49	3052.00
646.68	3111.00
646.87	3123.00
647.07	3061.00
647.26	3097.00
647.45	3146.00
647.65	3231.00
647.84	3251.00
648.03	3153.00
648.23	3190.00
648.42	3179.00
648.62	3133.00
648.81	3184.00
649.00	3206.00
649.20	3197.00
649.39	3220.00
649.58	3225.00
649.78	3216.00
649.97	3295.00
650.16	3208.00
650.36	3230.00
650.55	3305.00
650.74	3290.00
650.94	3269.00
651.13	3292.00
651.32	3275.00
651.52	3254.00
651.71	3271.00
651.90	3336.00
652.10	3336.00
652.29	3297.00
652.48	3293.00
652.68	3264.00
652.87	3222.00
653.06	3218.00
653.26	3265.00
653.45	3242.00
653.64	3268.00
653.84	3267.00
654.03	3321.00
654.22	3297.00
654.42	3373.00
654.61	3262.00
654.80	3258.00
654.99	3318.00
655.19	3391.00
655.38	3367.00
655.57	3263.00
655.77	3315.00
655.96	3357.00
656.15	3301.00
656.35	3222.00
656.54	3222.00
656.73	3267.00
656.93	3192.00
657.12	3221.00
657.31	3221.00
657.51	3177.00
657.70	3192.00
657.89	3230.00
658.09	3250.00
658.28	3305.00
658.47	3369.00
658.66	3326.00
658.86	3287.00
659.05	3303.00
659.24	3329.00
659.44	3309.00
659.63	3225.00
659.82	3251.00
660.02	3208.00
660.21	3200.00
660.40	3246.00
660.60	3207.00
660.79	3207.00
660.98	3166.00
661.17	3154.00
661.37	3235.00
661.56	3134.00
661.75	3175.00
661.95	3217.00
662.14	3185.00
662.33	3255.00
662.52	3261.00
662.72	3269.00
662.91	3216.00
663.10	3128.00
663.30	3142.00
663.49	3231.00
663.68	3194.00
663.88	3138.00
664.07	3126.00
664.26	3137.00
664.45	3119.00
664.65	3005.00
664.84	3099.00
665.03	3113.00
665.23	3004.00
665.42	3125.00
665.61	3120.00
665.80	3040.00
666.00	3069.00
666.19	3090.00
666.38	3059.00
666.57	3086.00
666.77	3094.00
666.96	3072.00
667.15	3031.00
667.35	2967.00
667.54	3031.00
667.73	3087.00
667.92	3050.00
668.12	3000.00
668.31	2997.00
668.50	3003.00
668.70	2941.00
668.89	3019.00
669.08	3004.00
669.27	2952.00
669.47	2909.00
669.66	2974.00
669.85	2993.00
670.04	2964.00
670.24	3058.00
670.43	3046.00
670.62	2979.00
670.81	2977.00
671.01	2988.00
671.20	2959.00
671.39	2955.00
671.58	2891.00
671.78	2963.00
671.97	2958.00
672.16	2951.00
672.36	2939.00
672.55	2930.00
672.74	2847.00
672.93	2893.00
673.13	2870.00
673.32	2937.00
673.51	2919.00
673.70	2794.00
673.90	2782.00
674.09	2815.00
674.28	2833.00
674.47	2836.00
674.67	2819.00
674.86	2815.00
675.05	2849.00
675.24	2866.00
675.44	2856.00
675.63	2864.00
675.82	2789.00
676.01	2784.00
676.21	2807.00
676.40	2756.00
676.59	2728.00
676.78	2776.00
676.97	2816.00
677.17	2806.00
677.36	2784.00
677.55	2722.00
677.74	2672.00
677.94	2640.00
678.13	2685.00
678.32	2794.00
678.51	2743.00
678.71	2666.00
678.90	2738.00
679.09	2758.00
679.28	2727.00
679.48	2679.00
679.67	2715.00
679.86	2767.00
680.05	2741.00
680.24	2628.00
680.44	2693.00
680.63	2729.00
680.82	2608.00
681.01	2633.00
681.21	2620.00
681.40	2694.00
681.59	2668.00
681.78	2734.00
681.97	2730.00
682.17	2624.00
682.36	2711.00
682.55	2758.00
682.74	2735.00
682.94	2691.00
683.13	2764.00
683.32	2729.00
683.51	2685.00
683.70	2635.00
683.90	2593.00
684.09	2680.00
684.28	2672.00
684.47	2531.00
684.66	2540.00
684.86	2614.00
685.05	2648.00
685.24	2640.00
685.43	2653.00
685.63	2646.00
685.82	2631.00
686.01	2686.00
686.20	2692.00
686.39	2616.00
686.59	2653.00
686.78	2732.00
686.97	2755.00
687.16	2696.00
687.35	2610.00
687.55	2582.00
687.74	2628.00
687.93	2663.00
688.12	2696.00
688.31	2701.00
688.51	2617.00
688.70	2666.00
688.89	2664.00
689.08	2614.00
689.27	2591.00
689.47	2620.00
689.66	2653.00
689.85	2642.00
690.04	2615.00
690.23	2547.00
690.42	2594.00
690.62	2673.00
690.81	2647.00
691.00	2552.00
691.19	2593.00
691.38	2717.00
691.58	2714.00
691.77	2705.00
691.96	2716.00
692.15	2641.00
692.34	2670.00
692.54	2695.00
692.73	2596.00
692.92	2674.00
693.11	2735.00
693.30	2719.00
693.49	2717.00
693.69	2672.00
693.88	2615.00
694.07	2641.00
694.26	2713.00
694.45	2644.00
694.64	2608.00
694.84	2640.00
695.03	2632.00
695.22	2538.00
695.41	2502.00
695.60	2526.00
695.80	2626.00
695.99	2658.00
696.18	2643.00
696.37	2565.00
696.56	2603.00
696.75	2689.00
696.95	2655.00
697.14	2672.00
697.33	2604.00
697.52	2625.00
697.71	2719.00
697.90	2639.00
698.09	2658.00
698.29	2776.00
698.48	2797.00
698.67	2789.00
698.86	2775.00
699.05	2719.00
699.24	2708.00
699.44	2682.00
699.63	2658.00
699.82	2774.00
700.01	2756.00
700.20	2720.00
700.39	2637.00
700.58	2677.00
700.78	2771.00
700.97	2702.00
701.16	2698.00
701.35	2691.00
701.54	2717.00
701.73	2728.00
701.93	2715.00
702.12	2751.00
702.31	2725.00
702.50	2779.00
702.69	2834.00
702.88	2869.00
703.07	2871.00
703.27	2844.00
703.46	2843.00
703.65	2885.00
703.84	2897.00
704.03	2862.00
704.22	2906.00
704.41	2918.00
704.60	2891.00
704.80	2893.00
704.99	2851.00
705.18	2851.00
705.37	2863.00
705.56	2910.00
705.75	2847.00
705.94	2878.00
706.14	2940.00
706.33	2976.00
706.52	3039.00
706.71	3092.00
706.90	3077.00
707.09	3086.00
707.28	3098.00
707.47	3146.00
707.67	3026.00
707.86	3054.00
708.05	3087.00
708.24	3115.00
708.43	3203.00
708.62	3167.00
708.81	3147.00
709.00	3135.00
709.20	3129.00
709.39	3048.00
709.58	3122.00
709.77	3071.00
709.96	3080.00
710.15	3163.00
710.34	3206.00
710.53	3149.00
710.72	3187.00
710.92	3296.00
711.11	3107.00
711.30	3239.00
711.49	3258.00
711.68	3165.00
711.87	3160.00
712.06	3116.00
712.25	3171.00
712.44	3241.00
712.64	3257.00
712.83	3274.00
713.02	3396.00
713.21	3388.00
713.40	3298.00
713.59	3343.00
713.78	3329.00
713.97	3332.00
714.16	3380.00
714.35	3341.00
714.55	3319.00
714.74	3269.00
714.93	3196.00
715.12	3238.00
715.31	3284.00
715.50	3372.00
715.69	3322.00
715.88	3302.00
716.07	3349.00
716.26	3402.00
716.45	3374.00
716.65	3255.00
716.84	3287.00
717.03	3383.00
717.22	3381.00
717.41	3317.00
717.60	3392.00
717.79	3395.00
717.98	3377.00
718.17	3398.00
718.36	3435.00
718.55	3366.00
718.75	3381.00
718.94	3441.00
719.13	3473.00
719.32	3495.00
719.51	3355.00
719.70	3376.00
719.89	3412.00
720.08	3386.00
720.27	3453.00
720.46	3428.00
720.65	3440.00
720.84	3450.00
721.03	3381.00
721.22	3353.00
721.42	3448.00
721.61	3504.00
721.80	3393.00
721.99	3370.00
722.18	3412.00
722.37	3506.00
722.56	3424.00
722.75	3421.00
722.94	3469.00
723.13	3382.00
723.32	3397.00
723.51	3406.00
723.70	3392.00
723.89	3281.00
724.08	3319.00
724.28	3351.00
724.47	3377.00
724.66	3372.00
724.85	3466.00
725.04	3467.00
725.23	3447.00
725.42	3465.00
725.61	3526.00
725.80	3503.00
725.99	3494.00
726.18	3470.00
726.37	3476.00
726.56	3559.00
726.75	3486.00
726.94	3489.00
727.13	3483.00
727.32	3566.00
727.51	3470.00
727.71	3443.00
727.90	3350.00
728.09	3442.00
728.28	3473.00
728.47	3477.00
728.66	3422.00
728.85	3277.00
729.04	3339.00
729.23	3402.00
729.42	3377.00
729.61	3433.00
729.80	3527.00
729.99	3496.00
730.18	3457.00
730.37	3524.00
730.56	3585.00
730.75	3575.00
730.94	3588.00
731.13	3463.00
731.32	3380.00
731.51	3492.00
731.70	3497.00
731.89	3432.00
732.08	3432.00
732.27	3464.00
732.46	3496.00
732.65	3437.00
732.84	3448.00
733.04	3358.00
733.23	3378.00
733.42	3496.00
733.61	3518.00
733.80	3390.00
733.99	3449.00
734.18	3397.00
734.37	3340.00
734.56	3383.00
734.75	3377.00
734.94	3420.00
735.13	3416.00
735.32	3332.00
735.51	3259.00
735.70	3260.00
735.89	3286.00
736.08	3296.00
736.27	3260.00
736.46	3245.00
736.65	3320.00
736.84	3291.00
737.03	3260.00
737.22	3318.00
737.41	3283.00
737.60	3340.00
737.79	3348.00
737.98	3276.00
738.17	3291.00
738.36	3309.00
738.55	3238.00
738.74	3310.00
738.93	3388.00
739.12	3324.00
739.31	3249.00
739.50	3163.00
739.69	3281.00
739.88	3276.00
740.07	3166.00
740.26	3183.00
740.45	3220.00
740.64	3219.00
740.83	3268.00
741.02	3261.00
741.21	3189.00
741.40	3102.00
741.59	3034.00
741.78	3092.00
741.97	3162.00
742.16	3051.00
742.35	2997.00
742.54	3077.00
742.73	3190.00
742.92	3121.00
743.11	3073.00
743.30	3034.00
743.49	3019.00
743.68	3119.00
743.87	3159.00
744.06	3069.00
744.25	3047.00
744.44	3036.00
744.63	3016.00
744.82	3027.00
745.01	3089.00
745.20	3081.00
745.39	3106.00
745.58	3038.00
745.77	3013.00
745.96	3047.00
746.15	3032.00
746.34	3051.00
746.52	3027.00
746.71	3035.00
746.90	3041.00
747.09	3018.00
747.28	2940.00
747.47	2988.00
747.66	3050.00
747.85	3058.00
748.04	2895.00
748.23	2734.00
748.42	2742.00
748.61	2749.00
748.80	2901.00
748.99	2896.00
749.18	2875.00
749.37	2833.00
749.56	2837.00
749.75	2815.00
749.94	2806.00
750.13	2749.00
750.32	2746.00
750.51	2798.00
750.70	2806.00
750.89	2753.00
751.08	2696.00
751.27	2683.00
751.46	2847.00
751.64	2819.00
751.83	2816.00
752.02	2806.00
752.21	2729.00
752.40	2688.00
752.59	2656.00
752.78	2734.00
752.97	2739.00
753.16	2718.00
753.35	2712.00
753.54	2698.00
753.73	2629.00
753.92	2654.00
754.11	2685.00
754.30	2700.00
754.49	2679.00
754.68	2700.00
754.87	2653.00
755.06	2649.00
755.24	2622.00
755.43	2627.00
755.62	2576.00
755.81	2593.00
756.00	2673.00
756.19	2685.00
756.38	2596.00
756.57	2500.00
756.76	2490.00
756.95	2539.00
757.14	2467.00
757.33	2594.00
757.52	2494.00
757.71	2459.00
757.90	2561.00
758.08	2538.00
758.27	2393.00
758.46	2429.00
758.65	2507.00
758.84	2535.00
759.03	2541.00
759.22	2532.00
759.41	2526.00
759.60	2594.00
759.79	2527.00
759.98	2549.00
760.17	2530.00
760.36	2535.00
760.54	2523.00
760.73	2471.00
760.92	2461.00
761.11	2417.00
761.30	2381.00
761.49	2368.00
761.68	2283.00
761.87	2278.00
762.06	2287.00
762.25	2376.00
762.44	2378.00
762.63	2238.00
762.81	2217.00
763.00	2162.00
763.19	2158.00
763.38	2209.00
763.57	2229.00
763.76	2147.00
763.95	2113.00
764.14	2095.00
764.33	2096.00
764.52	2092.00
764.71	2094.00
764.89	2061.00
765.08	2030.00
765.27	2086.00
765.46	2138.00
765.65	2111.00
765.84	2062.00
766.03	2125.00
766.22	2109.00
766.41	2165.00
766.59	2264.00
766.78	2275.00
766.97	2239.00
767.16	2244.00
767.35	2332.00
767.54	2366.00
767.73	2339.00
767.92	2363.00
768.11	2334.00
768.30	2356.00
768.48	2351.00
768.67	2361.00
768.86	2361.00
769.05	2373.00
769.24	2414.00
769.43	2348.00
769.62	2371.00
769.81	2321.00
769.99	2360.00
770.18	2423.00
770.37	2336.00
770.56	2327.00
770.75	2367.00
770.94	2374.00
771.13	2390.00
771.32	2392.00
771.50	2339.00
771.69	2411.00
771.88	2403.00
772.07	2403.00
772.26	2276.00
772.45	2225.00
772.64	2334.00
772.83	2485.00
773.01	2387.00
773.20	2412.00
773.39	2319.00
773.58	2309.00
773.77	2382.00
773.96	2383.00
774.15	2316.00
774.34	2350.00
774.52	2459.00
774.71	2399.00
774.90	2274.00
775.09	2262.00
775.28	2313.00
775.47	2221.00
775.66	2281.00
775.84	2325.00
776.03	2337.00
776.22	2336.00
776.41	2295.00
776.60	2216.00
776.79	2291.00
776.98	2197.00
777.16	2292.00
777.35	2302.00
777.54	2260.00
777.73	2308.00
777.92	2322.00
778.11	2340.00
778.29	2333.00
778.48	2220.00
778.67	2254.00
778.86	2259.00
779.05	2300.00
779.24	2307.00
779.43	2294.00
779.61	2313.00
779.80	2353.00
779.99	2362.00
780.18	2336.00
780.37	2245.00
780.56	2254.00
780.74	2427.00
780.93	2411.00
781.12	2332.00
781.31	2300.00
781.50	2309.00
781.69	2243.00
781.87	2196.00
782.06	2232.00
782.25	2312.00
782.44	2359.00
782.63	2354.00
782.82	2318.00
783.00	2320.00
783.19	2240.00
783.38	2227.00
783.57	2381.00
783.76	2381.00
783.95	2274.00
784.13	2296.00
784.32	2413.00
784.51	2410.00
784.70	2352.00
784.89	2303.00
785.08	2324.00
785.26	2302.00
785.45	2343.00
785.64	2326.00
785.83	2345.00
786.02	2392.00
786.20	2403.00
786.39	2389.00
786.58	2335.00
786.77	2334.00
786.96	2346.00
787.15	2337.00
787.33	2350.00
787.52	2419.00
787.71	2383.00
787.90	2447.00
788.09	2425.00
788.27	2367.00
788.46	2400.00
788.65	2464.00
788.84	2416.00
789.03	2306.00
789.21	2266.00
789.40	2366.00
789.59	2424.00
789.78	2326.00
789.97	2417.00
790.15	2419.00
790.34	2397.00
790.53	2512.00
790.72	2491.00
790.91	2467.00
791.09	2511.00
791.28	2492.00
791.47	2384.00
791.66	2373.00
791.85	2426.00
792.03	2475.00
792.22	2476.00
792.41	2428.00
792.60	2387.00
792.79	2443.00
792.97	2519.00
793.16	2558.00
793.35	2506.00
793.54	2474.00
793.72	2586.00
793.91	2520.00
794.10	2431.00
794.29	2515.00
794.48	2541.00
794.66	2541.00
794.85	2532.00
795.04	2544.00
795.23	2595.00
795.42	2621.00
795.60	2547.00
795.79	2520.00
795.98	2502.00
796.17	2527.00
796.35	2591.00
796.54	2566.00
796.73	2550.00
796.92	2437.00
797.11	2439.00
797.29	2525.00
797.48	2495.00
797.67	2545.00
797.86	2624.00
798.04	2542.00
798.23	2509.00
798.42	2509.00
798.61	2535.00
798.79	2498.00
798.98	2487.00
799.17	2471.00
799.36	2472.00
799.54	2473.00
799.73	2405.00
799.92	2409.00
800.11	2481.00
800.30	2458.00
800.48	2485.00
800.67	2552.00
800.86	2539.00
801.05	2494.00
801.23	2505.00
801.42	2593.00
801.61	2478.00
801.80	2486.00
801.98	2521.00
802.17	2505.00
802.36	2524.00
802.55	2565.00
802.73	2573.00
802.92	2547.00
803.11	2614.00
803.30	2636.00
803.48	2506.00
803.67	2476.00
803.86	2522.00
804.05	2591.00
804.23	2602.00
804.42	2597.00
804.61	2652.00
804.80	2683.00
804.98	2675.00
805.17	2547.00
805.36	2503.00
805.54	2476.00
805.73	2580.00
805.92	2599.00
806.11	2574.00
806.29	2499.00
806.48	2494.00
806.67	2590.00
806.86	2580.00
807.04	2587.00
807.23	2591.00
807.42	2589.00
807.61	2623.00
807.79	2610.00
807.98	2590.00
808.17	2619.00
808.35	2626.00
808.54	2599.00
808.73	2623.00
808.92	2647.00
809.10	2596.00
809.29	2623.00
809.48	2598.00
809.67	2541.00
809.85	2575.00
810.04	2610.00
810.23	2618.00
810.41	2611.00
810.60	2505.00
810.79	2596.00
810.98	2611.00
811.16	2585.00
811.35	2559.00
811.54	2541.00
811.72	2570.00
811.91	2535.00
812.10	2435.00
812.29	2498.00
812.47	2536.00
812.66	2581.00
812.85	2518.00
813.03	2529.00
813.22	2521.00
813.41	2518.00
813.60	2575.00
813.78	2551.00
813.97	2492.00
814.16	2520.00
814.34	2547.00
814.53	2566.00
814.72	2557.00
814.90	2598.00
815.09	2532.00
815.28	2524.00
815.47	2567.00
815.65	2494.00
815.84	2477.00
816.03	2496.00
816.21	2458.00
816.40	2540.00
816.59	2477.00
816.77	2488.00
816.96	2520.00
817.15	2579.00
817.33	2538.00
817.52	2488.00
817.71	2576.00
817.90	2638.00
818.08	2558.00
818.27	2523.00
818.46	2514.00
818.64	2534.00
818.83	2453.00
819.02	2549.00
819.20	2670.00
819.39	2577.00
819.58	2481.00
819.76	2566.00
819.95	2605.00
820.14	2519.00
820.32	2580.00
820.51	2573.00
820.70	2553.00
820.88	2446.00
821.07	2512.00
821.26	2572.00
821.44	2482.00
821.63	2568.00
821.82	2525.00
822.01	2532.00
822.19	2582.00
822.38	2561.00
822.57	2544.00
822.75	2536.00
822.94	2524.00
823.13	2561.00
823.31	2604.00
823.50	2548.00
823.69	2504.00
823.87	2484.00
824.06	2544.00
824.25	2486.00
824.43	2502.00
824.62	2568.00
824.80	2532.00
824.99	2502.00
825.18	2421.00
825.36	2443.00
825.55	2532.00
825.74	2452.00
825.92	2347.00
826.11	2426.00
826.30	2498.00
826.48	2416.00
826.67	2392.00
826.86	2350.00
827.04	2387.00
827.23	2427.00
827.42	2416.00
827.60	2392.00
827.79	2421.00
827.98	2428.00
828.16	2428.00
828.35	2490.00
828.54	2510.00
828.72	2504.00
828.91	2470.00
829.09	2440.00
829.28	2445.00
829.47	2389.00
829.65	2434.00
829.84	2473.00
830.03	2368.00
830.21	2426.00
830.40	2386.00
830.59	2415.00
830.77	2394.00
830.96	2428.00
831.14	2395.00
831.33	2375.00
831.52	2426.00
831.70	2445.00
831.89	2480.00
832.08	2404.00
832.26	2348.00
832.45	2379.00
832.64	2426.00
832.82	2412.00
833.01	2360.00
833.19	2378.00
833.38	2337.00
833.57	2341.00
833.75	2342.00
833.94	2300.00
834.13	2401.00
834.31	2428.00
834.50	2357.00
834.68	2375.00
834.87	2312.00
835.06	2366.00
835.24	2348.00
835.43	2251.00
835.61	2310.00
835.80	2316.00
835.99	2345.00
836.17	2350.00
836.36	2435.00
836.55	2425.00
836.73	2326.00
836.92	2288.00
837.10	2337.00
837.29	2308.00
837.48	2373.00
837.66	2339.00
837.85	2372.00
838.03	2321.00
838.22	2174.00
838.41	2250.00
838.59	2289.00
838.78	2264.00
838.96	2264.00
839.15	2237.00
839.34	2307.00
839.52	2309.00
839.71	2296.00
839.89	2296.00
840.08	2274.00
840.27	2212.00
840.45	2217.00
840.64	2222.00
840.82	2236.00
841.01	2237.00
841.20	2232.00
841.38	2230.00
841.57	2179.00
841.75	2200.00
841.94	2220.00
842.13	2208.00
842.31	2167.00
842.50	2130.00
842.68	2082.00
842.87	2082.00
843.05	2054.00
843.24	2062.00
843.43	2169.00
843.61	2131.00
843.80	2093.00
843.98	2157.00
844.17	2191.00
844.36	2260.00
844.54	2159.00
844.73	2072.00
844.91	2116.00
845.10	2128.00
845.28	2154.00
845.47	2126.00
845.66	2064.00
845.84	2084.00
846.03	2126.00
846.21	2019.00
846.40	2037.00
846.58	2078.00
846.77	2094.00
846.96	2045.00
847.14	2000.00
847.33	2060.00
847.51	1975.00
847.70	1957.00
847.88	2001.00
848.07	2076.00
848.25	2090.00
848.44	2031.00
848.63	2056.00
848.81	1961.00
849.00	1960.00
849.18	1971.00
849.37	1906.00
849.55	1910.00
849.74	1944.00
849.93	1918.00
850.11	1976.00
850.30	1953.00
850.48	1915.00
850.67	1924.00
850.85	1935.00
851.04	1890.00
851.22	1902.00
851.41	1962.00
851.59	1956.00
851.78	1841.00
851.97	1877.00
852.15	1907.00
852.34	1909.00
852.52	1946.00
852.71	1928.00
852.89	1957.00
853.08	1913.00
853.26	1877.00
853.45	1899.00
853.63	1902.00
853.82	1885.00
854.01	1868.00
854.19	1894.00
854.38	1847.00
854.56	1897.00
854.75	1892.00
854.93	1866.00
855.12	1839.00
855.30	1882.00
855.49	1867.00
855.67	1818.00
855.86	1857.00
856.04	1869.00
856.23	1909.00
856.41	1894.00
856.60	1883.00
856.79	1873.00
856.97	1860.00
857.16	1879.00
857.34	1923.00
857.53	1820.00
857.71	1769.00
857.90	1812.00
858.08	1879.00
858.27	1872.00
858.45	1824.00
858.64	1789.00
858.82	1838.00
859.01	1813.00
859.19	1848.00
859.38	1818.00
859.56	1729.00
859.75	1717.00
859.93	1775.00
860.12	1748.00
860.30	1667.00
860.49	1745.00
860.67	1768.00
860.86	1780.00
861.04	1754.00
861.23	1754.00
861.41	1786.00
861.60	1724.00
861.78	1732.00
861.97	1703.00
862.15	1729.00
862.34	1671.00
862.53	1624.00
862.71	1644.00
862.90	1678.00
863.08	1751.00
863.27	1679.00
863.45	1636.00
863.64	1700.00
863.82	1719.00
864.01	1655.00
864.19	1707.00
864.37	1712.00
864.56	1696.00
864.74	1632.00
864.93	1647.00
865.11	1617.00
865.30	1646.00
865.48	1618.00
865.67	1606.00
865.85	1594.00
866.04	1717.00
866.22	1707.00
866.41	1625.00
866.59	1693.00
866.78	1719.00
866.96	1709.00
867.15	1657.00
867.33	1585.00
867.52	1614.00
867.70	1643.00
867.89	1530.00
868.07	1591.00
868.26	1651.00
868.44	1589.00
868.63	1505.00
868.81	1563.00
869.00	1569.00
869.18	1595.00
869.37	1490.00
869.55	1469.00
869.74	1567.00
869.92	1584.00
870.10	1535.00
870.29	1593.00
870.47	1547.00
870.66	1526.00
870.84	1516.00
871.03	1514.00
871.21	1542.00
871.40	1524.00
871.58	1587.00
871.77	1504.00
871.95	1537.00
872.14	1525.00
872.32	1512.00
872.51	1577.00
872.69	1540.00
872.87	1492.00
873.06	1548.00
873.24	1488.00
873.43	1521.00
873.61	1486.00
873.80	1442.00
873.98	1498.00
874.17	1490.00
874.35	1468.00
874.54	1527.00
874.72	1463.00
874.90	1429.00
875.09	1375.00
875.27	1404.00
875.46	1468.00
875.64	1503.00
875.83	1530.00
876.01	1539.00
876.20	1482.00
876.38	1460.00
876.56	1410.00
876.75	1371.00
876.93	1360.00
877.12	1417.00
877.30	1432.00
877.49	1357.00
877.67	1402.00
877.86	1430.00
878.04	1427.00
878.22	1468.00
878.41	1514.00
878.59	1461.00
878.78	1549.00
878.96	1503.00
879.15	1482.00
879.33	1459.00
879.51	1371.00
879.70	1446.00
879.88	1454.00
880.07	1441.00
880.25	1421.00
880.44	1434.00
880.62	1439.00
880.80	1413.00
880.99	1472.00
881.17	1429.00
881.36	1383.00
881.54	1421.00
881.73	1445.00
881.91	1490.00
882.09	1466.00
882.28	1402.00
882.46	1344.00
882.65	1404.00
882.83	1431.00
883.02	1393.00
883.20	1449.00
883.38	1430.00
883.57	1388.00
883.75	1396.00
883.94	1397.00
884.12	1424.00
884.30	1397.00
884.49	1440.00
884.67	1398.00
884.86	1392.00
885.04	1430.00
885.22	1430.00
885.41	1378.00
885.59	1351.00
885.78	1392.00
885.96	1389.00
886.14	1287.00
886.33	1359.00
886.51	1414.00
886.70	1394.00
886.88	1365.00
887.06	1309.00
887.25	1375.00
887.43	1397.00
887.62	1321.00
887.80	1317.00
887.98	1291.00
888.17	1328.00
888.35	1333.00
888.54	1335.00
888.72	1398.00
888.90	1397.00
889.09	1378.00
889.27	1344.00
889.46	1314.00
889.64	1253.00
889.82	1286.00
890.01	1263.00
890.19	1230.00
890.38	1323.00
890.56	1387.00
890.74	1351.00
890.93	1264.00
891.11	1251.00
891.29	1295.00
891.48	1332.00
891.66	1408.00
891.85	1336.00
892.03	1232.00
892.21	1251.00
892.40	1288.00
892.58	1354.00
892.76	1382.00
892.95	1376.00
893.13	1347.00
893.32	1310.00
893.50	1319.00
893.68	1441.00
893.87	1446.00
894.05	1349.00
894.23	1397.00
894.42	1409.00
894.60	1328.00
894.79	1379.00
894.97	1361.00
895.15	1404.00
895.34	1382.00
895.52	1380.00
895.70	1391.00
895.89	1361.00
896.07	1336.00
896.25	1315.00
896.44	1356.00
896.62	1434.00
896.81	1457.00
896.99	1344.00
897.17	1387.00
897.36	1456.00
897.54	1431.00
897.72	1382.00
897.91	1356.00
898.09	1468.00
898.27	1520.00
898.46	1435.00
898.64	1361.00
898.82	1362.00
899.01	1358.00
899.19	1424.00
899.37	1443.00
899.56	1379.00
899.74	1439.00
899.92	1401.00
900.11	1476.00
900.29	1474.00
900.47	1363.00
900.66	1410.00
900.84	1462.00
901.03	1492.00
901.21	1509.00
901.39	1435.00
901.58	1387.00
901.76	1437.00
901.94	1476.00
902.13	1481.00
902.31	1550.00
902.49	1541.00
902.68	1527.00
902.86	1458.00
903.04	1487.00
903.23	1517.00
903.41	1449.00
903.59	1511.00
903.78	1491.00
903.96	1480.00
904.14	1475.00
904.32	1503.00
904.51	1518.00
904.69	1518.00
904.87	1484.00
905.06	1473.00
905.24	1453.00
905.42	1469.00
905.61	1525.00
905.79	1488.00
905.97	1467.00
906.16	1560.00
906.34	1503.00
906.52	1477.00
906.71	1504.00
906.89	1464.00
907.07	1498.00
907.26	1516.00
907.44	1447.00
907.62	1416.00
907.81	1418.00
907.99	1427.00
908.17	1550.00
908.35	1594.00
908.54	1558.00
908.72	1583.00
908.90	1585.00
909.09	1523.00
909.27	1481.00
909.45	1423.00
909.64	1468.00
909.82	1557.00
910.00	1562.00
910.18	1583.00
910.37	1455.00
910.55	1490.00
910.73	1468.00
910.92	1511.00
911.10	1559.00
911.28	1564.00
911.47	1511.00
911.65	1510.00
911.83	1438.00
912.01	1466.00
912.20	1514.00
912.38	1436.00
912.56	1371.00
912.75	1427.00
912.93	1489.00
913.11	1531.00
913.29	1486.00
913.48	1436.00
913.66	1483.00
913.84	1442.00
914.03	1457.00
914.21	1463.00
914.39	1476.00
914.57	1444.00
914.76	1419.00
914.94	1444.00
915.12	1453.00
915.31	1464.00
915.49	1492.00
915.67	1473.00
915.85	1514.00
916.04	1495.00
916.22	1416.00
916.40	1402.00
916.58	1435.00
916.77	1451.00
916.95	1439.00
917.13	1470.00
917.32	1477.00
917.50	1415.00
917.68	1370.00
917.86	1400.00
918.05	1435.00
918.23	1398.00
918.41	1350.00
918.59	1361.00
918.78	1320.00
918.96	1328.00
919.14	1365.00
919.32	1439.00
919.51	1400.00
919.69	1372.00
919.87	1358.00
920.05	1327.00
920.24	1387.00
920.42	1472.00
920.60	1448.00
920.78	1405.00
920.97	1437.00
921.15	1367.00
921.33	1396.00
921.52	1368.00
921.70	1348.00
921.88	1391.00
922.06	1380.00
922.24	1324.00
922.43	1358.00
922.61	1292.00
922.79	1230.00
922.97	1294.00
923.16	1314.00
923.34	1311.00
923.52	1320.00
923.70	1321.00
923.89	1315.00
924.07	1347.00
924.25	1331.00
924.43	1254.00
924.62	1291.00
924.80	1330.00
924.98	1267.00
925.16	1239.00
925.35	1311.00
925.53	1369.00
925.71	1375.00
925.89	1349.00
926.08	1296.00
926.26	1308.00
926.44	1267.00
926.62	1292.00
926.80	1298.00
926.99	1308.00
927.17	1266.00
927.35	1303.00
927.53	1334.00
927.72	1317.00
927.90	1230.00
928.08	1225.00
928.26	1216.00
928.44	1185.00
928.63	1188.00
928.81	1277.00
928.99	1233.00
929.17	1230.00
929.36	1249.00
929.54	1224.00
929.72	1164.00
929.90	1248.00
930.08	1297.00
930.27	1271.00
930.45	1262.00
930.63	1192.00
930.81	1154.00
930.99	1191.00
931.18	1242.00
931.36	1167.00
931.54	1150.00
931.72	1191.00
931.90	1207.00
932.09	1191.00
932.27	1215.00
932.45	1169.00
932.63	1153.00
932.81	1115.00
933.00	1082.00
933.18	1114.00
933.36	1106.00
933.54	1103.00
933.72	1102.00
933.91	1019.00
934.09	1039.00
934.27	1035.00
934.45	1082.00
934.63	1083.00
934.82	1035.00
935.00	1105.00
935.18	1010.00
935.36	979.00
935.54	985.00
935.73	983.00
935.91	1004.00
936.09	1041.00
936.27	930.00
936.45	870.00
936.64	930.00
936.82	896.00
937.00	881.00
937.18	885.00
937.36	875.00
937.54	843.00
937.73	888.00
937.91	887.00
938.09	814.00
938.27	827.00
938.45	795.00
938.63	788.00
938.82	790.00
939.00	693.00
939.18	769.00
939.36	742.00
939.54	792.00
939.73	741.00
939.91	671.00
940.09	686.00
940.27	671.00
940.45	690.00
940.63	735.00
940.82	726.00
941.00	655.00
941.18	643.00
941.36	591.00
941.54	640.00
941.72	689.00
941.91	634.00
942.09	679.00
942.27	663.00
942.45	644.00
942.63	582.00
942.81	579.00
942.99	626.00
943.18	641.00
943.36	628.00
943.54	637.00
943.72	606.00
943.90	583.00
944.08	634.00
944.27	628.00
944.45	569.00
944.63	635.00
944.81	659.00
944.99	577.00
945.17	538.00
945.35	627.00
945.54	669.00
945.72	690.00
945.90	635.00
946.08	593.00
946.26	618.00
946.44	554.00
946.62	559.00
946.81	506.00
946.99	546.00
947.17	525.00
947.35	599.00
947.53	579.00
947.71	541.00
947.89	579.00
948.07	601.00
948.26	566.00
948.44	584.00
948.62	599.00
948.80	569.00
948.98	608.00
949.16	559.00
949.34	608.00
949.53	622.00
949.71	620.00
949.89	572.00
950.07	600.00
950.25	660.00
950.43	639.00
950.61	606.00
950.79	664.00
950.98	628.00
951.16	628.00
951.34	663.00
951.52	685.00
951.70	700.00
951.88	686.00
952.06	636.00
952.24	575.00
952.42	589.00
952.61	564.00
952.79	559.00
952.97	640.00
953.15	656.00
953.33	637.00
953.51	694.00
953.69	581.00
953.87	592.00
954.05	626.00
954.24	556.00
954.42	595.00
954.60	546.00
954.78	512.00
954.96	585.00
955.14	570.00
955.32	553.00
955.50	587.00
955.68	604.00
955.86	635.00
956.05	579.00
956.23	499.00
956.41	493.00
956.59	576.00
956.77	594.00
956.95	559.00
957.13	572.00
957.31	606.00
957.49	590.00
957.67	549.00
957.86	549.00
958.04	520.00
958.22	587.00
958.40	563.00
958.58	560.00
958.76	492.00
958.94	512.00
959.12	584.00
959.30	591.00
959.48	544.00
959.66	578.00
959.84	582.00
960.03	576.00
960.21	601.00
960.39	604.00
960.57	559.00
960.75	559.00
960.93	586.00
961.11	540.00
961.29	496.00
961.47	525.00
961.65	559.00
961.83	531.00
962.01	518.00
962.19	588.00
962.37	554.00
962.56	592.00
962.74	479.00
962.92	413.00
963.10	472.00
963.28	567.00
963.46	588.00
963.64	546.00
963.82	521.00
964.00	552.00
964.18	595.00
964.36	550.00
964.54	527.00
964.72	538.00
964.90	534.00
965.08	541.00
965.27	545.00
965.45	475.00
965.63	441.00
965.81	485.00
965.99	511.00
966.17	501.00
966.35	469.00
966.53	526.00
966.71	529.00
966.89	471.00
967.07	492.00
967.25	526.00
967.43	517.00
967.61	498.00
967.79	498.00
967.97	468.00
968.15	479.00
968.33	501.00
968.51	501.00
968.69	453.00
968.87	480.00
969.06	512.00
969.24	499.00
969.42	471.00
969.60	494.00
969.78	544.00
969.96	512.00
970.14	524.00
970.32	570.00
970.50	511.00
970.68	496.00
970.86	484.00
971.04	554.00
971.22	533.00
971.40	450.00
971.58	486.00
971.76	500.00
971.94	507.00
972.12	451.00
972.30	463.00
972.48	427.00
972.66	420.00
972.84	465.00
973.02	383.00
973.20	448.00
973.38	479.00
973.56	454.00
973.74	427.00
973.92	483.00
974.10	490.00
974.28	502.00
974.46	515.00
974.64	484.00
974.82	406.00
975.00	485.00
975.18	497.00
975.36	450.00
975.54	456.00
975.72	447.00
975.90	469.00
976.08	389.00
976.26	341.00
976.44	420.00
976.62	457.00
976.80	402.00
976.98	396.00
977.16	368.00
977.34	370.00
977.52	361.00
977.70	349.00
977.88	368.00
978.06	376.00
978.24	379.00
978.42	456.00
978.60	470.00
978.78	432.00
978.96	482.00
979.14	441.00
979.32	436.00
979.50	401.00
979.68	352.00
979.86	405.00
980.04	393.00
980.22	362.00
980.40	349.00
980.58	362.00
980.76	407.00
980.94	432.00
981.12	389.00
981.30	384.00
981.48	357.00
981.66	353.00
981.84	398.00
982.02	363.00
982.20	418.00
982.38	348.00
982.56	394.00
982.74	457.00
982.92	410.00
983.10	365.00
983.28	396.00
983.46	391.00
983.64	411.00
983.82	411.00
984.00	402.00
984.18	418.00
984.36	402.00
984.54	373.00
984.72	373.00
984.90	397.00
985.08	361.00
985.26	331.00
985.44	369.00
985.62	326.00
985.80	370.00
985.98	388.00
986.16	371.00
986.34	426.00
986.51	385.00
986.69	359.00
986.87	350.00
987.05	315.00
987.23	341.00
987.41	381.00
987.59	358.00
987.77	343.00
987.95	351.00
988.13	347.00
988.31	371.00
988.49	289.00
988.67	305.00
988.85	333.00
989.03	338.00
989.21	302.00
989.39	312.00
989.57	389.00
989.75	401.00
989.93	335.00
990.11	347.00
990.28	320.00
990.46	371.00
990.64	346.00
990.82	332.00
991.00	348.00
991.18	354.00
991.36	315.00
991.54	297.00
991.72	284.00
991.90	264.00
992.08	357.00
992.26	322.00
992.44	242.00
992.62	318.00
992.80	290.00
992.98	293.00
993.15	307.00
993.33	337.00
993.51	349.00
993.69	379.00
993.87	355.00
994.05	346.00
994.23	301.00
994.41	342.00
994.59	371.00
994.77	288.00
994.95	277.00
995.13	304.00
995.31	291.00
995.48	279.00
995.66	290.00
995.84	313.00
996.02	338.00
996.20	346.00
996.38	358.00
996.56	315.00
996.74	276.00
996.92	279.00
997.10	309.00
997.28	287.00
997.46	290.00
997.63	330.00
997.81	294.00
997.99	287.00
998.17	266.00
998.35	315.00
998.53	305.00
998.71	237.00
998.89	253.00
999.07	285.00
999.25	303.00
999.43	294.00
999.60	314.00
999.78	280.00
999.96	319.00
1000.14	292.00
1000.32	301.00
1000.50	303.00
1000.68	318.00
1000.86	271.00
1001.04	254.00
1001.21	269.00
1001.39	299.00
1001.57	301.00
1001.75	281.00
1001.93	243.00
1002.11	248.00
1002.29	285.00
1002.47	302.00
1002.65	203.00
1002.82	194.00
1003.00	310.00
1003.18	308.00
1003.36	279.00
1003.54	331.00
1003.72	333.00
1003.90	317.00
1004.08	302.00
1004.26	303.00
1004.43	288.00
1004.61	274.00
1004.79	228.00
1004.97	217.00
1005.15	289.00
1005.33	312.00
1005.51	251.00
1005.69	230.00
1005.86	218.00
1006.04	271.00
1006.22	318.00
1006.40	233.00
1006.58	257.00
1006.76	283.00
1006.94	332.00
1007.12	317.00
1007.29	261.00
1007.47	275.00
1007.65	287.00
1007.83	314.00
1008.01	255.00
1008.19	282.00
1008.37	269.00
1008.54	292.00
1008.72	225.00
1008.90	197.00
1009.08	143.00
1009.26	248.00
1009.44	250.00
1009.62	277.00
1009.79	278.00
1009.97	158.00
1010.15	200.00
1010.33	277.00
1010.51	234.00
1010.69	219.00
1010.87	247.00
1011.04	256.00
1011.22	222.00
1011.40	241.00
1011.58	254.00
1011.76	211.00
1011.94	164.00
1012.11	205.00
1012.29	267.00
1012.47	233.00
1012.65	255.00
1012.83	240.00
1013.01	225.00
1013.18	259.00
1013.36	255.00
1013.54	272.00
1013.72	266.00
1013.90	260.00
1014.08	229.00
1014.25	277.00
1014.43	308.00
1014.61	251.00
1014.79	278.00
1014.97	202.00
1015.15	225.00
1015.32	196.00
1015.50	190.00
1015.68	177.00
1015.86	173.00
1016.04	219.00
1016.22	212.00
1016.39	201.00
1016.57	198.00
1016.75	255.00
1016.93	282.00
1017.11	218.00
1017.29	183.00
1017.46	171.00
1017.64	165.00
1017.82	253.00
1018.00	243.00
1018.18	187.00
1018.35	224.00
1018.53	216.00
1018.71	219.00
1018.89	234.00
1019.07	258.00
1019.24	226.00
1019.42	160.00
1019.60	170.00
1019.78	135.00
1019.96	125.00
1020.14	209.00
1020.31	168.00
1020.49	137.00
1020.67	187.00
1020.85	149.00
1021.03	268.00
1021.20	240.00
1021.38	203.00
1021.56	161.00
1021.74	124.00
1021.92	184.00
1022.09	172.00
1022.27	109.00
1022.45	157.00
1022.63	248.00
1022.81	210.00
1022.98	242.00
1023.16	247.00
1023.34	222.00
1023.52	216.00
1023.69	183.00
1023.87	193.00
1024.05	241.00
1024.23	203.00
1024.41	212.00
1024.58	230.00
1024.76	229.00
1024.94	203.00
1025.12	155.00
1025.30	182.00
1025.47	195.00
1025.65	124.00
1025.83	127.00
1026.01	135.00
1026.18	111.00
1026.36	237.00
1026.54	260.00
1026.72	229.00
1026.90	221.00
1027.07	231.00
1027.25	212.00
1027.43	210.00
1027.61	206.00
1027.78	177.00
1027.96	215.00
1028.14	210.00
1028.32	225.00
1028.49	223.00
1028.67	178.00
1028.85	191.00
1029.03	209.00
1029.21	211.00
1029.38	156.00
1029.56	193.00
1029.74	221.00
1029.92	252.00
1030.09	205.00
1030.27	198.00
1030.45	181.00
1030.63	150.00
1030.80	222.00
1030.98	177.00
1031.16	189.00
1031.34	143.00
1031.51	127.00
1031.69	197.00
1031.87	121.00
1032.05	140.00
1032.22	194.00
1032.40	178.00
1032.58	132.00
1032.76	156.00
1032.93	68.00
1033.11	113.00
1033.29	151.00
1033.47	130.00
1033.64	166.00
1033.82	188.00
1034.00	160.00
1034.18	163.00
1034.35	185.00
1034.53	203.00
1034.71	160.00
1034.89	176.00
1035.06	171.00
1035.24	211.00
1035.42	254.00
1035.59	216.00
1035.77	228.00
1035.95	223.00
1036.13	181.00
1036.30	157.00
1036.48	184.00
1036.66	178.00
1036.84	118.00
1037.01	179.00
1037.19	173.00
1037.37	130.00
1037.54	187.00
1037.72	171.00
1037.90	130.00
1038.08	133.00
1038.25	101.00
1038.43	103.00
1038.61	177.00
1038.79	113.00
1038.96	78.00
1039.14	141.00
1039.32	206.00
1039.49	215.00
1039.67	261.00
1039.85	181.00
1040.03	189.00
1040.20	175.00
1040.38	85.00
1040.56	123.00
1040.73	99.00
1040.91	85.00
1041.09	95.00
1041.27	140.00
1041.44	146.00
1041.62	96.00
1041.80	108.00
1041.97	182.00
1042.15	156.00
1042.33	159.00
1042.50	138.00
1042.68	172.00
1042.86	191.00
1043.04	160.00
1043.21	119.00
1043.39	139.00
1043.57	180.00
1043.74	155.00
1043.92	80.00
1044.10	100.00
1044.27	134.00
1044.45	102.00
1044.63	138.00
1044.80	96.00
1044.98	100.00
1045.16	127.00
1045.34	141.00
1045.51	105.00
1045.69	124.00
1045.87	124.00
1046.04	96.00
1046.22	101.00
1046.40	160.00
1046.57	180.00
1046.75	120.00
1046.93	142.00
1047.10	159.00
1047.28	158.00
1047.46	88.00
1047.63	104.00
1047.81	153.00
1047.99	128.00
1048.16	111.00
1048.34	86.00
1048.52	106.00
1048.69	114.00
1048.87	58.00
1049.05	67.00
1049.22	113.00
1049.40	213.00
1049.58	221.00
1049.75	111.00
1049.93	57.00
1050.11	123.00
1050.28	172.00
1050.46	160.00
1050.64	137.00
1050.81	142.00
1050.99	161.00
1051.17	130.00
1051.34	66.00
1051.52	75.00
1051.70	113.00
1051.87	196.00
1052.05	167.00
1052.23	141.00
1052.40	150.00
1052.58	139.00
1052.76	152.00
1052.93	121.00
1053.11	145.00
1053.29	151.00
1053.46	158.00
1053.64	140.00
1053.82	112.00
1053.99	78.00
1054.17	99.00
1054.35	139.00
1054.52	160.00
1054.70	190.00
1054.87	139.00
1055.05	65.00
1055.23	76.00
1055.40	124.00
1055.58	85.00
1055.76	46.00
1055.93	142.00
1056.11	124.00
1056.29	70.00
1056.46	66.00
1056.64	75.00
1056.81	133.00
1056.99	52.00
1057.17	73.00
1057.34	119.00
1057.52	87.00
1057.70	127.00
1057.87	128.00
1058.05	145.00
1058.22	135.00
1058.40	86.00
1058.58	121.00
1058.75	108.00
1058.93	143.00
1059.11	154.00
1059.28	117.00
1059.46	88.00
1059.63	66.00
1059.81	90.00
1059.99	45.00
1060.16	80.00
1060.34	104.00
1060.52	99.00
1060.69	79.00
1060.87	106.00
1061.04	156.00
1061.22	100.00
