367.62	9.00
367.82	10.00
368.02	-10.00
368.23	-11.00
368.43	2.00
368.63	-51.00
368.83	-29.00
369.04	5.00
369.24	-48.00
369.44	-15.00
369.65	65.00
369.85	4.00
370.05	-7.00
370.25	-52.00
370.46	-24.00
370.66	-38.00
370.86	78.00
371.07	57.00
371.27	-30.00
371.47	48.00
371.67	-29.00
371.88	-7.00
372.08	58.00
372.28	23.00
372.49	50.00
372.69	34.00
372.89	12.00
373.09	-3.00
373.30	36.00
373.50	-17.00
373.70	29.00
373.91	72.00
374.11	42.00
374.31	-20.00
374.51	-22.00
374.72	-17.00
374.92	84.00
375.12	67.00
375.33	-22.00
375.53	-1.00
375.73	20.00
375.93	46.00
376.14	36.00
376.34	39.00
376.54	-46.00
376.74	-44.00
376.95	-51.00
377.15	-8.00
377.35	11.00
377.55	25.00
377.76	30.00
377.96	27.00
378.16	22.00
378.37	0.00
378.57	-5.00
378.77	21.00
378.97	-14.00
379.18	-37.00
379.38	-40.00
379.58	3.00
379.78	-9.00
379.99	49.00
380.19	31.00
380.39	-12.00
380.59	-3.00
380.80	43.00
381.00	40.00
381.20	-64.00
381.40	-4.00
381.61	34.00
381.81	-1.00
382.01	12.00
382.21	6.00
382.42	-12.00
382.62	13.00
382.82	-10.00
383.02	6.00
383.23	-35.00
383.43	-46.00
383.63	12.00
383.83	39.00
384.04	37.00
384.24	28.00
384.44	23.00
384.64	6.00
384.85	17.00
385.05	56.00
385.25	10.00
385.45	-44.00
385.66	19.00
385.86	29.00
386.06	6.00
386.26	-3.00
386.47	0.00
386.67	16.00
386.87	31.00
387.07	29.00
387.27	0.00
387.48	-10.00
387.68	20.00
387.88	12.00
388.08	-2.00
388.29	-66.00
388.49	-25.00
388.69	-12.00
388.89	-2.00
389.10	21.00
389.30	-11.00
389.50	-41.00
389.70	-8.00
389.90	23.00
390.11	79.00
390.31	41.00
390.51	26.00
390.71	20.00
390.92	-21.00
391.12	2.00
391.32	-8.00
391.52	27.00
391.72	64.00
391.93	63.00
392.13	49.00
392.33	-16.00
392.53	-36.00
392.74	-26.00
392.94	31.00
393.14	66.00
393.34	16.00
393.54	0.00
393.75	-39.00
393.95	27.00
394.15	29.00
394.35	48.00
394.56	4.00
394.76	41.00
394.96	85.00
395.16	73.00
395.36	30.00
395.57	-32.00
395.77	-8.00
395.97	42.00
396.17	-18.00
396.37	1.00
396.58	8.00
396.78	-4.00
396.98	55.00
397.18	-29.00
397.38	17.00
397.59	78.00
397.79	86.00
397.99	93.00
398.19	69.00
398.39	41.00
398.60	43.00
398.80	-9.00
399.00	15.00
399.20	54.00
399.40	23.00
399.61	45.00
399.81	39.00
400.01	31.00
400.21	5.00
400.41	-12.00
400.62	2.00
400.82	85.00
401.02	22.00
401.22	66.00
401.42	48.00
401.63	9.00
401.83	37.00
402.03	-25.00
402.23	43.00
402.43	48.00
402.64	13.00
402.84	41.00
403.04	28.00
403.24	-62.00
403.44	52.00
403.64	87.00
403.85	90.00
404.05	62.00
404.25	55.00
404.45	28.00
404.65	84.00
404.86	93.00
405.06	111.00
405.26	158.00
405.46	66.00
405.66	-64.00
405.86	-21.00
406.07	83.00
406.27	79.00
406.47	17.00
406.67	22.00
406.87	21.00
407.07	78.00
407.28	44.00
407.48	12.00
407.68	35.00
407.88	31.00
408.08	-7.00
408.28	68.00
408.49	22.00
408.69	32.00
408.89	66.00
409.09	30.00
409.29	14.00
409.49	3.00
409.70	22.00
409.90	57.00
410.10	77.00
410.30	87.00
410.50	31.00
410.70	25.00
410.91	62.00
411.11	17.00
411.31	26.00
411.51	47.00
411.71	26.00
411.91	35.00
412.12	65.00
412.32	29.00
412.52	59.00
412.72	13.00
412.92	99.00
413.12	45.00
413.32	90.00
413.53	80.00
413.73	50.00
413.93	43.00
414.13	80.00
414.33	47.00
414.53	24.00
414.74	31.00
414.94	10.00
415.14	18.00
415.34	25.00
415.54	-4.00
415.74	79.00
415.94	117.00
416.15	69.00
416.35	25.00
416.55	48.00
416.75	117.00
416.95	142.00
417.15	74.00
417.35	74.00
417.56	84.00
417.76	43.00
417.96	9.00
418.16	31.00
418.36	41.00
418.56	52.00
418.76	53.00
418.97	73.00
419.17	89.00
419.37	33.00
419.57	50.00
419.77	84.00
419.97	78.00
420.17	51.00
420.37	102.00
420.58	31.00
420.78	18.00
420.98	55.00
421.18	26.00
421.38	57.00
421.58	58.00
421.78	39.00
421.98	78.00
422.19	123.00
422.39	39.00
422.59	53.00
422.79	60.00
422.99	65.00
423.19	130.00
423.39	158.00
423.59	109.00
423.80	116.00
424.00	135.00
424.20	143.00
424.40	137.00
424.60	141.00
424.80	110.00
425.00	87.00
425.20	117.00
425.40	107.00
425.61	87.00
425.81	51.00
426.01	117.00
426.21	179.00
426.41	151.00
426.61	121.00
426.81	112.00
427.01	143.00
427.21	101.00
427.42	102.00
427.62	123.00
427.82	86.00
428.02	92.00
428.22	126.00
428.42	147.00
428.62	88.00
428.82	77.00
429.02	76.00
429.23	105.00
429.43	172.00
429.63	160.00
429.83	97.00
430.03	56.00
430.23	98.00
430.43	140.00
430.63	84.00
430.83	56.00
431.03	120.00
431.24	135.00
431.44	104.00
431.64	158.00
431.84	214.00
432.04	124.00
432.24	87.00
432.44	138.00
432.64	173.00
432.84	181.00
433.04	168.00
433.24	131.00
433.45	137.00
433.65	203.00
433.85	199.00
434.05	168.00
434.25	188.00
434.45	188.00
434.65	242.00
434.85	203.00
435.05	220.00
435.25	198.00
435.45	248.00
435.65	335.00
435.86	280.00
436.06	262.00
436.26	249.00
436.46	192.00
436.66	147.00
436.86	200.00
437.06	161.00
437.26	176.00
437.46	146.00
437.66	182.00
437.86	142.00
438.06	85.00
438.26	102.00
438.47	115.00
438.67	87.00
438.87	85.00
439.07	118.00
439.27	127.00
439.47	140.00
439.67	172.00
439.87	109.00
440.07	75.00
440.27	102.00
440.47	138.00
440.67	138.00
440.87	96.00
441.07	131.00
441.27	177.00
441.48	193.00
441.68	169.00
441.88	202.00
442.08	183.00
442.28	162.00
442.48	73.00
442.68	112.00
442.88	187.00
443.08	216.00
443.28	129.00
443.48	143.00
443.68	160.00
443.88	131.00
444.08	126.00
444.28	168.00
444.48	201.00
444.68	210.00
444.88	215.00
445.09	233.00
445.29	146.00
445.49	97.00
445.69	83.00
445.89	109.00
446.09	118.00
446.29	145.00
446.49	118.00
446.69	91.00
446.89	145.00
447.09	173.00
447.29	177.00
447.49	223.00
447.69	223.00
447.89	200.00
448.09	196.00
448.29	170.00
448.49	203.00
448.69	220.00
448.89	208.00
449.09	196.00
449.29	201.00
449.49	202.00
449.70	136.00
449.90	106.00
450.10	126.00
450.30	147.00
450.50	207.00
450.70	176.00
450.90	175.00
451.10	153.00
451.30	210.00
451.50	163.00
451.70	174.00
451.90	206.00
452.10	200.00
452.30	193.00
452.50	141.00
452.70	121.00
452.90	171.00
453.10	220.00
453.30	250.00
453.50	213.00
453.70	239.00
453.90	278.00
454.10	236.00
454.30	287.00
454.50	244.00
454.70	151.00
454.90	173.00
455.10	234.00
455.30	220.00
455.50	274.00
455.70	258.00
455.90	258.00
456.10	231.00
456.30	220.00
456.50	221.00
456.70	255.00
456.90	195.00
457.10	191.00
457.30	192.00
457.50	157.00
457.70	241.00
457.90	288.00
458.10	287.00
458.30	228.00
458.50	271.00
458.70	262.00
458.90	238.00
459.10	249.00
459.30	224.00
459.50	246.00
459.70	227.00
459.90	235.00
460.10	284.00
460.30	230.00
460.50	229.00
460.70	302.00
460.90	289.00
461.10	288.00
461.30	329.00
461.50	276.00
461.70	285.00
461.90	318.00
462.10	310.00
462.30	268.00
462.50	236.00
462.70	251.00
462.90	193.00
463.10	267.00
463.30	330.00
463.50	296.00
463.70	266.00
463.90	288.00
464.10	352.00
464.30	297.00
464.50	302.00
464.70	323.00
464.90	282.00
465.10	302.00
465.30	281.00
465.50	321.00
465.70	257.00
465.90	275.00
466.10	261.00
466.30	243.00
466.50	266.00
466.70	309.00
466.90	322.00
467.10	349.00
467.30	293.00
467.50	221.00
467.70	225.00
467.90	251.00
468.10	273.00
468.30	350.00
468.50	288.00
468.70	223.00
468.90	282.00
469.10	261.00
469.30	211.00
469.50	252.00
469.70	216.00
469.90	251.00
470.10	231.00
470.30	222.00
470.50	230.00
470.70	264.00
470.90	307.00
471.10	248.00
471.29	211.00
471.49	245.00
471.69	266.00
471.89	221.00
472.09	224.00
472.29	288.00
472.49	302.00
472.69	221.00
472.89	243.00
473.09	314.00
473.29	252.00
473.49	253.00
473.69	224.00
473.89	182.00
474.09	203.00
474.29	270.00
474.49	237.00
474.69	198.00
474.89	243.00
475.09	241.00
475.29	265.00
475.49	322.00
475.69	237.00
475.88	262.00
476.08	262.00
476.28	286.00
476.48	289.00
476.68	286.00
476.88	301.00
477.08	265.00
477.28	289.00
477.48	264.00
477.68	311.00
477.88	302.00
478.08	242.00
478.28	178.00
478.48	212.00
478.68	262.00
478.88	265.00
479.08	231.00
479.28	235.00
479.47	220.00
479.67	285.00
479.87	295.00
480.07	256.00
480.27	311.00
480.47	300.00
480.67	343.00
480.87	339.00
481.07	296.00
481.27	279.00
481.47	236.00
481.67	295.00
481.87	339.00
482.07	320.00
482.27	267.00
482.46	334.00
482.66	301.00
482.86	326.00
483.06	332.00
483.26	311.00
483.46	341.00
483.66	355.00
483.86	345.00
484.06	358.00
484.26	284.00
484.46	236.00
484.66	376.00
484.86	399.00
485.05	351.00
485.25	340.00
485.45	356.00
485.65	368.00
485.85	371.00
486.05	389.00
486.25	378.00
486.45	404.00
486.65	372.00
486.85	419.00
487.05	423.00
487.25	455.00
487.44	382.00
487.64	398.00
487.84	385.00
488.04	397.00
488.24	502.00
488.44	451.00
488.64	383.00
488.84	381.00
489.04	366.00
489.24	403.00
489.43	431.00
489.63	424.00
489.83	493.00
490.03	455.00
490.23	435.00
490.43	399.00
490.63	446.00
490.83	405.00
491.03	417.00
491.23	459.00
491.42	413.00
491.62	399.00
491.82	429.00
492.02	413.00
492.22	450.00
492.42	439.00
492.62	364.00
492.82	464.00
493.02	504.00
493.22	475.00
493.41	467.00
493.61	502.00
493.81	448.00
494.01	446.00
494.21	432.00
494.41	472.00
494.61	553.00
494.81	492.00
495.01	479.00
495.20	420.00
495.40	464.00
495.60	507.00
495.80	552.00
496.00	530.00
496.20	496.00
496.40	514.00
496.60	485.00
496.79	478.00
496.99	473.00
497.19	490.00
497.39	493.00
497.59	491.00
497.79	505.00
497.99	526.00
498.19	449.00
498.38	465.00
498.58	450.00
498.78	468.00
498.98	463.00
499.18	504.00
499.38	547.00
499.58	491.00
499.78	476.00
499.97	494.00
500.17	500.00
500.37	562.00
500.57	561.00
500.77	502.00
500.97	447.00
501.17	518.00
501.37	557.00
501.56	501.00
501.76	567.00
501.96	572.00
502.16	517.00
502.36	479.00
502.56	500.00
502.76	578.00
502.95	620.00
503.15	539.00
503.35	558.00
503.55	518.00
503.75	517.00
503.95	466.00
504.15	476.00
504.34	495.00
504.54	501.00
504.74	486.00
504.94	505.00
505.14	514.00
505.34	483.00
505.54	505.00
505.73	497.00
505.93	504.00
506.13	515.00
506.33	543.00
506.53	570.00
506.73	516.00
506.92	484.00
507.12	473.00
507.32	499.00
507.52	497.00
507.72	552.00
507.92	506.00
508.12	568.00
508.31	556.00
508.51	542.00
508.71	514.00
508.91	537.00
509.11	522.00
509.31	538.00
509.50	531.00
509.70	471.00
509.90	536.00
510.10	587.00
510.30	553.00
510.50	490.00
510.69	466.00
510.89	486.00
511.09	451.00
511.29	491.00
511.49	517.00
511.69	475.00
511.88	541.00
512.08	539.00
512.28	461.00
512.48	443.00
512.68	460.00
512.88	512.00
513.07	502.00
513.27	567.00
513.47	596.00
513.67	568.00
513.87	464.00
514.06	475.00
514.26	502.00
514.46	454.00
514.66	454.00
514.86	474.00
515.06	501.00
515.25	615.00
515.45	509.00
515.65	429.00
515.85	439.00
516.05	458.00
516.24	486.00
516.44	478.00
516.64	542.00
516.84	512.00
517.04	455.00
517.23	489.00
517.43	543.00
517.63	503.00
517.83	540.00
518.03	542.00
518.23	505.00
518.42	541.00
518.62	562.00
518.82	470.00
519.02	469.00
519.22	492.00
519.41	529.00
519.61	537.00
519.81	507.00
520.01	492.00
520.21	556.00
520.40	573.00
520.60	559.00
520.80	557.00
521.00	516.00
521.20	538.00
521.39	525.00
521.59	491.00
521.79	537.00
521.99	492.00
522.19	519.00
522.38	531.00
522.58	568.00
522.78	559.00
522.98	556.00
523.17	539.00
523.37	582.00
523.57	570.00
523.77	595.00
523.97	610.00
524.16	571.00
524.36	529.00
524.56	577.00
524.76	672.00
524.96	663.00
525.15	549.00
525.35	611.00
525.55	643.00
525.75	680.00
525.94	673.00
526.14	641.00
526.34	649.00
526.54	694.00
526.74	630.00
526.93	588.00
527.13	596.00
527.33	705.00
527.53	733.00
527.72	727.00
527.92	734.00
528.12	702.00
528.32	700.00
528.52	733.00
528.71	686.00
528.91	717.00
529.11	713.00
529.31	688.00
529.50	752.00
529.70	717.00
529.90	702.00
530.10	749.00
530.29	742.00
530.49	760.00
530.69	757.00
530.89	781.00
531.09	763.00
531.28	699.00
531.48	750.00
531.68	827.00
531.88	775.00
532.07	695.00
532.27	805.00
532.47	837.00
532.67	795.00
532.86	821.00
533.06	816.00
533.26	889.00
533.46	834.00
533.65	794.00
533.85	853.00
534.05	880.00
534.25	890.00
534.44	889.00
534.64	843.00
534.84	842.00
535.04	780.00
535.23	787.00
535.43	805.00
535.63	860.00
535.83	937.00
536.02	988.00
536.22	960.00
536.42	1039.00
536.62	1036.00
536.81	1006.00
537.01	988.00
537.21	1008.00
537.41	959.00
537.60	984.00
537.80	1017.00
538.00	1010.00
538.20	992.00
538.39	1018.00
538.59	1048.00
538.79	1042.00
538.99	1099.00
539.18	1116.00
539.38	1077.00
539.58	1124.00
539.77	1099.00
539.97	1208.00
540.17	1272.00
540.37	1321.00
540.56	1320.00
540.76	1350.00
540.96	1392.00
541.16	1418.00
541.35	1483.00
541.55	1572.00
541.75	1625.00
541.94	1560.00
542.14	1613.00
542.34	1513.00
542.54	1440.00
542.73	1497.00
542.93	1594.00
543.13	1486.00
543.33	1447.00
543.52	1408.00
543.72	1417.00
543.92	1411.00
544.11	1451.00
544.31	1459.00
544.51	1552.00
544.71	1570.00
544.90	1656.00
545.10	1730.00
545.30	1767.00
545.49	1734.00
545.69	1809.00
545.89	1832.00
546.09	1771.00
546.28	1777.00
546.48	1811.00
546.68	1728.00
546.87	1484.00
547.07	1350.00
547.27	1345.00
547.47	1306.00
547.66	1292.00
547.86	1254.00
548.06	1221.00
548.25	1242.00
548.45	1225.00
548.65	1250.00
548.84	1209.00
549.04	1169.00
549.24	1171.00
549.44	1206.00
549.63	1185.00
549.83	1162.00
550.03	1129.00
550.22	1139.00
550.42	1139.00
550.62	1130.00
550.81	1239.00
551.01	1191.00
551.21	1149.00
551.41	1083.00
551.60	1065.00
551.80	1070.00
552.00	1022.00
552.19	999.00
552.39	1007.00
552.59	1058.00
552.78	1015.00
552.98	991.00
553.18	1013.00
553.37	982.00
553.57	1033.00
553.77	1007.00
553.96	1018.00
554.16	1043.00
554.36	1035.00
554.56	1014.00
554.75	947.00
554.95	957.00
555.15	986.00
555.34	974.00
555.54	1001.00
555.74	942.00
555.93	960.00
556.13	967.00
556.33	1005.00
556.52	962.00
556.72	941.00
556.92	880.00
557.11	876.00
557.31	940.00
557.51	883.00
557.70	867.00
557.90	880.00
558.10	908.00
558.29	868.00
558.49	884.00
558.69	858.00
558.88	788.00
559.08	788.00
559.28	868.00
559.47	888.00
559.67	851.00
559.87	872.00
560.06	884.00
560.26	818.00
560.46	872.00
560.65	865.00
560.85	814.00
561.05	862.00
561.24	857.00
561.44	938.00
561.64	937.00
561.83	879.00
562.03	851.00
562.23	876.00
562.42	909.00
562.62	855.00
562.82	908.00
563.01	946.00
563.21	960.00
563.40	980.00
563.60	890.00
563.80	920.00
563.99	911.00
564.19	876.00
564.39	928.00
564.58	949.00
564.78	1000.00
564.98	973.00
565.17	896.00
565.37	954.00
565.57	946.00
565.76	944.00
565.96	935.00
566.16	956.00
566.35	889.00
566.55	887.00
566.74	900.00
566.94	1056.00
567.14	1076.00
567.33	1015.00
567.53	1029.00
567.73	1040.00
567.92	1044.00
568.12	1056.00
568.32	1073.00
568.51	1010.00
568.71	996.00
568.90	1014.00
569.10	1004.00
569.30	1043.00
569.49	1071.00
569.69	1046.00
569.89	1017.00
570.08	1012.00
570.28	1039.00
570.47	1050.00
570.67	1055.00
570.87	1074.00
571.06	1036.00
571.26	1057.00
571.46	1033.00
571.65	1081.00
571.85	1085.00
572.04	1096.00
572.24	1059.00
572.44	1031.00
572.63	1063.00
572.83	1050.00
573.03	1052.00
573.22	1079.00
573.42	1070.00
573.61	1045.00
573.81	1097.00
574.01	1106.00
574.20	1158.00
574.40	1179.00
574.59	1169.00
574.79	1131.00
574.99	1111.00
575.18	1135.00
575.38	1202.00
575.58	1272.00
575.77	1301.00
575.97	1265.00
576.16	1250.00
576.36	1341.00
576.56	1268.00
576.75	1220.00
576.95	1271.00
577.14	1311.00
577.34	1339.00
577.54	1314.00
577.73	1280.00
577.93	1269.00
578.12	1314.00
578.32	1324.00
578.52	1387.00
578.71	1450.00
578.91	1383.00
579.10	1397.00
579.30	1370.00
579.50	1432.00
579.69	1473.00
579.89	1441.00
580.08	1420.00
580.28	1451.00
580.48	1442.00
580.67	1466.00
580.87	1487.00
581.06	1538.00
581.26	1480.00
581.45	1561.00
581.65	1545.00
581.85	1595.00
582.04	1563.00
582.24	1622.00
582.43	1656.00
582.63	1604.00
582.83	1614.00
583.02	1660.00
583.22	1645.00
583.41	1636.00
583.61	1720.00
583.80	1729.00
584.00	1628.00
584.20	1689.00
584.39	1704.00
584.59	1712.00
584.78	1679.00
584.98	1750.00
585.17	1730.00
585.37	1740.00
585.57	1794.00
585.76	1738.00
585.96	1715.00
586.15	1817.00
586.35	1856.00
586.54	1803.00
586.74	1741.00
586.94	1901.00
587.13	1860.00
587.33	1876.00
587.52	1967.00
587.72	1998.00
587.91	2020.00
588.11	2024.00
588.31	1976.00
588.50	1911.00
588.70	1977.00
588.89	1968.00
589.09	1988.00
589.28	2026.00
589.48	1962.00
589.68	1963.00
589.87	1928.00
590.07	1944.00
590.26	1963.00
590.46	1983.00
590.65	2018.00
590.85	2004.00
591.04	2096.00
591.24	2131.00
591.44	2031.00
591.63	2075.00
591.83	2130.00
592.02	2078.00
592.22	2084.00
592.41	2103.00
592.61	2122.00
592.80	2101.00
593.00	2129.00
593.19	2216.00
593.39	2269.00
593.59	2255.00
593.78	2226.00
593.98	2129.00
594.17	2122.00
594.37	2202.00
594.56	2134.00
594.76	2135.00
594.95	2134.00
595.15	2175.00
595.34	2207.00
595.54	2167.00
595.73	2235.00
595.93	2275.00
596.13	2225.00
596.32	2191.00
596.52	2187.00
596.71	2225.00
596.91	2240.00
597.10	2221.00
597.30	2300.00
597.49	2310.00
597.69	2316.00
597.88	2254.00
598.08	2346.00
598.27	2280.00
598.47	2265.00
598.66	2340.00
598.86	2369.00
599.06	2257.00
599.25	2200.00
599.45	2255.00
599.64	2264.00
599.84	2293.00
600.03	2280.00
600.23	2258.00
600.42	2308.00
600.62	2306.00
600.81	2220.00
601.01	2210.00
601.20	2253.00
601.40	2260.00
601.59	2275.00
601.79	2350.00
601.98	2261.00
602.18	2246.00
602.37	2208.00
602.57	2132.00
602.76	2191.00
602.96	2266.00
603.15	2185.00
603.35	2170.00
603.54	2132.00
603.74	2234.00
603.93	2277.00
604.13	2187.00
604.32	2179.00
604.52	2206.00
604.71	2183.00
604.91	2170.00
605.10	2130.00
605.30	2162.00
605.49	2185.00
605.69	2200.00
605.88	2287.00
606.08	2181.00
606.27	2191.00
606.47	2235.00
606.66	2198.00
606.86	2169.00
607.05	2175.00
607.25	2162.00
607.44	2177.00
607.64	2159.00
607.83	2182.00
608.03	2155.00
608.22	2177.00
608.42	2173.00
608.61	2221.00
608.81	2253.00
609.00	2264.00
609.20	2331.00
609.39	2332.00
609.59	2405.00
609.78	2421.00
609.98	2450.00
610.17	2705.00
610.37	2816.00
610.56	2905.00
610.76	3076.00
610.95	3227.00
611.15	3304.00
611.34	3444.00
611.54	3524.00
611.73	3450.00
611.93	3372.00
612.12	3144.00
612.32	2850.00
612.51	2664.00
612.71	2567.00
612.90	2526.00
613.09	2432.00
613.29	2373.00
613.48	2372.00
613.68	2313.00
613.87	2405.00
614.07	2338.00
614.26	2278.00
614.46	2250.00
614.65	2321.00
614.85	2211.00
615.04	2173.00
615.24	2155.00
615.43	2139.00
615.63	2208.00
615.82	2239.00
616.02	2182.00
616.21	2168.00
616.40	2164.00
616.60	2060.00
616.79	2000.00
616.99	2027.00
617.18	2064.00
617.38	2060.00
617.57	2146.00
617.77	2038.00
617.96	1893.00
618.16	1842.00
618.35	1862.00
618.54	1975.00
618.74	1961.00
618.93	2079.00
619.13	2021.00
619.32	1997.00
619.52	2116.00
619.71	2090.00
619.91	2025.00
620.10	2036.00
620.30	2073.00
620.49	2140.00
620.68	2043.00
620.88	2038.00
621.07	2040.00
621.27	1943.00
621.46	1996.00
621.66	2096.00
621.85	2089.00
622.05	2138.00
622.24	2151.00
622.43	2144.00
622.63	2104.00
622.82	2098.00
623.02	2061.00
623.21	2071.00
623.41	2116.00
623.60	2138.00
623.80	2205.00
623.99	2173.00
624.18	2166.00
624.38	2104.00
624.57	2125.00
624.77	2097.00
624.96	2163.00
625.16	2145.00
625.35	2124.00
625.54	2126.00
625.74	2174.00
625.93	2212.00
626.13	2258.00
626.32	2226.00
626.52	2203.00
626.71	2247.00
626.90	2186.00
627.10	2165.00
627.29	2243.00
627.49	2251.00
627.68	2222.00
627.88	2197.00
628.07	2210.00
628.26	2211.00
628.46	2276.00
628.65	2271.00
628.85	2294.00
629.04	2257.00
629.23	2345.00
629.43	2376.00
629.62	2311.00
629.82	2347.00
630.01	2363.00
630.21	2376.00
630.40	2448.00
630.59	2432.00
630.79	2449.00
630.98	2465.00
631.18	2568.00
631.37	2570.00
631.56	2522.00
631.76	2551.00
631.95	2513.00
632.15	2534.00
632.34	2433.00
632.53	2379.00
632.73	2489.00
632.92	2489.00
633.12	2415.00
633.31	2433.00
633.50	2522.00
633.70	2462.00
633.89	2478.00
634.09	2522.00
634.28	2555.00
634.47	2503.00
634.67	2457.00
634.86	2467.00
635.06	2569.00
635.25	2595.00
635.44	2532.00
635.64	2487.00
635.83	2505.00
636.03	2513.00
636.22	2487.00
636.41	2524.00
636.61	2528.00
636.80	2622.00
637.00	2659.00
637.19	2654.00
637.38	2604.00
637.58	2614.00
637.77	2655.00
637.96	2727.00
638.16	2719.00
638.35	2728.00
638.55	2755.00
638.74	2665.00
638.93	2699.00
639.13	2744.00
639.32	2682.00
639.51	2628.00
639.71	2701.00
639.90	2706.00
640.10	2790.00
640.29	2819.00
640.48	2752.00
640.68	2807.00
640.87	2815.00
641.07	2797.00
641.26	2937.00
641.45	2998.00
641.65	2898.00
641.84	2915.00
642.03	2931.00
642.23	2915.00
642.42	3015.00
642.61	2911.00
642.81	2902.00
643.00	2950.00
643.20	2983.00
643.39	3047.00
643.58	3019.00
643.78	2929.00
643.97	3053.00
644.16	3148.00
644.36	3118.00
644.55	3116.00
644.74	3090.00
644.94	3037.00
645.13	3096.00
645.33	3065.00
645.52	3066.00
645.71	3177.00
645.91	3115.00
646.10	3058.00
646.29	3121.00
646.49	3149.00
646.68	3186.00
646.87	3154.00
647.07	3115.00
647.26	3165.00
647.45	3210.00
647.65	3131.00
647.84	3273.00
648.03	3292.00
648.23	3342.00
648.42	3315.00
648.62	3241.00
648.81	3319.00
649.00	3370.00
649.20	3309.00
649.39	3336.00
649.58	3295.00
649.78	3303.00
649.97	3325.00
650.16	3294.00
650.36	3372.00
650.55	3398.00
650.74	3340.00
650.94	3352.00
651.13	3437.00
651.32	3360.00
651.52	3309.00
651.71	3328.00
651.90	3302.00
652.10	3314.00
652.29	3394.00
652.48	3381.00
652.68	3366.00
652.87	3367.00
653.06	3413.00
653.26	3357.00
653.45	3338.00
653.64	3333.00
653.84	3253.00
654.03	3276.00
654.22	3307.00
654.42	3369.00
654.61	3347.00
654.80	3345.00
654.99	3426.00
655.19	3404.00
655.38	3385.00
655.57	3400.00
655.77	3363.00
655.96	3437.00
656.15	3422.00
656.35	3409.00
656.54	3410.00
656.73	3465.00
656.93	3372.00
657.12	3325.00
657.31	3348.00
657.51	3347.00
657.70	3359.00
657.89	3334.00
658.09	3316.00
658.28	3330.00
658.47	3378.00
658.66	3360.00
658.86	3357.00
659.05	3398.00
659.24	3377.00
659.44	3261.00
659.63	3292.00
659.82	3390.00
660.02	3361.00
660.21	3274.00
660.40	3306.00
660.60	3374.00
660.79	3367.00
660.98	3251.00
661.17	3187.00
661.37	3331.00
661.56	3289.00
661.75	3265.00
661.95	3264.00
662.14	3222.00
662.33	3267.00
662.52	3229.00
662.72	3308.00
662.91	3284.00
663.10	3339.00
663.30	3264.00
663.49	3221.00
663.68	3236.00
663.88	3214.00
664.07	3173.00
664.26	3158.00
664.45	3122.00
664.65	3116.00
664.84	3183.00
665.03	3111.00
665.23	3113.00
665.42	3077.00
665.61	2992.00
665.80	3066.00
666.00	3088.00
666.19	3125.00
666.38	3141.00
666.57	3096.00
666.77	3143.00
666.96	3222.00
667.15	3223.00
667.35	3132.00
667.54	3140.00
667.73	3093.00
667.92	3115.00
668.12	3126.00
668.31	3054.00
668.50	3094.00
668.70	3072.00
668.89	3051.00
669.08	3091.00
669.27	3091.00
669.47	2995.00
669.66	3046.00
669.85	3031.00
670.04	3039.00
670.24	3075.00
670.43	3029.00
670.62	2959.00
670.81	2948.00
671.01	3000.00
671.20	3023.00
671.39	2981.00
671.58	2997.00
671.78	2954.00
671.97	2936.00
672.16	2957.00
672.36	2930.00
672.55	2925.00
672.74	2935.00
672.93	2898.00
673.13	2839.00
673.32	2935.00
673.51	2929.00
673.70	2852.00
673.90	2837.00
674.09	2854.00
674.28	2930.00
674.47	2897.00
674.67	2922.00
674.86	2838.00
675.05	2855.00
675.24	2959.00
675.44	2852.00
675.63	2781.00
675.82	2823.00
676.01	2859.00
676.21	2863.00
676.40	2972.00
676.59	2920.00
676.78	2811.00
676.97	2750.00
677.17	2788.00
677.36	2822.00
677.55	2856.00
677.74	2861.00
677.94	2791.00
678.13	2768.00
678.32	2725.00
678.51	2786.00
678.71	2852.00
678.90	2784.00
679.09	2728.00
679.28	2794.00
679.48	2845.00
679.67	2866.00
679.86	2850.00
680.05	2816.00
680.24	2719.00
680.44	2752.00
680.63	2731.00
680.82	2723.00
681.01	2726.00
681.21	2690.00
681.40	2764.00
681.59	2773.00
681.78	2754.00
681.97	2729.00
682.17	2657.00
682.36	2692.00
682.55	2664.00
682.74	2715.00
682.94	2740.00
683.13	2823.00
683.32	2802.00
683.51	2822.00
683.70	2707.00
683.90	2686.00
684.09	2796.00
684.28	2701.00
684.47	2627.00
684.66	2670.00
684.86	2643.00
685.05	2616.00
685.24	2650.00
685.43	2721.00
685.63	2695.00
685.82	2685.00
686.01	2668.00
686.20	2729.00
686.39	2746.00
686.59	2742.00
686.78	2749.00
686.97	2736.00
687.16	2724.00
687.35	2703.00
687.55	2747.00
687.74	2722.00
687.93	2616.00
688.12	2656.00
688.31	2738.00
688.51	2752.00
688.70	2719.00
688.89	2678.00
689.08	2642.00
689.27	2623.00
689.47	2684.00
689.66	2702.00
689.85	2655.00
690.04	2543.00
690.23	2609.00
690.42	2620.00
690.62	2625.00
690.81	2678.00
691.00	2608.00
691.19	2650.00
691.38	2734.00
691.58	2668.00
691.77	2645.00
691.96	2650.00
692.15	2659.00
692.34	2691.00
692.54	2752.00
692.73	2660.00
692.92	2687.00
693.11	2760.00
693.30	2710.00
693.49	2738.00
693.69	2750.00
693.88	2772.00
694.07	2814.00
694.26	2789.00
694.45	2715.00
694.64	2661.00
694.84	2700.00
695.03	2769.00
695.22	2692.00
695.41	2647.00
695.60	2644.00
695.80	2704.00
695.99	2811.00
696.18	2752.00
696.37	2645.00
696.56	2652.00
696.75	2758.00
696.95	2697.00
697.14	2736.00
697.33	2788.00
697.52	2654.00
697.71	2707.00
697.90	2722.00
698.09	2742.00
698.29	2764.00
698.48	2747.00
698.67	2771.00
698.86	2705.00
699.05	2747.00
699.24	2768.00
699.44	2795.00
699.63	2813.00
699.82	2709.00
700.01	2708.00
700.20	2752.00
700.39	2736.00
700.58	2787.00
700.78	2821.00
700.97	2806.00
701.16	2700.00
701.35	2704.00
701.54	2802.00
701.73	2791.00
701.93	2859.00
702.12	2914.00
702.31	2900.00
702.50	2963.00
702.69	3031.00
702.88	2959.00
703.07	2941.00
703.27	3002.00
703.46	2961.00
703.65	2934.00
703.84	2926.00
704.03	3019.00
704.22	2891.00
704.41	2885.00
704.60	3005.00
704.80	2947.00
704.99	2881.00
705.18	2942.00
705.37	2927.00
705.56	3007.00
705.75	2968.00
705.94	3043.00
706.14	3021.00
706.33	2928.00
706.52	3001.00
706.71	3080.00
706.90	3099.00
707.09	3193.00
707.28	3096.00
707.47	3151.00
707.67	3182.00
707.86	3191.00
708.05	3188.00
708.24	3188.00
708.43	3129.00
708.62	3099.00
708.81	3156.00
709.00	3236.00
709.20	3232.00
709.39	3255.00
709.58	3320.00
709.77	3292.00
709.96	3278.00
710.15	3214.00
710.34	3192.00
710.53	3172.00
710.72	3160.00
710.92	3213.00
711.11	3201.00
711.30	3278.00
711.49	3292.00
711.68	3272.00
711.87	3311.00
712.06	3325.00
712.25	3317.00
712.44	3310.00
712.64	3322.00
712.83	3389.00
713.02	3552.00
713.21	3509.00
713.40	3347.00
713.59	3337.00
713.78	3440.00
713.97	3456.00
714.16	3393.00
714.35	3290.00
714.55	3376.00
714.74	3398.00
714.93	3462.00
715.12	3399.00
715.31	3371.00
715.50	3382.00
715.69	3391.00
715.88	3365.00
716.07	3343.00
716.26	3363.00
716.45	3417.00
716.65	3395.00
716.84	3395.00
717.03	3354.00
717.22	3422.00
717.41	3431.00
717.60	3400.00
717.79	3433.00
717.98	3485.00
718.17	3429.00
718.36	3462.00
718.55	3438.00
718.75	3452.00
718.94	3425.00
719.13	3548.00
719.32	3551.00
719.51	3443.00
719.70	3540.00
719.89	3588.00
720.08	3496.00
720.27	3521.00
720.46	3494.00
720.65	3512.00
720.84	3476.00
721.03	3410.00
721.22	3389.00
721.42	3487.00
721.61	3550.00
721.80	3554.00
721.99	3581.00
722.18	3482.00
722.37	3499.00
722.56	3513.00
722.75	3465.00
722.94	3523.00
723.13	3517.00
723.32	3554.00
723.51	3601.00
723.70	3600.00
723.89	3484.00
724.08	3415.00
724.28	3489.00
724.47	3537.00
724.66	3590.00
724.85	3652.00
725.04	3589.00
725.23	3576.00
725.42	3521.00
725.61	3583.00
725.80	3584.00
725.99	3567.00
726.18	3444.00
726.37	3524.00
726.56	3561.00
726.75	3608.00
726.94	3671.00
727.13	3656.00
727.32	3652.00
727.51	3535.00
727.71	3530.00
727.90	3523.00
728.09	3566.00
728.28	3508.00
728.47	3515.00
728.66	3551.00
728.85	3451.00
729.04	3415.00
729.23	3528.00
729.42	3518.00
729.61	3547.00
729.80	3556.00
729.99	3448.00
730.18	3458.00
730.37	3593.00
730.56	3620.00
730.75	3544.00
730.94	3432.00
731.13	3393.00
731.32	3449.00
731.51	3540.00
731.70	3520.00
731.89	3438.00
732.08	3511.00
732.27	3543.00
732.46	3594.00
732.65	3510.00
732.84	3487.00
733.04	3497.00
733.23	3504.00
733.42	3491.00
733.61	3523.00
733.80	3524.00
733.99	3592.00
734.18	3538.00
734.37	3481.00
734.56	3499.00
734.75	3476.00
734.94	3522.00
735.13	3427.00
735.32	3383.00
735.51	3411.00
735.70	3336.00
735.89	3357.00
736.08	3375.00
736.27	3339.00
736.46	3335.00
736.65	3384.00
736.84	3355.00
737.03	3352.00
737.22	3405.00
737.41	3426.00
737.60	3462.00
737.79	3462.00
737.98	3392.00
738.17	3369.00
738.36	3435.00
738.55	3425.00
738.74	3441.00
738.93	3366.00
739.12	3337.00
739.31	3284.00
739.50	3289.00
739.69	3299.00
739.88	3229.00
740.07	3256.00
740.26	3334.00
740.45	3341.00
740.64	3250.00
740.83	3217.00
741.02	3334.00
741.21	3231.00
741.40	3199.00
741.59	3223.00
741.78	3222.00
741.97	3099.00
742.16	3086.00
742.35	3145.00
742.54	3121.00
742.73	3165.00
742.92	3172.00
743.11	3109.00
743.30	3118.00
743.49	3109.00
743.68	3127.00
743.87	3200.00
744.06	3097.00
744.25	3151.00
744.44	3163.00
744.63	3152.00
744.82	3154.00
745.01	3141.00
745.20	3089.00
745.39	3061.00
745.58	3114.00
745.77	3059.00
745.96	3051.00
746.15	3106.00
746.34	3115.00
746.52	3097.00
746.71	3002.00
746.90	3053.00
747.09	3065.00
747.28	3028.00
747.47	3141.00
747.66	3025.00
747.85	2982.00
748.04	2946.00
748.23	2964.00
748.42	2894.00
748.61	2897.00
748.80	2949.00
748.99	2935.00
749.18	2952.00
749.37	2929.00
749.56	2873.00
749.75	2807.00
749.94	2812.00
750.13	2852.00
750.32	2888.00
750.51	2856.00
750.70	2904.00
750.89	2860.00
751.08	2812.00
751.27	2774.00
751.46	2858.00
751.64	2808.00
751.83	2766.00
752.02	2818.00
752.21	2807.00
752.40	2705.00
752.59	2828.00
752.78	2843.00
752.97	2769.00
753.16	2791.00
753.35	2871.00
753.54	2810.00
753.73	2708.00
753.92	2717.00
754.11	2779.00
754.30	2791.00
754.49	2801.00
754.68	2792.00
754.87	2740.00
755.06	2724.00
755.24	2708.00
755.43	2778.00
755.62	2718.00
755.81	2672.00
756.00	2632.00
756.19	2668.00
756.38	2679.00
756.57	2653.00
756.76	2630.00
756.95	2714.00
757.14	2648.00
757.33	2637.00
757.52	2566.00
757.71	2581.00
757.90	2573.00
758.08	2542.00
758.27	2667.00
758.46	2649.00
758.65	2572.00
758.84	2573.00
759.03	2563.00
759.22	2593.00
759.41	2580.00
759.60	2634.00
759.79	2590.00
759.98	2588.00
760.17	2602.00
760.36	2662.00
760.54	2641.00
760.73	2621.00
760.92	2498.00
761.11	2427.00
761.30	2385.00
761.49	2369.00
761.68	2300.00
761.87	2405.00
762.06	2464.00
762.25	2400.00
762.44	2302.00
762.63	2230.00
762.81	2178.00
763.00	2178.00
763.19	2232.00
763.38	2253.00
763.57	2165.00
763.76	2201.00
763.95	2205.00
764.14	2180.00
764.33	2140.00
764.52	2116.00
764.71	2109.00
764.89	2195.00
765.08	2220.00
765.27	2154.00
765.46	2096.00
765.65	2089.00
765.84	2147.00
766.03	2216.00
766.22	2137.00
766.41	2168.00
766.59	2251.00
766.78	2250.00
766.97	2286.00
767.16	2340.00
767.35	2390.00
767.54	2395.00
767.73	2407.00
767.92	2399.00
768.11	2370.00
768.30	2369.00
768.48	2401.00
768.67	2469.00
768.86	2453.00
769.05	2459.00
769.24	2508.00
769.43	2451.00
769.62	2435.00
769.81	2445.00
769.99	2341.00
770.18	2392.00
770.37	2394.00
770.56	2405.00
770.75	2395.00
770.94	2373.00
771.13	2434.00
771.32	2443.00
771.50	2400.00
771.69	2431.00
771.88	2399.00
772.07	2381.00
772.26	2367.00
772.45	2354.00
772.64	2360.00
772.83	2397.00
773.01	2442.00
773.20	2432.00
773.39	2413.00
773.58	2330.00
773.77	2324.00
773.96	2417.00
774.15	2434.00
774.34	2375.00
774.52	2425.00
774.71	2422.00
774.90	2399.00
775.09	2361.00
775.28	2359.00
775.47	2320.00
775.66	2383.00
775.84	2317.00
776.03	2396.00
776.22	2491.00
776.41	2428.00
776.60	2357.00
776.79	2327.00
776.98	2296.00
777.16	2336.00
777.35	2308.00
777.54	2374.00
777.73	2380.00
777.92	2320.00
778.11	2300.00
778.29	2356.00
778.48	2339.00
778.67	2314.00
778.86	2336.00
779.05	2384.00
779.24	2440.00
779.43	2459.00
779.61	2387.00
779.80	2306.00
779.99	2276.00
780.18	2232.00
780.37	2218.00
780.56	2289.00
780.74	2389.00
780.93	2444.00
781.12	2416.00
781.31	2311.00
781.50	2347.00
781.69	2390.00
781.87	2368.00
782.06	2344.00
782.25	2350.00
782.44	2372.00
782.63	2337.00
782.82	2438.00
783.00	2416.00
783.19	2315.00
783.38	2326.00
783.57	2433.00
783.76	2387.00
783.95	2318.00
784.13	2345.00
784.32	2483.00
784.51	2464.00
784.70	2439.00
784.89	2441.00
785.08	2434.00
785.26	2431.00
785.45	2464.00
785.64	2551.00
785.83	2486.00
786.02	2311.00
786.20	2357.00
786.39	2440.00
786.58	2448.00
786.77	2431.00
786.96	2376.00
787.15	2328.00
787.33	2248.00
787.52	2336.00
787.71	2355.00
787.90	2328.00
788.09	2448.00
788.27	2484.00
788.46	2484.00
788.65	2482.00
788.84	2410.00
789.03	2382.00
789.21	2334.00
789.40	2444.00
789.59	2491.00
789.78	2415.00
789.97	2431.00
790.15	2413.00
790.34	2444.00
790.53	2494.00
790.72	2393.00
790.91	2470.00
791.09	2580.00
791.28	2584.00
791.47	2525.00
791.66	2580.00
791.85	2539.00
792.03	2528.00
792.22	2540.00
792.41	2503.00
792.60	2508.00
792.79	2518.00
792.97	2530.00
793.16	2574.00
793.35	2532.00
793.54	2522.00
793.72	2529.00
793.91	2597.00
794.10	2599.00
794.29	2600.00
794.48	2581.00
794.66	2665.00
794.85	2512.00
795.04	2486.00
795.23	2582.00
795.42	2667.00
795.60	2619.00
795.79	2576.00
795.98	2601.00
796.17	2619.00
796.35	2616.00
796.54	2544.00
796.73	2488.00
796.92	2550.00
797.11	2613.00
797.29	2602.00
797.48	2606.00
797.67	2592.00
797.86	2651.00
798.04	2635.00
798.23	2585.00
798.42	2523.00
798.61	2518.00
798.79	2578.00
798.98	2560.00
799.17	2585.00
799.36	2525.00
799.54	2531.00
799.73	2523.00
799.92	2526.00
800.11	2564.00
800.30	2534.00
800.48	2564.00
800.67	2557.00
800.86	2545.00
801.05	2614.00
801.23	2641.00
801.42	2638.00
801.61	2520.00
801.80	2537.00
801.98	2569.00
802.17	2551.00
802.36	2589.00
802.55	2650.00
802.73	2639.00
802.92	2579.00
803.11	2593.00
803.30	2629.00
803.48	2595.00
803.67	2637.00
803.86	2666.00
804.05	2619.00
804.23	2577.00
804.42	2639.00
804.61	2710.00
804.80	2603.00
804.98	2673.00
805.17	2662.00
805.36	2650.00
805.54	2701.00
805.73	2754.00
805.92	2668.00
806.11	2609.00
806.29	2675.00
806.48	2644.00
806.67	2705.00
806.86	2692.00
807.04	2618.00
807.23	2573.00
807.42	2624.00
807.61	2650.00
807.79	2626.00
807.98	2683.00
808.17	2748.00
808.35	2724.00
808.54	2733.00
808.73	2721.00
808.92	2692.00
809.10	2632.00
809.29	2640.00
809.48	2715.00
809.67	2720.00
809.85	2628.00
810.04	2682.00
810.23	2724.00
810.41	2709.00
810.60	2648.00
810.79	2596.00
810.98	2615.00
811.16	2734.00
811.35	2676.00
811.54	2568.00
811.72	2552.00
811.91	2617.00
812.10	2597.00
812.29	2646.00
812.47	2638.00
812.66	2638.00
812.85	2621.00
813.03	2548.00
813.22	2543.00
813.41	2593.00
813.60	2613.00
813.78	2520.00
813.97	2556.00
814.16	2583.00
814.34	2560.00
814.53	2617.00
814.72	2622.00
814.90	2624.00
815.09	2566.00
815.28	2538.00
815.47	2568.00
815.65	2661.00
815.84	2662.00
816.03	2657.00
816.21	2551.00
816.40	2586.00
816.59	2633.00
816.77	2643.00
816.96	2621.00
817.15	2678.00
817.33	2633.00
817.52	2584.00
817.71	2639.00
817.90	2617.00
818.08	2561.00
818.27	2626.00
818.46	2604.00
818.64	2645.00
818.83	2587.00
819.02	2616.00
819.20	2723.00
819.39	2692.00
819.58	2652.00
819.76	2631.00
819.95	2572.00
820.14	2581.00
820.32	2638.00
820.51	2684.00
820.70	2742.00
820.88	2706.00
821.07	2679.00
821.26	2679.00
821.44	2638.00
821.63	2585.00
821.82	2569.00
822.01	2570.00
822.19	2637.00
822.38	2645.00
822.57	2603.00
822.75	2596.00
822.94	2597.00
823.13	2648.00
823.31	2550.00
823.50	2549.00
823.69	2548.00
823.87	2630.00
824.06	2700.00
824.25	2617.00
824.43	2601.00
824.62	2628.00
824.80	2613.00
824.99	2600.00
825.18	2585.00
825.36	2511.00
825.55	2492.00
825.74	2466.00
825.92	2474.00
826.11	2504.00
826.30	2578.00
826.48	2548.00
826.67	2491.00
826.86	2485.00
827.04	2464.00
827.23	2561.00
827.42	2586.00
827.60	2518.00
827.79	2460.00
827.98	2492.00
828.16	2549.00
828.35	2497.00
828.54	2433.00
828.72	2440.00
828.91	2450.00
829.09	2423.00
829.28	2393.00
829.47	2424.00
829.65	2520.00
829.84	2487.00
830.03	2473.00
830.21	2500.00
830.40	2464.00
830.59	2482.00
830.77	2421.00
830.96	2417.00
831.14	2472.00
831.33	2422.00
831.52	2459.00
831.70	2506.00
831.89	2487.00
832.08	2534.00
832.26	2485.00
832.45	2375.00
832.64	2387.00
832.82	2417.00
833.01	2385.00
833.19	2430.00
833.38	2397.00
833.57	2458.00
833.75	2483.00
833.94	2394.00
834.13	2423.00
834.31	2444.00
834.50	2385.00
834.68	2471.00
834.87	2433.00
835.06	2399.00
835.24	2390.00
835.43	2335.00
835.61	2368.00
835.80	2426.00
835.99	2389.00
836.17	2399.00
836.36	2405.00
836.55	2388.00
836.73	2307.00
836.92	2298.00
837.10	2418.00
837.29	2389.00
837.48	2394.00
837.66	2371.00
837.85	2393.00
838.03	2375.00
838.22	2333.00
838.41	2339.00
838.59	2399.00
838.78	2394.00
838.96	2357.00
839.15	2292.00
839.34	2421.00
839.52	2378.00
839.71	2253.00
839.89	2356.00
840.08	2330.00
840.27	2321.00
840.45	2309.00
840.64	2285.00
840.82	2290.00
841.01	2245.00
841.20	2330.00
841.38	2256.00
841.57	2220.00
841.75	2309.00
841.94	2274.00
842.13	2247.00
842.31	2202.00
842.50	2270.00
842.68	2274.00
842.87	2169.00
843.05	2146.00
843.24	2181.00
843.43	2225.00
843.61	2167.00
843.80	2159.00
843.98	2171.00
844.17	2196.00
844.36	2198.00
844.54	2119.00
844.73	2143.00
844.91	2177.00
845.10	2196.00
845.28	2147.00
845.47	2178.00
845.66	2133.00
845.84	2091.00
846.03	2166.00
846.21	2099.00
846.40	2123.00
846.58	2120.00
846.77	2131.00
846.96	2043.00
847.14	1984.00
847.33	2037.00
847.51	1994.00
847.70	2081.00
847.88	2110.00
848.07	2010.00
848.25	2003.00
848.44	2071.00
848.63	2066.00
848.81	2091.00
849.00	2097.00
849.18	2059.00
849.37	2056.00
849.55	2011.00
849.74	2041.00
849.93	2060.00
850.11	2024.00
850.30	1976.00
850.48	1992.00
850.67	2022.00
850.85	2050.00
851.04	1994.00
851.22	1960.00
851.41	1948.00
851.59	2007.00
851.78	2025.00
851.97	2019.00
852.15	2004.00
852.34	1938.00
852.52	2005.00
852.71	2020.00
852.89	1976.00
853.08	2020.00
853.26	1979.00
853.45	1943.00
853.63	2044.00
853.82	1992.00
854.01	1952.00
854.19	1899.00
854.38	1843.00
854.56	1864.00
854.75	1898.00
854.93	1926.00
855.12	1942.00
855.30	1850.00
855.49	1914.00
855.67	2003.00
855.86	1947.00
856.04	1937.00
856.23	1985.00
856.41	1895.00
856.60	1898.00
856.79	1988.00
856.97	1918.00
857.16	1907.00
857.34	1865.00
857.53	1847.00
857.71	1860.00
857.90	1909.00
858.08	1939.00
858.27	1929.00
858.45	1857.00
858.64	1912.00
858.82	1947.00
859.01	1881.00
859.19	1842.00
859.38	1880.00
859.56	1788.00
859.75	1787.00
859.93	1753.00
860.12	1775.00
860.30	1794.00
860.49	1814.00
860.67	1827.00
860.86	1893.00
861.04	1821.00
861.23	1865.00
861.41	1773.00
861.60	1709.00
861.78	1719.00
861.97	1732.00
862.15	1808.00
862.34	1773.00
862.53	1742.00
862.71	1727.00
862.90	1642.00
863.08	1738.00
863.27	1718.00
863.45	1709.00
863.64	1761.00
863.82	1799.00
864.01	1771.00
864.19	1775.00
864.37	1689.00
864.56	1729.00
864.74	1744.00
864.93	1707.00
865.11	1709.00
865.30	1746.00
865.48	1608.00
865.67	1624.00
865.85	1650.00
866.04	1685.00
866.22	1645.00
866.41	1678.00
866.59	1762.00
866.78	1771.00
866.96	1739.00
867.15	1696.00
867.33	1679.00
867.52	1655.00
867.70	1669.00
867.89	1683.00
868.07	1676.00
868.26	1604.00
868.44	1576.00
868.63	1586.00
868.81	1595.00
869.00	1568.00
869.18	1542.00
869.37	1534.00
869.55	1591.00
869.74	1601.00
869.92	1576.00
870.10	1585.00
870.29	1609.00
870.47	1580.00
870.66	1557.00
870.84	1566.00
871.03	1601.00
871.21	1558.00
871.40	1598.00
871.58	1618.00
871.77	1601.00
871.95	1614.00
872.14	1561.00
872.32	1563.00
872.51	1573.00
872.69	1510.00
872.87	1521.00
873.06	1556.00
873.24	1592.00
873.43	1569.00
873.61	1549.00
873.80	1517.00
873.98	1510.00
874.17	1466.00
874.35	1434.00
874.54	1456.00
874.72	1526.00
874.90	1443.00
875.09	1469.00
875.27	1501.00
875.46	1440.00
875.64	1489.00
875.83	1469.00
876.01	1464.00
876.20	1461.00
876.38	1448.00
876.56	1433.00
876.75	1393.00
876.93	1490.00
877.12	1537.00
877.30	1502.00
877.49	1454.00
877.67	1485.00
877.86	1503.00
878.04	1575.00
878.22	1559.00
878.41	1545.00
878.59	1514.00
878.78	1472.00
878.96	1475.00
879.15	1485.00
879.33	1481.00
879.51	1441.00
879.70	1498.00
879.88	1432.00
880.07	1488.00
880.25	1556.00
880.44	1543.00
880.62	1485.00
880.80	1444.00
880.99	1434.00
881.17	1522.00
881.36	1507.00
881.54	1420.00
881.73	1446.00
881.91	1505.00
882.09	1511.00
882.28	1402.00
882.46	1450.00
882.65	1517.00
882.83	1437.00
883.02	1446.00
883.20	1463.00
883.38	1471.00
883.57	1462.00
883.75	1473.00
883.94	1433.00
884.12	1463.00
884.30	1430.00
884.49	1423.00
884.67	1487.00
884.86	1460.00
885.04	1439.00
885.22	1429.00
885.41	1399.00
885.59	1402.00
885.78	1440.00
885.96	1430.00
886.14	1369.00
886.33	1380.00
886.51	1383.00
886.70	1360.00
886.88	1375.00
887.06	1404.00
887.25	1346.00
887.43	1346.00
887.62	1404.00
887.80	1380.00
887.98	1328.00
888.17	1369.00
888.35	1389.00
888.54	1386.00
888.72	1402.00
888.90	1358.00
889.09	1362.00
889.27	1310.00
889.46	1315.00
889.64	1305.00
889.82	1361.00
890.01	1385.00
890.19	1351.00
890.38	1404.00
890.56	1437.00
890.74	1443.00
890.93	1389.00
891.11	1351.00
891.29	1430.00
891.48	1441.00
891.66	1460.00
891.85	1466.00
892.03	1362.00
892.21	1353.00
892.40	1419.00
892.58	1494.00
892.76	1449.00
892.95	1405.00
893.13	1448.00
893.32	1372.00
893.50	1355.00
893.68	1421.00
893.87	1371.00
894.05	1370.00
894.23	1384.00
894.42	1395.00
894.60	1364.00
894.79	1410.00
894.97	1467.00
895.15	1462.00
895.34	1387.00
895.52	1354.00
895.70	1351.00
895.89	1312.00
896.07	1441.00
896.25	1433.00
896.44	1463.00
896.62	1488.00
896.81	1498.00
896.99	1454.00
897.17	1466.00
897.36	1479.00
897.54	1392.00
897.72	1363.00
897.91	1445.00
898.09	1473.00
898.27	1483.00
898.46	1458.00
898.64	1398.00
898.82	1394.00
899.01	1422.00
899.19	1454.00
899.37	1411.00
899.56	1443.00
899.74	1461.00
899.92	1535.00
900.11	1553.00
900.29	1400.00
900.47	1327.00
900.66	1445.00
900.84	1477.00
901.03	1509.00
901.21	1454.00
901.39	1415.00
901.58	1462.00
901.76	1505.00
901.94	1474.00
902.13	1515.00
902.31	1556.00
902.49	1541.00
902.68	1507.00
902.86	1465.00
903.04	1492.00
903.23	1508.00
903.41	1477.00
903.59	1475.00
903.78	1507.00
903.96	1478.00
904.14	1528.00
904.32	1615.00
904.51	1608.00
904.69	1518.00
904.87	1527.00
905.06	1502.00
905.24	1515.00
905.42	1522.00
905.61	1509.00
905.79	1539.00
905.97	1557.00
906.16	1563.00
906.34	1509.00
906.52	1495.00
906.71	1430.00
906.89	1441.00
907.07	1437.00
907.26	1483.00
907.44	1524.00
907.62	1543.00
907.81	1515.00
907.99	1533.00
908.17	1553.00
908.35	1582.00
908.54	1506.00
908.72	1526.00
908.90	1608.00
909.09	1542.00
909.27	1511.00
909.45	1501.00
909.64	1495.00
909.82	1498.00
910.00	1479.00
910.18	1520.00
910.37	1550.00
910.55	1526.00
910.73	1535.00
910.92	1556.00
911.10	1614.00
911.28	1615.00
911.47	1525.00
911.65	1514.00
911.83	1494.00
912.01	1529.00
912.20	1560.00
912.38	1519.00
912.56	1429.00
912.75	1475.00
912.93	1522.00
913.11	1592.00
913.29	1545.00
913.48	1453.00
913.66	1453.00
913.84	1487.00
914.03	1488.00
914.21	1489.00
914.39	1436.00
914.57	1425.00
914.76	1493.00
914.94	1506.00
915.12	1496.00
915.31	1528.00
915.49	1489.00
915.67	1440.00
915.85	1483.00
916.04	1438.00
916.22	1502.00
916.40	1463.00
916.58	1418.00
916.77	1425.00
916.95	1435.00
917.13	1423.00
917.32	1500.00
917.50	1453.00
917.68	1447.00
917.86	1456.00
918.05	1435.00
918.23	1430.00
918.41	1477.00
918.59	1527.00
918.78	1380.00
918.96	1382.00
919.14	1469.00
919.32	1473.00
919.51	1431.00
919.69	1504.00
919.87	1499.00
920.05	1405.00
920.24	1414.00
920.42	1514.00
920.60	1504.00
920.78	1361.00
920.97	1364.00
921.15	1367.00
921.33	1435.00
921.52	1454.00
921.70	1388.00
921.88	1432.00
922.06	1450.00
922.24	1455.00
922.43	1383.00
922.61	1398.00
922.79	1366.00
922.97	1421.00
923.16	1344.00
923.34	1377.00
923.52	1403.00
923.70	1401.00
923.89	1294.00
924.07	1376.00
924.25	1350.00
924.43	1311.00
924.62	1281.00
924.80	1385.00
924.98	1350.00
925.16	1263.00
925.35	1390.00
925.53	1474.00
925.71	1423.00
925.89	1387.00
926.08	1360.00
926.26	1339.00
926.44	1279.00
926.62	1332.00
926.80	1391.00
926.99	1358.00
927.17	1250.00
927.35	1297.00
927.53	1282.00
927.72	1295.00
927.90	1247.00
928.08	1289.00
928.26	1297.00
928.44	1289.00
928.63	1259.00
928.81	1265.00
928.99	1287.00
929.17	1308.00
929.36	1287.00
929.54	1260.00
929.72	1304.00
929.90	1301.00
930.08	1274.00
930.27	1224.00
930.45	1192.00
930.63	1180.00
930.81	1186.00
930.99	1181.00
931.18	1202.00
931.36	1144.00
931.54	1208.00
931.72	1221.00
931.90	1148.00
932.09	1147.00
932.27	1214.00
932.45	1280.00
932.63	1170.00
932.81	1120.00
933.00	1148.00
933.18	1117.00
933.36	1112.00
933.54	1137.00
933.72	1152.00
933.91	1092.00
934.09	1058.00
934.27	1052.00
934.45	1085.00
934.63	1066.00
934.82	978.00
935.00	981.00
935.18	1046.00
935.36	1054.00
935.54	1041.00
935.73	985.00
935.91	1008.00
936.09	983.00
936.27	939.00
936.45	932.00
936.64	965.00
936.82	974.00
937.00	912.00
937.18	919.00
937.36	912.00
937.54	875.00
937.73	875.00
937.91	880.00
938.09	873.00
938.27	896.00
938.45	815.00
938.63	816.00
938.82	782.00
939.00	760.00
939.18	784.00
939.36	796.00
939.54	836.00
939.73	735.00
939.91	722.00
940.09	748.00
940.27	744.00
940.45	728.00
940.63	710.00
940.82	721.00
941.00	644.00
941.18	636.00
941.36	658.00
941.54	695.00
941.72	694.00
941.91	616.00
942.09	646.00
942.27	693.00
942.45	663.00
942.63	617.00
942.81	650.00
942.99	643.00
943.18	684.00
943.36	662.00
943.54	648.00
943.72	613.00
943.90	586.00
944.08	668.00
944.27	677.00
944.45	654.00
944.63	674.00
944.81	611.00
944.99	548.00
945.17	578.00
945.35	633.00
945.54	643.00
945.72	654.00
945.90	582.00
946.08	593.00
946.26	625.00
946.44	637.00
946.62	639.00
946.81	591.00
946.99	584.00
947.17	583.00
947.35	648.00
947.53	615.00
947.71	599.00
947.89	580.00
948.07	580.00
948.26	580.00
948.44	568.00
948.62	650.00
948.80	608.00
948.98	562.00
949.16	616.00
949.34	570.00
949.53	571.00
949.71	620.00
949.89	571.00
950.07	598.00
950.25	679.00
950.43	663.00
950.61	602.00
950.79	644.00
950.98	657.00
951.16	614.00
951.34	571.00
951.52	647.00
951.70	644.00
951.88	556.00
952.06	557.00
952.24	523.00
952.42	604.00
952.61	606.00
952.79	564.00
952.97	622.00
953.15	622.00
953.33	598.00
953.51	657.00
953.69	624.00
953.87	641.00
954.05	597.00
954.24	577.00
954.42	630.00
954.60	552.00
954.78	521.00
954.96	530.00
955.14	584.00
955.32	601.00
955.50	644.00
955.68	642.00
955.86	645.00
956.05	576.00
956.23	551.00
956.41	580.00
956.59	605.00
956.77	613.00
956.95	618.00
957.13	600.00
957.31	586.00
957.49	617.00
957.67	566.00
957.86	537.00
958.04	532.00
958.22	615.00
958.40	569.00
958.58	617.00
958.76	616.00
958.94	604.00
959.12	604.00
959.30	622.00
959.48	598.00
959.66	562.00
959.84	572.00
960.03	548.00
960.21	671.00
960.39	683.00
960.57	631.00
960.75	668.00
960.93	622.00
961.11	511.00
961.29	483.00
961.47	529.00
961.65	490.00
961.83	503.00
962.01	521.00
962.19	559.00
962.37	536.00
962.56	557.00
962.74	539.00
962.92	499.00
963.10	543.00
963.28	542.00
963.46	530.00
963.64	582.00
963.82	550.00
964.00	582.00
964.18	593.00
964.36	575.00
964.54	535.00
964.72	489.00
964.90	493.00
965.08	528.00
965.27	529.00
965.45	503.00
965.63	549.00
965.81	592.00
965.99	590.00
966.17	505.00
966.35	435.00
966.53	450.00
966.71	490.00
966.89	463.00
967.07	504.00
967.25	523.00
967.43	517.00
967.61	555.00
967.79	556.00
967.97	528.00
968.15	501.00
968.33	543.00
968.51	555.00
968.69	562.00
968.87	506.00
969.06	447.00
969.24	424.00
969.42	518.00
969.60	513.00
969.78	517.00
969.96	455.00
970.14	516.00
970.32	499.00
970.50	440.00
970.68	421.00
970.86	450.00
971.04	530.00
971.22	555.00
971.40	506.00
971.58	497.00
971.76	427.00
971.94	483.00
972.12	504.00
972.30	483.00
972.48	449.00
972.66	473.00
972.84	493.00
973.02	430.00
973.20	450.00
973.38	420.00
973.56	454.00
973.74	473.00
973.92	469.00
974.10	509.00
974.28	520.00
974.46	507.00
974.64	489.00
974.82	471.00
975.00	486.00
975.18	462.00
975.36	428.00
975.54	491.00
975.72	478.00
975.90	449.00
976.08	395.00
976.26	378.00
976.44	470.00
976.62	431.00
976.80	422.00
976.98	437.00
977.16	457.00
977.34	445.00
977.52	440.00
977.70	433.00
977.88	413.00
978.06	447.00
978.24	403.00
978.42	382.00
978.60	462.00
978.78	437.00
978.96	497.00
979.14	463.00
979.32	477.00
979.50	469.00
979.68	412.00
979.86	435.00
980.04	434.00
980.22	404.00
980.40	411.00
980.58	458.00
980.76	460.00
980.94	399.00
981.12	338.00
981.30	411.00
981.48	443.00
981.66	442.00
981.84	452.00
982.02	421.00
982.20	406.00
982.38	359.00
982.56	443.00
982.74	478.00
982.92	419.00
983.10	419.00
983.28	472.00
983.46	368.00
983.64	393.00
983.82	384.00
984.00	377.00
984.18	380.00
984.36	386.00
984.54	400.00
984.72	432.00
984.90	446.00
985.08	388.00
985.26	349.00
985.44	338.00
985.62	356.00
985.80	383.00
985.98	376.00
986.16	400.00
986.34	391.00
986.51	390.00
986.69	384.00
986.87	384.00
987.05	342.00
987.23	366.00
987.41	391.00
987.59	354.00
987.77	364.00
987.95	369.00
988.13	395.00
988.31	386.00
988.49	361.00
988.67	360.00
988.85	372.00
989.03	360.00
989.21	327.00
989.39	336.00
989.57	376.00
989.75	344.00
989.93	326.00
990.11	356.00
990.28	332.00
990.46	334.00
990.64	368.00
990.82	355.00
991.00	340.00
991.18	334.00
991.36	315.00
991.54	348.00
991.72	362.00
991.90	324.00
992.08	341.00
992.26	306.00
992.44	268.00
992.62	323.00
992.80	310.00
992.98	311.00
993.15	339.00
993.33	332.00
993.51	316.00
993.69	357.00
993.87	302.00
994.05	268.00
994.23	296.00
994.41	356.00
994.59	364.00
994.77	307.00
994.95	278.00
995.13	322.00
995.31	316.00
995.48	368.00
995.66	280.00
995.84	309.00
996.02	347.00
996.20	308.00
996.38	348.00
996.56	366.00
996.74	268.00
996.92	291.00
997.10	324.00
997.28	366.00
997.46	289.00
997.63	304.00
997.81	326.00
997.99	376.00
998.17	283.00
998.35	262.00
998.53	344.00
998.71	317.00
998.89	274.00
999.07	318.00
999.25	319.00
999.43	326.00
999.60	390.00
999.78	365.00
999.96	319.00
1000.14	292.00
1000.32	331.00
1000.50	285.00
1000.68	292.00
1000.86	253.00
1001.04	266.00
1001.21	310.00
1001.39	312.00
1001.57	320.00
1001.75	300.00
1001.93	279.00
1002.11	297.00
1002.29	292.00
1002.47	316.00
1002.65	248.00
1002.82	228.00
1003.00	262.00
1003.18	240.00
1003.36	208.00
1003.54	256.00
1003.72	276.00
1003.90	317.00
1004.08	310.00
1004.26	324.00
1004.43	350.00
1004.61	284.00
1004.79	288.00
1004.97	207.00
1005.15	254.00
1005.33	283.00
1005.51	310.00
1005.69	346.00
1005.86	277.00
1006.04	303.00
1006.22	296.00
1006.40	219.00
1006.58	279.00
1006.76	312.00
1006.94	314.00
1007.12	300.00
1007.29	296.00
1007.47	282.00
1007.65	216.00
1007.83	307.00
1008.01	338.00
1008.19	308.00
1008.37	275.00
1008.54	274.00
1008.72	260.00
1008.90	225.00
1009.08	178.00
1009.26	161.00
1009.44	187.00
1009.62	268.00
1009.79	272.00
1009.97	175.00
1010.15	254.00
1010.33	312.00
1010.51	296.00
1010.69	272.00
1010.87	283.00
1011.04	243.00
1011.22	212.00
1011.40	184.00
1011.58	224.00
1011.76	221.00
1011.94	240.00
1012.11	232.00
1012.29	254.00
1012.47	256.00
1012.65	276.00
1012.83	314.00
1013.01	268.00
1013.18	233.00
1013.36	252.00
1013.54	226.00
1013.72	231.00
1013.90	226.00
1014.08	178.00
1014.25	260.00
1014.43	283.00
1014.61	282.00
1014.79	277.00
1014.97	227.00
1015.15	224.00
1015.32	247.00
1015.50	243.00
1015.68	217.00
1015.86	216.00
1016.04	196.00
1016.22	233.00
1016.39	260.00
1016.57	224.00
1016.75	236.00
1016.93	308.00
1017.11	265.00
1017.29	214.00
1017.46	202.00
1017.64	212.00
1017.82	230.00
1018.00	252.00
1018.18	299.00
1018.35	239.00
1018.53	188.00
1018.71	229.00
1018.89	226.00
1019.07	234.00
1019.24	252.00
1019.42	196.00
1019.60	217.00
1019.78	211.00
1019.96	219.00
1020.14	238.00
1020.31	244.00
1020.49	232.00
1020.67	199.00
1020.85	88.00
1021.03	193.00
1021.20	202.00
1021.38	222.00
1021.56	227.00
1021.74	176.00
1021.92	190.00
1022.09	161.00
1022.27	153.00
1022.45	228.00
1022.63	262.00
1022.81	219.00
1022.98	178.00
1023.16	171.00
1023.34	226.00
1023.52	207.00
1023.69	165.00
1023.87	191.00
1024.05	213.00
1024.23	203.00
1024.41	243.00
1024.58	283.00
1024.76	288.00
1024.94	261.00
1025.12	181.00
1025.30	222.00
1025.47	248.00
1025.65	202.00
1025.83	220.00
1026.01	136.00
1026.18	87.00
1026.36	202.00
1026.54	247.00
1026.72	196.00
1026.90	174.00
1027.07	197.00
1027.25	227.00
1027.43	223.00
1027.61	156.00
1027.78	179.00
1027.96	216.00
1028.14	192.00
1028.32	172.00
1028.49	242.00
1028.67	189.00
1028.85	184.00
1029.03	232.00
1029.21	214.00
1029.38	195.00
1029.56	201.00
1029.74	246.00
1029.92	212.00
1030.09	175.00
1030.27	174.00
1030.45	181.00
1030.63	173.00
1030.80	240.00
1030.98	190.00
1031.16	189.00
1031.34	173.00
1031.51	147.00
1031.69	146.00
1031.87	125.00
1032.05	144.00
1032.22	211.00
1032.40	246.00
1032.58	151.00
1032.76	188.00
1032.93	162.00
1033.11	181.00
1033.29	177.00
1033.47	219.00
1033.64	204.00
1033.82	147.00
1034.00	162.00
1034.18	152.00
1034.35	125.00
1034.53	166.00
1034.71	150.00
1034.89	175.00
1035.06	194.00
1035.24	187.00
1035.42	217.00
1035.59	177.00
1035.77	194.00
1035.95	211.00
1036.13	187.00
1036.30	137.00
1036.48	183.00
1036.66	237.00
1036.84	152.00
1037.01	150.00
1037.19	143.00
1037.37	131.00
1037.54	197.00
1037.72	176.00
1037.90	189.00
1038.08	144.00
1038.25	98.00
1038.43	80.00
1038.61	190.00
1038.79	126.00
1038.96	108.00
1039.14	103.00
1039.32	170.00
1039.49	201.00
1039.67	159.00
1039.85	162.00
1040.03	174.00
1040.20	201.00
1040.38	178.00
1040.56	182.00
1040.73	173.00
1040.91	129.00
1041.09	162.00
1041.27	207.00
1041.44	135.00
1041.62	89.00
1041.80	132.00
1041.97	183.00
1042.15	182.00
1042.33	185.00
1042.50	182.00
1042.68	172.00
1042.86	164.00
1043.04	185.00
1043.21	128.00
1043.39	147.00
1043.57	168.00
1043.74	136.00
1043.92	99.00
1044.10	128.00
1044.27	152.00
1044.45	108.00
1044.63	90.00
1044.80	101.00
1044.98	100.00
1045.16	170.00
1045.34	186.00
1045.51	107.00
1045.69	117.00
1045.87	98.00
1046.04	61.00
1046.22	95.00
1046.40	127.00
1046.57	126.00
1046.75	135.00
1046.93	205.00
1047.10	164.00
1047.28	133.00
1047.46	81.00
1047.63	128.00
1047.81	158.00
1047.99	120.00
1048.16	108.00
1048.34	127.00
1048.52	78.00
1048.69	43.00
1048.87	84.00
1049.05	120.00
1049.22	151.00
1049.40	175.00
1049.58	191.00
1049.75	184.00
1049.93	108.00
1050.11	148.00
1050.28	211.00
1050.46	225.00
1050.64	120.00
1050.81	82.00
1050.99	130.00
1051.17	116.00
1051.34	110.00
1051.52	124.00
1051.70	117.00
1051.87	147.00
1052.05	144.00
1052.23	115.00
1052.40	134.00
1052.58	189.00
1052.76	167.00
1052.93	138.00
1053.11	142.00
1053.29	143.00
1053.46	157.00
1053.64	157.00
1053.82	145.00
1053.99	149.00
1054.17	125.00
1054.35	107.00
1054.52	144.00
1054.70	197.00
1054.87	153.00
1055.05	124.00
1055.23	80.00
1055.40	130.00
1055.58	95.00
1055.76	87.00
1055.93	120.00
1056.11	98.00
1056.29	83.00
1056.46	31.00
1056.64	34.00
1056.81	128.00
1056.99	93.00
1057.17	104.00
1057.34	73.00
1057.52	97.00
1057.70	156.00
1057.87	136.00
1058.05	156.00
1058.22	158.00
1058.40	51.00
1058.58	150.00
1058.75	150.00
1058.93	136.00
1059.11	159.00
1059.28	109.00
1059.46	77.00
1059.63	101.00
1059.81	106.00
1059.99	105.00
1060.16	148.00
1060.34	137.00
1060.52	120.00
1060.69	119.00
1060.87	130.00
1061.04	154.00
1061.22	93.00
