367.62	305.00
367.82	267.00
368.02	239.00
368.23	297.00
368.43	297.00
368.63	233.00
368.83	238.00
369.04	291.00
369.24	272.00
369.44	299.00
369.65	339.00
369.85	291.00
370.05	326.00
370.25	360.00
370.46	341.00
370.66	311.00
370.86	388.00
371.07	417.00
371.27	364.00
371.47	396.00
371.67	380.00
371.88	424.00
372.08	428.00
372.28	378.00
372.49	416.00
372.69	422.00
372.89	414.00
373.09	376.00
373.30	459.00
373.50	446.00
373.70	485.00
373.91	529.00
374.11	474.00
374.31	471.00
374.51	461.00
374.72	485.00
374.92	560.00
375.12	569.00
375.33	484.00
375.53	484.00
375.73	511.00
375.93	568.00
376.14	597.00
376.34	632.00
376.54	604.00
376.74	566.00
376.95	608.00
377.15	654.00
377.35	672.00
377.55	700.00
377.76	683.00
377.96	644.00
378.16	695.00
378.37	710.00
378.57	660.00
378.77	690.00
378.97	740.00
379.18	693.00
379.38	673.00
379.58	694.00
379.78	743.00
379.99	800.00
380.19	774.00
380.39	796.00
380.59	721.00
380.80	741.00
381.00	792.00
381.20	751.00
381.40	804.00
381.61	766.00
381.81	718.00
382.01	748.00
382.21	807.00
382.42	876.00
382.62	923.00
382.82	881.00
383.02	828.00
383.23	805.00
383.43	794.00
383.63	871.00
383.83	863.00
384.04	774.00
384.24	730.00
384.44	739.00
384.64	756.00
384.85	825.00
385.05	819.00
385.25	807.00
385.45	820.00
385.66	810.00
385.86	831.00
386.06	798.00
386.26	833.00
386.47	860.00
386.67	811.00
386.87	810.00
387.07	823.00
387.27	792.00
387.48	800.00
387.68	878.00
387.88	855.00
388.08	857.00
388.29	870.00
388.49	908.00
388.69	785.00
388.89	846.00
389.10	882.00
389.30	867.00
389.50	864.00
389.70	885.00
389.90	967.00
390.11	897.00
390.31	870.00
390.51	946.00
390.71	983.00
390.92	901.00
391.12	915.00
391.32	947.00
391.52	977.00
391.72	989.00
391.93	1050.00
392.13	1005.00
392.33	965.00
392.53	1011.00
392.74	1040.00
392.94	1085.00
393.14	1110.00
393.34	1136.00
393.54	1142.00
393.75	1142.00
393.95	1150.00
394.15	1127.00
394.35	1202.00
394.56	1197.00
394.76	1233.00
394.96	1281.00
395.16	1276.00
395.36	1313.00
395.57	1353.00
395.77	1404.00
395.97	1518.00
396.17	1454.00
396.37	1451.00
396.58	1474.00
396.78	1464.00
396.98	1619.00
397.18	1601.00
397.38	1588.00
397.59	1651.00
397.79	1720.00
397.99	1733.00
398.19	1764.00
398.39	1762.00
398.60	1799.00
398.80	1828.00
399.00	1773.00
399.20	1840.00
399.40	1877.00
399.61	1903.00
399.81	1946.00
400.01	1952.00
400.21	1976.00
400.41	1989.00
400.62	1975.00
400.82	2119.00
401.02	2136.00
401.22	2254.00
401.42	2218.00
401.63	2133.00
401.83	2192.00
402.03	2292.00
402.23	2343.00
402.43	2449.00
402.64	2429.00
402.84	2362.00
403.04	2392.00
403.24	2284.00
403.44	2463.00
403.64	2529.00
403.85	2527.00
404.05	2594.00
404.25	2662.00
404.45	2601.00
404.65	2705.00
404.86	2693.00
405.06	2591.00
405.26	2677.00
405.46	2605.00
405.66	2537.00
405.86	2615.00
406.07	2757.00
406.27	2762.00
406.47	2662.00
406.67	2718.00
406.87	2673.00
407.07	2665.00
407.28	2755.00
407.48	2703.00
407.68	2737.00
407.88	2803.00
408.08	2811.00
408.28	2835.00
408.49	2817.00
408.69	2743.00
408.89	2792.00
409.09	2787.00
409.29	2739.00
409.49	2756.00
409.70	2866.00
409.90	2878.00
410.10	2858.00
410.30	2910.00
410.50	2938.00
410.70	2935.00
410.91	2967.00
411.11	2907.00
411.31	2895.00
411.51	2873.00
411.71	2873.00
411.91	2908.00
412.12	2940.00
412.32	2910.00
412.52	2932.00
412.72	2952.00
412.92	3016.00
413.12	3038.00
413.32	3069.00
413.53	3000.00
413.73	3072.00
413.93	3160.00
414.13	3155.00
414.33	3179.00
414.53	3138.00
414.74	3168.00
414.94	3276.00
415.14	3241.00
415.34	3265.00
415.54	3251.00
415.74	3342.00
415.94	3392.00
416.15	3344.00
416.35	3361.00
416.55	3389.00
416.75	3449.00
416.95	3528.00
417.15	3564.00
417.35	3598.00
417.56	3610.00
417.76	3519.00
417.96	3576.00
418.16	3650.00
418.36	3737.00
418.56	3685.00
418.76	3775.00
418.97	3834.00
419.17	3853.00
419.37	3935.00
419.57	3989.00
419.77	4019.00
419.97	4111.00
420.17	4137.00
420.37	4183.00
420.58	4273.00
420.78	4257.00
420.98	4267.00
421.18	4299.00
421.38	4427.00
421.58	4427.00
421.78	4479.00
421.98	4582.00
422.19	4725.00
422.39	4646.00
422.59	4688.00
422.79	4788.00
422.99	4913.00
423.19	5083.00
423.39	5209.00
423.59	5268.00
423.80	5260.00
424.00	5257.00
424.20	5308.00
424.40	5376.00
424.60	5440.00
424.80	5504.00
425.00	5604.00
425.20	5640.00
425.40	5666.00
425.61	5732.00
425.81	5746.00
426.01	5868.00
426.21	5974.00
426.41	6093.00
426.61	6122.00
426.81	6129.00
427.01	6226.00
427.21	6147.00
427.42	6211.00
427.62	6355.00
427.82	6419.00
428.02	6525.00
428.22	6547.00
428.42	6596.00
428.62	6644.00
428.82	6700.00
429.02	6733.00
429.23	6852.00
429.43	6852.00
429.63	6860.00
429.83	6878.00
430.03	6876.00
430.23	6954.00
430.43	7026.00
430.63	6994.00
430.83	6999.00
431.03	6986.00
431.24	7029.00
431.44	7147.00
431.64	7133.00
431.84	7150.00
432.04	7081.00
432.24	7154.00
432.44	7166.00
432.64	7132.00
432.84	7151.00
433.04	7195.00
433.24	7243.00
433.45	7101.00
433.65	7196.00
433.85	7328.00
434.05	7217.00
434.25	7082.00
434.45	6996.00
434.65	7130.00
434.85	7172.00
435.05	7094.00
435.25	7021.00
435.45	7056.00
435.65	7107.00
435.86	7072.00
436.06	7071.00
436.26	7187.00
436.46	7118.00
436.66	7033.00
436.86	7124.00
437.06	7085.00
437.26	7019.00
437.46	6953.00
437.66	6827.00
437.86	6884.00
438.06	6971.00
438.26	6985.00
438.47	6960.00
438.67	6862.00
438.87	6796.00
439.07	6815.00
439.27	6858.00
439.47	6930.00
439.67	7019.00
439.87	6968.00
440.07	6877.00
440.27	6785.00
440.47	6817.00
440.67	6988.00
440.87	6886.00
441.07	6912.00
441.27	7055.00
441.48	7043.00
441.68	6924.00
441.88	6889.00
442.08	6982.00
442.28	7013.00
442.48	6938.00
442.68	6944.00
442.88	7004.00
443.08	6997.00
443.28	6957.00
443.48	7067.00
443.68	7096.00
443.88	7110.00
444.08	7154.00
444.28	7138.00
444.48	7237.00
444.68	7154.00
444.88	7167.00
445.09	7273.00
445.29	7295.00
445.49	7371.00
445.69	7319.00
445.89	7321.00
446.09	7536.00
446.29	7658.00
446.49	7589.00
446.69	7575.00
446.89	7639.00
447.09	7638.00
447.29	7675.00
447.49	7679.00
447.69	7803.00
447.89	7953.00
448.09	7953.00
448.29	7977.00
448.49	8111.00
448.69	8230.00
448.89	8233.00
449.09	8180.00
449.29	8219.00
449.49	8302.00
449.70	8365.00
449.90	8476.00
450.10	8546.00
450.30	8690.00
450.50	8759.00
450.70	8677.00
450.90	8720.00
451.10	8939.00
451.30	8981.00
451.50	9021.00
451.70	9144.00
451.90	9252.00
452.10	9287.00
452.30	9344.00
452.50	9446.00
452.70	9570.00
452.90	9766.00
453.10	9769.00
453.30	9898.00
453.50	10053.00
453.70	10111.00
453.90	10361.00
454.10	10387.00
454.30	10479.00
454.50	10580.00
454.70	10603.00
454.90	10683.00
455.10	10775.00
455.30	10822.00
455.50	10992.00
455.70	11132.00
455.90	11157.00
456.10	11255.00
456.30	11421.00
456.50	11386.00
456.70	11456.00
456.90	11662.00
457.10	11665.00
457.30	11762.00
457.50	11927.00
457.70	12112.00
457.90	12199.00
458.10	12228.00
458.30	12197.00
458.50	12330.00
458.70	12426.00
458.90	12527.00
459.10	12714.00
459.30	12690.00
459.50	12653.00
459.70	12729.00
459.90	12871.00
460.10	12863.00
460.30	13019.00
460.50	13199.00
460.70	13121.00
460.90	13023.00
461.10	13053.00
461.30	13087.00
461.50	13151.00
461.70	13286.00
461.90	13321.00
462.10	13339.00
462.30	13379.00
462.50	13525.00
462.70	13507.00
462.90	13437.00
463.10	13518.00
463.30	13618.00
463.50	13480.00
463.70	13528.00
463.90	13632.00
464.10	13605.00
464.30	13495.00
464.50	13484.00
464.70	13564.00
464.90	13640.00
465.10	13638.00
465.30	13628.00
465.50	13548.00
465.70	13542.00
465.90	13520.00
466.10	13407.00
466.30	13444.00
466.50	13330.00
466.70	13341.00
466.90	13278.00
467.10	13340.00
467.30	13352.00
467.50	13171.00
467.70	13073.00
467.90	13023.00
468.10	13030.00
468.30	13246.00
468.50	13215.00
468.70	13075.00
468.90	13156.00
469.10	13055.00
469.30	12911.00
469.50	12914.00
469.70	12812.00
469.90	12876.00
470.10	12952.00
470.30	13012.00
470.50	13005.00
470.70	13002.00
470.90	12902.00
471.10	12894.00
471.29	13010.00
471.49	12930.00
471.69	12911.00
471.89	12823.00
472.09	12861.00
472.29	12913.00
472.49	12933.00
472.69	12953.00
472.89	12908.00
473.09	12989.00
473.29	12946.00
473.49	12908.00
473.69	12888.00
473.89	12722.00
474.09	12689.00
474.29	12849.00
474.49	12874.00
474.69	12772.00
474.89	12847.00
475.09	12822.00
475.29	12778.00
475.49	12895.00
475.69	12948.00
475.88	12896.00
476.08	12837.00
476.28	12885.00
476.48	12881.00
476.68	12906.00
476.88	12968.00
477.08	12738.00
477.28	12825.00
477.48	13030.00
477.68	13141.00
477.88	13192.00
478.08	13261.00
478.28	13188.00
478.48	13153.00
478.68	13269.00
478.88	13368.00
479.08	13295.00
479.28	13396.00
479.47	13480.00
479.67	13518.00
479.87	13626.00
480.07	13650.00
480.27	13630.00
480.47	13630.00
480.67	13803.00
480.87	13949.00
481.07	14075.00
481.27	14067.00
481.47	13957.00
481.67	14131.00
481.87	14306.00
482.07	14405.00
482.27	14453.00
482.46	14389.00
482.66	14429.00
482.86	14661.00
483.06	14790.00
483.26	14820.00
483.46	14912.00
483.66	14927.00
483.86	15092.00
484.06	15241.00
484.26	15282.00
484.46	15330.00
484.66	15428.00
484.86	15520.00
485.05	15673.00
485.25	15713.00
485.45	15693.00
485.65	15852.00
485.85	16114.00
486.05	16296.00
486.25	16349.00
486.45	16622.00
486.65	16674.00
486.85	16731.00
487.05	16658.00
487.25	16872.00
487.44	17129.00
487.64	17237.00
487.84	17355.00
488.04	17679.00
488.24	17852.00
488.44	17843.00
488.64	17993.00
488.84	18122.00
489.04	18199.00
489.24	18538.00
489.43	18667.00
489.63	18787.00
489.83	18795.00
490.03	18941.00
490.23	19001.00
490.43	19017.00
490.63	19417.00
490.83	19652.00
491.03	19778.00
491.23	19870.00
491.42	20004.00
491.62	20022.00
491.82	20168.00
492.02	20213.00
492.22	20375.00
492.42	20604.00
492.62	20789.00
492.82	21110.00
493.02	21220.00
493.22	21434.00
493.41	21568.00
493.61	21573.00
493.81	21577.00
494.01	21548.00
494.21	21719.00
494.41	22194.00
494.61	22250.00
494.81	22124.00
495.01	22252.00
495.20	22453.00
495.40	22587.00
495.60	22735.00
495.80	22712.00
496.00	22896.00
496.20	23042.00
496.40	23125.00
496.60	23193.00
496.79	23280.00
496.99	23426.00
497.19	23343.00
497.39	23404.00
497.59	23447.00
497.79	23690.00
497.99	23811.00
498.19	23843.00
498.38	23644.00
498.58	23746.00
498.78	23951.00
498.98	24078.00
499.18	24193.00
499.38	24354.00
499.58	24215.00
499.78	24149.00
499.97	24223.00
500.17	24217.00
500.37	24151.00
500.57	24247.00
500.77	24149.00
500.97	24061.00
501.17	24182.00
501.37	24317.00
501.56	24460.00
501.76	24504.00
501.96	24327.00
502.16	24111.00
502.36	23995.00
502.56	23930.00
502.76	24046.00
502.95	24261.00
503.15	24236.00
503.35	23970.00
503.55	24059.00
503.75	24097.00
503.95	23917.00
504.15	23728.00
504.34	23925.00
504.54	23978.00
504.74	23652.00
504.94	23810.00
505.14	23764.00
505.34	23552.00
505.54	23607.00
505.73	23566.00
505.93	23547.00
506.13	23558.00
506.33	23588.00
506.53	23741.00
506.73	23551.00
506.92	23443.00
507.12	23243.00
507.32	23110.00
507.52	23222.00
507.72	23196.00
507.92	23250.00
508.12	23249.00
508.31	23187.00
508.51	23055.00
508.71	22912.00
508.91	22939.00
509.11	22868.00
509.31	22881.00
509.50	22910.00
509.70	22824.00
509.90	22931.00
510.10	23038.00
510.30	22665.00
510.50	22519.00
510.69	22490.00
510.89	22310.00
511.09	22387.00
511.29	22229.00
511.49	22246.00
511.69	22473.00
511.88	22687.00
512.08	22625.00
512.28	22540.00
512.48	22445.00
512.68	22301.00
512.88	22429.00
513.07	22369.00
513.27	22208.00
513.47	22493.00
513.67	22765.00
513.87	22605.00
514.06	22672.00
514.26	22522.00
514.46	22376.00
514.66	22393.00
514.86	22436.00
515.06	22584.00
515.25	22635.00
515.45	22606.00
515.65	22815.00
515.85	22672.00
516.05	22524.00
516.24	22526.00
516.44	22567.00
516.64	22705.00
516.84	22680.00
517.04	22752.00
517.23	22917.00
517.43	23066.00
517.63	22885.00
517.83	22790.00
518.03	22962.00
518.23	23101.00
518.42	23007.00
518.62	23023.00
518.82	23339.00
519.02	23403.00
519.22	23470.00
519.41	23504.00
519.61	23510.00
519.81	23486.00
520.01	23497.00
520.21	23451.00
520.40	23702.00
520.60	23809.00
520.80	23879.00
521.00	23823.00
521.20	24114.00
521.39	24283.00
521.59	24244.00
521.79	24322.00
521.99	24305.00
522.19	24605.00
522.38	24792.00
522.58	24910.00
522.78	24891.00
522.98	24907.00
523.17	25000.00
523.37	24954.00
523.57	24981.00
523.77	25283.00
523.97	25565.00
524.16	25872.00
524.36	25901.00
524.56	26025.00
524.76	26420.00
524.96	26526.00
525.15	26460.00
525.35	26517.00
525.55	26693.00
525.75	26816.00
525.94	26815.00
526.14	27024.00
526.34	27462.00
526.54	27641.00
526.74	27694.00
526.93	27765.00
527.13	27790.00
527.33	27883.00
527.53	28210.00
527.72	28443.00
527.92	28404.00
528.12	28537.00
528.32	28797.00
528.52	28919.00
528.71	29070.00
528.91	29310.00
529.11	29644.00
529.31	29705.00
529.50	29909.00
529.70	30031.00
529.90	30265.00
530.10	30324.00
530.29	30442.00
530.49	30615.00
530.69	30646.00
530.89	31118.00
531.09	31338.00
531.28	31371.00
531.48	31723.00
531.68	31913.00
531.88	31995.00
532.07	32089.00
532.27	32377.00
532.47	32683.00
532.67	32554.00
532.86	32709.00
533.06	32895.00
533.26	33005.00
533.46	33211.00
533.65	33371.00
533.85	33561.00
534.05	33923.00
534.25	34204.00
534.44	34269.00
534.64	34457.00
534.84	34370.00
535.04	34214.00
535.23	34376.00
535.43	34879.00
535.63	35361.00
535.83	35433.00
536.02	35361.00
536.22	35636.00
536.42	35732.00
536.62	35726.00
536.81	35684.00
537.01	35759.00
537.21	36184.00
537.41	36332.00
537.60	36463.00
537.80	36616.00
538.00	36816.00
538.20	36732.00
538.39	36850.00
538.59	36919.00
538.79	37190.00
538.99	37306.00
539.18	37138.00
539.38	37343.00
539.58	37541.00
539.77	37657.00
539.97	37647.00
540.17	37685.00
540.37	37866.00
540.56	37921.00
540.76	37955.00
540.96	37653.00
541.16	37824.00
541.35	38033.00
541.55	38218.00
541.75	38408.00
541.94	38490.00
542.14	38556.00
542.34	38364.00
542.54	38323.00
542.73	38246.00
542.93	38211.00
543.13	38542.00
543.33	38516.00
543.52	38297.00
543.72	38479.00
543.92	38527.00
544.11	38479.00
544.31	38322.00
544.51	38374.00
544.71	38343.00
544.90	38138.00
545.10	38084.00
545.30	38003.00
545.49	38081.00
545.69	38132.00
545.89	37865.00
546.09	37992.00
546.28	38141.00
546.48	37858.00
546.68	37492.00
546.87	37303.00
547.07	37342.00
547.27	37663.00
547.47	37791.00
547.66	37698.00
547.86	37354.00
548.06	37355.00
548.25	37373.00
548.45	37180.00
548.65	37327.00
548.84	37123.00
549.04	36968.00
549.24	37056.00
549.44	37222.00
549.63	37202.00
549.83	37071.00
550.03	37112.00
550.22	37136.00
550.42	37037.00
550.62	36731.00
550.81	36643.00
551.01	36512.00
551.21	36494.00
551.41	36388.00
551.60	36215.00
551.80	36340.00
552.00	36228.00
552.19	35929.00
552.39	36068.00
552.59	36097.00
552.78	36054.00
552.98	35872.00
553.18	35682.00
553.37	35616.00
553.57	35609.00
553.77	35437.00
553.96	35490.00
554.16	35505.00
554.36	35202.00
554.56	35202.00
554.75	35050.00
554.95	34903.00
555.15	34897.00
555.34	34597.00
555.54	34573.00
555.74	34953.00
555.93	35031.00
556.13	34818.00
556.33	34868.00
556.52	34806.00
556.72	34700.00
556.92	34693.00
557.11	34589.00
557.31	34276.00
557.51	33835.00
557.70	33606.00
557.90	33337.00
558.10	33183.00
558.29	32778.00
558.49	32338.00
558.69	32203.00
558.88	32156.00
559.08	32143.00
559.28	31881.00
559.47	31743.00
559.67	31543.00
559.87	31538.00
560.06	31564.00
560.26	31210.00
560.46	31131.00
560.65	31131.00
560.85	31045.00
561.05	31050.00
561.24	31099.00
561.44	31263.00
561.64	31436.00
561.83	31702.00
562.03	31883.00
562.23	32161.00
562.42	32282.00
562.62	32580.00
562.82	32981.00
563.01	33120.00
563.21	33266.00
563.40	33451.00
563.60	33514.00
563.80	33733.00
563.99	34018.00
564.19	34155.00
564.39	34483.00
564.58	34645.00
564.78	35049.00
564.98	35119.00
565.17	35123.00
565.37	35481.00
565.57	35458.00
565.76	35416.00
565.96	35414.00
566.16	35393.00
566.35	35248.00
566.55	35481.00
566.74	35628.00
566.94	35855.00
567.14	36182.00
567.33	36418.00
567.53	36742.00
567.73	36764.00
567.92	36418.00
568.12	36105.00
568.32	35907.00
568.51	35725.00
568.71	35824.00
568.90	36001.00
569.10	35866.00
569.30	35870.00
569.49	36302.00
569.69	36284.00
569.89	35907.00
570.08	35649.00
570.28	35563.00
570.47	35601.00
570.67	35804.00
570.87	35995.00
571.06	36059.00
571.26	36159.00
571.46	36209.00
571.65	36278.00
571.85	36415.00
572.04	36534.00
572.24	36500.00
572.44	36697.00
572.63	36789.00
572.83	36759.00
573.03	36899.00
573.22	37106.00
573.42	37459.00
573.61	37558.00
573.81	37547.00
574.01	37734.00
574.20	37903.00
574.40	38267.00
574.59	38247.00
574.79	38336.00
574.99	38459.00
575.18	38416.00
575.38	38610.00
575.58	38773.00
575.77	39184.00
575.97	39445.00
576.16	39538.00
576.36	39575.00
576.56	39638.00
576.75	39792.00
576.95	39779.00
577.14	39881.00
577.34	40410.00
577.54	40663.00
577.73	40688.00
577.93	40529.00
578.12	40657.00
578.32	41009.00
578.52	41313.00
578.71	41468.00
578.91	41593.00
579.10	41705.00
579.30	41830.00
579.50	41919.00
579.69	41926.00
579.89	42194.00
580.08	42516.00
580.28	42783.00
580.48	42965.00
580.67	42997.00
580.87	43169.00
581.06	43354.00
581.26	43502.00
581.45	43569.00
581.65	43478.00
581.85	43812.00
582.04	44185.00
582.24	44367.00
582.43	44420.00
582.63	44489.00
582.83	44624.00
583.02	44849.00
583.22	44920.00
583.41	45226.00
583.61	45542.00
583.80	45766.00
584.00	45517.00
584.20	45504.00
584.39	45753.00
584.59	45807.00
584.78	45931.00
584.98	46319.00
585.17	46820.00
585.37	47059.00
585.57	47265.00
585.76	47432.00
585.96	47532.00
586.15	47694.00
586.35	48110.00
586.54	48307.00
586.74	48372.00
586.94	48554.00
587.13	48483.00
587.33	48555.00
587.52	49129.00
587.72	49526.00
587.91	49993.00
588.11	50158.00
588.31	50405.00
588.50	50498.00
588.70	50611.00
588.89	50724.00
589.09	50641.00
589.28	50798.00
589.48	51065.00
589.68	51380.00
589.87	51530.00
590.07	51540.00
590.26	52037.00
590.46	52141.00
590.65	52030.00
590.85	52073.00
591.04	52102.00
591.24	52240.00
591.44	51962.00
591.63	52213.00
591.83	52489.00
592.02	52475.00
592.22	52762.00
592.41	53143.00
592.61	53265.00
592.80	53323.00
593.00	53641.00
593.19	53779.00
593.39	53755.00
593.59	53721.00
593.78	53635.00
593.98	53469.00
594.17	53716.00
594.37	54283.00
594.56	54413.00
594.76	54455.00
594.95	54586.00
595.15	54718.00
595.34	54851.00
595.54	54886.00
595.73	54801.00
595.93	54947.00
596.13	54821.00
596.32	54663.00
596.52	54723.00
596.71	54848.00
596.91	54768.00
597.10	54845.00
597.30	54888.00
597.49	55050.00
597.69	55208.00
597.88	55260.00
598.08	55106.00
598.27	55070.00
598.47	54689.00
598.66	54500.00
598.86	54544.00
599.06	54367.00
599.25	54357.00
599.45	54397.00
599.64	54520.00
599.84	54276.00
600.03	54197.00
600.23	54166.00
600.42	53985.00
600.62	53780.00
600.81	53600.00
601.01	53419.00
601.20	53317.00
601.40	53316.00
601.59	53080.00
601.79	52850.00
601.98	52413.00
602.18	52180.00
602.37	51884.00
602.57	51622.00
602.76	51681.00
602.96	51834.00
603.15	51842.00
603.35	51584.00
603.54	51233.00
603.74	51041.00
603.93	50911.00
604.13	50415.00
604.32	50120.00
604.52	50242.00
604.71	49931.00
604.91	49907.00
605.10	49710.00
605.30	49430.00
605.49	49203.00
605.69	49108.00
605.88	48995.00
606.08	48733.00
606.27	48567.00
606.47	48300.00
606.66	47978.00
606.86	47815.00
607.05	47455.00
607.25	47514.00
607.44	47480.00
607.64	47291.00
607.83	47321.00
608.03	47223.00
608.22	46969.00
608.42	46928.00
608.61	46953.00
608.81	46499.00
609.00	46124.00
609.20	46023.00
609.39	45596.00
609.59	45401.00
609.78	45190.00
609.98	44822.00
610.17	44661.00
610.37	44466.00
610.56	44277.00
610.76	44441.00
610.95	44327.00
611.15	44098.00
611.34	44397.00
611.54	44288.00
611.73	43739.00
611.93	43380.00
612.12	43271.00
612.32	43095.00
612.51	42888.00
612.71	43055.00
612.90	42930.00
613.09	42646.00
613.29	42416.00
613.48	42364.00
613.68	42523.00
613.87	42725.00
614.07	42459.00
614.26	42138.00
614.46	41846.00
614.65	41844.00
614.85	41771.00
615.04	41618.00
615.24	41489.00
615.43	41585.00
615.63	41428.00
615.82	41295.00
616.02	41447.00
616.21	41433.00
616.40	41255.00
616.60	41350.00
616.79	41300.00
616.99	41062.00
617.18	41165.00
617.38	41222.00
617.57	40957.00
617.77	40838.00
617.96	40741.00
618.16	40675.00
618.35	40721.00
618.54	40741.00
618.74	40929.00
618.93	40929.00
619.13	40829.00
619.32	40896.00
619.52	40735.00
619.71	40748.00
619.91	40910.00
620.10	40962.00
620.30	41054.00
620.49	41141.00
620.68	40968.00
620.88	40939.00
621.07	40783.00
621.27	40759.00
621.46	40913.00
621.66	40942.00
621.85	41029.00
622.05	41337.00
622.24	41389.00
622.43	41528.00
622.63	41453.00
622.82	41376.00
623.02	41606.00
623.21	41580.00
623.41	41618.00
623.60	41537.00
623.80	41590.00
623.99	41631.00
624.18	41850.00
624.38	41981.00
624.57	41974.00
624.77	42045.00
624.96	42342.00
625.16	42509.00
625.35	42712.00
625.54	42791.00
625.74	42774.00
625.93	42905.00
626.13	43030.00
626.32	43152.00
626.52	43091.00
626.71	43151.00
626.90	43186.00
627.10	43065.00
627.29	43326.00
627.49	43529.00
627.68	43654.00
627.88	43699.00
628.07	43602.00
628.26	44071.00
628.46	44705.00
628.65	45003.00
628.85	45139.00
629.04	45277.00
629.23	45491.00
629.43	45221.00
629.62	45155.00
629.82	45129.00
630.01	45143.00
630.21	45303.00
630.40	45869.00
630.59	45942.00
630.79	46058.00
630.98	46673.00
631.18	46942.00
631.37	46950.00
631.56	47107.00
631.76	47409.00
631.95	47725.00
632.15	47935.00
632.34	47879.00
632.53	47907.00
632.73	47996.00
632.92	47973.00
633.12	47888.00
633.31	48172.00
633.50	48404.00
633.70	48516.00
633.89	48838.00
634.09	49118.00
634.28	49348.00
634.47	49668.00
634.67	49936.00
634.86	50201.00
635.06	50365.00
635.25	50570.00
635.44	50660.00
635.64	50716.00
635.83	50736.00
636.03	50649.00
636.22	50807.00
636.41	51062.00
636.61	51292.00
636.80	51638.00
637.00	51889.00
637.19	52236.00
637.38	52539.00
637.58	52692.00
637.77	52885.00
637.96	53168.00
638.16	53594.00
638.35	53958.00
638.55	53936.00
638.74	53886.00
638.93	53986.00
639.13	53995.00
639.32	53973.00
639.51	54126.00
639.71	54427.00
639.90	54693.00
640.10	54674.00
640.29	54851.00
640.48	55223.00
640.68	55634.00
640.87	55727.00
641.07	55989.00
641.26	56365.00
641.45	56628.00
641.65	56789.00
641.84	56803.00
642.03	56615.00
642.23	56649.00
642.42	57074.00
642.61	57263.00
642.81	57272.00
643.00	57372.00
643.20	57468.00
643.39	57311.00
643.58	57527.00
643.78	57588.00
643.97	57692.00
644.16	57900.00
644.36	58296.00
644.55	58846.00
644.74	59302.00
644.94	59280.00
645.13	59176.00
645.33	59386.00
645.52	59727.00
645.71	59843.00
645.91	59748.00
646.10	59594.00
646.29	59471.00
646.49	59502.00
646.68	59619.00
646.87	59926.00
647.07	60143.00
647.26	60342.00
647.45	60503.00
647.65	60765.00
647.84	60935.00
648.03	61076.00
648.23	61071.00
648.42	61147.00
648.62	61316.00
648.81	61386.00
649.00	61330.00
649.20	61108.00
649.39	61222.00
649.58	61380.00
649.78	61183.00
649.97	61311.00
650.16	61286.00
650.36	61381.00
650.55	61686.00
650.74	61650.00
650.94	61789.00
651.13	61875.00
651.32	62139.00
651.52	62119.00
651.71	62347.00
651.90	62352.00
652.10	62227.00
652.29	62069.00
652.48	61928.00
652.68	61840.00
652.87	61816.00
653.06	61815.00
653.26	61701.00
653.45	61764.00
653.64	61824.00
653.84	61738.00
654.03	61769.00
654.22	61851.00
654.42	62070.00
654.61	62086.00
654.80	62151.00
654.99	62252.00
655.19	62230.00
655.38	62455.00
655.57	62487.00
655.77	62468.00
655.96	62230.00
656.15	62101.00
656.35	61938.00
656.54	61658.00
656.73	61528.00
656.93	61291.00
657.12	61267.00
657.31	61265.00
657.51	61109.00
657.70	61072.00
657.89	61323.00
658.09	61511.00
658.28	61671.00
658.47	61703.00
658.66	61592.00
658.86	61647.00
659.05	61600.00
659.24	61510.00
659.44	61272.00
659.63	61232.00
659.82	61177.00
660.02	60846.00
660.21	60947.00
660.40	60726.00
660.60	60402.00
660.79	60112.00
660.98	59813.00
661.17	59787.00
661.37	59821.00
661.56	59861.00
661.75	60044.00
661.95	60027.00
662.14	59904.00
662.33	59878.00
662.52	59879.00
662.72	59894.00
662.91	59603.00
663.10	59290.00
663.30	59423.00
663.49	59398.00
663.68	59109.00
663.88	58860.00
664.07	58745.00
664.26	58554.00
664.45	58315.00
664.65	57603.00
664.84	57444.00
665.03	57461.00
665.23	57219.00
665.42	57229.00
665.61	57207.00
665.80	57284.00
666.00	57453.00
666.19	57526.00
666.38	57451.00
666.57	57134.00
666.77	56854.00
666.96	56746.00
667.15	56669.00
667.35	56487.00
667.54	56427.00
667.73	56335.00
667.92	55953.00
668.12	55787.00
668.31	55613.00
668.50	55377.00
668.70	54895.00
668.89	54704.00
669.08	54642.00
669.27	54532.00
669.47	54654.00
669.66	54757.00
669.85	54818.00
670.04	54939.00
670.24	54954.00
670.43	54909.00
670.62	54647.00
670.81	54437.00
671.01	53996.00
671.20	53933.00
671.39	54029.00
671.58	53779.00
671.78	53669.00
671.97	53592.00
672.16	53262.00
672.36	52998.00
672.55	52794.00
672.74	52420.00
672.93	52486.00
673.13	52275.00
673.32	52093.00
673.51	52197.00
673.70	52066.00
673.90	52037.00
674.09	51982.00
674.28	52275.00
674.47	52217.00
674.67	52147.00
674.86	51910.00
675.05	51989.00
675.24	52119.00
675.44	52046.00
675.63	51594.00
675.82	51521.00
676.01	51408.00
676.21	51167.00
676.40	50933.00
676.59	50745.00
676.78	50434.00
676.97	50142.00
677.17	50256.00
677.36	50185.00
677.55	50137.00
677.74	50129.00
677.94	50153.00
678.13	50138.00
678.32	50097.00
678.51	50153.00
678.71	50020.00
678.90	49911.00
679.09	49663.00
679.28	49744.00
679.48	49790.00
679.67	49808.00
679.86	49765.00
680.05	49478.00
680.24	48958.00
680.44	48791.00
680.63	48938.00
680.82	48693.00
681.01	48351.00
681.21	48299.00
681.40	48061.00
681.59	48021.00
681.78	47947.00
681.97	47937.00
682.17	47616.00
682.36	47697.00
682.55	47720.00
682.74	47802.00
682.94	47850.00
683.13	47746.00
683.32	47800.00
683.51	47784.00
683.70	47623.00
683.90	47525.00
684.09	47449.00
684.28	47336.00
684.47	47102.00
684.66	46856.00
684.86	46820.00
685.05	46819.00
685.24	46596.00
685.43	46443.00
685.63	46440.00
685.82	46398.00
686.01	46444.00
686.20	46510.00
686.39	46521.00
686.59	46568.00
686.78	46685.00
686.97	46798.00
687.16	46729.00
687.35	46618.00
687.55	46542.00
687.74	46458.00
687.93	46497.00
688.12	46699.00
688.31	46777.00
688.51	46649.00
688.70	46569.00
688.89	46579.00
689.08	46200.00
689.27	45903.00
689.47	45872.00
689.66	45701.00
689.85	45683.00
690.04	45606.00
690.23	45495.00
690.42	45510.00
690.62	45399.00
690.81	45496.00
691.00	45661.00
691.19	45777.00
691.38	45887.00
691.58	45847.00
691.77	45780.00
691.96	45657.00
692.15	45639.00
692.34	45933.00
692.54	46141.00
692.73	46186.00
692.92	46078.00
693.11	46108.00
693.30	46077.00
693.49	45984.00
693.69	45765.00
693.88	45609.00
694.07	45634.00
694.26	45478.00
694.45	45380.00
694.64	45315.00
694.84	45169.00
695.03	45161.00
695.22	45089.00
695.41	45136.00
695.60	45085.00
695.80	44912.00
695.99	45059.00
696.18	45174.00
696.37	45030.00
696.56	45107.00
696.75	45192.00
696.95	45275.00
697.14	45511.00
697.33	45631.00
697.52	45457.00
697.71	45258.00
697.90	45439.00
698.09	45822.00
698.29	45878.00
698.48	45933.00
698.67	45967.00
698.86	45819.00
699.05	45805.00
699.24	45731.00
699.44	45818.00
699.63	45807.00
699.82	45868.00
700.01	45967.00
700.20	45985.00
700.39	46107.00
700.58	46582.00
700.78	46612.00
700.97	46498.00
701.16	46451.00
701.35	46506.00
701.54	46683.00
701.73	46832.00
701.93	47143.00
702.12	47294.00
702.31	47581.00
702.50	47688.00
702.69	47746.00
702.88	47903.00
703.07	48065.00
703.27	48266.00
703.46	48084.00
703.65	48017.00
703.84	48222.00
704.03	48119.00
704.22	47941.00
704.41	48070.00
704.60	48407.00
704.80	48337.00
704.99	48141.00
705.18	48281.00
705.37	48217.00
705.56	48242.00
705.75	48457.00
705.94	48565.00
706.14	48767.00
706.33	48971.00
706.52	49195.00
706.71	49325.00
706.90	49264.00
707.09	49364.00
707.28	49559.00
707.47	49928.00
707.67	50331.00
707.86	50336.00
708.05	50204.00
708.24	50315.00
708.43	50508.00
708.62	50604.00
708.81	50530.00
709.00	50652.00
709.20	50623.00
709.39	50782.00
709.58	50816.00
709.77	50921.00
709.96	50940.00
710.15	51042.00
710.34	51031.00
710.53	50936.00
710.72	51124.00
710.92	51294.00
711.11	51241.00
711.30	51353.00
711.49	51500.00
711.68	51648.00
711.87	51813.00
712.06	51899.00
712.25	52168.00
712.44	52470.00
712.64	52636.00
712.83	52824.00
713.02	52987.00
713.21	53116.00
713.40	53171.00
713.59	53276.00
713.78	53428.00
713.97	53416.00
714.16	53298.00
714.35	53394.00
714.55	53454.00
714.74	53700.00
714.93	53958.00
715.12	53905.00
715.31	53963.00
715.50	53763.00
715.69	53710.00
715.88	53761.00
716.07	53820.00
716.26	53873.00
716.45	53840.00
716.65	53697.00
716.84	53703.00
717.03	53684.00
717.22	53711.00
717.41	54060.00
717.60	54153.00
717.79	54393.00
717.98	54544.00
718.17	54697.00
718.36	55058.00
718.55	55014.00
718.75	55090.00
718.94	55074.00
719.13	54944.00
719.32	55051.00
719.51	55137.00
719.70	55245.00
719.89	55417.00
720.08	55224.00
720.27	55335.00
720.46	55297.00
720.65	55069.00
720.84	54773.00
721.03	54852.00
721.22	55140.00
721.42	54784.00
721.61	54471.00
721.80	54823.00
721.99	54950.00
722.18	54692.00
722.37	54696.00
722.56	54453.00
722.75	54478.00
722.94	54613.00
723.13	54644.00
723.32	54606.00
723.51	54571.00
723.70	54797.00
723.89	55047.00
724.08	55444.00
724.28	55503.00
724.47	55286.00
724.66	55274.00
724.85	55395.00
725.04	55502.00
725.23	55695.00
725.42	55587.00
725.61	55531.00
725.80	55517.00
725.99	55561.00
726.18	55286.00
726.37	55307.00
726.56	55339.00
726.75	55087.00
726.94	54750.00
727.13	54417.00
727.32	54421.00
727.51	54500.00
727.71	54262.00
727.90	54165.00
728.09	54185.00
728.28	54069.00
728.47	54222.00
728.66	54157.00
728.85	54118.00
729.04	54172.00
729.23	54060.00
729.42	53987.00
729.61	54148.00
729.80	54241.00
729.99	54230.00
730.18	54302.00
730.37	54143.00
730.56	54368.00
730.75	54576.00
730.94	54575.00
731.13	54607.00
731.32	54414.00
731.51	54314.00
731.70	54554.00
731.89	54515.00
732.08	54378.00
732.27	54111.00
732.46	53919.00
732.65	53735.00
732.84	54012.00
733.04	53803.00
733.23	53714.00
733.42	53757.00
733.61	53557.00
733.80	53312.00
733.99	53261.00
734.18	53057.00
734.37	52942.00
734.56	53040.00
734.75	52682.00
734.94	52282.00
735.13	52474.00
735.32	52321.00
735.51	52186.00
735.70	52133.00
735.89	51861.00
736.08	51829.00
736.27	51796.00
736.46	51901.00
736.65	51994.00
736.84	51663.00
737.03	51615.00
737.22	51696.00
737.41	51653.00
737.60	51613.00
737.79	51726.00
737.98	51806.00
738.17	51436.00
738.36	51288.00
738.55	51350.00
738.74	51275.00
738.93	50925.00
739.12	51120.00
739.31	51114.00
739.50	50749.00
739.69	50204.00
739.88	49901.00
740.07	49718.00
740.26	49557.00
740.45	49735.00
740.64	49720.00
740.83	49257.00
741.02	49225.00
741.21	48926.00
741.40	48814.00
741.59	48948.00
741.78	48468.00
741.97	48082.00
742.16	48015.00
742.35	47737.00
742.54	47366.00
742.73	47372.00
742.92	47263.00
743.11	47173.00
743.30	47166.00
743.49	46805.00
743.68	47048.00
743.87	47260.00
744.06	46883.00
744.25	47005.00
744.44	47109.00
744.63	46890.00
744.82	46902.00
745.01	46944.00
745.20	46764.00
745.39	46534.00
745.58	46561.00
745.77	46543.00
745.96	46234.00
746.15	45948.00
746.34	45729.00
746.52	45435.00
746.71	45320.00
746.90	45159.00
747.09	45112.00
747.28	45107.00
747.47	44782.00
747.66	44530.00
747.85	44433.00
748.04	43950.00
748.23	43638.00
748.42	43633.00
748.61	43439.00
748.80	43141.00
748.99	43101.00
749.18	43289.00
749.37	43130.00
749.56	42992.00
749.75	42905.00
749.94	42677.00
750.13	42268.00
750.32	42159.00
750.51	42214.00
750.70	42091.00
750.89	41856.00
751.08	41656.00
751.27	41557.00
751.46	41539.00
751.64	41567.00
751.83	41598.00
752.02	41502.00
752.21	41460.00
752.40	41368.00
752.59	41334.00
752.78	41325.00
752.97	41335.00
753.16	41302.00
753.35	41056.00
753.54	41101.00
753.73	41087.00
753.92	40714.00
754.11	40449.00
754.30	40456.00
754.49	40388.00
754.68	40419.00
754.87	40301.00
755.06	40173.00
755.24	39942.00
755.43	39666.00
755.62	39649.00
755.81	39581.00
756.00	39453.00
756.19	39217.00
756.38	38989.00
756.57	38750.00
756.76	38488.00
756.95	38503.00
757.14	38359.00
757.33	38316.00
757.52	38319.00
757.71	38244.00
757.90	38147.00
758.08	38098.00
758.27	37898.00
758.46	37607.00
758.65	37462.00
758.84	37360.00
759.03	37465.00
759.22	37575.00
759.41	37579.00
759.60	37575.00
759.79	37346.00
759.98	37069.00
760.17	37143.00
760.36	37226.00
760.54	37224.00
760.73	36997.00
760.92	36815.00
761.11	36546.00
761.30	36127.00
761.49	35864.00
761.68	35284.00
761.87	34917.00
762.06	34627.00
762.25	34045.00
762.44	33330.00
762.63	32794.00
762.81	32200.00
763.00	31498.00
763.19	30992.00
763.38	30689.00
763.57	30121.00
763.76	30018.00
763.95	29851.00
764.14	29626.00
764.33	29452.00
764.52	29268.00
764.71	29117.00
764.89	29324.00
765.08	29723.00
765.27	30066.00
765.46	30514.00
765.65	30817.00
765.84	30990.00
766.03	31246.00
766.22	31501.00
766.41	31897.00
766.59	32315.00
766.78	32795.00
766.97	33181.00
767.16	33448.00
767.35	33958.00
767.54	33977.00
767.73	33995.00
767.92	34394.00
768.11	34472.00
768.30	34283.00
768.48	34390.00
768.67	34639.00
768.86	34963.00
769.05	34852.00
769.24	34767.00
769.43	34563.00
769.62	34434.00
769.81	34574.00
769.99	34432.00
770.18	34248.00
770.37	34302.00
770.56	34415.00
770.75	34397.00
770.94	34258.00
771.13	34040.00
771.32	33711.00
771.50	33849.00
771.69	34152.00
771.88	34079.00
772.07	33896.00
772.26	33771.00
772.45	33652.00
772.64	33668.00
772.83	33789.00
773.01	33690.00
773.20	33538.00
773.39	33528.00
773.58	33468.00
773.77	33298.00
773.96	33409.00
774.15	33271.00
774.34	33018.00
774.52	32908.00
774.71	32763.00
774.90	32829.00
775.09	32956.00
775.28	32891.00
775.47	32534.00
775.66	32383.00
775.84	32332.00
776.03	32628.00
776.22	32531.00
776.41	32255.00
776.60	32259.00
776.79	32276.00
776.98	32388.00
777.16	32402.00
777.35	32334.00
777.54	32029.00
777.73	32030.00
777.92	32240.00
778.11	32117.00
778.29	32059.00
778.48	31980.00
778.67	32195.00
778.86	32106.00
779.05	32001.00
779.24	32076.00
779.43	32156.00
779.61	32039.00
779.80	31973.00
779.99	32055.00
780.18	31986.00
780.37	31894.00
780.56	32119.00
780.74	32295.00
780.93	32315.00
781.12	32229.00
781.31	32171.00
781.50	32202.00
781.69	32015.00
781.87	32184.00
782.06	32354.00
782.25	32298.00
782.44	32319.00
782.63	32236.00
782.82	32292.00
783.00	32359.00
783.19	32339.00
783.38	32187.00
783.57	32162.00
783.76	32148.00
783.95	32205.00
784.13	32103.00
784.32	32053.00
784.51	32133.00
784.70	32322.00
784.89	32241.00
785.08	31975.00
785.26	32056.00
785.45	32098.00
785.64	32225.00
785.83	32160.00
786.02	32191.00
786.20	32256.00
786.39	32415.00
786.58	32347.00
786.77	32206.00
786.96	32070.00
787.15	32116.00
787.33	32383.00
787.52	32565.00
787.71	32435.00
787.90	32449.00
788.09	32528.00
788.27	32531.00
788.46	32503.00
788.65	32526.00
788.84	32599.00
789.03	32596.00
789.21	32542.00
789.40	32714.00
789.59	32853.00
789.78	33028.00
789.97	33044.00
790.15	32907.00
790.34	33003.00
790.53	33097.00
790.72	33074.00
790.91	33054.00
791.09	33181.00
791.28	33287.00
791.47	33243.00
791.66	33207.00
791.85	33163.00
792.03	33200.00
792.22	33319.00
792.41	33452.00
792.60	33770.00
792.79	33618.00
792.97	33572.00
793.16	33747.00
793.35	33772.00
793.54	33665.00
793.72	33537.00
793.91	33618.00
794.10	33598.00
794.29	33648.00
794.48	33669.00
794.66	33637.00
794.85	33891.00
795.04	33933.00
795.23	33778.00
795.42	33631.00
795.60	33669.00
795.79	33500.00
795.98	33530.00
796.17	33681.00
796.35	33634.00
796.54	33627.00
796.73	33642.00
796.92	33633.00
797.11	33564.00
797.29	33405.00
797.48	33238.00
797.67	33389.00
797.86	33518.00
798.04	33358.00
798.23	33155.00
798.42	33247.00
798.61	33221.00
798.79	33195.00
798.98	33313.00
799.17	33330.00
799.36	33165.00
799.54	33152.00
799.73	33038.00
799.92	33066.00
800.11	33219.00
800.30	33146.00
800.48	33074.00
800.67	33131.00
800.86	33257.00
801.05	33233.00
801.23	33211.00
801.42	33285.00
801.61	33329.00
801.80	33553.00
801.98	33491.00
802.17	33212.00
802.36	33246.00
802.55	33541.00
802.73	33491.00
802.92	33500.00
803.11	33662.00
803.30	33749.00
803.48	33824.00
803.67	33953.00
803.86	33728.00
804.05	33863.00
804.23	34055.00
804.42	33828.00
804.61	33560.00
804.80	33464.00
804.98	33453.00
805.17	33579.00
805.36	33574.00
805.54	33618.00
805.73	33612.00
805.92	33514.00
806.11	33420.00
806.29	33567.00
806.48	33515.00
806.67	33444.00
806.86	33465.00
807.04	33346.00
807.23	33279.00
807.42	33372.00
807.61	33460.00
807.79	33527.00
807.98	33321.00
808.17	33361.00
808.35	33338.00
808.54	33524.00
808.73	33307.00
808.92	33123.00
809.10	33069.00
809.29	33135.00
809.48	33134.00
809.67	33037.00
809.85	32975.00
810.04	32972.00
810.23	32898.00
810.41	32863.00
810.60	32845.00
810.79	32708.00
810.98	32728.00
811.16	32861.00
811.35	32657.00
811.54	32391.00
811.72	32322.00
811.91	32256.00
812.10	32407.00
812.29	32591.00
812.47	32449.00
812.66	32389.00
812.85	32328.00
813.03	32397.00
813.22	32445.00
813.41	32430.00
813.60	32411.00
813.78	32438.00
813.97	32348.00
814.16	32310.00
814.34	32339.00
814.53	32278.00
814.72	32399.00
814.90	32618.00
815.09	32569.00
815.28	32316.00
815.47	32177.00
815.65	32201.00
815.84	32201.00
816.03	32225.00
816.21	32424.00
816.40	32383.00
816.59	32209.00
816.77	32388.00
816.96	32333.00
817.15	32456.00
817.33	32558.00
817.52	32486.00
817.71	32496.00
817.90	32497.00
818.08	32446.00
818.27	32409.00
818.46	32587.00
818.64	32786.00
818.83	32561.00
819.02	32413.00
819.20	32625.00
819.39	32503.00
819.58	32247.00
819.76	32284.00
819.95	32341.00
820.14	32188.00
820.32	32169.00
820.51	32148.00
820.70	32314.00
820.88	32300.00
821.07	32142.00
821.26	32089.00
821.44	32218.00
821.63	32247.00
821.82	32112.00
822.01	32081.00
822.19	32072.00
822.38	32003.00
822.57	31836.00
822.75	31900.00
822.94	31978.00
823.13	31816.00
823.31	31685.00
823.50	31874.00
823.69	31886.00
823.87	31481.00
824.06	31362.00
824.25	31391.00
824.43	31221.00
824.62	31123.00
824.80	30994.00
824.99	30887.00
825.18	30938.00
825.36	30785.00
825.55	30570.00
825.74	30561.00
825.92	30751.00
826.11	30759.00
826.30	30481.00
826.48	30325.00
826.67	30399.00
826.86	30508.00
827.04	30407.00
827.23	30480.00
827.42	30301.00
827.60	30192.00
827.79	30098.00
827.98	30090.00
828.16	30132.00
828.35	30001.00
828.54	29918.00
828.72	29957.00
828.91	30015.00
829.09	29952.00
829.28	29931.00
829.47	29837.00
829.65	29891.00
829.84	29857.00
830.03	29826.00
830.21	29731.00
830.40	29626.00
830.59	29646.00
830.77	29546.00
830.96	29559.00
831.14	29558.00
831.33	29519.00
831.52	29523.00
831.70	29489.00
831.89	29510.00
832.08	29625.00
832.26	29596.00
832.45	29285.00
832.64	29292.00
832.82	29413.00
833.01	29364.00
833.19	29250.00
833.38	29188.00
833.57	29286.00
833.75	29169.00
833.94	28966.00
834.13	29011.00
834.31	29012.00
834.50	28737.00
834.68	28948.00
834.87	29123.00
835.06	29059.00
835.24	28916.00
835.43	28607.00
835.61	28638.00
835.80	28695.00
835.99	28695.00
836.17	28534.00
836.36	28439.00
836.55	28273.00
836.73	28573.00
836.92	28567.00
837.10	28239.00
837.29	28042.00
837.48	28063.00
837.66	28118.00
837.85	28251.00
838.03	28226.00
838.22	28061.00
838.41	27901.00
838.59	27787.00
838.78	27887.00
838.96	27927.00
839.15	27896.00
839.34	27784.00
839.52	27664.00
839.71	27667.00
839.89	27511.00
840.08	27280.00
840.27	27280.00
840.45	27266.00
840.64	27192.00
840.82	27095.00
841.01	26962.00
841.20	26918.00
841.38	26811.00
841.57	26704.00
841.75	26719.00
841.94	26569.00
842.13	26559.00
842.31	26381.00
842.50	26290.00
842.68	26387.00
842.87	26114.00
843.05	26038.00
843.24	26045.00
843.43	25859.00
843.61	25579.00
843.80	25549.00
843.98	25567.00
844.17	25376.00
844.36	25265.00
844.54	25291.00
844.73	25232.00
844.91	25149.00
845.10	25244.00
845.28	25126.00
845.47	25052.00
845.66	25058.00
845.84	24933.00
846.03	24914.00
846.21	24707.00
846.40	24708.00
846.58	24603.00
846.77	24610.00
846.96	24687.00
847.14	24504.00
847.33	24402.00
847.51	24357.00
847.70	24257.00
847.88	24328.00
848.07	24332.00
848.25	24375.00
848.44	24300.00
848.63	24050.00
848.81	23992.00
849.00	24074.00
849.18	23967.00
849.37	23866.00
849.55	23725.00
849.74	23758.00
849.93	23805.00
850.11	23654.00
850.30	23411.00
850.48	23339.00
850.67	23389.00
850.85	23399.00
851.04	23337.00
851.22	23383.00
851.41	23228.00
851.59	23136.00
851.78	23177.00
851.97	23146.00
852.15	23025.00
852.34	22950.00
852.52	23016.00
852.71	22894.00
852.89	22617.00
853.08	22686.00
853.26	22883.00
853.45	22650.00
853.63	22573.00
853.82	22715.00
854.01	22595.00
854.19	22355.00
854.38	22371.00
854.56	22542.00
854.75	22503.00
854.93	22532.00
855.12	22440.00
855.30	22290.00
855.49	22281.00
855.67	22283.00
855.86	22234.00
856.04	22054.00
856.23	22015.00
856.41	22019.00
856.60	21798.00
856.79	21757.00
856.97	21591.00
857.16	21422.00
857.34	21359.00
857.53	21337.00
857.71	21373.00
857.90	21400.00
858.08	21415.00
858.27	21444.00
858.45	21362.00
858.64	21213.00
858.82	21206.00
859.01	21239.00
859.19	21222.00
859.38	21049.00
859.56	20965.00
859.75	20893.00
859.93	20780.00
860.12	20589.00
860.30	20660.00
860.49	20601.00
860.67	20464.00
860.86	20682.00
861.04	20674.00
861.23	20528.00
861.41	20262.00
861.60	20168.00
861.78	20213.00
861.97	20199.00
862.15	20046.00
862.34	20035.00
862.53	19922.00
862.71	19800.00
862.90	19750.00
863.08	19591.00
863.27	19517.00
863.45	19433.00
863.64	19370.00
863.82	19441.00
864.01	19345.00
864.19	19354.00
864.37	19293.00
864.56	19189.00
864.74	19215.00
864.93	19082.00
865.11	18985.00
865.30	19040.00
865.48	18968.00
865.67	18954.00
865.85	18859.00
866.04	18801.00
866.22	18690.00
866.41	18874.00
866.59	18867.00
866.78	18746.00
866.96	18669.00
867.15	18379.00
867.33	18151.00
867.52	18151.00
867.70	18069.00
867.89	18006.00
868.07	18090.00
868.26	18044.00
868.44	17910.00
868.63	17972.00
868.81	17987.00
869.00	17859.00
869.18	17802.00
869.37	17803.00
869.55	17898.00
869.74	17811.00
869.92	17723.00
870.10	17605.00
870.29	17724.00
870.47	17689.00
870.66	17672.00
870.84	17480.00
871.03	17367.00
871.21	17522.00
871.40	17555.00
871.58	17568.00
871.77	17488.00
871.95	17443.00
872.14	17279.00
872.32	17255.00
872.51	17248.00
872.69	17150.00
872.87	17057.00
873.06	17083.00
873.24	17102.00
873.43	17162.00
873.61	17077.00
873.80	17079.00
873.98	17116.00
874.17	16843.00
874.35	16761.00
874.54	16814.00
874.72	16747.00
874.90	16764.00
875.09	16772.00
875.27	16738.00
875.46	16835.00
875.64	16697.00
875.83	16494.00
876.01	16540.00
876.20	16657.00
876.38	16573.00
876.56	16467.00
876.75	16343.00
876.93	16234.00
877.12	16287.00
877.30	16272.00
877.49	16109.00
877.67	16224.00
877.86	16171.00
878.04	16402.00
878.22	16304.00
878.41	16146.00
878.59	16170.00
878.78	16010.00
878.96	15947.00
879.15	16042.00
879.33	16013.00
879.51	15997.00
879.70	15883.00
879.88	15740.00
880.07	15795.00
880.25	15852.00
880.44	15839.00
880.62	15883.00
880.80	15966.00
880.99	15875.00
881.17	15878.00
881.36	15815.00
881.54	15731.00
881.73	15681.00
881.91	15695.00
882.09	15585.00
882.28	15536.00
882.46	15737.00
882.65	15756.00
882.83	15574.00
883.02	15529.00
883.20	15480.00
883.38	15489.00
883.57	15522.00
883.75	15535.00
883.94	15429.00
884.12	15348.00
884.30	15255.00
884.49	15351.00
884.67	15332.00
884.86	15234.00
885.04	15308.00
885.22	15339.00
885.41	15257.00
885.59	15236.00
885.78	14989.00
885.96	14996.00
886.14	15020.00
886.33	15005.00
886.51	15034.00
886.70	14927.00
886.88	14934.00
887.06	14884.00
887.25	14860.00
887.43	14843.00
887.62	14823.00
887.80	14785.00
887.98	14762.00
888.17	14806.00
888.35	14742.00
888.54	14706.00
888.72	14732.00
888.90	14781.00
889.09	14683.00
889.27	14675.00
889.46	14647.00
889.64	14668.00
889.82	14702.00
890.01	14689.00
890.19	14540.00
890.38	14590.00
890.56	14710.00
890.74	14737.00
890.93	14663.00
891.11	14742.00
891.29	14659.00
891.48	14469.00
891.66	14635.00
891.85	14745.00
892.03	14675.00
892.21	14627.00
892.40	14657.00
892.58	14684.00
892.76	14594.00
892.95	14585.00
893.13	14573.00
893.32	14525.00
893.50	14636.00
893.68	14887.00
893.87	14805.00
894.05	14682.00
894.23	14704.00
894.42	14728.00
894.60	14651.00
894.79	14767.00
894.97	14699.00
895.15	14760.00
895.34	14948.00
895.52	14964.00
895.70	14977.00
895.89	14862.00
896.07	14848.00
896.25	14826.00
896.44	15042.00
896.62	14961.00
896.81	14973.00
896.99	15064.00
897.17	15115.00
897.36	15099.00
897.54	15107.00
897.72	15098.00
897.91	15042.00
898.09	15086.00
898.27	15273.00
898.46	15359.00
898.64	15269.00
898.82	15261.00
899.01	15241.00
899.19	15227.00
899.37	15369.00
899.56	15357.00
899.74	15385.00
899.92	15478.00
900.11	15500.00
900.29	15385.00
900.47	15448.00
900.66	15639.00
900.84	15717.00
901.03	15650.00
901.21	15514.00
901.39	15630.00
901.58	15639.00
901.76	15629.00
901.94	15767.00
902.13	15855.00
902.31	15787.00
902.49	15799.00
902.68	15689.00
902.86	15632.00
903.04	15762.00
903.23	15782.00
903.41	15740.00
903.59	15772.00
903.78	15922.00
903.96	15993.00
904.14	15973.00
904.32	15982.00
904.51	15986.00
904.69	15943.00
904.87	16074.00
905.06	15942.00
905.24	15977.00
905.42	16003.00
905.61	16019.00
905.79	15947.00
905.97	15981.00
906.16	16006.00
906.34	15906.00
906.52	15900.00
906.71	15876.00
906.89	15831.00
907.07	15941.00
907.26	15983.00
907.44	15844.00
907.62	15978.00
907.81	16072.00
907.99	15901.00
908.17	15937.00
908.35	16024.00
908.54	15883.00
908.72	15878.00
908.90	15976.00
909.09	15856.00
909.27	15794.00
909.45	15767.00
909.64	15777.00
909.82	15944.00
910.00	15878.00
910.18	15699.00
910.37	15673.00
910.55	15749.00
910.73	15774.00
910.92	15833.00
911.10	15897.00
911.28	15853.00
911.47	15727.00
911.65	15647.00
911.83	15499.00
912.01	15437.00
912.20	15599.00
912.38	15616.00
912.56	15454.00
912.75	15443.00
912.93	15384.00
913.11	15495.00
913.29	15468.00
913.48	15355.00
913.66	15369.00
913.84	15446.00
914.03	15277.00
914.21	15316.00
914.39	15275.00
914.57	15243.00
914.76	15097.00
914.94	14992.00
915.12	15140.00
915.31	15167.00
915.49	15238.00
915.67	15150.00
915.85	15008.00
916.04	15012.00
916.22	15034.00
916.40	15005.00
916.58	14935.00
916.77	14876.00
916.95	14860.00
917.13	14869.00
917.32	14935.00
917.50	14865.00
917.68	14772.00
917.86	14610.00
918.05	14734.00
918.23	14691.00
918.41	14743.00
918.59	14740.00
918.78	14491.00
918.96	14499.00
919.14	14471.00
919.32	14328.00
919.51	14322.00
919.69	14478.00
919.87	14409.00
920.05	14294.00
920.24	14316.00
920.42	14403.00
920.60	14277.00
920.78	14214.00
920.97	14353.00
921.15	14198.00
921.33	14139.00
921.52	14121.00
921.70	14107.00
921.88	14223.00
922.06	14215.00
922.24	14153.00
922.43	14083.00
922.61	14090.00
922.79	14170.00
922.97	14162.00
923.16	13937.00
923.34	14045.00
923.52	13977.00
923.70	13981.00
923.89	13995.00
924.07	13952.00
924.25	13930.00
924.43	13802.00
924.62	13973.00
924.80	14046.00
924.98	13908.00
925.16	13763.00
925.35	13751.00
925.53	13752.00
925.71	13633.00
925.89	13698.00
926.08	13542.00
926.26	13554.00
926.44	13694.00
926.62	13623.00
926.80	13513.00
926.99	13535.00
927.17	13449.00
927.35	13433.00
927.53	13517.00
927.72	13534.00
927.90	13296.00
928.08	13327.00
928.26	13325.00
928.44	13153.00
928.63	13179.00
928.81	13240.00
928.99	13086.00
929.17	13196.00
929.36	13273.00
929.54	13108.00
929.72	12986.00
929.90	13031.00
930.08	12998.00
930.27	12819.00
930.45	12828.00
930.63	12845.00
930.81	12887.00
930.99	12819.00
931.18	12696.00
931.36	12638.00
931.54	12602.00
931.72	12489.00
931.90	12463.00
932.09	12406.00
932.27	12321.00
932.45	12331.00
932.63	12304.00
932.81	12119.00
933.00	11969.00
933.18	11937.00
933.36	11807.00
933.54	11770.00
933.72	11678.00
933.91	11556.00
934.09	11466.00
934.27	11277.00
934.45	11251.00
934.63	11223.00
934.82	11134.00
935.00	11015.00
935.18	10631.00
935.36	10571.00
935.54	10549.00
935.73	10499.00
935.91	10431.00
936.09	10232.00
936.27	10190.00
936.45	10116.00
936.64	10010.00
936.82	9906.00
937.00	9674.00
937.18	9513.00
937.36	9378.00
937.54	9267.00
937.73	9205.00
937.91	9017.00
938.09	8884.00
938.27	8777.00
938.45	8653.00
938.63	8475.00
938.82	8405.00
939.00	8216.00
939.18	8082.00
939.36	7999.00
939.54	7986.00
939.73	7868.00
939.91	7772.00
940.09	7621.00
940.27	7563.00
940.45	7535.00
940.63	7406.00
940.82	7256.00
941.00	7126.00
941.18	7119.00
941.36	7096.00
941.54	7093.00
941.72	7014.00
941.91	7001.00
942.09	6993.00
942.27	6942.00
942.45	6892.00
942.63	6761.00
942.81	6712.00
942.99	6597.00
943.18	6619.00
943.36	6718.00
943.54	6750.00
943.72	6622.00
943.90	6611.00
944.08	6595.00
944.27	6539.00
944.45	6455.00
944.63	6555.00
944.81	6549.00
944.99	6565.00
945.17	6597.00
945.35	6580.00
945.54	6631.00
945.72	6651.00
945.90	6587.00
946.08	6646.00
946.26	6672.00
946.44	6581.00
946.62	6570.00
946.81	6514.00
946.99	6661.00
947.17	6678.00
947.35	6658.00
947.53	6663.00
947.71	6763.00
947.89	6837.00
948.07	6817.00
948.26	6755.00
948.44	6666.00
948.62	6852.00
948.80	6928.00
948.98	6830.00
949.16	6798.00
949.34	6889.00
949.53	6960.00
949.71	7016.00
949.89	6991.00
950.07	7047.00
950.25	7023.00
950.43	6940.00
950.61	6956.00
950.79	7110.00
950.98	7046.00
951.16	7128.00
951.34	7184.00
951.52	7122.00
951.70	7093.00
951.88	7047.00
952.06	6936.00
952.24	7008.00
952.42	7077.00
952.61	7009.00
952.79	6941.00
952.97	6924.00
953.15	6914.00
953.33	6959.00
953.51	6990.00
953.69	7034.00
953.87	7130.00
954.05	6953.00
954.24	6829.00
954.42	6941.00
954.60	6939.00
954.78	6907.00
954.96	6966.00
955.14	6928.00
955.32	6806.00
955.50	6932.00
955.68	7051.00
955.86	6993.00
956.05	7026.00
956.23	7061.00
956.41	6952.00
956.59	7039.00
956.77	7113.00
956.95	7179.00
957.13	7155.00
957.31	7110.00
957.49	7242.00
957.67	7328.00
957.86	7229.00
958.04	7113.00
958.22	7141.00
958.40	7091.00
958.58	7172.00
958.76	7154.00
958.94	7083.00
959.12	7157.00
959.30	7161.00
959.48	7034.00
959.66	7029.00
959.84	7059.00
960.03	7102.00
960.21	7144.00
960.39	7143.00
960.57	7055.00
960.75	7074.00
960.93	7149.00
961.11	7022.00
961.29	7075.00
961.47	7049.00
961.65	6961.00
961.83	6975.00
962.01	6975.00
962.19	7091.00
962.37	7114.00
962.56	7039.00
962.74	7011.00
962.92	6912.00
963.10	6903.00
963.28	6915.00
963.46	6895.00
963.64	6850.00
963.82	6940.00
964.00	6964.00
964.18	6931.00
964.36	6922.00
964.54	6885.00
964.72	6862.00
964.90	6988.00
965.08	6947.00
965.27	6863.00
965.45	6770.00
965.63	6897.00
965.81	6996.00
965.99	6932.00
966.17	6888.00
966.35	6897.00
966.53	6922.00
966.71	6846.00
966.89	6638.00
967.07	6682.00
967.25	6822.00
967.43	6835.00
967.61	6807.00
967.79	6745.00
967.97	6673.00
968.15	6663.00
968.33	6622.00
968.51	6623.00
968.69	6553.00
968.87	6554.00
969.06	6508.00
969.24	6337.00
969.42	6402.00
969.60	6476.00
969.78	6495.00
969.96	6558.00
970.14	6567.00
970.32	6429.00
970.50	6402.00
970.68	6354.00
970.86	6263.00
971.04	6324.00
971.22	6388.00
971.40	6349.00
971.58	6327.00
971.76	6273.00
971.94	6240.00
972.12	6274.00
972.30	6263.00
972.48	6268.00
972.66	6196.00
972.84	6080.00
973.02	6093.00
973.20	6006.00
973.38	6028.00
973.56	6148.00
973.74	6062.00
973.92	5992.00
974.10	6077.00
974.28	6048.00
974.46	5936.00
974.64	5869.00
974.82	5794.00
975.00	5774.00
975.18	5766.00
975.36	5884.00
975.54	5863.00
975.72	5741.00
975.90	5819.00
976.08	5751.00
976.26	5752.00
976.44	5856.00
976.62	5702.00
976.80	5587.00
976.98	5571.00
977.16	5606.00
977.34	5708.00
977.52	5645.00
977.70	5568.00
977.88	5628.00
978.06	5633.00
978.24	5526.00
978.42	5540.00
978.60	5546.00
978.78	5478.00
978.96	5446.00
979.14	5467.00
979.32	5438.00
979.50	5393.00
979.68	5323.00
979.86	5357.00
980.04	5382.00
980.22	5367.00
980.40	5387.00
980.58	5453.00
980.76	5405.00
980.94	5331.00
981.12	5248.00
981.30	5215.00
981.48	5172.00
981.66	5230.00
981.84	5348.00
982.02	5256.00
982.20	5074.00
982.38	4960.00
982.56	5185.00
982.74	5236.00
982.92	5186.00
983.10	5119.00
983.28	5200.00
983.46	5155.00
983.64	5082.00
983.82	4997.00
984.00	4949.00
984.18	4950.00
984.36	4872.00
984.54	4901.00
984.72	4940.00
984.90	4878.00
985.08	4845.00
985.26	4888.00
985.44	4861.00
985.62	4750.00
985.80	4755.00
985.98	4728.00
986.16	4588.00
986.34	4624.00
986.51	4621.00
986.69	4678.00
986.87	4570.00
987.05	4528.00
987.23	4540.00
987.41	4517.00
987.59	4575.00
987.77	4521.00
987.95	4408.00
988.13	4364.00
988.31	4463.00
988.49	4486.00
988.67	4406.00
988.85	4358.00
989.03	4378.00
989.21	4400.00
989.39	4317.00
989.57	4281.00
989.75	4389.00
989.93	4299.00
990.11	4258.00
990.28	4303.00
990.46	4343.00
990.64	4326.00
990.82	4262.00
991.00	4271.00
991.18	4182.00
991.36	4147.00
991.54	4153.00
991.72	4189.00
991.90	4119.00
992.08	4123.00
992.26	4124.00
992.44	4014.00
992.62	4050.00
992.80	4053.00
992.98	4056.00
993.15	4050.00
993.33	4063.00
993.51	4029.00
993.69	4013.00
993.87	4102.00
994.05	4019.00
994.23	3916.00
994.41	3882.00
994.59	3968.00
994.77	3885.00
994.95	3764.00
995.13	3896.00
995.31	3985.00
995.48	3866.00
995.66	3715.00
995.84	3718.00
996.02	3784.00
996.20	3715.00
996.38	3685.00
996.56	3705.00
996.74	3695.00
996.92	3734.00
997.10	3704.00
997.28	3706.00
997.46	3677.00
997.63	3567.00
997.81	3673.00
997.99	3716.00
998.17	3579.00
998.35	3476.00
998.53	3465.00
998.71	3447.00
998.89	3490.00
999.07	3516.00
999.25	3492.00
999.43	3486.00
999.60	3525.00
999.78	3465.00
999.96	3450.00
1000.14	3462.00
1000.32	3369.00
1000.50	3439.00
1000.68	3414.00
1000.86	3363.00
1001.04	3321.00
1001.21	3269.00
1001.39	3315.00
1001.57	3387.00
1001.75	3387.00
1001.93	3227.00
1002.11	3226.00
1002.29	3235.00
1002.47	3251.00
1002.65	3238.00
1002.82	3234.00
1003.00	3289.00
1003.18	3287.00
1003.36	3220.00
1003.54	3205.00
1003.72	3173.00
1003.90	3220.00
1004.08	3181.00
1004.26	3246.00
1004.43	3255.00
1004.61	3180.00
1004.79	3160.00
1004.97	3068.00
1005.15	3189.00
1005.33	3144.00
1005.51	3096.00
1005.69	3152.00
1005.86	3034.00
1006.04	2967.00
1006.22	3018.00
1006.40	3096.00
1006.58	3084.00
1006.76	3089.00
1006.94	3152.00
1007.12	3111.00
1007.29	3078.00
1007.47	2986.00
1007.65	2950.00
1007.83	2988.00
1008.01	2978.00
1008.19	2929.00
1008.37	2925.00
1008.54	2921.00
1008.72	2834.00
1008.90	2953.00
1009.08	2857.00
1009.26	2748.00
1009.44	2764.00
1009.62	2803.00
1009.79	2818.00
1009.97	2773.00
1010.15	2798.00
1010.33	2790.00
1010.51	2723.00
1010.69	2713.00
1010.87	2668.00
1011.04	2635.00
1011.22	2637.00
1011.40	2654.00
1011.58	2597.00
1011.76	2646.00
1011.94	2668.00
1012.11	2667.00
1012.29	2637.00
1012.47	2609.00
1012.65	2615.00
1012.83	2616.00
1013.01	2622.00
1013.18	2574.00
1013.36	2569.00
1013.54	2596.00
1013.72	2602.00
1013.90	2533.00
1014.08	2521.00
1014.25	2608.00
1014.43	2592.00
1014.61	2531.00
1014.79	2646.00
1014.97	2496.00
1015.15	2456.00
1015.32	2566.00
1015.50	2518.00
1015.68	2489.00
1015.86	2498.00
1016.04	2486.00
1016.22	2453.00
1016.39	2413.00
1016.57	2364.00
1016.75	2397.00
1016.93	2501.00
1017.11	2383.00
1017.29	2357.00
1017.46	2394.00
1017.64	2332.00
1017.82	2360.00
1018.00	2319.00
1018.18	2310.00
1018.35	2287.00
1018.53	2288.00
1018.71	2254.00
1018.89	2260.00
1019.07	2275.00
1019.24	2260.00
1019.42	2126.00
1019.60	2153.00
1019.78	2156.00
1019.96	2172.00
1020.14	2178.00
1020.31	2155.00
1020.49	2154.00
1020.67	2110.00
1020.85	2090.00
1021.03	2187.00
1021.20	2136.00
1021.38	2179.00
1021.56	2137.00
1021.74	2077.00
1021.92	2149.00
1022.09	2142.00
1022.27	2063.00
1022.45	2113.00
1022.63	2172.00
1022.81	2169.00
1022.98	2197.00
1023.16	2106.00
1023.34	2014.00
1023.52	2012.00
1023.69	1956.00
1023.87	2010.00
1024.05	2077.00
1024.23	2105.00
1024.41	2082.00
1024.58	2104.00
1024.76	2187.00
1024.94	2165.00
1025.12	2010.00
1025.30	1975.00
1025.47	1976.00
1025.65	1937.00
1025.83	1964.00
1026.01	1933.00
1026.18	1868.00
1026.36	2010.00
1026.54	2014.00
1026.72	1872.00
1026.90	1924.00
1027.07	2018.00
1027.25	1965.00
1027.43	1971.00
1027.61	1974.00
1027.78	1952.00
1027.96	1935.00
1028.14	1941.00
1028.32	1884.00
1028.49	1921.00
1028.67	1890.00
1028.85	1807.00
1029.03	1806.00
1029.21	1830.00
1029.38	1803.00
1029.56	1829.00
1029.74	1885.00
1029.92	1875.00
1030.09	1795.00
1030.27	1850.00
1030.45	1793.00
1030.63	1716.00
1030.80	1802.00
1030.98	1712.00
1031.16	1767.00
1031.34	1719.00
1031.51	1616.00
1031.69	1723.00
1031.87	1742.00
1032.05	1645.00
1032.22	1672.00
1032.40	1708.00
1032.58	1655.00
1032.76	1751.00
1032.93	1653.00
1033.11	1644.00
1033.29	1666.00
1033.47	1689.00
1033.64	1705.00
1033.82	1700.00
1034.00	1730.00
1034.18	1731.00
1034.35	1662.00
1034.53	1683.00
1034.71	1692.00
1034.89	1685.00
1035.06	1631.00
1035.24	1639.00
1035.42	1700.00
1035.59	1644.00
1035.77	1611.00
1035.95	1601.00
1036.13	1589.00
1036.30	1558.00
1036.48	1620.00
1036.66	1621.00
1036.84	1535.00
1037.01	1537.00
1037.19	1531.00
1037.37	1504.00
1037.54	1503.00
1037.72	1502.00
1037.90	1555.00
1038.08	1440.00
1038.25	1458.00
1038.43	1449.00
1038.61	1485.00
1038.79	1451.00
1038.96	1414.00
1039.14	1469.00
1039.32	1505.00
1039.49	1515.00
1039.67	1556.00
1039.85	1541.00
1040.03	1561.00
1040.20	1449.00
1040.38	1423.00
1040.56	1456.00
1040.73	1469.00
1040.91	1467.00
1041.09	1478.00
1041.27	1459.00
1041.44	1352.00
1041.62	1347.00
1041.80	1403.00
1041.97	1429.00
1042.15	1512.00
1042.33	1464.00
1042.50	1403.00
1042.68	1373.00
1042.86	1441.00
1043.04	1460.00
1043.21	1402.00
1043.39	1395.00
1043.57	1361.00
1043.74	1388.00
1043.92	1380.00
1044.10	1361.00
1044.27	1364.00
1044.45	1369.00
1044.63	1330.00
1044.80	1316.00
1044.98	1314.00
1045.16	1398.00
1045.34	1377.00
1045.51	1305.00
1045.69	1314.00
1045.87	1267.00
1046.04	1301.00
1046.22	1281.00
1046.40	1292.00
1046.57	1283.00
1046.75	1251.00
1046.93	1303.00
1047.10	1319.00
1047.28	1340.00
1047.46	1325.00
1047.63	1258.00
1047.81	1293.00
1047.99	1306.00
1048.16	1260.00
1048.34	1263.00
1048.52	1245.00
1048.69	1168.00
1048.87	1187.00
1049.05	1252.00
1049.22	1317.00
1049.40	1315.00
1049.58	1292.00
1049.75	1264.00
1049.93	1182.00
1050.11	1201.00
1050.28	1261.00
1050.46	1268.00
1050.64	1234.00
1050.81	1273.00
1050.99	1278.00
1051.17	1209.00
1051.34	1208.00
1051.52	1213.00
1051.70	1219.00
1051.87	1269.00
1052.05	1246.00
1052.23	1194.00
1052.40	1169.00
1052.58	1188.00
1052.76	1246.00
1052.93	1235.00
1053.11	1223.00
1053.29	1198.00
1053.46	1172.00
1053.64	1179.00
1053.82	1163.00
1053.99	1119.00
1054.17	1087.00
1054.35	1130.00
1054.52	1199.00
1054.70	1168.00
1054.87	1126.00
1055.05	1143.00
1055.23	1115.00
1055.40	1177.00
1055.58	1164.00
1055.76	1099.00
1055.93	1101.00
1056.11	1085.00
1056.29	1052.00
1056.46	998.00
1056.64	1036.00
1056.81	1134.00
1056.99	1111.00
1057.17	1104.00
1057.34	1099.00
1057.52	1008.00
1057.70	1095.00
1057.87	1087.00
1058.05	1120.00
1058.22	1081.00
1058.40	1034.00
1058.58	1111.00
1058.75	1084.00
1058.93	1100.00
1059.11	1035.00
1059.28	1039.00
1059.46	1049.00
1059.63	1090.00
1059.81	1108.00
1059.99	1115.00
1060.16	1067.00
1060.34	1005.00
1060.52	1011.00
1060.69	966.00
1060.87	1059.00
1061.04	1020.00
1061.22	941.00
