367.62	73.00
367.82	44.00
368.02	-15.00
368.23	-3.00
368.43	48.00
368.63	-14.00
368.83	-8.00
369.04	-12.00
369.24	-38.00
369.44	-36.00
369.65	37.00
369.85	40.00
370.05	90.00
370.25	23.00
370.46	16.00
370.66	-34.00
370.86	-30.00
371.07	11.00
371.27	35.00
371.47	8.00
371.67	65.00
371.88	9.00
372.08	-10.00
372.28	-23.00
372.49	-12.00
372.69	-4.00
372.89	-40.00
373.09	-17.00
373.30	59.00
373.50	68.00
373.70	4.00
373.91	12.00
374.11	-51.00
374.31	-34.00
374.51	-2.00
374.72	-14.00
374.92	-44.00
375.12	-28.00
375.33	19.00
375.53	47.00
375.73	7.00
375.93	6.00
376.14	-4.00
376.34	42.00
376.54	58.00
376.74	34.00
376.95	23.00
377.15	-2.00
377.35	37.00
377.55	33.00
377.76	79.00
377.96	36.00
378.16	31.00
378.37	45.00
378.57	13.00
378.77	6.00
378.97	62.00
379.18	87.00
379.38	46.00
379.58	-2.00
379.78	-43.00
379.99	29.00
380.19	53.00
380.39	19.00
380.59	17.00
380.80	1.00
381.00	-44.00
381.20	-34.00
381.40	-15.00
381.61	-20.00
381.81	33.00
382.01	22.00
382.21	43.00
382.42	33.00
382.62	8.00
382.82	84.00
383.02	93.00
383.23	19.00
383.43	9.00
383.63	-2.00
383.83	20.00
384.04	20.00
384.24	-12.00
384.44	-1.00
384.64	65.00
384.85	28.00
385.05	32.00
385.25	-6.00
385.45	-85.00
385.66	-9.00
385.86	4.00
386.06	56.00
386.26	47.00
386.47	19.00
386.67	-41.00
386.87	-10.00
387.07	-30.00
387.27	-11.00
387.48	-26.00
387.68	65.00
387.88	-1.00
388.08	-1.00
388.29	49.00
388.49	61.00
388.69	-2.00
388.89	29.00
389.10	5.00
389.30	-4.00
389.50	-29.00
389.70	-31.00
389.90	-23.00
390.11	19.00
390.31	30.00
390.51	31.00
390.71	56.00
390.92	47.00
391.12	-57.00
391.32	-45.00
391.52	7.00
391.72	-20.00
391.93	28.00
392.13	-27.00
392.33	68.00
392.53	51.00
392.74	16.00
392.94	52.00
393.14	75.00
393.34	-6.00
393.54	-24.00
393.75	22.00
393.95	-8.00
394.15	-50.00
394.35	29.00
394.56	16.00
394.76	41.00
394.96	52.00
395.16	67.00
395.36	87.00
395.57	4.00
395.77	-81.00
395.97	-30.00
396.17	5.00
396.37	-41.00
396.58	20.00
396.78	-4.00
396.98	-57.00
397.18	69.00
397.38	36.00
397.59	104.00
397.79	86.00
397.99	60.00
398.19	-17.00
398.39	-30.00
398.60	-26.00
398.80	-7.00
399.00	52.00
399.20	69.00
399.40	47.00
399.61	59.00
399.81	68.00
400.01	36.00
400.21	42.00
400.41	27.00
400.62	9.00
400.82	-4.00
401.02	22.00
401.22	37.00
401.42	0.00
401.63	11.00
401.83	24.00
402.03	-17.00
402.23	57.00
402.43	112.00
402.64	123.00
402.84	84.00
403.04	-14.00
403.24	-42.00
403.44	-22.00
403.64	1.00
403.85	14.00
404.05	89.00
404.25	71.00
404.45	65.00
404.65	63.00
404.86	29.00
405.06	35.00
405.26	2.00
405.46	53.00
405.66	120.00
405.86	60.00
406.07	37.00
406.27	41.00
406.47	95.00
406.67	74.00
406.87	-24.00
407.07	26.00
407.28	11.00
407.48	-34.00
407.68	81.00
407.88	38.00
408.08	-17.00
408.28	32.00
408.49	73.00
408.69	62.00
408.89	71.00
409.09	-26.00
409.29	-40.00
409.49	-40.00
409.70	47.00
409.90	74.00
410.10	91.00
410.30	58.00
410.50	58.00
410.70	21.00
410.91	23.00
411.11	75.00
411.31	71.00
411.51	-17.00
411.71	-31.00
411.91	2.00
412.12	45.00
412.32	37.00
412.52	23.00
412.72	45.00
412.92	83.00
413.12	61.00
413.32	15.00
413.53	119.00
413.73	86.00
413.93	105.00
414.13	85.00
414.33	78.00
414.53	93.00
414.74	91.00
414.94	4.00
415.14	-8.00
415.34	35.00
415.54	15.00
415.74	68.00
415.94	106.00
416.15	40.00
416.35	-3.00
416.55	80.00
416.75	92.00
416.95	85.00
417.15	2.00
417.35	56.00
417.56	120.00
417.76	100.00
417.96	12.00
418.16	37.00
418.36	64.00
418.56	62.00
418.76	28.00
418.97	18.00
419.17	64.00
419.37	70.00
419.57	119.00
419.77	110.00
419.97	63.00
420.17	76.00
420.37	63.00
420.58	29.00
420.78	51.00
420.98	82.00
421.18	68.00
421.38	88.00
421.58	78.00
421.78	96.00
421.98	79.00
422.19	66.00
422.39	104.00
422.59	67.00
422.79	88.00
422.99	22.00
423.19	123.00
423.39	158.00
423.59	134.00
423.80	126.00
424.00	67.00
424.20	58.00
424.40	53.00
424.60	75.00
424.80	119.00
425.00	100.00
425.20	115.00
425.40	153.00
425.61	139.00
425.81	115.00
426.01	108.00
426.21	80.00
426.41	55.00
426.61	108.00
426.81	128.00
427.01	108.00
427.21	62.00
427.42	114.00
427.62	80.00
427.82	114.00
428.02	104.00
428.22	83.00
428.42	129.00
428.62	116.00
428.82	69.00
429.02	62.00
429.23	137.00
429.43	143.00
429.63	94.00
429.83	92.00
430.03	89.00
430.23	184.00
430.43	173.00
430.63	171.00
430.83	128.00
431.03	136.00
431.24	152.00
431.44	195.00
431.64	74.00
431.84	130.00
432.04	188.00
432.24	120.00
432.44	102.00
432.64	87.00
432.84	147.00
433.04	108.00
433.24	126.00
433.45	109.00
433.65	179.00
433.85	194.00
434.05	140.00
434.25	131.00
434.45	194.00
434.65	250.00
434.85	247.00
435.05	232.00
435.25	276.00
435.45	285.00
435.65	315.00
435.86	247.00
436.06	210.00
436.26	122.00
436.46	103.00
436.66	62.00
436.86	116.00
437.06	103.00
437.26	67.00
437.46	86.00
437.66	153.00
437.86	164.00
438.06	175.00
438.26	180.00
438.47	185.00
438.67	128.00
438.87	164.00
439.07	154.00
439.27	178.00
439.47	118.00
439.67	114.00
439.87	136.00
440.07	141.00
440.27	179.00
440.47	179.00
440.67	139.00
440.87	140.00
441.07	164.00
441.27	122.00
441.48	154.00
441.68	117.00
441.88	106.00
442.08	154.00
442.28	201.00
442.48	157.00
442.68	93.00
442.88	175.00
443.08	211.00
443.28	132.00
443.48	137.00
443.68	154.00
443.88	146.00
444.08	180.00
444.28	194.00
444.48	193.00
444.68	191.00
444.88	153.00
445.09	66.00
445.29	103.00
445.49	207.00
445.69	133.00
445.89	118.00
446.09	157.00
446.29	176.00
446.49	148.00
446.69	190.00
446.89	181.00
447.09	187.00
447.29	204.00
447.49	126.00
447.69	101.00
447.89	78.00
448.09	111.00
448.29	166.00
448.49	193.00
448.69	152.00
448.89	201.00
449.09	123.00
449.29	183.00
449.49	247.00
449.70	186.00
449.90	160.00
450.10	171.00
450.30	115.00
450.50	122.00
450.70	127.00
450.90	206.00
451.10	205.00
451.30	227.00
451.50	185.00
451.70	154.00
451.90	139.00
452.10	218.00
452.30	230.00
452.50	241.00
452.70	245.00
452.90	199.00
453.10	209.00
453.30	269.00
453.50	268.00
453.70	249.00
453.90	232.00
454.10	319.00
454.30	293.00
454.50	234.00
454.70	195.00
454.90	242.00
455.10	234.00
455.30	253.00
455.50	263.00
455.70	244.00
455.90	235.00
456.10	287.00
456.30	202.00
456.50	179.00
456.70	260.00
456.90	298.00
457.10	223.00
457.30	219.00
457.50	210.00
457.70	244.00
457.90	225.00
458.10	284.00
458.30	247.00
458.50	273.00
458.70	312.00
458.90	326.00
459.10	336.00
459.30	261.00
459.50	152.00
459.70	216.00
459.90	251.00
460.10	230.00
460.30	320.00
460.50	276.00
460.70	270.00
460.90	264.00
461.10	265.00
461.30	312.00
461.50	256.00
461.70	329.00
461.90	220.00
462.10	283.00
462.30	222.00
462.50	274.00
462.70	335.00
462.90	296.00
463.10	248.00
463.30	305.00
463.50	229.00
463.70	177.00
463.90	294.00
464.10	352.00
464.30	268.00
464.50	202.00
464.70	280.00
464.90	315.00
465.10	312.00
465.30	336.00
465.50	353.00
465.70	294.00
465.90	312.00
466.10	280.00
466.30	280.00
466.50	287.00
466.70	251.00
466.90	202.00
467.10	246.00
467.30	282.00
467.50	366.00
467.70	382.00
467.90	245.00
468.10	201.00
468.30	223.00
468.50	235.00
468.70	199.00
468.90	160.00
469.10	240.00
469.30	277.00
469.50	298.00
469.70	312.00
469.90	306.00
470.10	250.00
470.30	260.00
470.50	329.00
470.70	302.00
470.90	251.00
471.10	259.00
471.29	298.00
471.49	267.00
471.69	301.00
471.89	280.00
472.09	240.00
472.29	239.00
472.49	261.00
472.69	261.00
472.89	232.00
473.09	260.00
473.29	237.00
473.49	193.00
473.69	296.00
473.89	258.00
474.09	236.00
474.29	255.00
474.49	228.00
474.69	260.00
474.89	215.00
475.09	272.00
475.29	277.00
475.49	258.00
475.69	236.00
475.88	250.00
476.08	274.00
476.28	282.00
476.48	273.00
476.68	172.00
476.88	227.00
477.08	311.00
477.28	265.00
477.48	311.00
477.68	322.00
477.88	347.00
478.08	284.00
478.28	323.00
478.48	281.00
478.68	265.00
478.88	302.00
479.08	312.00
479.28	298.00
479.47	292.00
479.67	301.00
479.87	293.00
480.07	328.00
480.27	301.00
480.47	276.00
480.67	314.00
480.87	361.00
481.07	302.00
481.27	307.00
481.47	298.00
481.67	291.00
481.87	212.00
482.07	239.00
482.27	282.00
482.46	319.00
482.66	303.00
482.86	328.00
483.06	281.00
483.26	275.00
483.46	377.00
483.66	361.00
483.86	330.00
484.06	293.00
484.26	413.00
484.46	372.00
484.66	342.00
484.86	349.00
485.05	358.00
485.25	466.00
485.45	426.00
485.65	395.00
485.85	391.00
486.05	403.00
486.25	379.00
486.45	433.00
486.65	417.00
486.85	407.00
487.05	380.00
487.25	326.00
487.44	324.00
487.64	372.00
487.84	435.00
488.04	442.00
488.24	465.00
488.44	428.00
488.64	384.00
488.84	394.00
489.04	425.00
489.24	418.00
489.43	446.00
489.63	432.00
489.83	453.00
490.03	411.00
490.23	427.00
490.43	383.00
490.63	486.00
490.83	438.00
491.03	508.00
491.23	498.00
491.42	449.00
491.62	453.00
491.82	433.00
492.02	408.00
492.22	475.00
492.42	514.00
492.62	517.00
492.82	443.00
493.02	458.00
493.22	437.00
493.41	481.00
493.61	478.00
493.81	484.00
494.01	437.00
494.21	505.00
494.41	493.00
494.61	503.00
494.81	470.00
495.01	443.00
495.20	449.00
495.40	489.00
495.60	408.00
495.80	475.00
496.00	447.00
496.20	473.00
496.40	493.00
496.60	512.00
496.79	499.00
496.99	497.00
497.19	470.00
497.39	492.00
497.59	522.00
497.79	454.00
497.99	496.00
498.19	459.00
498.38	504.00
498.58	521.00
498.78	523.00
498.98	498.00
499.18	539.00
499.38	472.00
499.58	470.00
499.78	415.00
499.97	451.00
500.17	476.00
500.37	488.00
500.57	537.00
500.77	438.00
500.97	529.00
501.17	588.00
501.37	544.00
501.56	546.00
501.76	497.00
501.96	553.00
502.16	556.00
502.36	524.00
502.56	471.00
502.76	498.00
502.95	509.00
503.15	524.00
503.35	466.00
503.55	456.00
503.75	533.00
503.95	572.00
504.15	452.00
504.34	481.00
504.54	462.00
504.74	541.00
504.94	454.00
505.14	458.00
505.34	539.00
505.54	551.00
505.73	454.00
505.93	527.00
506.13	527.00
506.33	489.00
506.53	482.00
506.73	527.00
506.92	550.00
507.12	510.00
507.32	475.00
507.52	427.00
507.72	440.00
507.92	487.00
508.12	429.00
508.31	434.00
508.51	540.00
508.71	488.00
508.91	518.00
509.11	517.00
509.31	511.00
509.50	496.00
509.70	462.00
509.90	525.00
510.10	488.00
510.30	514.00
510.50	560.00
510.69	575.00
510.89	531.00
511.09	492.00
511.29	467.00
511.49	448.00
511.69	528.00
511.88	537.00
512.08	498.00
512.28	512.00
512.48	510.00
512.68	506.00
512.88	533.00
513.07	449.00
513.27	476.00
513.47	463.00
513.67	479.00
513.87	490.00
514.06	531.00
514.26	486.00
514.46	516.00
514.66	496.00
514.86	525.00
515.06	505.00
515.25	543.00
515.45	524.00
515.65	476.00
515.85	531.00
516.05	536.00
516.24	538.00
516.44	522.00
516.64	516.00
516.84	507.00
517.04	432.00
517.23	417.00
517.43	543.00
517.63	582.00
517.83	524.00
518.03	442.00
518.23	442.00
518.42	450.00
518.62	533.00
518.82	546.00
519.02	545.00
519.22	419.00
519.41	543.00
519.61	565.00
519.81	589.00
520.01	565.00
520.21	594.00
520.40	524.00
520.60	518.00
520.80	479.00
521.00	552.00
521.20	557.00
521.39	518.00
521.59	581.00
521.79	608.00
521.99	562.00
522.19	611.00
522.38	553.00
522.58	508.00
522.78	590.00
522.98	579.00
523.17	548.00
523.37	533.00
523.57	490.00
523.77	545.00
523.97	630.00
524.16	558.00
524.36	616.00
524.56	673.00
524.76	637.00
524.96	559.00
525.15	563.00
525.35	620.00
525.55	711.00
525.75	717.00
525.94	709.00
526.14	637.00
526.34	628.00
526.54	632.00
526.74	609.00
526.93	626.00
527.13	617.00
527.33	618.00
527.53	640.00
527.72	627.00
527.92	581.00
528.12	661.00
528.32	661.00
528.52	708.00
528.71	751.00
528.91	641.00
529.11	659.00
529.31	713.00
529.50	676.00
529.70	617.00
529.90	682.00
530.10	760.00
530.29	825.00
530.49	814.00
530.69	837.00
530.89	779.00
531.09	796.00
531.28	738.00
531.48	795.00
531.68	727.00
531.88	762.00
532.07	816.00
532.27	787.00
532.47	787.00
532.67	816.00
532.86	821.00
533.06	840.00
533.26	814.00
533.46	759.00
533.65	824.00
533.85	807.00
534.05	858.00
534.25	817.00
534.44	892.00
534.64	886.00
534.84	780.00
535.04	823.00
535.23	856.00
535.43	854.00
535.63	857.00
535.83	946.00
536.02	911.00
536.22	824.00
536.42	857.00
536.62	828.00
536.81	885.00
537.01	908.00
537.21	946.00
537.41	893.00
537.60	966.00
537.80	970.00
538.00	1020.00
538.20	1047.00
538.39	1033.00
538.59	971.00
538.79	1035.00
538.99	1088.00
539.18	1199.00
539.38	1175.00
539.58	1170.00
539.77	1214.00
539.97	1286.00
540.17	1290.00
540.37	1321.00
540.56	1327.00
540.76	1413.00
540.96	1519.00
541.16	1547.00
541.35	1497.00
541.55	1602.00
541.75	1626.00
541.94	1658.00
542.14	1540.00
542.34	1525.00
542.54	1629.00
542.73	1503.00
542.93	1467.00
543.13	1486.00
543.33	1407.00
543.52	1420.00
543.72	1486.00
543.92	1622.00
544.11	1499.00
544.31	1577.00
544.51	1532.00
544.71	1617.00
544.90	1693.00
545.10	1699.00
545.30	1750.00
545.49	1788.00
545.69	1690.00
545.89	1721.00
546.09	1819.00
546.28	1899.00
546.48	1846.00
546.68	1569.00
546.87	1419.00
547.07	1291.00
547.27	1266.00
547.47	1285.00
547.66	1314.00
547.86	1319.00
548.06	1308.00
548.25	1199.00
548.45	1243.00
548.65	1205.00
548.84	1202.00
549.04	1202.00
549.24	1114.00
549.44	1147.00
549.63	1219.00
549.83	1205.00
550.03	1143.00
550.22	1103.00
550.42	1067.00
550.62	1119.00
550.81	1183.00
551.01	1162.00
551.21	1138.00
551.41	1149.00
551.60	1063.00
551.80	1064.00
552.00	947.00
552.19	1061.00
552.39	1069.00
552.59	1071.00
552.78	1022.00
552.98	1017.00
553.18	1027.00
553.37	1025.00
553.57	1009.00
553.77	947.00
553.96	945.00
554.16	973.00
554.36	1062.00
554.56	1034.00
554.75	964.00
554.95	950.00
555.15	968.00
555.34	869.00
555.54	959.00
555.74	970.00
555.93	921.00
556.13	930.00
556.33	928.00
556.52	960.00
556.72	987.00
556.92	972.00
557.11	1009.00
557.31	908.00
557.51	876.00
557.70	877.00
557.90	874.00
558.10	822.00
558.29	848.00
558.49	808.00
558.69	779.00
558.88	761.00
559.08	843.00
559.28	792.00
559.47	798.00
559.67	815.00
559.87	851.00
560.06	866.00
560.26	916.00
560.46	937.00
560.65	878.00
560.85	939.00
561.05	893.00
561.24	904.00
561.44	859.00
561.64	919.00
561.83	928.00
562.03	910.00
562.23	914.00
562.42	914.00
562.62	937.00
562.82	894.00
563.01	1003.00
563.21	921.00
563.40	891.00
563.60	951.00
563.80	941.00
563.99	984.00
564.19	959.00
564.39	1012.00
564.58	903.00
564.78	868.00
564.98	932.00
565.17	943.00
565.37	938.00
565.57	878.00
565.76	904.00
565.96	930.00
566.16	896.00
566.35	927.00
566.55	875.00
566.74	922.00
566.94	953.00
567.14	1024.00
567.33	1127.00
567.53	1064.00
567.73	1071.00
567.92	1058.00
568.12	918.00
568.32	1031.00
568.51	1016.00
568.71	1075.00
568.90	979.00
569.10	1073.00
569.30	992.00
569.49	940.00
569.69	1014.00
569.89	1094.00
570.08	995.00
570.28	916.00
570.47	1014.00
570.67	1043.00
570.87	997.00
571.06	994.00
571.26	1046.00
571.46	979.00
571.65	991.00
571.85	1013.00
572.04	1027.00
572.24	1035.00
572.44	1034.00
572.63	1078.00
572.83	1066.00
573.03	1031.00
573.22	1176.00
573.42	1117.00
573.61	1071.00
573.81	1131.00
574.01	1131.00
574.20	1206.00
574.40	1207.00
574.59	1174.00
574.79	1192.00
574.99	1190.00
575.18	1179.00
575.38	1188.00
575.58	1165.00
575.77	1222.00
575.97	1241.00
576.16	1283.00
576.36	1250.00
576.56	1344.00
576.75	1233.00
576.95	1203.00
577.14	1339.00
577.34	1391.00
577.54	1306.00
577.73	1301.00
577.93	1298.00
578.12	1319.00
578.32	1366.00
578.52	1447.00
578.71	1384.00
578.91	1395.00
579.10	1454.00
579.30	1411.00
579.50	1415.00
579.69	1388.00
579.89	1425.00
580.08	1469.00
580.28	1535.00
580.48	1486.00
580.67	1396.00
580.87	1421.00
581.06	1476.00
581.26	1519.00
581.45	1531.00
581.65	1554.00
581.85	1559.00
582.04	1570.00
582.24	1607.00
582.43	1563.00
582.63	1583.00
582.83	1647.00
583.02	1651.00
583.22	1717.00
583.41	1723.00
583.61	1707.00
583.80	1698.00
584.00	1734.00
584.20	1668.00
584.39	1724.00
584.59	1685.00
584.78	1703.00
584.98	1755.00
585.17	1740.00
585.37	1814.00
585.57	1793.00
585.76	1768.00
585.96	1810.00
586.15	1780.00
586.35	1925.00
586.54	1853.00
586.74	1864.00
586.94	1877.00
587.13	1942.00
587.33	1986.00
587.52	2006.00
587.72	2012.00
587.91	1930.00
588.11	1933.00
588.31	1985.00
588.50	1925.00
588.70	1890.00
588.89	1883.00
589.09	1949.00
589.28	2017.00
589.48	1915.00
589.68	1895.00
589.87	1978.00
590.07	2032.00
590.26	1964.00
590.46	1985.00
590.65	1923.00
590.85	2049.00
591.04	2004.00
591.24	2000.00
591.44	2033.00
591.63	2026.00
591.83	2099.00
592.02	2062.00
592.22	2092.00
592.41	2155.00
592.61	2169.00
592.80	2205.00
593.00	2239.00
593.19	2238.00
593.39	2234.00
593.59	2171.00
593.78	2206.00
593.98	2194.00
594.17	2139.00
594.37	2179.00
594.56	2103.00
594.76	2167.00
594.95	2115.00
595.15	2189.00
595.34	2261.00
595.54	2247.00
595.73	2280.00
595.93	2250.00
596.13	2155.00
596.32	2189.00
596.52	2186.00
596.71	2166.00
596.91	2197.00
597.10	2261.00
597.30	2212.00
597.49	2219.00
597.69	2181.00
597.88	2230.00
598.08	2260.00
598.27	2312.00
598.47	2276.00
598.66	2263.00
598.86	2349.00
599.06	2222.00
599.25	2230.00
599.45	2256.00
599.64	2370.00
599.84	2300.00
600.03	2317.00
600.23	2345.00
600.42	2358.00
600.62	2305.00
600.81	2236.00
601.01	2203.00
601.20	2216.00
601.40	2381.00
601.59	2242.00
601.79	2184.00
601.98	2242.00
602.18	2158.00
602.37	2273.00
602.57	2183.00
602.76	2222.00
602.96	2189.00
603.15	2235.00
603.35	2234.00
603.54	2239.00
603.74	2203.00
603.93	2272.00
604.13	2226.00
604.32	2131.00
604.52	2163.00
604.71	2090.00
604.91	2122.00
605.10	2209.00
605.30	2207.00
605.49	2117.00
605.69	2145.00
605.88	2147.00
606.08	2208.00
606.27	2201.00
606.47	2104.00
606.66	2207.00
606.86	2155.00
607.05	2184.00
607.25	2116.00
607.44	2054.00
607.64	2140.00
607.83	2114.00
608.03	2092.00
608.22	2138.00
608.42	2195.00
608.61	2230.00
608.81	2321.00
609.00	2308.00
609.20	2275.00
609.39	2306.00
609.59	2403.00
609.78	2441.00
609.98	2558.00
610.17	2624.00
610.37	2847.00
610.56	3030.00
610.76	3259.00
610.95	3285.00
611.15	3416.00
611.34	3540.00
611.54	3575.00
611.73	3391.00
611.93	3140.00
612.12	2862.00
612.32	2642.00
612.51	2526.00
612.71	2425.00
612.90	2318.00
613.09	2359.00
613.29	2383.00
613.48	2339.00
613.68	2395.00
613.87	2291.00
614.07	2294.00
614.26	2344.00
614.46	2335.00
614.65	2214.00
614.85	2212.00
615.04	2259.00
615.24	2204.00
615.43	2102.00
615.63	2115.00
615.82	2148.00
616.02	2145.00
616.21	2100.00
616.40	1989.00
616.60	1995.00
616.79	2030.00
616.99	1999.00
617.18	1952.00
617.38	2013.00
617.57	2002.00
617.77	1995.00
617.96	2096.00
618.16	2108.00
618.35	2009.00
618.54	1993.00
618.74	2052.00
618.93	2016.00
619.13	2068.00
619.32	1994.00
619.52	1978.00
619.71	2082.00
619.91	2088.00
620.10	2056.00
620.30	2047.00
620.49	1983.00
620.68	2047.00
620.88	2006.00
621.07	1990.00
621.27	2002.00
621.46	2071.00
621.66	2043.00
621.85	2069.00
622.05	2083.00
622.24	2161.00
622.43	2098.00
622.63	2176.00
622.82	2157.00
623.02	2148.00
623.21	2113.00
623.41	2119.00
623.60	2130.00
623.80	2142.00
623.99	2122.00
624.18	2026.00
624.38	2058.00
624.57	2113.00
624.77	2119.00
624.96	2247.00
625.16	2173.00
625.35	2113.00
625.54	2173.00
625.74	2209.00
625.93	2169.00
626.13	2215.00
626.32	2216.00
626.52	2186.00
626.71	2147.00
626.90	2125.00
627.10	2170.00
627.29	2190.00
627.49	2179.00
627.68	2228.00
627.88	2266.00
628.07	2285.00
628.26	2343.00
628.46	2216.00
628.65	2228.00
628.85	2213.00
629.04	2271.00
629.23	2315.00
629.43	2244.00
629.62	2266.00
629.82	2266.00
630.01	2308.00
630.21	2346.00
630.40	2440.00
630.59	2521.00
630.79	2411.00
630.98	2488.00
631.18	2409.00
631.37	2428.00
631.56	2433.00
631.76	2432.00
631.95	2410.00
632.15	2420.00
632.34	2450.00
632.53	2445.00
632.73	2394.00
632.92	2329.00
633.12	2286.00
633.31	2343.00
633.50	2431.00
633.70	2401.00
633.89	2389.00
634.09	2457.00
634.28	2432.00
634.47	2444.00
634.67	2574.00
634.86	2577.00
635.06	2491.00
635.25	2472.00
635.44	2518.00
635.64	2529.00
635.83	2517.00
636.03	2603.00
636.22	2538.00
636.41	2535.00
636.61	2542.00
636.80	2547.00
637.00	2590.00
637.19	2615.00
637.38	2687.00
637.58	2615.00
637.77	2598.00
637.96	2595.00
638.16	2726.00
638.35	2774.00
638.55	2809.00
638.74	2723.00
638.93	2777.00
639.13	2813.00
639.32	2729.00
639.51	2698.00
639.71	2833.00
639.90	2834.00
640.10	2787.00
640.29	2731.00
640.48	2717.00
640.68	2776.00
640.87	2799.00
641.07	2775.00
641.26	2805.00
641.45	2927.00
641.65	2864.00
641.84	2805.00
642.03	2817.00
642.23	2962.00
642.42	2953.00
642.61	2908.00
642.81	2950.00
643.00	2873.00
643.20	2843.00
643.39	2782.00
643.58	2896.00
643.78	2943.00
643.97	2930.00
644.16	2975.00
644.36	3049.00
644.55	3050.00
644.74	3027.00
644.94	3129.00
645.13	3004.00
645.33	3068.00
645.52	3095.00
645.71	3032.00
645.91	3155.00
646.10	3108.00
646.29	3076.00
646.49	3106.00
646.68	3140.00
646.87	3077.00
647.07	3108.00
647.26	3056.00
647.45	3063.00
647.65	3164.00
647.84	3215.00
648.03	3208.00
648.23	3176.00
648.42	3145.00
648.62	3298.00
648.81	3288.00
649.00	3276.00
649.20	3342.00
649.39	3190.00
649.58	3173.00
649.78	3186.00
649.97	3240.00
650.16	3173.00
650.36	3311.00
650.55	3428.00
650.74	3383.00
650.94	3232.00
651.13	3331.00
651.32	3410.00
651.52	3452.00
651.71	3284.00
651.90	3304.00
652.10	3307.00
652.29	3399.00
652.48	3348.00
652.68	3392.00
652.87	3350.00
653.06	3296.00
653.26	3225.00
653.45	3384.00
653.64	3374.00
653.84	3265.00
654.03	3328.00
654.22	3402.00
654.42	3246.00
654.61	3205.00
654.80	3332.00
654.99	3378.00
655.19	3347.00
655.38	3341.00
655.57	3325.00
655.77	3440.00
655.96	3461.00
656.15	3350.00
656.35	3271.00
656.54	3225.00
656.73	3268.00
656.93	3189.00
657.12	3189.00
657.31	3244.00
657.51	3195.00
657.70	3218.00
657.89	3242.00
658.09	3352.00
658.28	3368.00
658.47	3344.00
658.66	3309.00
658.86	3423.00
659.05	3326.00
659.24	3296.00
659.44	3430.00
659.63	3315.00
659.82	3215.00
660.02	3283.00
660.21	3316.00
660.40	3275.00
660.60	3279.00
660.79	3208.00
660.98	3242.00
661.17	3220.00
661.37	3334.00
661.56	3308.00
661.75	3252.00
661.95	3217.00
662.14	3202.00
662.33	3139.00
662.52	3222.00
662.72	3298.00
662.91	3253.00
663.10	3307.00
663.30	3366.00
663.49	3299.00
663.68	3285.00
663.88	3227.00
664.07	3273.00
664.26	3237.00
664.45	3127.00
664.65	3100.00
664.84	3048.00
665.03	3096.00
665.23	3167.00
665.42	3149.00
665.61	3054.00
665.80	3066.00
666.00	3164.00
666.19	3205.00
666.38	3138.00
666.57	3093.00
666.77	3085.00
666.96	3052.00
667.15	3018.00
667.35	3083.00
667.54	3100.00
667.73	3152.00
667.92	3070.00
668.12	3025.00
668.31	2974.00
668.50	2998.00
668.70	3034.00
668.89	2997.00
669.08	3033.00
669.27	3071.00
669.47	3059.00
669.66	2941.00
669.85	2914.00
670.04	2973.00
670.24	3053.00
670.43	2961.00
670.62	2924.00
670.81	3049.00
671.01	3068.00
671.20	2922.00
671.39	3003.00
671.58	3052.00
671.78	2976.00
671.97	2982.00
672.16	2889.00
672.36	2859.00
672.55	2886.00
672.74	2852.00
672.93	2873.00
673.13	2931.00
673.32	2901.00
673.51	2891.00
673.70	2774.00
673.90	2834.00
674.09	2799.00
674.28	2862.00
674.47	2904.00
674.67	2893.00
674.86	2787.00
675.05	2808.00
675.24	2973.00
675.44	2914.00
675.63	2886.00
675.82	2884.00
676.01	2858.00
676.21	2791.00
676.40	2747.00
676.59	2823.00
676.78	2824.00
676.97	2795.00
677.17	2706.00
677.36	2695.00
677.55	2663.00
677.74	2628.00
677.94	2713.00
678.13	2757.00
678.32	2788.00
678.51	2788.00
678.71	2762.00
678.90	2888.00
679.09	2841.00
679.28	2876.00
679.48	2886.00
679.67	2843.00
679.86	2778.00
680.05	2655.00
680.24	2688.00
680.44	2677.00
680.63	2785.00
680.82	2729.00
681.01	2703.00
681.21	2600.00
681.40	2681.00
681.59	2683.00
681.78	2682.00
681.97	2674.00
682.17	2636.00
682.36	2654.00
682.55	2728.00
682.74	2641.00
682.94	2653.00
683.13	2744.00
683.32	2761.00
683.51	2690.00
683.70	2742.00
683.90	2640.00
684.09	2606.00
684.28	2699.00
684.47	2737.00
684.66	2763.00
684.86	2808.00
685.05	2755.00
685.24	2654.00
685.43	2681.00
685.63	2616.00
685.82	2668.00
686.01	2666.00
686.20	2609.00
686.39	2697.00
686.59	2612.00
686.78	2674.00
686.97	2759.00
687.16	2703.00
687.35	2640.00
687.55	2674.00
687.74	2641.00
687.93	2674.00
688.12	2691.00
688.31	2704.00
688.51	2717.00
688.70	2687.00
688.89	2677.00
689.08	2681.00
689.27	2658.00
689.47	2565.00
689.66	2591.00
689.85	2579.00
690.04	2658.00
690.23	2589.00
690.42	2545.00
690.62	2569.00
690.81	2586.00
691.00	2555.00
691.19	2632.00
691.38	2621.00
691.58	2638.00
691.77	2687.00
691.96	2628.00
692.15	2666.00
692.34	2619.00
692.54	2675.00
692.73	2701.00
692.92	2624.00
693.11	2755.00
693.30	2746.00
693.49	2873.00
693.69	2724.00
693.88	2610.00
694.07	2693.00
694.26	2607.00
694.45	2690.00
694.64	2662.00
694.84	2627.00
695.03	2483.00
695.22	2582.00
695.41	2683.00
695.60	2603.00
695.80	2645.00
695.99	2637.00
696.18	2567.00
696.37	2640.00
696.56	2706.00
696.75	2701.00
696.95	2605.00
697.14	2675.00
697.33	2668.00
697.52	2649.00
697.71	2653.00
697.90	2707.00
698.09	2764.00
698.29	2642.00
698.48	2807.00
698.67	2736.00
698.86	2691.00
699.05	2686.00
699.24	2745.00
699.44	2732.00
699.63	2730.00
699.82	2738.00
700.01	2735.00
700.20	2670.00
700.39	2750.00
700.58	2751.00
700.78	2729.00
700.97	2752.00
701.16	2807.00
701.35	2827.00
701.54	2789.00
701.73	2812.00
701.93	2716.00
702.12	2687.00
702.31	2831.00
702.50	2869.00
702.69	2862.00
702.88	2908.00
703.07	2899.00
703.27	2859.00
703.46	2833.00
703.65	2843.00
703.84	2880.00
704.03	2933.00
704.22	2895.00
704.41	2932.00
704.60	2888.00
704.80	2962.00
704.99	2959.00
705.18	2930.00
705.37	2980.00
705.56	2958.00
705.75	2931.00
705.94	2971.00
706.14	3005.00
706.33	2956.00
706.52	3023.00
706.71	3091.00
706.90	3179.00
707.09	3129.00
707.28	3064.00
707.47	3043.00
707.67	3107.00
707.86	3126.00
708.05	3071.00
708.24	3086.00
708.43	3128.00
708.62	3240.00
708.81	3205.00
709.00	3283.00
709.20	3165.00
709.39	3158.00
709.58	3170.00
709.77	3197.00
709.96	3265.00
710.15	3251.00
710.34	3167.00
710.53	3033.00
710.72	3104.00
710.92	3216.00
711.11	3125.00
711.30	3208.00
711.49	3157.00
711.68	3272.00
711.87	3350.00
712.06	3374.00
712.25	3366.00
712.44	3379.00
712.64	3342.00
712.83	3373.00
713.02	3401.00
713.21	3375.00
713.40	3367.00
713.59	3403.00
713.78	3211.00
713.97	3334.00
714.16	3355.00
714.35	3363.00
714.55	3304.00
714.74	3390.00
714.93	3347.00
715.12	3389.00
715.31	3390.00
715.50	3380.00
715.69	3323.00
715.88	3381.00
716.07	3546.00
716.26	3427.00
716.45	3338.00
716.65	3373.00
716.84	3504.00
717.03	3413.00
717.22	3394.00
717.41	3323.00
717.60	3340.00
717.79	3392.00
717.98	3390.00
718.17	3467.00
718.36	3470.00
718.55	3436.00
718.75	3446.00
718.94	3491.00
719.13	3406.00
719.32	3471.00
719.51	3496.00
719.70	3437.00
719.89	3498.00
720.08	3365.00
720.27	3490.00
720.46	3490.00
720.65	3509.00
720.84	3493.00
721.03	3557.00
721.22	3493.00
721.42	3407.00
721.61	3449.00
721.80	3551.00
721.99	3550.00
722.18	3419.00
722.37	3481.00
722.56	3418.00
722.75	3322.00
722.94	3453.00
723.13	3519.00
723.32	3486.00
723.51	3421.00
723.70	3431.00
723.89	3345.00
724.08	3437.00
724.28	3541.00
724.47	3423.00
724.66	3504.00
724.85	3456.00
725.04	3431.00
725.23	3509.00
725.42	3512.00
725.61	3548.00
725.80	3600.00
725.99	3530.00
726.18	3491.00
726.37	3610.00
726.56	3580.00
726.75	3556.00
726.94	3531.00
727.13	3522.00
727.32	3533.00
727.51	3552.00
727.71	3396.00
727.90	3454.00
728.09	3533.00
728.28	3508.00
728.47	3506.00
728.66	3568.00
728.85	3507.00
729.04	3453.00
729.23	3384.00
729.42	3479.00
729.61	3472.00
729.80	3489.00
729.99	3489.00
730.18	3478.00
730.37	3565.00
730.56	3510.00
730.75	3542.00
730.94	3533.00
731.13	3497.00
731.32	3550.00
731.51	3547.00
731.70	3487.00
731.89	3482.00
732.08	3577.00
732.27	3485.00
732.46	3508.00
732.65	3548.00
732.84	3503.00
733.04	3363.00
733.23	3403.00
733.42	3392.00
733.61	3420.00
733.80	3445.00
733.99	3421.00
734.18	3448.00
734.37	3466.00
734.56	3252.00
734.75	3359.00
734.94	3452.00
735.13	3452.00
735.32	3467.00
735.51	3456.00
735.70	3424.00
735.89	3434.00
736.08	3300.00
736.27	3290.00
736.46	3282.00
736.65	3398.00
736.84	3379.00
737.03	3256.00
737.22	3307.00
737.41	3257.00
737.60	3289.00
737.79	3387.00
737.98	3426.00
738.17	3323.00
738.36	3384.00
738.55	3495.00
738.74	3393.00
738.93	3253.00
739.12	3318.00
739.31	3368.00
739.50	3440.00
739.69	3428.00
739.88	3444.00
740.07	3349.00
740.26	3276.00
740.45	3306.00
740.64	3284.00
740.83	3210.00
741.02	3097.00
741.21	3142.00
741.40	3191.00
741.59	3222.00
741.78	3199.00
741.97	3128.00
742.16	3099.00
742.35	3094.00
742.54	2969.00
742.73	2993.00
742.92	3036.00
743.11	3115.00
743.30	3103.00
743.49	3041.00
743.68	3089.00
743.87	3110.00
744.06	3092.00
744.25	3109.00
744.44	3168.00
744.63	3154.00
744.82	3001.00
745.01	2970.00
745.20	3181.00
745.39	3094.00
745.58	3077.00
745.77	3071.00
745.96	2979.00
746.15	3051.00
746.34	3037.00
746.52	3053.00
746.71	3029.00
746.90	2976.00
747.09	2958.00
747.28	2930.00
747.47	2900.00
747.66	2847.00
747.85	2904.00
748.04	2911.00
748.23	2895.00
748.42	2894.00
748.61	2814.00
748.80	2846.00
748.99	2988.00
749.18	2866.00
749.37	2855.00
749.56	2829.00
749.75	2899.00
749.94	2900.00
750.13	2783.00
750.32	2770.00
750.51	2774.00
750.70	2660.00
750.89	2810.00
751.08	2671.00
751.27	2733.00
751.46	2903.00
751.64	2876.00
751.83	2839.00
752.02	2806.00
752.21	2697.00
752.40	2824.00
752.59	2782.00
752.78	2771.00
752.97	2775.00
753.16	2786.00
753.35	2796.00
753.54	2775.00
753.73	2745.00
753.92	2753.00
754.11	2721.00
754.30	2706.00
754.49	2685.00
754.68	2730.00
754.87	2741.00
755.06	2668.00
755.24	2633.00
755.43	2591.00
755.62	2661.00
755.81	2635.00
756.00	2620.00
756.19	2659.00
756.38	2693.00
756.57	2591.00
756.76	2560.00
756.95	2542.00
757.14	2571.00
757.33	2640.00
757.52	2717.00
757.71	2576.00
757.90	2621.00
758.08	2523.00
758.27	2554.00
758.46	2659.00
758.65	2584.00
758.84	2505.00
759.03	2511.00
759.22	2561.00
759.41	2569.00
759.60	2564.00
759.79	2521.00
759.98	2422.00
760.17	2457.00
760.36	2464.00
760.54	2520.00
760.73	2665.00
760.92	2577.00
761.11	2547.00
761.30	2452.00
761.49	2420.00
761.68	2367.00
761.87	2307.00
762.06	2319.00
762.25	2364.00
762.44	2274.00
762.63	2280.00
762.81	2219.00
763.00	2195.00
763.19	2250.00
763.38	2137.00
763.57	2138.00
763.76	2121.00
763.95	2144.00
764.14	2167.00
764.33	2159.00
764.52	2219.00
764.71	2134.00
764.89	2176.00
765.08	2211.00
765.27	2209.00
765.46	2177.00
765.65	2225.00
765.84	2222.00
766.03	2203.00
766.22	2239.00
766.41	2273.00
766.59	2233.00
766.78	2285.00
766.97	2225.00
767.16	2225.00
767.35	2242.00
767.54	2252.00
767.73	2279.00
767.92	2349.00
768.11	2393.00
768.30	2355.00
768.48	2446.00
768.67	2559.00
768.86	2511.00
769.05	2431.00
769.24	2372.00
769.43	2401.00
769.62	2441.00
769.81	2436.00
769.99	2385.00
770.18	2344.00
770.37	2316.00
770.56	2285.00
770.75	2414.00
770.94	2388.00
771.13	2330.00
771.32	2402.00
771.50	2431.00
771.69	2467.00
771.88	2436.00
772.07	2495.00
772.26	2439.00
772.45	2402.00
772.64	2407.00
772.83	2428.00
773.01	2380.00
773.20	2345.00
773.39	2391.00
773.58	2436.00
773.77	2344.00
773.96	2396.00
774.15	2268.00
774.34	2287.00
774.52	2308.00
774.71	2354.00
774.90	2434.00
775.09	2360.00
775.28	2353.00
775.47	2344.00
775.66	2333.00
775.84	2303.00
776.03	2254.00
776.22	2288.00
776.41	2280.00
776.60	2282.00
776.79	2248.00
776.98	2289.00
777.16	2314.00
777.35	2360.00
777.54	2361.00
777.73	2288.00
777.92	2359.00
778.11	2297.00
778.29	2300.00
778.48	2257.00
778.67	2332.00
778.86	2382.00
779.05	2267.00
779.24	2324.00
779.43	2289.00
779.61	2370.00
779.80	2345.00
779.99	2288.00
780.18	2338.00
780.37	2297.00
780.56	2215.00
780.74	2316.00
780.93	2300.00
781.12	2361.00
781.31	2348.00
781.50	2360.00
781.69	2324.00
781.87	2338.00
782.06	2413.00
782.25	2336.00
782.44	2304.00
782.63	2330.00
782.82	2375.00
783.00	2302.00
783.19	2330.00
783.38	2376.00
783.57	2417.00
783.76	2345.00
783.95	2309.00
784.13	2255.00
784.32	2324.00
784.51	2276.00
784.70	2241.00
784.89	2286.00
785.08	2397.00
785.26	2350.00
785.45	2452.00
785.64	2408.00
785.83	2353.00
786.02	2390.00
786.20	2399.00
786.39	2332.00
786.58	2326.00
786.77	2391.00
786.96	2395.00
787.15	2430.00
787.33	2392.00
787.52	2309.00
787.71	2347.00
787.90	2443.00
788.09	2355.00
788.27	2434.00
788.46	2407.00
788.65	2349.00
788.84	2402.00
789.03	2398.00
789.21	2465.00
789.40	2423.00
789.59	2366.00
789.78	2479.00
789.97	2471.00
790.15	2498.00
790.34	2505.00
790.53	2437.00
790.72	2476.00
790.91	2558.00
791.09	2491.00
791.28	2464.00
791.47	2451.00
791.66	2404.00
791.85	2549.00
792.03	2567.00
792.22	2546.00
792.41	2493.00
792.60	2442.00
792.79	2548.00
792.97	2480.00
793.16	2549.00
793.35	2520.00
793.54	2505.00
793.72	2516.00
793.91	2504.00
794.10	2610.00
794.29	2516.00
794.48	2512.00
794.66	2618.00
794.85	2582.00
795.04	2593.00
795.23	2488.00
795.42	2552.00
795.60	2503.00
795.79	2541.00
795.98	2605.00
796.17	2582.00
796.35	2582.00
796.54	2484.00
796.73	2531.00
796.92	2566.00
797.11	2541.00
797.29	2481.00
797.48	2544.00
797.67	2533.00
797.86	2569.00
798.04	2512.00
798.23	2501.00
798.42	2508.00
798.61	2480.00
798.79	2600.00
798.98	2602.00
799.17	2603.00
799.36	2546.00
799.54	2534.00
799.73	2534.00
799.92	2463.00
800.11	2467.00
800.30	2439.00
800.48	2549.00
800.67	2493.00
800.86	2599.00
801.05	2556.00
801.23	2549.00
801.42	2588.00
801.61	2518.00
801.80	2588.00
801.98	2658.00
802.17	2632.00
802.36	2626.00
802.55	2629.00
802.73	2572.00
802.92	2579.00
803.11	2594.00
803.30	2663.00
803.48	2622.00
803.67	2560.00
803.86	2597.00
804.05	2591.00
804.23	2585.00
804.42	2625.00
804.61	2614.00
804.80	2572.00
804.98	2614.00
805.17	2565.00
805.36	2700.00
805.54	2637.00
805.73	2606.00
805.92	2581.00
806.11	2602.00
806.29	2662.00
806.48	2674.00
806.67	2549.00
806.86	2540.00
807.04	2559.00
807.23	2529.00
807.42	2565.00
807.61	2677.00
807.79	2654.00
807.98	2638.00
808.17	2685.00
808.35	2683.00
808.54	2640.00
808.73	2621.00
808.92	2619.00
809.10	2601.00
809.29	2507.00
809.48	2544.00
809.67	2501.00
809.85	2627.00
810.04	2653.00
810.23	2615.00
810.41	2672.00
810.60	2553.00
810.79	2523.00
810.98	2670.00
811.16	2595.00
811.35	2592.00
811.54	2583.00
811.72	2604.00
811.91	2623.00
812.10	2563.00
812.29	2518.00
812.47	2581.00
812.66	2558.00
812.85	2564.00
813.03	2596.00
813.22	2609.00
813.41	2568.00
813.60	2613.00
813.78	2636.00
813.97	2560.00
814.16	2499.00
814.34	2572.00
814.53	2583.00
814.72	2582.00
814.90	2522.00
815.09	2626.00
815.28	2500.00
815.47	2567.00
815.65	2527.00
815.84	2673.00
816.03	2543.00
816.21	2578.00
816.40	2638.00
816.59	2612.00
816.77	2597.00
816.96	2590.00
817.15	2657.00
817.33	2651.00
817.52	2628.00
817.71	2677.00
817.90	2677.00
818.08	2588.00
818.27	2570.00
818.46	2632.00
818.64	2543.00
818.83	2583.00
819.02	2722.00
819.20	2695.00
819.39	2702.00
819.58	2615.00
819.76	2571.00
819.95	2599.00
820.14	2672.00
820.32	2635.00
820.51	2603.00
820.70	2613.00
820.88	2633.00
821.07	2588.00
821.26	2583.00
821.44	2614.00
821.63	2654.00
821.82	2590.00
822.01	2614.00
822.19	2608.00
822.38	2619.00
822.57	2639.00
822.75	2585.00
822.94	2581.00
823.13	2582.00
823.31	2526.00
823.50	2621.00
823.69	2533.00
823.87	2534.00
824.06	2625.00
824.25	2495.00
824.43	2416.00
824.62	2450.00
824.80	2545.00
824.99	2586.00
825.18	2549.00
825.36	2512.00
825.55	2555.00
825.74	2550.00
825.92	2543.00
826.11	2548.00
826.30	2466.00
826.48	2503.00
826.67	2481.00
826.86	2405.00
827.04	2404.00
827.23	2547.00
827.42	2525.00
827.60	2512.00
827.79	2441.00
827.98	2448.00
828.16	2388.00
828.35	2538.00
828.54	2450.00
828.72	2425.00
828.91	2518.00
829.09	2486.00
829.28	2457.00
829.47	2511.00
829.65	2485.00
829.84	2421.00
830.03	2473.00
830.21	2455.00
830.40	2452.00
830.59	2344.00
830.77	2409.00
830.96	2419.00
831.14	2413.00
831.33	2460.00
831.52	2334.00
831.70	2388.00
831.89	2334.00
832.08	2357.00
832.26	2376.00
832.45	2423.00
832.64	2518.00
832.82	2509.00
833.01	2440.00
833.19	2404.00
833.38	2252.00
833.57	2313.00
833.75	2359.00
833.94	2344.00
834.13	2478.00
834.31	2402.00
834.50	2387.00
834.68	2413.00
834.87	2422.00
835.06	2385.00
835.24	2361.00
835.43	2311.00
835.61	2291.00
835.80	2375.00
835.99	2314.00
836.17	2333.00
836.36	2292.00
836.55	2349.00
836.73	2521.00
836.92	2421.00
837.10	2267.00
837.29	2286.00
837.48	2261.00
837.66	2313.00
837.85	2389.00
838.03	2396.00
838.22	2299.00
838.41	2325.00
838.59	2395.00
838.78	2283.00
838.96	2228.00
839.15	2286.00
839.34	2380.00
839.52	2317.00
839.71	2346.00
839.89	2364.00
840.08	2231.00
840.27	2364.00
840.45	2373.00
840.64	2277.00
840.82	2232.00
841.01	2279.00
841.20	2170.00
841.38	2259.00
841.57	2240.00
841.75	2254.00
841.94	2219.00
842.13	2269.00
842.31	2222.00
842.50	2222.00
842.68	2195.00
842.87	2140.00
843.05	2137.00
843.24	2129.00
843.43	2055.00
843.61	2153.00
843.80	2136.00
843.98	2176.00
844.17	2160.00
844.36	2198.00
844.54	2007.00
844.73	2086.00
844.91	2168.00
845.10	2144.00
845.28	2063.00
845.47	2055.00
845.66	2091.00
845.84	2092.00
846.03	2140.00
846.21	2093.00
846.40	2012.00
846.58	2043.00
846.77	2020.00
846.96	2050.00
847.14	2037.00
847.33	2034.00
847.51	2023.00
847.70	1974.00
847.88	1985.00
848.07	1961.00
848.25	1991.00
848.44	1962.00
848.63	1993.00
848.81	1966.00
849.00	2034.00
849.18	2069.00
849.37	2029.00
849.55	1985.00
849.74	1989.00
849.93	1991.00
850.11	2055.00
850.30	2028.00
850.48	2020.00
850.67	2023.00
850.85	2011.00
851.04	2038.00
851.22	2036.00
851.41	1930.00
851.59	2005.00
851.78	2057.00
851.97	2047.00
852.15	2024.00
852.34	1975.00
852.52	1969.00
852.71	1886.00
852.89	1871.00
853.08	1984.00
853.26	1992.00
853.45	1957.00
853.63	1887.00
853.82	1864.00
854.01	1970.00
854.19	1940.00
854.38	1887.00
854.56	1963.00
854.75	2010.00
854.93	1897.00
855.12	1842.00
855.30	1825.00
855.49	1855.00
855.67	1891.00
855.86	1871.00
856.04	1971.00
856.23	1907.00
856.41	1916.00
856.60	1948.00
856.79	1838.00
856.97	1924.00
857.16	1907.00
857.34	1942.00
857.53	1870.00
857.71	1849.00
857.90	1836.00
858.08	1823.00
858.27	1833.00
858.45	1819.00
858.64	1869.00
858.82	1806.00
859.01	1864.00
859.19	1841.00
859.38	1761.00
859.56	1794.00
859.75	1785.00
859.93	1798.00
860.12	1836.00
860.30	1802.00
860.49	1749.00
860.67	1865.00
860.86	1841.00
861.04	1796.00
861.23	1817.00
861.41	1804.00
861.60	1794.00
861.78	1860.00
861.97	1894.00
862.15	1749.00
862.34	1716.00
862.53	1671.00
862.71	1660.00
862.90	1763.00
863.08	1777.00
863.27	1716.00
863.45	1655.00
863.64	1662.00
863.82	1666.00
864.01	1671.00
864.19	1722.00
864.37	1685.00
864.56	1655.00
864.74	1677.00
864.93	1633.00
865.11	1623.00
865.30	1706.00
865.48	1727.00
865.67	1758.00
865.85	1639.00
866.04	1678.00
866.22	1695.00
866.41	1672.00
866.59	1643.00
866.78	1635.00
866.96	1615.00
867.15	1640.00
867.33	1588.00
867.52	1594.00
867.70	1613.00
867.89	1578.00
868.07	1604.00
868.26	1572.00
868.44	1521.00
868.63	1528.00
868.81	1563.00
869.00	1650.00
869.18	1634.00
869.37	1589.00
869.55	1582.00
869.74	1623.00
869.92	1635.00
870.10	1601.00
870.29	1575.00
870.47	1541.00
870.66	1497.00
870.84	1526.00
871.03	1573.00
871.21	1565.00
871.40	1513.00
871.58	1507.00
871.77	1563.00
871.95	1542.00
872.14	1506.00
872.32	1579.00
872.51	1597.00
872.69	1596.00
872.87	1541.00
873.06	1493.00
873.24	1490.00
873.43	1504.00
873.61	1468.00
873.80	1435.00
873.98	1458.00
874.17	1555.00
874.35	1544.00
874.54	1470.00
874.72	1464.00
874.90	1523.00
875.09	1518.00
875.27	1454.00
875.46	1457.00
875.64	1466.00
875.83	1468.00
876.01	1547.00
876.20	1543.00
876.38	1544.00
876.56	1479.00
876.75	1522.00
876.93	1586.00
877.12	1548.00
877.30	1466.00
877.49	1507.00
877.67	1499.00
877.86	1395.00
878.04	1430.00
878.22	1469.00
878.41	1427.00
878.59	1372.00
878.78	1287.00
878.96	1339.00
879.15	1424.00
879.33	1498.00
879.51	1484.00
879.70	1412.00
879.88	1402.00
880.07	1452.00
880.25	1441.00
880.44	1536.00
880.62	1490.00
880.80	1475.00
880.99	1362.00
881.17	1395.00
881.36	1408.00
881.54	1445.00
881.73	1419.00
881.91	1431.00
882.09	1411.00
882.28	1420.00
882.46	1450.00
882.65	1422.00
882.83	1396.00
883.02	1364.00
883.20	1424.00
883.38	1351.00
883.57	1413.00
883.75	1396.00
883.94	1332.00
884.12	1376.00
884.30	1363.00
884.49	1466.00
884.67	1406.00
884.86	1464.00
885.04	1406.00
885.22	1375.00
885.41	1299.00
885.59	1435.00
885.78	1462.00
885.96	1415.00
886.14	1452.00
886.33	1433.00
886.51	1411.00
886.70	1327.00
886.88	1328.00
887.06	1378.00
887.25	1402.00
887.43	1289.00
887.62	1365.00
887.80	1384.00
887.98	1293.00
888.17	1389.00
888.35	1423.00
888.54	1414.00
888.72	1426.00
888.90	1389.00
889.09	1484.00
889.27	1361.00
889.46	1401.00
889.64	1339.00
889.82	1331.00
890.01	1334.00
890.19	1401.00
890.38	1429.00
890.56	1386.00
890.74	1313.00
890.93	1333.00
891.11	1435.00
891.29	1429.00
891.48	1389.00
891.66	1317.00
891.85	1318.00
892.03	1316.00
892.21	1428.00
892.40	1469.00
892.58	1395.00
892.76	1355.00
892.95	1288.00
893.13	1330.00
893.32	1499.00
893.50	1400.00
893.68	1379.00
893.87	1308.00
894.05	1305.00
894.23	1282.00
894.42	1300.00
894.60	1372.00
894.79	1428.00
894.97	1386.00
895.15	1423.00
895.34	1450.00
895.52	1462.00
895.70	1406.00
895.89	1377.00
896.07	1397.00
896.25	1389.00
896.44	1381.00
896.62	1399.00
896.81	1447.00
896.99	1359.00
897.17	1405.00
897.36	1426.00
897.54	1416.00
897.72	1409.00
897.91	1401.00
898.09	1421.00
898.27	1485.00
898.46	1468.00
898.64	1429.00
898.82	1390.00
899.01	1418.00
899.19	1455.00
899.37	1458.00
899.56	1416.00
899.74	1457.00
899.92	1429.00
900.11	1397.00
900.29	1431.00
900.47	1454.00
900.66	1506.00
900.84	1456.00
901.03	1342.00
901.21	1414.00
901.39	1491.00
901.58	1549.00
901.76	1504.00
901.94	1453.00
902.13	1463.00
902.31	1464.00
902.49	1481.00
902.68	1504.00
902.86	1515.00
903.04	1422.00
903.23	1446.00
903.41	1536.00
903.59	1522.00
903.78	1558.00
903.96	1501.00
904.14	1509.00
904.32	1580.00
904.51	1537.00
904.69	1459.00
904.87	1501.00
905.06	1524.00
905.24	1488.00
905.42	1509.00
905.61	1431.00
905.79	1402.00
905.97	1510.00
906.16	1522.00
906.34	1504.00
906.52	1522.00
906.71	1491.00
906.89	1455.00
907.07	1479.00
907.26	1526.00
907.44	1477.00
907.62	1476.00
907.81	1520.00
907.99	1547.00
908.17	1511.00
908.35	1586.00
908.54	1548.00
908.72	1530.00
908.90	1451.00
909.09	1559.00
909.27	1515.00
909.45	1520.00
909.64	1449.00
909.82	1438.00
910.00	1483.00
910.18	1433.00
910.37	1570.00
910.55	1568.00
910.73	1513.00
910.92	1547.00
911.10	1531.00
911.28	1509.00
911.47	1520.00
911.65	1467.00
911.83	1546.00
912.01	1570.00
912.20	1523.00
912.38	1526.00
912.56	1531.00
912.75	1565.00
912.93	1519.00
913.11	1475.00
913.29	1457.00
913.48	1503.00
913.66	1574.00
913.84	1481.00
914.03	1471.00
914.21	1410.00
914.39	1436.00
914.57	1529.00
914.76	1488.00
914.94	1433.00
915.12	1521.00
915.31	1568.00
915.49	1481.00
915.67	1462.00
915.85	1511.00
916.04	1422.00
916.22	1392.00
916.40	1452.00
916.58	1453.00
916.77	1414.00
916.95	1415.00
917.13	1440.00
917.32	1424.00
917.50	1474.00
917.68	1545.00
917.86	1436.00
918.05	1426.00
918.23	1420.00
918.41	1461.00
918.59	1432.00
918.78	1374.00
918.96	1397.00
919.14	1402.00
919.32	1348.00
919.51	1374.00
919.69	1385.00
919.87	1415.00
920.05	1397.00
920.24	1386.00
920.42	1441.00
920.60	1425.00
920.78	1410.00
920.97	1349.00
921.15	1465.00
921.33	1458.00
921.52	1303.00
921.70	1325.00
921.88	1316.00
922.06	1340.00
922.24	1339.00
922.43	1385.00
922.61	1326.00
922.79	1354.00
922.97	1426.00
923.16	1442.00
923.34	1390.00
923.52	1341.00
923.70	1389.00
923.89	1315.00
924.07	1305.00
924.25	1397.00
924.43	1336.00
924.62	1192.00
924.80	1364.00
924.98	1364.00
925.16	1342.00
925.35	1388.00
925.53	1386.00
925.71	1340.00
925.89	1322.00
926.08	1283.00
926.26	1316.00
926.44	1309.00
926.62	1294.00
926.80	1269.00
926.99	1201.00
927.17	1348.00
927.35	1352.00
927.53	1325.00
927.72	1267.00
927.90	1291.00
928.08	1248.00
928.26	1288.00
928.44	1305.00
928.63	1301.00
928.81	1259.00
928.99	1320.00
929.17	1246.00
929.36	1216.00
929.54	1346.00
929.72	1278.00
929.90	1202.00
930.08	1281.00
930.27	1220.00
930.45	1135.00
930.63	1185.00
930.81	1239.00
930.99	1214.00
931.18	1086.00
931.36	1155.00
931.54	1232.00
931.72	1171.00
931.90	1161.00
932.09	1113.00
932.27	1195.00
932.45	1130.00
932.63	1089.00
932.81	1155.00
933.00	1263.00
933.18	1161.00
933.36	1137.00
933.54	1170.00
933.72	1212.00
933.91	1142.00
934.09	1063.00
934.27	1070.00
934.45	1049.00
934.63	1052.00
934.82	1041.00
935.00	1099.00
935.18	1023.00
935.36	980.00
935.54	1026.00
935.73	1025.00
935.91	1004.00
936.09	1005.00
936.27	964.00
936.45	943.00
936.64	906.00
936.82	950.00
937.00	969.00
937.18	986.00
937.36	932.00
937.54	899.00
937.73	829.00
937.91	873.00
938.09	915.00
938.27	826.00
938.45	777.00
938.63	799.00
938.82	791.00
939.00	820.00
939.18	711.00
939.36	729.00
939.54	711.00
939.73	726.00
939.91	776.00
940.09	705.00
940.27	713.00
940.45	661.00
940.63	693.00
940.82	694.00
941.00	802.00
941.18	760.00
941.36	702.00
941.54	620.00
941.72	609.00
941.91	691.00
942.09	702.00
942.27	655.00
942.45	668.00
942.63	690.00
942.81	601.00
942.99	611.00
943.18	592.00
943.36	622.00
943.54	525.00
943.72	605.00
943.90	643.00
944.08	606.00
944.27	595.00
944.45	571.00
944.63	552.00
944.81	549.00
944.99	575.00
945.17	557.00
945.35	504.00
945.54	566.00
945.72	577.00
945.90	625.00
946.08	634.00
946.26	572.00
946.44	579.00
946.62	580.00
946.81	586.00
946.99	563.00
947.17	606.00
947.35	559.00
947.53	524.00
947.71	601.00
947.89	585.00
948.07	567.00
948.26	566.00
948.44	582.00
948.62	646.00
948.80	512.00
948.98	550.00
949.16	661.00
949.34	611.00
949.53	603.00
949.71	612.00
949.89	603.00
950.07	564.00
950.25	599.00
950.43	634.00
950.61	618.00
950.79	650.00
950.98	536.00
951.16	578.00
951.34	649.00
951.52	677.00
951.70	633.00
951.88	596.00
952.06	581.00
952.24	599.00
952.42	645.00
952.61	581.00
952.79	614.00
952.97	632.00
953.15	639.00
953.33	509.00
953.51	531.00
953.69	529.00
953.87	594.00
954.05	617.00
954.24	647.00
954.42	597.00
954.60	602.00
954.78	599.00
954.96	626.00
955.14	592.00
955.32	589.00
955.50	609.00
955.68	665.00
955.86	595.00
956.05	582.00
956.23	596.00
956.41	639.00
956.59	534.00
956.77	563.00
956.95	485.00
957.13	564.00
957.31	597.00
957.49	559.00
957.67	494.00
957.86	561.00
958.04	598.00
958.22	588.00
958.40	549.00
958.58	557.00
958.76	530.00
958.94	563.00
959.12	602.00
959.30	610.00
959.48	595.00
959.66	579.00
959.84	538.00
960.03	493.00
960.21	543.00
960.39	496.00
960.57	524.00
960.75	573.00
960.93	552.00
961.11	426.00
961.29	532.00
961.47	520.00
961.65	494.00
961.83	496.00
962.01	493.00
962.19	494.00
962.37	544.00
962.56	503.00
962.74	518.00
962.92	600.00
963.10	559.00
963.28	468.00
963.46	524.00
963.64	545.00
963.82	524.00
964.00	464.00
964.18	492.00
964.36	474.00
964.54	513.00
964.72	464.00
964.90	580.00
965.08	550.00
965.27	495.00
965.45	576.00
965.63	572.00
965.81	564.00
965.99	547.00
966.17	520.00
966.35	540.00
966.53	520.00
966.71	520.00
966.89	452.00
967.07	464.00
967.25	538.00
967.43	564.00
967.61	502.00
967.79	496.00
967.97	536.00
968.15	525.00
968.33	522.00
968.51	539.00
968.69	584.00
968.87	598.00
969.06	459.00
969.24	453.00
969.42	496.00
969.60	486.00
969.78	489.00
969.96	479.00
970.14	524.00
970.32	464.00
970.50	493.00
970.68	460.00
970.86	512.00
971.04	468.00
971.22	550.00
971.40	508.00
971.58	466.00
971.76	522.00
971.94	448.00
972.12	427.00
972.30	454.00
972.48	473.00
972.66	483.00
972.84	408.00
973.02	342.00
973.20	443.00
973.38	510.00
973.56	451.00
973.74	424.00
973.92	425.00
974.10	426.00
974.28	379.00
974.46	344.00
974.64	512.00
974.82	448.00
975.00	435.00
975.18	422.00
975.36	496.00
975.54	490.00
975.72	468.00
975.90	452.00
976.08	425.00
976.26	396.00
976.44	369.00
976.62	438.00
976.80	522.00
976.98	493.00
977.16	446.00
977.34	458.00
977.52	455.00
977.70	467.00
977.88	471.00
978.06	477.00
978.24	459.00
978.42	411.00
978.60	470.00
978.78	415.00
978.96	393.00
979.14	390.00
979.32	452.00
979.50	499.00
979.68	478.00
979.86	432.00
980.04	421.00
980.22	416.00
980.40	505.00
980.58	449.00
980.76	366.00
980.94	366.00
981.12	396.00
981.30	376.00
981.48	396.00
981.66	471.00
981.84	467.00
982.02	432.00
982.20	460.00
982.38	382.00
982.56	387.00
982.74	392.00
982.92	420.00
983.10	416.00
983.28	357.00
983.46	314.00
983.64	368.00
983.82	392.00
984.00	298.00
984.18	342.00
984.36	359.00
984.54	396.00
984.72	374.00
984.90	389.00
985.08	433.00
985.26	354.00
985.44	342.00
985.62	327.00
985.80	365.00
985.98	376.00
986.16	339.00
986.34	331.00
986.51	369.00
986.69	356.00
986.87	326.00
987.05	361.00
987.23	433.00
987.41	442.00
987.59	412.00
987.77	469.00
987.95	408.00
988.13	374.00
988.31	435.00
988.49	426.00
988.67	288.00
988.85	290.00
989.03	313.00
989.21	288.00
989.39	371.00
989.57	386.00
989.75	399.00
989.93	422.00
990.11	340.00
990.28	358.00
990.46	321.00
990.64	327.00
990.82	369.00
991.00	336.00
991.18	349.00
991.36	380.00
991.54	431.00
991.72	344.00
991.90	286.00
992.08	302.00
992.26	380.00
992.44	298.00
992.62	338.00
992.80	317.00
992.98	323.00
993.15	352.00
993.33	333.00
993.51	339.00
993.69	347.00
993.87	321.00
994.05	262.00
994.23	325.00
994.41	291.00
994.59	271.00
994.77	351.00
994.95	393.00
995.13	310.00
995.31	315.00
995.48	351.00
995.66	301.00
995.84	270.00
996.02	247.00
996.20	304.00
996.38	236.00
996.56	292.00
996.74	319.00
996.92	269.00
997.10	278.00
997.28	304.00
997.46	280.00
997.63	267.00
997.81	292.00
997.99	297.00
998.17	246.00
998.35	292.00
998.53	361.00
998.71	346.00
998.89	326.00
999.07	289.00
999.25	302.00
999.43	360.00
999.60	315.00
999.78	325.00
999.96	306.00
1000.14	283.00
1000.32	338.00
1000.50	289.00
1000.68	313.00
1000.86	319.00
1001.04	330.00
1001.21	319.00
1001.39	317.00
1001.57	305.00
1001.75	240.00
1001.93	269.00
1002.11	317.00
1002.29	308.00
1002.47	296.00
1002.65	300.00
1002.82	290.00
1003.00	252.00
1003.18	244.00
1003.36	290.00
1003.54	254.00
1003.72	313.00
1003.90	274.00
1004.08	258.00
1004.26	333.00
1004.43	281.00
1004.61	322.00
1004.79	339.00
1004.97	317.00
1005.15	248.00
1005.33	300.00
1005.51	301.00
1005.69	255.00
1005.86	256.00
1006.04	244.00
1006.22	272.00
1006.40	233.00
1006.58	213.00
1006.76	182.00
1006.94	252.00
1007.12	260.00
1007.29	196.00
1007.47	230.00
1007.65	231.00
1007.83	200.00
1008.01	272.00
1008.19	272.00
1008.37	235.00
1008.54	212.00
1008.72	234.00
1008.90	192.00
1009.08	142.00
1009.26	213.00
1009.44	270.00
1009.62	289.00
1009.79	196.00
1009.97	201.00
1010.15	245.00
1010.33	289.00
1010.51	277.00
1010.69	250.00
1010.87	273.00
1011.04	251.00
1011.22	314.00
1011.40	338.00
1011.58	277.00
1011.76	264.00
1011.94	262.00
1012.11	287.00
1012.29	249.00
1012.47	224.00
1012.65	258.00
1012.83	231.00
1013.01	206.00
1013.18	283.00
1013.36	278.00
1013.54	205.00
1013.72	271.00
1013.90	217.00
1014.08	288.00
1014.25	251.00
1014.43	202.00
1014.61	221.00
1014.79	232.00
1014.97	252.00
1015.15	200.00
1015.32	239.00
1015.50	224.00
1015.68	214.00
1015.86	212.00
1016.04	220.00
1016.22	227.00
1016.39	266.00
1016.57	273.00
1016.75	272.00
1016.93	206.00
1017.11	253.00
1017.29	251.00
1017.46	159.00
1017.64	194.00
1017.82	149.00
1018.00	181.00
1018.18	230.00
1018.35	289.00
1018.53	265.00
1018.71	199.00
1018.89	198.00
1019.07	219.00
1019.24	183.00
1019.42	256.00
1019.60	186.00
1019.78	221.00
1019.96	196.00
1020.14	243.00
1020.31	270.00
1020.49	183.00
1020.67	241.00
1020.85	252.00
1021.03	180.00
1021.20	189.00
1021.38	221.00
1021.56	197.00
1021.74	242.00
1021.92	214.00
1022.09	236.00
1022.27	260.00
1022.45	248.00
1022.63	267.00
1022.81	207.00
1022.98	248.00
1023.16	234.00
1023.34	202.00
1023.52	169.00
1023.69	200.00
1023.87	232.00
1024.05	193.00
1024.23	191.00
1024.41	231.00
1024.58	146.00
1024.76	142.00
1024.94	227.00
1025.12	170.00
1025.30	147.00
1025.47	153.00
1025.65	203.00
1025.83	247.00
1026.01	157.00
1026.18	186.00
1026.36	190.00
1026.54	231.00
1026.72	107.00
1026.90	116.00
1027.07	223.00
1027.25	193.00
1027.43	219.00
1027.61	210.00
1027.78	258.00
1027.96	200.00
1028.14	169.00
1028.32	243.00
1028.49	167.00
1028.67	163.00
1028.85	208.00
1029.03	208.00
1029.21	159.00
1029.38	198.00
1029.56	211.00
1029.74	234.00
1029.92	336.00
1030.09	201.00
1030.27	161.00
1030.45	174.00
1030.63	217.00
1030.80	206.00
1030.98	162.00
1031.16	82.00
1031.34	113.00
1031.51	145.00
1031.69	107.00
1031.87	171.00
1032.05	207.00
1032.22	189.00
1032.40	167.00
1032.58	178.00
1032.76	207.00
1032.93	117.00
1033.11	156.00
1033.29	154.00
1033.47	213.00
1033.64	215.00
1033.82	214.00
1034.00	192.00
1034.18	169.00
1034.35	118.00
1034.53	126.00
1034.71	117.00
1034.89	144.00
1035.06	179.00
1035.24	189.00
1035.42	177.00
1035.59	181.00
1035.77	208.00
1035.95	264.00
1036.13	216.00
1036.30	86.00
1036.48	121.00
1036.66	42.00
1036.84	108.00
1037.01	130.00
1037.19	133.00
1037.37	196.00
1037.54	223.00
1037.72	132.00
1037.90	111.00
1038.08	174.00
1038.25	184.00
1038.43	174.00
1038.61	148.00
1038.79	134.00
1038.96	203.00
1039.14	190.00
1039.32	195.00
1039.49	166.00
1039.67	107.00
1039.85	103.00
1040.03	207.00
1040.20	170.00
1040.38	147.00
1040.56	178.00
1040.73	106.00
1040.91	139.00
1041.09	167.00
1041.27	124.00
1041.44	149.00
1041.62	169.00
1041.80	107.00
1041.97	197.00
1042.15	144.00
1042.33	109.00
1042.50	174.00
1042.68	146.00
1042.86	125.00
1043.04	202.00
1043.21	207.00
1043.39	165.00
1043.57	131.00
1043.74	120.00
1043.92	141.00
1044.10	161.00
1044.27	108.00
1044.45	99.00
1044.63	136.00
1044.80	126.00
1044.98	111.00
1045.16	122.00
1045.34	116.00
1045.51	194.00
1045.69	173.00
1045.87	100.00
1046.04	185.00
1046.22	206.00
1046.40	151.00
1046.57	110.00
1046.75	134.00
1046.93	116.00
1047.10	195.00
1047.28	132.00
1047.46	59.00
1047.63	75.00
1047.81	124.00
1047.99	104.00
1048.16	132.00
1048.34	76.00
1048.52	105.00
1048.69	146.00
1048.87	132.00
1049.05	194.00
1049.22	226.00
1049.40	185.00
1049.58	109.00
1049.75	124.00
1049.93	95.00
1050.11	107.00
1050.28	143.00
1050.46	189.00
1050.64	152.00
1050.81	109.00
1050.99	231.00
1051.17	142.00
1051.34	49.00
1051.52	110.00
1051.70	112.00
1051.87	197.00
1052.05	107.00
1052.23	168.00
1052.40	191.00
1052.58	154.00
1052.76	132.00
1052.93	221.00
1053.11	196.00
1053.29	177.00
1053.46	225.00
1053.64	186.00
1053.82	152.00
1053.99	72.00
1054.17	85.00
1054.35	124.00
1054.52	125.00
1054.70	116.00
1054.87	148.00
1055.05	102.00
1055.23	128.00
1055.40	151.00
1055.58	150.00
1055.76	80.00
1055.93	103.00
1056.11	148.00
1056.29	62.00
1056.46	107.00
1056.64	140.00
1056.81	122.00
1056.99	98.00
1057.17	103.00
1057.34	104.00
1057.52	126.00
1057.70	103.00
1057.87	83.00
1058.05	141.00
1058.22	88.00
1058.40	123.00
1058.58	127.00
1058.75	88.00
1058.93	87.00
1059.11	88.00
1059.28	113.00
1059.46	132.00
1059.63	144.00
1059.81	68.00
1059.99	94.00
1060.16	122.00
1060.34	112.00
1060.52	112.00
1060.69	88.00
1060.87	81.00
1061.04	123.00
1061.22	110.00
