367.62	295.00
367.82	380.00
368.02	277.00
368.23	281.00
368.43	309.00
368.63	327.00
368.83	304.00
369.04	296.00
369.24	270.00
369.44	343.00
369.65	376.00
369.85	398.00
370.05	430.00
370.25	407.00
370.46	394.00
370.66	374.00
370.86	371.00
371.07	449.00
371.27	457.00
371.47	379.00
371.67	445.00
371.88	455.00
372.08	425.00
372.28	434.00
372.49	458.00
372.69	474.00
372.89	445.00
373.09	492.00
373.30	523.00
373.50	565.00
373.70	549.00
373.91	573.00
374.11	532.00
374.31	612.00
374.51	617.00
374.72	569.00
374.92	476.00
375.12	548.00
375.33	632.00
375.53	547.00
375.73	569.00
375.93	610.00
376.14	650.00
376.34	694.00
376.54	744.00
376.74	659.00
376.95	667.00
377.15	687.00
377.35	663.00
377.55	670.00
377.76	717.00
377.96	724.00
378.16	715.00
378.37	716.00
378.57	799.00
378.77	787.00
378.97	854.00
379.18	867.00
379.38	780.00
379.58	771.00
379.78	761.00
379.99	861.00
380.19	843.00
380.39	794.00
380.59	823.00
380.80	799.00
381.00	802.00
381.20	771.00
381.40	773.00
381.61	801.00
381.81	778.00
382.01	821.00
382.21	856.00
382.42	895.00
382.62	873.00
382.82	923.00
383.02	943.00
383.23	848.00
383.43	818.00
383.63	856.00
383.83	835.00
384.04	847.00
384.24	836.00
384.44	837.00
384.64	864.00
384.85	833.00
385.05	862.00
385.25	866.00
385.45	832.00
385.66	858.00
385.86	914.00
386.06	959.00
386.26	923.00
386.47	868.00
386.67	911.00
386.87	839.00
387.07	870.00
387.27	849.00
387.48	938.00
387.68	849.00
387.88	897.00
388.08	911.00
388.29	879.00
388.49	957.00
388.69	936.00
388.89	958.00
389.10	939.00
389.30	975.00
389.50	919.00
389.70	918.00
389.90	855.00
390.11	936.00
390.31	964.00
390.51	961.00
390.71	1019.00
390.92	1062.00
391.12	1090.00
391.32	1096.00
391.52	1114.00
391.72	1068.00
391.93	1027.00
392.13	1081.00
392.33	1154.00
392.53	1159.00
392.74	1190.00
392.94	1126.00
393.14	1165.00
393.34	1213.00
393.54	1318.00
393.75	1389.00
393.95	1329.00
394.15	1291.00
394.35	1328.00
394.56	1205.00
394.76	1266.00
394.96	1400.00
395.16	1469.00
395.36	1450.00
395.57	1353.00
395.77	1407.00
395.97	1488.00
396.17	1478.00
396.37	1443.00
396.58	1641.00
396.78	1650.00
396.98	1600.00
397.18	1747.00
397.38	1728.00
397.59	1730.00
397.79	1739.00
397.99	1768.00
398.19	1754.00
398.39	1788.00
398.60	1869.00
398.80	1869.00
399.00	1982.00
399.20	2045.00
399.40	2032.00
399.61	2058.00
399.81	2188.00
400.01	2155.00
400.21	2140.00
400.41	2226.00
400.62	2199.00
400.82	2240.00
401.02	2271.00
401.22	2296.00
401.42	2267.00
401.63	2288.00
401.83	2430.00
402.03	2402.00
402.23	2474.00
402.43	2512.00
402.64	2608.00
402.84	2647.00
403.04	2579.00
403.24	2525.00
403.44	2526.00
403.64	2584.00
403.85	2615.00
404.05	2648.00
404.25	2711.00
404.45	2853.00
404.65	2742.00
404.86	2662.00
405.06	2814.00
405.26	2776.00
405.46	2893.00
405.66	2827.00
405.86	2743.00
406.07	2833.00
406.27	2878.00
406.47	2885.00
406.67	2934.00
406.87	2910.00
407.07	2858.00
407.28	2751.00
407.48	2725.00
407.68	2863.00
407.88	2963.00
408.08	2947.00
408.28	2902.00
408.49	2870.00
408.69	3011.00
408.89	3022.00
409.09	2882.00
409.29	2831.00
409.49	2977.00
409.70	3046.00
409.90	2949.00
410.10	2991.00
410.30	3049.00
410.50	3030.00
410.70	2953.00
410.91	3026.00
411.11	3103.00
411.31	3028.00
411.51	3045.00
411.71	3045.00
411.91	3073.00
412.12	3079.00
412.32	3100.00
412.52	3180.00
412.72	3209.00
412.92	3175.00
413.12	3164.00
413.32	3144.00
413.53	3232.00
413.73	3238.00
413.93	3279.00
414.13	3324.00
414.33	3242.00
414.53	3338.00
414.74	3329.00
414.94	3321.00
415.14	3352.00
415.34	3307.00
415.54	3291.00
415.74	3399.00
415.94	3483.00
416.15	3556.00
416.35	3495.00
416.55	3500.00
416.75	3529.00
416.95	3607.00
417.15	3656.00
417.35	3631.00
417.56	3772.00
417.76	3737.00
417.96	3733.00
418.16	3802.00
418.36	3867.00
418.56	3892.00
418.76	3972.00
418.97	4001.00
419.17	4147.00
419.37	4215.00
419.57	4162.00
419.77	4152.00
419.97	4198.00
420.17	4285.00
420.37	4344.00
420.58	4365.00
420.78	4336.00
420.98	4465.00
421.18	4475.00
421.38	4492.00
421.58	4608.00
421.78	4664.00
421.98	4805.00
422.19	4847.00
422.39	4832.00
422.59	4886.00
422.79	5114.00
422.99	5117.00
423.19	5146.00
423.39	5314.00
423.59	5387.00
423.80	5437.00
424.00	5465.00
424.20	5405.00
424.40	5549.00
424.60	5549.00
424.80	5628.00
425.00	5655.00
425.20	5797.00
425.40	5853.00
425.61	5806.00
425.81	5908.00
426.01	6061.00
426.21	6141.00
426.41	6185.00
426.61	6191.00
426.81	6260.00
427.01	6283.00
427.21	6413.00
427.42	6499.00
427.62	6452.00
427.82	6656.00
428.02	6648.00
428.22	6767.00
428.42	6767.00
428.62	6764.00
428.82	6774.00
429.02	6870.00
429.23	7055.00
429.43	6900.00
429.63	7030.00
429.83	7143.00
430.03	7105.00
430.23	7061.00
430.43	7232.00
430.63	7363.00
430.83	7193.00
431.03	7206.00
431.24	7297.00
431.44	7354.00
431.64	7222.00
431.84	7335.00
432.04	7379.00
432.24	7365.00
432.44	7257.00
432.64	7323.00
432.84	7319.00
433.04	7300.00
433.24	7319.00
433.45	7291.00
433.65	7441.00
433.85	7474.00
434.05	7360.00
434.25	7252.00
434.45	7255.00
434.65	7429.00
434.85	7451.00
435.05	7276.00
435.25	7244.00
435.45	7346.00
435.65	7322.00
435.86	7235.00
436.06	7368.00
436.26	7352.00
436.46	7329.00
436.66	7279.00
436.86	7268.00
437.06	7186.00
437.26	7146.00
437.46	7221.00
437.66	7342.00
437.86	7222.00
438.06	7097.00
438.26	7049.00
438.47	6995.00
438.67	7057.00
438.87	7085.00
439.07	7137.00
439.27	6983.00
439.47	6941.00
439.67	7109.00
439.87	7109.00
440.07	7054.00
440.27	6871.00
440.47	7002.00
440.67	7094.00
440.87	7134.00
441.07	6975.00
441.27	6980.00
441.48	7033.00
441.68	7093.00
441.88	7147.00
442.08	7276.00
442.28	7236.00
442.48	7128.00
442.68	7173.00
442.88	7419.00
443.08	7276.00
443.28	7216.00
443.48	7254.00
443.68	7288.00
443.88	7210.00
444.08	7308.00
444.28	7298.00
444.48	7241.00
444.68	7396.00
444.88	7447.00
445.09	7244.00
445.29	7417.00
445.49	7621.00
445.69	7622.00
445.89	7583.00
446.09	7550.00
446.29	7667.00
446.49	7629.00
446.69	7795.00
446.89	7875.00
447.09	7869.00
447.29	7961.00
447.49	7948.00
447.69	7925.00
447.89	8069.00
448.09	8068.00
448.29	8098.00
448.49	8178.00
448.69	8214.00
448.89	8377.00
449.09	8312.00
449.29	8397.00
449.49	8549.00
449.70	8663.00
449.90	8548.00
450.10	8694.00
450.30	8832.00
450.50	8743.00
450.70	8931.00
450.90	9106.00
451.10	9109.00
451.30	9196.00
451.50	9320.00
451.70	9374.00
451.90	9339.00
452.10	9572.00
452.30	9726.00
452.50	9660.00
452.70	9869.00
452.90	9923.00
453.10	10218.00
453.30	10193.00
453.50	10134.00
453.70	10429.00
453.90	10518.00
454.10	10613.00
454.30	10619.00
454.50	10857.00
454.70	10833.00
454.90	10945.00
455.10	11107.00
455.30	11218.00
455.50	11360.00
455.70	11471.00
455.90	11526.00
456.10	11659.00
456.30	11575.00
456.50	11760.00
456.70	11960.00
456.90	11877.00
457.10	12117.00
457.30	12415.00
457.50	12398.00
457.70	12392.00
457.90	12347.00
458.10	12503.00
458.30	12529.00
458.50	12677.00
458.70	12902.00
458.90	12977.00
459.10	13004.00
459.30	13012.00
459.50	13094.00
459.70	13045.00
459.90	13203.00
460.10	13270.00
460.30	13292.00
460.50	13445.00
460.70	13458.00
460.90	13402.00
461.10	13493.00
461.30	13432.00
461.50	13445.00
461.70	13641.00
461.90	13721.00
462.10	13757.00
462.30	13696.00
462.50	13747.00
462.70	13925.00
462.90	13826.00
463.10	13789.00
463.30	13938.00
463.50	13889.00
463.70	13822.00
463.90	13851.00
464.10	13961.00
464.30	13909.00
464.50	13948.00
464.70	13915.00
464.90	14010.00
465.10	13888.00
465.30	13938.00
465.50	14016.00
465.70	13906.00
465.90	13847.00
466.10	13788.00
466.30	13775.00
466.50	13616.00
466.70	13657.00
466.90	13798.00
467.10	13698.00
467.30	13562.00
467.50	13536.00
467.70	13485.00
467.90	13435.00
468.10	13409.00
468.30	13523.00
468.50	13376.00
468.70	13157.00
468.90	13337.00
469.10	13408.00
469.30	13479.00
469.50	13416.00
469.70	13403.00
469.90	13354.00
470.10	13390.00
470.30	13347.00
470.50	13416.00
470.70	13285.00
470.90	13191.00
471.10	13273.00
471.29	13273.00
471.49	13178.00
471.69	12999.00
471.89	12994.00
472.09	13189.00
472.29	13105.00
472.49	13163.00
472.69	13168.00
472.89	13231.00
473.09	13146.00
473.29	13070.00
473.49	13112.00
473.69	13156.00
473.89	12987.00
474.09	13101.00
474.29	13077.00
474.49	13022.00
474.69	13008.00
474.89	13086.00
475.09	13159.00
475.29	13106.00
475.49	13049.00
475.69	12912.00
475.88	13211.00
476.08	13114.00
476.28	13213.00
476.48	13229.00
476.68	13364.00
476.88	13259.00
477.08	13263.00
477.28	13342.00
477.48	13563.00
477.68	13594.00
477.88	13529.00
478.08	13470.00
478.28	13645.00
478.48	13707.00
478.68	13503.00
478.88	13643.00
479.08	13557.00
479.28	13723.00
479.47	13755.00
479.67	13830.00
479.87	13831.00
480.07	13911.00
480.27	13919.00
480.47	13903.00
480.67	14149.00
480.87	14172.00
481.07	14242.00
481.27	14282.00
481.47	14502.00
481.67	14746.00
481.87	14692.00
482.07	14639.00
482.27	14727.00
482.46	14925.00
482.66	14877.00
482.86	14964.00
483.06	14921.00
483.26	15032.00
483.46	15176.00
483.66	15294.00
483.86	15456.00
484.06	15765.00
484.26	15722.00
484.46	15874.00
484.66	15955.00
484.86	16048.00
485.05	16036.00
485.25	16229.00
485.45	16431.00
485.65	16447.00
485.85	16422.00
486.05	16644.00
486.25	16874.00
486.45	16993.00
486.65	17039.00
486.85	17121.00
487.05	17410.00
487.25	17321.00
487.44	17650.00
487.64	17871.00
487.84	17896.00
488.04	18133.00
488.24	18260.00
488.44	18351.00
488.64	18632.00
488.84	18486.00
489.04	18634.00
489.24	18886.00
489.43	19142.00
489.63	19342.00
489.83	19491.00
490.03	19421.00
490.23	19373.00
490.43	19427.00
490.63	19849.00
490.83	20105.00
491.03	20235.00
491.23	20431.00
491.42	20535.00
491.62	20586.00
491.82	20709.00
492.02	20717.00
492.22	20889.00
492.42	21165.00
492.62	21465.00
492.82	21499.00
493.02	21661.00
493.22	21946.00
493.41	21897.00
493.61	22034.00
493.81	22076.00
494.01	22232.00
494.21	22415.00
494.41	22603.00
494.61	22751.00
494.81	22896.00
495.01	22874.00
495.20	22992.00
495.40	23348.00
495.60	23274.00
495.80	23292.00
496.00	23393.00
496.20	23752.00
496.40	23468.00
496.60	23623.00
496.79	23744.00
496.99	23802.00
497.19	24008.00
497.39	23974.00
497.59	24223.00
497.79	24186.00
497.99	24317.00
498.19	24506.00
498.38	24337.00
498.58	24403.00
498.78	24597.00
498.98	24367.00
499.18	24659.00
499.38	24899.00
499.58	24923.00
499.78	24972.00
499.97	24852.00
500.17	24956.00
500.37	24669.00
500.57	24586.00
500.77	24796.00
500.97	24734.00
501.17	24952.00
501.37	24934.00
501.56	24929.00
501.76	24798.00
501.96	24887.00
502.16	24674.00
502.36	24529.00
502.56	24539.00
502.76	24731.00
502.95	24736.00
503.15	24673.00
503.35	24470.00
503.55	24270.00
503.75	24510.00
503.95	24492.00
504.15	24387.00
504.34	24373.00
504.54	24341.00
504.74	24293.00
504.94	24310.00
505.14	24368.00
505.34	24067.00
505.54	24154.00
505.73	23902.00
505.93	23863.00
506.13	23986.00
506.33	23973.00
506.53	24205.00
506.73	24157.00
506.92	24156.00
507.12	23979.00
507.32	23759.00
507.52	23706.00
507.72	23633.00
507.92	23626.00
508.12	23535.00
508.31	23618.00
508.51	23611.00
508.71	23379.00
508.91	23549.00
509.11	23336.00
509.31	23327.00
509.50	23467.00
509.70	23506.00
509.90	23264.00
510.10	23110.00
510.30	23286.00
510.50	23180.00
510.69	23143.00
510.89	22984.00
511.09	22963.00
511.29	23165.00
511.49	23126.00
511.69	22966.00
511.88	23034.00
512.08	23168.00
512.28	23117.00
512.48	23233.00
512.68	23107.00
512.88	23113.00
513.07	22848.00
513.27	22919.00
513.47	22937.00
513.67	22876.00
513.87	22888.00
514.06	23054.00
514.26	23067.00
514.46	23079.00
514.66	22860.00
514.86	22916.00
515.06	23131.00
515.25	23118.00
515.45	23227.00
515.65	23322.00
515.85	23150.00
516.05	23117.00
516.24	23227.00
516.44	23170.00
516.64	23343.00
516.84	23303.00
517.04	23281.00
517.23	23326.00
517.43	23601.00
517.63	23654.00
517.83	23486.00
518.03	23172.00
518.23	23545.00
518.42	23681.00
518.62	23915.00
518.82	23857.00
519.02	23818.00
519.22	23731.00
519.41	23820.00
519.61	23930.00
519.81	24287.00
520.01	24201.00
520.21	24084.00
520.40	24154.00
520.60	24221.00
520.80	24468.00
521.00	24822.00
521.20	24988.00
521.39	24753.00
521.59	24751.00
521.79	24782.00
521.99	24909.00
522.19	25100.00
522.38	25097.00
522.58	25277.00
522.78	25357.00
522.98	25615.00
523.17	25824.00
523.37	25715.00
523.57	25896.00
523.77	26057.00
523.97	26164.00
524.16	26280.00
524.36	26517.00
524.56	26794.00
524.76	26885.00
524.96	27038.00
525.15	27076.00
525.35	26948.00
525.55	27321.00
525.75	27449.00
525.94	27925.00
526.14	27938.00
526.34	27984.00
526.54	28343.00
526.74	28363.00
526.93	28418.00
527.13	28581.00
527.33	28558.00
527.53	28649.00
527.72	28788.00
527.92	29211.00
528.12	29661.00
528.32	29441.00
528.52	29904.00
528.71	29890.00
528.91	30026.00
529.11	30141.00
529.31	30361.00
529.50	30566.00
529.70	30849.00
529.90	31069.00
530.10	31191.00
530.29	31321.00
530.49	31343.00
530.69	31581.00
530.89	31870.00
531.09	31877.00
531.28	32134.00
531.48	32488.00
531.68	32613.00
531.88	32809.00
532.07	33087.00
532.27	33465.00
532.47	33634.00
532.67	33579.00
532.86	33735.00
533.06	34073.00
533.26	34025.00
533.46	34289.00
533.65	34193.00
533.85	34724.00
534.05	34872.00
534.25	34886.00
534.44	35051.00
534.64	35410.00
534.84	35280.00
535.04	35376.00
535.23	35535.00
535.43	35838.00
535.63	36141.00
535.83	36198.00
536.02	36280.00
536.22	36413.00
536.42	36649.00
536.62	36724.00
536.81	36701.00
537.01	36804.00
537.21	37158.00
537.41	37245.00
537.60	37258.00
537.80	37526.00
538.00	37512.00
538.20	37857.00
538.39	37865.00
538.59	37833.00
538.79	37991.00
538.99	38066.00
539.18	38058.00
539.38	38233.00
539.58	38215.00
539.77	38550.00
539.97	38579.00
540.17	38559.00
540.37	38890.00
540.56	38876.00
540.76	39005.00
540.96	39164.00
541.16	38936.00
541.35	38989.00
541.55	39298.00
541.75	39030.00
541.94	39142.00
542.14	39172.00
542.34	39125.00
542.54	39059.00
542.73	39187.00
542.93	39153.00
543.13	39376.00
543.33	39277.00
543.52	39363.00
543.72	39316.00
543.92	39535.00
544.11	39600.00
544.31	39200.00
544.51	39196.00
544.71	39324.00
544.90	39163.00
545.10	39212.00
545.30	39006.00
545.49	38912.00
545.69	38694.00
545.89	38914.00
546.09	38766.00
546.28	38663.00
546.48	38586.00
546.68	38549.00
546.87	38381.00
547.07	38511.00
547.27	38476.00
547.47	38377.00
547.66	38232.00
547.86	38174.00
548.06	38264.00
548.25	38146.00
548.45	38185.00
548.65	38084.00
548.84	38107.00
549.04	38064.00
549.24	38133.00
549.44	38084.00
549.63	38130.00
549.83	38047.00
550.03	38138.00
550.22	38048.00
550.42	37966.00
550.62	37827.00
550.81	37760.00
551.01	37777.00
551.21	37420.00
551.41	37505.00
551.60	37545.00
551.80	37550.00
552.00	37381.00
552.19	37366.00
552.39	37089.00
552.59	37118.00
552.78	36727.00
552.98	36504.00
553.18	36233.00
553.37	36061.00
553.57	36325.00
553.77	36465.00
553.96	36286.00
554.16	36328.00
554.36	36382.00
554.56	36306.00
554.75	36187.00
554.95	36073.00
555.15	35804.00
555.34	35913.00
555.54	35673.00
555.74	35869.00
555.93	35850.00
556.13	35906.00
556.33	35614.00
556.52	35631.00
556.72	35473.00
556.92	35405.00
557.11	35145.00
557.31	34773.00
557.51	34741.00
557.70	34246.00
557.90	33713.00
558.10	33554.00
558.29	33253.00
558.49	33123.00
558.69	32933.00
558.88	32780.00
559.08	32781.00
559.28	32357.00
559.47	32342.00
559.67	32394.00
559.87	32162.00
560.06	32145.00
560.26	32177.00
560.46	31831.00
560.65	31733.00
560.85	31891.00
561.05	32027.00
561.24	31949.00
561.44	31934.00
561.64	32146.00
561.83	32400.00
562.03	32639.00
562.23	33198.00
562.42	33453.00
562.62	33459.00
562.82	33748.00
563.01	34037.00
563.21	34221.00
563.40	34210.00
563.60	34690.00
563.80	34710.00
563.99	35063.00
564.19	35485.00
564.39	35841.00
564.58	35815.00
564.78	36067.00
564.98	35962.00
565.17	36194.00
565.37	36206.00
565.57	36240.00
565.76	36229.00
565.96	36067.00
566.16	36121.00
566.35	36305.00
566.55	36480.00
566.74	36549.00
566.94	36990.00
567.14	37290.00
567.33	37258.00
567.53	37350.00
567.73	37602.00
567.92	37161.00
568.12	36893.00
568.32	36697.00
568.51	36689.00
568.71	36805.00
568.90	36824.00
569.10	36854.00
569.30	37045.00
569.49	37165.00
569.69	36831.00
569.89	36522.00
570.08	36671.00
570.28	36515.00
570.47	36313.00
570.67	36442.00
570.87	36775.00
571.06	36780.00
571.26	36953.00
571.46	37166.00
571.65	37105.00
571.85	37208.00
572.04	37472.00
572.24	37521.00
572.44	37631.00
572.63	37741.00
572.83	37714.00
573.03	37778.00
573.22	38037.00
573.42	38275.00
573.61	38612.00
573.81	38821.00
574.01	38713.00
574.20	39001.00
574.40	38918.00
574.59	39034.00
574.79	39401.00
574.99	39827.00
575.18	39734.00
575.38	39889.00
575.58	39825.00
575.77	40049.00
575.97	40493.00
576.16	40799.00
576.36	40862.00
576.56	41188.00
576.75	41113.00
576.95	40915.00
577.14	41277.00
577.34	41271.00
577.54	41274.00
577.73	41659.00
577.93	41574.00
578.12	41836.00
578.32	42078.00
578.52	42109.00
578.71	42535.00
578.91	42617.00
579.10	42618.00
579.30	42801.00
579.50	42948.00
579.69	43050.00
579.89	43406.00
580.08	43741.00
580.28	43854.00
580.48	44290.00
580.67	44625.00
580.87	44521.00
581.06	44544.00
581.26	44931.00
581.45	45009.00
581.65	45034.00
581.85	45079.00
582.04	45270.00
582.24	45471.00
582.43	45614.00
582.63	45657.00
582.83	45841.00
583.02	45867.00
583.22	46367.00
583.41	46509.00
583.61	46528.00
583.80	46629.00
584.00	46712.00
584.20	46859.00
584.39	46985.00
584.59	47216.00
584.78	47684.00
584.98	47776.00
585.17	47809.00
585.37	48046.00
585.57	48178.00
585.76	48538.00
585.96	48994.00
586.15	49280.00
586.35	49463.00
586.54	49161.00
586.74	49623.00
586.94	49659.00
587.13	49860.00
587.33	50087.00
587.52	50662.00
587.72	51016.00
587.91	51465.00
588.11	51722.00
588.31	51813.00
588.50	51637.00
588.70	51636.00
588.89	52016.00
589.09	51927.00
589.28	52021.00
589.48	52241.00
589.68	52674.00
589.87	52958.00
590.07	53205.00
590.26	53324.00
590.46	53494.00
590.65	53647.00
590.85	53769.00
591.04	53407.00
591.24	53492.00
591.44	53635.00
591.63	53754.00
591.83	54101.00
592.02	53896.00
592.22	54102.00
592.41	54248.00
592.61	54633.00
592.80	54830.00
593.00	55026.00
593.19	55089.00
593.39	55248.00
593.59	54961.00
593.78	54949.00
593.98	54967.00
594.17	55123.00
594.37	55234.00
594.56	55706.00
594.76	55812.00
594.95	56038.00
595.15	56309.00
595.34	56337.00
595.54	56355.00
595.73	56326.00
595.93	56303.00
596.13	56261.00
596.32	55937.00
596.52	55852.00
596.71	56209.00
596.91	56211.00
597.10	56140.00
597.30	56194.00
597.49	56304.00
597.69	56302.00
597.88	56643.00
598.08	56658.00
598.27	56453.00
598.47	56310.00
598.66	56281.00
598.86	56107.00
599.06	55779.00
599.25	55516.00
599.45	55733.00
599.64	56009.00
599.84	55709.00
600.03	55507.00
600.23	55316.00
600.42	55340.00
600.62	55255.00
600.81	55221.00
601.01	54964.00
601.20	55006.00
601.40	54988.00
601.59	54391.00
601.79	54179.00
601.98	53786.00
602.18	53501.00
602.37	53442.00
602.57	53291.00
602.76	53433.00
602.96	53429.00
603.15	53386.00
603.35	53089.00
603.54	52711.00
603.74	52366.00
603.93	52092.00
604.13	51999.00
604.32	51748.00
604.52	51571.00
604.71	51371.00
604.91	51334.00
605.10	51271.00
605.30	50832.00
605.49	50689.00
605.69	50437.00
605.88	50307.00
606.08	50045.00
606.27	49918.00
606.47	49842.00
606.66	49407.00
606.86	49039.00
607.05	48704.00
607.25	48621.00
607.44	48841.00
607.64	48776.00
607.83	48146.00
608.03	48164.00
608.22	48315.00
608.42	48264.00
608.61	47618.00
608.81	47597.00
609.00	47264.00
609.20	47038.00
609.39	46628.00
609.59	46757.00
609.78	46417.00
609.98	46008.00
610.17	45837.00
610.37	45708.00
610.56	45657.00
610.76	45689.00
610.95	45604.00
611.15	45415.00
611.34	45318.00
611.54	45018.00
611.73	45064.00
611.93	44768.00
612.12	44599.00
612.32	44357.00
612.51	44307.00
612.71	44010.00
612.90	43794.00
613.09	43778.00
613.29	43960.00
613.48	43972.00
613.68	43857.00
613.87	44069.00
614.07	43851.00
614.26	43364.00
614.46	43560.00
614.65	43077.00
614.85	43115.00
615.04	42886.00
615.24	42980.00
615.43	42734.00
615.63	42655.00
615.82	42558.00
616.02	42529.00
616.21	42690.00
616.40	42421.00
616.60	42295.00
616.79	42439.00
616.99	42421.00
617.18	42449.00
617.38	42037.00
617.57	41810.00
617.77	41762.00
617.96	41751.00
618.16	41969.00
618.35	42117.00
618.54	42047.00
618.74	41745.00
618.93	41846.00
619.13	42053.00
619.32	42154.00
619.52	42035.00
619.71	42225.00
619.91	42307.00
620.10	42350.00
620.30	42203.00
620.49	42005.00
620.68	42029.00
620.88	42070.00
621.07	42177.00
621.27	41860.00
621.46	42026.00
621.66	42178.00
621.85	42287.00
622.05	42307.00
622.24	42330.00
622.43	42371.00
622.63	42403.00
622.82	42650.00
623.02	42676.00
623.21	42815.00
623.41	42762.00
623.60	42725.00
623.80	42741.00
623.99	42570.00
624.18	42879.00
624.38	42885.00
624.57	42930.00
624.77	43264.00
624.96	43367.00
625.16	43357.00
625.35	43570.00
625.54	43785.00
625.74	44048.00
625.93	44055.00
626.13	44219.00
626.32	44405.00
626.52	44444.00
626.71	44516.00
626.90	44322.00
627.10	44404.00
627.29	44711.00
627.49	44664.00
627.68	44684.00
627.88	44817.00
628.07	45550.00
628.26	45792.00
628.46	45890.00
628.65	46220.00
628.85	46240.00
629.04	46441.00
629.23	46366.00
629.43	46131.00
629.62	46110.00
629.82	46458.00
630.01	46585.00
630.21	46755.00
630.40	46892.00
630.59	47609.00
630.79	47531.00
630.98	47515.00
631.18	47789.00
631.37	48036.00
631.56	48567.00
631.76	48662.00
631.95	48744.00
632.15	48876.00
632.34	48922.00
632.53	49184.00
632.73	49231.00
632.92	49518.00
633.12	49684.00
633.31	49815.00
633.50	50018.00
633.70	50073.00
633.89	50419.00
634.09	50656.00
634.28	50582.00
634.47	51189.00
634.67	51222.00
634.86	51376.00
635.06	51750.00
635.25	52013.00
635.44	51726.00
635.64	51805.00
635.83	52020.00
636.03	52041.00
636.22	52196.00
636.41	52301.00
636.61	53060.00
636.80	53184.00
637.00	53273.00
637.19	53468.00
637.38	53664.00
637.58	53770.00
637.77	54020.00
637.96	54581.00
638.16	54852.00
638.35	55478.00
638.55	55271.00
638.74	55444.00
638.93	55778.00
639.13	55966.00
639.32	55649.00
639.51	55813.00
639.71	56474.00
639.90	56437.00
640.10	56429.00
640.29	56513.00
640.48	56779.00
640.68	57105.00
640.87	57707.00
641.07	57536.00
641.26	57694.00
641.45	57624.00
641.65	57988.00
641.84	58021.00
642.03	57968.00
642.23	58209.00
642.42	58414.00
642.61	58838.00
642.81	59034.00
643.00	59188.00
643.20	59156.00
643.39	59157.00
643.58	59071.00
643.78	59301.00
643.97	59524.00
644.16	59740.00
644.36	60138.00
644.55	60641.00
644.74	60622.00
644.94	60944.00
645.13	61074.00
645.33	61025.00
645.52	60937.00
645.71	60969.00
645.91	61236.00
646.10	61037.00
646.29	61372.00
646.49	61241.00
646.68	61249.00
646.87	61246.00
647.07	61567.00
647.26	61794.00
647.45	61962.00
647.65	62095.00
647.84	62337.00
648.03	62327.00
648.23	62551.00
648.42	62483.00
648.62	62813.00
648.81	62747.00
649.00	62658.00
649.20	62698.00
649.39	62507.00
649.58	62591.00
649.78	62409.00
649.97	62471.00
650.16	62247.00
650.36	62348.00
650.55	62679.00
650.74	62787.00
650.94	63000.00
651.13	63214.00
651.32	63426.00
651.52	63487.00
651.71	63580.00
651.90	63712.00
652.10	63727.00
652.29	63743.00
652.48	63686.00
652.68	63632.00
652.87	63538.00
653.06	63442.00
653.26	63461.00
653.45	63353.00
653.64	63402.00
653.84	63357.00
654.03	63481.00
654.22	63660.00
654.42	63754.00
654.61	63821.00
654.80	63710.00
654.99	63800.00
655.19	63884.00
655.38	63987.00
655.57	63989.00
655.77	63995.00
655.96	63898.00
656.15	63730.00
656.35	63432.00
656.54	63401.00
656.73	63126.00
656.93	62961.00
657.12	62653.00
657.31	62660.00
657.51	62751.00
657.70	62687.00
657.89	62676.00
658.09	62972.00
658.28	63184.00
658.47	63122.00
658.66	63037.00
658.86	63094.00
659.05	63062.00
659.24	62786.00
659.44	62825.00
659.63	62715.00
659.82	62641.00
660.02	62519.00
660.21	62273.00
660.40	61911.00
660.60	61663.00
660.79	61463.00
660.98	61316.00
661.17	61329.00
661.37	61458.00
661.56	60962.00
661.75	61060.00
661.95	61058.00
662.14	61096.00
662.33	61159.00
662.52	61635.00
662.72	61390.00
662.91	61461.00
663.10	61190.00
663.30	61132.00
663.49	60849.00
663.68	60769.00
663.88	60623.00
664.07	60377.00
664.26	59958.00
664.45	59552.00
664.65	59446.00
664.84	59052.00
665.03	59026.00
665.23	58801.00
665.42	58672.00
665.61	58703.00
665.80	58846.00
666.00	58983.00
666.19	58720.00
666.38	58686.00
666.57	58869.00
666.77	58589.00
666.96	58198.00
667.15	57910.00
667.35	58035.00
667.54	57886.00
667.73	57766.00
667.92	57417.00
668.12	56967.00
668.31	56892.00
668.50	56659.00
668.70	56597.00
668.89	56663.00
669.08	56310.00
669.27	56162.00
669.47	56387.00
669.66	56512.00
669.85	56449.00
670.04	56739.00
670.24	56533.00
670.43	56185.00
670.62	56240.00
670.81	56044.00
671.01	55711.00
671.20	55416.00
671.39	55359.00
671.58	55380.00
671.78	55056.00
671.97	54704.00
672.16	54366.00
672.36	54243.00
672.55	54014.00
672.74	53880.00
672.93	53484.00
673.13	53559.00
673.32	53669.00
673.51	53841.00
673.70	53772.00
673.90	53662.00
674.09	53813.00
674.28	53992.00
674.47	53907.00
674.67	53790.00
674.86	53641.00
675.05	53347.00
675.24	53414.00
675.44	53340.00
675.63	53081.00
675.82	52685.00
676.01	52468.00
676.21	51965.00
676.40	51938.00
676.59	52039.00
676.78	51758.00
676.97	51382.00
677.17	51569.00
677.36	51755.00
677.55	51927.00
677.74	51855.00
677.94	51727.00
678.13	51813.00
678.32	51676.00
678.51	51508.00
678.71	51407.00
678.90	51665.00
679.09	51581.00
679.28	51120.00
679.48	51180.00
679.67	51027.00
679.86	50734.00
680.05	50391.00
680.24	50052.00
680.44	50016.00
680.63	49953.00
680.82	49459.00
681.01	49499.00
681.21	49076.00
681.40	49412.00
681.59	49541.00
681.78	49411.00
681.97	49072.00
682.17	49326.00
682.36	49214.00
682.55	49223.00
682.74	49039.00
682.94	49100.00
683.13	49125.00
683.32	49085.00
683.51	49219.00
683.70	49191.00
683.90	48936.00
684.09	48754.00
684.28	48645.00
684.47	48325.00
684.66	48734.00
684.86	48032.00
685.05	48093.00
685.24	47963.00
685.43	47773.00
685.63	47881.00
685.82	47730.00
686.01	47907.00
686.20	47968.00
686.39	48149.00
686.59	47929.00
686.78	47749.00
686.97	47911.00
687.16	47902.00
687.35	47914.00
687.55	47988.00
687.74	48029.00
687.93	48060.00
688.12	47947.00
688.31	47865.00
688.51	47698.00
688.70	47767.00
688.89	47708.00
689.08	47459.00
689.27	47512.00
689.47	47621.00
689.66	47199.00
689.85	47008.00
690.04	46697.00
690.23	46772.00
690.42	46793.00
690.62	46619.00
690.81	46590.00
691.00	46877.00
691.19	46876.00
691.38	46717.00
691.58	46779.00
691.77	47121.00
691.96	47193.00
692.15	47438.00
692.34	47313.00
692.54	47186.00
692.73	47326.00
692.92	47452.00
693.11	47485.00
693.30	47345.00
693.49	46943.00
693.69	47153.00
693.88	46924.00
694.07	46808.00
694.26	46608.00
694.45	46609.00
694.64	46317.00
694.84	46224.00
695.03	46214.00
695.22	46496.00
695.41	46409.00
695.60	46419.00
695.80	46314.00
695.99	46347.00
696.18	46346.00
696.37	46619.00
696.56	46862.00
696.75	46949.00
696.95	46908.00
697.14	47041.00
697.33	47117.00
697.52	47201.00
697.71	46855.00
697.90	47010.00
698.09	47093.00
698.29	47091.00
698.48	47469.00
698.67	47377.00
698.86	47205.00
699.05	47404.00
699.24	47325.00
699.44	47157.00
699.63	47099.00
699.82	47051.00
700.01	47438.00
700.20	47442.00
700.39	47375.00
700.58	47357.00
700.78	47399.00
700.97	47697.00
701.16	47875.00
701.35	48153.00
701.54	48224.00
701.73	48305.00
701.93	48468.00
702.12	48797.00
702.31	49082.00
702.50	49144.00
702.69	49169.00
702.88	49558.00
703.07	49648.00
703.27	49695.00
703.46	49418.00
703.65	49504.00
703.84	49649.00
704.03	49662.00
704.22	49559.00
704.41	49481.00
704.60	49380.00
704.80	49171.00
704.99	49589.00
705.18	49590.00
705.37	49890.00
705.56	49710.00
705.75	49725.00
705.94	50116.00
706.14	50215.00
706.33	50301.00
706.52	50609.00
706.71	50880.00
706.90	50752.00
707.09	51360.00
707.28	51424.00
707.47	51554.00
707.67	51708.00
707.86	51716.00
708.05	51872.00
708.24	52280.00
708.43	52179.00
708.62	52202.00
708.81	52366.00
709.00	52258.00
709.20	52344.00
709.39	52302.00
709.58	52453.00
709.77	52683.00
709.96	52703.00
710.15	52566.00
710.34	52553.00
710.53	52460.00
710.72	52715.00
710.92	52745.00
711.11	52733.00
711.30	52693.00
711.49	53016.00
711.68	53238.00
711.87	53292.00
712.06	53444.00
712.25	53770.00
712.44	54368.00
712.64	54389.00
712.83	54194.00
713.02	54234.00
713.21	54471.00
713.40	54482.00
713.59	54568.00
713.78	54833.00
713.97	54963.00
714.16	55029.00
714.35	55013.00
714.55	55040.00
714.74	55179.00
714.93	55147.00
715.12	55046.00
715.31	54969.00
715.50	54836.00
715.69	54773.00
715.88	54819.00
716.07	55129.00
716.26	55156.00
716.45	55160.00
716.65	55196.00
716.84	55365.00
717.03	55636.00
717.22	55642.00
717.41	55970.00
717.60	56092.00
717.79	55966.00
717.98	55812.00
718.17	56203.00
718.36	56197.00
718.55	56660.00
718.75	56981.00
718.94	56842.00
719.13	56940.00
719.32	56918.00
719.51	56842.00
719.70	56769.00
719.89	56521.00
720.08	56290.00
720.27	56371.00
720.46	56473.00
720.65	56609.00
720.84	56711.00
721.03	56501.00
721.22	56224.00
721.42	56198.00
721.61	55975.00
721.80	55996.00
721.99	56060.00
722.18	56026.00
722.37	56065.00
722.56	56397.00
722.75	56172.00
722.94	55994.00
723.13	56371.00
723.32	56568.00
723.51	56839.00
723.70	56684.00
723.89	56895.00
724.08	56907.00
724.28	56876.00
724.47	56878.00
724.66	56874.00
724.85	56971.00
725.04	57016.00
725.23	57028.00
725.42	57049.00
725.61	56687.00
725.80	56910.00
725.99	56900.00
726.18	56854.00
726.37	57047.00
726.56	57021.00
726.75	56835.00
726.94	56642.00
727.13	56523.00
727.32	56444.00
727.51	56232.00
727.71	55925.00
727.90	56043.00
728.09	56153.00
728.28	56144.00
728.47	55856.00
728.66	55977.00
728.85	55883.00
729.04	55939.00
729.23	55598.00
729.42	55574.00
729.61	55466.00
729.80	55231.00
729.99	55622.00
730.18	55873.00
730.37	55921.00
730.56	56173.00
730.75	56217.00
730.94	55981.00
731.13	56305.00
731.32	56494.00
731.51	56213.00
731.70	56118.00
731.89	56092.00
732.08	55685.00
732.27	55513.00
732.46	55661.00
732.65	55715.00
732.84	55662.00
733.04	55659.00
733.23	55471.00
733.42	55207.00
733.61	55147.00
733.80	55053.00
733.99	54669.00
734.18	54348.00
734.37	54127.00
734.56	54126.00
734.75	54047.00
734.94	54010.00
735.13	53804.00
735.32	53724.00
735.51	53331.00
735.70	53534.00
735.89	53495.00
736.08	53514.00
736.27	53556.00
736.46	53203.00
736.65	53307.00
736.84	53040.00
737.03	53201.00
737.22	53180.00
737.41	53310.00
737.60	53359.00
737.79	53134.00
737.98	52794.00
738.17	52678.00
738.36	52729.00
738.55	52882.00
738.74	52691.00
738.93	52577.00
739.12	52319.00
739.31	52506.00
739.50	52179.00
739.69	51875.00
739.88	51582.00
740.07	51367.00
740.26	51259.00
740.45	51418.00
740.64	51080.00
740.83	50751.00
741.02	50332.00
741.21	50368.00
741.40	50393.00
741.59	49770.00
741.78	49572.00
741.97	49546.00
742.16	49472.00
742.35	48969.00
742.54	48845.00
742.73	49044.00
742.92	48989.00
743.11	48824.00
743.30	48809.00
743.49	48653.00
743.68	48768.00
743.87	48502.00
744.06	48164.00
744.25	48344.00
744.44	48384.00
744.63	48228.00
744.82	48163.00
745.01	48060.00
745.20	47946.00
745.39	47896.00
745.58	47878.00
745.77	47454.00
745.96	47508.00
746.15	47611.00
746.34	47366.00
746.52	47183.00
746.71	46839.00
746.90	46672.00
747.09	46430.00
747.28	46541.00
747.47	46025.00
747.66	45832.00
747.85	45676.00
748.04	45621.00
748.23	45331.00
748.42	45180.00
748.61	45062.00
748.80	44716.00
748.99	44707.00
749.18	44492.00
749.37	44566.00
749.56	44185.00
749.75	44090.00
749.94	44040.00
750.13	43640.00
750.32	43601.00
750.51	43392.00
750.70	43367.00
750.89	43416.00
751.08	43238.00
751.27	43371.00
751.46	43114.00
751.64	43079.00
751.83	43082.00
752.02	42751.00
752.21	42778.00
752.40	42903.00
752.59	42968.00
752.78	42545.00
752.97	42533.00
753.16	42333.00
753.35	42310.00
753.54	42262.00
753.73	41908.00
753.92	41602.00
754.11	41906.00
754.30	42075.00
754.49	41915.00
754.68	41888.00
754.87	41469.00
755.06	41245.00
755.24	40826.00
755.43	41106.00
755.62	40886.00
755.81	40517.00
756.00	40371.00
756.19	40545.00
756.38	40363.00
756.57	40171.00
756.76	39951.00
756.95	39901.00
757.14	39700.00
757.33	39705.00
757.52	39229.00
757.71	39337.00
757.90	39287.00
758.08	39072.00
758.27	38984.00
758.46	39357.00
758.65	38973.00
758.84	38802.00
759.03	38582.00
759.22	38802.00
759.41	38914.00
759.60	38801.00
759.79	38799.00
759.98	38635.00
760.17	38403.00
760.36	38359.00
760.54	37984.00
760.73	37880.00
760.92	37646.00
761.11	37560.00
761.30	37049.00
761.49	36554.00
761.68	36128.00
761.87	35671.00
762.06	35156.00
762.25	34579.00
762.44	34085.00
762.63	33588.00
762.81	33119.00
763.00	32530.00
763.19	31859.00
763.38	31303.00
763.57	31084.00
763.76	30619.00
763.95	30445.00
764.14	30351.00
764.33	30292.00
764.52	30342.00
764.71	30409.00
764.89	30479.00
765.08	30789.00
765.27	31132.00
765.46	31661.00
765.65	32072.00
765.84	32304.00
766.03	32752.00
766.22	33342.00
766.41	33643.00
766.59	33708.00
766.78	34136.00
766.97	34404.00
767.16	34759.00
767.35	34973.00
767.54	35222.00
767.73	35374.00
767.92	35424.00
768.11	35366.00
768.30	35557.00
768.48	35749.00
768.67	35861.00
768.86	35766.00
769.05	35997.00
769.24	35857.00
769.43	35621.00
769.62	35586.00
769.81	35649.00
769.99	35612.00
770.18	35499.00
770.37	35354.00
770.56	35457.00
770.75	35816.00
770.94	35694.00
771.13	35539.00
771.32	35473.00
771.50	35297.00
771.69	35026.00
771.88	34991.00
772.07	35129.00
772.26	34980.00
772.45	34877.00
772.64	34817.00
772.83	35031.00
773.01	34943.00
773.20	34782.00
773.39	34530.00
773.58	34471.00
773.77	34203.00
773.96	34302.00
774.15	34027.00
774.34	34101.00
774.52	34161.00
774.71	33955.00
774.90	33919.00
775.09	33668.00
775.28	33700.00
775.47	33689.00
775.66	33417.00
775.84	33451.00
776.03	33442.00
776.22	33516.00
776.41	33346.00
776.60	33218.00
776.79	33300.00
776.98	33297.00
777.16	32984.00
777.35	33169.00
777.54	33319.00
777.73	33110.00
777.92	33247.00
778.11	33236.00
778.29	33158.00
778.48	33038.00
778.67	32869.00
778.86	32974.00
779.05	32862.00
779.24	33017.00
779.43	32941.00
779.61	33054.00
779.80	33097.00
779.99	33177.00
780.18	32903.00
780.37	33093.00
780.56	33249.00
780.74	33404.00
780.93	33472.00
781.12	33395.00
781.31	33198.00
781.50	33253.00
781.69	33178.00
781.87	33130.00
782.06	33032.00
782.25	33131.00
782.44	33128.00
782.63	33185.00
782.82	33353.00
783.00	33296.00
783.19	33000.00
783.38	33170.00
783.57	33177.00
783.76	33100.00
783.95	33086.00
784.13	32998.00
784.32	33025.00
784.51	33044.00
784.70	33158.00
784.89	33143.00
785.08	33105.00
785.26	33246.00
785.45	33202.00
785.64	33353.00
785.83	33293.00
786.02	33352.00
786.20	33083.00
786.39	33273.00
786.58	33138.00
786.77	33183.00
786.96	33188.00
787.15	33328.00
787.33	33285.00
787.52	33429.00
787.71	33469.00
787.90	33644.00
788.09	33688.00
788.27	33645.00
788.46	33509.00
788.65	33598.00
788.84	33664.00
789.03	33738.00
789.21	33625.00
789.40	33956.00
789.59	33927.00
789.78	34048.00
789.97	33815.00
790.15	33938.00
790.34	34288.00
790.53	34300.00
790.72	34206.00
790.91	34342.00
791.09	34383.00
791.28	34526.00
791.47	34592.00
791.66	34487.00
791.85	34493.00
792.03	34629.00
792.22	34737.00
792.41	34922.00
792.60	35005.00
792.79	35182.00
792.97	35101.00
793.16	35015.00
793.35	34829.00
793.54	35060.00
793.72	34781.00
793.91	34937.00
794.10	34949.00
794.29	34553.00
794.48	34524.00
794.66	34923.00
794.85	34936.00
795.04	35002.00
795.23	34819.00
795.42	34948.00
795.60	34790.00
795.79	34688.00
795.98	34659.00
796.17	34715.00
796.35	34864.00
796.54	34661.00
796.73	34662.00
796.92	34521.00
797.11	34441.00
797.29	34450.00
797.48	34537.00
797.67	34343.00
797.86	34456.00
798.04	34578.00
798.23	34195.00
798.42	34168.00
798.61	34327.00
798.79	34472.00
798.98	34491.00
799.17	34334.00
799.36	34154.00
799.54	34208.00
799.73	34476.00
799.92	34255.00
800.11	34217.00
800.30	34349.00
800.48	34280.00
800.67	34136.00
800.86	34143.00
801.05	34243.00
801.23	34278.00
801.42	34328.00
801.61	34340.00
801.80	34374.00
801.98	34334.00
802.17	34269.00
802.36	34482.00
802.55	34512.00
802.73	34507.00
802.92	34513.00
803.11	34651.00
803.30	34855.00
803.48	34774.00
803.67	34947.00
803.86	35086.00
804.05	35087.00
804.23	34953.00
804.42	34773.00
804.61	34857.00
804.80	34651.00
804.98	34576.00
805.17	34661.00
805.36	34726.00
805.54	34913.00
805.73	34839.00
805.92	34688.00
806.11	34666.00
806.29	34801.00
806.48	34764.00
806.67	34718.00
806.86	34896.00
807.04	34929.00
807.23	34701.00
807.42	34536.00
807.61	34615.00
807.79	34700.00
807.98	34559.00
808.17	34449.00
808.35	34452.00
808.54	34541.00
808.73	34550.00
808.92	34508.00
809.10	34407.00
809.29	34346.00
809.48	34073.00
809.67	34103.00
809.85	34044.00
810.04	34090.00
810.23	34003.00
810.41	33654.00
810.60	33656.00
810.79	33788.00
810.98	34011.00
811.16	34027.00
811.35	33839.00
811.54	33760.00
811.72	33812.00
811.91	33669.00
812.10	33255.00
812.29	33488.00
812.47	33636.00
812.66	33434.00
812.85	33587.00
813.03	33552.00
813.22	33610.00
813.41	33504.00
813.60	33487.00
813.78	33436.00
813.97	33482.00
814.16	33329.00
814.34	33470.00
814.53	33502.00
814.72	33518.00
814.90	33707.00
815.09	33649.00
815.28	33587.00
815.47	33359.00
815.65	33533.00
815.84	33821.00
816.03	33594.00
816.21	33649.00
816.40	33460.00
816.59	33491.00
816.77	33969.00
816.96	33665.00
817.15	33400.00
817.33	33448.00
817.52	33861.00
817.71	33651.00
817.90	33734.00
818.08	33574.00
818.27	33578.00
818.46	33526.00
818.64	33544.00
818.83	33597.00
819.02	33423.00
819.20	33449.00
819.39	33827.00
819.58	33430.00
819.76	33374.00
819.95	33516.00
820.14	33273.00
820.32	33250.00
820.51	33181.00
820.70	33149.00
820.88	33430.00
821.07	33145.00
821.26	33089.00
821.44	33225.00
821.63	33144.00
821.82	32969.00
822.01	32954.00
822.19	32997.00
822.38	33137.00
822.57	33120.00
822.75	32970.00
822.94	32903.00
823.13	32879.00
823.31	32899.00
823.50	32848.00
823.69	32447.00
823.87	32413.00
824.06	32313.00
824.25	32209.00
824.43	32288.00
824.62	31963.00
824.80	31846.00
824.99	31696.00
825.18	31830.00
825.36	31806.00
825.55	31809.00
825.74	31845.00
825.92	31834.00
826.11	31647.00
826.30	31801.00
826.48	31698.00
826.67	31622.00
826.86	31599.00
827.04	31568.00
827.23	31297.00
827.42	31369.00
827.60	31625.00
827.79	31404.00
827.98	31526.00
828.16	31199.00
828.35	31222.00
828.54	31129.00
828.72	31074.00
828.91	31317.00
829.09	31084.00
829.28	30907.00
829.47	30888.00
829.65	30589.00
829.84	30529.00
830.03	30740.00
830.21	30544.00
830.40	30602.00
830.59	30508.00
830.77	30359.00
830.96	30426.00
831.14	30406.00
831.33	30289.00
831.52	30292.00
831.70	30399.00
831.89	30373.00
832.08	30375.00
832.26	30146.00
832.45	30338.00
832.64	30131.00
832.82	30213.00
833.01	30183.00
833.19	30081.00
833.38	30233.00
833.57	30237.00
833.75	30169.00
833.94	30182.00
834.13	30072.00
834.31	30015.00
834.50	29965.00
834.68	29820.00
834.87	29713.00
835.06	29916.00
835.24	29690.00
835.43	29598.00
835.61	29670.00
835.80	29757.00
835.99	29358.00
836.17	29289.00
836.36	29533.00
836.55	29299.00
836.73	29232.00
836.92	29571.00
837.10	29109.00
837.29	28998.00
837.48	29208.00
837.66	29214.00
837.85	29384.00
838.03	29163.00
838.22	29125.00
838.41	28872.00
838.59	28731.00
838.78	28536.00
838.96	28610.00
839.15	28515.00
839.34	28462.00
839.52	28679.00
839.71	28510.00
839.89	28419.00
840.08	28396.00
840.27	28297.00
840.45	28268.00
840.64	28047.00
840.82	27973.00
841.01	27832.00
841.20	27602.00
841.38	27594.00
841.57	27579.00
841.75	27391.00
841.94	27282.00
842.13	27295.00
842.31	27199.00
842.50	27092.00
842.68	26970.00
842.87	26589.00
843.05	26598.00
843.24	26722.00
843.43	26830.00
843.61	26785.00
843.80	26641.00
843.98	26497.00
844.17	26497.00
844.36	26471.00
844.54	26323.00
844.73	26189.00
844.91	26146.00
845.10	26244.00
845.28	26045.00
845.47	25823.00
845.66	25993.00
845.84	25913.00
846.03	25728.00
846.21	25628.00
846.40	25420.00
846.58	25446.00
846.77	25539.00
846.96	25258.00
847.14	25306.00
847.33	25236.00
847.51	25095.00
847.70	25269.00
847.88	25061.00
848.07	25159.00
848.25	25230.00
848.44	24960.00
848.63	24802.00
848.81	24510.00
849.00	24459.00
849.18	24497.00
849.37	24358.00
849.55	24531.00
849.74	24419.00
849.93	24382.00
850.11	24211.00
850.30	24133.00
850.48	24149.00
850.67	24078.00
850.85	23823.00
851.04	24010.00
851.22	24036.00
851.41	23951.00
851.59	24037.00
851.78	24103.00
851.97	23929.00
852.15	23850.00
852.34	23601.00
852.52	23587.00
852.71	23573.00
852.89	23556.00
853.08	23541.00
853.26	23467.00
853.45	23544.00
853.63	23398.00
853.82	23442.00
854.01	23208.00
854.19	23542.00
854.38	23272.00
854.56	22901.00
854.75	22879.00
854.93	22886.00
855.12	22831.00
855.30	22922.00
855.49	22828.00
855.67	22755.00
855.86	22745.00
856.04	22646.00
856.23	22757.00
856.41	22784.00
856.60	22696.00
856.79	22337.00
856.97	22369.00
857.16	22268.00
857.34	22352.00
857.53	22100.00
857.71	22129.00
857.90	21985.00
858.08	22056.00
858.27	21820.00
858.45	22038.00
858.64	21937.00
858.82	21995.00
859.01	21678.00
859.19	21708.00
859.38	21545.00
859.56	21538.00
859.75	21588.00
859.93	21591.00
860.12	21402.00
860.30	21252.00
860.49	21027.00
860.67	21126.00
860.86	21082.00
861.04	21147.00
861.23	21100.00
861.41	21063.00
861.60	20933.00
861.78	20943.00
861.97	20875.00
862.15	20840.00
862.34	20497.00
862.53	20425.00
862.71	20389.00
862.90	20403.00
863.08	20444.00
863.27	20171.00
863.45	20248.00
863.64	20244.00
863.82	20024.00
864.01	20036.00
864.19	20076.00
864.37	20020.00
864.56	20066.00
864.74	19840.00
864.93	19838.00
865.11	19728.00
865.30	19846.00
865.48	19635.00
865.67	19588.00
865.85	19567.00
866.04	19476.00
866.22	19137.00
866.41	19108.00
866.59	19254.00
866.78	19165.00
866.96	18994.00
867.15	18921.00
867.33	19008.00
867.52	19065.00
867.70	18876.00
867.89	18733.00
868.07	18776.00
868.26	18780.00
868.44	18632.00
868.63	18702.00
868.81	18716.00
869.00	18514.00
869.18	18534.00
869.37	18570.00
869.55	18389.00
869.74	18520.00
869.92	18235.00
870.10	18259.00
870.29	18443.00
870.47	18433.00
870.66	18314.00
870.84	18114.00
871.03	18042.00
871.21	17967.00
871.40	17991.00
871.58	18035.00
871.77	18051.00
871.95	17955.00
872.14	17861.00
872.32	17748.00
872.51	17773.00
872.69	17626.00
872.87	17724.00
873.06	17682.00
873.24	17580.00
873.43	17366.00
873.61	17253.00
873.80	17406.00
873.98	17573.00
874.17	17670.00
874.35	17485.00
874.54	17450.00
874.72	17405.00
874.90	17267.00
875.09	17245.00
875.27	17029.00
875.46	16923.00
875.64	17099.00
875.83	17070.00
876.01	16904.00
876.20	16962.00
876.38	16931.00
876.56	16936.00
876.75	16843.00
876.93	17076.00
877.12	16917.00
877.30	16806.00
877.49	16762.00
877.67	16661.00
877.86	16730.00
878.04	16653.00
878.22	16723.00
878.41	16699.00
878.59	16659.00
878.78	16631.00
878.96	16534.00
879.15	16507.00
879.33	16658.00
879.51	16506.00
879.70	16508.00
879.88	16429.00
880.07	16379.00
880.25	16365.00
880.44	16423.00
880.62	16180.00
880.80	16297.00
880.99	16267.00
881.17	16163.00
881.36	16131.00
881.54	16186.00
881.73	16264.00
881.91	16316.00
882.09	16221.00
882.28	16204.00
882.46	16091.00
882.65	16044.00
882.83	15878.00
883.02	15985.00
883.20	16050.00
883.38	15975.00
883.57	16096.00
883.75	16025.00
883.94	15977.00
884.12	15699.00
884.30	15783.00
884.49	15676.00
884.67	15641.00
884.86	15710.00
885.04	15858.00
885.22	15785.00
885.41	15740.00
885.59	15659.00
885.78	15771.00
885.96	15615.00
886.14	15697.00
886.33	15760.00
886.51	15719.00
886.70	15723.00
886.88	15626.00
887.06	15508.00
887.25	15542.00
887.43	15351.00
887.62	15371.00
887.80	15521.00
887.98	15254.00
888.17	15257.00
888.35	15312.00
888.54	15347.00
888.72	15262.00
888.90	15255.00
889.09	15398.00
889.27	15240.00
889.46	15254.00
889.64	15143.00
889.82	15092.00
890.01	15197.00
890.19	15250.00
890.38	15197.00
890.56	15302.00
890.74	15338.00
890.93	15302.00
891.11	15137.00
891.29	15153.00
891.48	15157.00
891.66	15125.00
891.85	15307.00
892.03	15269.00
892.21	15254.00
892.40	15159.00
892.58	15153.00
892.76	15147.00
892.95	15073.00
893.13	15237.00
893.32	15094.00
893.50	15129.00
893.68	15153.00
893.87	15040.00
894.05	15107.00
894.23	15189.00
894.42	15371.00
894.60	15377.00
894.79	15320.00
894.97	15261.00
895.15	15213.00
895.34	15299.00
895.52	15325.00
895.70	15264.00
895.89	15366.00
896.07	15360.00
896.25	15375.00
896.44	15258.00
896.62	15444.00
896.81	15297.00
896.99	15352.00
897.17	15448.00
897.36	15397.00
897.54	15714.00
897.72	15676.00
897.91	15550.00
898.09	15596.00
898.27	15708.00
898.46	15765.00
898.64	15804.00
898.82	15721.00
899.01	15678.00
899.19	15634.00
899.37	15675.00
899.56	15868.00
899.74	15769.00
899.92	15809.00
900.11	15865.00
900.29	15643.00
900.47	15956.00
900.66	16112.00
900.84	16024.00
901.03	16074.00
901.21	16120.00
901.39	16096.00
901.58	16098.00
901.76	16200.00
901.94	16233.00
902.13	16310.00
902.31	16072.00
902.49	16013.00
902.68	16368.00
902.86	16277.00
903.04	16011.00
903.23	16158.00
903.41	16260.00
903.59	16382.00
903.78	16433.00
903.96	16326.00
904.14	16389.00
904.32	16332.00
904.51	16471.00
904.69	16581.00
904.87	16357.00
905.06	16586.00
905.24	16496.00
905.42	16392.00
905.61	16360.00
905.79	16460.00
905.97	16461.00
906.16	16472.00
906.34	16616.00
906.52	16402.00
906.71	16426.00
906.89	16669.00
907.07	16768.00
907.26	16618.00
907.44	16507.00
907.62	16469.00
907.81	16379.00
907.99	16322.00
908.17	16331.00
908.35	16339.00
908.54	16341.00
908.72	16596.00
908.90	16415.00
909.09	16495.00
909.27	16337.00
909.45	16303.00
909.64	16466.00
909.82	16540.00
910.00	16379.00
910.18	16512.00
910.37	16376.00
910.55	16321.00
910.73	16278.00
910.92	16229.00
911.10	16258.00
911.28	16240.00
911.47	16048.00
911.65	16127.00
911.83	16201.00
912.01	16223.00
912.20	15988.00
912.38	16022.00
912.56	16153.00
912.75	16023.00
912.93	16010.00
913.11	15884.00
913.29	16001.00
913.48	15896.00
913.66	15795.00
913.84	15877.00
914.03	15830.00
914.21	15806.00
914.39	15860.00
914.57	15830.00
914.76	15482.00
914.94	15653.00
915.12	15743.00
915.31	15582.00
915.49	15399.00
915.67	15601.00
915.85	15649.00
916.04	15505.00
916.22	15325.00
916.40	15261.00
916.58	15572.00
916.77	15493.00
916.95	15412.00
917.13	15359.00
917.32	15346.00
917.50	15270.00
917.68	15337.00
917.86	15180.00
918.05	15106.00
918.23	15159.00
918.41	15089.00
918.59	15044.00
918.78	15072.00
918.96	15017.00
919.14	15077.00
919.32	15024.00
919.51	14868.00
919.69	15038.00
919.87	15055.00
920.05	15090.00
920.24	14926.00
920.42	14898.00
920.60	14739.00
920.78	14752.00
920.97	14641.00
921.15	14717.00
921.33	14639.00
921.52	14570.00
921.70	14664.00
921.88	14714.00
922.06	14504.00
922.24	14566.00
922.43	14569.00
922.61	14506.00
922.79	14525.00
922.97	14542.00
923.16	14687.00
923.34	14708.00
923.52	14575.00
923.70	14527.00
923.89	14455.00
924.07	14402.00
924.25	14604.00
924.43	14467.00
924.62	14409.00
924.80	14242.00
924.98	14317.00
925.16	14204.00
925.35	14395.00
925.53	14333.00
925.71	14195.00
925.89	14025.00
926.08	14158.00
926.26	14122.00
926.44	13999.00
926.62	14042.00
926.80	14015.00
926.99	13853.00
927.17	13889.00
927.35	13995.00
927.53	13827.00
927.72	13882.00
927.90	14021.00
928.08	13931.00
928.26	13749.00
928.44	13734.00
928.63	13633.00
928.81	13782.00
928.99	13732.00
929.17	13643.00
929.36	13655.00
929.54	13552.00
929.72	13413.00
929.90	13370.00
930.08	13201.00
930.27	13175.00
930.45	13164.00
930.63	13144.00
930.81	13019.00
930.99	13056.00
931.18	12899.00
931.36	12978.00
931.54	13070.00
931.72	12985.00
931.90	12522.00
932.09	12504.00
932.27	12393.00
932.45	12417.00
932.63	12480.00
932.81	12403.00
933.00	12270.00
933.18	12170.00
933.36	12061.00
933.54	12104.00
933.72	11938.00
933.91	11985.00
934.09	11765.00
934.27	11706.00
934.45	11606.00
934.63	11571.00
934.82	11576.00
935.00	11404.00
935.18	11121.00
935.36	10931.00
935.54	10878.00
935.73	10788.00
935.91	10756.00
936.09	10770.00
936.27	10524.00
936.45	10275.00
936.64	10220.00
936.82	10044.00
937.00	9891.00
937.18	9730.00
937.36	9680.00
937.54	9514.00
937.73	9368.00
937.91	9324.00
938.09	9239.00
938.27	8964.00
938.45	8689.00
938.63	8576.00
938.82	8562.00
939.00	8458.00
939.18	8408.00
939.36	8363.00
939.54	8178.00
939.73	8023.00
939.91	7973.00
940.09	7904.00
940.27	7892.00
940.45	7721.00
940.63	7598.00
940.82	7496.00
941.00	7408.00
941.18	7386.00
941.36	7236.00
941.54	7215.00
941.72	7154.00
941.91	7160.00
942.09	6999.00
942.27	7016.00
942.45	7181.00
942.63	7049.00
942.81	7046.00
942.99	7029.00
943.18	7012.00
943.36	6849.00
943.54	6892.00
943.72	6833.00
943.90	6840.00
944.08	6826.00
944.27	6857.00
944.45	6872.00
944.63	6902.00
944.81	6896.00
944.99	6841.00
945.17	6824.00
945.35	6820.00
945.54	6791.00
945.72	6760.00
945.90	6788.00
946.08	6912.00
946.26	6834.00
946.44	6727.00
946.62	6750.00
946.81	6850.00
946.99	6926.00
947.17	7001.00
947.35	6995.00
947.53	6949.00
947.71	6997.00
947.89	6983.00
948.07	6982.00
948.26	7004.00
948.44	7036.00
948.62	7088.00
948.80	6981.00
948.98	6981.00
949.16	7014.00
949.34	7036.00
949.53	7174.00
949.71	7128.00
949.89	7292.00
950.07	7375.00
950.25	7214.00
950.43	7297.00
950.61	7274.00
950.79	7180.00
950.98	7283.00
951.16	7319.00
951.34	7345.00
951.52	7365.00
951.70	7444.00
951.88	7354.00
952.06	7359.00
952.24	7249.00
952.42	7233.00
952.61	7238.00
952.79	7309.00
952.97	7123.00
953.15	7138.00
953.33	7287.00
953.51	7115.00
953.69	7054.00
953.87	7112.00
954.05	7169.00
954.24	7274.00
954.42	7265.00
954.60	7213.00
954.78	7190.00
954.96	7242.00
955.14	7233.00
955.32	7251.00
955.50	7210.00
955.68	7271.00
955.86	7301.00
956.05	7372.00
956.23	7301.00
956.41	7413.00
956.59	7101.00
956.77	7220.00
956.95	7386.00
957.13	7432.00
957.31	7500.00
957.49	7442.00
957.67	7404.00
957.86	7481.00
958.04	7526.00
958.22	7416.00
958.40	7367.00
958.58	7360.00
958.76	7316.00
958.94	7291.00
959.12	7344.00
959.30	7447.00
959.48	7344.00
959.66	7214.00
959.84	7314.00
960.03	7294.00
960.21	7342.00
960.39	7324.00
960.57	7255.00
960.75	7285.00
960.93	7219.00
961.11	7219.00
961.29	7236.00
961.47	7288.00
961.65	7404.00
961.83	7315.00
962.01	7204.00
962.19	7168.00
962.37	7254.00
962.56	7210.00
962.74	7240.00
962.92	7218.00
963.10	7160.00
963.28	7149.00
963.46	7099.00
963.64	7098.00
963.82	7121.00
964.00	7134.00
964.18	7164.00
964.36	7138.00
964.54	7199.00
964.72	7275.00
964.90	7259.00
965.08	7120.00
965.27	7143.00
965.45	7153.00
965.63	7129.00
965.81	7165.00
965.99	7132.00
966.17	7128.00
966.35	7057.00
966.53	6974.00
966.71	6904.00
966.89	7024.00
967.07	6986.00
967.25	6941.00
967.43	6879.00
967.61	7054.00
967.79	6994.00
967.97	7083.00
968.15	6934.00
968.33	6967.00
968.51	6883.00
968.69	6979.00
968.87	6921.00
969.06	6731.00
969.24	6738.00
969.42	6768.00
969.60	6701.00
969.78	6772.00
969.96	6741.00
970.14	6661.00
970.32	6578.00
970.50	6726.00
970.68	6692.00
970.86	6595.00
971.04	6516.00
971.22	6587.00
971.40	6653.00
971.58	6532.00
971.76	6493.00
971.94	6436.00
972.12	6372.00
972.30	6367.00
972.48	6382.00
972.66	6305.00
972.84	6252.00
973.02	6138.00
973.20	6231.00
973.38	6195.00
973.56	6266.00
973.74	6162.00
973.92	6143.00
974.10	6100.00
974.28	6170.00
974.46	6121.00
974.64	6131.00
974.82	5967.00
975.00	6046.00
975.18	6033.00
975.36	6056.00
975.54	6028.00
975.72	6098.00
975.90	6033.00
976.08	5980.00
976.26	5828.00
976.44	5754.00
976.62	5765.00
976.80	5873.00
976.98	5908.00
977.16	5780.00
977.34	5717.00
977.52	5832.00
977.70	5861.00
977.88	5786.00
978.06	5734.00
978.24	5720.00
978.42	5682.00
978.60	5715.00
978.78	5701.00
978.96	5703.00
979.14	5644.00
979.32	5673.00
979.50	5654.00
979.68	5687.00
979.86	5587.00
980.04	5496.00
980.22	5466.00
980.40	5525.00
980.58	5677.00
980.76	5547.00
980.94	5502.00
981.12	5499.00
981.30	5370.00
981.48	5412.00
981.66	5407.00
981.84	5401.00
982.02	5390.00
982.20	5377.00
982.38	5276.00
982.56	5281.00
982.74	5261.00
982.92	5245.00
983.10	5185.00
983.28	5262.00
983.46	5291.00
983.64	5289.00
983.82	5182.00
984.00	5122.00
984.18	5111.00
984.36	5122.00
984.54	5103.00
984.72	5191.00
984.90	5065.00
985.08	5044.00
985.26	5075.00
985.44	5058.00
985.62	4910.00
985.80	4949.00
985.98	4982.00
986.16	4940.00
986.34	4891.00
986.51	4885.00
986.69	4836.00
986.87	4811.00
987.05	4818.00
987.23	4781.00
987.41	4644.00
987.59	4646.00
987.77	4880.00
987.95	4773.00
988.13	4666.00
988.31	4776.00
988.49	4793.00
988.67	4624.00
988.85	4475.00
989.03	4605.00
989.21	4492.00
989.39	4527.00
989.57	4598.00
989.75	4552.00
989.93	4596.00
990.11	4590.00
990.28	4482.00
990.46	4539.00
990.64	4444.00
990.82	4482.00
991.00	4353.00
991.18	4377.00
991.36	4401.00
991.54	4408.00
991.72	4275.00
991.90	4335.00
992.08	4456.00
992.26	4396.00
992.44	4368.00
992.62	4310.00
992.80	4275.00
992.98	4346.00
993.15	4268.00
993.33	4204.00
993.51	4159.00
993.69	4220.00
993.87	4163.00
994.05	4104.00
994.23	4074.00
994.41	4019.00
994.59	3942.00
994.77	4112.00
994.95	4060.00
995.13	4043.00
995.31	3949.00
995.48	3993.00
995.66	3956.00
995.84	3958.00
996.02	3948.00
996.20	3893.00
996.38	3879.00
996.56	3850.00
996.74	3837.00
996.92	3818.00
997.10	3810.00
997.28	3827.00
997.46	3727.00
997.63	3732.00
997.81	3655.00
997.99	3627.00
998.17	3562.00
998.35	3678.00
998.53	3754.00
998.71	3730.00
998.89	3657.00
999.07	3611.00
999.25	3683.00
999.43	3599.00
999.60	3637.00
999.78	3675.00
999.96	3655.00
1000.14	3527.00
1000.32	3645.00
1000.50	3454.00
1000.68	3484.00
1000.86	3443.00
1001.04	3496.00
1001.21	3544.00
1001.39	3547.00
1001.57	3434.00
1001.75	3320.00
1001.93	3354.00
1002.11	3466.00
1002.29	3419.00
1002.47	3459.00
1002.65	3372.00
1002.82	3421.00
1003.00	3343.00
1003.18	3337.00
1003.36	3328.00
1003.54	3390.00
1003.72	3310.00
1003.90	3252.00
1004.08	3288.00
1004.26	3320.00
1004.43	3241.00
1004.61	3263.00
1004.79	3272.00
1004.97	3306.00
1005.15	3184.00
1005.33	3182.00
1005.51	3054.00
1005.69	3204.00
1005.86	3251.00
1006.04	3184.00
1006.22	3183.00
1006.40	3179.00
1006.58	3146.00
1006.76	3082.00
1006.94	3088.00
1007.12	3041.00
1007.29	2927.00
1007.47	2989.00
1007.65	3025.00
1007.83	2956.00
1008.01	2990.00
1008.19	2954.00
1008.37	2961.00
1008.54	2957.00
1008.72	3008.00
1008.90	2957.00
1009.08	2845.00
1009.26	2834.00
1009.44	2860.00
1009.62	2856.00
1009.79	2851.00
1009.97	2790.00
1010.15	2765.00
1010.33	2834.00
1010.51	2814.00
1010.69	2765.00
1010.87	2747.00
1011.04	2869.00
1011.22	2885.00
1011.40	2781.00
1011.58	2698.00
1011.76	2717.00
1011.94	2829.00
1012.11	2823.00
1012.29	2687.00
1012.47	2721.00
1012.65	2730.00
1012.83	2738.00
1013.01	2668.00
1013.18	2762.00
1013.36	2719.00
1013.54	2589.00
1013.72	2701.00
1013.90	2690.00
1014.08	2617.00
1014.25	2647.00
1014.43	2676.00
1014.61	2658.00
1014.79	2595.00
1014.97	2629.00
1015.15	2554.00
1015.32	2624.00
1015.50	2497.00
1015.68	2570.00
1015.86	2570.00
1016.04	2571.00
1016.22	2592.00
1016.39	2538.00
1016.57	2645.00
1016.75	2587.00
1016.93	2493.00
1017.11	2536.00
1017.29	2583.00
1017.46	2545.00
1017.64	2447.00
1017.82	2303.00
1018.00	2374.00
1018.18	2492.00
1018.35	2570.00
1018.53	2485.00
1018.71	2404.00
1018.89	2423.00
1019.07	2396.00
1019.24	2377.00
1019.42	2452.00
1019.60	2356.00
1019.78	2290.00
1019.96	2306.00
1020.14	2370.00
1020.31	2372.00
1020.49	2252.00
1020.67	2241.00
1020.85	2181.00
1021.03	2249.00
1021.20	2262.00
1021.38	2154.00
1021.56	2175.00
1021.74	2224.00
1021.92	2193.00
1022.09	2217.00
1022.27	2217.00
1022.45	2205.00
1022.63	2208.00
1022.81	2129.00
1022.98	2153.00
1023.16	2209.00
1023.34	2219.00
1023.52	2276.00
1023.69	2139.00
1023.87	2086.00
1024.05	2110.00
1024.23	2058.00
1024.41	2086.00
1024.58	2159.00
1024.76	2117.00
1024.94	2107.00
1025.12	2069.00
1025.30	2033.00
1025.47	2120.00
1025.65	2134.00
1025.83	2121.00
1026.01	2072.00
1026.18	2005.00
1026.36	2060.00
1026.54	2055.00
1026.72	2028.00
1026.90	2074.00
1027.07	2067.00
1027.25	2070.00
1027.43	2017.00
1027.61	1922.00
1027.78	1925.00
1027.96	2058.00
1028.14	1989.00
1028.32	1980.00
1028.49	1957.00
1028.67	1799.00
1028.85	1895.00
1029.03	1872.00
1029.21	1842.00
1029.38	1905.00
1029.56	1861.00
1029.74	1894.00
1029.92	1932.00
1030.09	1865.00
1030.27	1909.00
1030.45	1861.00
1030.63	1937.00
1030.80	1910.00
1030.98	1826.00
1031.16	1766.00
1031.34	1741.00
1031.51	1801.00
1031.69	1743.00
1031.87	1783.00
1032.05	1867.00
1032.22	1867.00
1032.40	1799.00
1032.58	1802.00
1032.76	1789.00
1032.93	1783.00
1033.11	1823.00
1033.29	1730.00
1033.47	1711.00
1033.64	1824.00
1033.82	1793.00
1034.00	1806.00
1034.18	1765.00
1034.35	1645.00
1034.53	1634.00
1034.71	1657.00
1034.89	1709.00
1035.06	1723.00
1035.24	1657.00
1035.42	1621.00
1035.59	1725.00
1035.77	1712.00
1035.95	1728.00
1036.13	1682.00
1036.30	1582.00
1036.48	1537.00
1036.66	1562.00
1036.84	1614.00
1037.01	1573.00
1037.19	1635.00
1037.37	1596.00
1037.54	1643.00
1037.72	1579.00
1037.90	1547.00
1038.08	1553.00
1038.25	1672.00
1038.43	1624.00
1038.61	1592.00
1038.79	1562.00
1038.96	1547.00
1039.14	1574.00
1039.32	1528.00
1039.49	1478.00
1039.67	1499.00
1039.85	1479.00
1040.03	1493.00
1040.20	1486.00
1040.38	1503.00
1040.56	1540.00
1040.73	1512.00
1040.91	1478.00
1041.09	1501.00
1041.27	1534.00
1041.44	1530.00
1041.62	1534.00
1041.80	1559.00
1041.97	1602.00
1042.15	1523.00
1042.33	1475.00
1042.50	1529.00
1042.68	1546.00
1042.86	1455.00
1043.04	1494.00
1043.21	1486.00
1043.39	1509.00
1043.57	1487.00
1043.74	1495.00
1043.92	1427.00
1044.10	1377.00
1044.27	1408.00
1044.45	1423.00
1044.63	1426.00
1044.80	1407.00
1044.98	1363.00
1045.16	1446.00
1045.34	1420.00
1045.51	1405.00
1045.69	1319.00
1045.87	1284.00
1046.04	1315.00
1046.22	1312.00
1046.40	1375.00
1046.57	1407.00
1046.75	1318.00
1046.93	1297.00
1047.10	1352.00
1047.28	1294.00
1047.46	1251.00
1047.63	1263.00
1047.81	1262.00
1047.99	1340.00
1048.16	1367.00
1048.34	1302.00
1048.52	1223.00
1048.69	1299.00
1048.87	1356.00
1049.05	1320.00
1049.22	1293.00
1049.40	1262.00
1049.58	1355.00
1049.75	1268.00
1049.93	1260.00
1050.11	1295.00
1050.28	1335.00
1050.46	1328.00
1050.64	1282.00
1050.81	1304.00
1050.99	1319.00
1051.17	1196.00
1051.34	1220.00
1051.52	1351.00
1051.70	1284.00
1051.87	1253.00
1052.05	1230.00
1052.23	1296.00
1052.40	1297.00
1052.58	1254.00
1052.76	1274.00
1052.93	1297.00
1053.11	1288.00
1053.29	1282.00
1053.46	1233.00
1053.64	1243.00
1053.82	1238.00
1053.99	1206.00
1054.17	1269.00
1054.35	1264.00
1054.52	1163.00
1054.70	1173.00
1054.87	1243.00
1055.05	1230.00
1055.23	1164.00
1055.40	1184.00
1055.58	1176.00
1055.76	1127.00
1055.93	1191.00
1056.11	1240.00
1056.29	1108.00
1056.46	1148.00
1056.64	1186.00
1056.81	1144.00
1056.99	1114.00
1057.17	1096.00
1057.34	1124.00
1057.52	1177.00
1057.70	1144.00
1057.87	1149.00
1058.05	1194.00
1058.22	1042.00
1058.40	1123.00
1058.58	1120.00
1058.75	1073.00
1058.93	1069.00
1059.11	1005.00
1059.28	1035.00
1059.46	1118.00
1059.63	1147.00
1059.81	1015.00
1059.99	1040.00
1060.16	1043.00
1060.34	1031.00
1060.52	1138.00
1060.69	1084.00
1060.87	1082.00
1061.04	1066.00
1061.22	1104.00
