367.62	28.00
367.82	42.00
368.02	36.00
368.23	16.00
368.43	17.00
368.63	18.00
368.83	-41.00
369.04	-12.00
369.24	8.00
369.44	-17.00
369.65	1.00
369.85	-19.00
370.05	76.00
370.25	-12.00
370.46	-98.00
370.66	-68.00
370.86	-2.00
371.07	20.00
371.27	50.00
371.47	49.00
371.67	64.00
371.88	27.00
372.08	-36.00
372.28	-55.00
372.49	7.00
372.69	-28.00
372.89	-45.00
373.09	26.00
373.30	61.00
373.50	53.00
373.70	2.00
373.91	86.00
374.11	17.00
374.31	-63.00
374.51	-13.00
374.72	35.00
374.92	11.00
375.12	24.00
375.33	10.00
375.53	-30.00
375.73	-10.00
375.93	-11.00
376.14	-28.00
376.34	31.00
376.54	91.00
376.74	31.00
376.95	-8.00
377.15	48.00
377.35	30.00
377.55	55.00
377.76	81.00
377.96	2.00
378.16	-12.00
378.37	17.00
378.57	-62.00
378.77	-21.00
378.97	91.00
379.18	100.00
379.38	46.00
379.58	-31.00
379.78	-83.00
379.99	29.00
380.19	38.00
380.39	59.00
380.59	-2.00
380.80	1.00
381.00	6.00
381.20	37.00
381.40	-37.00
381.61	-47.00
381.81	-47.00
382.01	-29.00
382.21	-21.00
382.42	64.00
382.62	25.00
382.82	38.00
383.02	60.00
383.23	5.00
383.43	34.00
383.63	18.00
383.83	1.00
384.04	42.00
384.24	-37.00
384.44	31.00
384.64	65.00
384.85	0.00
385.05	-27.00
385.25	9.00
385.45	25.00
385.66	29.00
385.86	10.00
386.06	15.00
386.26	18.00
386.47	64.00
386.67	32.00
386.87	5.00
387.07	-20.00
387.27	11.00
387.48	8.00
387.68	-22.00
387.88	-48.00
388.08	34.00
388.29	-14.00
388.49	20.00
388.69	21.00
388.89	18.00
389.10	35.00
389.30	37.00
389.50	16.00
389.70	30.00
389.90	-53.00
390.11	-22.00
390.31	31.00
390.51	0.00
390.71	9.00
390.92	2.00
391.12	13.00
391.32	29.00
391.52	84.00
391.72	-3.00
391.93	-57.00
392.13	6.00
392.33	29.00
392.53	66.00
392.74	60.00
392.94	56.00
393.14	21.00
393.34	-36.00
393.54	-17.00
393.75	18.00
393.95	-2.00
394.15	27.00
394.35	46.00
394.56	14.00
394.76	-25.00
394.96	41.00
395.16	101.00
395.36	105.00
395.57	15.00
395.77	-28.00
395.97	2.00
396.17	4.00
396.37	-62.00
396.58	-6.00
396.78	-32.00
396.98	9.00
397.18	90.00
397.38	15.00
397.59	43.00
397.79	52.00
397.99	85.00
398.19	-31.00
398.39	-34.00
398.60	-2.00
398.80	0.00
399.00	16.00
399.20	86.00
399.40	-9.00
399.61	43.00
399.81	88.00
400.01	124.00
400.21	53.00
400.41	45.00
400.62	51.00
400.82	38.00
401.02	24.00
401.22	12.00
401.42	-41.00
401.63	-16.00
401.83	-5.00
402.03	26.00
402.23	38.00
402.43	104.00
402.64	64.00
402.84	82.00
403.04	21.00
403.24	-5.00
403.44	10.00
403.64	-28.00
403.85	-11.00
404.05	45.00
404.25	98.00
404.45	61.00
404.65	62.00
404.86	-1.00
405.06	37.00
405.26	63.00
405.46	53.00
405.66	23.00
405.86	45.00
406.07	48.00
406.27	3.00
406.47	13.00
406.67	18.00
406.87	5.00
407.07	18.00
407.28	-16.00
407.48	-69.00
407.68	21.00
407.88	4.00
408.08	5.00
408.28	26.00
408.49	41.00
408.69	86.00
408.89	64.00
409.09	-1.00
409.29	-3.00
409.49	-18.00
409.70	105.00
409.90	84.00
410.10	76.00
410.30	88.00
410.50	23.00
410.70	52.00
410.91	32.00
411.11	74.00
411.31	72.00
411.51	57.00
411.71	46.00
411.91	66.00
412.12	17.00
412.32	56.00
412.52	32.00
412.72	47.00
412.92	73.00
413.12	79.00
413.32	30.00
413.53	92.00
413.73	63.00
413.93	98.00
414.13	52.00
414.33	39.00
414.53	106.00
414.74	39.00
414.94	-7.00
415.14	-20.00
415.34	8.00
415.54	15.00
415.74	44.00
415.94	37.00
416.15	64.00
416.35	42.00
416.55	18.00
416.75	26.00
416.95	62.00
417.15	68.00
417.35	57.00
417.56	93.00
417.76	113.00
417.96	55.00
418.16	38.00
418.36	164.00
418.56	96.00
418.76	-2.00
418.97	24.00
419.17	33.00
419.37	102.00
419.57	126.00
419.77	117.00
419.97	118.00
420.17	84.00
420.37	59.00
420.58	13.00
420.78	34.00
420.98	105.00
421.18	66.00
421.38	44.00
421.58	18.00
421.78	103.00
421.98	113.00
422.19	67.00
422.39	80.00
422.59	57.00
422.79	99.00
422.99	71.00
423.19	140.00
423.39	188.00
423.59	145.00
423.80	180.00
424.00	114.00
424.20	68.00
424.40	84.00
424.60	70.00
424.80	116.00
425.00	95.00
425.20	138.00
425.40	122.00
425.61	105.00
425.81	110.00
426.01	115.00
426.21	143.00
426.41	65.00
426.61	101.00
426.81	93.00
427.01	92.00
427.21	80.00
427.42	93.00
427.62	69.00
427.82	103.00
428.02	172.00
428.22	100.00
428.42	58.00
428.62	85.00
428.82	100.00
429.02	76.00
429.23	88.00
429.43	111.00
429.63	80.00
429.83	94.00
430.03	92.00
430.23	168.00
430.43	113.00
430.63	178.00
430.83	135.00
431.03	158.00
431.24	166.00
431.44	145.00
431.64	117.00
431.84	162.00
432.04	165.00
432.24	115.00
432.44	127.00
432.64	139.00
432.84	141.00
433.04	111.00
433.24	92.00
433.45	86.00
433.65	167.00
433.85	213.00
434.05	180.00
434.25	154.00
434.45	197.00
434.65	284.00
434.85	297.00
435.05	214.00
435.25	227.00
435.45	263.00
435.65	296.00
435.86	326.00
436.06	287.00
436.26	192.00
436.46	112.00
436.66	138.00
436.86	187.00
437.06	164.00
437.26	82.00
437.46	80.00
437.66	159.00
437.86	201.00
438.06	184.00
438.26	133.00
438.47	98.00
438.67	85.00
438.87	160.00
439.07	96.00
439.27	91.00
439.47	133.00
439.67	201.00
439.87	180.00
440.07	154.00
440.27	125.00
440.47	124.00
440.67	156.00
440.87	166.00
441.07	169.00
441.27	137.00
441.48	136.00
441.68	144.00
441.88	183.00
442.08	161.00
442.28	139.00
442.48	188.00
442.68	192.00
442.88	177.00
443.08	193.00
443.28	177.00
443.48	122.00
443.68	80.00
443.88	137.00
444.08	199.00
444.28	197.00
444.48	133.00
444.68	206.00
444.88	164.00
445.09	138.00
445.29	131.00
445.49	229.00
445.69	175.00
445.89	106.00
446.09	93.00
446.29	172.00
446.49	131.00
446.69	175.00
446.89	211.00
447.09	143.00
447.29	116.00
447.49	177.00
447.69	167.00
447.89	79.00
448.09	107.00
448.29	158.00
448.49	213.00
448.69	187.00
448.89	194.00
449.09	103.00
449.29	243.00
449.49	263.00
449.70	159.00
449.90	155.00
450.10	177.00
450.30	175.00
450.50	164.00
450.70	189.00
450.90	239.00
451.10	180.00
451.30	149.00
451.50	136.00
451.70	125.00
451.90	112.00
452.10	192.00
452.30	233.00
452.50	268.00
452.70	235.00
452.90	158.00
453.10	124.00
453.30	276.00
453.50	256.00
453.70	256.00
453.90	271.00
454.10	288.00
454.30	252.00
454.50	196.00
454.70	208.00
454.90	219.00
455.10	206.00
455.30	238.00
455.50	328.00
455.70	288.00
455.90	247.00
456.10	299.00
456.30	215.00
456.50	216.00
456.70	218.00
456.90	216.00
457.10	179.00
457.30	247.00
457.50	248.00
457.70	235.00
457.90	266.00
458.10	308.00
458.30	279.00
458.50	252.00
458.70	224.00
458.90	289.00
459.10	304.00
459.30	263.00
459.50	226.00
459.70	250.00
459.90	221.00
460.10	246.00
460.30	367.00
460.50	277.00
460.70	311.00
460.90	315.00
461.10	255.00
461.30	295.00
461.50	215.00
461.70	255.00
461.90	252.00
462.10	304.00
462.30	275.00
462.50	292.00
462.70	338.00
462.90	330.00
463.10	252.00
463.30	284.00
463.50	236.00
463.70	191.00
463.90	323.00
464.10	358.00
464.30	256.00
464.50	240.00
464.70	295.00
464.90	320.00
465.10	255.00
465.30	266.00
465.50	306.00
465.70	336.00
465.90	316.00
466.10	212.00
466.30	249.00
466.50	271.00
466.70	220.00
466.90	260.00
467.10	286.00
467.30	345.00
467.50	376.00
467.70	338.00
467.90	262.00
468.10	227.00
468.30	245.00
468.50	246.00
468.70	229.00
468.90	265.00
469.10	307.00
469.30	304.00
469.50	277.00
469.70	315.00
469.90	310.00
470.10	291.00
470.30	266.00
470.50	310.00
470.70	317.00
470.90	275.00
471.10	372.00
471.29	381.00
471.49	315.00
471.69	313.00
471.89	324.00
472.09	244.00
472.29	237.00
472.49	245.00
472.69	195.00
472.89	200.00
473.09	220.00
473.29	300.00
473.49	237.00
473.69	311.00
473.89	216.00
474.09	256.00
474.29	334.00
474.49	312.00
474.69	283.00
474.89	216.00
475.09	330.00
475.29	279.00
475.49	306.00
475.69	300.00
475.88	266.00
476.08	277.00
476.28	295.00
476.48	253.00
476.68	190.00
476.88	227.00
477.08	321.00
477.28	319.00
477.48	315.00
477.68	315.00
477.88	315.00
478.08	309.00
478.28	316.00
478.48	313.00
478.68	255.00
478.88	288.00
479.08	279.00
479.28	286.00
479.47	330.00
479.67	302.00
479.87	298.00
480.07	294.00
480.27	235.00
480.47	255.00
480.67	287.00
480.87	341.00
481.07	321.00
481.27	260.00
481.47	304.00
481.67	343.00
481.87	248.00
482.07	304.00
482.27	348.00
482.46	352.00
482.66	355.00
482.86	336.00
483.06	334.00
483.26	352.00
483.46	360.00
483.66	347.00
483.86	366.00
484.06	355.00
484.26	364.00
484.46	372.00
484.66	371.00
484.86	409.00
485.05	409.00
485.25	448.00
485.45	444.00
485.65	411.00
485.85	389.00
486.05	446.00
486.25	392.00
486.45	400.00
486.65	439.00
486.85	436.00
487.05	413.00
487.25	400.00
487.44	398.00
487.64	433.00
487.84	384.00
488.04	393.00
488.24	458.00
488.44	393.00
488.64	393.00
488.84	406.00
489.04	436.00
489.24	415.00
489.43	451.00
489.63	493.00
489.83	455.00
490.03	398.00
490.23	423.00
490.43	386.00
490.63	475.00
490.83	435.00
491.03	461.00
491.23	516.00
491.42	495.00
491.62	481.00
491.82	450.00
492.02	452.00
492.22	460.00
492.42	489.00
492.62	469.00
492.82	473.00
493.02	458.00
493.22	440.00
493.41	461.00
493.61	520.00
493.81	515.00
494.01	481.00
494.21	476.00
494.41	441.00
494.61	542.00
494.81	519.00
495.01	441.00
495.20	476.00
495.40	581.00
495.60	477.00
495.80	490.00
496.00	554.00
496.20	502.00
496.40	483.00
496.60	491.00
496.79	535.00
496.99	533.00
497.19	479.00
497.39	509.00
497.59	549.00
497.79	572.00
497.99	610.00
498.19	631.00
498.38	524.00
498.58	544.00
498.78	524.00
498.98	487.00
499.18	535.00
499.38	566.00
499.58	578.00
499.78	522.00
499.97	542.00
500.17	510.00
500.37	549.00
500.57	537.00
500.77	463.00
500.97	503.00
501.17	475.00
501.37	518.00
501.56	540.00
501.76	488.00
501.96	532.00
502.16	611.00
502.36	539.00
502.56	510.00
502.76	568.00
502.95	526.00
503.15	433.00
503.35	439.00
503.55	517.00
503.75	554.00
503.95	581.00
504.15	537.00
504.34	508.00
504.54	464.00
504.74	507.00
504.94	469.00
505.14	439.00
505.34	508.00
505.54	506.00
505.73	413.00
505.93	463.00
506.13	489.00
506.33	562.00
506.53	619.00
506.73	637.00
506.92	590.00
507.12	523.00
507.32	475.00
507.52	479.00
507.72	467.00
507.92	473.00
508.12	487.00
508.31	470.00
508.51	534.00
508.71	502.00
508.91	535.00
509.11	588.00
509.31	561.00
509.50	521.00
509.70	489.00
509.90	463.00
510.10	496.00
510.30	517.00
510.50	555.00
510.69	563.00
510.89	542.00
511.09	548.00
511.29	512.00
511.49	500.00
511.69	514.00
511.88	513.00
512.08	518.00
512.28	594.00
512.48	480.00
512.68	525.00
512.88	621.00
513.07	529.00
513.27	489.00
513.47	486.00
513.67	559.00
513.87	552.00
514.06	579.00
514.26	514.00
514.46	491.00
514.66	494.00
514.86	592.00
515.06	517.00
515.25	561.00
515.45	551.00
515.65	451.00
515.85	502.00
516.05	486.00
516.24	553.00
516.44	514.00
516.64	504.00
516.84	549.00
517.04	549.00
517.23	515.00
517.43	561.00
517.63	614.00
517.83	575.00
518.03	526.00
518.23	427.00
518.42	521.00
518.62	609.00
518.82	577.00
519.02	571.00
519.22	526.00
519.41	518.00
519.61	613.00
519.81	563.00
520.01	596.00
520.21	657.00
520.40	477.00
520.60	478.00
520.80	568.00
521.00	650.00
521.20	624.00
521.39	593.00
521.59	595.00
521.79	572.00
521.99	521.00
522.19	592.00
522.38	619.00
522.58	595.00
522.78	622.00
522.98	591.00
523.17	606.00
523.37	636.00
523.57	567.00
523.77	623.00
523.97	636.00
524.16	577.00
524.36	650.00
524.56	628.00
524.76	642.00
524.96	590.00
525.15	593.00
525.35	611.00
525.55	682.00
525.75	725.00
525.94	741.00
526.14	700.00
526.34	628.00
526.54	647.00
526.74	607.00
526.93	672.00
527.13	674.00
527.33	684.00
527.53	685.00
527.72	666.00
527.92	636.00
528.12	597.00
528.32	728.00
528.52	762.00
528.71	759.00
528.91	692.00
529.11	719.00
529.31	708.00
529.50	741.00
529.70	697.00
529.90	708.00
530.10	698.00
530.29	772.00
530.49	790.00
530.69	837.00
530.89	778.00
531.09	775.00
531.28	792.00
531.48	809.00
531.68	759.00
531.88	755.00
532.07	788.00
532.27	820.00
532.47	818.00
532.67	886.00
532.86	774.00
533.06	864.00
533.26	872.00
533.46	877.00
533.65	855.00
533.85	851.00
534.05	934.00
534.25	904.00
534.44	941.00
534.64	867.00
534.84	830.00
535.04	857.00
535.23	858.00
535.43	913.00
535.63	923.00
535.83	967.00
536.02	976.00
536.22	937.00
536.42	903.00
536.62	855.00
536.81	903.00
537.01	994.00
537.21	982.00
537.41	914.00
537.60	998.00
537.80	1015.00
538.00	985.00
538.20	1021.00
538.39	1111.00
538.59	1121.00
538.79	1110.00
538.99	1169.00
539.18	1206.00
539.38	1214.00
539.58	1187.00
539.77	1213.00
539.97	1270.00
540.17	1335.00
540.37	1329.00
540.56	1366.00
540.76	1522.00
540.96	1551.00
541.16	1610.00
541.35	1505.00
541.55	1589.00
541.75	1613.00
541.94	1640.00
542.14	1489.00
542.34	1495.00
542.54	1591.00
542.73	1488.00
542.93	1508.00
543.13	1491.00
543.33	1328.00
543.52	1355.00
543.72	1496.00
543.92	1616.00
544.11	1507.00
544.31	1560.00
544.51	1660.00
544.71	1650.00
544.90	1796.00
545.10	1779.00
545.30	1758.00
545.49	1768.00
545.69	1869.00
545.89	1862.00
546.09	1891.00
546.28	1961.00
546.48	1892.00
546.68	1648.00
546.87	1539.00
547.07	1401.00
547.27	1323.00
547.47	1292.00
547.66	1336.00
547.86	1319.00
548.06	1293.00
548.25	1260.00
548.45	1346.00
548.65	1276.00
548.84	1288.00
549.04	1203.00
549.24	1168.00
549.44	1223.00
549.63	1252.00
549.83	1236.00
550.03	1198.00
550.22	1176.00
550.42	1195.00
550.62	1198.00
550.81	1206.00
551.01	1141.00
551.21	1116.00
551.41	1181.00
551.60	1117.00
551.80	1091.00
552.00	1023.00
552.19	1132.00
552.39	1045.00
552.59	1104.00
552.78	1039.00
552.98	993.00
553.18	1088.00
553.37	1047.00
553.57	1052.00
553.77	1005.00
553.96	1013.00
554.16	1052.00
554.36	1093.00
554.56	1024.00
554.75	1043.00
554.95	948.00
555.15	982.00
555.34	984.00
555.54	974.00
555.74	927.00
555.93	954.00
556.13	969.00
556.33	936.00
556.52	989.00
556.72	976.00
556.92	1021.00
557.11	987.00
557.31	912.00
557.51	952.00
557.70	948.00
557.90	951.00
558.10	923.00
558.29	890.00
558.49	856.00
558.69	862.00
558.88	875.00
559.08	873.00
559.28	815.00
559.47	890.00
559.67	937.00
559.87	914.00
560.06	889.00
560.26	970.00
560.46	967.00
560.65	857.00
560.85	885.00
561.05	907.00
561.24	895.00
561.44	886.00
561.64	964.00
561.83	917.00
562.03	959.00
562.23	987.00
562.42	999.00
562.62	914.00
562.82	903.00
563.01	979.00
563.21	957.00
563.40	921.00
563.60	1015.00
563.80	987.00
563.99	1004.00
564.19	963.00
564.39	1021.00
564.58	999.00
564.78	971.00
564.98	1030.00
565.17	935.00
565.37	874.00
565.57	946.00
565.76	959.00
565.96	973.00
566.16	980.00
566.35	1013.00
566.55	1001.00
566.74	988.00
566.94	965.00
567.14	1112.00
567.33	1138.00
567.53	1099.00
567.73	1132.00
567.92	1014.00
568.12	980.00
568.32	1041.00
568.51	1056.00
568.71	1106.00
568.90	1055.00
569.10	1068.00
569.30	1013.00
569.49	1056.00
569.69	1075.00
569.89	1148.00
570.08	988.00
570.28	1001.00
570.47	1102.00
570.67	1096.00
570.87	1056.00
571.06	1048.00
571.26	1048.00
571.46	1065.00
571.65	1078.00
571.85	1088.00
572.04	1148.00
572.24	1196.00
572.44	1141.00
572.63	1143.00
572.83	1038.00
573.03	994.00
573.22	1194.00
573.42	1164.00
573.61	1099.00
573.81	1115.00
574.01	1195.00
574.20	1263.00
574.40	1208.00
574.59	1152.00
574.79	1218.00
574.99	1200.00
575.18	1121.00
575.38	1214.00
575.58	1248.00
575.77	1225.00
575.97	1302.00
576.16	1344.00
576.36	1407.00
576.56	1430.00
576.75	1367.00
576.95	1297.00
577.14	1330.00
577.34	1453.00
577.54	1425.00
577.73	1370.00
577.93	1323.00
578.12	1397.00
578.32	1419.00
578.52	1398.00
578.71	1431.00
578.91	1493.00
579.10	1505.00
579.30	1572.00
579.50	1547.00
579.69	1480.00
579.89	1480.00
580.08	1486.00
580.28	1548.00
580.48	1540.00
580.67	1532.00
580.87	1512.00
581.06	1537.00
581.26	1592.00
581.45	1572.00
581.65	1646.00
581.85	1622.00
582.04	1552.00
582.24	1516.00
582.43	1610.00
582.63	1627.00
582.83	1607.00
583.02	1694.00
583.22	1748.00
583.41	1721.00
583.61	1789.00
583.80	1768.00
584.00	1771.00
584.20	1728.00
584.39	1751.00
584.59	1764.00
584.78	1796.00
584.98	1722.00
585.17	1804.00
585.37	1793.00
585.57	1764.00
585.76	1812.00
585.96	1915.00
586.15	1934.00
586.35	1904.00
586.54	1942.00
586.74	1948.00
586.94	2123.00
587.13	2017.00
587.33	2056.00
587.52	2005.00
587.72	1990.00
587.91	2095.00
588.11	2064.00
588.31	2050.00
588.50	2071.00
588.70	1985.00
588.89	2067.00
589.09	2004.00
589.28	2025.00
589.48	2044.00
589.68	2037.00
589.87	2010.00
590.07	2040.00
590.26	2042.00
590.46	2078.00
590.65	1948.00
590.85	2115.00
591.04	2162.00
591.24	2129.00
591.44	2037.00
591.63	2096.00
591.83	2200.00
592.02	2135.00
592.22	2165.00
592.41	2193.00
592.61	2280.00
592.80	2242.00
593.00	2329.00
593.19	2385.00
593.39	2353.00
593.59	2406.00
593.78	2293.00
593.98	2291.00
594.17	2311.00
594.37	2248.00
594.56	2291.00
594.76	2296.00
594.95	2252.00
595.15	2233.00
595.34	2272.00
595.54	2209.00
595.73	2246.00
595.93	2298.00
596.13	2315.00
596.32	2312.00
596.52	2315.00
596.71	2343.00
596.91	2383.00
597.10	2405.00
597.30	2348.00
597.49	2325.00
597.69	2353.00
597.88	2365.00
598.08	2318.00
598.27	2376.00
598.47	2467.00
598.66	2495.00
598.86	2378.00
599.06	2439.00
599.25	2368.00
599.45	2324.00
599.64	2464.00
599.84	2349.00
600.03	2455.00
600.23	2458.00
600.42	2388.00
600.62	2350.00
600.81	2279.00
601.01	2372.00
601.20	2281.00
601.40	2310.00
601.59	2339.00
601.79	2288.00
601.98	2334.00
602.18	2321.00
602.37	2281.00
602.57	2279.00
602.76	2284.00
602.96	2267.00
603.15	2218.00
603.35	2290.00
603.54	2273.00
603.74	2166.00
603.93	2283.00
604.13	2259.00
604.32	2285.00
604.52	2318.00
604.71	2215.00
604.91	2255.00
605.10	2267.00
605.30	2264.00
605.49	2229.00
605.69	2161.00
605.88	2203.00
606.08	2279.00
606.27	2228.00
606.47	2250.00
606.66	2271.00
606.86	2231.00
607.05	2315.00
607.25	2194.00
607.44	2197.00
607.64	2206.00
607.83	2254.00
608.03	2308.00
608.22	2259.00
608.42	2234.00
608.61	2243.00
608.81	2227.00
609.00	2304.00
609.20	2398.00
609.39	2363.00
609.59	2421.00
609.78	2478.00
609.98	2548.00
610.17	2625.00
610.37	2930.00
610.56	3075.00
610.76	3333.00
610.95	3342.00
611.15	3469.00
611.34	3501.00
611.54	3569.00
611.73	3464.00
611.93	3205.00
612.12	2872.00
612.32	2785.00
612.51	2705.00
612.71	2568.00
612.90	2475.00
613.09	2484.00
613.29	2542.00
613.48	2393.00
613.68	2464.00
613.87	2449.00
614.07	2400.00
614.26	2361.00
614.46	2280.00
614.65	2272.00
614.85	2277.00
615.04	2242.00
615.24	2300.00
615.43	2158.00
615.63	2170.00
615.82	2217.00
616.02	2111.00
616.21	2048.00
616.40	1957.00
616.60	2039.00
616.79	2064.00
616.99	2060.00
617.18	2038.00
617.38	2097.00
617.57	2122.00
617.77	2090.00
617.96	2052.00
618.16	2151.00
618.35	2109.00
618.54	2025.00
618.74	2065.00
618.93	2072.00
619.13	2058.00
619.32	2042.00
619.52	2044.00
619.71	2067.00
619.91	2132.00
620.10	2127.00
620.30	2073.00
620.49	2174.00
620.68	2118.00
620.88	2068.00
621.07	2108.00
621.27	2073.00
621.46	2117.00
621.66	2001.00
621.85	2098.00
622.05	2244.00
622.24	2117.00
622.43	2117.00
622.63	2215.00
622.82	2221.00
623.02	2250.00
623.21	2249.00
623.41	2241.00
623.60	2233.00
623.80	2148.00
623.99	2115.00
624.18	2146.00
624.38	2121.00
624.57	2194.00
624.77	2222.00
624.96	2259.00
625.16	2213.00
625.35	2150.00
625.54	2273.00
625.74	2369.00
625.93	2321.00
626.13	2231.00
626.32	2213.00
626.52	2280.00
626.71	2275.00
626.90	2287.00
627.10	2302.00
627.29	2271.00
627.49	2286.00
627.68	2222.00
627.88	2199.00
628.07	2247.00
628.26	2260.00
628.46	2345.00
628.65	2287.00
628.85	2365.00
629.04	2408.00
629.23	2414.00
629.43	2351.00
629.62	2308.00
629.82	2386.00
630.01	2440.00
630.21	2437.00
630.40	2568.00
630.59	2660.00
630.79	2549.00
630.98	2548.00
631.18	2592.00
631.37	2590.00
631.56	2608.00
631.76	2513.00
631.95	2524.00
632.15	2582.00
632.34	2473.00
632.53	2450.00
632.73	2416.00
632.92	2468.00
633.12	2463.00
633.31	2501.00
633.50	2493.00
633.70	2568.00
633.89	2568.00
634.09	2516.00
634.28	2507.00
634.47	2517.00
634.67	2546.00
634.86	2568.00
635.06	2586.00
635.25	2628.00
635.44	2704.00
635.64	2717.00
635.83	2644.00
636.03	2647.00
636.22	2734.00
636.41	2698.00
636.61	2646.00
636.80	2678.00
637.00	2662.00
637.19	2605.00
637.38	2641.00
637.58	2695.00
637.77	2741.00
637.96	2741.00
638.16	2813.00
638.35	2745.00
638.55	2853.00
638.74	2873.00
638.93	2926.00
639.13	2875.00
639.32	2881.00
639.51	2774.00
639.71	2832.00
639.90	2957.00
640.10	2940.00
640.29	2853.00
640.48	2849.00
640.68	2734.00
640.87	2887.00
641.07	3008.00
641.26	2980.00
641.45	2925.00
641.65	2943.00
641.84	2965.00
642.03	2928.00
642.23	2958.00
642.42	3008.00
642.61	2988.00
642.81	3032.00
643.00	3026.00
643.20	3101.00
643.39	3064.00
643.58	3034.00
643.78	3024.00
643.97	3025.00
644.16	3124.00
644.36	3138.00
644.55	3163.00
644.74	3252.00
644.94	3274.00
645.13	3218.00
645.33	3223.00
645.52	3178.00
645.71	3138.00
645.91	3237.00
646.10	3259.00
646.29	3265.00
646.49	3335.00
646.68	3295.00
646.87	3228.00
647.07	3310.00
647.26	3254.00
647.45	3277.00
647.65	3320.00
647.84	3196.00
648.03	3255.00
648.23	3327.00
648.42	3322.00
648.62	3366.00
648.81	3432.00
649.00	3464.00
649.20	3356.00
649.39	3293.00
649.58	3287.00
649.78	3412.00
649.97	3432.00
650.16	3486.00
650.36	3413.00
650.55	3431.00
650.74	3414.00
650.94	3368.00
651.13	3545.00
651.32	3595.00
651.52	3493.00
651.71	3409.00
651.90	3438.00
652.10	3434.00
652.29	3420.00
652.48	3381.00
652.68	3438.00
652.87	3509.00
653.06	3429.00
653.26	3474.00
653.45	3434.00
653.64	3399.00
653.84	3439.00
654.03	3480.00
654.22	3441.00
654.42	3389.00
654.61	3469.00
654.80	3443.00
654.99	3460.00
655.19	3461.00
655.38	3474.00
655.57	3545.00
655.77	3469.00
655.96	3456.00
656.15	3393.00
656.35	3479.00
656.54	3459.00
656.73	3431.00
656.93	3344.00
657.12	3419.00
657.31	3400.00
657.51	3412.00
657.70	3345.00
657.89	3382.00
658.09	3407.00
658.28	3458.00
658.47	3516.00
658.66	3458.00
658.86	3467.00
659.05	3472.00
659.24	3533.00
659.44	3464.00
659.63	3401.00
659.82	3429.00
660.02	3476.00
660.21	3338.00
660.40	3316.00
660.60	3302.00
660.79	3259.00
660.98	3372.00
661.17	3349.00
661.37	3386.00
661.56	3363.00
661.75	3340.00
661.95	3338.00
662.14	3422.00
662.33	3375.00
662.52	3499.00
662.72	3478.00
662.91	3389.00
663.10	3397.00
663.30	3396.00
663.49	3407.00
663.68	3335.00
663.88	3323.00
664.07	3362.00
664.26	3320.00
664.45	3251.00
664.65	3269.00
664.84	3298.00
665.03	3365.00
665.23	3340.00
665.42	3219.00
665.61	3215.00
665.80	3309.00
666.00	3279.00
666.19	3232.00
666.38	3229.00
666.57	3225.00
666.77	3193.00
666.96	3188.00
667.15	3230.00
667.35	3154.00
667.54	3158.00
667.73	3288.00
667.92	3106.00
668.12	3075.00
668.31	3171.00
668.50	3163.00
668.70	3178.00
668.89	3161.00
669.08	3158.00
669.27	3128.00
669.47	3239.00
669.66	3185.00
669.85	3088.00
670.04	3047.00
670.24	3122.00
670.43	3145.00
670.62	3202.00
670.81	3116.00
671.01	3135.00
671.20	3071.00
671.39	3103.00
671.58	3143.00
671.78	3166.00
671.97	3110.00
672.16	2976.00
672.36	2935.00
672.55	3017.00
672.74	2977.00
672.93	2999.00
673.13	2972.00
673.32	3017.00
673.51	2974.00
673.70	2990.00
673.90	3051.00
674.09	3036.00
674.28	2996.00
674.47	3013.00
674.67	2979.00
674.86	3011.00
675.05	3006.00
675.24	2882.00
675.44	2943.00
675.63	2909.00
675.82	2970.00
676.01	2949.00
676.21	2995.00
676.40	2939.00
676.59	2957.00
676.78	2941.00
676.97	2993.00
677.17	2860.00
677.36	2911.00
677.55	2852.00
677.74	2813.00
677.94	2874.00
678.13	2934.00
678.32	2982.00
678.51	2926.00
678.71	2916.00
678.90	2979.00
679.09	2999.00
679.28	2999.00
679.48	2973.00
679.67	2966.00
679.86	2915.00
680.05	2904.00
680.24	2848.00
680.44	2846.00
680.63	2835.00
680.82	2882.00
681.01	2806.00
681.21	2750.00
681.40	2753.00
681.59	2846.00
681.78	2913.00
681.97	2849.00
682.17	2767.00
682.36	2822.00
682.55	2827.00
682.74	2832.00
682.94	2778.00
683.13	2833.00
683.32	2873.00
683.51	2881.00
683.70	2810.00
683.90	2827.00
684.09	2816.00
684.28	2799.00
684.47	2754.00
684.66	2665.00
684.86	2689.00
685.05	2754.00
685.24	2704.00
685.43	2745.00
685.63	2765.00
685.82	2672.00
686.01	2763.00
686.20	2768.00
686.39	2797.00
686.59	2743.00
686.78	2806.00
686.97	2881.00
687.16	2868.00
687.35	2890.00
687.55	2815.00
687.74	2773.00
687.93	2839.00
688.12	2860.00
688.31	2889.00
688.51	2773.00
688.70	2777.00
688.89	2761.00
689.08	2740.00
689.27	2688.00
689.47	2709.00
689.66	2742.00
689.85	2727.00
690.04	2716.00
690.23	2740.00
690.42	2649.00
690.62	2729.00
690.81	2688.00
691.00	2710.00
691.19	2674.00
691.38	2661.00
691.58	2764.00
691.77	2696.00
691.96	2727.00
692.15	2809.00
692.34	2781.00
692.54	2670.00
692.73	2664.00
692.92	2659.00
693.11	2730.00
693.30	2899.00
693.49	2813.00
693.69	2748.00
693.88	2742.00
694.07	2811.00
694.26	2745.00
694.45	2694.00
694.64	2730.00
694.84	2729.00
695.03	2724.00
695.22	2675.00
695.41	2709.00
695.60	2809.00
695.80	2906.00
695.99	2730.00
696.18	2688.00
696.37	2685.00
696.56	2767.00
696.75	2787.00
696.95	2671.00
697.14	2730.00
697.33	2856.00
697.52	2837.00
697.71	2808.00
697.90	2882.00
698.09	2921.00
698.29	2876.00
698.48	2901.00
698.67	2920.00
698.86	2785.00
699.05	2834.00
699.24	2802.00
699.44	2813.00
699.63	2854.00
699.82	2791.00
700.01	2873.00
700.20	2863.00
700.39	2851.00
700.58	2763.00
700.78	2781.00
700.97	2813.00
701.16	2844.00
701.35	2945.00
701.54	2791.00
701.73	2914.00
701.93	2950.00
702.12	2906.00
702.31	3006.00
702.50	3000.00
702.69	2861.00
702.88	2961.00
703.07	3031.00
703.27	3005.00
703.46	3014.00
703.65	3036.00
703.84	3120.00
704.03	2987.00
704.22	2904.00
704.41	3131.00
704.60	3044.00
704.80	3004.00
704.99	2988.00
705.18	3042.00
705.37	3081.00
705.56	3072.00
705.75	2976.00
705.94	3026.00
706.14	3149.00
706.33	3163.00
706.52	3116.00
706.71	3190.00
706.90	3157.00
707.09	3265.00
707.28	3195.00
707.47	3132.00
707.67	3209.00
707.86	3247.00
708.05	3221.00
708.24	3271.00
708.43	3356.00
708.62	3423.00
708.81	3379.00
709.00	3368.00
709.20	3309.00
709.39	3386.00
709.58	3431.00
709.77	3372.00
709.96	3374.00
710.15	3301.00
710.34	3177.00
710.53	3237.00
710.72	3266.00
710.92	3293.00
711.11	3384.00
711.30	3263.00
711.49	3231.00
711.68	3361.00
711.87	3412.00
712.06	3448.00
712.25	3465.00
712.44	3572.00
712.64	3543.00
712.83	3446.00
713.02	3482.00
713.21	3420.00
713.40	3460.00
713.59	3489.00
713.78	3485.00
713.97	3427.00
714.16	3436.00
714.35	3518.00
714.55	3415.00
714.74	3477.00
714.93	3467.00
715.12	3426.00
715.31	3499.00
715.50	3529.00
715.69	3504.00
715.88	3503.00
716.07	3527.00
716.26	3551.00
716.45	3446.00
716.65	3488.00
716.84	3523.00
717.03	3539.00
717.22	3578.00
717.41	3529.00
717.60	3462.00
717.79	3509.00
717.98	3447.00
718.17	3537.00
718.36	3539.00
718.55	3563.00
718.75	3620.00
718.94	3599.00
719.13	3689.00
719.32	3683.00
719.51	3646.00
719.70	3642.00
719.89	3690.00
720.08	3576.00
720.27	3770.00
720.46	3829.00
720.65	3599.00
720.84	3593.00
721.03	3606.00
721.22	3583.00
721.42	3526.00
721.61	3580.00
721.80	3555.00
721.99	3599.00
722.18	3616.00
722.37	3665.00
722.56	3590.00
722.75	3526.00
722.94	3585.00
723.13	3554.00
723.32	3540.00
723.51	3655.00
723.70	3605.00
723.89	3639.00
724.08	3617.00
724.28	3606.00
724.47	3576.00
724.66	3559.00
724.85	3619.00
725.04	3759.00
725.23	3669.00
725.42	3696.00
725.61	3777.00
725.80	3642.00
725.99	3604.00
726.18	3619.00
726.37	3676.00
726.56	3636.00
726.75	3665.00
726.94	3742.00
727.13	3730.00
727.32	3628.00
727.51	3578.00
727.71	3458.00
727.90	3529.00
728.09	3685.00
728.28	3690.00
728.47	3655.00
728.66	3663.00
728.85	3648.00
729.04	3617.00
729.23	3523.00
729.42	3580.00
729.61	3535.00
729.80	3620.00
729.99	3651.00
730.18	3600.00
730.37	3540.00
730.56	3550.00
730.75	3724.00
730.94	3672.00
731.13	3666.00
731.32	3666.00
731.51	3643.00
731.70	3620.00
731.89	3780.00
732.08	3747.00
732.27	3579.00
732.46	3668.00
732.65	3752.00
732.84	3624.00
733.04	3522.00
733.23	3606.00
733.42	3658.00
733.61	3596.00
733.80	3570.00
733.99	3613.00
734.18	3585.00
734.37	3511.00
734.56	3504.00
734.75	3613.00
734.94	3508.00
735.13	3488.00
735.32	3524.00
735.51	3446.00
735.70	3433.00
735.89	3502.00
736.08	3434.00
736.27	3428.00
736.46	3407.00
736.65	3484.00
736.84	3417.00
737.03	3461.00
737.22	3470.00
737.41	3490.00
737.60	3442.00
737.79	3578.00
737.98	3516.00
738.17	3425.00
738.36	3433.00
738.55	3529.00
738.74	3433.00
738.93	3398.00
739.12	3413.00
739.31	3556.00
739.50	3549.00
739.69	3362.00
739.88	3409.00
740.07	3494.00
740.26	3452.00
740.45	3461.00
740.64	3361.00
740.83	3246.00
741.02	3305.00
741.21	3436.00
741.40	3378.00
741.59	3249.00
741.78	3263.00
741.97	3248.00
742.16	3194.00
742.35	3227.00
742.54	3253.00
742.73	3181.00
742.92	3170.00
743.11	3293.00
743.30	3190.00
743.49	3149.00
743.68	3205.00
743.87	3235.00
744.06	3189.00
744.25	3187.00
744.44	3338.00
744.63	3236.00
744.82	3139.00
745.01	3178.00
745.20	3268.00
745.39	3187.00
745.58	3156.00
745.77	3118.00
745.96	3077.00
746.15	3198.00
746.34	3173.00
746.52	3170.00
746.71	3085.00
746.90	3065.00
747.09	3087.00
747.28	3080.00
747.47	3045.00
747.66	2989.00
747.85	3042.00
748.04	3127.00
748.23	3068.00
748.42	2984.00
748.61	2997.00
748.80	3021.00
748.99	3068.00
749.18	2924.00
749.37	2968.00
749.56	3038.00
749.75	3106.00
749.94	2926.00
750.13	2840.00
750.32	2878.00
750.51	2905.00
750.70	2901.00
750.89	2871.00
751.08	2796.00
751.27	2855.00
751.46	2913.00
751.64	2924.00
751.83	2924.00
752.02	2894.00
752.21	2900.00
752.40	2909.00
752.59	2910.00
752.78	2912.00
752.97	2865.00
753.16	2796.00
753.35	2809.00
753.54	2857.00
753.73	2794.00
753.92	2854.00
754.11	2730.00
754.30	2814.00
754.49	2864.00
754.68	2881.00
754.87	2791.00
755.06	2797.00
755.24	2733.00
755.43	2724.00
755.62	2838.00
755.81	2748.00
756.00	2801.00
756.19	2833.00
756.38	2768.00
756.57	2851.00
756.76	2800.00
756.95	2740.00
757.14	2734.00
757.33	2734.00
757.52	2779.00
757.71	2716.00
757.90	2794.00
758.08	2775.00
758.27	2661.00
758.46	2640.00
758.65	2678.00
758.84	2585.00
759.03	2657.00
759.22	2649.00
759.41	2718.00
759.60	2629.00
759.79	2607.00
759.98	2609.00
760.17	2643.00
760.36	2575.00
760.54	2656.00
760.73	2658.00
760.92	2659.00
761.11	2588.00
761.30	2527.00
761.49	2482.00
761.68	2459.00
761.87	2466.00
762.06	2460.00
762.25	2478.00
762.44	2293.00
762.63	2282.00
762.81	2333.00
763.00	2400.00
763.19	2331.00
763.38	2231.00
763.57	2313.00
763.76	2286.00
763.95	2234.00
764.14	2217.00
764.33	2236.00
764.52	2154.00
764.71	2195.00
764.89	2265.00
765.08	2278.00
765.27	2272.00
765.46	2289.00
765.65	2265.00
765.84	2277.00
766.03	2339.00
766.22	2322.00
766.41	2295.00
766.59	2253.00
766.78	2366.00
766.97	2405.00
767.16	2373.00
767.35	2339.00
767.54	2440.00
767.73	2453.00
767.92	2407.00
768.11	2465.00
768.30	2368.00
768.48	2454.00
768.67	2604.00
768.86	2538.00
769.05	2603.00
769.24	2592.00
769.43	2503.00
769.62	2596.00
769.81	2609.00
769.99	2469.00
770.18	2436.00
770.37	2445.00
770.56	2490.00
770.75	2486.00
770.94	2464.00
771.13	2508.00
771.32	2510.00
771.50	2505.00
771.69	2559.00
771.88	2446.00
772.07	2560.00
772.26	2559.00
772.45	2469.00
772.64	2373.00
772.83	2459.00
773.01	2454.00
773.20	2405.00
773.39	2380.00
773.58	2525.00
773.77	2575.00
773.96	2489.00
774.15	2406.00
774.34	2404.00
774.52	2492.00
774.71	2491.00
774.90	2570.00
775.09	2471.00
775.28	2434.00
775.47	2424.00
775.66	2371.00
775.84	2341.00
776.03	2344.00
776.22	2381.00
776.41	2404.00
776.60	2361.00
776.79	2421.00
776.98	2284.00
777.16	2311.00
777.35	2434.00
777.54	2533.00
777.73	2463.00
777.92	2494.00
778.11	2451.00
778.29	2319.00
778.48	2369.00
778.67	2501.00
778.86	2457.00
779.05	2398.00
779.24	2423.00
779.43	2443.00
779.61	2326.00
779.80	2350.00
779.99	2425.00
780.18	2408.00
780.37	2368.00
780.56	2429.00
780.74	2493.00
780.93	2360.00
781.12	2384.00
781.31	2452.00
781.50	2481.00
781.69	2497.00
781.87	2524.00
782.06	2488.00
782.25	2462.00
782.44	2424.00
782.63	2427.00
782.82	2432.00
783.00	2386.00
783.19	2383.00
783.38	2324.00
783.57	2460.00
783.76	2380.00
783.95	2391.00
784.13	2420.00
784.32	2474.00
784.51	2474.00
784.70	2430.00
784.89	2431.00
785.08	2460.00
785.26	2445.00
785.45	2407.00
785.64	2393.00
785.83	2377.00
786.02	2428.00
786.20	2479.00
786.39	2483.00
786.58	2432.00
786.77	2425.00
786.96	2394.00
787.15	2538.00
787.33	2476.00
787.52	2516.00
787.71	2522.00
787.90	2551.00
788.09	2509.00
788.27	2524.00
788.46	2534.00
788.65	2437.00
788.84	2566.00
789.03	2491.00
789.21	2502.00
789.40	2581.00
789.59	2508.00
789.78	2491.00
789.97	2548.00
790.15	2493.00
790.34	2472.00
790.53	2534.00
790.72	2660.00
790.91	2608.00
791.09	2595.00
791.28	2646.00
791.47	2593.00
791.66	2462.00
791.85	2572.00
792.03	2663.00
792.22	2625.00
792.41	2606.00
792.60	2635.00
792.79	2582.00
792.97	2510.00
793.16	2579.00
793.35	2541.00
793.54	2615.00
793.72	2631.00
793.91	2663.00
794.10	2613.00
794.29	2605.00
794.48	2657.00
794.66	2666.00
794.85	2671.00
795.04	2664.00
795.23	2589.00
795.42	2642.00
795.60	2687.00
795.79	2571.00
795.98	2674.00
796.17	2728.00
796.35	2713.00
796.54	2662.00
796.73	2694.00
796.92	2581.00
797.11	2624.00
797.29	2568.00
797.48	2565.00
797.67	2697.00
797.86	2670.00
798.04	2680.00
798.23	2626.00
798.42	2662.00
798.61	2630.00
798.79	2671.00
798.98	2720.00
799.17	2721.00
799.36	2603.00
799.54	2703.00
799.73	2683.00
799.92	2620.00
800.11	2676.00
800.30	2661.00
800.48	2676.00
800.67	2652.00
800.86	2574.00
801.05	2600.00
801.23	2658.00
801.42	2718.00
801.61	2756.00
801.80	2655.00
801.98	2614.00
802.17	2655.00
802.36	2759.00
802.55	2808.00
802.73	2690.00
802.92	2645.00
803.11	2678.00
803.30	2691.00
803.48	2752.00
803.67	2773.00
803.86	2784.00
804.05	2769.00
804.23	2723.00
804.42	2756.00
804.61	2780.00
804.80	2748.00
804.98	2667.00
805.17	2700.00
805.36	2778.00
805.54	2732.00
805.73	2700.00
805.92	2723.00
806.11	2668.00
806.29	2719.00
806.48	2746.00
806.67	2678.00
806.86	2771.00
807.04	2750.00
807.23	2714.00
807.42	2723.00
807.61	2781.00
807.79	2769.00
807.98	2693.00
808.17	2765.00
808.35	2728.00
808.54	2736.00
808.73	2721.00
808.92	2753.00
809.10	2737.00
809.29	2660.00
809.48	2726.00
809.67	2765.00
809.85	2792.00
810.04	2757.00
810.23	2648.00
810.41	2683.00
810.60	2739.00
810.79	2738.00
810.98	2790.00
811.16	2788.00
811.35	2788.00
811.54	2774.00
811.72	2751.00
811.91	2739.00
812.10	2654.00
812.29	2582.00
812.47	2675.00
812.66	2669.00
812.85	2604.00
813.03	2603.00
813.22	2625.00
813.41	2587.00
813.60	2665.00
813.78	2688.00
813.97	2604.00
814.16	2633.00
814.34	2727.00
814.53	2665.00
814.72	2652.00
814.90	2714.00
815.09	2815.00
815.28	2689.00
815.47	2694.00
815.65	2672.00
815.84	2709.00
816.03	2647.00
816.21	2692.00
816.40	2715.00
816.59	2734.00
816.77	2671.00
816.96	2738.00
817.15	2690.00
817.33	2668.00
817.52	2719.00
817.71	2698.00
817.90	2621.00
818.08	2587.00
818.27	2624.00
818.46	2687.00
818.64	2769.00
818.83	2699.00
819.02	2735.00
819.20	2698.00
819.39	2807.00
819.58	2848.00
819.76	2695.00
819.95	2770.00
820.14	2741.00
820.32	2668.00
820.51	2630.00
820.70	2647.00
820.88	2745.00
821.07	2751.00
821.26	2672.00
821.44	2755.00
821.63	2675.00
821.82	2696.00
822.01	2669.00
822.19	2744.00
822.38	2722.00
822.57	2636.00
822.75	2642.00
822.94	2651.00
823.13	2718.00
823.31	2691.00
823.50	2726.00
823.69	2701.00
823.87	2565.00
824.06	2743.00
824.25	2763.00
824.43	2641.00
824.62	2724.00
824.80	2648.00
824.99	2607.00
825.18	2597.00
825.36	2511.00
825.55	2528.00
825.74	2610.00
825.92	2684.00
826.11	2678.00
826.30	2615.00
826.48	2658.00
826.67	2639.00
826.86	2482.00
827.04	2533.00
827.23	2658.00
827.42	2565.00
827.60	2699.00
827.79	2573.00
827.98	2510.00
828.16	2491.00
828.35	2570.00
828.54	2574.00
828.72	2693.00
828.91	2641.00
829.09	2550.00
829.28	2603.00
829.47	2585.00
829.65	2545.00
829.84	2501.00
830.03	2497.00
830.21	2490.00
830.40	2519.00
830.59	2514.00
830.77	2525.00
830.96	2413.00
831.14	2461.00
831.33	2525.00
831.52	2415.00
831.70	2440.00
831.89	2567.00
832.08	2607.00
832.26	2576.00
832.45	2519.00
832.64	2488.00
832.82	2450.00
833.01	2491.00
833.19	2412.00
833.38	2402.00
833.57	2392.00
833.75	2439.00
833.94	2450.00
834.13	2424.00
834.31	2497.00
834.50	2540.00
834.68	2483.00
834.87	2477.00
835.06	2536.00
835.24	2499.00
835.43	2428.00
835.61	2416.00
835.80	2451.00
835.99	2448.00
836.17	2488.00
836.36	2396.00
836.55	2416.00
836.73	2485.00
836.92	2502.00
837.10	2400.00
837.29	2420.00
837.48	2372.00
837.66	2447.00
837.85	2469.00
838.03	2428.00
838.22	2408.00
838.41	2352.00
838.59	2326.00
838.78	2359.00
838.96	2328.00
839.15	2360.00
839.34	2400.00
839.52	2409.00
839.71	2336.00
839.89	2398.00
840.08	2448.00
840.27	2424.00
840.45	2341.00
840.64	2340.00
840.82	2345.00
841.01	2378.00
841.20	2340.00
841.38	2325.00
841.57	2298.00
841.75	2271.00
841.94	2321.00
842.13	2424.00
842.31	2339.00
842.50	2251.00
842.68	2206.00
842.87	2211.00
843.05	2312.00
843.24	2290.00
843.43	2251.00
843.61	2261.00
843.80	2184.00
843.98	2130.00
844.17	2191.00
844.36	2200.00
844.54	2161.00
844.73	2228.00
844.91	2295.00
845.10	2301.00
845.28	2116.00
845.47	2120.00
845.66	2240.00
845.84	2239.00
846.03	2212.00
846.21	2138.00
846.40	2092.00
846.58	2116.00
846.77	2066.00
846.96	2076.00
847.14	2069.00
847.33	2176.00
847.51	2268.00
847.70	2111.00
847.88	2130.00
848.07	2159.00
848.25	2188.00
848.44	2204.00
848.63	2149.00
848.81	2039.00
849.00	2017.00
849.18	2128.00
849.37	2072.00
849.55	2055.00
849.74	2071.00
849.93	2045.00
850.11	2092.00
850.30	2046.00
850.48	2043.00
850.67	2072.00
850.85	2040.00
851.04	2060.00
851.22	2039.00
851.41	2018.00
851.59	2056.00
851.78	2084.00
851.97	2074.00
852.15	2131.00
852.34	2041.00
852.52	2050.00
852.71	2012.00
852.89	1973.00
853.08	2023.00
853.26	1957.00
853.45	2021.00
853.63	2044.00
853.82	2031.00
854.01	2023.00
854.19	2027.00
854.38	2059.00
854.56	2012.00
854.75	2100.00
854.93	1970.00
855.12	1883.00
855.30	1917.00
855.49	1954.00
855.67	2008.00
855.86	1937.00
856.04	2048.00
856.23	1967.00
856.41	1963.00
856.60	1984.00
856.79	1865.00
856.97	1948.00
857.16	1841.00
857.34	1971.00
857.53	1876.00
857.71	1909.00
857.90	1822.00
858.08	1902.00
858.27	1917.00
858.45	1942.00
858.64	1993.00
858.82	2001.00
859.01	1897.00
859.19	1917.00
859.38	1887.00
859.56	1888.00
859.75	1879.00
859.93	1876.00
860.12	1786.00
860.30	1839.00
860.49	1856.00
860.67	1832.00
860.86	1892.00
861.04	1851.00
861.23	1891.00
861.41	1780.00
861.60	1820.00
861.78	1946.00
861.97	1949.00
862.15	1850.00
862.34	1820.00
862.53	1828.00
862.71	1843.00
862.90	1764.00
863.08	1777.00
863.27	1736.00
863.45	1720.00
863.64	1761.00
863.82	1772.00
864.01	1735.00
864.19	1698.00
864.37	1722.00
864.56	1840.00
864.74	1738.00
864.93	1665.00
865.11	1701.00
865.30	1801.00
865.48	1740.00
865.67	1731.00
865.85	1747.00
866.04	1735.00
866.22	1738.00
866.41	1710.00
866.59	1643.00
866.78	1769.00
866.96	1684.00
867.15	1611.00
867.33	1591.00
867.52	1644.00
867.70	1690.00
867.89	1712.00
868.07	1689.00
868.26	1595.00
868.44	1614.00
868.63	1633.00
868.81	1604.00
869.00	1701.00
869.18	1627.00
869.37	1621.00
869.55	1677.00
869.74	1596.00
869.92	1554.00
870.10	1619.00
870.29	1721.00
870.47	1647.00
870.66	1624.00
870.84	1619.00
871.03	1634.00
871.21	1718.00
871.40	1582.00
871.58	1564.00
871.77	1695.00
871.95	1713.00
872.14	1623.00
872.32	1599.00
872.51	1610.00
872.69	1568.00
872.87	1569.00
873.06	1595.00
873.24	1608.00
873.43	1571.00
873.61	1518.00
873.80	1529.00
873.98	1507.00
874.17	1598.00
874.35	1555.00
874.54	1517.00
874.72	1595.00
874.90	1558.00
875.09	1547.00
875.27	1546.00
875.46	1537.00
875.64	1542.00
875.83	1487.00
876.01	1531.00
876.20	1541.00
876.38	1464.00
876.56	1525.00
876.75	1523.00
876.93	1518.00
877.12	1619.00
877.30	1544.00
877.49	1568.00
877.67	1559.00
877.86	1475.00
878.04	1454.00
878.22	1564.00
878.41	1526.00
878.59	1462.00
878.78	1501.00
878.96	1601.00
879.15	1484.00
879.33	1479.00
879.51	1503.00
879.70	1421.00
879.88	1467.00
880.07	1504.00
880.25	1515.00
880.44	1507.00
880.62	1484.00
880.80	1540.00
880.99	1498.00
881.17	1452.00
881.36	1477.00
881.54	1546.00
881.73	1596.00
881.91	1525.00
882.09	1518.00
882.28	1541.00
882.46	1465.00
882.65	1476.00
882.83	1491.00
883.02	1487.00
883.20	1486.00
883.38	1476.00
883.57	1428.00
883.75	1459.00
883.94	1398.00
884.12	1377.00
884.30	1408.00
884.49	1478.00
884.67	1476.00
884.86	1505.00
885.04	1429.00
885.22	1400.00
885.41	1427.00
885.59	1412.00
885.78	1424.00
885.96	1480.00
886.14	1524.00
886.33	1493.00
886.51	1462.00
886.70	1422.00
886.88	1466.00
887.06	1404.00
887.25	1454.00
887.43	1369.00
887.62	1413.00
887.80	1415.00
887.98	1342.00
888.17	1339.00
888.35	1473.00
888.54	1468.00
888.72	1421.00
888.90	1391.00
889.09	1449.00
889.27	1360.00
889.46	1458.00
889.64	1415.00
889.82	1428.00
890.01	1435.00
890.19	1388.00
890.38	1519.00
890.56	1522.00
890.74	1446.00
890.93	1395.00
891.11	1454.00
891.29	1432.00
891.48	1387.00
891.66	1375.00
891.85	1365.00
892.03	1363.00
892.21	1366.00
892.40	1362.00
892.58	1322.00
892.76	1352.00
892.95	1376.00
893.13	1397.00
893.32	1425.00
893.50	1445.00
893.68	1346.00
893.87	1424.00
894.05	1381.00
894.23	1383.00
894.42	1401.00
894.60	1431.00
894.79	1430.00
894.97	1418.00
895.15	1444.00
895.34	1470.00
895.52	1566.00
895.70	1465.00
895.89	1447.00
896.07	1424.00
896.25	1477.00
896.44	1427.00
896.62	1481.00
896.81	1558.00
896.99	1458.00
897.17	1455.00
897.36	1391.00
897.54	1539.00
897.72	1519.00
897.91	1499.00
898.09	1486.00
898.27	1469.00
898.46	1491.00
898.64	1532.00
898.82	1493.00
899.01	1517.00
899.19	1609.00
899.37	1508.00
899.56	1412.00
899.74	1475.00
899.92	1527.00
900.11	1506.00
900.29	1520.00
900.47	1530.00
900.66	1561.00
900.84	1545.00
901.03	1499.00
901.21	1534.00
901.39	1519.00
901.58	1507.00
901.76	1552.00
901.94	1576.00
902.13	1507.00
902.31	1526.00
902.49	1494.00
902.68	1550.00
902.86	1580.00
903.04	1578.00
903.23	1523.00
903.41	1603.00
903.59	1597.00
903.78	1498.00
903.96	1557.00
904.14	1614.00
904.32	1571.00
904.51	1579.00
904.69	1529.00
904.87	1537.00
905.06	1627.00
905.24	1567.00
905.42	1464.00
905.61	1512.00
905.79	1610.00
905.97	1643.00
906.16	1576.00
906.34	1614.00
906.52	1578.00
906.71	1569.00
906.89	1570.00
907.07	1620.00
907.26	1629.00
907.44	1579.00
907.62	1583.00
907.81	1509.00
907.99	1548.00
908.17	1529.00
908.35	1545.00
908.54	1614.00
908.72	1657.00
908.90	1578.00
909.09	1602.00
909.27	1520.00
909.45	1499.00
909.64	1515.00
909.82	1485.00
910.00	1537.00
910.18	1532.00
910.37	1528.00
910.55	1575.00
910.73	1601.00
910.92	1548.00
911.10	1534.00
911.28	1552.00
911.47	1585.00
911.65	1605.00
911.83	1512.00
912.01	1601.00
912.20	1612.00
912.38	1546.00
912.56	1534.00
912.75	1582.00
912.93	1519.00
913.11	1556.00
913.29	1475.00
913.48	1493.00
913.66	1519.00
913.84	1523.00
914.03	1564.00
914.21	1571.00
914.39	1581.00
914.57	1558.00
914.76	1497.00
914.94	1488.00
915.12	1485.00
915.31	1525.00
915.49	1433.00
915.67	1483.00
915.85	1508.00
916.04	1510.00
916.22	1503.00
916.40	1486.00
916.58	1453.00
916.77	1418.00
916.95	1459.00
917.13	1506.00
917.32	1563.00
917.50	1540.00
917.68	1537.00
917.86	1552.00
918.05	1487.00
918.23	1382.00
918.41	1416.00
918.59	1434.00
918.78	1500.00
918.96	1481.00
919.14	1471.00
919.32	1468.00
919.51	1461.00
919.69	1534.00
919.87	1449.00
920.05	1505.00
920.24	1498.00
920.42	1518.00
920.60	1501.00
920.78	1521.00
920.97	1467.00
921.15	1423.00
921.33	1433.00
921.52	1445.00
921.70	1403.00
921.88	1379.00
922.06	1385.00
922.24	1385.00
922.43	1440.00
922.61	1367.00
922.79	1374.00
922.97	1423.00
923.16	1419.00
923.34	1432.00
923.52	1390.00
923.70	1361.00
923.89	1297.00
924.07	1382.00
924.25	1500.00
924.43	1389.00
924.62	1376.00
924.80	1433.00
924.98	1347.00
925.16	1368.00
925.35	1416.00
925.53	1474.00
925.71	1428.00
925.89	1358.00
926.08	1418.00
926.26	1360.00
926.44	1301.00
926.62	1266.00
926.80	1347.00
926.99	1309.00
927.17	1356.00
927.35	1382.00
927.53	1319.00
927.72	1320.00
927.90	1331.00
928.08	1328.00
928.26	1367.00
928.44	1338.00
928.63	1262.00
928.81	1335.00
928.99	1344.00
929.17	1296.00
929.36	1349.00
929.54	1321.00
929.72	1324.00
929.90	1282.00
930.08	1268.00
930.27	1324.00
930.45	1287.00
930.63	1200.00
930.81	1213.00
930.99	1250.00
931.18	1258.00
931.36	1247.00
931.54	1226.00
931.72	1232.00
931.90	1271.00
932.09	1211.00
932.27	1253.00
932.45	1191.00
932.63	1206.00
932.81	1208.00
933.00	1230.00
933.18	1226.00
933.36	1200.00
933.54	1151.00
933.72	1172.00
933.91	1215.00
934.09	1159.00
934.27	1132.00
934.45	1165.00
934.63	1164.00
934.82	1075.00
935.00	1107.00
935.18	1070.00
935.36	1042.00
935.54	1068.00
935.73	1078.00
935.91	1070.00
936.09	1013.00
936.27	999.00
936.45	1048.00
936.64	935.00
936.82	973.00
937.00	969.00
937.18	996.00
937.36	1004.00
937.54	957.00
937.73	922.00
937.91	941.00
938.09	948.00
938.27	852.00
938.45	862.00
938.63	855.00
938.82	827.00
939.00	832.00
939.18	814.00
939.36	757.00
939.54	733.00
939.73	732.00
939.91	788.00
940.09	759.00
940.27	791.00
940.45	822.00
940.63	816.00
940.82	752.00
941.00	745.00
941.18	673.00
941.36	671.00
941.54	674.00
941.72	646.00
941.91	711.00
942.09	689.00
942.27	730.00
942.45	715.00
942.63	687.00
942.81	635.00
942.99	654.00
943.18	627.00
943.36	614.00
943.54	531.00
943.72	554.00
943.90	675.00
944.08	702.00
944.27	683.00
944.45	570.00
944.63	621.00
944.81	625.00
944.99	709.00
945.17	635.00
945.35	569.00
945.54	669.00
945.72	625.00
945.90	646.00
946.08	685.00
946.26	600.00
946.44	598.00
946.62	562.00
946.81	673.00
946.99	643.00
947.17	602.00
947.35	605.00
947.53	559.00
947.71	615.00
947.89	601.00
948.07	597.00
948.26	579.00
948.44	645.00
948.62	639.00
948.80	552.00
948.98	655.00
949.16	684.00
949.34	646.00
949.53	636.00
949.71	606.00
949.89	553.00
950.07	634.00
950.25	587.00
950.43	660.00
950.61	631.00
950.79	691.00
950.98	603.00
951.16	632.00
951.34	660.00
951.52	696.00
951.70	667.00
951.88	586.00
952.06	608.00
952.24	614.00
952.42	592.00
952.61	546.00
952.79	617.00
952.97	614.00
953.15	637.00
953.33	622.00
953.51	563.00
953.69	510.00
953.87	569.00
954.05	630.00
954.24	677.00
954.42	609.00
954.60	611.00
954.78	590.00
954.96	611.00
955.14	565.00
955.32	591.00
955.50	611.00
955.68	661.00
955.86	618.00
956.05	632.00
956.23	647.00
956.41	630.00
956.59	606.00
956.77	609.00
956.95	558.00
957.13	623.00
957.31	695.00
957.49	641.00
957.67	573.00
957.86	591.00
958.04	599.00
958.22	569.00
958.40	614.00
958.58	595.00
958.76	629.00
958.94	674.00
959.12	578.00
959.30	519.00
959.48	536.00
959.66	576.00
959.84	511.00
960.03	493.00
960.21	594.00
960.39	608.00
960.57	602.00
960.75	600.00
960.93	560.00
961.11	503.00
961.29	544.00
961.47	595.00
961.65	584.00
961.83	544.00
962.01	532.00
962.19	462.00
962.37	563.00
962.56	532.00
962.74	564.00
962.92	568.00
963.10	569.00
963.28	524.00
963.46	590.00
963.64	598.00
963.82	592.00
964.00	537.00
964.18	530.00
964.36	507.00
964.54	571.00
964.72	594.00
964.90	568.00
965.08	537.00
965.27	572.00
965.45	649.00
965.63	585.00
965.81	564.00
965.99	613.00
966.17	590.00
966.35	571.00
966.53	580.00
966.71	566.00
966.89	465.00
967.07	493.00
967.25	572.00
967.43	518.00
967.61	551.00
967.79	544.00
967.97	547.00
968.15	540.00
968.33	595.00
968.51	566.00
968.69	528.00
968.87	501.00
969.06	492.00
969.24	510.00
969.42	583.00
969.60	526.00
969.78	552.00
969.96	540.00
970.14	531.00
970.32	517.00
970.50	571.00
970.68	520.00
970.86	480.00
971.04	435.00
971.22	526.00
971.40	529.00
971.58	494.00
971.76	512.00
971.94	507.00
972.12	499.00
972.30	513.00
972.48	501.00
972.66	504.00
972.84	444.00
973.02	422.00
973.20	442.00
973.38	494.00
973.56	506.00
973.74	462.00
973.92	371.00
974.10	407.00
974.28	399.00
974.46	427.00
974.64	501.00
974.82	467.00
975.00	448.00
975.18	506.00
975.36	519.00
975.54	449.00
975.72	438.00
975.90	438.00
976.08	453.00
976.26	445.00
976.44	388.00
976.62	441.00
976.80	511.00
976.98	525.00
977.16	434.00
977.34	430.00
977.52	456.00
977.70	408.00
977.88	425.00
978.06	477.00
978.24	493.00
978.42	424.00
978.60	454.00
978.78	432.00
978.96	443.00
979.14	429.00
979.32	478.00
979.50	509.00
979.68	476.00
979.86	473.00
980.04	426.00
980.22	451.00
980.40	454.00
980.58	438.00
980.76	424.00
980.94	331.00
981.12	409.00
981.30	371.00
981.48	367.00
981.66	454.00
981.84	405.00
982.02	403.00
982.20	449.00
982.38	425.00
982.56	439.00
982.74	417.00
982.92	431.00
983.10	511.00
983.28	442.00
983.46	386.00
983.64	439.00
983.82	457.00
984.00	373.00
984.18	393.00
984.36	361.00
984.54	384.00
984.72	389.00
984.90	403.00
985.08	405.00
985.26	345.00
985.44	308.00
985.62	341.00
985.80	452.00
985.98	380.00
986.16	373.00
986.34	378.00
986.51	398.00
986.69	452.00
986.87	374.00
987.05	302.00
987.23	441.00
987.41	397.00
987.59	414.00
987.77	453.00
987.95	431.00
988.13	362.00
988.31	372.00
988.49	409.00
988.67	316.00
988.85	330.00
989.03	285.00
989.21	236.00
989.39	363.00
989.57	416.00
989.75	407.00
989.93	400.00
990.11	356.00
990.28	418.00
990.46	378.00
990.64	345.00
990.82	316.00
991.00	344.00
991.18	345.00
991.36	363.00
991.54	360.00
991.72	368.00
991.90	364.00
992.08	348.00
992.26	357.00
992.44	338.00
992.62	358.00
992.80	338.00
992.98	326.00
993.15	340.00
993.33	345.00
993.51	425.00
993.69	371.00
993.87	279.00
994.05	272.00
994.23	309.00
994.41	334.00
994.59	321.00
994.77	434.00
994.95	422.00
995.13	352.00
995.31	325.00
995.48	384.00
995.66	353.00
995.84	377.00
996.02	360.00
996.20	361.00
996.38	322.00
996.56	282.00
996.74	295.00
996.92	304.00
997.10	290.00
997.28	291.00
997.46	281.00
997.63	311.00
997.81	310.00
997.99	309.00
998.17	286.00
998.35	311.00
998.53	325.00
998.71	393.00
998.89	312.00
999.07	281.00
999.25	297.00
999.43	370.00
999.60	409.00
999.78	344.00
999.96	272.00
1000.14	248.00
1000.32	269.00
1000.50	250.00
1000.68	290.00
1000.86	342.00
1001.04	332.00
1001.21	310.00
1001.39	263.00
1001.57	265.00
1001.75	273.00
1001.93	302.00
1002.11	313.00
1002.29	301.00
1002.47	280.00
1002.65	271.00
1002.82	295.00
1003.00	272.00
1003.18	338.00
1003.36	354.00
1003.54	284.00
1003.72	301.00
1003.90	270.00
1004.08	213.00
1004.26	221.00
1004.43	246.00
1004.61	334.00
1004.79	335.00
1004.97	322.00
1005.15	260.00
1005.33	289.00
1005.51	279.00
1005.69	301.00
1005.86	271.00
1006.04	216.00
1006.22	310.00
1006.40	254.00
1006.58	224.00
1006.76	226.00
1006.94	256.00
1007.12	271.00
1007.29	215.00
1007.47	184.00
1007.65	221.00
1007.83	260.00
1008.01	309.00
1008.19	308.00
1008.37	272.00
1008.54	211.00
1008.72	258.00
1008.90	192.00
1009.08	182.00
1009.26	202.00
1009.44	227.00
1009.62	255.00
1009.79	260.00
1009.97	223.00
1010.15	249.00
1010.33	247.00
1010.51	256.00
1010.69	264.00
1010.87	258.00
1011.04	241.00
1011.22	265.00
1011.40	248.00
1011.58	284.00
1011.76	305.00
1011.94	277.00
1012.11	293.00
1012.29	276.00
1012.47	250.00
1012.65	290.00
1012.83	284.00
1013.01	259.00
1013.18	252.00
1013.36	207.00
1013.54	195.00
1013.72	218.00
1013.90	270.00
1014.08	310.00
1014.25	177.00
1014.43	233.00
1014.61	215.00
1014.79	235.00
1014.97	251.00
1015.15	251.00
1015.32	274.00
1015.50	239.00
1015.68	294.00
1015.86	237.00
1016.04	139.00
1016.22	209.00
1016.39	251.00
1016.57	239.00
1016.75	224.00
1016.93	229.00
1017.11	266.00
1017.29	237.00
1017.46	222.00
1017.64	218.00
1017.82	187.00
1018.00	165.00
1018.18	189.00
1018.35	305.00
1018.53	277.00
1018.71	210.00
1018.89	254.00
1019.07	272.00
1019.24	219.00
1019.42	232.00
1019.60	283.00
1019.78	257.00
1019.96	180.00
1020.14	229.00
1020.31	262.00
1020.49	178.00
1020.67	283.00
1020.85	284.00
1021.03	241.00
1021.20	235.00
1021.38	189.00
1021.56	208.00
1021.74	234.00
1021.92	193.00
1022.09	233.00
1022.27	282.00
1022.45	216.00
1022.63	207.00
1022.81	203.00
1022.98	209.00
1023.16	257.00
1023.34	218.00
1023.52	203.00
1023.69	208.00
1023.87	212.00
1024.05	202.00
1024.23	203.00
1024.41	238.00
1024.58	206.00
1024.76	150.00
1024.94	201.00
1025.12	166.00
1025.30	139.00
1025.47	167.00
1025.65	237.00
1025.83	242.00
1026.01	183.00
1026.18	172.00
1026.36	157.00
1026.54	272.00
1026.72	161.00
1026.90	201.00
1027.07	226.00
1027.25	181.00
1027.43	228.00
1027.61	211.00
1027.78	210.00
1027.96	177.00
1028.14	137.00
1028.32	238.00
1028.49	188.00
1028.67	183.00
1028.85	213.00
1029.03	228.00
1029.21	219.00
1029.38	166.00
1029.56	193.00
1029.74	179.00
1029.92	252.00
1030.09	157.00
1030.27	233.00
1030.45	205.00
1030.63	229.00
1030.80	238.00
1030.98	218.00
1031.16	200.00
1031.34	203.00
1031.51	157.00
1031.69	191.00
1031.87	187.00
1032.05	220.00
1032.22	196.00
1032.40	149.00
1032.58	174.00
1032.76	221.00
1032.93	224.00
1033.11	204.00
1033.29	183.00
1033.47	227.00
1033.64	252.00
1033.82	190.00
1034.00	190.00
1034.18	198.00
1034.35	117.00
1034.53	174.00
1034.71	201.00
1034.89	217.00
1035.06	173.00
1035.24	199.00
1035.42	121.00
1035.59	195.00
1035.77	170.00
1035.95	235.00
1036.13	189.00
1036.30	40.00
1036.48	146.00
1036.66	87.00
1036.84	67.00
1037.01	174.00
1037.19	140.00
1037.37	173.00
1037.54	160.00
1037.72	177.00
1037.90	119.00
1038.08	194.00
1038.25	163.00
1038.43	168.00
1038.61	179.00
1038.79	154.00
1038.96	213.00
1039.14	220.00
1039.32	224.00
1039.49	154.00
1039.67	95.00
1039.85	130.00
1040.03	240.00
1040.20	206.00
1040.38	263.00
1040.56	200.00
1040.73	141.00
1040.91	144.00
1041.09	169.00
1041.27	184.00
1041.44	170.00
1041.62	163.00
1041.80	158.00
1041.97	202.00
1042.15	222.00
1042.33	143.00
1042.50	125.00
1042.68	115.00
1042.86	117.00
1043.04	149.00
1043.21	178.00
1043.39	199.00
1043.57	145.00
1043.74	142.00
1043.92	194.00
1044.10	161.00
1044.27	149.00
1044.45	180.00
1044.63	191.00
1044.80	229.00
1044.98	159.00
1045.16	143.00
1045.34	110.00
1045.51	138.00
1045.69	138.00
1045.87	64.00
1046.04	109.00
1046.22	157.00
1046.40	127.00
1046.57	141.00
1046.75	104.00
1046.93	102.00
1047.10	119.00
1047.28	166.00
1047.46	40.00
1047.63	112.00
1047.81	59.00
1047.99	110.00
1048.16	59.00
1048.34	82.00
1048.52	150.00
1048.69	194.00
1048.87	171.00
1049.05	162.00
1049.22	197.00
1049.40	201.00
1049.58	155.00
1049.75	186.00
1049.93	163.00
1050.11	105.00
1050.28	135.00
1050.46	172.00
1050.64	183.00
1050.81	195.00
1050.99	220.00
1051.17	98.00
1051.34	30.00
1051.52	125.00
1051.70	117.00
1051.87	162.00
1052.05	121.00
1052.23	143.00
1052.40	160.00
1052.58	155.00
1052.76	167.00
1052.93	260.00
1053.11	233.00
1053.29	174.00
1053.46	167.00
1053.64	125.00
1053.82	68.00
1053.99	32.00
1054.17	107.00
1054.35	159.00
1054.52	70.00
1054.70	110.00
1054.87	160.00
1055.05	163.00
1055.23	87.00
1055.40	59.00
1055.58	93.00
1055.76	60.00
1055.93	128.00
1056.11	196.00
1056.29	138.00
1056.46	126.00
1056.64	180.00
1056.81	120.00
1056.99	62.00
1057.17	109.00
1057.34	169.00
1057.52	144.00
1057.70	118.00
1057.87	145.00
1058.05	118.00
1058.22	113.00
1058.40	138.00
1058.58	115.00
1058.75	153.00
1058.93	133.00
1059.11	83.00
1059.28	97.00
1059.46	132.00
1059.63	95.00
1059.81	11.00
1059.99	75.00
1060.16	130.00
1060.34	78.00
1060.52	120.00
1060.69	142.00
1060.87	148.00
1061.04	65.00
1061.22	121.00
