367.62	49.00
367.82	20.00
368.02	-18.00
368.23	-18.00
368.43	16.00
368.63	10.00
368.83	-60.00
369.04	23.00
369.24	5.00
369.44	-10.00
369.65	29.00
369.85	24.00
370.05	112.00
370.25	67.00
370.46	39.00
370.66	-18.00
370.86	-22.00
371.07	22.00
371.27	65.00
371.47	34.00
371.67	63.00
371.88	-7.00
372.08	-7.00
372.28	-32.00
372.49	-45.00
372.69	-11.00
372.89	-44.00
373.09	-20.00
373.30	14.00
373.50	71.00
373.70	47.00
373.91	14.00
374.11	-44.00
374.31	-1.00
374.51	46.00
374.72	18.00
374.92	-35.00
375.12	2.00
375.33	75.00
375.53	-7.00
375.73	-11.00
375.93	-4.00
376.14	-7.00
376.34	-8.00
376.54	7.00
376.74	-5.00
376.95	-42.00
377.15	6.00
377.35	-4.00
377.55	-43.00
377.76	-25.00
377.96	31.00
378.16	29.00
378.37	16.00
378.57	41.00
378.77	10.00
378.97	24.00
379.18	74.00
379.38	2.00
379.58	-64.00
379.78	-87.00
379.99	26.00
380.19	33.00
380.39	5.00
380.59	10.00
380.80	-11.00
381.00	29.00
381.20	2.00
381.40	-42.00
381.61	-41.00
381.81	11.00
382.01	11.00
382.21	-21.00
382.42	-1.00
382.62	18.00
382.82	29.00
383.02	64.00
383.23	13.00
383.43	8.00
383.63	25.00
383.83	28.00
384.04	80.00
384.24	-3.00
384.44	-44.00
384.64	-29.00
384.85	6.00
385.05	-36.00
385.25	-54.00
385.45	-38.00
385.66	-24.00
385.86	3.00
386.06	86.00
386.26	77.00
386.47	41.00
386.67	-42.00
386.87	-14.00
387.07	-9.00
387.27	-14.00
387.48	1.00
387.68	-11.00
387.88	-27.00
388.08	59.00
388.29	-25.00
388.49	0.00
388.69	30.00
388.89	72.00
389.10	3.00
389.30	17.00
389.50	40.00
389.70	23.00
389.90	-8.00
390.11	-12.00
390.31	19.00
390.51	32.00
390.71	7.00
390.92	-34.00
391.12	-4.00
391.32	21.00
391.52	52.00
391.72	20.00
391.93	-3.00
392.13	-70.00
392.33	11.00
392.53	94.00
392.74	62.00
392.94	37.00
393.14	31.00
393.34	-13.00
393.54	47.00
393.75	1.00
393.95	0.00
394.15	-26.00
394.35	1.00
394.56	8.00
394.76	24.00
394.96	64.00
395.16	97.00
395.36	13.00
395.57	8.00
395.77	-30.00
395.97	-2.00
396.17	32.00
396.37	-60.00
396.58	-14.00
396.78	-7.00
396.98	-41.00
397.18	52.00
397.38	38.00
397.59	109.00
397.79	69.00
397.99	68.00
398.19	20.00
398.39	-35.00
398.60	-49.00
398.80	-2.00
399.00	40.00
399.20	86.00
399.40	-1.00
399.61	77.00
399.81	61.00
400.01	68.00
400.21	-9.00
400.41	-15.00
400.62	52.00
400.82	34.00
401.02	36.00
401.22	81.00
401.42	35.00
401.63	-2.00
401.83	-25.00
402.03	-18.00
402.23	21.00
402.43	54.00
402.64	103.00
402.84	70.00
403.04	37.00
403.24	10.00
403.44	-37.00
403.64	-69.00
403.85	-81.00
404.05	-49.00
404.25	13.00
404.45	65.00
404.65	50.00
404.86	10.00
405.06	48.00
405.26	5.00
405.46	57.00
405.66	29.00
405.86	13.00
406.07	74.00
406.27	90.00
406.47	-23.00
406.67	53.00
406.87	51.00
407.07	53.00
407.28	13.00
407.48	-35.00
407.68	81.00
407.88	-13.00
408.08	-38.00
408.28	73.00
408.49	50.00
408.69	46.00
408.89	82.00
409.09	41.00
409.29	57.00
409.49	19.00
409.70	47.00
409.90	105.00
410.10	87.00
410.30	58.00
410.50	17.00
410.70	47.00
410.91	72.00
411.11	45.00
411.31	45.00
411.51	22.00
411.71	-4.00
411.91	58.00
412.12	92.00
412.32	46.00
412.52	47.00
412.72	-34.00
412.92	79.00
413.12	136.00
413.32	71.00
413.53	97.00
413.73	91.00
413.93	101.00
414.13	80.00
414.33	52.00
414.53	52.00
414.74	59.00
414.94	32.00
415.14	18.00
415.34	6.00
415.54	32.00
415.74	80.00
415.94	94.00
416.15	-55.00
416.35	-29.00
416.55	62.00
416.75	78.00
416.95	85.00
417.15	26.00
417.35	57.00
417.56	51.00
417.76	59.00
417.96	70.00
418.16	51.00
418.36	72.00
418.56	95.00
418.76	87.00
418.97	25.00
419.17	81.00
419.37	116.00
419.57	130.00
419.77	119.00
419.97	72.00
420.17	30.00
420.37	68.00
420.58	121.00
420.78	61.00
420.98	28.00
421.18	31.00
421.38	34.00
421.58	84.00
421.78	75.00
421.98	106.00
422.19	19.00
422.39	91.00
422.59	68.00
422.79	93.00
422.99	65.00
423.19	168.00
423.39	183.00
423.59	148.00
423.80	95.00
424.00	93.00
424.20	46.00
424.40	76.00
424.60	72.00
424.80	75.00
425.00	81.00
425.20	127.00
425.40	156.00
425.61	138.00
425.81	143.00
426.01	112.00
426.21	116.00
426.41	72.00
426.61	55.00
426.81	88.00
427.01	114.00
427.21	86.00
427.42	104.00
427.62	100.00
427.82	54.00
428.02	71.00
428.22	91.00
428.42	134.00
428.62	114.00
428.82	99.00
429.02	87.00
429.23	157.00
429.43	53.00
429.63	89.00
429.83	139.00
430.03	131.00
430.23	156.00
430.43	120.00
430.63	186.00
430.83	159.00
431.03	155.00
431.24	144.00
431.44	170.00
431.64	109.00
431.84	136.00
432.04	214.00
432.24	128.00
432.44	113.00
432.64	143.00
432.84	164.00
433.04	119.00
433.24	108.00
433.45	113.00
433.65	237.00
433.85	250.00
434.05	202.00
434.25	226.00
434.45	206.00
434.65	273.00
434.85	267.00
435.05	213.00
435.25	267.00
435.45	227.00
435.65	290.00
435.86	297.00
436.06	294.00
436.26	180.00
436.46	116.00
436.66	153.00
436.86	171.00
437.06	157.00
437.26	140.00
437.46	122.00
437.66	163.00
437.86	141.00
438.06	162.00
438.26	166.00
438.47	103.00
438.67	63.00
438.87	132.00
439.07	163.00
439.27	89.00
439.47	123.00
439.67	176.00
439.87	150.00
440.07	163.00
440.27	166.00
440.47	129.00
440.67	130.00
440.87	141.00
441.07	143.00
441.27	49.00
441.48	113.00
441.68	133.00
441.88	121.00
442.08	170.00
442.28	153.00
442.48	120.00
442.68	145.00
442.88	186.00
443.08	189.00
443.28	130.00
443.48	176.00
443.68	136.00
443.88	119.00
444.08	153.00
444.28	209.00
444.48	112.00
444.68	158.00
444.88	173.00
445.09	107.00
445.29	139.00
445.49	242.00
445.69	153.00
445.89	170.00
446.09	134.00
446.29	118.00
446.49	111.00
446.69	190.00
446.89	161.00
447.09	159.00
447.29	151.00
447.49	141.00
447.69	131.00
447.89	138.00
448.09	203.00
448.29	193.00
448.49	241.00
448.69	195.00
448.89	171.00
449.09	153.00
449.29	210.00
449.49	291.00
449.70	231.00
449.90	227.00
450.10	196.00
450.30	163.00
450.50	184.00
450.70	193.00
450.90	251.00
451.10	208.00
451.30	149.00
451.50	168.00
451.70	183.00
451.90	130.00
452.10	208.00
452.30	245.00
452.50	272.00
452.70	314.00
452.90	195.00
453.10	164.00
453.30	262.00
453.50	242.00
453.70	271.00
453.90	278.00
454.10	302.00
454.30	211.00
454.50	209.00
454.70	220.00
454.90	223.00
455.10	275.00
455.30	214.00
455.50	264.00
455.70	204.00
455.90	239.00
456.10	305.00
456.30	261.00
456.50	288.00
456.70	244.00
456.90	234.00
457.10	190.00
457.30	252.00
457.50	256.00
457.70	276.00
457.90	283.00
458.10	275.00
458.30	272.00
458.50	264.00
458.70	336.00
458.90	317.00
459.10	286.00
459.30	246.00
459.50	234.00
459.70	218.00
459.90	297.00
460.10	255.00
460.30	351.00
460.50	267.00
460.70	285.00
460.90	279.00
461.10	315.00
461.30	347.00
461.50	270.00
461.70	312.00
461.90	290.00
462.10	310.00
462.30	285.00
462.50	305.00
462.70	348.00
462.90	281.00
463.10	211.00
463.30	279.00
463.50	270.00
463.70	214.00
463.90	287.00
464.10	372.00
464.30	301.00
464.50	233.00
464.70	287.00
464.90	298.00
465.10	258.00
465.30	326.00
465.50	332.00
465.70	346.00
465.90	341.00
466.10	307.00
466.30	299.00
466.50	284.00
466.70	217.00
466.90	233.00
467.10	302.00
467.30	296.00
467.50	300.00
467.70	325.00
467.90	305.00
468.10	279.00
468.30	270.00
468.50	266.00
468.70	249.00
468.90	280.00
469.10	333.00
469.30	307.00
469.50	251.00
469.70	279.00
469.90	286.00
470.10	304.00
470.30	277.00
470.50	291.00
470.70	317.00
470.90	305.00
471.10	318.00
471.29	322.00
471.49	310.00
471.69	249.00
471.89	243.00
472.09	281.00
472.29	269.00
472.49	265.00
472.69	245.00
472.89	199.00
473.09	276.00
473.29	322.00
473.49	263.00
473.69	344.00
473.89	265.00
474.09	210.00
474.29	273.00
474.49	255.00
474.69	278.00
474.89	261.00
475.09	329.00
475.29	306.00
475.49	285.00
475.69	251.00
475.88	209.00
476.08	179.00
476.28	285.00
476.48	297.00
476.68	214.00
476.88	172.00
477.08	272.00
477.28	278.00
477.48	311.00
477.68	327.00
477.88	304.00
478.08	312.00
478.28	303.00
478.48	313.00
478.68	255.00
478.88	304.00
479.08	288.00
479.28	294.00
479.47	308.00
479.67	244.00
479.87	264.00
480.07	302.00
480.27	317.00
480.47	274.00
480.67	312.00
480.87	282.00
481.07	303.00
481.27	283.00
481.47	261.00
481.67	284.00
481.87	297.00
482.07	351.00
482.27	318.00
482.46	351.00
482.66	274.00
482.86	321.00
483.06	279.00
483.26	293.00
483.46	349.00
483.66	335.00
483.86	364.00
484.06	332.00
484.26	426.00
484.46	382.00
484.66	315.00
484.86	358.00
485.05	370.00
485.25	381.00
485.45	405.00
485.65	365.00
485.85	317.00
486.05	361.00
486.25	410.00
486.45	384.00
486.65	414.00
486.85	408.00
487.05	399.00
487.25	343.00
487.44	322.00
487.64	421.00
487.84	440.00
488.04	414.00
488.24	393.00
488.44	407.00
488.64	383.00
488.84	390.00
489.04	481.00
489.24	404.00
489.43	364.00
489.63	374.00
489.83	487.00
490.03	445.00
490.23	448.00
490.43	414.00
490.63	471.00
490.83	471.00
491.03	441.00
491.23	470.00
491.42	433.00
491.62	455.00
491.82	470.00
492.02	414.00
492.22	491.00
492.42	504.00
492.62	454.00
492.82	483.00
493.02	467.00
493.22	481.00
493.41	494.00
493.61	505.00
493.81	482.00
494.01	503.00
494.21	477.00
494.41	513.00
494.61	586.00
494.81	551.00
495.01	508.00
495.20	539.00
495.40	561.00
495.60	419.00
495.80	472.00
496.00	528.00
496.20	504.00
496.40	507.00
496.60	474.00
496.79	510.00
496.99	588.00
497.19	502.00
497.39	551.00
497.59	513.00
497.79	537.00
497.99	546.00
498.19	469.00
498.38	477.00
498.58	518.00
498.78	481.00
498.98	433.00
499.18	522.00
499.38	487.00
499.58	573.00
499.78	506.00
499.97	473.00
500.17	537.00
500.37	607.00
500.57	565.00
500.77	485.00
500.97	518.00
501.17	542.00
501.37	541.00
501.56	620.00
501.76	565.00
501.96	591.00
502.16	569.00
502.36	581.00
502.56	532.00
502.76	596.00
502.95	564.00
503.15	496.00
503.35	500.00
503.55	532.00
503.75	570.00
503.95	528.00
504.15	484.00
504.34	510.00
504.54	482.00
504.74	501.00
504.94	504.00
505.14	446.00
505.34	493.00
505.54	557.00
505.73	492.00
505.93	570.00
506.13	505.00
506.33	526.00
506.53	577.00
506.73	596.00
506.92	571.00
507.12	517.00
507.32	523.00
507.52	412.00
507.72	376.00
507.92	428.00
508.12	490.00
508.31	484.00
508.51	504.00
508.71	480.00
508.91	486.00
509.11	545.00
509.31	570.00
509.50	468.00
509.70	428.00
509.90	485.00
510.10	462.00
510.30	499.00
510.50	560.00
510.69	562.00
510.89	519.00
511.09	505.00
511.29	561.00
511.49	492.00
511.69	407.00
511.88	483.00
512.08	549.00
512.28	555.00
512.48	522.00
512.68	496.00
512.88	564.00
513.07	502.00
513.27	454.00
513.47	507.00
513.67	526.00
513.87	534.00
514.06	529.00
514.26	527.00
514.46	518.00
514.66	575.00
514.86	537.00
515.06	516.00
515.25	464.00
515.45	461.00
515.65	511.00
515.85	555.00
516.05	590.00
516.24	582.00
516.44	549.00
516.64	532.00
516.84	553.00
517.04	521.00
517.23	525.00
517.43	596.00
517.63	618.00
517.83	533.00
518.03	420.00
518.23	428.00
518.42	468.00
518.62	509.00
518.82	580.00
519.02	586.00
519.22	518.00
519.41	570.00
519.61	615.00
519.81	528.00
520.01	585.00
520.21	603.00
520.40	527.00
520.60	501.00
520.80	522.00
521.00	598.00
521.20	523.00
521.39	564.00
521.59	597.00
521.79	565.00
521.99	517.00
522.19	564.00
522.38	588.00
522.58	546.00
522.78	595.00
522.98	629.00
523.17	560.00
523.37	602.00
523.57	591.00
523.77	618.00
523.97	649.00
524.16	554.00
524.36	635.00
524.56	672.00
524.76	659.00
524.96	594.00
525.15	581.00
525.35	593.00
525.55	670.00
525.75	714.00
525.94	727.00
526.14	694.00
526.34	661.00
526.54	621.00
526.74	593.00
526.93	609.00
527.13	643.00
527.33	689.00
527.53	670.00
527.72	639.00
527.92	590.00
528.12	634.00
528.32	657.00
528.52	725.00
528.71	721.00
528.91	685.00
529.11	617.00
529.31	715.00
529.50	709.00
529.70	650.00
529.90	748.00
530.10	699.00
530.29	764.00
530.49	788.00
530.69	779.00
530.89	826.00
531.09	811.00
531.28	766.00
531.48	820.00
531.68	804.00
531.88	821.00
532.07	774.00
532.27	751.00
532.47	796.00
532.67	808.00
532.86	815.00
533.06	839.00
533.26	818.00
533.46	864.00
533.65	864.00
533.85	840.00
534.05	883.00
534.25	885.00
534.44	902.00
534.64	866.00
534.84	824.00
535.04	902.00
535.23	874.00
535.43	911.00
535.63	887.00
535.83	946.00
536.02	943.00
536.22	949.00
536.42	910.00
536.62	879.00
536.81	871.00
537.01	934.00
537.21	948.00
537.41	985.00
537.60	974.00
537.80	967.00
538.00	965.00
538.20	982.00
538.39	1083.00
538.59	1087.00
538.79	1142.00
538.99	1199.00
539.18	1139.00
539.38	1120.00
539.58	1196.00
539.77	1317.00
539.97	1347.00
540.17	1332.00
540.37	1396.00
540.56	1398.00
540.76	1504.00
540.96	1464.00
541.16	1506.00
541.35	1532.00
541.55	1571.00
541.75	1636.00
541.94	1636.00
542.14	1551.00
542.34	1560.00
542.54	1600.00
542.73	1536.00
542.93	1410.00
543.13	1504.00
543.33	1418.00
543.52	1348.00
543.72	1422.00
543.92	1463.00
544.11	1432.00
544.31	1481.00
544.51	1488.00
544.71	1585.00
544.90	1605.00
545.10	1748.00
545.30	1752.00
545.49	1704.00
545.69	1752.00
545.89	1803.00
546.09	1814.00
546.28	1908.00
546.48	1816.00
546.68	1572.00
546.87	1388.00
547.07	1279.00
547.27	1258.00
547.47	1328.00
547.66	1342.00
547.86	1302.00
548.06	1306.00
548.25	1211.00
548.45	1188.00
548.65	1245.00
548.84	1275.00
549.04	1239.00
549.24	1190.00
549.44	1180.00
549.63	1289.00
549.83	1229.00
550.03	1132.00
550.22	1171.00
550.42	1262.00
550.62	1168.00
550.81	1151.00
551.01	1118.00
551.21	1096.00
551.41	1143.00
551.60	1094.00
551.80	1180.00
552.00	1127.00
552.19	1132.00
552.39	1114.00
552.59	1107.00
552.78	1130.00
552.98	1035.00
553.18	1062.00
553.37	1013.00
553.57	1057.00
553.77	1029.00
553.96	1000.00
554.16	977.00
554.36	1096.00
554.56	1064.00
554.75	1065.00
554.95	988.00
555.15	944.00
555.34	916.00
555.54	976.00
555.74	996.00
555.93	932.00
556.13	964.00
556.33	1074.00
556.52	1082.00
556.72	974.00
556.92	1020.00
557.11	954.00
557.31	949.00
557.51	903.00
557.70	901.00
557.90	900.00
558.10	921.00
558.29	935.00
558.49	908.00
558.69	835.00
558.88	880.00
559.08	908.00
559.28	840.00
559.47	840.00
559.67	927.00
559.87	924.00
560.06	888.00
560.26	956.00
560.46	976.00
560.65	870.00
560.85	890.00
561.05	850.00
561.24	898.00
561.44	924.00
561.64	953.00
561.83	959.00
562.03	909.00
562.23	879.00
562.42	944.00
562.62	906.00
562.82	900.00
563.01	978.00
563.21	955.00
563.40	984.00
563.60	947.00
563.80	928.00
563.99	963.00
564.19	976.00
564.39	976.00
564.58	911.00
564.78	916.00
564.98	966.00
565.17	978.00
565.37	874.00
565.57	952.00
565.76	962.00
565.96	889.00
566.16	951.00
566.35	933.00
566.55	950.00
566.74	961.00
566.94	1003.00
567.14	1053.00
567.33	1042.00
567.53	1065.00
567.73	1028.00
567.92	1025.00
568.12	977.00
568.32	995.00
568.51	1009.00
568.71	1168.00
568.90	1084.00
569.10	1092.00
569.30	1054.00
569.49	1077.00
569.69	1050.00
569.89	1110.00
570.08	1056.00
570.28	985.00
570.47	1063.00
570.67	1067.00
570.87	1039.00
571.06	978.00
571.26	1086.00
571.46	1067.00
571.65	1061.00
571.85	1068.00
572.04	1071.00
572.24	1133.00
572.44	1058.00
572.63	1121.00
572.83	1026.00
573.03	1021.00
573.22	1127.00
573.42	1037.00
573.61	1030.00
573.81	1073.00
574.01	1190.00
574.20	1176.00
574.40	1205.00
574.59	1215.00
574.79	1183.00
574.99	1175.00
575.18	1152.00
575.38	1241.00
575.58	1261.00
575.77	1248.00
575.97	1251.00
576.16	1334.00
576.36	1274.00
576.56	1372.00
576.75	1318.00
576.95	1266.00
577.14	1333.00
577.34	1365.00
577.54	1324.00
577.73	1365.00
577.93	1395.00
578.12	1442.00
578.32	1443.00
578.52	1410.00
578.71	1408.00
578.91	1417.00
579.10	1405.00
579.30	1468.00
579.50	1513.00
579.69	1456.00
579.89	1522.00
580.08	1476.00
580.28	1468.00
580.48	1481.00
580.67	1418.00
580.87	1519.00
581.06	1396.00
581.26	1508.00
581.45	1573.00
581.65	1575.00
581.85	1622.00
582.04	1604.00
582.24	1568.00
582.43	1602.00
582.63	1660.00
582.83	1675.00
583.02	1666.00
583.22	1744.00
583.41	1769.00
583.61	1736.00
583.80	1710.00
584.00	1755.00
584.20	1706.00
584.39	1779.00
584.59	1796.00
584.78	1695.00
584.98	1778.00
585.17	1717.00
585.37	1771.00
585.57	1774.00
585.76	1852.00
585.96	1917.00
586.15	1826.00
586.35	1861.00
586.54	1805.00
586.74	1940.00
586.94	1952.00
587.13	2009.00
587.33	1940.00
587.52	2024.00
587.72	1950.00
587.91	1978.00
588.11	2050.00
588.31	2014.00
588.50	1962.00
588.70	1995.00
588.89	2067.00
589.09	2039.00
589.28	2077.00
589.48	1993.00
589.68	2110.00
589.87	2032.00
590.07	2043.00
590.26	2070.00
590.46	1996.00
590.65	2047.00
590.85	2148.00
591.04	2074.00
591.24	2039.00
591.44	2040.00
591.63	2096.00
591.83	2200.00
592.02	2207.00
592.22	2126.00
592.41	2258.00
592.61	2324.00
592.80	2192.00
593.00	2253.00
593.19	2281.00
593.39	2305.00
593.59	2316.00
593.78	2328.00
593.98	2287.00
594.17	2245.00
594.37	2172.00
594.56	2264.00
594.76	2248.00
594.95	2252.00
595.15	2310.00
595.34	2226.00
595.54	2240.00
595.73	2268.00
595.93	2270.00
596.13	2249.00
596.32	2299.00
596.52	2262.00
596.71	2354.00
596.91	2315.00
597.10	2338.00
597.30	2335.00
597.49	2169.00
597.69	2287.00
597.88	2359.00
598.08	2327.00
598.27	2296.00
598.47	2419.00
598.66	2420.00
598.86	2437.00
599.06	2353.00
599.25	2272.00
599.45	2410.00
599.64	2446.00
599.84	2324.00
600.03	2418.00
600.23	2444.00
600.42	2365.00
600.62	2351.00
600.81	2356.00
601.01	2401.00
601.20	2296.00
601.40	2296.00
601.59	2331.00
601.79	2256.00
601.98	2267.00
602.18	2278.00
602.37	2272.00
602.57	2301.00
602.76	2286.00
602.96	2203.00
603.15	2275.00
603.35	2316.00
603.54	2256.00
603.74	2197.00
603.93	2283.00
604.13	2164.00
604.32	2260.00
604.52	2298.00
604.71	2321.00
604.91	2221.00
605.10	2092.00
605.30	2258.00
605.49	2259.00
605.69	2236.00
605.88	2208.00
606.08	2224.00
606.27	2231.00
606.47	2223.00
606.66	2308.00
606.86	2162.00
607.05	2188.00
607.25	2161.00
607.44	2200.00
607.64	2214.00
607.83	2129.00
608.03	2170.00
608.22	2285.00
608.42	2264.00
608.61	2219.00
608.81	2279.00
609.00	2311.00
609.20	2271.00
609.39	2374.00
609.59	2353.00
609.78	2486.00
609.98	2520.00
610.17	2626.00
610.37	2833.00
610.56	3055.00
610.76	3201.00
610.95	3240.00
611.15	3441.00
611.34	3587.00
611.54	3625.00
611.73	3414.00
611.93	3210.00
612.12	3012.00
612.32	2726.00
612.51	2603.00
612.71	2509.00
612.90	2457.00
613.09	2422.00
613.29	2435.00
613.48	2386.00
613.68	2409.00
613.87	2318.00
614.07	2393.00
614.26	2394.00
614.46	2279.00
614.65	2299.00
614.85	2329.00
615.04	2215.00
615.24	2207.00
615.43	2194.00
615.63	2180.00
615.82	2155.00
616.02	2117.00
616.21	2085.00
616.40	2089.00
616.60	2068.00
616.79	2049.00
616.99	2049.00
617.18	2013.00
617.38	2021.00
617.57	2058.00
617.77	2065.00
617.96	2019.00
618.16	2065.00
618.35	2105.00
618.54	1961.00
618.74	1977.00
618.93	1994.00
619.13	1997.00
619.32	2002.00
619.52	2018.00
619.71	2111.00
619.91	2037.00
620.10	2020.00
620.30	2031.00
620.49	2027.00
620.68	2108.00
620.88	2081.00
621.07	2020.00
621.27	2072.00
621.46	2057.00
621.66	1992.00
621.85	2103.00
622.05	2136.00
622.24	2102.00
622.43	2051.00
622.63	2098.00
622.82	2112.00
623.02	2132.00
623.21	2279.00
623.41	2228.00
623.60	2125.00
623.80	2112.00
623.99	2084.00
624.18	2089.00
624.38	2182.00
624.57	2124.00
624.77	2120.00
624.96	2188.00
625.16	2194.00
625.35	2283.00
625.54	2260.00
625.74	2272.00
625.93	2216.00
626.13	2255.00
626.32	2241.00
626.52	2178.00
626.71	2156.00
626.90	2238.00
627.10	2302.00
627.29	2295.00
627.49	2311.00
627.68	2288.00
627.88	2301.00
628.07	2313.00
628.26	2276.00
628.46	2300.00
628.65	2306.00
628.85	2376.00
629.04	2351.00
629.23	2414.00
629.43	2362.00
629.62	2377.00
629.82	2528.00
630.01	2398.00
630.21	2315.00
630.40	2477.00
630.59	2569.00
630.79	2522.00
630.98	2583.00
631.18	2541.00
631.37	2488.00
631.56	2639.00
631.76	2547.00
631.95	2526.00
632.15	2496.00
632.34	2458.00
632.53	2436.00
632.73	2437.00
632.92	2451.00
633.12	2360.00
633.31	2435.00
633.50	2556.00
633.70	2498.00
633.89	2462.00
634.09	2454.00
634.28	2500.00
634.47	2508.00
634.67	2513.00
634.86	2611.00
635.06	2617.00
635.25	2580.00
635.44	2578.00
635.64	2638.00
635.83	2604.00
636.03	2686.00
636.22	2694.00
636.41	2621.00
636.61	2601.00
636.80	2678.00
637.00	2799.00
637.19	2745.00
637.38	2640.00
637.58	2596.00
637.77	2715.00
637.96	2678.00
638.16	2769.00
638.35	2710.00
638.55	2782.00
638.74	2866.00
638.93	2987.00
639.13	2887.00
639.32	2871.00
639.51	2883.00
639.71	2935.00
639.90	2909.00
640.10	2844.00
640.29	2860.00
640.48	2840.00
640.68	2825.00
640.87	2847.00
641.07	2904.00
641.26	2988.00
641.45	2950.00
641.65	2982.00
641.84	2881.00
642.03	2906.00
642.23	2922.00
642.42	2827.00
642.61	3001.00
642.81	3100.00
643.00	3025.00
643.20	3093.00
643.39	2947.00
643.58	2955.00
643.78	3034.00
643.97	2942.00
644.16	3038.00
644.36	3097.00
644.55	3057.00
644.74	3069.00
644.94	3155.00
645.13	3153.00
645.33	3228.00
645.52	3103.00
645.71	3103.00
645.91	3166.00
646.10	3091.00
646.29	3236.00
646.49	3272.00
646.68	3206.00
646.87	3159.00
647.07	3138.00
647.26	3178.00
647.45	3258.00
647.65	3263.00
647.84	3198.00
648.03	3273.00
648.23	3319.00
648.42	3305.00
648.62	3277.00
648.81	3345.00
649.00	3363.00
649.20	3276.00
649.39	3264.00
649.58	3283.00
649.78	3348.00
649.97	3418.00
650.16	3422.00
650.36	3304.00
650.55	3425.00
650.74	3426.00
650.94	3369.00
651.13	3437.00
651.32	3446.00
651.52	3344.00
651.71	3375.00
651.90	3363.00
652.10	3400.00
652.29	3425.00
652.48	3390.00
652.68	3415.00
652.87	3384.00
653.06	3376.00
653.26	3392.00
653.45	3527.00
653.64	3421.00
653.84	3414.00
654.03	3460.00
654.22	3402.00
654.42	3325.00
654.61	3356.00
654.80	3335.00
654.99	3400.00
655.19	3609.00
655.38	3484.00
655.57	3456.00
655.77	3405.00
655.96	3350.00
656.15	3345.00
656.35	3420.00
656.54	3506.00
656.73	3367.00
656.93	3355.00
657.12	3405.00
657.31	3422.00
657.51	3405.00
657.70	3359.00
657.89	3403.00
658.09	3410.00
658.28	3477.00
658.47	3427.00
658.66	3413.00
658.86	3480.00
659.05	3405.00
659.24	3413.00
659.44	3401.00
659.63	3323.00
659.82	3316.00
660.02	3340.00
660.21	3370.00
660.40	3345.00
660.60	3281.00
660.79	3276.00
660.98	3364.00
661.17	3327.00
661.37	3351.00
661.56	3293.00
661.75	3368.00
661.95	3354.00
662.14	3353.00
662.33	3271.00
662.52	3312.00
662.72	3394.00
662.91	3399.00
663.10	3367.00
663.30	3418.00
663.49	3362.00
663.68	3371.00
663.88	3330.00
664.07	3337.00
664.26	3253.00
664.45	3237.00
664.65	3169.00
664.84	3045.00
665.03	3334.00
665.23	3307.00
665.42	3232.00
665.61	3087.00
665.80	3239.00
666.00	3241.00
666.19	3253.00
666.38	3166.00
666.57	3121.00
666.77	3150.00
666.96	3149.00
667.15	3116.00
667.35	3125.00
667.54	3236.00
667.73	3215.00
667.92	3068.00
668.12	3080.00
668.31	3137.00
668.50	3112.00
668.70	3047.00
668.89	3070.00
669.08	3144.00
669.27	3183.00
669.47	3132.00
669.66	3095.00
669.85	3085.00
670.04	3066.00
670.24	3091.00
670.43	3090.00
670.62	3119.00
670.81	3062.00
671.01	3089.00
671.20	3097.00
671.39	3153.00
671.58	3061.00
671.78	3095.00
671.97	3011.00
672.16	2917.00
672.36	2888.00
672.55	2952.00
672.74	2928.00
672.93	2955.00
673.13	3061.00
673.32	2944.00
673.51	2984.00
673.70	2862.00
673.90	2979.00
674.09	2914.00
674.28	2978.00
674.47	2976.00
674.67	2931.00
674.86	2999.00
675.05	2899.00
675.24	3015.00
675.44	2984.00
675.63	3021.00
675.82	3010.00
676.01	2990.00
676.21	2890.00
676.40	2934.00
676.59	2901.00
676.78	2873.00
676.97	2831.00
677.17	2817.00
677.36	2727.00
677.55	2756.00
677.74	2803.00
677.94	2883.00
678.13	3017.00
678.32	2898.00
678.51	2968.00
678.71	2923.00
678.90	2897.00
679.09	2849.00
679.28	2891.00
679.48	2950.00
679.67	2981.00
679.86	2966.00
680.05	2875.00
680.24	2810.00
680.44	2783.00
680.63	2768.00
680.82	2791.00
681.01	2835.00
681.21	2867.00
681.40	2830.00
681.59	2662.00
681.78	2771.00
681.97	2724.00
682.17	2850.00
682.36	2789.00
682.55	2813.00
682.74	2755.00
682.94	2712.00
683.13	2743.00
683.32	2797.00
683.51	2718.00
683.70	2737.00
683.90	2742.00
684.09	2741.00
684.28	2687.00
684.47	2721.00
684.66	2725.00
684.86	2735.00
685.05	2739.00
685.24	2700.00
685.43	2719.00
685.63	2695.00
685.82	2681.00
686.01	2710.00
686.20	2742.00
686.39	2808.00
686.59	2748.00
686.78	2707.00
686.97	2795.00
687.16	2839.00
687.35	2818.00
687.55	2732.00
687.74	2766.00
687.93	2752.00
688.12	2753.00
688.31	2725.00
688.51	2794.00
688.70	2741.00
688.89	2652.00
689.08	2666.00
689.27	2710.00
689.47	2689.00
689.66	2722.00
689.85	2688.00
690.04	2649.00
690.23	2695.00
690.42	2585.00
690.62	2627.00
690.81	2682.00
691.00	2697.00
691.19	2705.00
691.38	2645.00
691.58	2741.00
691.77	2665.00
691.96	2693.00
692.15	2782.00
692.34	2847.00
692.54	2763.00
692.73	2742.00
692.92	2736.00
693.11	2817.00
693.30	2820.00
693.49	2799.00
693.69	2729.00
693.88	2624.00
694.07	2666.00
694.26	2704.00
694.45	2783.00
694.64	2729.00
694.84	2692.00
695.03	2621.00
695.22	2720.00
695.41	2730.00
695.60	2763.00
695.80	2776.00
695.99	2732.00
696.18	2694.00
696.37	2737.00
696.56	2736.00
696.75	2662.00
696.95	2776.00
697.14	2735.00
697.33	2794.00
697.52	2774.00
697.71	2703.00
697.90	2762.00
698.09	2756.00
698.29	2801.00
698.48	2829.00
698.67	2807.00
698.86	2859.00
699.05	2920.00
699.24	2816.00
699.44	2817.00
699.63	2786.00
699.82	2768.00
700.01	2820.00
700.20	2798.00
700.39	2867.00
700.58	2785.00
700.78	2792.00
700.97	2776.00
701.16	2849.00
701.35	2897.00
701.54	2820.00
701.73	2870.00
701.93	2806.00
702.12	2860.00
702.31	2882.00
702.50	2906.00
702.69	2965.00
702.88	3017.00
703.07	3036.00
703.27	3007.00
703.46	2941.00
703.65	2990.00
703.84	2994.00
704.03	2972.00
704.22	3005.00
704.41	2928.00
704.60	2901.00
704.80	2981.00
704.99	3006.00
705.18	3045.00
705.37	3000.00
705.56	3007.00
705.75	2972.00
705.94	3147.00
706.14	3133.00
706.33	3084.00
706.52	3136.00
706.71	3092.00
706.90	3111.00
707.09	3181.00
707.28	3162.00
707.47	3166.00
707.67	3260.00
707.86	3210.00
708.05	3153.00
708.24	3281.00
708.43	3363.00
708.62	3266.00
708.81	3173.00
709.00	3254.00
709.20	3294.00
709.39	3440.00
709.58	3405.00
709.77	3339.00
709.96	3299.00
710.15	3231.00
710.34	3154.00
710.53	3152.00
710.72	3221.00
710.92	3259.00
711.11	3165.00
711.30	3267.00
711.49	3262.00
711.68	3425.00
711.87	3345.00
712.06	3392.00
712.25	3435.00
712.44	3421.00
712.64	3387.00
712.83	3473.00
713.02	3482.00
713.21	3419.00
713.40	3472.00
713.59	3441.00
713.78	3465.00
713.97	3485.00
714.16	3443.00
714.35	3458.00
714.55	3453.00
714.74	3523.00
714.93	3552.00
715.12	3529.00
715.31	3513.00
715.50	3500.00
715.69	3361.00
715.88	3350.00
716.07	3480.00
716.26	3458.00
716.45	3460.00
716.65	3438.00
716.84	3483.00
717.03	3456.00
717.22	3497.00
717.41	3512.00
717.60	3483.00
717.79	3549.00
717.98	3480.00
718.17	3543.00
718.36	3520.00
718.55	3499.00
718.75	3592.00
718.94	3588.00
719.13	3594.00
719.32	3572.00
719.51	3478.00
719.70	3576.00
719.89	3564.00
720.08	3477.00
720.27	3676.00
720.46	3623.00
720.65	3602.00
720.84	3510.00
721.03	3529.00
721.22	3540.00
721.42	3585.00
721.61	3599.00
721.80	3633.00
721.99	3614.00
722.18	3556.00
722.37	3546.00
722.56	3583.00
722.75	3537.00
722.94	3495.00
723.13	3460.00
723.32	3567.00
723.51	3632.00
723.70	3670.00
723.89	3610.00
724.08	3720.00
724.28	3683.00
724.47	3448.00
724.66	3431.00
724.85	3583.00
725.04	3570.00
725.23	3678.00
725.42	3602.00
725.61	3667.00
725.80	3642.00
725.99	3521.00
726.18	3597.00
726.37	3637.00
726.56	3497.00
726.75	3543.00
726.94	3551.00
727.13	3699.00
727.32	3665.00
727.51	3586.00
727.71	3535.00
727.90	3518.00
728.09	3683.00
728.28	3592.00
728.47	3485.00
728.66	3638.00
728.85	3563.00
729.04	3588.00
729.23	3566.00
729.42	3597.00
729.61	3593.00
729.80	3573.00
729.99	3592.00
730.18	3603.00
730.37	3560.00
730.56	3587.00
730.75	3522.00
730.94	3508.00
731.13	3582.00
731.32	3622.00
731.51	3554.00
731.70	3649.00
731.89	3674.00
732.08	3605.00
732.27	3453.00
732.46	3551.00
732.65	3593.00
732.84	3579.00
733.04	3515.00
733.23	3557.00
733.42	3592.00
733.61	3542.00
733.80	3625.00
733.99	3583.00
734.18	3601.00
734.37	3546.00
734.56	3459.00
734.75	3431.00
734.94	3443.00
735.13	3436.00
735.32	3437.00
735.51	3556.00
735.70	3414.00
735.89	3415.00
736.08	3372.00
736.27	3471.00
736.46	3456.00
736.65	3399.00
736.84	3374.00
737.03	3348.00
737.22	3458.00
737.41	3482.00
737.60	3389.00
737.79	3445.00
737.98	3476.00
738.17	3437.00
738.36	3587.00
738.55	3507.00
738.74	3502.00
738.93	3352.00
739.12	3429.00
739.31	3435.00
739.50	3394.00
739.69	3477.00
739.88	3370.00
740.07	3302.00
740.26	3308.00
740.45	3399.00
740.64	3287.00
740.83	3305.00
741.02	3335.00
741.21	3284.00
741.40	3347.00
741.59	3348.00
741.78	3315.00
741.97	3297.00
742.16	3222.00
742.35	3244.00
742.54	3274.00
742.73	3159.00
742.92	3157.00
743.11	3221.00
743.30	3116.00
743.49	3183.00
743.68	3118.00
743.87	3046.00
744.06	3111.00
744.25	3168.00
744.44	3237.00
744.63	3179.00
744.82	3225.00
745.01	3221.00
745.20	3116.00
745.39	3113.00
745.58	3126.00
745.77	3171.00
745.96	3185.00
746.15	3118.00
746.34	3150.00
746.52	3179.00
746.71	3243.00
746.90	3127.00
747.09	3105.00
747.28	3151.00
747.47	3013.00
747.66	3018.00
747.85	3013.00
748.04	3022.00
748.23	3004.00
748.42	2910.00
748.61	2885.00
748.80	2846.00
748.99	3009.00
749.18	2944.00
749.37	2891.00
749.56	2846.00
749.75	2919.00
749.94	2887.00
750.13	2818.00
750.32	2856.00
750.51	2975.00
750.70	2936.00
750.89	2957.00
751.08	2843.00
751.27	2858.00
751.46	2900.00
751.64	2858.00
751.83	2811.00
752.02	2860.00
752.21	2875.00
752.40	2886.00
752.59	2957.00
752.78	2895.00
752.97	2730.00
753.16	2749.00
753.35	2801.00
753.54	2771.00
753.73	2749.00
753.92	2783.00
754.11	2878.00
754.30	2812.00
754.49	2815.00
754.68	2810.00
754.87	2822.00
755.06	2769.00
755.24	2748.00
755.43	2674.00
755.62	2717.00
755.81	2729.00
756.00	2765.00
756.19	2808.00
756.38	2773.00
756.57	2689.00
756.76	2659.00
756.95	2640.00
757.14	2620.00
757.33	2718.00
757.52	2770.00
757.71	2811.00
757.90	2780.00
758.08	2704.00
758.27	2671.00
758.46	2713.00
758.65	2688.00
758.84	2604.00
759.03	2650.00
759.22	2638.00
759.41	2634.00
759.60	2612.00
759.79	2556.00
759.98	2613.00
760.17	2665.00
760.36	2503.00
760.54	2574.00
760.73	2632.00
760.92	2641.00
761.11	2617.00
761.30	2555.00
761.49	2395.00
761.68	2406.00
761.87	2373.00
762.06	2402.00
762.25	2406.00
762.44	2376.00
762.63	2401.00
762.81	2340.00
763.00	2307.00
763.19	2275.00
763.38	2230.00
763.57	2290.00
763.76	2258.00
763.95	2310.00
764.14	2265.00
764.33	2215.00
764.52	2139.00
764.71	2101.00
764.89	2173.00
765.08	2312.00
765.27	2313.00
765.46	2235.00
765.65	2274.00
765.84	2239.00
766.03	2248.00
766.22	2163.00
766.41	2172.00
766.59	2249.00
766.78	2389.00
766.97	2418.00
767.16	2327.00
767.35	2242.00
767.54	2398.00
767.73	2331.00
767.92	2343.00
768.11	2352.00
768.30	2313.00
768.48	2511.00
768.67	2457.00
768.86	2548.00
769.05	2548.00
769.24	2493.00
769.43	2482.00
769.62	2518.00
769.81	2578.00
769.99	2548.00
770.18	2421.00
770.37	2401.00
770.56	2437.00
770.75	2503.00
770.94	2448.00
771.13	2322.00
771.32	2416.00
771.50	2519.00
771.69	2496.00
771.88	2466.00
772.07	2433.00
772.26	2474.00
772.45	2464.00
772.64	2432.00
772.83	2541.00
773.01	2361.00
773.20	2361.00
773.39	2502.00
773.58	2502.00
773.77	2386.00
773.96	2441.00
774.15	2374.00
774.34	2399.00
774.52	2389.00
774.71	2379.00
774.90	2380.00
775.09	2427.00
775.28	2357.00
775.47	2377.00
775.66	2305.00
775.84	2346.00
776.03	2382.00
776.22	2390.00
776.41	2390.00
776.60	2366.00
776.79	2377.00
776.98	2345.00
777.16	2343.00
777.35	2397.00
777.54	2449.00
777.73	2469.00
777.92	2445.00
778.11	2381.00
778.29	2380.00
778.48	2287.00
778.67	2306.00
778.86	2329.00
779.05	2393.00
779.24	2350.00
779.43	2426.00
779.61	2363.00
779.80	2284.00
779.99	2387.00
780.18	2427.00
780.37	2467.00
780.56	2416.00
780.74	2416.00
780.93	2411.00
781.12	2351.00
781.31	2381.00
781.50	2394.00
781.69	2424.00
781.87	2474.00
782.06	2414.00
782.25	2460.00
782.44	2351.00
782.63	2450.00
782.82	2457.00
783.00	2411.00
783.19	2326.00
783.38	2420.00
783.57	2543.00
783.76	2470.00
783.95	2430.00
784.13	2353.00
784.32	2374.00
784.51	2361.00
784.70	2351.00
784.89	2415.00
785.08	2442.00
785.26	2451.00
785.45	2465.00
785.64	2523.00
785.83	2455.00
786.02	2515.00
786.20	2432.00
786.39	2424.00
786.58	2449.00
786.77	2416.00
786.96	2401.00
787.15	2392.00
787.33	2404.00
787.52	2467.00
787.71	2470.00
787.90	2480.00
788.09	2498.00
788.27	2486.00
788.46	2564.00
788.65	2545.00
788.84	2546.00
789.03	2499.00
789.21	2477.00
789.40	2606.00
789.59	2506.00
789.78	2523.00
789.97	2516.00
790.15	2566.00
790.34	2603.00
790.53	2459.00
790.72	2560.00
790.91	2568.00
791.09	2629.00
791.28	2585.00
791.47	2536.00
791.66	2556.00
791.85	2506.00
792.03	2596.00
792.22	2573.00
792.41	2640.00
792.60	2584.00
792.79	2615.00
792.97	2568.00
793.16	2685.00
793.35	2648.00
793.54	2572.00
793.72	2609.00
793.91	2576.00
794.10	2566.00
794.29	2576.00
794.48	2526.00
794.66	2607.00
794.85	2578.00
795.04	2617.00
795.23	2720.00
795.42	2783.00
795.60	2672.00
795.79	2531.00
795.98	2605.00
796.17	2632.00
796.35	2587.00
796.54	2582.00
796.73	2624.00
796.92	2496.00
797.11	2640.00
797.29	2571.00
797.48	2583.00
797.67	2588.00
797.86	2562.00
798.04	2584.00
798.23	2590.00
798.42	2577.00
798.61	2542.00
798.79	2583.00
798.98	2654.00
799.17	2669.00
799.36	2665.00
799.54	2679.00
799.73	2601.00
799.92	2597.00
800.11	2550.00
800.30	2608.00
800.48	2710.00
800.67	2595.00
800.86	2592.00
801.05	2517.00
801.23	2546.00
801.42	2661.00
801.61	2557.00
801.80	2572.00
801.98	2623.00
802.17	2637.00
802.36	2726.00
802.55	2709.00
802.73	2622.00
802.92	2649.00
803.11	2621.00
803.30	2663.00
803.48	2794.00
803.67	2839.00
803.86	2734.00
804.05	2728.00
804.23	2713.00
804.42	2723.00
804.61	2673.00
804.80	2717.00
804.98	2720.00
805.17	2681.00
805.36	2695.00
805.54	2785.00
805.73	2692.00
805.92	2722.00
806.11	2754.00
806.29	2724.00
806.48	2722.00
806.67	2746.00
806.86	2665.00
807.04	2649.00
807.23	2604.00
807.42	2647.00
807.61	2707.00
807.79	2730.00
807.98	2699.00
808.17	2658.00
808.35	2764.00
808.54	2707.00
808.73	2705.00
808.92	2814.00
809.10	2757.00
809.29	2686.00
809.48	2720.00
809.67	2643.00
809.85	2729.00
810.04	2751.00
810.23	2615.00
810.41	2648.00
810.60	2576.00
810.79	2652.00
810.98	2765.00
811.16	2681.00
811.35	2726.00
811.54	2716.00
811.72	2576.00
811.91	2606.00
812.10	2688.00
812.29	2665.00
812.47	2590.00
812.66	2568.00
812.85	2647.00
813.03	2646.00
813.22	2670.00
813.41	2661.00
813.60	2670.00
813.78	2722.00
813.97	2633.00
814.16	2653.00
814.34	2670.00
814.53	2581.00
814.72	2591.00
814.90	2639.00
815.09	2681.00
815.28	2661.00
815.47	2662.00
815.65	2631.00
815.84	2635.00
816.03	2636.00
816.21	2672.00
816.40	2579.00
816.59	2604.00
816.77	2608.00
816.96	2680.00
817.15	2628.00
817.33	2658.00
817.52	2712.00
817.71	2756.00
817.90	2680.00
818.08	2566.00
818.27	2635.00
818.46	2760.00
818.64	2726.00
818.83	2740.00
819.02	2751.00
819.20	2680.00
819.39	2758.00
819.58	2681.00
819.76	2548.00
819.95	2652.00
820.14	2710.00
820.32	2713.00
820.51	2776.00
820.70	2804.00
820.88	2732.00
821.07	2597.00
821.26	2680.00
821.44	2642.00
821.63	2664.00
821.82	2600.00
822.01	2662.00
822.19	2682.00
822.38	2699.00
822.57	2692.00
822.75	2676.00
822.94	2585.00
823.13	2653.00
823.31	2598.00
823.50	2618.00
823.69	2656.00
823.87	2676.00
824.06	2758.00
824.25	2663.00
824.43	2551.00
824.62	2608.00
824.80	2586.00
824.99	2551.00
825.18	2557.00
825.36	2688.00
825.55	2530.00
825.74	2521.00
825.92	2664.00
826.11	2584.00
826.30	2550.00
826.48	2521.00
826.67	2542.00
826.86	2534.00
827.04	2544.00
827.23	2519.00
827.42	2534.00
827.60	2577.00
827.79	2563.00
827.98	2610.00
828.16	2524.00
828.35	2545.00
828.54	2461.00
828.72	2570.00
828.91	2535.00
829.09	2612.00
829.28	2579.00
829.47	2542.00
829.65	2499.00
829.84	2504.00
830.03	2512.00
830.21	2554.00
830.40	2547.00
830.59	2519.00
830.77	2466.00
830.96	2412.00
831.14	2403.00
831.33	2391.00
831.52	2440.00
831.70	2435.00
831.89	2504.00
832.08	2528.00
832.26	2513.00
832.45	2514.00
832.64	2503.00
832.82	2574.00
833.01	2542.00
833.19	2553.00
833.38	2545.00
833.57	2337.00
833.75	2403.00
833.94	2415.00
834.13	2454.00
834.31	2559.00
834.50	2571.00
834.68	2423.00
834.87	2440.00
835.06	2439.00
835.24	2512.00
835.43	2503.00
835.61	2356.00
835.80	2434.00
835.99	2459.00
836.17	2448.00
836.36	2456.00
836.55	2462.00
836.73	2473.00
836.92	2471.00
837.10	2388.00
837.29	2406.00
837.48	2403.00
837.66	2451.00
837.85	2466.00
838.03	2442.00
838.22	2339.00
838.41	2394.00
838.59	2406.00
838.78	2369.00
838.96	2263.00
839.15	2312.00
839.34	2343.00
839.52	2395.00
839.71	2373.00
839.89	2330.00
840.08	2362.00
840.27	2476.00
840.45	2430.00
840.64	2349.00
840.82	2357.00
841.01	2373.00
841.20	2258.00
841.38	2367.00
841.57	2332.00
841.75	2247.00
841.94	2276.00
842.13	2345.00
842.31	2388.00
842.50	2308.00
842.68	2252.00
842.87	2238.00
843.05	2219.00
843.24	2242.00
843.43	2242.00
843.61	2248.00
843.80	2205.00
843.98	2227.00
844.17	2263.00
844.36	2263.00
844.54	2160.00
844.73	2113.00
844.91	2127.00
845.10	2163.00
845.28	2171.00
845.47	2218.00
845.66	2193.00
845.84	2105.00
846.03	2083.00
846.21	2081.00
846.40	2191.00
846.58	2224.00
846.77	2123.00
846.96	2110.00
847.14	2065.00
847.33	2066.00
847.51	2240.00
847.70	2159.00
847.88	2061.00
848.07	2089.00
848.25	2055.00
848.44	2120.00
848.63	2093.00
848.81	2032.00
849.00	2048.00
849.18	2065.00
849.37	1988.00
849.55	2081.00
849.74	2010.00
849.93	2048.00
850.11	2189.00
850.30	2118.00
850.48	2086.00
850.67	2113.00
850.85	2120.00
851.04	2149.00
851.22	2151.00
851.41	2053.00
851.59	2130.00
851.78	2120.00
851.97	2079.00
852.15	2033.00
852.34	1952.00
852.52	1999.00
852.71	2030.00
852.89	2093.00
853.08	2108.00
853.26	2000.00
853.45	1992.00
853.63	2065.00
853.82	2003.00
854.01	1992.00
854.19	1990.00
854.38	1964.00
854.56	2030.00
854.75	1990.00
854.93	1942.00
855.12	1915.00
855.30	1990.00
855.49	2003.00
855.67	1943.00
855.86	1957.00
856.04	2014.00
856.23	1935.00
856.41	1948.00
856.60	2002.00
856.79	1897.00
856.97	1965.00
857.16	1965.00
857.34	1970.00
857.53	1961.00
857.71	1907.00
857.90	1879.00
858.08	1864.00
858.27	1881.00
858.45	1937.00
858.64	1926.00
858.82	1952.00
859.01	1842.00
859.19	1823.00
859.38	1856.00
859.56	1853.00
859.75	1872.00
859.93	1851.00
860.12	1921.00
860.30	1922.00
860.49	1891.00
860.67	1932.00
860.86	1836.00
861.04	1839.00
861.23	1869.00
861.41	1781.00
861.60	1840.00
861.78	1904.00
861.97	1807.00
862.15	1825.00
862.34	1818.00
862.53	1800.00
862.71	1778.00
862.90	1805.00
863.08	1873.00
863.27	1819.00
863.45	1848.00
863.64	1745.00
863.82	1739.00
864.01	1741.00
864.19	1772.00
864.37	1738.00
864.56	1774.00
864.74	1683.00
864.93	1650.00
865.11	1656.00
865.30	1731.00
865.48	1771.00
865.67	1783.00
865.85	1743.00
866.04	1718.00
866.22	1689.00
866.41	1674.00
866.59	1669.00
866.78	1645.00
866.96	1659.00
867.15	1607.00
867.33	1727.00
867.52	1695.00
867.70	1682.00
867.89	1622.00
868.07	1651.00
868.26	1645.00
868.44	1559.00
868.63	1533.00
868.81	1559.00
869.00	1608.00
869.18	1570.00
869.37	1556.00
869.55	1577.00
869.74	1627.00
869.92	1628.00
870.10	1613.00
870.29	1588.00
870.47	1595.00
870.66	1655.00
870.84	1578.00
871.03	1607.00
871.21	1656.00
871.40	1558.00
871.58	1586.00
871.77	1619.00
871.95	1595.00
872.14	1590.00
872.32	1577.00
872.51	1623.00
872.69	1582.00
872.87	1514.00
873.06	1513.00
873.24	1613.00
873.43	1547.00
873.61	1507.00
873.80	1555.00
873.98	1588.00
874.17	1668.00
874.35	1565.00
874.54	1551.00
874.72	1550.00
874.90	1574.00
875.09	1506.00
875.27	1489.00
875.46	1556.00
875.64	1483.00
875.83	1589.00
876.01	1565.00
876.20	1492.00
876.38	1446.00
876.56	1534.00
876.75	1548.00
876.93	1583.00
877.12	1510.00
877.30	1523.00
877.49	1569.00
877.67	1526.00
877.86	1524.00
878.04	1491.00
878.22	1559.00
878.41	1510.00
878.59	1507.00
878.78	1394.00
878.96	1471.00
879.15	1491.00
879.33	1523.00
879.51	1538.00
879.70	1535.00
879.88	1504.00
880.07	1467.00
880.25	1483.00
880.44	1535.00
880.62	1477.00
880.80	1524.00
880.99	1461.00
881.17	1520.00
881.36	1465.00
881.54	1416.00
881.73	1488.00
881.91	1429.00
882.09	1410.00
882.28	1473.00
882.46	1478.00
882.65	1446.00
882.83	1449.00
883.02	1449.00
883.20	1474.00
883.38	1425.00
883.57	1475.00
883.75	1468.00
883.94	1479.00
884.12	1419.00
884.30	1406.00
884.49	1467.00
884.67	1482.00
884.86	1493.00
885.04	1432.00
885.22	1467.00
885.41	1335.00
885.59	1403.00
885.78	1472.00
885.96	1380.00
886.14	1494.00
886.33	1425.00
886.51	1481.00
886.70	1440.00
886.88	1400.00
887.06	1385.00
887.25	1404.00
887.43	1408.00
887.62	1456.00
887.80	1426.00
887.98	1342.00
888.17	1402.00
888.35	1482.00
888.54	1468.00
888.72	1421.00
888.90	1433.00
889.09	1381.00
889.27	1393.00
889.46	1430.00
889.64	1345.00
889.82	1401.00
890.01	1499.00
890.19	1479.00
890.38	1423.00
890.56	1449.00
890.74	1406.00
890.93	1437.00
891.11	1480.00
891.29	1412.00
891.48	1364.00
891.66	1311.00
891.85	1342.00
892.03	1322.00
892.21	1414.00
892.40	1384.00
892.58	1334.00
892.76	1357.00
892.95	1341.00
893.13	1361.00
893.32	1432.00
893.50	1459.00
893.68	1412.00
893.87	1406.00
894.05	1417.00
894.23	1406.00
894.42	1436.00
894.60	1410.00
894.79	1409.00
894.97	1396.00
895.15	1409.00
895.34	1470.00
895.52	1509.00
895.70	1439.00
895.89	1438.00
896.07	1362.00
896.25	1405.00
896.44	1418.00
896.62	1428.00
896.81	1563.00
896.99	1441.00
897.17	1443.00
897.36	1441.00
897.54	1500.00
897.72	1453.00
897.91	1430.00
898.09	1392.00
898.27	1482.00
898.46	1494.00
898.64	1539.00
898.82	1535.00
899.01	1528.00
899.19	1531.00
899.37	1553.00
899.56	1507.00
899.74	1456.00
899.92	1496.00
900.11	1511.00
900.29	1486.00
900.47	1540.00
900.66	1562.00
900.84	1472.00
901.03	1509.00
901.21	1539.00
901.39	1530.00
901.58	1507.00
901.76	1506.00
901.94	1497.00
902.13	1488.00
902.31	1523.00
902.49	1516.00
902.68	1589.00
902.86	1537.00
903.04	1514.00
903.23	1572.00
903.41	1572.00
903.59	1643.00
903.78	1593.00
903.96	1575.00
904.14	1594.00
904.32	1554.00
904.51	1576.00
904.69	1533.00
904.87	1550.00
905.06	1595.00
905.24	1613.00
905.42	1486.00
905.61	1558.00
905.79	1557.00
905.97	1627.00
906.16	1527.00
906.34	1537.00
906.52	1503.00
906.71	1461.00
906.89	1566.00
907.07	1578.00
907.26	1589.00
907.44	1515.00
907.62	1477.00
907.81	1481.00
907.99	1561.00
908.17	1511.00
908.35	1649.00
908.54	1663.00
908.72	1613.00
908.90	1488.00
909.09	1607.00
909.27	1518.00
909.45	1508.00
909.64	1553.00
909.82	1568.00
910.00	1579.00
910.18	1585.00
910.37	1572.00
910.55	1614.00
910.73	1554.00
910.92	1539.00
911.10	1579.00
911.28	1584.00
911.47	1489.00
911.65	1493.00
911.83	1568.00
912.01	1638.00
912.20	1524.00
912.38	1546.00
912.56	1596.00
912.75	1640.00
912.93	1581.00
913.11	1530.00
913.29	1493.00
913.48	1524.00
913.66	1506.00
913.84	1498.00
914.03	1603.00
914.21	1478.00
914.39	1492.00
914.57	1495.00
914.76	1439.00
914.94	1467.00
915.12	1531.00
915.31	1518.00
915.49	1468.00
915.67	1540.00
915.85	1524.00
916.04	1575.00
916.22	1475.00
916.40	1522.00
916.58	1482.00
916.77	1392.00
916.95	1393.00
917.13	1486.00
917.32	1487.00
917.50	1481.00
917.68	1536.00
917.86	1481.00
918.05	1439.00
918.23	1432.00
918.41	1470.00
918.59	1426.00
918.78	1483.00
918.96	1455.00
919.14	1434.00
919.32	1429.00
919.51	1401.00
919.69	1437.00
919.87	1410.00
920.05	1445.00
920.24	1461.00
920.42	1530.00
920.60	1463.00
920.78	1463.00
920.97	1477.00
921.15	1512.00
921.33	1431.00
921.52	1414.00
921.70	1474.00
921.88	1406.00
922.06	1394.00
922.24	1460.00
922.43	1497.00
922.61	1423.00
922.79	1377.00
922.97	1399.00
923.16	1408.00
923.34	1352.00
923.52	1380.00
923.70	1449.00
923.89	1363.00
924.07	1302.00
924.25	1474.00
924.43	1408.00
924.62	1306.00
924.80	1472.00
924.98	1389.00
925.16	1425.00
925.35	1420.00
925.53	1437.00
925.71	1394.00
925.89	1333.00
926.08	1432.00
926.26	1346.00
926.44	1251.00
926.62	1233.00
926.80	1297.00
926.99	1250.00
927.17	1291.00
927.35	1299.00
927.53	1341.00
927.72	1341.00
927.90	1325.00
928.08	1338.00
928.26	1273.00
928.44	1321.00
928.63	1308.00
928.81	1278.00
928.99	1375.00
929.17	1311.00
929.36	1268.00
929.54	1292.00
929.72	1343.00
929.90	1305.00
930.08	1239.00
930.27	1272.00
930.45	1312.00
930.63	1251.00
930.81	1245.00
930.99	1265.00
931.18	1226.00
931.36	1184.00
931.54	1191.00
931.72	1224.00
931.90	1222.00
932.09	1255.00
932.27	1266.00
932.45	1216.00
932.63	1222.00
932.81	1239.00
933.00	1214.00
933.18	1173.00
933.36	1158.00
933.54	1159.00
933.72	1192.00
933.91	1211.00
934.09	1123.00
934.27	1093.00
934.45	1091.00
934.63	1108.00
934.82	1047.00
935.00	1131.00
935.18	1069.00
935.36	1055.00
935.54	1072.00
935.73	1090.00
935.91	1074.00
936.09	1052.00
936.27	994.00
936.45	998.00
936.64	995.00
936.82	995.00
937.00	938.00
937.18	925.00
937.36	979.00
937.54	949.00
937.73	837.00
937.91	855.00
938.09	932.00
938.27	889.00
938.45	808.00
938.63	871.00
938.82	862.00
939.00	830.00
939.18	809.00
939.36	768.00
939.54	741.00
939.73	753.00
939.91	803.00
940.09	748.00
940.27	748.00
940.45	688.00
940.63	739.00
940.82	741.00
941.00	768.00
941.18	730.00
941.36	672.00
941.54	651.00
941.72	698.00
941.91	662.00
942.09	633.00
942.27	656.00
942.45	647.00
942.63	591.00
942.81	607.00
942.99	642.00
943.18	658.00
943.36	614.00
943.54	581.00
943.72	566.00
943.90	635.00
944.08	671.00
944.27	619.00
944.45	597.00
944.63	633.00
944.81	627.00
944.99	644.00
945.17	609.00
945.35	577.00
945.54	603.00
945.72	620.00
945.90	674.00
946.08	658.00
946.26	614.00
946.44	571.00
946.62	578.00
946.81	647.00
946.99	679.00
947.17	593.00
947.35	569.00
947.53	613.00
947.71	652.00
947.89	589.00
948.07	566.00
948.26	583.00
948.44	632.00
948.62	638.00
948.80	562.00
948.98	587.00
949.16	702.00
949.34	628.00
949.53	633.00
949.71	587.00
949.89	581.00
950.07	553.00
950.25	606.00
950.43	615.00
950.61	596.00
950.79	655.00
950.98	668.00
951.16	603.00
951.34	622.00
951.52	690.00
951.70	683.00
951.88	594.00
952.06	587.00
952.24	637.00
952.42	675.00
952.61	612.00
952.79	603.00
952.97	541.00
953.15	524.00
953.33	518.00
953.51	548.00
953.69	575.00
953.87	643.00
954.05	618.00
954.24	649.00
954.42	710.00
954.60	629.00
954.78	509.00
954.96	571.00
955.14	595.00
955.32	641.00
955.50	630.00
955.68	618.00
955.86	560.00
956.05	661.00
956.23	612.00
956.41	655.00
956.59	575.00
956.77	586.00
956.95	574.00
957.13	588.00
957.31	637.00
957.49	619.00
957.67	525.00
957.86	605.00
958.04	610.00
958.22	620.00
958.40	513.00
958.58	557.00
958.76	634.00
958.94	585.00
959.12	590.00
959.30	588.00
959.48	613.00
959.66	599.00
959.84	583.00
960.03	555.00
960.21	562.00
960.39	589.00
960.57	606.00
960.75	550.00
960.93	549.00
961.11	441.00
961.29	551.00
961.47	509.00
961.65	599.00
961.83	600.00
962.01	565.00
962.19	483.00
962.37	548.00
962.56	535.00
962.74	574.00
962.92	558.00
963.10	563.00
963.28	538.00
963.46	580.00
963.64	617.00
963.82	579.00
964.00	548.00
964.18	517.00
964.36	470.00
964.54	561.00
964.72	596.00
964.90	574.00
965.08	571.00
965.27	615.00
965.45	560.00
965.63	476.00
965.81	559.00
965.99	580.00
966.17	600.00
966.35	552.00
966.53	568.00
966.71	617.00
966.89	578.00
967.07	520.00
967.25	568.00
967.43	562.00
967.61	506.00
967.79	463.00
967.97	616.00
968.15	572.00
968.33	505.00
968.51	523.00
968.69	499.00
968.87	472.00
969.06	424.00
969.24	481.00
969.42	562.00
969.60	565.00
969.78	554.00
969.96	552.00
970.14	548.00
970.32	515.00
970.50	448.00
970.68	473.00
970.86	538.00
971.04	480.00
971.22	595.00
971.40	520.00
971.58	462.00
971.76	529.00
971.94	522.00
972.12	486.00
972.30	516.00
972.48	517.00
972.66	447.00
972.84	407.00
973.02	401.00
973.20	458.00
973.38	486.00
973.56	507.00
973.74	477.00
973.92	482.00
974.10	511.00
974.28	447.00
974.46	468.00
974.64	575.00
974.82	511.00
975.00	476.00
975.18	440.00
975.36	502.00
975.54	522.00
975.72	418.00
975.90	430.00
976.08	472.00
976.26	459.00
976.44	371.00
976.62	477.00
976.80	501.00
976.98	492.00
977.16	437.00
977.34	433.00
977.52	504.00
977.70	455.00
977.88	416.00
978.06	412.00
978.24	414.00
978.42	438.00
978.60	440.00
978.78	416.00
978.96	408.00
979.14	401.00
979.32	419.00
979.50	454.00
979.68	450.00
979.86	472.00
980.04	474.00
980.22	433.00
980.40	421.00
980.58	433.00
980.76	416.00
980.94	387.00
981.12	396.00
981.30	334.00
981.48	424.00
981.66	480.00
981.84	451.00
982.02	440.00
982.20	413.00
982.38	370.00
982.56	456.00
982.74	498.00
982.92	474.00
983.10	433.00
983.28	439.00
983.46	338.00
983.64	397.00
983.82	401.00
984.00	348.00
984.18	333.00
984.36	383.00
984.54	457.00
984.72	423.00
984.90	394.00
985.08	373.00
985.26	338.00
985.44	397.00
985.62	412.00
985.80	415.00
985.98	408.00
986.16	431.00
986.34	439.00
986.51	396.00
986.69	407.00
986.87	304.00
987.05	261.00
987.23	345.00
987.41	356.00
987.59	394.00
987.77	420.00
987.95	442.00
988.13	412.00
988.31	434.00
988.49	389.00
988.67	342.00
988.85	373.00
989.03	350.00
989.21	313.00
989.39	415.00
989.57	407.00
989.75	409.00
989.93	425.00
990.11	425.00
990.28	372.00
990.46	424.00
990.64	314.00
990.82	383.00
991.00	399.00
991.18	344.00
991.36	404.00
991.54	413.00
991.72	339.00
991.90	350.00
992.08	338.00
992.26	350.00
992.44	303.00
992.62	354.00
992.80	359.00
992.98	305.00
993.15	323.00
993.33	358.00
993.51	403.00
993.69	442.00
993.87	346.00
994.05	278.00
994.23	285.00
994.41	275.00
994.59	345.00
994.77	331.00
994.95	333.00
995.13	294.00
995.31	309.00
995.48	350.00
995.66	321.00
995.84	354.00
996.02	301.00
996.20	335.00
996.38	323.00
996.56	316.00
996.74	363.00
996.92	332.00
997.10	309.00
997.28	305.00
997.46	302.00
997.63	351.00
997.81	328.00
997.99	297.00
998.17	261.00
998.35	301.00
998.53	343.00
998.71	378.00
998.89	246.00
999.07	291.00
999.25	324.00
999.43	351.00
999.60	343.00
999.78	299.00
999.96	299.00
1000.14	322.00
1000.32	369.00
1000.50	291.00
1000.68	304.00
1000.86	269.00
1001.04	407.00
1001.21	344.00
1001.39	322.00
1001.57	368.00
1001.75	277.00
1001.93	287.00
1002.11	320.00
1002.29	317.00
1002.47	326.00
1002.65	331.00
1002.82	295.00
1003.00	220.00
1003.18	258.00
1003.36	289.00
1003.54	264.00
1003.72	301.00
1003.90	252.00
1004.08	261.00
1004.26	284.00
1004.43	226.00
1004.61	282.00
1004.79	298.00
1004.97	298.00
1005.15	280.00
1005.33	293.00
1005.51	293.00
1005.69	291.00
1005.86	243.00
1006.04	264.00
1006.22	254.00
1006.40	269.00
1006.58	321.00
1006.76	262.00
1006.94	238.00
1007.12	263.00
1007.29	234.00
1007.47	224.00
1007.65	289.00
1007.83	209.00
1008.01	257.00
1008.19	263.00
1008.37	242.00
1008.54	279.00
1008.72	270.00
1008.90	264.00
1009.08	302.00
1009.26	221.00
1009.44	233.00
1009.62	233.00
1009.79	212.00
1009.97	193.00
1010.15	199.00
1010.33	192.00
1010.51	273.00
1010.69	216.00
1010.87	219.00
1011.04	234.00
1011.22	264.00
1011.40	294.00
1011.58	292.00
1011.76	331.00
1011.94	225.00
1012.11	226.00
1012.29	241.00
1012.47	230.00
1012.65	261.00
1012.83	254.00
1013.01	235.00
1013.18	271.00
1013.36	281.00
1013.54	245.00
1013.72	271.00
1013.90	274.00
1014.08	334.00
1014.25	296.00
1014.43	226.00
1014.61	221.00
1014.79	241.00
1014.97	271.00
1015.15	288.00
1015.32	337.00
1015.50	254.00
1015.68	279.00
1015.86	279.00
1016.04	150.00
1016.22	228.00
1016.39	263.00
1016.57	311.00
1016.75	301.00
1016.93	249.00
1017.11	282.00
1017.29	305.00
1017.46	272.00
1017.64	238.00
1017.82	177.00
1018.00	155.00
1018.18	211.00
1018.35	304.00
1018.53	231.00
1018.71	201.00
1018.89	199.00
1019.07	215.00
1019.24	214.00
1019.42	239.00
1019.60	265.00
1019.78	262.00
1019.96	256.00
1020.14	245.00
1020.31	288.00
1020.49	239.00
1020.67	231.00
1020.85	192.00
1021.03	197.00
1021.20	226.00
1021.38	155.00
1021.56	192.00
1021.74	212.00
1021.92	177.00
1022.09	211.00
1022.27	249.00
1022.45	224.00
1022.63	264.00
1022.81	207.00
1022.98	246.00
1023.16	221.00
1023.34	216.00
1023.52	242.00
1023.69	264.00
1023.87	215.00
1024.05	208.00
1024.23	178.00
1024.41	239.00
1024.58	278.00
1024.76	196.00
1024.94	212.00
1025.12	147.00
1025.30	149.00
1025.47	227.00
1025.65	242.00
1025.83	204.00
1026.01	149.00
1026.18	233.00
1026.36	217.00
1026.54	225.00
1026.72	202.00
1026.90	170.00
1027.07	191.00
1027.25	199.00
1027.43	172.00
1027.61	159.00
1027.78	203.00
1027.96	190.00
1028.14	162.00
1028.32	234.00
1028.49	258.00
1028.67	218.00
1028.85	233.00
1029.03	221.00
1029.21	163.00
1029.38	133.00
1029.56	167.00
1029.74	175.00
1029.92	254.00
1030.09	185.00
1030.27	175.00
1030.45	208.00
1030.63	231.00
1030.80	205.00
1030.98	176.00
1031.16	125.00
1031.34	126.00
1031.51	208.00
1031.69	188.00
1031.87	186.00
1032.05	231.00
1032.22	183.00
1032.40	148.00
1032.58	140.00
1032.76	157.00
1032.93	183.00
1033.11	147.00
1033.29	104.00
1033.47	176.00
1033.64	212.00
1033.82	171.00
1034.00	232.00
1034.18	212.00
1034.35	146.00
1034.53	224.00
1034.71	126.00
1034.89	116.00
1035.06	186.00
1035.24	171.00
1035.42	100.00
1035.59	137.00
1035.77	128.00
1035.95	211.00
1036.13	155.00
1036.30	142.00
1036.48	147.00
1036.66	66.00
1036.84	79.00
1037.01	151.00
1037.19	181.00
1037.37	145.00
1037.54	159.00
1037.72	163.00
1037.90	156.00
1038.08	156.00
1038.25	193.00
1038.43	172.00
1038.61	146.00
1038.79	182.00
1038.96	202.00
1039.14	185.00
1039.32	164.00
1039.49	99.00
1039.67	109.00
1039.85	153.00
1040.03	156.00
1040.20	134.00
1040.38	120.00
1040.56	181.00
1040.73	155.00
1040.91	138.00
1041.09	163.00
1041.27	132.00
1041.44	120.00
1041.62	136.00
1041.80	137.00
1041.97	163.00
1042.15	146.00
1042.33	168.00
1042.50	178.00
1042.68	141.00
1042.86	158.00
1043.04	155.00
1043.21	138.00
1043.39	195.00
1043.57	126.00
1043.74	177.00
1043.92	129.00
1044.10	127.00
1044.27	153.00
1044.45	147.00
1044.63	129.00
1044.80	122.00
1044.98	118.00
1045.16	105.00
1045.34	74.00
1045.51	137.00
1045.69	175.00
1045.87	91.00
1046.04	130.00
1046.22	217.00
1046.40	141.00
1046.57	167.00
1046.75	138.00
1046.93	129.00
1047.10	145.00
1047.28	159.00
1047.46	83.00
1047.63	97.00
1047.81	94.00
1047.99	131.00
1048.16	80.00
1048.34	28.00
1048.52	70.00
1048.69	161.00
1048.87	169.00
1049.05	130.00
1049.22	180.00
1049.40	175.00
1049.58	162.00
1049.75	151.00
1049.93	165.00
1050.11	156.00
1050.28	186.00
1050.46	171.00
1050.64	133.00
1050.81	146.00
1050.99	168.00
1051.17	75.00
1051.34	68.00
1051.52	174.00
1051.70	157.00
1051.87	206.00
1052.05	161.00
1052.23	134.00
1052.40	201.00
1052.58	185.00
1052.76	175.00
1052.93	244.00
1053.11	217.00
1053.29	130.00
1053.46	128.00
1053.64	163.00
1053.82	124.00
1053.99	54.00
1054.17	101.00
1054.35	136.00
1054.52	123.00
1054.70	48.00
1054.87	113.00
1055.05	70.00
1055.23	98.00
1055.40	82.00
1055.58	128.00
1055.76	82.00
1055.93	133.00
1056.11	133.00
1056.29	117.00
1056.46	120.00
1056.64	187.00
1056.81	143.00
1056.99	24.00
1057.17	49.00
1057.34	160.00
1057.52	114.00
1057.70	62.00
1057.87	110.00
1058.05	110.00
1058.22	32.00
1058.40	95.00
1058.58	119.00
1058.75	87.00
1058.93	93.00
1059.11	26.00
1059.28	123.00
1059.46	170.00
1059.63	120.00
1059.81	-17.00
1059.99	27.00
1060.16	115.00
1060.34	105.00
1060.52	120.00
1060.69	74.00
1060.87	116.00
1061.04	148.00
1061.22	127.00
