367.62	16.00
367.82	-4.00
368.02	-33.00
368.23	22.00
368.43	23.00
368.63	34.00
368.83	10.00
369.04	10.00
369.24	3.00
369.44	-35.00
369.65	-51.00
369.85	19.00
370.05	13.00
370.25	36.00
370.46	-59.00
370.66	-68.00
370.86	-28.00
371.07	41.00
371.27	-24.00
371.47	18.00
371.67	44.00
371.88	42.00
372.08	18.00
372.28	32.00
372.49	21.00
372.69	-14.00
372.89	9.00
373.09	-21.00
373.30	16.00
373.50	-23.00
373.70	11.00
373.91	23.00
374.11	23.00
374.31	20.00
374.51	36.00
374.72	-49.00
374.92	36.00
375.12	35.00
375.33	-20.00
375.53	44.00
375.73	40.00
375.93	26.00
376.14	11.00
376.34	30.00
376.54	-4.00
376.74	12.00
376.95	21.00
377.15	24.00
377.35	-37.00
377.55	24.00
377.76	38.00
377.96	-10.00
378.16	20.00
378.37	-19.00
378.57	10.00
378.77	7.00
378.97	-1.00
379.18	-14.00
379.38	4.00
379.58	-1.00
379.78	5.00
379.99	20.00
380.19	37.00
380.39	2.00
380.59	-45.00
380.80	-2.00
381.00	34.00
381.20	-17.00
381.40	-15.00
381.61	-4.00
381.81	-29.00
382.01	-45.00
382.21	54.00
382.42	27.00
382.62	-16.00
382.82	49.00
383.02	0.00
383.23	-21.00
383.43	20.00
383.63	20.00
383.83	17.00
384.04	-22.00
384.24	17.00
384.44	20.00
384.64	68.00
384.85	25.00
385.05	-7.00
385.25	35.00
385.45	36.00
385.66	60.00
385.86	59.00
386.06	-2.00
386.26	6.00
386.47	-18.00
386.67	-42.00
386.87	14.00
387.07	57.00
387.27	25.00
387.48	53.00
387.68	61.00
387.88	-17.00
388.08	-56.00
388.29	-16.00
388.49	74.00
388.69	55.00
388.89	17.00
389.10	-26.00
389.30	-28.00
389.50	-11.00
389.70	1.00
389.90	-37.00
390.11	13.00
390.31	20.00
390.51	18.00
390.71	-34.00
390.92	-23.00
391.12	0.00
391.32	8.00
391.52	55.00
391.72	9.00
391.93	5.00
392.13	18.00
392.33	26.00
392.53	5.00
392.74	71.00
392.94	61.00
393.14	39.00
393.34	19.00
393.54	20.00
393.75	-21.00
393.95	-2.00
394.15	59.00
394.35	31.00
394.56	0.00
394.76	-15.00
394.96	23.00
395.16	33.00
395.36	17.00
395.57	-18.00
395.77	-26.00
395.97	40.00
396.17	11.00
396.37	41.00
396.58	15.00
396.78	7.00
396.98	18.00
397.18	-33.00
397.38	3.00
397.59	42.00
397.79	4.00
397.99	13.00
398.19	20.00
398.39	39.00
398.60	-5.00
398.80	0.00
399.00	-34.00
399.20	-22.00
399.40	22.00
399.61	45.00
399.81	90.00
400.01	45.00
400.21	21.00
400.41	-21.00
400.62	5.00
400.82	5.00
401.02	-39.00
401.22	18.00
401.42	33.00
401.63	36.00
401.83	14.00
402.03	20.00
402.23	87.00
402.43	42.00
402.64	46.00
402.84	55.00
403.04	62.00
403.24	60.00
403.44	-29.00
403.64	-11.00
403.85	54.00
404.05	13.00
404.25	48.00
404.45	33.00
404.65	74.00
404.86	103.00
405.06	54.00
405.26	36.00
405.46	18.00
405.66	33.00
405.86	24.00
406.07	49.00
406.27	76.00
406.47	71.00
406.67	63.00
406.87	36.00
407.07	74.00
407.28	20.00
407.48	4.00
407.68	18.00
407.88	2.00
408.08	83.00
408.28	114.00
408.49	50.00
408.69	43.00
408.89	85.00
409.09	41.00
409.29	53.00
409.49	5.00
409.70	34.00
409.90	77.00
410.10	97.00
410.30	88.00
410.50	71.00
410.70	69.00
410.91	79.00
411.11	60.00
411.31	88.00
411.51	51.00
411.71	79.00
411.91	48.00
412.12	100.00
412.32	82.00
412.52	39.00
412.72	12.00
412.92	84.00
413.12	98.00
413.32	85.00
413.53	15.00
413.73	24.00
413.93	56.00
414.13	53.00
414.33	78.00
414.53	62.00
414.74	70.00
414.94	64.00
415.14	46.00
415.34	83.00
415.54	49.00
415.74	11.00
415.94	-6.00
416.15	45.00
416.35	92.00
416.55	89.00
416.75	123.00
416.95	113.00
417.15	72.00
417.35	66.00
417.56	55.00
417.76	87.00
417.96	81.00
418.16	2.00
418.36	17.00
418.56	32.00
418.76	70.00
418.97	90.00
419.17	101.00
419.37	70.00
419.57	64.00
419.77	59.00
419.97	79.00
420.17	119.00
420.37	79.00
420.58	158.00
420.78	171.00
420.98	85.00
421.18	62.00
421.38	137.00
421.58	105.00
421.78	93.00
421.98	86.00
422.19	91.00
422.39	107.00
422.59	117.00
422.79	100.00
422.99	87.00
423.19	100.00
423.39	89.00
423.59	139.00
423.80	128.00
424.00	146.00
424.20	132.00
424.40	97.00
424.60	87.00
424.80	68.00
425.00	123.00
425.20	114.00
425.40	126.00
425.61	128.00
425.81	104.00
426.01	66.00
426.21	83.00
426.41	119.00
426.61	134.00
426.81	46.00
427.01	91.00
427.21	109.00
427.42	142.00
427.62	93.00
427.82	83.00
428.02	98.00
428.22	140.00
428.42	141.00
428.62	117.00
428.82	65.00
429.02	99.00
429.23	184.00
429.43	188.00
429.63	143.00
429.83	110.00
430.03	133.00
430.23	114.00
430.43	92.00
430.63	117.00
430.83	153.00
431.03	144.00
431.24	173.00
431.44	228.00
431.64	163.00
431.84	176.00
432.04	198.00
432.24	210.00
432.44	192.00
432.64	205.00
432.84	190.00
433.04	153.00
433.24	165.00
433.45	186.00
433.65	151.00
433.85	143.00
434.05	160.00
434.25	270.00
434.45	211.00
434.65	189.00
434.85	158.00
435.05	170.00
435.25	227.00
435.45	216.00
435.65	298.00
435.86	345.00
436.06	305.00
436.26	251.00
436.46	210.00
436.66	145.00
436.86	176.00
437.06	143.00
437.26	124.00
437.46	97.00
437.66	142.00
437.86	236.00
438.06	242.00
438.26	184.00
438.47	190.00
438.67	51.00
438.87	180.00
439.07	165.00
439.27	152.00
439.47	183.00
439.67	110.00
439.87	162.00
440.07	160.00
440.27	194.00
440.47	117.00
440.67	115.00
440.87	203.00
441.07	126.00
441.27	165.00
441.48	117.00
441.68	153.00
441.88	123.00
442.08	147.00
442.28	164.00
442.48	143.00
442.68	150.00
442.88	134.00
443.08	197.00
443.28	140.00
443.48	163.00
443.68	131.00
443.88	147.00
444.08	183.00
444.28	122.00
444.48	211.00
444.68	220.00
444.88	129.00
445.09	199.00
445.29	201.00
445.49	129.00
445.69	158.00
445.89	184.00
446.09	201.00
446.29	180.00
446.49	188.00
446.69	225.00
446.89	202.00
447.09	133.00
447.29	46.00
447.49	136.00
447.69	170.00
447.89	177.00
448.09	210.00
448.29	241.00
448.49	176.00
448.69	179.00
448.89	156.00
449.09	135.00
449.29	141.00
449.49	220.00
449.70	257.00
449.90	192.00
450.10	181.00
450.30	215.00
450.50	210.00
450.70	258.00
450.90	268.00
451.10	226.00
451.30	194.00
451.50	235.00
451.70	219.00
451.90	134.00
452.10	125.00
452.30	151.00
452.50	186.00
452.70	145.00
452.90	161.00
453.10	241.00
453.30	209.00
453.50	219.00
453.70	196.00
453.90	248.00
454.10	306.00
454.30	201.00
454.50	185.00
454.70	228.00
454.90	262.00
455.10	233.00
455.30	235.00
455.50	212.00
455.70	176.00
455.90	259.00
456.10	271.00
456.30	284.00
456.50	250.00
456.70	272.00
456.90	312.00
457.10	310.00
457.30	282.00
457.50	293.00
457.70	302.00
457.90	298.00
458.10	291.00
458.30	301.00
458.50	305.00
458.70	307.00
458.90	273.00
459.10	314.00
459.30	277.00
459.50	226.00
459.70	229.00
459.90	302.00
460.10	371.00
460.30	296.00
460.50	323.00
460.70	364.00
460.90	325.00
461.10	363.00
461.30	348.00
461.50	296.00
461.70	314.00
461.90	291.00
462.10	300.00
462.30	320.00
462.50	270.00
462.70	313.00
462.90	287.00
463.10	246.00
463.30	282.00
463.50	337.00
463.70	314.00
463.90	277.00
464.10	281.00
464.30	309.00
464.50	363.00
464.70	317.00
464.90	307.00
465.10	257.00
465.30	225.00
465.50	292.00
465.70	324.00
465.90	323.00
466.10	333.00
466.30	349.00
466.50	312.00
466.70	246.00
466.90	229.00
467.10	257.00
467.30	287.00
467.50	320.00
467.70	305.00
467.90	304.00
468.10	296.00
468.30	257.00
468.50	232.00
468.70	231.00
468.90	254.00
469.10	286.00
469.30	344.00
469.50	346.00
469.70	294.00
469.90	295.00
470.10	301.00
470.30	312.00
470.50	317.00
470.70	313.00
470.90	345.00
471.10	347.00
471.29	330.00
471.49	291.00
471.69	313.00
471.89	287.00
472.09	290.00
472.29	293.00
472.49	332.00
472.69	310.00
472.89	320.00
473.09	281.00
473.29	227.00
473.49	310.00
473.69	285.00
473.89	284.00
474.09	284.00
474.29	297.00
474.49	283.00
474.69	274.00
474.89	252.00
475.09	296.00
475.29	307.00
475.49	254.00
475.69	297.00
475.88	310.00
476.08	288.00
476.28	307.00
476.48	335.00
476.68	358.00
476.88	331.00
477.08	280.00
477.28	267.00
477.48	313.00
477.68	315.00
477.88	338.00
478.08	360.00
478.28	311.00
478.48	242.00
478.68	298.00
478.88	315.00
479.08	270.00
479.28	327.00
479.47	291.00
479.67	249.00
479.87	266.00
480.07	301.00
480.27	297.00
480.47	354.00
480.67	398.00
480.87	345.00
481.07	302.00
481.27	310.00
481.47	335.00
481.67	363.00
481.87	348.00
482.07	347.00
482.27	377.00
482.46	373.00
482.66	382.00
482.86	424.00
483.06	386.00
483.26	354.00
483.46	300.00
483.66	231.00
483.86	268.00
484.06	299.00
484.26	303.00
484.46	308.00
484.66	360.00
484.86	424.00
485.05	415.00
485.25	400.00
485.45	400.00
485.65	408.00
485.85	426.00
486.05	417.00
486.25	402.00
486.45	454.00
486.65	484.00
486.85	487.00
487.05	447.00
487.25	411.00
487.44	417.00
487.64	404.00
487.84	460.00
488.04	467.00
488.24	426.00
488.44	445.00
488.64	368.00
488.84	380.00
489.04	415.00
489.24	519.00
489.43	481.00
489.63	400.00
489.83	440.00
490.03	481.00
490.23	486.00
490.43	503.00
490.63	522.00
490.83	484.00
491.03	515.00
491.23	589.00
491.42	575.00
491.62	485.00
491.82	450.00
492.02	495.00
492.22	495.00
492.42	460.00
492.62	522.00
492.82	533.00
493.02	491.00
493.22	502.00
493.41	516.00
493.61	499.00
493.81	515.00
494.01	503.00
494.21	485.00
494.41	524.00
494.61	502.00
494.81	565.00
495.01	489.00
495.20	570.00
495.40	608.00
495.60	609.00
495.80	505.00
496.00	522.00
496.20	499.00
496.40	526.00
496.60	592.00
496.79	614.00
496.99	535.00
497.19	486.00
497.39	493.00
497.59	504.00
497.79	575.00
497.99	570.00
498.19	489.00
498.38	533.00
498.58	624.00
498.78	515.00
498.98	505.00
499.18	578.00
499.38	573.00
499.58	528.00
499.78	481.00
499.97	556.00
500.17	541.00
500.37	590.00
500.57	604.00
500.77	541.00
500.97	590.00
501.17	555.00
501.37	571.00
501.56	574.00
501.76	561.00
501.96	533.00
502.16	597.00
502.36	653.00
502.56	603.00
502.76	532.00
502.95	522.00
503.15	534.00
503.35	510.00
503.55	526.00
503.75	494.00
503.95	579.00
504.15	529.00
504.34	549.00
504.54	575.00
504.74	575.00
504.94	512.00
505.14	508.00
505.34	568.00
505.54	593.00
505.73	564.00
505.93	576.00
506.13	618.00
506.33	570.00
506.53	533.00
506.73	568.00
506.92	628.00
507.12	547.00
507.32	555.00
507.52	517.00
507.72	494.00
507.92	568.00
508.12	540.00
508.31	527.00
508.51	611.00
508.71	631.00
508.91	598.00
509.11	568.00
509.31	547.00
509.50	539.00
509.70	577.00
509.90	555.00
510.10	544.00
510.30	524.00
510.50	535.00
510.69	546.00
510.89	545.00
511.09	554.00
511.29	562.00
511.49	586.00
511.69	591.00
511.88	591.00
512.08	485.00
512.28	495.00
512.48	573.00
512.68	565.00
512.88	507.00
513.07	547.00
513.27	599.00
513.47	585.00
513.67	526.00
513.87	559.00
514.06	603.00
514.26	558.00
514.46	501.00
514.66	551.00
514.86	522.00
515.06	578.00
515.25	611.00
515.45	581.00
515.65	596.00
515.85	595.00
516.05	585.00
516.24	611.00
516.44	543.00
516.64	532.00
516.84	528.00
517.04	518.00
517.23	524.00
517.43	500.00
517.63	568.00
517.83	620.00
518.03	611.00
518.23	544.00
518.42	458.00
518.62	520.00
518.82	598.00
519.02	628.00
519.22	624.00
519.41	591.00
519.61	514.00
519.81	589.00
520.01	606.00
520.21	598.00
520.40	594.00
520.60	623.00
520.80	636.00
521.00	569.00
521.20	589.00
521.39	603.00
521.59	544.00
521.79	572.00
521.99	626.00
522.19	632.00
522.38	653.00
522.58	700.00
522.78	618.00
522.98	575.00
523.17	594.00
523.37	602.00
523.57	656.00
523.77	673.00
523.97	606.00
524.16	637.00
524.36	633.00
524.56	672.00
524.76	673.00
524.96	621.00
525.15	654.00
525.35	633.00
525.55	704.00
525.75	671.00
525.94	657.00
526.14	701.00
526.34	649.00
526.54	692.00
526.74	709.00
526.93	718.00
527.13	670.00
527.33	636.00
527.53	626.00
527.72	644.00
527.92	747.00
528.12	787.00
528.32	736.00
528.52	765.00
528.71	744.00
528.91	690.00
529.11	678.00
529.31	728.00
529.50	754.00
529.70	736.00
529.90	723.00
530.10	803.00
530.29	766.00
530.49	827.00
530.69	814.00
530.89	827.00
531.09	780.00
531.28	817.00
531.48	858.00
531.68	787.00
531.88	800.00
532.07	842.00
532.27	893.00
532.47	859.00
532.67	816.00
532.86	792.00
533.06	771.00
533.26	870.00
533.46	921.00
533.65	972.00
533.85	940.00
534.05	878.00
534.25	919.00
534.44	939.00
534.64	962.00
534.84	1062.00
535.04	1061.00
535.23	915.00
535.43	923.00
535.63	1015.00
535.83	1019.00
536.02	1011.00
536.22	1009.00
536.42	1064.00
536.62	1044.00
536.81	1035.00
537.01	1074.00
537.21	1019.00
537.41	1022.00
537.60	1098.00
537.80	1123.00
538.00	1091.00
538.20	1018.00
538.39	1165.00
538.59	1163.00
538.79	1131.00
538.99	1168.00
539.18	1123.00
539.38	1168.00
539.58	1207.00
539.77	1243.00
539.97	1354.00
540.17	1360.00
540.37	1360.00
540.56	1426.00
540.76	1467.00
540.96	1405.00
541.16	1520.00
541.35	1562.00
541.55	1605.00
541.75	1663.00
541.94	1608.00
542.14	1542.00
542.34	1655.00
542.54	1660.00
542.73	1630.00
542.93	1570.00
543.13	1469.00
543.33	1413.00
543.52	1454.00
543.72	1509.00
543.92	1495.00
544.11	1538.00
544.31	1550.00
544.51	1599.00
544.71	1571.00
544.90	1572.00
545.10	1635.00
545.30	1721.00
545.49	1806.00
545.69	1839.00
545.89	1900.00
546.09	1893.00
546.28	1862.00
546.48	1817.00
546.68	1694.00
546.87	1416.00
547.07	1332.00
547.27	1399.00
547.47	1405.00
547.66	1407.00
547.86	1392.00
548.06	1374.00
548.25	1340.00
548.45	1324.00
548.65	1325.00
548.84	1300.00
549.04	1327.00
549.24	1254.00
549.44	1206.00
549.63	1190.00
549.83	1186.00
550.03	1158.00
550.22	1189.00
550.42	1133.00
550.62	1145.00
550.81	1105.00
551.01	1089.00
551.21	1150.00
551.41	1183.00
551.60	1107.00
551.80	1123.00
552.00	1149.00
552.19	1159.00
552.39	1133.00
552.59	1129.00
552.78	1120.00
552.98	1077.00
553.18	1116.00
553.37	1071.00
553.57	1045.00
553.77	1086.00
553.96	1077.00
554.16	1076.00
554.36	1064.00
554.56	1123.00
554.75	1061.00
554.95	1073.00
555.15	1086.00
555.34	1020.00
555.54	981.00
555.74	1048.00
555.93	1080.00
556.13	1087.00
556.33	1068.00
556.52	1014.00
556.72	1054.00
556.92	960.00
557.11	923.00
557.31	952.00
557.51	939.00
557.70	979.00
557.90	952.00
558.10	906.00
558.29	962.00
558.49	917.00
558.69	970.00
558.88	904.00
559.08	905.00
559.28	853.00
559.47	915.00
559.67	1013.00
559.87	984.00
560.06	978.00
560.26	976.00
560.46	1006.00
560.65	996.00
560.85	942.00
561.05	989.00
561.24	996.00
561.44	1067.00
561.64	958.00
561.83	883.00
562.03	956.00
562.23	1008.00
562.42	997.00
562.62	1077.00
562.82	1025.00
563.01	932.00
563.21	1046.00
563.40	990.00
563.60	993.00
563.80	1021.00
563.99	944.00
564.19	1017.00
564.39	1061.00
564.58	1047.00
564.78	1034.00
564.98	1034.00
565.17	966.00
565.37	955.00
565.57	1020.00
565.76	1013.00
565.96	995.00
566.16	965.00
566.35	979.00
566.55	982.00
566.74	1090.00
566.94	1105.00
567.14	1105.00
567.33	1119.00
567.53	1113.00
567.73	1037.00
567.92	1091.00
568.12	1149.00
568.32	1106.00
568.51	1122.00
568.71	1066.00
568.90	1063.00
569.10	1103.00
569.30	1147.00
569.49	1155.00
569.69	1153.00
569.89	1162.00
570.08	1233.00
570.28	1188.00
570.47	1115.00
570.67	1098.00
570.87	1101.00
571.06	1155.00
571.26	1136.00
571.46	1159.00
571.65	1189.00
571.85	1190.00
572.04	1206.00
572.24	1154.00
572.44	1078.00
572.63	1157.00
572.83	1211.00
573.03	1229.00
573.22	1219.00
573.42	1223.00
573.61	1139.00
573.81	1170.00
574.01	1178.00
574.20	1227.00
574.40	1296.00
574.59	1273.00
574.79	1267.00
574.99	1291.00
575.18	1257.00
575.38	1278.00
575.58	1286.00
575.77	1324.00
575.97	1318.00
576.16	1326.00
576.36	1319.00
576.56	1321.00
576.75	1396.00
576.95	1437.00
577.14	1439.00
577.34	1449.00
577.54	1400.00
577.73	1444.00
577.93	1478.00
578.12	1459.00
578.32	1449.00
578.52	1492.00
578.71	1538.00
578.91	1563.00
579.10	1486.00
579.30	1521.00
579.50	1484.00
579.69	1535.00
579.89	1543.00
580.08	1507.00
580.28	1556.00
580.48	1588.00
580.67	1629.00
580.87	1655.00
581.06	1642.00
581.26	1594.00
581.45	1526.00
581.65	1653.00
581.85	1683.00
582.04	1675.00
582.24	1611.00
582.43	1597.00
582.63	1745.00
582.83	1694.00
583.02	1773.00
583.22	1760.00
583.41	1818.00
583.61	1859.00
583.80	1823.00
584.00	1879.00
584.20	1874.00
584.39	1907.00
584.59	1889.00
584.78	1833.00
584.98	1890.00
585.17	1853.00
585.37	1910.00
585.57	1951.00
585.76	1969.00
585.96	1927.00
586.15	1977.00
586.35	2033.00
586.54	1970.00
586.74	1948.00
586.94	2016.00
587.13	2005.00
587.33	2014.00
587.52	2071.00
587.72	2080.00
587.91	2064.00
588.11	2109.00
588.31	2071.00
588.50	2065.00
588.70	2106.00
588.89	2122.00
589.09	2083.00
589.28	2093.00
589.48	2076.00
589.68	2113.00
589.87	2117.00
590.07	2070.00
590.26	2115.00
590.46	2234.00
590.65	2208.00
590.85	2105.00
591.04	2183.00
591.24	2267.00
591.44	2223.00
591.63	2190.00
591.83	2185.00
592.02	2263.00
592.22	2354.00
592.41	2336.00
592.61	2341.00
592.80	2355.00
593.00	2429.00
593.19	2465.00
593.39	2404.00
593.59	2349.00
593.78	2294.00
593.98	2296.00
594.17	2372.00
594.37	2326.00
594.56	2250.00
594.76	2335.00
594.95	2394.00
595.15	2444.00
595.34	2449.00
595.54	2459.00
595.73	2418.00
595.93	2385.00
596.13	2354.00
596.32	2398.00
596.52	2372.00
596.71	2351.00
596.91	2420.00
597.10	2457.00
597.30	2483.00
597.49	2466.00
597.69	2397.00
597.88	2460.00
598.08	2419.00
598.27	2428.00
598.47	2489.00
598.66	2508.00
598.86	2462.00
599.06	2491.00
599.25	2420.00
599.45	2422.00
599.64	2412.00
599.84	2443.00
600.03	2398.00
600.23	2464.00
600.42	2449.00
600.62	2352.00
600.81	2409.00
601.01	2437.00
601.20	2454.00
601.40	2417.00
601.59	2390.00
601.79	2426.00
601.98	2398.00
602.18	2423.00
602.37	2395.00
602.57	2393.00
602.76	2425.00
602.96	2441.00
603.15	2450.00
603.35	2444.00
603.54	2424.00
603.74	2408.00
603.93	2385.00
604.13	2303.00
604.32	2296.00
604.52	2288.00
604.71	2300.00
604.91	2342.00
605.10	2341.00
605.30	2326.00
605.49	2338.00
605.69	2302.00
605.88	2249.00
606.08	2264.00
606.27	2293.00
606.47	2335.00
606.66	2345.00
606.86	2389.00
607.05	2392.00
607.25	2358.00
607.44	2249.00
607.64	2251.00
607.83	2315.00
608.03	2282.00
608.22	2247.00
608.42	2289.00
608.61	2372.00
608.81	2435.00
609.00	2345.00
609.20	2346.00
609.39	2339.00
609.59	2318.00
609.78	2520.00
609.98	2577.00
610.17	2681.00
610.37	2914.00
610.56	3113.00
610.76	3244.00
610.95	3309.00
611.15	3378.00
611.34	3465.00
611.54	3591.00
611.73	3516.00
611.93	3309.00
612.12	3017.00
612.32	2777.00
612.51	2676.00
612.71	2612.00
612.90	2526.00
613.09	2532.00
613.29	2512.00
613.48	2370.00
613.68	2428.00
613.87	2527.00
614.07	2370.00
614.26	2346.00
614.46	2331.00
614.65	2290.00
614.85	2328.00
615.04	2355.00
615.24	2325.00
615.43	2373.00
615.63	2295.00
615.82	2222.00
616.02	2246.00
616.21	2258.00
616.40	2136.00
616.60	2133.00
616.79	2089.00
616.99	2199.00
617.18	2221.00
617.38	2164.00
617.57	2152.00
617.77	2152.00
617.96	2072.00
618.16	2099.00
618.35	2116.00
618.54	2122.00
618.74	2130.00
618.93	2048.00
619.13	2118.00
619.32	2078.00
619.52	2123.00
619.71	2197.00
619.91	2234.00
620.10	2207.00
620.30	2213.00
620.49	2223.00
620.68	2174.00
620.88	2197.00
621.07	2241.00
621.27	2169.00
621.46	2194.00
621.66	2261.00
621.85	2293.00
622.05	2215.00
622.24	2148.00
622.43	2225.00
622.63	2196.00
622.82	2174.00
623.02	2179.00
623.21	2216.00
623.41	2304.00
623.60	2220.00
623.80	2257.00
623.99	2211.00
624.18	2244.00
624.38	2264.00
624.57	2222.00
624.77	2271.00
624.96	2299.00
625.16	2260.00
625.35	2326.00
625.54	2381.00
625.74	2333.00
625.93	2318.00
626.13	2312.00
626.32	2335.00
626.52	2405.00
626.71	2376.00
626.90	2355.00
627.10	2382.00
627.29	2342.00
627.49	2392.00
627.68	2390.00
627.88	2275.00
628.07	2301.00
628.26	2387.00
628.46	2408.00
628.65	2433.00
628.85	2391.00
629.04	2435.00
629.23	2471.00
629.43	2478.00
629.62	2453.00
629.82	2458.00
630.01	2457.00
630.21	2508.00
630.40	2565.00
630.59	2528.00
630.79	2597.00
630.98	2668.00
631.18	2666.00
631.37	2595.00
631.56	2590.00
631.76	2659.00
631.95	2612.00
632.15	2625.00
632.34	2625.00
632.53	2561.00
632.73	2471.00
632.92	2476.00
633.12	2566.00
633.31	2623.00
633.50	2586.00
633.70	2639.00
633.89	2566.00
634.09	2629.00
634.28	2697.00
634.47	2767.00
634.67	2691.00
634.86	2679.00
635.06	2783.00
635.25	2729.00
635.44	2754.00
635.64	2688.00
635.83	2706.00
636.03	2707.00
636.22	2691.00
636.41	2787.00
636.61	2720.00
636.80	2697.00
637.00	2782.00
637.19	2785.00
637.38	2809.00
637.58	2900.00
637.77	2934.00
637.96	2955.00
638.16	2877.00
638.35	2911.00
638.55	3032.00
638.74	2953.00
638.93	2934.00
639.13	2910.00
639.32	2866.00
639.51	2950.00
639.71	2961.00
639.90	2921.00
640.10	2927.00
640.29	2977.00
640.48	2933.00
640.68	2973.00
640.87	2965.00
641.07	3022.00
641.26	3137.00
641.45	3127.00
641.65	3094.00
641.84	3166.00
642.03	3167.00
642.23	3222.00
642.42	3245.00
642.61	3217.00
642.81	3273.00
643.00	3274.00
643.20	3321.00
643.39	3254.00
643.58	3197.00
643.78	3228.00
643.97	3275.00
644.16	3245.00
644.36	3285.00
644.55	3316.00
644.74	3376.00
644.94	3364.00
645.13	3334.00
645.33	3323.00
645.52	3344.00
645.71	3362.00
645.91	3312.00
646.10	3351.00
646.29	3374.00
646.49	3396.00
646.68	3371.00
646.87	3342.00
647.07	3379.00
647.26	3461.00
647.45	3508.00
647.65	3397.00
647.84	3317.00
648.03	3369.00
648.23	3391.00
648.42	3472.00
648.62	3529.00
648.81	3563.00
649.00	3577.00
649.20	3539.00
649.39	3534.00
649.58	3511.00
649.78	3456.00
649.97	3432.00
650.16	3445.00
650.36	3491.00
650.55	3456.00
650.74	3520.00
650.94	3668.00
651.13	3612.00
651.32	3609.00
651.52	3552.00
651.71	3590.00
651.90	3552.00
652.10	3588.00
652.29	3589.00
652.48	3632.00
652.68	3705.00
652.87	3624.00
653.06	3674.00
653.26	3613.00
653.45	3624.00
653.64	3611.00
653.84	3524.00
654.03	3561.00
654.22	3582.00
654.42	3628.00
654.61	3629.00
654.80	3624.00
654.99	3713.00
655.19	3739.00
655.38	3688.00
655.57	3577.00
655.77	3636.00
655.96	3658.00
656.15	3591.00
656.35	3584.00
656.54	3663.00
656.73	3736.00
656.93	3717.00
657.12	3645.00
657.31	3542.00
657.51	3586.00
657.70	3536.00
657.89	3535.00
658.09	3599.00
658.28	3615.00
658.47	3573.00
658.66	3632.00
658.86	3692.00
659.05	3614.00
659.24	3551.00
659.44	3576.00
659.63	3588.00
659.82	3542.00
660.02	3481.00
660.21	3562.00
660.40	3596.00
660.60	3416.00
660.79	3467.00
660.98	3475.00
661.17	3435.00
661.37	3442.00
661.56	3466.00
661.75	3465.00
661.95	3515.00
662.14	3557.00
662.33	3627.00
662.52	3557.00
662.72	3636.00
662.91	3615.00
663.10	3551.00
663.30	3567.00
663.49	3519.00
663.68	3504.00
663.88	3546.00
664.07	3379.00
664.26	3455.00
664.45	3558.00
664.65	3514.00
664.84	3385.00
665.03	3387.00
665.23	3333.00
665.42	3371.00
665.61	3349.00
665.80	3385.00
666.00	3442.00
666.19	3433.00
666.38	3435.00
666.57	3418.00
666.77	3380.00
666.96	3335.00
667.15	3322.00
667.35	3384.00
667.54	3385.00
667.73	3388.00
667.92	3385.00
668.12	3281.00
668.31	3310.00
668.50	3245.00
668.70	3204.00
668.89	3249.00
669.08	3244.00
669.27	3247.00
669.47	3179.00
669.66	3196.00
669.85	3248.00
670.04	3254.00
670.24	3269.00
670.43	3364.00
670.62	3224.00
670.81	3248.00
671.01	3223.00
671.20	3286.00
671.39	3240.00
671.58	3200.00
671.78	3192.00
671.97	3162.00
672.16	3199.00
672.36	3182.00
672.55	3118.00
672.74	3048.00
672.93	3123.00
673.13	3133.00
673.32	3119.00
673.51	3153.00
673.70	3144.00
673.90	3156.00
674.09	3161.00
674.28	3151.00
674.47	3095.00
674.67	3000.00
674.86	3126.00
675.05	3045.00
675.24	3099.00
675.44	3086.00
675.63	3060.00
675.82	3147.00
676.01	3146.00
676.21	3090.00
676.40	3099.00
676.59	3082.00
676.78	3140.00
676.97	3159.00
677.17	3075.00
677.36	3097.00
677.55	3095.00
677.74	3110.00
677.94	3075.00
678.13	3139.00
678.32	3088.00
678.51	3045.00
678.71	3031.00
678.90	3091.00
679.09	3097.00
679.28	3080.00
679.48	3049.00
679.67	3024.00
679.86	3003.00
680.05	3008.00
680.24	3028.00
680.44	3018.00
680.63	3018.00
680.82	3012.00
681.01	2994.00
681.21	2984.00
681.40	2861.00
681.59	2841.00
681.78	2864.00
681.97	2845.00
682.17	3022.00
682.36	2932.00
682.55	2914.00
682.74	2952.00
682.94	2926.00
683.13	2887.00
683.32	2922.00
683.51	3045.00
683.70	3022.00
683.90	2929.00
684.09	2897.00
684.28	2925.00
684.47	2928.00
684.66	2951.00
684.86	2894.00
685.05	2840.00
685.24	2872.00
685.43	2910.00
685.63	2937.00
685.82	2871.00
686.01	2900.00
686.20	2868.00
686.39	2855.00
686.59	2924.00
686.78	2875.00
686.97	2846.00
687.16	2918.00
687.35	2929.00
687.55	2906.00
687.74	2929.00
687.93	2949.00
688.12	2937.00
688.31	2944.00
688.51	3003.00
688.70	2865.00
688.89	2746.00
689.08	2873.00
689.27	2912.00
689.47	2857.00
689.66	2796.00
689.85	2781.00
690.04	2833.00
690.23	2786.00
690.42	2869.00
690.62	2892.00
690.81	2876.00
691.00	2807.00
691.19	2743.00
691.38	2846.00
691.58	2902.00
691.77	2860.00
691.96	2845.00
692.15	2836.00
692.34	2895.00
692.54	2849.00
692.73	2746.00
692.92	2850.00
693.11	2950.00
693.30	2976.00
693.49	2893.00
693.69	2843.00
693.88	2937.00
694.07	2841.00
694.26	2820.00
694.45	2882.00
694.64	2872.00
694.84	2801.00
695.03	2862.00
695.22	2886.00
695.41	2871.00
695.60	2870.00
695.80	2797.00
695.99	2813.00
696.18	2897.00
696.37	2898.00
696.56	2857.00
696.75	2978.00
696.95	2986.00
697.14	2935.00
697.33	2955.00
697.52	2986.00
697.71	2961.00
697.90	2977.00
698.09	2955.00
698.29	2944.00
698.48	3023.00
698.67	3093.00
698.86	3029.00
699.05	2965.00
699.24	2920.00
699.44	2898.00
699.63	2930.00
699.82	2972.00
700.01	2923.00
700.20	2940.00
700.39	3013.00
700.58	3023.00
700.78	2996.00
700.97	3001.00
701.16	2964.00
701.35	3098.00
701.54	3147.00
701.73	3076.00
701.93	3052.00
702.12	3006.00
702.31	3067.00
702.50	3081.00
702.69	3082.00
702.88	3094.00
703.07	3133.00
703.27	3146.00
703.46	3173.00
703.65	3179.00
703.84	3207.00
704.03	3168.00
704.22	3237.00
704.41	3238.00
704.60	3149.00
704.80	3252.00
704.99	3248.00
705.18	3112.00
705.37	3167.00
705.56	3266.00
705.75	3230.00
705.94	3224.00
706.14	3214.00
706.33	3273.00
706.52	3265.00
706.71	3283.00
706.90	3252.00
707.09	3345.00
707.28	3414.00
707.47	3456.00
707.67	3411.00
707.86	3366.00
708.05	3417.00
708.24	3421.00
708.43	3398.00
708.62	3463.00
708.81	3581.00
709.00	3465.00
709.20	3482.00
709.39	3493.00
709.58	3499.00
709.77	3486.00
709.96	3490.00
710.15	3553.00
710.34	3468.00
710.53	3423.00
710.72	3383.00
710.92	3395.00
711.11	3433.00
711.30	3430.00
711.49	3479.00
711.68	3508.00
711.87	3548.00
712.06	3600.00
712.25	3577.00
712.44	3594.00
712.64	3624.00
712.83	3656.00
713.02	3680.00
713.21	3675.00
713.40	3617.00
713.59	3668.00
713.78	3646.00
713.97	3616.00
714.16	3623.00
714.35	3596.00
714.55	3606.00
714.74	3685.00
714.93	3662.00
715.12	3609.00
715.31	3606.00
715.50	3623.00
715.69	3632.00
715.88	3593.00
716.07	3594.00
716.26	3617.00
716.45	3641.00
716.65	3602.00
716.84	3684.00
717.03	3719.00
717.22	3682.00
717.41	3599.00
717.60	3675.00
717.79	3696.00
717.98	3721.00
718.17	3695.00
718.36	3743.00
718.55	3766.00
718.75	3758.00
718.94	3830.00
719.13	3814.00
719.32	3855.00
719.51	3843.00
719.70	3805.00
719.89	3813.00
720.08	3731.00
720.27	3753.00
720.46	3777.00
720.65	3734.00
720.84	3688.00
721.03	3795.00
721.22	3856.00
721.42	3864.00
721.61	3809.00
721.80	3826.00
721.99	3802.00
722.18	3702.00
722.37	3712.00
722.56	3799.00
722.75	3845.00
722.94	3863.00
723.13	3785.00
723.32	3796.00
723.51	3767.00
723.70	3789.00
723.89	3817.00
724.08	3862.00
724.28	3820.00
724.47	3768.00
724.66	3828.00
724.85	3843.00
725.04	3839.00
725.23	3824.00
725.42	3862.00
725.61	3856.00
725.80	3858.00
725.99	3806.00
726.18	3798.00
726.37	3871.00
726.56	3874.00
726.75	3857.00
726.94	3887.00
727.13	3899.00
727.32	3862.00
727.51	3841.00
727.71	3754.00
727.90	3688.00
728.09	3757.00
728.28	3785.00
728.47	3741.00
728.66	3753.00
728.85	3778.00
729.04	3775.00
729.23	3819.00
729.42	3880.00
729.61	3869.00
729.80	3767.00
729.99	3810.00
730.18	3836.00
730.37	3742.00
730.56	3773.00
730.75	3796.00
730.94	3781.00
731.13	3788.00
731.32	3867.00
731.51	3939.00
731.70	3870.00
731.89	3855.00
732.08	3890.00
732.27	3964.00
732.46	3877.00
732.65	3773.00
732.84	3904.00
733.04	3811.00
733.23	3684.00
733.42	3742.00
733.61	3710.00
733.80	3722.00
733.99	3680.00
734.18	3622.00
734.37	3649.00
734.56	3715.00
734.75	3705.00
734.94	3704.00
735.13	3797.00
735.32	3777.00
735.51	3669.00
735.70	3660.00
735.89	3662.00
736.08	3676.00
736.27	3641.00
736.46	3738.00
736.65	3616.00
736.84	3643.00
737.03	3784.00
737.22	3752.00
737.41	3739.00
737.60	3710.00
737.79	3699.00
737.98	3638.00
738.17	3538.00
738.36	3524.00
738.55	3599.00
738.74	3539.00
738.93	3519.00
739.12	3651.00
739.31	3658.00
739.50	3654.00
739.69	3647.00
739.88	3587.00
740.07	3503.00
740.26	3553.00
740.45	3639.00
740.64	3548.00
740.83	3544.00
741.02	3486.00
741.21	3498.00
741.40	3556.00
741.59	3514.00
741.78	3474.00
741.97	3433.00
742.16	3451.00
742.35	3416.00
742.54	3405.00
742.73	3415.00
742.92	3453.00
743.11	3353.00
743.30	3322.00
743.49	3257.00
743.68	3371.00
743.87	3346.00
744.06	3277.00
744.25	3315.00
744.44	3332.00
744.63	3296.00
744.82	3347.00
745.01	3395.00
745.20	3381.00
745.39	3282.00
745.58	3276.00
745.77	3352.00
745.96	3344.00
746.15	3261.00
746.34	3319.00
746.52	3314.00
746.71	3252.00
746.90	3180.00
747.09	3249.00
747.28	3268.00
747.47	3227.00
747.66	3200.00
747.85	3082.00
748.04	3172.00
748.23	3134.00
748.42	3194.00
748.61	3190.00
748.80	3141.00
748.99	3158.00
749.18	3137.00
749.37	3165.00
749.56	3133.00
749.75	3129.00
749.94	3087.00
750.13	3134.00
750.32	3135.00
750.51	3121.00
750.70	3102.00
750.89	3049.00
751.08	3011.00
751.27	3043.00
751.46	3048.00
751.64	3047.00
751.83	3081.00
752.02	3066.00
752.21	3019.00
752.40	3030.00
752.59	2940.00
752.78	3026.00
752.97	3065.00
753.16	3048.00
753.35	3059.00
753.54	3020.00
753.73	2981.00
753.92	3116.00
754.11	3036.00
754.30	2995.00
754.49	3026.00
754.68	2966.00
754.87	2908.00
755.06	2924.00
755.24	3000.00
755.43	2921.00
755.62	2909.00
755.81	2940.00
756.00	2922.00
756.19	3002.00
756.38	2984.00
756.57	2909.00
756.76	2830.00
756.95	2853.00
757.14	2885.00
757.33	2836.00
757.52	2825.00
757.71	2877.00
757.90	2905.00
758.08	2875.00
758.27	2808.00
758.46	2780.00
758.65	2814.00
758.84	2798.00
759.03	2811.00
759.22	2798.00
759.41	2814.00
759.60	2733.00
759.79	2767.00
759.98	2768.00
760.17	2743.00
760.36	2783.00
760.54	2788.00
760.73	2815.00
760.92	2736.00
761.11	2753.00
761.30	2696.00
761.49	2618.00
761.68	2606.00
761.87	2646.00
762.06	2527.00
762.25	2510.00
762.44	2451.00
762.63	2419.00
762.81	2397.00
763.00	2346.00
763.19	2413.00
763.38	2352.00
763.57	2280.00
763.76	2304.00
763.95	2355.00
764.14	2290.00
764.33	2254.00
764.52	2286.00
764.71	2336.00
764.89	2306.00
765.08	2285.00
765.27	2349.00
765.46	2367.00
765.65	2418.00
765.84	2469.00
766.03	2354.00
766.22	2333.00
766.41	2416.00
766.59	2435.00
766.78	2468.00
766.97	2499.00
767.16	2509.00
767.35	2520.00
767.54	2495.00
767.73	2550.00
767.92	2547.00
768.11	2565.00
768.30	2566.00
768.48	2586.00
768.67	2571.00
768.86	2582.00
769.05	2692.00
769.24	2713.00
769.43	2679.00
769.62	2627.00
769.81	2565.00
769.99	2538.00
770.18	2587.00
770.37	2653.00
770.56	2655.00
770.75	2707.00
770.94	2705.00
771.13	2633.00
771.32	2704.00
771.50	2728.00
771.69	2554.00
771.88	2555.00
772.07	2573.00
772.26	2632.00
772.45	2588.00
772.64	2663.00
772.83	2626.00
773.01	2572.00
773.20	2562.00
773.39	2568.00
773.58	2587.00
773.77	2525.00
773.96	2564.00
774.15	2611.00
774.34	2632.00
774.52	2602.00
774.71	2543.00
774.90	2506.00
775.09	2474.00
775.28	2446.00
775.47	2449.00
775.66	2499.00
775.84	2513.00
776.03	2505.00
776.22	2467.00
776.41	2538.00
776.60	2595.00
776.79	2534.00
776.98	2522.00
777.16	2608.00
777.35	2489.00
777.54	2478.00
777.73	2501.00
777.92	2459.00
778.11	2452.00
778.29	2492.00
778.48	2541.00
778.67	2498.00
778.86	2490.00
779.05	2494.00
779.24	2504.00
779.43	2541.00
779.61	2489.00
779.80	2531.00
779.99	2535.00
780.18	2516.00
780.37	2486.00
780.56	2443.00
780.74	2444.00
780.93	2513.00
781.12	2536.00
781.31	2453.00
781.50	2495.00
781.69	2636.00
781.87	2623.00
782.06	2616.00
782.25	2522.00
782.44	2577.00
782.63	2514.00
782.82	2570.00
783.00	2574.00
783.19	2593.00
783.38	2614.00
783.57	2625.00
783.76	2537.00
783.95	2559.00
784.13	2566.00
784.32	2549.00
784.51	2487.00
784.70	2576.00
784.89	2596.00
785.08	2605.00
785.26	2657.00
785.45	2627.00
785.64	2576.00
785.83	2564.00
786.02	2580.00
786.20	2629.00
786.39	2670.00
786.58	2608.00
786.77	2542.00
786.96	2624.00
787.15	2649.00
787.33	2671.00
787.52	2572.00
787.71	2601.00
787.90	2592.00
788.09	2595.00
788.27	2615.00
788.46	2690.00
788.65	2698.00
788.84	2586.00
789.03	2579.00
789.21	2646.00
789.40	2689.00
789.59	2661.00
789.78	2699.00
789.97	2703.00
790.15	2701.00
790.34	2751.00
790.53	2758.00
790.72	2740.00
790.91	2689.00
791.09	2638.00
791.28	2631.00
791.47	2687.00
791.66	2756.00
791.85	2750.00
792.03	2803.00
792.22	2837.00
792.41	2776.00
792.60	2814.00
792.79	2823.00
792.97	2845.00
793.16	2795.00
793.35	2768.00
793.54	2771.00
793.72	2774.00
793.91	2769.00
794.10	2728.00
794.29	2704.00
794.48	2678.00
794.66	2711.00
794.85	2765.00
795.04	2798.00
795.23	2884.00
795.42	2775.00
795.60	2752.00
795.79	2750.00
795.98	2739.00
796.17	2838.00
796.35	2775.00
796.54	2746.00
796.73	2787.00
796.92	2754.00
797.11	2731.00
797.29	2783.00
797.48	2805.00
797.67	2790.00
797.86	2805.00
798.04	2731.00
798.23	2661.00
798.42	2630.00
798.61	2729.00
798.79	2737.00
798.98	2733.00
799.17	2804.00
799.36	2769.00
799.54	2790.00
799.73	2794.00
799.92	2754.00
800.11	2718.00
800.30	2794.00
800.48	2767.00
800.67	2729.00
800.86	2719.00
801.05	2733.00
801.23	2753.00
801.42	2802.00
801.61	2759.00
801.80	2681.00
801.98	2748.00
802.17	2746.00
802.36	2795.00
802.55	2835.00
802.73	2774.00
802.92	2848.00
803.11	2891.00
803.30	2811.00
803.48	2816.00
803.67	2819.00
803.86	2802.00
804.05	2843.00
804.23	2816.00
804.42	2836.00
804.61	2909.00
804.80	2873.00
804.98	2753.00
805.17	2780.00
805.36	2890.00
805.54	2895.00
805.73	2902.00
805.92	2912.00
806.11	2870.00
806.29	2893.00
806.48	2978.00
806.67	2869.00
806.86	2804.00
807.04	2851.00
807.23	2814.00
807.42	2889.00
807.61	2848.00
807.79	2892.00
807.98	2937.00
808.17	2983.00
808.35	2913.00
808.54	2866.00
808.73	2944.00
808.92	2895.00
809.10	2903.00
809.29	2891.00
809.48	2817.00
809.67	2732.00
809.85	2762.00
810.04	2842.00
810.23	2933.00
810.41	2883.00
810.60	2850.00
810.79	2835.00
810.98	2849.00
811.16	2793.00
811.35	2881.00
811.54	2877.00
811.72	2771.00
811.91	2774.00
812.10	2856.00
812.29	2847.00
812.47	2845.00
812.66	2785.00
812.85	2773.00
813.03	2866.00
813.22	2887.00
813.41	2857.00
813.60	2858.00
813.78	2825.00
813.97	2815.00
814.16	2869.00
814.34	2823.00
814.53	2759.00
814.72	2808.00
814.90	2828.00
815.09	2786.00
815.28	2763.00
815.47	2852.00
815.65	2878.00
815.84	2934.00
816.03	2797.00
816.21	2757.00
816.40	2812.00
816.59	2853.00
816.77	2893.00
816.96	2884.00
817.15	2851.00
817.33	2814.00
817.52	2856.00
817.71	2936.00
817.90	2874.00
818.08	2838.00
818.27	2819.00
818.46	2822.00
818.64	2828.00
818.83	2835.00
819.02	2813.00
819.20	2841.00
819.39	2845.00
819.58	2836.00
819.76	2860.00
819.95	2837.00
820.14	2835.00
820.32	2889.00
820.51	2862.00
820.70	2876.00
820.88	2946.00
821.07	2908.00
821.26	2864.00
821.44	2883.00
821.63	2888.00
821.82	2907.00
822.01	2948.00
822.19	2870.00
822.38	2819.00
822.57	2860.00
822.75	2826.00
822.94	2798.00
823.13	2839.00
823.31	2861.00
823.50	2874.00
823.69	2833.00
823.87	2807.00
824.06	2798.00
824.25	2739.00
824.43	2787.00
824.62	2875.00
824.80	2819.00
824.99	2777.00
825.18	2762.00
825.36	2748.00
825.55	2787.00
825.74	2856.00
825.92	2837.00
826.11	2743.00
826.30	2662.00
826.48	2710.00
826.67	2764.00
826.86	2720.00
827.04	2739.00
827.23	2795.00
827.42	2779.00
827.60	2644.00
827.79	2630.00
827.98	2680.00
828.16	2676.00
828.35	2682.00
828.54	2686.00
828.72	2639.00
828.91	2644.00
829.09	2618.00
829.28	2583.00
829.47	2569.00
829.65	2650.00
829.84	2662.00
830.03	2699.00
830.21	2658.00
830.40	2610.00
830.59	2649.00
830.77	2655.00
830.96	2618.00
831.14	2679.00
831.33	2607.00
831.52	2595.00
831.70	2661.00
831.89	2657.00
832.08	2657.00
832.26	2624.00
832.45	2636.00
832.64	2686.00
832.82	2585.00
833.01	2598.00
833.19	2576.00
833.38	2512.00
833.57	2589.00
833.75	2700.00
833.94	2767.00
834.13	2652.00
834.31	2644.00
834.50	2640.00
834.68	2630.00
834.87	2623.00
835.06	2592.00
835.24	2552.00
835.43	2642.00
835.61	2651.00
835.80	2598.00
835.99	2642.00
836.17	2652.00
836.36	2681.00
836.55	2593.00
836.73	2567.00
836.92	2597.00
837.10	2538.00
837.29	2478.00
837.48	2517.00
837.66	2551.00
837.85	2600.00
838.03	2551.00
838.22	2507.00
838.41	2472.00
838.59	2487.00
838.78	2446.00
838.96	2549.00
839.15	2480.00
839.34	2330.00
839.52	2451.00
839.71	2515.00
839.89	2510.00
840.08	2460.00
840.27	2389.00
840.45	2427.00
840.64	2503.00
840.82	2529.00
841.01	2448.00
841.20	2443.00
841.38	2451.00
841.57	2384.00
841.75	2357.00
841.94	2378.00
842.13	2406.00
842.31	2354.00
842.50	2276.00
842.68	2296.00
842.87	2287.00
843.05	2331.00
843.24	2395.00
843.43	2360.00
843.61	2286.00
843.80	2267.00
843.98	2268.00
844.17	2249.00
844.36	2308.00
844.54	2347.00
844.73	2321.00
844.91	2300.00
845.10	2375.00
845.28	2336.00
845.47	2302.00
845.66	2256.00
845.84	2240.00
846.03	2285.00
846.21	2262.00
846.40	2177.00
846.58	2226.00
846.77	2322.00
846.96	2351.00
847.14	2255.00
847.33	2219.00
847.51	2223.00
847.70	2265.00
847.88	2256.00
848.07	2248.00
848.25	2219.00
848.44	2165.00
848.63	2147.00
848.81	2206.00
849.00	2200.00
849.18	2106.00
849.37	2201.00
849.55	2222.00
849.74	2171.00
849.93	2192.00
850.11	2147.00
850.30	2130.00
850.48	2127.00
850.67	2135.00
850.85	2120.00
851.04	2202.00
851.22	2197.00
851.41	2125.00
851.59	2102.00
851.78	2102.00
851.97	2127.00
852.15	2119.00
852.34	2090.00
852.52	2161.00
852.71	2151.00
852.89	2151.00
853.08	2119.00
853.26	2159.00
853.45	2133.00
853.63	2130.00
853.82	2147.00
854.01	2099.00
854.19	2069.00
854.38	2101.00
854.56	2121.00
854.75	2156.00
854.93	2162.00
855.12	2093.00
855.30	2098.00
855.49	2013.00
855.67	1988.00
855.86	2079.00
856.04	2086.00
856.23	2015.00
856.41	2032.00
856.60	2012.00
856.79	2010.00
856.97	2057.00
857.16	2088.00
857.34	2070.00
857.53	2004.00
857.71	2055.00
857.90	2026.00
858.08	2046.00
858.27	2005.00
858.45	2028.00
858.64	2050.00
858.82	2057.00
859.01	1971.00
859.19	1994.00
859.38	2050.00
859.56	2011.00
859.75	1979.00
859.93	2001.00
860.12	1955.00
860.30	1909.00
860.49	1883.00
860.67	2014.00
860.86	2019.00
861.04	1965.00
861.23	1964.00
861.41	1972.00
861.60	1907.00
861.78	1973.00
861.97	1956.00
862.15	1974.00
862.34	2000.00
862.53	1974.00
862.71	1904.00
862.90	1906.00
863.08	1913.00
863.27	1912.00
863.45	1923.00
863.64	1900.00
863.82	1871.00
864.01	1819.00
864.19	1856.00
864.37	1936.00
864.56	1890.00
864.74	1847.00
864.93	1834.00
865.11	1888.00
865.30	1854.00
865.48	1759.00
865.67	1804.00
865.85	1849.00
866.04	1840.00
866.22	1799.00
866.41	1783.00
866.59	1746.00
866.78	1754.00
866.96	1750.00
867.15	1771.00
867.33	1804.00
867.52	1739.00
867.70	1753.00
867.89	1689.00
868.07	1712.00
868.26	1744.00
868.44	1765.00
868.63	1761.00
868.81	1727.00
869.00	1782.00
869.18	1754.00
869.37	1699.00
869.55	1693.00
869.74	1744.00
869.92	1789.00
870.10	1751.00
870.29	1653.00
870.47	1712.00
870.66	1714.00
870.84	1671.00
871.03	1689.00
871.21	1701.00
871.40	1706.00
871.58	1613.00
871.77	1626.00
871.95	1671.00
872.14	1667.00
872.32	1701.00
872.51	1684.00
872.69	1621.00
872.87	1615.00
873.06	1641.00
873.24	1649.00
873.43	1682.00
873.61	1685.00
873.80	1618.00
873.98	1596.00
874.17	1638.00
874.35	1689.00
874.54	1671.00
874.72	1609.00
874.90	1602.00
875.09	1599.00
875.27	1695.00
875.46	1705.00
875.64	1682.00
875.83	1607.00
876.01	1633.00
876.20	1742.00
876.38	1655.00
876.56	1547.00
876.75	1572.00
876.93	1602.00
877.12	1581.00
877.30	1582.00
877.49	1567.00
877.67	1590.00
877.86	1589.00
878.04	1570.00
878.22	1583.00
878.41	1573.00
878.59	1573.00
878.78	1591.00
878.96	1575.00
879.15	1636.00
879.33	1644.00
879.51	1639.00
879.70	1587.00
879.88	1672.00
880.07	1694.00
880.25	1584.00
880.44	1604.00
880.62	1550.00
880.80	1482.00
880.99	1501.00
881.17	1582.00
881.36	1558.00
881.54	1589.00
881.73	1517.00
881.91	1553.00
882.09	1597.00
882.28	1579.00
882.46	1538.00
882.65	1559.00
882.83	1538.00
883.02	1632.00
883.20	1641.00
883.38	1625.00
883.57	1600.00
883.75	1571.00
883.94	1504.00
884.12	1463.00
884.30	1509.00
884.49	1560.00
884.67	1540.00
884.86	1546.00
885.04	1513.00
885.22	1476.00
885.41	1492.00
885.59	1510.00
885.78	1595.00
885.96	1551.00
886.14	1496.00
886.33	1528.00
886.51	1505.00
886.70	1504.00
886.88	1555.00
887.06	1502.00
887.25	1494.00
887.43	1509.00
887.62	1464.00
887.80	1470.00
887.98	1439.00
888.17	1455.00
888.35	1512.00
888.54	1524.00
888.72	1421.00
888.90	1431.00
889.09	1413.00
889.27	1444.00
889.46	1442.00
889.64	1421.00
889.82	1523.00
890.01	1449.00
890.19	1418.00
890.38	1421.00
890.56	1412.00
890.74	1496.00
890.93	1465.00
891.11	1503.00
891.29	1542.00
891.48	1528.00
891.66	1558.00
891.85	1508.00
892.03	1498.00
892.21	1493.00
892.40	1502.00
892.58	1521.00
892.76	1528.00
892.95	1581.00
893.13	1551.00
893.32	1495.00
893.50	1455.00
893.68	1462.00
893.87	1425.00
894.05	1501.00
894.23	1489.00
894.42	1488.00
894.60	1539.00
894.79	1602.00
894.97	1520.00
895.15	1509.00
895.34	1478.00
895.52	1511.00
895.70	1515.00
895.89	1526.00
896.07	1510.00
896.25	1493.00
896.44	1538.00
896.62	1587.00
896.81	1559.00
896.99	1597.00
897.17	1616.00
897.36	1565.00
897.54	1474.00
897.72	1511.00
897.91	1534.00
898.09	1544.00
898.27	1549.00
898.46	1535.00
898.64	1522.00
898.82	1527.00
899.01	1572.00
899.19	1570.00
899.37	1536.00
899.56	1519.00
899.74	1506.00
899.92	1540.00
900.11	1523.00
900.29	1566.00
900.47	1600.00
900.66	1587.00
900.84	1562.00
901.03	1549.00
901.21	1561.00
901.39	1628.00
901.58	1639.00
901.76	1641.00
901.94	1583.00
902.13	1546.00
902.31	1636.00
902.49	1669.00
902.68	1578.00
902.86	1624.00
903.04	1613.00
903.23	1604.00
903.41	1583.00
903.59	1621.00
903.78	1648.00
903.96	1656.00
904.14	1682.00
904.32	1672.00
904.51	1628.00
904.69	1588.00
904.87	1600.00
905.06	1637.00
905.24	1646.00
905.42	1622.00
905.61	1632.00
905.79	1684.00
905.97	1701.00
906.16	1607.00
906.34	1591.00
906.52	1670.00
906.71	1680.00
906.89	1744.00
907.07	1710.00
907.26	1662.00
907.44	1677.00
907.62	1712.00
907.81	1668.00
907.99	1673.00
908.17	1633.00
908.35	1680.00
908.54	1684.00
908.72	1670.00
908.90	1644.00
909.09	1639.00
909.27	1606.00
909.45	1574.00
909.64	1607.00
909.82	1618.00
910.00	1637.00
910.18	1601.00
910.37	1647.00
910.55	1671.00
910.73	1663.00
910.92	1663.00
911.10	1656.00
911.28	1642.00
911.47	1553.00
911.65	1542.00
911.83	1554.00
912.01	1600.00
912.20	1613.00
912.38	1724.00
912.56	1765.00
912.75	1729.00
912.93	1692.00
913.11	1631.00
913.29	1624.00
913.48	1594.00
913.66	1588.00
913.84	1648.00
914.03	1689.00
914.21	1690.00
914.39	1653.00
914.57	1600.00
914.76	1596.00
914.94	1560.00
915.12	1557.00
915.31	1567.00
915.49	1604.00
915.67	1674.00
915.85	1608.00
916.04	1613.00
916.22	1589.00
916.40	1602.00
916.58	1613.00
916.77	1586.00
916.95	1580.00
917.13	1574.00
917.32	1527.00
917.50	1526.00
917.68	1543.00
917.86	1472.00
918.05	1449.00
918.23	1538.00
918.41	1573.00
918.59	1555.00
918.78	1550.00
918.96	1569.00
919.14	1539.00
919.32	1529.00
919.51	1552.00
919.69	1515.00
919.87	1547.00
920.05	1507.00
920.24	1483.00
920.42	1534.00
920.60	1536.00
920.78	1437.00
920.97	1494.00
921.15	1523.00
921.33	1515.00
921.52	1542.00
921.70	1561.00
921.88	1477.00
922.06	1405.00
922.24	1489.00
922.43	1575.00
922.61	1514.00
922.79	1440.00
922.97	1412.00
923.16	1398.00
923.34	1437.00
923.52	1491.00
923.70	1486.00
923.89	1468.00
924.07	1481.00
924.25	1446.00
924.43	1463.00
924.62	1431.00
924.80	1392.00
924.98	1456.00
925.16	1467.00
925.35	1412.00
925.53	1412.00
925.71	1502.00
925.89	1470.00
926.08	1409.00
926.26	1420.00
926.44	1430.00
926.62	1351.00
926.80	1427.00
926.99	1419.00
927.17	1368.00
927.35	1423.00
927.53	1479.00
927.72	1480.00
927.90	1411.00
928.08	1458.00
928.26	1428.00
928.44	1361.00
928.63	1324.00
928.81	1402.00
928.99	1391.00
929.17	1410.00
929.36	1276.00
929.54	1304.00
929.72	1345.00
929.90	1378.00
930.08	1285.00
930.27	1274.00
930.45	1328.00
930.63	1316.00
930.81	1319.00
930.99	1317.00
931.18	1289.00
931.36	1360.00
931.54	1368.00
931.72	1296.00
931.90	1296.00
932.09	1233.00
932.27	1172.00
932.45	1224.00
932.63	1286.00
932.81	1274.00
933.00	1160.00
933.18	1146.00
933.36	1158.00
933.54	1279.00
933.72	1225.00
933.91	1170.00
934.09	1225.00
934.27	1219.00
934.45	1194.00
934.63	1179.00
934.82	1109.00
935.00	1141.00
935.18	1151.00
935.36	1099.00
935.54	1041.00
935.73	1123.00
935.91	1140.00
936.09	1185.00
936.27	1160.00
936.45	1048.00
936.64	1049.00
936.82	1046.00
937.00	1044.00
937.18	1000.00
937.36	972.00
937.54	925.00
937.73	959.00
937.91	956.00
938.09	942.00
938.27	948.00
938.45	912.00
938.63	916.00
938.82	876.00
939.00	861.00
939.18	860.00
939.36	834.00
939.54	788.00
939.73	864.00
939.91	859.00
940.09	824.00
940.27	805.00
940.45	788.00
940.63	686.00
940.82	778.00
941.00	784.00
941.18	675.00
941.36	702.00
941.54	701.00
941.72	757.00
941.91	732.00
942.09	687.00
942.27	697.00
942.45	700.00
942.63	670.00
942.81	692.00
942.99	753.00
943.18	672.00
943.36	598.00
943.54	657.00
943.72	688.00
943.90	701.00
944.08	672.00
944.27	673.00
944.45	633.00
944.63	622.00
944.81	645.00
944.99	620.00
945.17	631.00
945.35	704.00
945.54	699.00
945.72	666.00
945.90	666.00
946.08	730.00
946.26	748.00
946.44	736.00
946.62	691.00
946.81	597.00
946.99	603.00
947.17	682.00
947.35	702.00
947.53	636.00
947.71	644.00
947.89	737.00
948.07	765.00
948.26	677.00
948.44	698.00
948.62	738.00
948.80	662.00
948.98	621.00
949.16	655.00
949.34	611.00
949.53	635.00
949.71	661.00
949.89	702.00
950.07	677.00
950.25	594.00
950.43	678.00
950.61	585.00
950.79	609.00
950.98	647.00
951.16	637.00
951.34	665.00
951.52	667.00
951.70	638.00
951.88	669.00
952.06	685.00
952.24	659.00
952.42	677.00
952.61	637.00
952.79	589.00
952.97	561.00
953.15	579.00
953.33	583.00
953.51	584.00
953.69	568.00
953.87	681.00
954.05	658.00
954.24	607.00
954.42	592.00
954.60	648.00
954.78	611.00
954.96	611.00
955.14	640.00
955.32	650.00
955.50	680.00
955.68	621.00
955.86	560.00
956.05	592.00
956.23	651.00
956.41	628.00
956.59	610.00
956.77	618.00
956.95	636.00
957.13	652.00
957.31	646.00
957.49	587.00
957.67	597.00
957.86	608.00
958.04	606.00
958.22	693.00
958.40	631.00
958.58	610.00
958.76	654.00
958.94	617.00
959.12	568.00
959.30	599.00
959.48	583.00
959.66	621.00
959.84	642.00
960.03	640.00
960.21	576.00
960.39	572.00
960.57	570.00
960.75	573.00
960.93	632.00
961.11	594.00
961.29	516.00
961.47	623.00
961.65	639.00
961.83	618.00
962.01	583.00
962.19	600.00
962.37	629.00
962.56	640.00
962.74	569.00
962.92	546.00
963.10	546.00
963.28	531.00
963.46	624.00
963.64	605.00
963.82	571.00
964.00	625.00
964.18	647.00
964.36	586.00
964.54	590.00
964.72	607.00
964.90	564.00
965.08	600.00
965.27	637.00
965.45	623.00
965.63	561.00
965.81	590.00
965.99	646.00
966.17	575.00
966.35	601.00
966.53	577.00
966.71	593.00
966.89	551.00
967.07	542.00
967.25	532.00
967.43	550.00
967.61	595.00
967.79	584.00
967.97	599.00
968.15	604.00
968.33	623.00
968.51	545.00
968.69	558.00
968.87	590.00
969.06	542.00
969.24	524.00
969.42	559.00
969.60	577.00
969.78	573.00
969.96	543.00
970.14	586.00
970.32	589.00
970.50	549.00
970.68	574.00
970.86	580.00
971.04	545.00
971.22	563.00
971.40	511.00
971.58	455.00
971.76	484.00
971.94	475.00
972.12	529.00
972.30	559.00
972.48	518.00
972.66	530.00
972.84	523.00
973.02	525.00
973.20	534.00
973.38	519.00
973.56	485.00
973.74	487.00
973.92	498.00
974.10	579.00
974.28	514.00
974.46	530.00
974.64	496.00
974.82	511.00
975.00	476.00
975.18	485.00
975.36	501.00
975.54	502.00
975.72	497.00
975.90	460.00
976.08	446.00
976.26	513.00
976.44	481.00
976.62	439.00
976.80	466.00
976.98	551.00
977.16	512.00
977.34	486.00
977.52	440.00
977.70	469.00
977.88	467.00
978.06	504.00
978.24	483.00
978.42	476.00
978.60	455.00
978.78	439.00
978.96	462.00
979.14	461.00
979.32	484.00
979.50	430.00
979.68	430.00
979.86	461.00
980.04	464.00
980.22	454.00
980.40	509.00
980.58	513.00
980.76	429.00
980.94	418.00
981.12	387.00
981.30	412.00
981.48	387.00
981.66	409.00
981.84	459.00
982.02	476.00
982.20	452.00
982.38	477.00
982.56	473.00
982.74	434.00
982.92	406.00
983.10	416.00
983.28	457.00
983.46	432.00
983.64	389.00
983.82	367.00
984.00	410.00
984.18	412.00
984.36	402.00
984.54	365.00
984.72	377.00
984.90	463.00
985.08	518.00
985.26	457.00
985.44	369.00
985.62	406.00
985.80	379.00
985.98	397.00
986.16	415.00
986.34	426.00
986.51	451.00
986.69	426.00
986.87	421.00
987.05	411.00
987.23	373.00
987.41	370.00
987.59	363.00
987.77	430.00
987.95	442.00
988.13	357.00
988.31	339.00
988.49	419.00
988.67	417.00
988.85	375.00
989.03	443.00
989.21	390.00
989.39	354.00
989.57	360.00
989.75	354.00
989.93	358.00
990.11	413.00
990.28	349.00
990.46	366.00
990.64	285.00
990.82	375.00
991.00	400.00
991.18	371.00
991.36	385.00
991.54	410.00
991.72	383.00
991.90	344.00
992.08	336.00
992.26	329.00
992.44	313.00
992.62	382.00
992.80	396.00
992.98	368.00
993.15	417.00
993.33	393.00
993.51	287.00
993.69	320.00
993.87	388.00
994.05	297.00
994.23	431.00
994.41	360.00
994.59	304.00
994.77	328.00
994.95	354.00
995.13	400.00
995.31	344.00
995.48	358.00
995.66	316.00
995.84	307.00
996.02	282.00
996.20	286.00
996.38	351.00
996.56	374.00
996.74	345.00
996.92	305.00
997.10	361.00
997.28	353.00
997.46	327.00
997.63	347.00
997.81	375.00
997.99	288.00
998.17	325.00
998.35	292.00
998.53	265.00
998.71	297.00
998.89	250.00
999.07	284.00
999.25	328.00
999.43	292.00
999.60	300.00
999.78	301.00
999.96	280.00
1000.14	342.00
1000.32	392.00
1000.50	324.00
1000.68	407.00
1000.86	392.00
1001.04	323.00
1001.21	312.00
1001.39	330.00
1001.57	358.00
1001.75	332.00
1001.93	313.00
1002.11	290.00
1002.29	335.00
1002.47	367.00
1002.65	304.00
1002.82	294.00
1003.00	319.00
1003.18	249.00
1003.36	250.00
1003.54	260.00
1003.72	313.00
1003.90	316.00
1004.08	298.00
1004.26	269.00
1004.43	288.00
1004.61	293.00
1004.79	316.00
1004.97	299.00
1005.15	263.00
1005.33	318.00
1005.51	357.00
1005.69	276.00
1005.86	271.00
1006.04	352.00
1006.22	265.00
1006.40	272.00
1006.58	298.00
1006.76	311.00
1006.94	272.00
1007.12	237.00
1007.29	232.00
1007.47	247.00
1007.65	266.00
1007.83	270.00
1008.01	306.00
1008.19	288.00
1008.37	272.00
1008.54	289.00
1008.72	271.00
1008.90	321.00
1009.08	274.00
1009.26	258.00
1009.44	246.00
1009.62	297.00
1009.79	303.00
1009.97	245.00
1010.15	251.00
1010.33	233.00
1010.51	306.00
1010.69	326.00
1010.87	332.00
1011.04	235.00
1011.22	241.00
1011.40	247.00
1011.58	245.00
1011.76	206.00
1011.94	259.00
1012.11	306.00
1012.29	278.00
1012.47	297.00
1012.65	267.00
1012.83	315.00
1013.01	311.00
1013.18	273.00
1013.36	271.00
1013.54	243.00
1013.72	257.00
1013.90	299.00
1014.08	290.00
1014.25	194.00
1014.43	227.00
1014.61	265.00
1014.79	271.00
1014.97	233.00
1015.15	243.00
1015.32	281.00
1015.50	232.00
1015.68	253.00
1015.86	242.00
1016.04	221.00
1016.22	196.00
1016.39	196.00
1016.57	155.00
1016.75	223.00
1016.93	204.00
1017.11	238.00
1017.29	262.00
1017.46	280.00
1017.64	294.00
1017.82	274.00
1018.00	197.00
1018.18	227.00
1018.35	236.00
1018.53	203.00
1018.71	233.00
1018.89	226.00
1019.07	234.00
1019.24	298.00
1019.42	331.00
1019.60	264.00
1019.78	245.00
1019.96	263.00
1020.14	273.00
1020.31	270.00
1020.49	244.00
1020.67	231.00
1020.85	172.00
1021.03	209.00
1021.20	231.00
1021.38	240.00
1021.56	216.00
1021.74	196.00
1021.92	225.00
1022.09	223.00
1022.27	222.00
1022.45	238.00
1022.63	196.00
1022.81	182.00
1022.98	181.00
1023.16	187.00
1023.34	189.00
1023.52	230.00
1023.69	275.00
1023.87	184.00
1024.05	215.00
1024.23	247.00
1024.41	297.00
1024.58	250.00
1024.76	194.00
1024.94	227.00
1025.12	230.00
1025.30	236.00
1025.47	167.00
1025.65	219.00
1025.83	219.00
1026.01	217.00
1026.18	214.00
1026.36	199.00
1026.54	233.00
1026.72	216.00
1026.90	195.00
1027.07	201.00
1027.25	203.00
1027.43	213.00
1027.61	186.00
1027.78	229.00
1027.96	223.00
1028.14	264.00
1028.32	253.00
1028.49	133.00
1028.67	185.00
1028.85	206.00
1029.03	256.00
1029.21	186.00
1029.38	196.00
1029.56	211.00
1029.74	253.00
1029.92	236.00
1030.09	183.00
1030.27	254.00
1030.45	232.00
1030.63	122.00
1030.80	192.00
1030.98	236.00
1031.16	185.00
1031.34	160.00
1031.51	201.00
1031.69	214.00
1031.87	238.00
1032.05	194.00
1032.22	222.00
1032.40	220.00
1032.58	181.00
1032.76	179.00
1032.93	183.00
1033.11	165.00
1033.29	222.00
1033.47	241.00
1033.64	257.00
1033.82	196.00
1034.00	168.00
1034.18	157.00
1034.35	176.00
1034.53	181.00
1034.71	198.00
1034.89	168.00
1035.06	203.00
1035.24	156.00
1035.42	149.00
1035.59	139.00
1035.77	178.00
1035.95	121.00
1036.13	148.00
1036.30	178.00
1036.48	153.00
1036.66	171.00
1036.84	205.00
1037.01	186.00
1037.19	177.00
1037.37	156.00
1037.54	142.00
1037.72	142.00
1037.90	197.00
1038.08	160.00
1038.25	124.00
1038.43	61.00
1038.61	173.00
1038.79	176.00
1038.96	172.00
1039.14	166.00
1039.32	209.00
1039.49	204.00
1039.67	166.00
1039.85	194.00
1040.03	153.00
1040.20	132.00
1040.38	202.00
1040.56	169.00
1040.73	97.00
1040.91	137.00
1041.09	128.00
1041.27	183.00
1041.44	212.00
1041.62	189.00
1041.80	187.00
1041.97	130.00
1042.15	62.00
1042.33	174.00
1042.50	145.00
1042.68	196.00
1042.86	211.00
1043.04	135.00
1043.21	167.00
1043.39	200.00
1043.57	192.00
1043.74	209.00
1043.92	145.00
1044.10	90.00
1044.27	140.00
1044.45	126.00
1044.63	185.00
1044.80	185.00
1044.98	147.00
1045.16	182.00
1045.34	109.00
1045.51	123.00
1045.69	164.00
1045.87	198.00
1046.04	225.00
1046.22	227.00
1046.40	173.00
1046.57	170.00
1046.75	187.00
1046.93	226.00
1047.10	197.00
1047.28	157.00
1047.46	199.00
1047.63	238.00
1047.81	171.00
1047.99	162.00
1048.16	161.00
1048.34	157.00
1048.52	119.00
1048.69	93.00
1048.87	91.00
1049.05	115.00
1049.22	138.00
1049.40	114.00
1049.58	178.00
1049.75	157.00
1049.93	130.00
1050.11	143.00
1050.28	93.00
1050.46	139.00
1050.64	170.00
1050.81	163.00
1050.99	115.00
1051.17	54.00
1051.34	109.00
1051.52	127.00
1051.70	128.00
1051.87	149.00
1052.05	195.00
1052.23	150.00
1052.40	149.00
1052.58	186.00
1052.76	166.00
1052.93	96.00
1053.11	177.00
1053.29	183.00
1053.46	153.00
1053.64	81.00
1053.82	64.00
1053.99	161.00
1054.17	152.00
1054.35	113.00
1054.52	95.00
1054.70	136.00
1054.87	140.00
1055.05	140.00
1055.23	104.00
1055.40	44.00
1055.58	102.00
1055.76	128.00
1055.93	162.00
1056.11	158.00
1056.29	162.00
1056.46	75.00
1056.64	108.00
1056.81	209.00
1056.99	169.00
1057.17	141.00
1057.34	113.00
1057.52	128.00
1057.70	105.00
1057.87	86.00
1058.05	41.00
1058.22	67.00
1058.40	108.00
1058.58	132.00
1058.75	97.00
1058.93	61.00
1059.11	120.00
1059.28	164.00
1059.46	82.00
1059.63	88.00
1059.81	98.00
1059.99	160.00
1060.16	222.00
1060.34	115.00
1060.52	142.00
1060.69	129.00
1060.87	62.00
1061.04	113.00
1061.22	108.00
