367.62	38.00
367.82	13.00
368.02	-15.00
368.23	34.00
368.43	26.00
368.63	1.00
368.83	-36.00
369.04	-37.00
369.24	-53.00
369.44	-47.00
369.65	-42.00
369.85	-10.00
370.05	0.00
370.25	0.00
370.46	-43.00
370.66	-53.00
370.86	-11.00
371.07	22.00
371.27	4.00
371.47	8.00
371.67	21.00
371.88	59.00
372.08	-21.00
372.28	16.00
372.49	38.00
372.69	-32.00
372.89	-23.00
373.09	-70.00
373.30	-58.00
373.50	-57.00
373.70	16.00
373.91	21.00
374.11	35.00
374.31	-23.00
374.51	-11.00
374.72	6.00
374.92	51.00
375.12	35.00
375.33	-1.00
375.53	17.00
375.73	19.00
375.93	17.00
376.14	-7.00
376.34	31.00
376.54	19.00
376.74	-9.00
376.95	-47.00
377.15	-37.00
377.35	-41.00
377.55	0.00
377.76	50.00
377.96	24.00
378.16	46.00
378.37	41.00
378.57	32.00
378.77	-5.00
378.97	40.00
379.18	-3.00
379.38	4.00
379.58	-12.00
379.78	-3.00
379.99	-36.00
380.19	0.00
380.39	16.00
380.59	8.00
380.80	12.00
381.00	50.00
381.20	62.00
381.40	-14.00
381.61	-8.00
381.81	-26.00
382.01	-29.00
382.21	63.00
382.42	41.00
382.62	-38.00
382.82	57.00
383.02	44.00
383.23	33.00
383.43	49.00
383.63	81.00
383.83	37.00
384.04	32.00
384.24	20.00
384.44	4.00
384.64	-8.00
384.85	-25.00
385.05	-12.00
385.25	24.00
385.45	-30.00
385.66	38.00
385.86	10.00
386.06	-10.00
386.26	64.00
386.47	33.00
386.67	71.00
386.87	45.00
387.07	19.00
387.27	-16.00
387.48	71.00
387.68	93.00
387.88	54.00
388.08	-17.00
388.29	6.00
388.49	31.00
388.69	49.00
388.89	25.00
389.10	28.00
389.30	-21.00
389.50	-44.00
389.70	12.00
389.90	43.00
390.11	-6.00
390.31	2.00
390.51	4.00
390.71	-2.00
390.92	-5.00
391.12	-7.00
391.32	-41.00
391.52	-4.00
391.72	-23.00
391.93	-30.00
392.13	12.00
392.33	66.00
392.53	50.00
392.74	33.00
392.94	71.00
393.14	64.00
393.34	9.00
393.54	-17.00
393.75	8.00
393.95	43.00
394.15	68.00
394.35	14.00
394.56	2.00
394.76	42.00
394.96	17.00
395.16	-20.00
395.36	29.00
395.57	-13.00
395.77	-17.00
395.97	57.00
396.17	22.00
396.37	1.00
396.58	48.00
396.78	47.00
396.98	56.00
397.18	11.00
397.38	33.00
397.59	46.00
397.79	-24.00
397.99	-22.00
398.19	52.00
398.39	58.00
398.60	97.00
398.80	106.00
399.00	5.00
399.20	-22.00
399.40	9.00
399.61	30.00
399.81	81.00
400.01	82.00
400.21	11.00
400.41	10.00
400.62	63.00
400.82	32.00
401.02	-11.00
401.22	47.00
401.42	11.00
401.63	23.00
401.83	4.00
402.03	10.00
402.23	51.00
402.43	25.00
402.64	18.00
402.84	14.00
403.04	29.00
403.24	10.00
403.44	-1.00
403.64	3.00
403.85	27.00
404.05	19.00
404.25	91.00
404.45	31.00
404.65	57.00
404.86	61.00
405.06	21.00
405.26	61.00
405.46	49.00
405.66	44.00
405.86	45.00
406.07	100.00
406.27	101.00
406.47	31.00
406.67	36.00
406.87	39.00
407.07	72.00
407.28	9.00
407.48	-16.00
407.68	24.00
407.88	65.00
408.08	104.00
408.28	117.00
408.49	52.00
408.69	64.00
408.89	140.00
409.09	30.00
409.29	92.00
409.49	50.00
409.70	30.00
409.90	40.00
410.10	33.00
410.30	-20.00
410.50	43.00
410.70	81.00
410.91	70.00
411.11	28.00
411.31	100.00
411.51	53.00
411.71	21.00
411.91	-9.00
412.12	44.00
412.32	70.00
412.52	80.00
412.72	49.00
412.92	37.00
413.12	60.00
413.32	49.00
413.53	22.00
413.73	-24.00
413.93	18.00
414.13	24.00
414.33	84.00
414.53	63.00
414.74	30.00
414.94	27.00
415.14	50.00
415.34	74.00
415.54	33.00
415.74	15.00
415.94	55.00
416.15	23.00
416.35	45.00
416.55	67.00
416.75	89.00
416.95	93.00
417.15	95.00
417.35	81.00
417.56	56.00
417.76	76.00
417.96	67.00
418.16	-12.00
418.36	39.00
418.56	78.00
418.76	108.00
418.97	85.00
419.17	66.00
419.37	77.00
419.57	111.00
419.77	32.00
419.97	64.00
420.17	139.00
420.37	101.00
420.58	124.00
420.78	108.00
420.98	30.00
421.18	26.00
421.38	100.00
421.58	84.00
421.78	94.00
421.98	97.00
422.19	79.00
422.39	136.00
422.59	72.00
422.79	63.00
422.99	75.00
423.19	120.00
423.39	150.00
423.59	144.00
423.80	133.00
424.00	112.00
424.20	102.00
424.40	103.00
424.60	144.00
424.80	143.00
425.00	116.00
425.20	45.00
425.40	117.00
425.61	146.00
425.81	160.00
426.01	146.00
426.21	80.00
426.41	89.00
426.61	159.00
426.81	122.00
427.01	125.00
427.21	118.00
427.42	137.00
427.62	116.00
427.82	117.00
428.02	85.00
428.22	145.00
428.42	190.00
428.62	186.00
428.82	148.00
429.02	124.00
429.23	115.00
429.43	139.00
429.63	129.00
429.83	102.00
430.03	90.00
430.23	75.00
430.43	81.00
430.63	146.00
430.83	135.00
431.03	95.00
431.24	130.00
431.44	184.00
431.64	123.00
431.84	159.00
432.04	181.00
432.24	217.00
432.44	188.00
432.64	181.00
432.84	165.00
433.04	107.00
433.24	147.00
433.45	118.00
433.65	97.00
433.85	177.00
434.05	215.00
434.25	193.00
434.45	183.00
434.65	216.00
434.85	147.00
435.05	188.00
435.25	290.00
435.45	278.00
435.65	344.00
435.86	363.00
436.06	320.00
436.26	303.00
436.46	209.00
436.66	152.00
436.86	147.00
437.06	108.00
437.26	144.00
437.46	139.00
437.66	112.00
437.86	191.00
438.06	154.00
438.26	104.00
438.47	113.00
438.67	108.00
438.87	222.00
439.07	181.00
439.27	178.00
439.47	173.00
439.67	126.00
439.87	197.00
440.07	116.00
440.27	95.00
440.47	82.00
440.67	93.00
440.87	140.00
441.07	64.00
441.27	162.00
441.48	109.00
441.68	84.00
441.88	116.00
442.08	224.00
442.28	223.00
442.48	157.00
442.68	140.00
442.88	126.00
443.08	210.00
443.28	154.00
443.48	174.00
443.68	226.00
443.88	175.00
444.08	167.00
444.28	155.00
444.48	181.00
444.68	161.00
444.88	179.00
445.09	185.00
445.29	161.00
445.49	118.00
445.69	181.00
445.89	199.00
446.09	224.00
446.29	154.00
446.49	175.00
446.69	193.00
446.89	205.00
447.09	144.00
447.29	133.00
447.49	211.00
447.69	186.00
447.89	108.00
448.09	152.00
448.29	167.00
448.49	191.00
448.69	217.00
448.89	158.00
449.09	128.00
449.29	156.00
449.49	196.00
449.70	186.00
449.90	135.00
450.10	138.00
450.30	182.00
450.50	210.00
450.70	221.00
450.90	224.00
451.10	201.00
451.30	181.00
451.50	241.00
451.70	262.00
451.90	190.00
452.10	154.00
452.30	139.00
452.50	207.00
452.70	127.00
452.90	205.00
453.10	281.00
453.30	253.00
453.50	229.00
453.70	209.00
453.90	218.00
454.10	242.00
454.30	163.00
454.50	258.00
454.70	260.00
454.90	251.00
455.10	201.00
455.30	206.00
455.50	177.00
455.70	210.00
455.90	297.00
456.10	269.00
456.30	239.00
456.50	239.00
456.70	243.00
456.90	261.00
457.10	301.00
457.30	258.00
457.50	314.00
457.70	324.00
457.90	292.00
458.10	292.00
458.30	247.00
458.50	211.00
458.70	268.00
458.90	236.00
459.10	226.00
459.30	234.00
459.50	309.00
459.70	282.00
459.90	356.00
460.10	385.00
460.30	347.00
460.50	308.00
460.70	335.00
460.90	362.00
461.10	330.00
461.30	280.00
461.50	308.00
461.70	289.00
461.90	279.00
462.10	295.00
462.30	306.00
462.50	306.00
462.70	293.00
462.90	299.00
463.10	276.00
463.30	313.00
463.50	327.00
463.70	322.00
463.90	243.00
464.10	304.00
464.30	338.00
464.50	344.00
464.70	291.00
464.90	268.00
465.10	194.00
465.30	205.00
465.50	310.00
465.70	345.00
465.90	326.00
466.10	287.00
466.30	281.00
466.50	321.00
466.70	299.00
466.90	233.00
467.10	240.00
467.30	249.00
467.50	298.00
467.70	260.00
467.90	214.00
468.10	266.00
468.30	240.00
468.50	223.00
468.70	216.00
468.90	227.00
469.10	275.00
469.30	326.00
469.50	310.00
469.70	312.00
469.90	290.00
470.10	303.00
470.30	301.00
470.50	301.00
470.70	296.00
470.90	277.00
471.10	304.00
471.29	270.00
471.49	247.00
471.69	316.00
471.89	245.00
472.09	228.00
472.29	297.00
472.49	304.00
472.69	244.00
472.89	275.00
473.09	246.00
473.29	241.00
473.49	294.00
473.69	266.00
473.89	269.00
474.09	261.00
474.29	256.00
474.49	241.00
474.69	267.00
474.89	317.00
475.09	311.00
475.29	302.00
475.49	313.00
475.69	330.00
475.88	298.00
476.08	288.00
476.28	285.00
476.48	357.00
476.68	331.00
476.88	309.00
477.08	316.00
477.28	276.00
477.48	274.00
477.68	283.00
477.88	291.00
478.08	316.00
478.28	330.00
478.48	265.00
478.68	334.00
478.88	428.00
479.08	370.00
479.28	365.00
479.47	274.00
479.67	299.00
479.87	314.00
480.07	303.00
480.27	296.00
480.47	319.00
480.67	345.00
480.87	351.00
481.07	341.00
481.27	330.00
481.47	285.00
481.67	309.00
481.87	313.00
482.07	363.00
482.27	337.00
482.46	294.00
482.66	315.00
482.86	360.00
483.06	366.00
483.26	350.00
483.46	323.00
483.66	305.00
483.86	322.00
484.06	325.00
484.26	305.00
484.46	329.00
484.66	417.00
484.86	427.00
485.05	368.00
485.25	321.00
485.45	280.00
485.65	397.00
485.85	430.00
486.05	432.00
486.25	473.00
486.45	516.00
486.65	498.00
486.85	481.00
487.05	394.00
487.25	399.00
487.44	412.00
487.64	459.00
487.84	433.00
488.04	497.00
488.24	424.00
488.44	450.00
488.64	424.00
488.84	491.00
489.04	458.00
489.24	522.00
489.43	451.00
489.63	372.00
489.83	481.00
490.03	487.00
490.23	479.00
490.43	476.00
490.63	438.00
490.83	466.00
491.03	498.00
491.23	480.00
491.42	490.00
491.62	511.00
491.82	449.00
492.02	435.00
492.22	510.00
492.42	445.00
492.62	429.00
492.82	447.00
493.02	477.00
493.22	505.00
493.41	504.00
493.61	546.00
493.81	502.00
494.01	486.00
494.21	487.00
494.41	568.00
494.61	499.00
494.81	511.00
495.01	491.00
495.20	491.00
495.40	518.00
495.60	514.00
495.80	460.00
496.00	479.00
496.20	469.00
496.40	549.00
496.60	517.00
496.79	514.00
496.99	518.00
497.19	501.00
497.39	512.00
497.59	582.00
497.79	637.00
497.99	587.00
498.19	485.00
498.38	494.00
498.58	565.00
498.78	506.00
498.98	495.00
499.18	534.00
499.38	551.00
499.58	574.00
499.78	529.00
499.97	587.00
500.17	565.00
500.37	549.00
500.57	545.00
500.77	495.00
500.97	528.00
501.17	529.00
501.37	551.00
501.56	562.00
501.76	482.00
501.96	504.00
502.16	618.00
502.36	579.00
502.56	577.00
502.76	547.00
502.95	518.00
503.15	597.00
503.35	581.00
503.55	505.00
503.75	471.00
503.95	559.00
504.15	573.00
504.34	566.00
504.54	589.00
504.74	620.00
504.94	500.00
505.14	474.00
505.34	499.00
505.54	524.00
505.73	570.00
505.93	606.00
506.13	581.00
506.33	545.00
506.53	564.00
506.73	595.00
506.92	575.00
507.12	519.00
507.32	569.00
507.52	580.00
507.72	546.00
507.92	579.00
508.12	546.00
508.31	540.00
508.51	574.00
508.71	535.00
508.91	492.00
509.11	561.00
509.31	574.00
509.50	559.00
509.70	623.00
509.90	576.00
510.10	556.00
510.30	537.00
510.50	505.00
510.69	465.00
510.89	470.00
511.09	494.00
511.29	512.00
511.49	531.00
511.69	580.00
511.88	603.00
512.08	529.00
512.28	508.00
512.48	542.00
512.68	506.00
512.88	511.00
513.07	521.00
513.27	528.00
513.47	629.00
513.67	605.00
513.87	501.00
514.06	546.00
514.26	518.00
514.46	517.00
514.66	602.00
514.86	599.00
515.06	595.00
515.25	523.00
515.45	487.00
515.65	491.00
515.85	565.00
516.05	518.00
516.24	541.00
516.44	510.00
516.64	500.00
516.84	509.00
517.04	545.00
517.23	541.00
517.43	567.00
517.63	582.00
517.83	592.00
518.03	640.00
518.23	545.00
518.42	451.00
518.62	497.00
518.82	560.00
519.02	588.00
519.22	611.00
519.41	574.00
519.61	533.00
519.81	546.00
520.01	564.00
520.21	556.00
520.40	579.00
520.60	598.00
520.80	567.00
521.00	538.00
521.20	606.00
521.39	611.00
521.59	561.00
521.79	514.00
521.99	561.00
522.19	595.00
522.38	651.00
522.58	665.00
522.78	613.00
522.98	617.00
523.17	589.00
523.37	631.00
523.57	626.00
523.77	630.00
523.97	597.00
524.16	687.00
524.36	658.00
524.56	643.00
524.76	647.00
524.96	630.00
525.15	657.00
525.35	651.00
525.55	700.00
525.75	690.00
525.94	721.00
526.14	724.00
526.34	700.00
526.54	688.00
526.74	737.00
526.93	722.00
527.13	690.00
527.33	672.00
527.53	714.00
527.72	780.00
527.92	739.00
528.12	771.00
528.32	752.00
528.52	757.00
528.71	756.00
528.91	704.00
529.11	690.00
529.31	780.00
529.50	792.00
529.70	744.00
529.90	738.00
530.10	765.00
530.29	712.00
530.49	700.00
530.69	758.00
530.89	767.00
531.09	775.00
531.28	810.00
531.48	858.00
531.68	875.00
531.88	784.00
532.07	830.00
532.27	817.00
532.47	759.00
532.67	776.00
532.86	828.00
533.06	827.00
533.26	868.00
533.46	873.00
533.65	852.00
533.85	848.00
534.05	830.00
534.25	878.00
534.44	939.00
534.64	904.00
534.84	926.00
535.04	991.00
535.23	965.00
535.43	895.00
535.63	900.00
535.83	935.00
536.02	1008.00
536.22	1002.00
536.42	1024.00
536.62	996.00
536.81	967.00
537.01	1062.00
537.21	1043.00
537.41	1014.00
537.60	1068.00
537.80	1067.00
538.00	1055.00
538.20	1004.00
538.39	1161.00
538.59	1182.00
538.79	1119.00
538.99	1154.00
539.18	1164.00
539.38	1114.00
539.58	1151.00
539.77	1139.00
539.97	1271.00
540.17	1358.00
540.37	1379.00
540.56	1438.00
540.76	1463.00
540.96	1444.00
541.16	1513.00
541.35	1510.00
541.55	1601.00
541.75	1587.00
541.94	1566.00
542.14	1602.00
542.34	1583.00
542.54	1556.00
542.73	1622.00
542.93	1591.00
543.13	1515.00
543.33	1527.00
543.52	1558.00
543.72	1523.00
543.92	1469.00
544.11	1535.00
544.31	1555.00
544.51	1493.00
544.71	1582.00
544.90	1701.00
545.10	1709.00
545.30	1741.00
545.49	1755.00
545.69	1699.00
545.89	1839.00
546.09	1984.00
546.28	2016.00
546.48	1941.00
546.68	1694.00
546.87	1474.00
547.07	1432.00
547.27	1356.00
547.47	1375.00
547.66	1413.00
547.86	1343.00
548.06	1322.00
548.25	1348.00
548.45	1319.00
548.65	1302.00
548.84	1240.00
549.04	1331.00
549.24	1292.00
549.44	1302.00
549.63	1253.00
549.83	1224.00
550.03	1176.00
550.22	1172.00
550.42	1173.00
550.62	1235.00
550.81	1134.00
551.01	1146.00
551.21	1178.00
551.41	1099.00
551.60	1174.00
551.80	1171.00
552.00	1115.00
552.19	1111.00
552.39	1131.00
552.59	1131.00
552.78	1044.00
552.98	1048.00
553.18	1056.00
553.37	1080.00
553.57	1110.00
553.77	1070.00
553.96	1058.00
554.16	1076.00
554.36	1094.00
554.56	1067.00
554.75	1007.00
554.95	1053.00
555.15	1066.00
555.34	1079.00
555.54	1007.00
555.74	1073.00
555.93	1068.00
556.13	1035.00
556.33	1034.00
556.52	1011.00
556.72	988.00
556.92	936.00
557.11	939.00
557.31	955.00
557.51	949.00
557.70	968.00
557.90	962.00
558.10	838.00
558.29	874.00
558.49	926.00
558.69	956.00
558.88	917.00
559.08	895.00
559.28	839.00
559.47	939.00
559.67	1006.00
559.87	942.00
560.06	917.00
560.26	945.00
560.46	996.00
560.65	977.00
560.85	969.00
561.05	939.00
561.24	926.00
561.44	1002.00
561.64	979.00
561.83	937.00
562.03	943.00
562.23	989.00
562.42	971.00
562.62	982.00
562.82	980.00
563.01	870.00
563.21	907.00
563.40	1013.00
563.60	1081.00
563.80	1048.00
563.99	1015.00
564.19	1049.00
564.39	1062.00
564.58	1057.00
564.78	1050.00
564.98	1004.00
565.17	958.00
565.37	1011.00
565.57	1053.00
565.76	1033.00
565.96	1042.00
566.16	1013.00
566.35	979.00
566.55	974.00
566.74	1030.00
566.94	1029.00
567.14	1045.00
567.33	1023.00
567.53	1077.00
567.73	1065.00
567.92	1049.00
568.12	1045.00
568.32	1020.00
568.51	1098.00
568.71	1082.00
568.90	1094.00
569.10	1011.00
569.30	1006.00
569.49	1049.00
569.69	1113.00
569.89	1113.00
570.08	1129.00
570.28	1139.00
570.47	1094.00
570.67	1002.00
570.87	1044.00
571.06	1127.00
571.26	1108.00
571.46	1167.00
571.65	1157.00
571.85	1118.00
572.04	1110.00
572.24	1048.00
572.44	1166.00
572.63	1203.00
572.83	1169.00
573.03	1113.00
573.22	1122.00
573.42	1199.00
573.61	1136.00
573.81	1155.00
574.01	1154.00
574.20	1199.00
574.40	1234.00
574.59	1164.00
574.79	1177.00
574.99	1299.00
575.18	1277.00
575.38	1215.00
575.58	1234.00
575.77	1301.00
575.97	1322.00
576.16	1286.00
576.36	1263.00
576.56	1295.00
576.75	1396.00
576.95	1419.00
577.14	1367.00
577.34	1409.00
577.54	1411.00
577.73	1442.00
577.93	1467.00
578.12	1511.00
578.32	1457.00
578.52	1485.00
578.71	1435.00
578.91	1466.00
579.10	1504.00
579.30	1535.00
579.50	1631.00
579.69	1536.00
579.89	1435.00
580.08	1428.00
580.28	1457.00
580.48	1476.00
580.67	1546.00
580.87	1553.00
581.06	1498.00
581.26	1576.00
581.45	1564.00
581.65	1597.00
581.85	1588.00
582.04	1597.00
582.24	1618.00
582.43	1658.00
582.63	1659.00
582.83	1566.00
583.02	1680.00
583.22	1797.00
583.41	1843.00
583.61	1810.00
583.80	1755.00
584.00	1756.00
584.20	1796.00
584.39	1839.00
584.59	1831.00
584.78	1801.00
584.98	1802.00
585.17	1776.00
585.37	1782.00
585.57	1822.00
585.76	1829.00
585.96	1855.00
586.15	1944.00
586.35	1937.00
586.54	1995.00
586.74	2002.00
586.94	1988.00
587.13	1980.00
587.33	2050.00
587.52	2076.00
587.72	2025.00
587.91	2034.00
588.11	2082.00
588.31	2027.00
588.50	2034.00
588.70	2022.00
588.89	2031.00
589.09	1941.00
589.28	2045.00
589.48	2115.00
589.68	2069.00
589.87	2088.00
590.07	2033.00
590.26	2119.00
590.46	2254.00
590.65	2132.00
590.85	2176.00
591.04	2134.00
591.24	2227.00
591.44	2219.00
591.63	2176.00
591.83	2088.00
592.02	2161.00
592.22	2284.00
592.41	2230.00
592.61	2174.00
592.80	2216.00
593.00	2316.00
593.19	2390.00
593.39	2365.00
593.59	2309.00
593.78	2328.00
593.98	2250.00
594.17	2241.00
594.37	2264.00
594.56	2262.00
594.76	2302.00
594.95	2309.00
595.15	2315.00
595.34	2308.00
595.54	2335.00
595.73	2351.00
595.93	2298.00
596.13	2355.00
596.32	2388.00
596.52	2292.00
596.71	2262.00
596.91	2407.00
597.10	2388.00
597.30	2322.00
597.49	2332.00
597.69	2321.00
597.88	2395.00
598.08	2470.00
598.27	2465.00
598.47	2434.00
598.66	2440.00
598.86	2424.00
599.06	2467.00
599.25	2379.00
599.45	2421.00
599.64	2418.00
599.84	2448.00
600.03	2358.00
600.23	2382.00
600.42	2396.00
600.62	2325.00
600.81	2362.00
601.01	2467.00
601.20	2449.00
601.40	2436.00
601.59	2352.00
601.79	2309.00
601.98	2309.00
602.18	2305.00
602.37	2298.00
602.57	2346.00
602.76	2371.00
602.96	2338.00
603.15	2411.00
603.35	2363.00
603.54	2321.00
603.74	2307.00
603.93	2299.00
604.13	2329.00
604.32	2269.00
604.52	2252.00
604.71	2252.00
604.91	2297.00
605.10	2264.00
605.30	2227.00
605.49	2306.00
605.69	2262.00
605.88	2241.00
606.08	2316.00
606.27	2277.00
606.47	2303.00
606.66	2291.00
606.86	2257.00
607.05	2320.00
607.25	2336.00
607.44	2279.00
607.64	2296.00
607.83	2339.00
608.03	2294.00
608.22	2276.00
608.42	2300.00
608.61	2266.00
608.81	2297.00
609.00	2315.00
609.20	2264.00
609.39	2244.00
609.59	2333.00
609.78	2489.00
609.98	2566.00
610.17	2656.00
610.37	2894.00
610.56	3025.00
610.76	3192.00
610.95	3239.00
611.15	3310.00
611.34	3365.00
611.54	3511.00
611.73	3522.00
611.93	3328.00
612.12	3063.00
612.32	2747.00
612.51	2584.00
612.71	2519.00
612.90	2528.00
613.09	2529.00
613.29	2423.00
613.48	2422.00
613.68	2401.00
613.87	2370.00
614.07	2365.00
614.26	2358.00
614.46	2351.00
614.65	2373.00
614.85	2335.00
615.04	2304.00
615.24	2283.00
615.43	2277.00
615.63	2231.00
615.82	2168.00
616.02	2108.00
616.21	2139.00
616.40	2154.00
616.60	2133.00
616.79	2088.00
616.99	2084.00
617.18	2109.00
617.38	2165.00
617.57	2130.00
617.77	2098.00
617.96	2092.00
618.16	2093.00
618.35	2031.00
618.54	2087.00
618.74	2117.00
618.93	2102.00
619.13	2113.00
619.32	2107.00
619.52	2152.00
619.71	2132.00
619.91	2163.00
620.10	2211.00
620.30	2175.00
620.49	2120.00
620.68	2198.00
620.88	2203.00
621.07	2137.00
621.27	2146.00
621.46	2154.00
621.66	2191.00
621.85	2170.00
622.05	2169.00
622.24	2177.00
622.43	2109.00
622.63	2099.00
622.82	2131.00
623.02	2106.00
623.21	2171.00
623.41	2194.00
623.60	2138.00
623.80	2186.00
623.99	2255.00
624.18	2264.00
624.38	2233.00
624.57	2189.00
624.77	2215.00
624.96	2283.00
625.16	2192.00
625.35	2277.00
625.54	2276.00
625.74	2239.00
625.93	2308.00
626.13	2360.00
626.32	2301.00
626.52	2320.00
626.71	2337.00
626.90	2304.00
627.10	2322.00
627.29	2249.00
627.49	2272.00
627.68	2277.00
627.88	2248.00
628.07	2201.00
628.26	2233.00
628.46	2294.00
628.65	2359.00
628.85	2406.00
629.04	2427.00
629.23	2422.00
629.43	2349.00
629.62	2352.00
629.82	2367.00
630.01	2371.00
630.21	2415.00
630.40	2452.00
630.59	2552.00
630.79	2584.00
630.98	2549.00
631.18	2515.00
631.37	2686.00
631.56	2648.00
631.76	2596.00
631.95	2599.00
632.15	2615.00
632.34	2561.00
632.53	2518.00
632.73	2518.00
632.92	2514.00
633.12	2439.00
633.31	2449.00
633.50	2569.00
633.70	2595.00
633.89	2493.00
634.09	2545.00
634.28	2538.00
634.47	2569.00
634.67	2647.00
634.86	2665.00
635.06	2755.00
635.25	2645.00
635.44	2613.00
635.64	2646.00
635.83	2613.00
636.03	2653.00
636.22	2635.00
636.41	2643.00
636.61	2643.00
636.80	2679.00
637.00	2811.00
637.19	2735.00
637.38	2727.00
637.58	2813.00
637.77	2843.00
637.96	2880.00
638.16	2850.00
638.35	2788.00
638.55	2849.00
638.74	2856.00
638.93	2822.00
639.13	2843.00
639.32	2860.00
639.51	2934.00
639.71	2952.00
639.90	2931.00
640.10	2848.00
640.29	2908.00
640.48	2919.00
640.68	2972.00
640.87	3028.00
641.07	2964.00
641.26	2946.00
641.45	3046.00
641.65	3026.00
641.84	2998.00
642.03	3036.00
642.23	3035.00
642.42	3089.00
642.61	3095.00
642.81	3157.00
643.00	3266.00
643.20	3246.00
643.39	3084.00
643.58	3064.00
643.78	3148.00
643.97	3231.00
644.16	3229.00
644.36	3186.00
644.55	3156.00
644.74	3204.00
644.94	3384.00
645.13	3324.00
645.33	3311.00
645.52	3314.00
645.71	3230.00
645.91	3250.00
646.10	3228.00
646.29	3274.00
646.49	3291.00
646.68	3255.00
646.87	3227.00
647.07	3348.00
647.26	3357.00
647.45	3281.00
647.65	3343.00
647.84	3338.00
648.03	3290.00
648.23	3333.00
648.42	3431.00
648.62	3366.00
648.81	3411.00
649.00	3425.00
649.20	3426.00
649.39	3384.00
649.58	3387.00
649.78	3390.00
649.97	3414.00
650.16	3471.00
650.36	3490.00
650.55	3468.00
650.74	3487.00
650.94	3477.00
651.13	3491.00
651.32	3581.00
651.52	3640.00
651.71	3598.00
651.90	3525.00
652.10	3543.00
652.29	3547.00
652.48	3580.00
652.68	3525.00
652.87	3588.00
653.06	3532.00
653.26	3452.00
653.45	3468.00
653.64	3469.00
653.84	3532.00
654.03	3460.00
654.22	3498.00
654.42	3506.00
654.61	3420.00
654.80	3502.00
654.99	3550.00
655.19	3517.00
655.38	3489.00
655.57	3490.00
655.77	3531.00
655.96	3485.00
656.15	3458.00
656.35	3533.00
656.54	3497.00
656.73	3479.00
656.93	3498.00
657.12	3595.00
657.31	3540.00
657.51	3407.00
657.70	3364.00
657.89	3467.00
658.09	3620.00
658.28	3608.00
658.47	3511.00
658.66	3470.00
658.86	3452.00
659.05	3508.00
659.24	3480.00
659.44	3361.00
659.63	3447.00
659.82	3520.00
660.02	3474.00
660.21	3490.00
660.40	3400.00
660.60	3414.00
660.79	3454.00
660.98	3339.00
661.17	3439.00
661.37	3510.00
661.56	3447.00
661.75	3401.00
661.95	3557.00
662.14	3499.00
662.33	3427.00
662.52	3392.00
662.72	3522.00
662.91	3502.00
663.10	3348.00
663.30	3451.00
663.49	3430.00
663.68	3357.00
663.88	3427.00
664.07	3364.00
664.26	3443.00
664.45	3427.00
664.65	3380.00
664.84	3308.00
665.03	3320.00
665.23	3365.00
665.42	3333.00
665.61	3260.00
665.80	3250.00
666.00	3298.00
666.19	3327.00
666.38	3360.00
666.57	3310.00
666.77	3273.00
666.96	3243.00
667.15	3181.00
667.35	3172.00
667.54	3271.00
667.73	3324.00
667.92	3303.00
668.12	3246.00
668.31	3178.00
668.50	3126.00
668.70	3130.00
668.89	3140.00
669.08	3219.00
669.27	3251.00
669.47	3161.00
669.66	3165.00
669.85	3148.00
670.04	3153.00
670.24	3099.00
670.43	3165.00
670.62	3094.00
670.81	3096.00
671.01	3134.00
671.20	3139.00
671.39	3119.00
671.58	3111.00
671.78	3126.00
671.97	3085.00
672.16	3061.00
672.36	3099.00
672.55	3066.00
672.74	3029.00
672.93	3052.00
673.13	3058.00
673.32	3021.00
673.51	3011.00
673.70	3055.00
673.90	3082.00
674.09	3025.00
674.28	3126.00
674.47	3078.00
674.67	2999.00
674.86	3065.00
675.05	2951.00
675.24	2971.00
675.44	2995.00
675.63	2979.00
675.82	3037.00
676.01	2995.00
676.21	3034.00
676.40	3040.00
676.59	3043.00
676.78	3069.00
676.97	3034.00
677.17	2927.00
677.36	2936.00
677.55	3034.00
677.74	3039.00
677.94	2961.00
678.13	2991.00
678.32	2974.00
678.51	3003.00
678.71	3056.00
678.90	3036.00
679.09	3009.00
679.28	2985.00
679.48	2918.00
679.67	3042.00
679.86	3044.00
680.05	2994.00
680.24	2972.00
680.44	2853.00
680.63	2843.00
680.82	2916.00
681.01	2855.00
681.21	2902.00
681.40	2906.00
681.59	2847.00
681.78	2828.00
681.97	2786.00
682.17	2831.00
682.36	2807.00
682.55	2893.00
682.74	2860.00
682.94	2787.00
683.13	2846.00
683.32	2884.00
683.51	2957.00
683.70	2834.00
683.90	2791.00
684.09	2917.00
684.28	2948.00
684.47	2970.00
684.66	2945.00
684.86	2849.00
685.05	2744.00
685.24	2736.00
685.43	2757.00
685.63	2838.00
685.82	2870.00
686.01	2878.00
686.20	2812.00
686.39	2826.00
686.59	2843.00
686.78	2817.00
686.97	2929.00
687.16	2914.00
687.35	2757.00
687.55	2788.00
687.74	2834.00
687.93	2884.00
688.12	2829.00
688.31	2820.00
688.51	2862.00
688.70	2945.00
688.89	2904.00
689.08	2839.00
689.27	2862.00
689.47	2735.00
689.66	2736.00
689.85	2798.00
690.04	2790.00
690.23	2759.00
690.42	2734.00
690.62	2800.00
690.81	2849.00
691.00	2701.00
691.19	2745.00
691.38	2811.00
691.58	2828.00
691.77	2801.00
691.96	2840.00
692.15	2803.00
692.34	2753.00
692.54	2754.00
692.73	2798.00
692.92	2862.00
693.11	2908.00
693.30	2835.00
693.49	2715.00
693.69	2727.00
693.88	2871.00
694.07	2836.00
694.26	2785.00
694.45	2775.00
694.64	2732.00
694.84	2782.00
695.03	2880.00
695.22	2777.00
695.41	2797.00
695.60	2852.00
695.80	2809.00
695.99	2726.00
696.18	2785.00
696.37	2835.00
696.56	2906.00
696.75	2886.00
696.95	2833.00
697.14	2877.00
697.33	2838.00
697.52	2781.00
697.71	2815.00
697.90	2927.00
698.09	2882.00
698.29	2865.00
698.48	2890.00
698.67	2898.00
698.86	2880.00
699.05	2863.00
699.24	2917.00
699.44	2985.00
699.63	3007.00
699.82	2984.00
700.01	2870.00
700.20	2889.00
700.39	2883.00
700.58	2888.00
700.78	2824.00
700.97	2909.00
701.16	2930.00
701.35	2921.00
701.54	2860.00
701.73	2866.00
701.93	2912.00
702.12	2909.00
702.31	3017.00
702.50	3030.00
702.69	3073.00
702.88	3024.00
703.07	3139.00
703.27	3069.00
703.46	2981.00
703.65	3055.00
703.84	3176.00
704.03	3077.00
704.22	3105.00
704.41	3052.00
704.60	3099.00
704.80	3094.00
704.99	3101.00
705.18	3042.00
705.37	3138.00
705.56	3169.00
705.75	3155.00
705.94	3164.00
706.14	3159.00
706.33	3215.00
706.52	3229.00
706.71	3238.00
706.90	3284.00
707.09	3245.00
707.28	3249.00
707.47	3304.00
707.67	3313.00
707.86	3324.00
708.05	3329.00
708.24	3274.00
708.43	3362.00
708.62	3352.00
708.81	3400.00
709.00	3407.00
709.20	3371.00
709.39	3357.00
709.58	3380.00
709.77	3294.00
709.96	3333.00
710.15	3386.00
710.34	3300.00
710.53	3274.00
710.72	3323.00
710.92	3331.00
711.11	3363.00
711.30	3334.00
711.49	3321.00
711.68	3432.00
711.87	3510.00
712.06	3505.00
712.25	3509.00
712.44	3585.00
712.64	3646.00
712.83	3659.00
713.02	3610.00
713.21	3529.00
713.40	3481.00
713.59	3471.00
713.78	3497.00
713.97	3523.00
714.16	3494.00
714.35	3498.00
714.55	3466.00
714.74	3525.00
714.93	3533.00
715.12	3473.00
715.31	3591.00
715.50	3659.00
715.69	3522.00
715.88	3503.00
716.07	3600.00
716.26	3602.00
716.45	3585.00
716.65	3653.00
716.84	3603.00
717.03	3576.00
717.22	3559.00
717.41	3559.00
717.60	3686.00
717.79	3677.00
717.98	3562.00
718.17	3618.00
718.36	3663.00
718.55	3617.00
718.75	3669.00
718.94	3757.00
719.13	3673.00
719.32	3695.00
719.51	3676.00
719.70	3676.00
719.89	3679.00
720.08	3666.00
720.27	3731.00
720.46	3728.00
720.65	3788.00
720.84	3729.00
721.03	3715.00
721.22	3643.00
721.42	3604.00
721.61	3696.00
721.80	3702.00
721.99	3630.00
722.18	3663.00
722.37	3620.00
722.56	3680.00
722.75	3753.00
722.94	3695.00
723.13	3652.00
723.32	3708.00
723.51	3682.00
723.70	3695.00
723.89	3683.00
724.08	3664.00
724.28	3682.00
724.47	3693.00
724.66	3817.00
724.85	3790.00
725.04	3718.00
725.23	3653.00
725.42	3661.00
725.61	3747.00
725.80	3783.00
725.99	3767.00
726.18	3830.00
726.37	3795.00
726.56	3770.00
726.75	3806.00
726.94	3778.00
727.13	3763.00
727.32	3776.00
727.51	3809.00
727.71	3773.00
727.90	3729.00
728.09	3651.00
728.28	3634.00
728.47	3621.00
728.66	3630.00
728.85	3625.00
729.04	3660.00
729.23	3699.00
729.42	3638.00
729.61	3575.00
729.80	3637.00
729.99	3772.00
730.18	3762.00
730.37	3571.00
730.56	3616.00
730.75	3587.00
730.94	3556.00
731.13	3649.00
731.32	3699.00
731.51	3670.00
731.70	3647.00
731.89	3738.00
732.08	3737.00
732.27	3762.00
732.46	3843.00
732.65	3694.00
732.84	3737.00
733.04	3735.00
733.23	3705.00
733.42	3673.00
733.61	3593.00
733.80	3655.00
733.99	3726.00
734.18	3574.00
734.37	3537.00
734.56	3556.00
734.75	3508.00
734.94	3593.00
735.13	3571.00
735.32	3521.00
735.51	3550.00
735.70	3514.00
735.89	3546.00
736.08	3561.00
736.27	3517.00
736.46	3521.00
736.65	3497.00
736.84	3517.00
737.03	3651.00
737.22	3650.00
737.41	3649.00
737.60	3572.00
737.79	3528.00
737.98	3492.00
738.17	3567.00
738.36	3551.00
738.55	3578.00
738.74	3454.00
738.93	3446.00
739.12	3546.00
739.31	3481.00
739.50	3447.00
739.69	3509.00
739.88	3371.00
740.07	3427.00
740.26	3509.00
740.45	3541.00
740.64	3503.00
740.83	3490.00
741.02	3372.00
741.21	3326.00
741.40	3393.00
741.59	3426.00
741.78	3327.00
741.97	3254.00
742.16	3243.00
742.35	3375.00
742.54	3373.00
742.73	3326.00
742.92	3387.00
743.11	3299.00
743.30	3188.00
743.49	3221.00
743.68	3303.00
743.87	3249.00
744.06	3242.00
744.25	3202.00
744.44	3190.00
744.63	3254.00
744.82	3176.00
745.01	3169.00
745.20	3185.00
745.39	3165.00
745.58	3185.00
745.77	3278.00
745.96	3333.00
746.15	3275.00
746.34	3191.00
746.52	3184.00
746.71	3235.00
746.90	3203.00
747.09	3102.00
747.28	3066.00
747.47	3134.00
747.66	3178.00
747.85	3112.00
748.04	3095.00
748.23	3107.00
748.42	2963.00
748.61	2977.00
748.80	3096.00
748.99	3106.00
749.18	2993.00
749.37	3011.00
749.56	3037.00
749.75	3042.00
749.94	3093.00
750.13	3044.00
750.32	3056.00
750.51	3043.00
750.70	2989.00
750.89	3068.00
751.08	2952.00
751.27	2930.00
751.46	3017.00
751.64	2929.00
751.83	2928.00
752.02	2966.00
752.21	2861.00
752.40	2861.00
752.59	2859.00
752.78	2914.00
752.97	2911.00
753.16	2915.00
753.35	2970.00
753.54	2915.00
753.73	2917.00
753.92	2925.00
754.11	2876.00
754.30	2797.00
754.49	2790.00
754.68	2882.00
754.87	2825.00
755.06	2848.00
755.24	2887.00
755.43	2861.00
755.62	2817.00
755.81	2881.00
756.00	2834.00
756.19	2855.00
756.38	2796.00
756.57	2655.00
756.76	2741.00
756.95	2747.00
757.14	2642.00
757.33	2726.00
757.52	2760.00
757.71	2666.00
757.90	2708.00
758.08	2737.00
758.27	2701.00
758.46	2670.00
758.65	2699.00
758.84	2622.00
759.03	2640.00
759.22	2706.00
759.41	2757.00
759.60	2614.00
759.79	2707.00
759.98	2716.00
760.17	2663.00
760.36	2718.00
760.54	2717.00
760.73	2669.00
760.92	2672.00
761.11	2607.00
761.30	2565.00
761.49	2525.00
761.68	2485.00
761.87	2524.00
762.06	2406.00
762.25	2379.00
762.44	2393.00
762.63	2346.00
762.81	2316.00
763.00	2285.00
763.19	2294.00
763.38	2275.00
763.57	2277.00
763.76	2258.00
763.95	2279.00
764.14	2219.00
764.33	2243.00
764.52	2253.00
764.71	2271.00
764.89	2320.00
765.08	2314.00
765.27	2334.00
765.46	2292.00
765.65	2279.00
765.84	2272.00
766.03	2203.00
766.22	2287.00
766.41	2364.00
766.59	2363.00
766.78	2368.00
766.97	2377.00
767.16	2440.00
767.35	2456.00
767.54	2433.00
767.73	2468.00
767.92	2528.00
768.11	2574.00
768.30	2518.00
768.48	2491.00
768.67	2572.00
768.86	2530.00
769.05	2593.00
769.24	2565.00
769.43	2593.00
769.62	2588.00
769.81	2535.00
769.99	2502.00
770.18	2523.00
770.37	2586.00
770.56	2464.00
770.75	2488.00
770.94	2555.00
771.13	2567.00
771.32	2547.00
771.50	2552.00
771.69	2538.00
771.88	2516.00
772.07	2508.00
772.26	2561.00
772.45	2522.00
772.64	2619.00
772.83	2606.00
773.01	2544.00
773.20	2530.00
773.39	2555.00
773.58	2557.00
773.77	2539.00
773.96	2530.00
774.15	2549.00
774.34	2493.00
774.52	2455.00
774.71	2458.00
774.90	2467.00
775.09	2471.00
775.28	2443.00
775.47	2443.00
775.66	2469.00
775.84	2459.00
776.03	2455.00
776.22	2548.00
776.41	2429.00
776.60	2446.00
776.79	2505.00
776.98	2471.00
777.16	2562.00
777.35	2461.00
777.54	2441.00
777.73	2435.00
777.92	2349.00
778.11	2373.00
778.29	2376.00
778.48	2418.00
778.67	2433.00
778.86	2441.00
779.05	2392.00
779.24	2336.00
779.43	2411.00
779.61	2368.00
779.80	2474.00
779.99	2486.00
780.18	2436.00
780.37	2397.00
780.56	2428.00
780.74	2405.00
780.93	2485.00
781.12	2552.00
781.31	2412.00
781.50	2410.00
781.69	2418.00
781.87	2483.00
782.06	2474.00
782.25	2448.00
782.44	2463.00
782.63	2507.00
782.82	2540.00
783.00	2589.00
783.19	2582.00
783.38	2541.00
783.57	2598.00
783.76	2524.00
783.95	2470.00
784.13	2447.00
784.32	2500.00
784.51	2523.00
784.70	2510.00
784.89	2541.00
785.08	2554.00
785.26	2540.00
785.45	2475.00
785.64	2433.00
785.83	2522.00
786.02	2533.00
786.20	2492.00
786.39	2482.00
786.58	2482.00
786.77	2471.00
786.96	2536.00
787.15	2494.00
787.33	2487.00
787.52	2453.00
787.71	2487.00
787.90	2522.00
788.09	2595.00
788.27	2585.00
788.46	2516.00
788.65	2537.00
788.84	2569.00
789.03	2545.00
789.21	2559.00
789.40	2578.00
789.59	2576.00
789.78	2573.00
789.97	2586.00
790.15	2568.00
790.34	2601.00
790.53	2576.00
790.72	2657.00
790.91	2671.00
791.09	2522.00
791.28	2484.00
791.47	2620.00
791.66	2705.00
791.85	2541.00
792.03	2545.00
792.22	2654.00
792.41	2656.00
792.60	2762.00
792.79	2762.00
792.97	2688.00
793.16	2635.00
793.35	2608.00
793.54	2555.00
793.72	2683.00
793.91	2626.00
794.10	2600.00
794.29	2636.00
794.48	2698.00
794.66	2702.00
794.85	2735.00
795.04	2702.00
795.23	2782.00
795.42	2723.00
795.60	2739.00
795.79	2807.00
795.98	2747.00
796.17	2657.00
796.35	2623.00
796.54	2747.00
796.73	2745.00
796.92	2668.00
797.11	2632.00
797.29	2639.00
797.48	2674.00
797.67	2703.00
797.86	2728.00
798.04	2698.00
798.23	2685.00
798.42	2627.00
798.61	2664.00
798.79	2730.00
798.98	2707.00
799.17	2716.00
799.36	2708.00
799.54	2780.00
799.73	2837.00
799.92	2751.00
800.11	2754.00
800.30	2794.00
800.48	2708.00
800.67	2672.00
800.86	2650.00
801.05	2699.00
801.23	2685.00
801.42	2720.00
801.61	2806.00
801.80	2713.00
801.98	2723.00
802.17	2728.00
802.36	2732.00
802.55	2811.00
802.73	2726.00
802.92	2661.00
803.11	2698.00
803.30	2704.00
803.48	2738.00
803.67	2815.00
803.86	2835.00
804.05	2857.00
804.23	2730.00
804.42	2755.00
804.61	2707.00
804.80	2734.00
804.98	2780.00
805.17	2691.00
805.36	2745.00
805.54	2766.00
805.73	2783.00
805.92	2788.00
806.11	2741.00
806.29	2806.00
806.48	2819.00
806.67	2722.00
806.86	2790.00
807.04	2803.00
807.23	2755.00
807.42	2798.00
807.61	2775.00
807.79	2831.00
807.98	2819.00
808.17	2855.00
808.35	2871.00
808.54	2810.00
808.73	2800.00
808.92	2836.00
809.10	2849.00
809.29	2794.00
809.48	2769.00
809.67	2690.00
809.85	2618.00
810.04	2693.00
810.23	2759.00
810.41	2715.00
810.60	2707.00
810.79	2709.00
810.98	2772.00
811.16	2782.00
811.35	2863.00
811.54	2752.00
811.72	2738.00
811.91	2794.00
812.10	2781.00
812.29	2738.00
812.47	2760.00
812.66	2775.00
812.85	2665.00
813.03	2731.00
813.22	2765.00
813.41	2730.00
813.60	2785.00
813.78	2749.00
813.97	2744.00
814.16	2734.00
814.34	2695.00
814.53	2723.00
814.72	2752.00
814.90	2680.00
815.09	2701.00
815.28	2723.00
815.47	2772.00
815.65	2740.00
815.84	2756.00
816.03	2723.00
816.21	2653.00
816.40	2780.00
816.59	2834.00
816.77	2808.00
816.96	2777.00
817.15	2787.00
817.33	2770.00
817.52	2723.00
817.71	2822.00
817.90	2860.00
818.08	2830.00
818.27	2749.00
818.46	2678.00
818.64	2759.00
818.83	2774.00
819.02	2765.00
819.20	2822.00
819.39	2817.00
819.58	2772.00
819.76	2767.00
819.95	2735.00
820.14	2677.00
820.32	2699.00
820.51	2808.00
820.70	2763.00
820.88	2803.00
821.07	2705.00
821.26	2719.00
821.44	2734.00
821.63	2696.00
821.82	2829.00
822.01	2842.00
822.19	2649.00
822.38	2711.00
822.57	2754.00
822.75	2825.00
822.94	2755.00
823.13	2771.00
823.31	2761.00
823.50	2723.00
823.69	2773.00
823.87	2713.00
824.06	2700.00
824.25	2669.00
824.43	2668.00
824.62	2683.00
824.80	2642.00
824.99	2648.00
825.18	2585.00
825.36	2678.00
825.55	2735.00
825.74	2755.00
825.92	2696.00
826.11	2644.00
826.30	2595.00
826.48	2628.00
826.67	2624.00
826.86	2712.00
827.04	2768.00
827.23	2753.00
827.42	2692.00
827.60	2650.00
827.79	2558.00
827.98	2530.00
828.16	2569.00
828.35	2612.00
828.54	2577.00
828.72	2517.00
828.91	2563.00
829.09	2504.00
829.28	2506.00
829.47	2556.00
829.65	2579.00
829.84	2644.00
830.03	2606.00
830.21	2529.00
830.40	2518.00
830.59	2552.00
830.77	2508.00
830.96	2547.00
831.14	2576.00
831.33	2585.00
831.52	2568.00
831.70	2586.00
831.89	2615.00
832.08	2562.00
832.26	2557.00
832.45	2566.00
832.64	2557.00
832.82	2510.00
833.01	2555.00
833.19	2617.00
833.38	2599.00
833.57	2513.00
833.75	2575.00
833.94	2590.00
834.13	2562.00
834.31	2552.00
834.50	2482.00
834.68	2622.00
834.87	2643.00
835.06	2543.00
835.24	2468.00
835.43	2459.00
835.61	2527.00
835.80	2542.00
835.99	2498.00
836.17	2506.00
836.36	2481.00
836.55	2437.00
836.73	2457.00
836.92	2537.00
837.10	2457.00
837.29	2342.00
837.48	2355.00
837.66	2372.00
837.85	2472.00
838.03	2479.00
838.22	2501.00
838.41	2437.00
838.59	2416.00
838.78	2476.00
838.96	2497.00
839.15	2465.00
839.34	2390.00
839.52	2450.00
839.71	2446.00
839.89	2422.00
840.08	2441.00
840.27	2383.00
840.45	2383.00
840.64	2403.00
840.82	2521.00
841.01	2472.00
841.20	2384.00
841.38	2373.00
841.57	2410.00
841.75	2403.00
841.94	2362.00
842.13	2336.00
842.31	2315.00
842.50	2367.00
842.68	2389.00
842.87	2327.00
843.05	2332.00
843.24	2251.00
843.43	2278.00
843.61	2281.00
843.80	2209.00
843.98	2276.00
844.17	2277.00
844.36	2283.00
844.54	2295.00
844.73	2272.00
844.91	2266.00
845.10	2203.00
845.28	2207.00
845.47	2224.00
845.66	2206.00
845.84	2187.00
846.03	2175.00
846.21	2178.00
846.40	2172.00
846.58	2205.00
846.77	2233.00
846.96	2196.00
847.14	2215.00
847.33	2248.00
847.51	2209.00
847.70	2217.00
847.88	2146.00
848.07	2066.00
848.25	2124.00
848.44	2182.00
848.63	2191.00
848.81	2207.00
849.00	2221.00
849.18	2162.00
849.37	2185.00
849.55	2190.00
849.74	2121.00
849.93	2118.00
850.11	2055.00
850.30	2032.00
850.48	2079.00
850.67	2138.00
850.85	1999.00
851.04	2076.00
851.22	2146.00
851.41	2107.00
851.59	2129.00
851.78	2106.00
851.97	2118.00
852.15	2119.00
852.34	2101.00
852.52	2168.00
852.71	2149.00
852.89	2075.00
853.08	2083.00
853.26	2019.00
853.45	2042.00
853.63	2079.00
853.82	2049.00
854.01	2085.00
854.19	2061.00
854.38	2061.00
854.56	2075.00
854.75	2049.00
854.93	2003.00
855.12	1983.00
855.30	2000.00
855.49	1982.00
855.67	1933.00
855.86	1960.00
856.04	2019.00
856.23	1954.00
856.41	1935.00
856.60	1946.00
856.79	2048.00
856.97	2020.00
857.16	1923.00
857.34	1864.00
857.53	1897.00
857.71	1904.00
857.90	1912.00
858.08	1967.00
858.27	1928.00
858.45	1954.00
858.64	1970.00
858.82	1904.00
859.01	1920.00
859.19	1930.00
859.38	1909.00
859.56	1931.00
859.75	1918.00
859.93	1928.00
860.12	1827.00
860.30	1779.00
860.49	1851.00
860.67	1907.00
860.86	1890.00
861.04	1829.00
861.23	1855.00
861.41	1916.00
861.60	1871.00
861.78	1811.00
861.97	1804.00
862.15	1832.00
862.34	1924.00
862.53	1882.00
862.71	1873.00
862.90	1828.00
863.08	1806.00
863.27	1812.00
863.45	1853.00
863.64	1837.00
863.82	1860.00
864.01	1757.00
864.19	1788.00
864.37	1817.00
864.56	1755.00
864.74	1688.00
864.93	1755.00
865.11	1788.00
865.30	1790.00
865.48	1758.00
865.67	1708.00
865.85	1718.00
866.04	1732.00
866.22	1741.00
866.41	1749.00
866.59	1770.00
866.78	1795.00
866.96	1664.00
867.15	1652.00
867.33	1675.00
867.52	1719.00
867.70	1739.00
867.89	1724.00
868.07	1748.00
868.26	1717.00
868.44	1659.00
868.63	1690.00
868.81	1732.00
869.00	1720.00
869.18	1717.00
869.37	1678.00
869.55	1683.00
869.74	1684.00
869.92	1676.00
870.10	1674.00
870.29	1687.00
870.47	1625.00
870.66	1614.00
870.84	1618.00
871.03	1585.00
871.21	1590.00
871.40	1584.00
871.58	1631.00
871.77	1595.00
871.95	1511.00
872.14	1551.00
872.32	1690.00
872.51	1631.00
872.69	1598.00
872.87	1525.00
873.06	1525.00
873.24	1639.00
873.43	1714.00
873.61	1697.00
873.80	1557.00
873.98	1518.00
874.17	1511.00
874.35	1579.00
874.54	1605.00
874.72	1624.00
874.90	1633.00
875.09	1578.00
875.27	1648.00
875.46	1626.00
875.64	1640.00
875.83	1557.00
876.01	1579.00
876.20	1656.00
876.38	1629.00
876.56	1558.00
876.75	1533.00
876.93	1479.00
877.12	1540.00
877.30	1585.00
877.49	1589.00
877.67	1606.00
877.86	1626.00
878.04	1548.00
878.22	1510.00
878.41	1508.00
878.59	1549.00
878.78	1605.00
878.96	1562.00
879.15	1545.00
879.33	1536.00
879.51	1599.00
879.70	1642.00
879.88	1589.00
880.07	1617.00
880.25	1576.00
880.44	1540.00
880.62	1547.00
880.80	1517.00
880.99	1494.00
881.17	1490.00
881.36	1488.00
881.54	1520.00
881.73	1482.00
881.91	1487.00
882.09	1497.00
882.28	1496.00
882.46	1502.00
882.65	1489.00
882.83	1495.00
883.02	1494.00
883.20	1464.00
883.38	1579.00
883.57	1601.00
883.75	1491.00
883.94	1447.00
884.12	1480.00
884.30	1418.00
884.49	1401.00
884.67	1452.00
884.86	1491.00
885.04	1414.00
885.22	1437.00
885.41	1429.00
885.59	1386.00
885.78	1472.00
885.96	1535.00
886.14	1495.00
886.33	1462.00
886.51	1483.00
886.70	1458.00
886.88	1501.00
887.06	1508.00
887.25	1457.00
887.43	1486.00
887.62	1461.00
887.80	1459.00
887.98	1462.00
888.17	1395.00
888.35	1431.00
888.54	1440.00
888.72	1388.00
888.90	1475.00
889.09	1471.00
889.27	1463.00
889.46	1440.00
889.64	1436.00
889.82	1441.00
890.01	1434.00
890.19	1387.00
890.38	1354.00
890.56	1414.00
890.74	1467.00
890.93	1405.00
891.11	1439.00
891.29	1437.00
891.48	1389.00
891.66	1437.00
891.85	1410.00
892.03	1432.00
892.21	1450.00
892.40	1442.00
892.58	1386.00
892.76	1439.00
892.95	1452.00
893.13	1409.00
893.32	1435.00
893.50	1385.00
893.68	1445.00
893.87	1488.00
894.05	1510.00
894.23	1413.00
894.42	1489.00
894.60	1560.00
894.79	1568.00
894.97	1501.00
895.15	1499.00
895.34	1478.00
895.52	1424.00
895.70	1444.00
895.89	1431.00
896.07	1361.00
896.25	1423.00
896.44	1496.00
896.62	1474.00
896.81	1457.00
896.99	1522.00
897.17	1499.00
897.36	1488.00
897.54	1433.00
897.72	1488.00
897.91	1577.00
898.09	1485.00
898.27	1438.00
898.46	1487.00
898.64	1578.00
898.82	1541.00
899.01	1558.00
899.19	1581.00
899.37	1514.00
899.56	1497.00
899.74	1453.00
899.92	1477.00
900.11	1457.00
900.29	1533.00
900.47	1501.00
900.66	1511.00
900.84	1466.00
901.03	1470.00
901.21	1489.00
901.39	1545.00
901.58	1529.00
901.76	1531.00
901.94	1537.00
902.13	1530.00
902.31	1618.00
902.49	1618.00
902.68	1559.00
902.86	1649.00
903.04	1671.00
903.23	1603.00
903.41	1527.00
903.59	1561.00
903.78	1548.00
903.96	1567.00
904.14	1610.00
904.32	1608.00
904.51	1586.00
904.69	1614.00
904.87	1583.00
905.06	1607.00
905.24	1590.00
905.42	1539.00
905.61	1567.00
905.79	1670.00
905.97	1682.00
906.16	1601.00
906.34	1611.00
906.52	1611.00
906.71	1615.00
906.89	1657.00
907.07	1661.00
907.26	1558.00
907.44	1592.00
907.62	1594.00
907.81	1591.00
907.99	1674.00
908.17	1585.00
908.35	1600.00
908.54	1667.00
908.72	1632.00
908.90	1583.00
909.09	1575.00
909.27	1544.00
909.45	1558.00
909.64	1598.00
909.82	1572.00
910.00	1611.00
910.18	1588.00
910.37	1609.00
910.55	1667.00
910.73	1582.00
910.92	1566.00
911.10	1636.00
911.28	1687.00
911.47	1567.00
911.65	1559.00
911.83	1619.00
912.01	1674.00
912.20	1563.00
912.38	1583.00
912.56	1635.00
912.75	1651.00
912.93	1643.00
913.11	1594.00
913.29	1612.00
913.48	1579.00
913.66	1559.00
913.84	1560.00
914.03	1559.00
914.21	1514.00
914.39	1501.00
914.57	1534.00
914.76	1582.00
914.94	1571.00
915.12	1597.00
915.31	1585.00
915.49	1533.00
915.67	1609.00
915.85	1596.00
916.04	1521.00
916.22	1526.00
916.40	1526.00
916.58	1545.00
916.77	1542.00
916.95	1488.00
917.13	1547.00
917.32	1553.00
917.50	1542.00
917.68	1467.00
917.86	1444.00
918.05	1512.00
918.23	1489.00
918.41	1453.00
918.59	1495.00
918.78	1504.00
918.96	1510.00
919.14	1493.00
919.32	1497.00
919.51	1504.00
919.69	1468.00
919.87	1501.00
920.05	1524.00
920.24	1421.00
920.42	1454.00
920.60	1476.00
920.78	1452.00
920.97	1442.00
921.15	1404.00
921.33	1413.00
921.52	1446.00
921.70	1458.00
921.88	1463.00
922.06	1454.00
922.24	1508.00
922.43	1531.00
922.61	1467.00
922.79	1483.00
922.97	1491.00
923.16	1420.00
923.34	1435.00
923.52	1494.00
923.70	1449.00
923.89	1414.00
924.07	1436.00
924.25	1397.00
924.43	1349.00
924.62	1400.00
924.80	1413.00
924.98	1456.00
925.16	1440.00
925.35	1341.00
925.53	1328.00
925.71	1458.00
925.89	1418.00
926.08	1428.00
926.26	1434.00
926.44	1448.00
926.62	1415.00
926.80	1385.00
926.99	1394.00
927.17	1373.00
927.35	1432.00
927.53	1451.00
927.72	1319.00
927.90	1275.00
928.08	1290.00
928.26	1324.00
928.44	1361.00
928.63	1340.00
928.81	1384.00
928.99	1349.00
929.17	1352.00
929.36	1372.00
929.54	1336.00
929.72	1334.00
929.90	1379.00
930.08	1320.00
930.27	1276.00
930.45	1306.00
930.63	1295.00
930.81	1259.00
930.99	1242.00
931.18	1250.00
931.36	1257.00
931.54	1267.00
931.72	1272.00
931.90	1291.00
932.09	1229.00
932.27	1267.00
932.45	1244.00
932.63	1210.00
932.81	1204.00
933.00	1214.00
933.18	1216.00
933.36	1148.00
933.54	1137.00
933.72	1122.00
933.91	1087.00
934.09	1116.00
934.27	1166.00
934.45	1165.00
934.63	1059.00
934.82	1087.00
935.00	1152.00
935.18	1205.00
935.36	1222.00
935.54	1079.00
935.73	1086.00
935.91	1102.00
936.09	1068.00
936.27	1069.00
936.45	993.00
936.64	1001.00
936.82	955.00
937.00	938.00
937.18	950.00
937.36	948.00
937.54	893.00
937.73	878.00
937.91	871.00
938.09	885.00
938.27	892.00
938.45	822.00
938.63	871.00
938.82	919.00
939.00	887.00
939.18	838.00
939.36	773.00
939.54	773.00
939.73	813.00
939.91	792.00
940.09	789.00
940.27	873.00
940.45	783.00
940.63	659.00
940.82	656.00
941.00	679.00
941.18	685.00
941.36	739.00
941.54	699.00
941.72	700.00
941.91	631.00
942.09	642.00
942.27	690.00
942.45	689.00
942.63	640.00
942.81	649.00
942.99	769.00
943.18	685.00
943.36	604.00
943.54	570.00
943.72	655.00
943.90	689.00
944.08	660.00
944.27	652.00
944.45	603.00
944.63	560.00
944.81	615.00
944.99	620.00
945.17	654.00
945.35	681.00
945.54	664.00
945.72	663.00
945.90	658.00
946.08	719.00
946.26	718.00
946.44	702.00
946.62	642.00
946.81	621.00
946.99	582.00
947.17	603.00
947.35	603.00
947.53	575.00
947.71	620.00
947.89	679.00
948.07	674.00
948.26	655.00
948.44	664.00
948.62	680.00
948.80	619.00
948.98	615.00
949.16	658.00
949.34	570.00
949.53	652.00
949.71	677.00
949.89	653.00
950.07	639.00
950.25	657.00
950.43	620.00
950.61	625.00
950.79	679.00
950.98	664.00
951.16	641.00
951.34	650.00
951.52	699.00
951.70	665.00
951.88	656.00
952.06	637.00
952.24	633.00
952.42	685.00
952.61	642.00
952.79	594.00
952.97	577.00
953.15	582.00
953.33	581.00
953.51	619.00
953.69	553.00
953.87	671.00
954.05	591.00
954.24	624.00
954.42	635.00
954.60	630.00
954.78	560.00
954.96	540.00
955.14	560.00
955.32	605.00
955.50	649.00
955.68	622.00
955.86	558.00
956.05	644.00
956.23	628.00
956.41	589.00
956.59	629.00
956.77	617.00
956.95	604.00
957.13	652.00
957.31	617.00
957.49	644.00
957.67	615.00
957.86	632.00
958.04	658.00
958.22	657.00
958.40	574.00
958.58	585.00
958.76	628.00
958.94	615.00
959.12	554.00
959.30	619.00
959.48	617.00
959.66	594.00
959.84	595.00
960.03	591.00
960.21	614.00
960.39	575.00
960.57	583.00
960.75	589.00
960.93	593.00
961.11	587.00
961.29	532.00
961.47	564.00
961.65	605.00
961.83	539.00
962.01	498.00
962.19	498.00
962.37	570.00
962.56	573.00
962.74	511.00
962.92	547.00
963.10	583.00
963.28	573.00
963.46	588.00
963.64	612.00
963.82	586.00
964.00	532.00
964.18	564.00
964.36	610.00
964.54	614.00
964.72	605.00
964.90	566.00
965.08	612.00
965.27	601.00
965.45	559.00
965.63	594.00
965.81	583.00
965.99	586.00
966.17	547.00
966.35	605.00
966.53	575.00
966.71	565.00
966.89	553.00
967.07	488.00
967.25	536.00
967.43	585.00
967.61	561.00
967.79	489.00
967.97	504.00
968.15	512.00
968.33	536.00
968.51	554.00
968.69	609.00
968.87	596.00
969.06	518.00
969.24	510.00
969.42	529.00
969.60	530.00
969.78	564.00
969.96	551.00
970.14	557.00
970.32	554.00
970.50	531.00
970.68	530.00
970.86	558.00
971.04	521.00
971.22	567.00
971.40	534.00
971.58	507.00
971.76	507.00
971.94	509.00
972.12	531.00
972.30	549.00
972.48	466.00
972.66	455.00
972.84	508.00
973.02	528.00
973.20	473.00
973.38	487.00
973.56	520.00
973.74	506.00
973.92	480.00
974.10	511.00
974.28	498.00
974.46	544.00
974.64	535.00
974.82	480.00
975.00	498.00
975.18	501.00
975.36	408.00
975.54	454.00
975.72	536.00
975.90	497.00
976.08	508.00
976.26	524.00
976.44	479.00
976.62	436.00
976.80	439.00
976.98	502.00
977.16	510.00
977.34	517.00
977.52	432.00
977.70	431.00
977.88	493.00
978.06	473.00
978.24	440.00
978.42	500.00
978.60	476.00
978.78	478.00
978.96	494.00
979.14	408.00
979.32	440.00
979.50	444.00
979.68	433.00
979.86	457.00
980.04	426.00
980.22	412.00
980.40	424.00
980.58	460.00
980.76	457.00
980.94	455.00
981.12	442.00
981.30	502.00
981.48	410.00
981.66	393.00
981.84	396.00
982.02	401.00
982.20	413.00
982.38	463.00
982.56	425.00
982.74	418.00
982.92	374.00
983.10	372.00
983.28	402.00
983.46	418.00
983.64	375.00
983.82	371.00
984.00	422.00
984.18	431.00
984.36	367.00
984.54	350.00
984.72	415.00
984.90	453.00
985.08	474.00
985.26	415.00
985.44	391.00
985.62	363.00
985.80	334.00
985.98	361.00
986.16	338.00
986.34	411.00
986.51	464.00
986.69	425.00
986.87	463.00
987.05	467.00
987.23	440.00
987.41	388.00
987.59	353.00
987.77	407.00
987.95	408.00
988.13	356.00
988.31	400.00
988.49	468.00
988.67	394.00
988.85	362.00
989.03	420.00
989.21	370.00
989.39	346.00
989.57	409.00
989.75	409.00
989.93	420.00
990.11	395.00
990.28	401.00
990.46	385.00
990.64	325.00
990.82	334.00
991.00	315.00
991.18	285.00
991.36	345.00
991.54	396.00
991.72	355.00
991.90	380.00
992.08	357.00
992.26	327.00
992.44	308.00
992.62	422.00
992.80	382.00
992.98	396.00
993.15	424.00
993.33	380.00
993.51	337.00
993.69	325.00
993.87	350.00
994.05	328.00
994.23	456.00
994.41	359.00
994.59	278.00
994.77	285.00
994.95	354.00
995.13	410.00
995.31	377.00
995.48	385.00
995.66	322.00
995.84	327.00
996.02	315.00
996.20	260.00
996.38	292.00
996.56	313.00
996.74	293.00
996.92	328.00
997.10	370.00
997.28	346.00
997.46	297.00
997.63	309.00
997.81	342.00
997.99	211.00
998.17	269.00
998.35	303.00
998.53	270.00
998.71	225.00
998.89	241.00
999.07	336.00
999.25	368.00
999.43	279.00
999.60	304.00
999.78	330.00
999.96	344.00
1000.14	358.00
1000.32	393.00
1000.50	350.00
1000.68	305.00
1000.86	308.00
1001.04	321.00
1001.21	303.00
1001.39	321.00
1001.57	353.00
1001.75	284.00
1001.93	256.00
1002.11	236.00
1002.29	307.00
1002.47	315.00
1002.65	300.00
1002.82	288.00
1003.00	302.00
1003.18	233.00
1003.36	266.00
1003.54	328.00
1003.72	326.00
1003.90	353.00
1004.08	318.00
1004.26	327.00
1004.43	294.00
1004.61	303.00
1004.79	279.00
1004.97	287.00
1005.15	262.00
1005.33	311.00
1005.51	334.00
1005.69	265.00
1005.86	231.00
1006.04	285.00
1006.22	257.00
1006.40	229.00
1006.58	292.00
1006.76	297.00
1006.94	241.00
1007.12	249.00
1007.29	246.00
1007.47	266.00
1007.65	267.00
1007.83	267.00
1008.01	274.00
1008.19	249.00
1008.37	225.00
1008.54	203.00
1008.72	266.00
1008.90	295.00
1009.08	261.00
1009.26	228.00
1009.44	287.00
1009.62	267.00
1009.79	248.00
1009.97	229.00
1010.15	194.00
1010.33	210.00
1010.51	253.00
1010.69	280.00
1010.87	258.00
1011.04	245.00
1011.22	257.00
1011.40	283.00
1011.58	226.00
1011.76	211.00
1011.94	248.00
1012.11	288.00
1012.29	288.00
1012.47	303.00
1012.65	309.00
1012.83	296.00
1013.01	252.00
1013.18	218.00
1013.36	272.00
1013.54	288.00
1013.72	252.00
1013.90	228.00
1014.08	283.00
1014.25	182.00
1014.43	222.00
1014.61	226.00
1014.79	204.00
1014.97	190.00
1015.15	249.00
1015.32	251.00
1015.50	235.00
1015.68	250.00
1015.86	273.00
1016.04	274.00
1016.22	213.00
1016.39	205.00
1016.57	231.00
1016.75	276.00
1016.93	193.00
1017.11	201.00
1017.29	268.00
1017.46	256.00
1017.64	242.00
1017.82	200.00
1018.00	205.00
1018.18	186.00
1018.35	182.00
1018.53	215.00
1018.71	246.00
1018.89	244.00
1019.07	269.00
1019.24	321.00
1019.42	283.00
1019.60	167.00
1019.78	154.00
1019.96	235.00
1020.14	251.00
1020.31	248.00
1020.49	175.00
1020.67	177.00
1020.85	148.00
1021.03	182.00
1021.20	180.00
1021.38	237.00
1021.56	209.00
1021.74	196.00
1021.92	229.00
1022.09	148.00
1022.27	142.00
1022.45	222.00
1022.63	260.00
1022.81	242.00
1022.98	212.00
1023.16	205.00
1023.34	199.00
1023.52	204.00
1023.69	231.00
1023.87	248.00
1024.05	210.00
1024.23	134.00
1024.41	190.00
1024.58	178.00
1024.76	204.00
1024.94	185.00
1025.12	191.00
1025.30	237.00
1025.47	211.00
1025.65	204.00
1025.83	204.00
1026.01	235.00
1026.18	190.00
1026.36	223.00
1026.54	232.00
1026.72	172.00
1026.90	186.00
1027.07	207.00
1027.25	185.00
1027.43	192.00
1027.61	160.00
1027.78	219.00
1027.96	202.00
1028.14	177.00
1028.32	190.00
1028.49	120.00
1028.67	142.00
1028.85	197.00
1029.03	217.00
1029.21	165.00
1029.38	194.00
1029.56	189.00
1029.74	193.00
1029.92	174.00
1030.09	178.00
1030.27	211.00
1030.45	219.00
1030.63	154.00
1030.80	103.00
1030.98	155.00
1031.16	167.00
1031.34	126.00
1031.51	149.00
1031.69	166.00
1031.87	186.00
1032.05	151.00
1032.22	195.00
1032.40	234.00
1032.58	219.00
1032.76	201.00
1032.93	151.00
1033.11	163.00
1033.29	191.00
1033.47	178.00
1033.64	172.00
1033.82	160.00
1034.00	179.00
1034.18	174.00
1034.35	167.00
1034.53	132.00
1034.71	190.00
1034.89	228.00
1035.06	205.00
1035.24	151.00
1035.42	136.00
1035.59	157.00
1035.77	176.00
1035.95	94.00
1036.13	145.00
1036.30	252.00
1036.48	210.00
1036.66	190.00
1036.84	215.00
1037.01	190.00
1037.19	204.00
1037.37	175.00
1037.54	187.00
1037.72	145.00
1037.90	211.00
1038.08	226.00
1038.25	225.00
1038.43	115.00
1038.61	144.00
1038.79	215.00
1038.96	177.00
1039.14	123.00
1039.32	152.00
1039.49	196.00
1039.67	209.00
1039.85	226.00
1040.03	152.00
1040.20	164.00
1040.38	192.00
1040.56	171.00
1040.73	129.00
1040.91	176.00
1041.09	138.00
1041.27	168.00
1041.44	147.00
1041.62	171.00
1041.80	196.00
1041.97	125.00
1042.15	118.00
1042.33	214.00
1042.50	158.00
1042.68	124.00
1042.86	160.00
1043.04	117.00
1043.21	129.00
1043.39	185.00
1043.57	174.00
1043.74	170.00
1043.92	128.00
1044.10	125.00
1044.27	110.00
1044.45	139.00
1044.63	165.00
1044.80	184.00
1044.98	215.00
1045.16	205.00
1045.34	115.00
1045.51	163.00
1045.69	172.00
1045.87	184.00
1046.04	171.00
1046.22	182.00
1046.40	189.00
1046.57	122.00
1046.75	86.00
1046.93	177.00
1047.10	215.00
1047.28	107.00
1047.46	119.00
1047.63	171.00
1047.81	133.00
1047.99	127.00
1048.16	152.00
1048.34	147.00
1048.52	160.00
1048.69	110.00
1048.87	58.00
1049.05	116.00
1049.22	161.00
1049.40	154.00
1049.58	185.00
1049.75	125.00
1049.93	60.00
1050.11	134.00
1050.28	91.00
1050.46	93.00
1050.64	120.00
1050.81	136.00
1050.99	121.00
1051.17	81.00
1051.34	44.00
1051.52	110.00
1051.70	104.00
1051.87	114.00
1052.05	147.00
1052.23	118.00
1052.40	131.00
1052.58	166.00
1052.76	171.00
1052.93	124.00
1053.11	173.00
1053.29	168.00
1053.46	133.00
1053.64	112.00
1053.82	30.00
1053.99	49.00
1054.17	138.00
1054.35	137.00
1054.52	150.00
1054.70	175.00
1054.87	120.00
1055.05	67.00
1055.23	144.00
1055.40	101.00
1055.58	175.00
1055.76	174.00
1055.93	195.00
1056.11	162.00
1056.29	95.00
1056.46	-13.00
1056.64	-11.00
1056.81	131.00
1056.99	133.00
1057.17	99.00
1057.34	105.00
1057.52	121.00
1057.70	82.00
1057.87	110.00
1058.05	118.00
1058.22	89.00
1058.40	83.00
1058.58	125.00
1058.75	105.00
1058.93	53.00
1059.11	65.00
1059.28	109.00
1059.46	120.00
1059.63	150.00
1059.81	120.00
1059.99	95.00
1060.16	149.00
1060.34	124.00
1060.52	157.00
1060.69	130.00
1060.87	70.00
1061.04	110.00
1061.22	146.00
