367.62	3.00
367.82	-4.00
368.02	65.00
368.23	63.00
368.43	38.00
368.63	8.00
368.83	76.00
369.04	9.00
369.24	43.00
369.44	33.00
369.65	30.00
369.85	40.00
370.05	-33.00
370.25	-17.00
370.46	-25.00
370.66	-11.00
370.86	12.00
371.07	68.00
371.27	32.00
371.47	73.00
371.67	47.00
371.88	32.00
372.08	-46.00
372.28	-38.00
372.49	-18.00
372.69	-10.00
372.89	-6.00
373.09	-45.00
373.30	13.00
373.50	37.00
373.70	13.00
373.91	-53.00
374.11	-1.00
374.31	27.00
374.51	42.00
374.72	65.00
374.92	-25.00
375.12	-18.00
375.33	17.00
375.53	63.00
375.73	17.00
375.93	-25.00
376.14	-9.00
376.34	-4.00
376.54	19.00
376.74	-39.00
376.95	-34.00
377.15	0.00
377.35	4.00
377.55	-3.00
377.76	-51.00
377.96	-45.00
378.16	-16.00
378.37	-20.00
378.57	4.00
378.77	48.00
378.97	21.00
379.18	6.00
379.38	0.00
379.58	-20.00
379.78	-14.00
379.99	-28.00
380.19	75.00
380.39	64.00
380.59	30.00
380.80	-55.00
381.00	42.00
381.20	6.00
381.40	-38.00
381.61	-35.00
381.81	17.00
382.01	39.00
382.21	59.00
382.42	27.00
382.62	-25.00
382.82	7.00
383.02	33.00
383.23	56.00
383.43	23.00
383.63	34.00
383.83	40.00
384.04	37.00
384.24	-8.00
384.44	-40.00
384.64	-9.00
384.85	46.00
385.05	2.00
385.25	6.00
385.45	-6.00
385.66	36.00
385.86	59.00
386.06	33.00
386.26	7.00
386.47	-3.00
386.67	-38.00
386.87	-80.00
387.07	-6.00
387.27	-44.00
387.48	-20.00
387.68	23.00
387.88	-52.00
388.08	41.00
388.29	4.00
388.49	12.00
388.69	2.00
388.89	4.00
389.10	8.00
389.30	46.00
389.50	30.00
389.70	45.00
389.90	64.00
390.11	-26.00
390.31	-51.00
390.51	-65.00
390.71	-19.00
390.92	84.00
391.12	11.00
391.32	9.00
391.52	41.00
391.72	6.00
391.93	36.00
392.13	31.00
392.33	-16.00
392.53	39.00
392.74	61.00
392.94	20.00
393.14	-5.00
393.34	-52.00
393.54	-64.00
393.75	8.00
393.95	54.00
394.15	71.00
394.35	30.00
394.56	12.00
394.76	52.00
394.96	15.00
395.16	35.00
395.36	55.00
395.57	76.00
395.77	32.00
395.97	-5.00
396.17	-51.00
396.37	21.00
396.58	64.00
396.78	94.00
396.98	-33.00
397.18	10.00
397.38	88.00
397.59	54.00
397.79	61.00
397.99	60.00
398.19	93.00
398.39	34.00
398.60	27.00
398.80	62.00
399.00	50.00
399.20	35.00
399.40	103.00
399.61	73.00
399.81	39.00
400.01	83.00
400.21	7.00
400.41	-44.00
400.62	-15.00
400.82	41.00
401.02	-7.00
401.22	51.00
401.42	100.00
401.63	74.00
401.83	46.00
402.03	15.00
402.23	-1.00
402.43	56.00
402.64	45.00
402.84	23.00
403.04	45.00
403.24	39.00
403.44	28.00
403.64	56.00
403.85	37.00
404.05	-63.00
404.25	-12.00
404.45	54.00
404.65	48.00
404.86	15.00
405.06	6.00
405.26	6.00
405.46	57.00
405.66	46.00
405.86	39.00
406.07	49.00
406.27	47.00
406.47	53.00
406.67	39.00
406.87	-2.00
407.07	70.00
407.28	68.00
407.48	41.00
407.68	68.00
407.88	33.00
408.08	41.00
408.28	50.00
408.49	51.00
408.69	20.00
408.89	33.00
409.09	79.00
409.29	43.00
409.49	68.00
409.70	70.00
409.90	28.00
410.10	52.00
410.30	21.00
410.50	-2.00
410.70	53.00
410.91	82.00
411.11	40.00
411.31	35.00
411.51	103.00
411.71	115.00
411.91	37.00
412.12	38.00
412.32	41.00
412.52	64.00
412.72	54.00
412.92	118.00
413.12	89.00
413.32	79.00
413.53	4.00
413.73	63.00
413.93	43.00
414.13	-5.00
414.33	77.00
414.53	72.00
414.74	5.00
414.94	34.00
415.14	41.00
415.34	63.00
415.54	18.00
415.74	4.00
415.94	109.00
416.15	61.00
416.35	46.00
416.55	63.00
416.75	22.00
416.95	17.00
417.15	28.00
417.35	7.00
417.56	49.00
417.76	15.00
417.96	66.00
418.16	96.00
418.36	6.00
418.56	83.00
418.76	64.00
418.97	69.00
419.17	82.00
419.37	135.00
419.57	99.00
419.77	36.00
419.97	-12.00
420.17	43.00
420.37	86.00
420.58	59.00
420.78	110.00
420.98	124.00
421.18	83.00
421.38	91.00
421.58	35.00
421.78	73.00
421.98	38.00
422.19	95.00
422.39	85.00
422.59	135.00
422.79	47.00
422.99	5.00
423.19	56.00
423.39	73.00
423.59	169.00
423.80	165.00
424.00	90.00
424.20	74.00
424.40	135.00
424.60	144.00
424.80	150.00
425.00	111.00
425.20	115.00
425.40	130.00
425.61	136.00
425.81	83.00
426.01	133.00
426.21	96.00
426.41	127.00
426.61	138.00
426.81	156.00
427.01	123.00
427.21	106.00
427.42	106.00
427.62	171.00
427.82	80.00
428.02	76.00
428.22	177.00
428.42	135.00
428.62	209.00
428.82	212.00
429.02	194.00
429.23	140.00
429.43	134.00
429.63	151.00
429.83	152.00
430.03	119.00
430.23	196.00
430.43	177.00
430.63	160.00
430.83	136.00
431.03	153.00
431.24	76.00
431.44	88.00
431.64	188.00
431.84	158.00
432.04	74.00
432.24	134.00
432.44	246.00
432.64	254.00
432.84	185.00
433.04	117.00
433.24	75.00
433.45	69.00
433.65	149.00
433.85	210.00
434.05	221.00
434.25	232.00
434.45	279.00
434.65	311.00
434.85	229.00
435.05	229.00
435.25	252.00
435.45	204.00
435.65	168.00
435.86	276.00
436.06	305.00
436.26	198.00
436.46	186.00
436.66	186.00
436.86	128.00
437.06	140.00
437.26	103.00
437.46	113.00
437.66	125.00
437.86	126.00
438.06	144.00
438.26	169.00
438.47	152.00
438.67	169.00
438.87	201.00
439.07	170.00
439.27	181.00
439.47	94.00
439.67	175.00
439.87	217.00
440.07	157.00
440.27	128.00
440.47	177.00
440.67	162.00
440.87	158.00
441.07	163.00
441.27	90.00
441.48	114.00
441.68	149.00
441.88	161.00
442.08	187.00
442.28	143.00
442.48	133.00
442.68	216.00
442.88	170.00
443.08	157.00
443.28	260.00
443.48	222.00
443.68	198.00
443.88	203.00
444.08	113.00
444.28	120.00
444.48	203.00
444.68	159.00
444.88	136.00
445.09	171.00
445.29	114.00
445.49	106.00
445.69	184.00
445.89	180.00
446.09	154.00
446.29	171.00
446.49	165.00
446.69	132.00
446.89	120.00
447.09	231.00
447.29	211.00
447.49	142.00
447.69	184.00
447.89	272.00
448.09	257.00
448.29	163.00
448.49	183.00
448.69	146.00
448.89	156.00
449.09	170.00
449.29	172.00
449.49	120.00
449.70	191.00
449.90	222.00
450.10	199.00
450.30	234.00
450.50	236.00
450.70	211.00
450.90	191.00
451.10	198.00
451.30	231.00
451.50	258.00
451.70	133.00
451.90	218.00
452.10	167.00
452.30	197.00
452.50	257.00
452.70	227.00
452.90	241.00
453.10	249.00
453.30	211.00
453.50	201.00
453.70	210.00
453.90	256.00
454.10	233.00
454.30	250.00
454.50	243.00
454.70	209.00
454.90	226.00
455.10	206.00
455.30	193.00
455.50	214.00
455.70	280.00
455.90	325.00
456.10	281.00
456.30	291.00
456.50	269.00
456.70	220.00
456.90	281.00
457.10	258.00
457.30	286.00
457.50	260.00
457.70	308.00
457.90	294.00
458.10	297.00
458.30	295.00
458.50	286.00
458.70	248.00
458.90	239.00
459.10	300.00
459.30	276.00
459.50	255.00
459.70	246.00
459.90	352.00
460.10	278.00
460.30	324.00
460.50	325.00
460.70	303.00
460.90	270.00
461.10	317.00
461.30	304.00
461.50	273.00
461.70	326.00
461.90	289.00
462.10	286.00
462.30	312.00
462.50	265.00
462.70	243.00
462.90	280.00
463.10	303.00
463.30	356.00
463.50	298.00
463.70	276.00
463.90	346.00
464.10	314.00
464.30	260.00
464.50	359.00
464.70	354.00
464.90	283.00
465.10	303.00
465.30	286.00
465.50	290.00
465.70	249.00
465.90	257.00
466.10	317.00
466.30	307.00
466.50	221.00
466.70	258.00
466.90	304.00
467.10	307.00
467.30	276.00
467.50	280.00
467.70	279.00
467.90	290.00
468.10	293.00
468.30	318.00
468.50	316.00
468.70	292.00
468.90	279.00
469.10	240.00
469.30	277.00
469.50	342.00
469.70	340.00
469.90	299.00
470.10	294.00
470.30	285.00
470.50	297.00
470.70	232.00
470.90	260.00
471.10	221.00
471.29	279.00
471.49	302.00
471.69	262.00
471.89	252.00
472.09	290.00
472.29	346.00
472.49	291.00
472.69	339.00
472.89	370.00
473.09	265.00
473.29	263.00
473.49	332.00
473.69	293.00
473.89	299.00
474.09	352.00
474.29	298.00
474.49	228.00
474.69	197.00
474.89	204.00
475.09	214.00
475.29	297.00
475.49	264.00
475.69	265.00
475.88	274.00
476.08	249.00
476.28	241.00
476.48	244.00
476.68	296.00
476.88	309.00
477.08	303.00
477.28	264.00
477.48	260.00
477.68	310.00
477.88	282.00
478.08	282.00
478.28	316.00
478.48	292.00
478.68	311.00
478.88	317.00
479.08	261.00
479.28	298.00
479.47	342.00
479.67	320.00
479.87	312.00
480.07	285.00
480.27	299.00
480.47	345.00
480.67	328.00
480.87	338.00
481.07	389.00
481.27	328.00
481.47	337.00
481.67	324.00
481.87	331.00
482.07	387.00
482.27	350.00
482.46	322.00
482.66	322.00
482.86	314.00
483.06	315.00
483.26	325.00
483.46	353.00
483.66	343.00
483.86	331.00
484.06	377.00
484.26	490.00
484.46	375.00
484.66	387.00
484.86	355.00
485.05	369.00
485.25	403.00
485.45	340.00
485.65	368.00
485.85	361.00
486.05	413.00
486.25	463.00
486.45	482.00
486.65	446.00
486.85	377.00
487.05	363.00
487.25	376.00
487.44	453.00
487.64	429.00
487.84	413.00
488.04	388.00
488.24	378.00
488.44	420.00
488.64	413.00
488.84	438.00
489.04	458.00
489.24	437.00
489.43	502.00
489.63	494.00
489.83	487.00
490.03	457.00
490.23	460.00
490.43	493.00
490.63	447.00
490.83	435.00
491.03	465.00
491.23	474.00
491.42	493.00
491.62	498.00
491.82	410.00
492.02	458.00
492.22	433.00
492.42	505.00
492.62	511.00
492.82	469.00
493.02	541.00
493.22	592.00
493.41	498.00
493.61	516.00
493.81	440.00
494.01	524.00
494.21	538.00
494.41	527.00
494.61	482.00
494.81	512.00
495.01	530.00
495.20	581.00
495.40	518.00
495.60	481.00
495.80	582.00
496.00	593.00
496.20	532.00
496.40	519.00
496.60	553.00
496.79	585.00
496.99	553.00
497.19	548.00
497.39	532.00
497.59	557.00
497.79	603.00
497.99	617.00
498.19	548.00
498.38	518.00
498.58	486.00
498.78	585.00
498.98	582.00
499.18	574.00
499.38	581.00
499.58	535.00
499.78	550.00
499.97	519.00
500.17	471.00
500.37	521.00
500.57	523.00
500.77	585.00
500.97	548.00
501.17	635.00
501.37	586.00
501.56	557.00
501.76	553.00
501.96	490.00
502.16	555.00
502.36	541.00
502.56	529.00
502.76	567.00
502.95	559.00
503.15	605.00
503.35	588.00
503.55	560.00
503.75	542.00
503.95	547.00
504.15	480.00
504.34	538.00
504.54	568.00
504.74	563.00
504.94	514.00
505.14	464.00
505.34	501.00
505.54	524.00
505.73	539.00
505.93	497.00
506.13	532.00
506.33	520.00
506.53	568.00
506.73	554.00
506.92	545.00
507.12	562.00
507.32	610.00
507.52	612.00
507.72	523.00
507.92	485.00
508.12	517.00
508.31	523.00
508.51	484.00
508.71	512.00
508.91	555.00
509.11	509.00
509.31	528.00
509.50	508.00
509.70	502.00
509.90	518.00
510.10	501.00
510.30	526.00
510.50	540.00
510.69	541.00
510.89	587.00
511.09	570.00
511.29	491.00
511.49	490.00
511.69	464.00
511.88	417.00
512.08	431.00
512.28	527.00
512.48	541.00
512.68	536.00
512.88	501.00
513.07	475.00
513.27	560.00
513.47	597.00
513.67	572.00
513.87	561.00
514.06	555.00
514.26	578.00
514.46	583.00
514.66	636.00
514.86	658.00
515.06	652.00
515.25	603.00
515.45	598.00
515.65	618.00
515.85	641.00
516.05	562.00
516.24	592.00
516.44	589.00
516.64	533.00
516.84	500.00
517.04	567.00
517.23	570.00
517.43	484.00
517.63	572.00
517.83	616.00
518.03	555.00
518.23	485.00
518.42	510.00
518.62	482.00
518.82	520.00
519.02	469.00
519.22	440.00
519.41	467.00
519.61	569.00
519.81	576.00
520.01	562.00
520.21	512.00
520.40	588.00
520.60	658.00
520.80	592.00
521.00	645.00
521.20	596.00
521.39	590.00
521.59	627.00
521.79	632.00
521.99	579.00
522.19	666.00
522.38	609.00
522.58	561.00
522.78	610.00
522.98	609.00
523.17	555.00
523.37	503.00
523.57	618.00
523.77	653.00
523.97	588.00
524.16	608.00
524.36	637.00
524.56	675.00
524.76	640.00
524.96	692.00
525.15	700.00
525.35	673.00
525.55	702.00
525.75	626.00
525.94	620.00
526.14	620.00
526.34	605.00
526.54	625.00
526.74	615.00
526.93	618.00
527.13	628.00
527.33	758.00
527.53	756.00
527.72	657.00
527.92	727.00
528.12	724.00
528.32	715.00
528.52	754.00
528.71	730.00
528.91	719.00
529.11	780.00
529.31	699.00
529.50	745.00
529.70	747.00
529.90	762.00
530.10	802.00
530.29	783.00
530.49	802.00
530.69	767.00
530.89	843.00
531.09	811.00
531.28	799.00
531.48	841.00
531.68	855.00
531.88	818.00
532.07	861.00
532.27	843.00
532.47	820.00
532.67	782.00
532.86	771.00
533.06	878.00
533.26	910.00
533.46	810.00
533.65	815.00
533.85	944.00
534.05	899.00
534.25	907.00
534.44	881.00
534.64	924.00
534.84	952.00
535.04	907.00
535.23	858.00
535.43	881.00
535.63	944.00
535.83	1000.00
536.02	962.00
536.22	1003.00
536.42	1000.00
536.62	980.00
536.81	966.00
537.01	975.00
537.21	988.00
537.41	1066.00
537.60	1044.00
537.80	1035.00
538.00	1053.00
538.20	1082.00
538.39	1091.00
538.59	1084.00
538.79	1131.00
538.99	1051.00
539.18	1189.00
539.38	1158.00
539.58	1142.00
539.77	1267.00
539.97	1291.00
540.17	1378.00
540.37	1369.00
540.56	1451.00
540.76	1560.00
540.96	1518.00
541.16	1631.00
541.35	1659.00
541.55	1624.00
541.75	1680.00
541.94	1673.00
542.14	1535.00
542.34	1583.00
542.54	1626.00
542.73	1574.00
542.93	1505.00
543.13	1497.00
543.33	1490.00
543.52	1521.00
543.72	1513.00
543.92	1587.00
544.11	1628.00
544.31	1505.00
544.51	1600.00
544.71	1738.00
544.90	1816.00
545.10	1830.00
545.30	1837.00
545.49	1854.00
545.69	1929.00
545.89	1818.00
546.09	1917.00
546.28	1992.00
546.48	1919.00
546.68	1673.00
546.87	1485.00
547.07	1447.00
547.27	1410.00
547.47	1357.00
547.66	1320.00
547.86	1306.00
548.06	1320.00
548.25	1275.00
548.45	1231.00
548.65	1354.00
548.84	1257.00
549.04	1294.00
549.24	1273.00
549.44	1242.00
549.63	1199.00
549.83	1174.00
550.03	1145.00
550.22	1189.00
550.42	1273.00
550.62	1299.00
550.81	1219.00
551.01	1130.00
551.21	1099.00
551.41	1146.00
551.60	1123.00
551.80	1114.00
552.00	1139.00
552.19	1176.00
552.39	1069.00
552.59	1107.00
552.78	1055.00
552.98	1026.00
553.18	1022.00
553.37	1023.00
553.57	1133.00
553.77	1067.00
553.96	983.00
554.16	1005.00
554.36	1027.00
554.56	976.00
554.75	1061.00
554.95	1058.00
555.15	990.00
555.34	1017.00
555.54	970.00
555.74	1003.00
555.93	983.00
556.13	1003.00
556.33	1035.00
556.52	1053.00
556.72	1033.00
556.92	954.00
557.11	937.00
557.31	925.00
557.51	941.00
557.70	936.00
557.90	881.00
558.10	833.00
558.29	922.00
558.49	940.00
558.69	916.00
558.88	845.00
559.08	942.00
559.28	933.00
559.47	874.00
559.67	948.00
559.87	992.00
560.06	949.00
560.26	954.00
560.46	903.00
560.65	952.00
560.85	954.00
561.05	918.00
561.24	899.00
561.44	896.00
561.64	916.00
561.83	909.00
562.03	893.00
562.23	954.00
562.42	936.00
562.62	926.00
562.82	981.00
563.01	969.00
563.21	973.00
563.40	1038.00
563.60	913.00
563.80	885.00
563.99	954.00
564.19	939.00
564.39	893.00
564.58	894.00
564.78	917.00
564.98	989.00
565.17	980.00
565.37	917.00
565.57	1047.00
565.76	926.00
565.96	934.00
566.16	938.00
566.35	997.00
566.55	1002.00
566.74	989.00
566.94	941.00
567.14	949.00
567.33	1041.00
567.53	1105.00
567.73	1069.00
567.92	1144.00
568.12	1068.00
568.32	1076.00
568.51	1056.00
568.71	1036.00
568.90	1012.00
569.10	1080.00
569.30	1078.00
569.49	1026.00
569.69	1018.00
569.89	1044.00
570.08	1062.00
570.28	1075.00
570.47	1053.00
570.67	1055.00
570.87	1036.00
571.06	1071.00
571.26	990.00
571.46	969.00
571.65	1066.00
571.85	1080.00
572.04	1040.00
572.24	1049.00
572.44	1101.00
572.63	1137.00
572.83	1076.00
573.03	1092.00
573.22	1132.00
573.42	1176.00
573.61	1146.00
573.81	1142.00
574.01	1250.00
574.20	1182.00
574.40	1164.00
574.59	1247.00
574.79	1251.00
574.99	1141.00
575.18	1169.00
575.38	1242.00
575.58	1243.00
575.77	1339.00
575.97	1331.00
576.16	1322.00
576.36	1349.00
576.56	1349.00
576.75	1269.00
576.95	1405.00
577.14	1491.00
577.34	1469.00
577.54	1391.00
577.73	1336.00
577.93	1314.00
578.12	1334.00
578.32	1438.00
578.52	1428.00
578.71	1458.00
578.91	1445.00
579.10	1501.00
579.30	1485.00
579.50	1566.00
579.69	1573.00
579.89	1468.00
580.08	1522.00
580.28	1605.00
580.48	1487.00
580.67	1440.00
580.87	1520.00
581.06	1525.00
581.26	1594.00
581.45	1554.00
581.65	1592.00
581.85	1596.00
582.04	1641.00
582.24	1685.00
582.43	1685.00
582.63	1650.00
582.83	1690.00
583.02	1716.00
583.22	1791.00
583.41	1743.00
583.61	1821.00
583.80	1839.00
584.00	1732.00
584.20	1659.00
584.39	1732.00
584.59	1808.00
584.78	1853.00
584.98	1858.00
585.17	1911.00
585.37	1894.00
585.57	1810.00
585.76	1818.00
585.96	1901.00
586.15	1902.00
586.35	1995.00
586.54	1969.00
586.74	2035.00
586.94	1969.00
587.13	1967.00
587.33	2051.00
587.52	2031.00
587.72	2049.00
587.91	2051.00
588.11	2072.00
588.31	2023.00
588.50	2014.00
588.70	2051.00
588.89	2008.00
589.09	2066.00
589.28	2018.00
589.48	2115.00
589.68	2071.00
589.87	2028.00
590.07	2119.00
590.26	2123.00
590.46	2160.00
590.65	2035.00
590.85	1984.00
591.04	2157.00
591.24	2208.00
591.44	2170.00
591.63	2216.00
591.83	2186.00
592.02	2186.00
592.22	2154.00
592.41	2291.00
592.61	2362.00
592.80	2313.00
593.00	2359.00
593.19	2323.00
593.39	2336.00
593.59	2315.00
593.78	2295.00
593.98	2329.00
594.17	2250.00
594.37	2154.00
594.56	2282.00
594.76	2304.00
594.95	2298.00
595.15	2339.00
595.34	2281.00
595.54	2265.00
595.73	2314.00
595.93	2285.00
596.13	2370.00
596.32	2384.00
596.52	2342.00
596.71	2313.00
596.91	2256.00
597.10	2297.00
597.30	2278.00
597.49	2365.00
597.69	2369.00
597.88	2366.00
598.08	2436.00
598.27	2441.00
598.47	2429.00
598.66	2383.00
598.86	2393.00
599.06	2410.00
599.25	2424.00
599.45	2407.00
599.64	2399.00
599.84	2393.00
600.03	2297.00
600.23	2312.00
600.42	2465.00
600.62	2378.00
600.81	2301.00
601.01	2273.00
601.20	2316.00
601.40	2433.00
601.59	2317.00
601.79	2365.00
601.98	2354.00
602.18	2324.00
602.37	2345.00
602.57	2294.00
602.76	2249.00
602.96	2251.00
603.15	2286.00
603.35	2297.00
603.54	2267.00
603.74	2320.00
603.93	2231.00
604.13	2201.00
604.32	2272.00
604.52	2215.00
604.71	2228.00
604.91	2283.00
605.10	2165.00
605.30	2218.00
605.49	2298.00
605.69	2268.00
605.88	2240.00
606.08	2241.00
606.27	2217.00
606.47	2197.00
606.66	2304.00
606.86	2244.00
607.05	2313.00
607.25	2232.00
607.44	2236.00
607.64	2228.00
607.83	2248.00
608.03	2262.00
608.22	2266.00
608.42	2304.00
608.61	2220.00
608.81	2214.00
609.00	2349.00
609.20	2373.00
609.39	2354.00
609.59	2454.00
609.78	2585.00
609.98	2621.00
610.17	2770.00
610.37	3019.00
610.56	3189.00
610.76	3285.00
610.95	3473.00
611.15	3593.00
611.34	3616.00
611.54	3680.00
611.73	3620.00
611.93	3293.00
612.12	3024.00
612.32	2762.00
612.51	2642.00
612.71	2644.00
612.90	2558.00
613.09	2552.00
613.29	2543.00
613.48	2405.00
613.68	2484.00
613.87	2381.00
614.07	2246.00
614.26	2299.00
614.46	2332.00
614.65	2310.00
614.85	2406.00
615.04	2401.00
615.24	2382.00
615.43	2252.00
615.63	2221.00
615.82	2135.00
616.02	2217.00
616.21	2069.00
616.40	2124.00
616.60	2054.00
616.79	2099.00
616.99	2180.00
617.18	2048.00
617.38	2086.00
617.57	2105.00
617.77	2123.00
617.96	2064.00
618.16	2138.00
618.35	2113.00
618.54	2077.00
618.74	2041.00
618.93	2100.00
619.13	2043.00
619.32	1977.00
619.52	2088.00
619.71	2014.00
619.91	2054.00
620.10	2025.00
620.30	2129.00
620.49	2160.00
620.68	2139.00
620.88	2167.00
621.07	2154.00
621.27	2108.00
621.46	2158.00
621.66	2171.00
621.85	2093.00
622.05	2059.00
622.24	2142.00
622.43	2099.00
622.63	2192.00
622.82	2217.00
623.02	2167.00
623.21	2199.00
623.41	2254.00
623.60	2242.00
623.80	2220.00
623.99	2263.00
624.18	2345.00
624.38	2285.00
624.57	2173.00
624.77	2314.00
624.96	2326.00
625.16	2250.00
625.35	2238.00
625.54	2195.00
625.74	2269.00
625.93	2273.00
626.13	2273.00
626.32	2349.00
626.52	2335.00
626.71	2310.00
626.90	2293.00
627.10	2245.00
627.29	2310.00
627.49	2409.00
627.68	2447.00
627.88	2415.00
628.07	2345.00
628.26	2333.00
628.46	2345.00
628.65	2351.00
628.85	2422.00
629.04	2365.00
629.23	2439.00
629.43	2475.00
629.62	2452.00
629.82	2465.00
630.01	2411.00
630.21	2507.00
630.40	2476.00
630.59	2492.00
630.79	2524.00
630.98	2595.00
631.18	2602.00
631.37	2600.00
631.56	2608.00
631.76	2524.00
631.95	2444.00
632.15	2431.00
632.34	2544.00
632.53	2544.00
632.73	2450.00
632.92	2446.00
633.12	2419.00
633.31	2416.00
633.50	2498.00
633.70	2537.00
633.89	2551.00
634.09	2498.00
634.28	2498.00
634.47	2473.00
634.67	2591.00
634.86	2543.00
635.06	2469.00
635.25	2549.00
635.44	2630.00
635.64	2672.00
635.83	2665.00
636.03	2690.00
636.22	2676.00
636.41	2645.00
636.61	2716.00
636.80	2700.00
637.00	2709.00
637.19	2674.00
637.38	2717.00
637.58	2734.00
637.77	2816.00
637.96	2802.00
638.16	2723.00
638.35	2824.00
638.55	2905.00
638.74	2806.00
638.93	2849.00
639.13	2955.00
639.32	2944.00
639.51	2880.00
639.71	2783.00
639.90	2821.00
640.10	2776.00
640.29	2856.00
640.48	2956.00
640.68	2970.00
640.87	2930.00
641.07	2888.00
641.26	2942.00
641.45	2966.00
641.65	3009.00
641.84	3091.00
642.03	3054.00
642.23	3031.00
642.42	3005.00
642.61	3044.00
642.81	3191.00
643.00	3113.00
643.20	3031.00
643.39	3000.00
643.58	3006.00
643.78	3083.00
643.97	3164.00
644.16	3189.00
644.36	3176.00
644.55	3115.00
644.74	3161.00
644.94	3190.00
645.13	3238.00
645.33	3204.00
645.52	3152.00
645.71	3208.00
645.91	3281.00
646.10	3247.00
646.29	3256.00
646.49	3214.00
646.68	3238.00
646.87	3222.00
647.07	3252.00
647.26	3324.00
647.45	3411.00
647.65	3369.00
647.84	3299.00
648.03	3364.00
648.23	3312.00
648.42	3387.00
648.62	3465.00
648.81	3443.00
649.00	3316.00
649.20	3278.00
649.39	3347.00
649.58	3393.00
649.78	3410.00
649.97	3422.00
650.16	3425.00
650.36	3475.00
650.55	3480.00
650.74	3443.00
650.94	3493.00
651.13	3506.00
651.32	3510.00
651.52	3458.00
651.71	3463.00
651.90	3365.00
652.10	3423.00
652.29	3447.00
652.48	3423.00
652.68	3468.00
652.87	3473.00
653.06	3333.00
653.26	3395.00
653.45	3419.00
653.64	3434.00
653.84	3425.00
654.03	3456.00
654.22	3405.00
654.42	3392.00
654.61	3419.00
654.80	3550.00
654.99	3526.00
655.19	3474.00
655.38	3426.00
655.57	3425.00
655.77	3463.00
655.96	3633.00
656.15	3475.00
656.35	3433.00
656.54	3386.00
656.73	3500.00
656.93	3483.00
657.12	3412.00
657.31	3406.00
657.51	3383.00
657.70	3390.00
657.89	3409.00
658.09	3390.00
658.28	3373.00
658.47	3445.00
658.66	3421.00
658.86	3429.00
659.05	3475.00
659.24	3522.00
659.44	3445.00
659.63	3464.00
659.82	3519.00
660.02	3465.00
660.21	3383.00
660.40	3348.00
660.60	3320.00
660.79	3353.00
660.98	3305.00
661.17	3386.00
661.37	3422.00
661.56	3274.00
661.75	3320.00
661.95	3382.00
662.14	3379.00
662.33	3401.00
662.52	3491.00
662.72	3412.00
662.91	3495.00
663.10	3482.00
663.30	3376.00
663.49	3379.00
663.68	3430.00
663.88	3351.00
664.07	3345.00
664.26	3298.00
664.45	3343.00
664.65	3253.00
664.84	3275.00
665.03	3200.00
665.23	3207.00
665.42	3310.00
665.61	3219.00
665.80	3221.00
666.00	3158.00
666.19	3156.00
666.38	3171.00
666.57	3301.00
666.77	3231.00
666.96	3223.00
667.15	3270.00
667.35	3215.00
667.54	3208.00
667.73	3260.00
667.92	3312.00
668.12	3201.00
668.31	3198.00
668.50	3160.00
668.70	3126.00
668.89	3022.00
669.08	3007.00
669.27	3001.00
669.47	3122.00
669.66	3175.00
669.85	3209.00
670.04	3162.00
670.24	3112.00
670.43	3137.00
670.62	3160.00
670.81	3051.00
671.01	3117.00
671.20	3110.00
671.39	3095.00
671.58	3080.00
671.78	3021.00
671.97	3006.00
672.16	3011.00
672.36	2995.00
672.55	3026.00
672.74	2972.00
672.93	3065.00
673.13	3116.00
673.32	3071.00
673.51	3025.00
673.70	3008.00
673.90	2932.00
674.09	2994.00
674.28	3060.00
674.47	3065.00
674.67	3068.00
674.86	3058.00
675.05	3077.00
675.24	3034.00
675.44	2950.00
675.63	3028.00
675.82	3029.00
676.01	3033.00
676.21	3021.00
676.40	2879.00
676.59	2878.00
676.78	2980.00
676.97	2939.00
677.17	2898.00
677.36	2966.00
677.55	2927.00
677.74	2882.00
677.94	2928.00
678.13	2963.00
678.32	2893.00
678.51	2968.00
678.71	2949.00
678.90	2982.00
679.09	2970.00
679.28	2922.00
679.48	2994.00
679.67	2936.00
679.86	2885.00
680.05	2961.00
680.24	2935.00
680.44	2933.00
680.63	2848.00
680.82	2803.00
681.01	2829.00
681.21	2856.00
681.40	2732.00
681.59	2678.00
681.78	2704.00
681.97	2820.00
682.17	2722.00
682.36	2832.00
682.55	2881.00
682.74	2928.00
682.94	2892.00
683.13	2805.00
683.32	2782.00
683.51	2857.00
683.70	2824.00
683.90	2826.00
684.09	2893.00
684.28	2849.00
684.47	2793.00
684.66	2750.00
684.86	2683.00
685.05	2640.00
685.24	2748.00
685.43	2800.00
685.63	2811.00
685.82	2665.00
686.01	2716.00
686.20	2848.00
686.39	2756.00
686.59	2716.00
686.78	2799.00
686.97	2754.00
687.16	2820.00
687.35	2844.00
687.55	2866.00
687.74	2847.00
687.93	2917.00
688.12	2820.00
688.31	2970.00
688.51	2941.00
688.70	2859.00
688.89	2797.00
689.08	2834.00
689.27	2809.00
689.47	2782.00
689.66	2669.00
689.85	2739.00
690.04	2693.00
690.23	2688.00
690.42	2761.00
690.62	2773.00
690.81	2760.00
691.00	2737.00
691.19	2766.00
691.38	2760.00
691.58	2687.00
691.77	2772.00
691.96	2737.00
692.15	2769.00
692.34	2766.00
692.54	2707.00
692.73	2666.00
692.92	2763.00
693.11	2829.00
693.30	2895.00
693.49	2854.00
693.69	2761.00
693.88	2855.00
694.07	2736.00
694.26	2793.00
694.45	2811.00
694.64	2740.00
694.84	2856.00
695.03	2860.00
695.22	2834.00
695.41	2759.00
695.60	2672.00
695.80	2760.00
695.99	2734.00
696.18	2735.00
696.37	2848.00
696.56	2894.00
696.75	2874.00
696.95	2845.00
697.14	2895.00
697.33	2868.00
697.52	2863.00
697.71	2845.00
697.90	2800.00
698.09	2830.00
698.29	2798.00
698.48	2764.00
698.67	2770.00
698.86	2780.00
699.05	2933.00
699.24	2905.00
699.44	2906.00
699.63	2883.00
699.82	2908.00
700.01	2842.00
700.20	2847.00
700.39	2845.00
700.58	2836.00
700.78	2872.00
700.97	2897.00
701.16	2915.00
701.35	2941.00
701.54	2898.00
701.73	2900.00
701.93	2964.00
702.12	2976.00
702.31	2963.00
702.50	2973.00
702.69	2992.00
702.88	3032.00
703.07	3046.00
703.27	3109.00
703.46	3121.00
703.65	3038.00
703.84	3088.00
704.03	3065.00
704.22	3040.00
704.41	3034.00
704.60	3013.00
704.80	2966.00
704.99	3041.00
705.18	3078.00
705.37	3011.00
705.56	3119.00
705.75	3109.00
705.94	3157.00
706.14	3215.00
706.33	3202.00
706.52	3053.00
706.71	3191.00
706.90	3208.00
707.09	3107.00
707.28	3153.00
707.47	3233.00
707.67	3237.00
707.86	3328.00
708.05	3271.00
708.24	3258.00
708.43	3338.00
708.62	3346.00
708.81	3288.00
709.00	3410.00
709.20	3389.00
709.39	3421.00
709.58	3357.00
709.77	3280.00
709.96	3389.00
710.15	3420.00
710.34	3316.00
710.53	3279.00
710.72	3314.00
710.92	3260.00
711.11	3298.00
711.30	3312.00
711.49	3346.00
711.68	3347.00
711.87	3418.00
712.06	3499.00
712.25	3472.00
712.44	3413.00
712.64	3506.00
712.83	3465.00
713.02	3526.00
713.21	3492.00
713.40	3459.00
713.59	3473.00
713.78	3551.00
713.97	3527.00
714.16	3424.00
714.35	3399.00
714.55	3408.00
714.74	3544.00
714.93	3474.00
715.12	3484.00
715.31	3587.00
715.50	3558.00
715.69	3586.00
715.88	3463.00
716.07	3566.00
716.26	3469.00
716.45	3461.00
716.65	3587.00
716.84	3555.00
717.03	3583.00
717.22	3509.00
717.41	3478.00
717.60	3460.00
717.79	3477.00
717.98	3547.00
718.17	3638.00
718.36	3573.00
718.55	3538.00
718.75	3525.00
718.94	3556.00
719.13	3637.00
719.32	3620.00
719.51	3565.00
719.70	3588.00
719.89	3618.00
720.08	3492.00
720.27	3608.00
720.46	3699.00
720.65	3650.00
720.84	3767.00
721.03	3664.00
721.22	3630.00
721.42	3624.00
721.61	3675.00
721.80	3577.00
721.99	3526.00
722.18	3687.00
722.37	3622.00
722.56	3590.00
722.75	3615.00
722.94	3453.00
723.13	3607.00
723.32	3677.00
723.51	3607.00
723.70	3651.00
723.89	3585.00
724.08	3630.00
724.28	3557.00
724.47	3644.00
724.66	3705.00
724.85	3774.00
725.04	3761.00
725.23	3705.00
725.42	3700.00
725.61	3689.00
725.80	3665.00
725.99	3683.00
726.18	3790.00
726.37	3694.00
726.56	3691.00
726.75	3648.00
726.94	3676.00
727.13	3747.00
727.32	3787.00
727.51	3688.00
727.71	3610.00
727.90	3682.00
728.09	3666.00
728.28	3563.00
728.47	3648.00
728.66	3675.00
728.85	3629.00
729.04	3663.00
729.23	3559.00
729.42	3634.00
729.61	3670.00
729.80	3600.00
729.99	3612.00
730.18	3643.00
730.37	3639.00
730.56	3709.00
730.75	3664.00
730.94	3546.00
731.13	3722.00
731.32	3624.00
731.51	3611.00
731.70	3736.00
731.89	3685.00
732.08	3583.00
732.27	3650.00
732.46	3613.00
732.65	3554.00
732.84	3595.00
733.04	3634.00
733.23	3581.00
733.42	3662.00
733.61	3713.00
733.80	3717.00
733.99	3591.00
734.18	3506.00
734.37	3521.00
734.56	3479.00
734.75	3617.00
734.94	3615.00
735.13	3433.00
735.32	3509.00
735.51	3532.00
735.70	3453.00
735.89	3482.00
736.08	3517.00
736.27	3434.00
736.46	3422.00
736.65	3462.00
736.84	3489.00
737.03	3461.00
737.22	3519.00
737.41	3407.00
737.60	3455.00
737.79	3503.00
737.98	3518.00
738.17	3523.00
738.36	3501.00
738.55	3532.00
738.74	3582.00
738.93	3453.00
739.12	3366.00
739.31	3378.00
739.50	3430.00
739.69	3327.00
739.88	3406.00
740.07	3427.00
740.26	3357.00
740.45	3413.00
740.64	3396.00
740.83	3413.00
741.02	3469.00
741.21	3369.00
741.40	3307.00
741.59	3216.00
741.78	3368.00
741.97	3266.00
742.16	3223.00
742.35	3308.00
742.54	3280.00
742.73	3222.00
742.92	3223.00
743.11	3056.00
743.30	3082.00
743.49	3124.00
743.68	3201.00
743.87	3265.00
744.06	3304.00
744.25	3215.00
744.44	3278.00
744.63	3257.00
744.82	3281.00
745.01	3262.00
745.20	3266.00
745.39	3139.00
745.58	3132.00
745.77	3219.00
745.96	3259.00
746.15	3199.00
746.34	3197.00
746.52	3096.00
746.71	3118.00
746.90	3047.00
747.09	3115.00
747.28	3136.00
747.47	3184.00
747.66	3165.00
747.85	3137.00
748.04	3083.00
748.23	3072.00
748.42	3082.00
748.61	2967.00
748.80	3007.00
748.99	2974.00
749.18	2928.00
749.37	2985.00
749.56	3052.00
749.75	3018.00
749.94	3015.00
750.13	2916.00
750.32	2961.00
750.51	3016.00
750.70	2945.00
750.89	2833.00
751.08	2766.00
751.27	2833.00
751.46	2878.00
751.64	2869.00
751.83	2940.00
752.02	2955.00
752.21	2865.00
752.40	2785.00
752.59	2855.00
752.78	2972.00
752.97	2831.00
753.16	2952.00
753.35	2873.00
753.54	2838.00
753.73	2846.00
753.92	2838.00
754.11	2860.00
754.30	2908.00
754.49	2835.00
754.68	2905.00
754.87	2865.00
755.06	2794.00
755.24	2834.00
755.43	2752.00
755.62	2697.00
755.81	2719.00
756.00	2783.00
756.19	2767.00
756.38	2698.00
756.57	2727.00
756.76	2698.00
756.95	2737.00
757.14	2698.00
757.33	2723.00
757.52	2637.00
757.71	2709.00
757.90	2738.00
758.08	2725.00
758.27	2678.00
758.46	2670.00
758.65	2703.00
758.84	2707.00
759.03	2703.00
759.22	2771.00
759.41	2649.00
759.60	2645.00
759.79	2701.00
759.98	2695.00
760.17	2615.00
760.36	2598.00
760.54	2571.00
760.73	2620.00
760.92	2587.00
761.11	2521.00
761.30	2517.00
761.49	2471.00
761.68	2544.00
761.87	2411.00
762.06	2451.00
762.25	2410.00
762.44	2393.00
762.63	2300.00
762.81	2240.00
763.00	2259.00
763.19	2213.00
763.38	2076.00
763.57	2094.00
763.76	2172.00
763.95	2258.00
764.14	2214.00
764.33	2164.00
764.52	2355.00
764.71	2332.00
764.89	2287.00
765.08	2205.00
765.27	2240.00
765.46	2265.00
765.65	2272.00
765.84	2277.00
766.03	2300.00
766.22	2344.00
766.41	2270.00
766.59	2260.00
766.78	2353.00
766.97	2314.00
767.16	2292.00
767.35	2367.00
767.54	2408.00
767.73	2481.00
767.92	2435.00
768.11	2458.00
768.30	2520.00
768.48	2436.00
768.67	2561.00
768.86	2546.00
769.05	2461.00
769.24	2450.00
769.43	2464.00
769.62	2514.00
769.81	2537.00
769.99	2423.00
770.18	2439.00
770.37	2540.00
770.56	2585.00
770.75	2444.00
770.94	2433.00
771.13	2588.00
771.32	2552.00
771.50	2502.00
771.69	2494.00
771.88	2395.00
772.07	2484.00
772.26	2522.00
772.45	2549.00
772.64	2507.00
772.83	2439.00
773.01	2490.00
773.20	2461.00
773.39	2563.00
773.58	2466.00
773.77	2515.00
773.96	2615.00
774.15	2485.00
774.34	2441.00
774.52	2365.00
774.71	2434.00
774.90	2371.00
775.09	2437.00
775.28	2355.00
775.47	2416.00
775.66	2403.00
775.84	2466.00
776.03	2371.00
776.22	2366.00
776.41	2340.00
776.60	2468.00
776.79	2443.00
776.98	2395.00
777.16	2395.00
777.35	2378.00
777.54	2416.00
777.73	2400.00
777.92	2386.00
778.11	2428.00
778.29	2417.00
778.48	2458.00
778.67	2410.00
778.86	2483.00
779.05	2418.00
779.24	2374.00
779.43	2365.00
779.61	2323.00
779.80	2358.00
779.99	2425.00
780.18	2435.00
780.37	2461.00
780.56	2454.00
780.74	2409.00
780.93	2429.00
781.12	2463.00
781.31	2497.00
781.50	2489.00
781.69	2443.00
781.87	2473.00
782.06	2396.00
782.25	2412.00
782.44	2411.00
782.63	2448.00
782.82	2490.00
783.00	2564.00
783.19	2532.00
783.38	2400.00
783.57	2486.00
783.76	2449.00
783.95	2456.00
784.13	2440.00
784.32	2534.00
784.51	2467.00
784.70	2431.00
784.89	2532.00
785.08	2492.00
785.26	2437.00
785.45	2426.00
785.64	2424.00
785.83	2368.00
786.02	2416.00
786.20	2573.00
786.39	2599.00
786.58	2584.00
786.77	2468.00
786.96	2478.00
787.15	2581.00
787.33	2500.00
787.52	2442.00
787.71	2526.00
787.90	2529.00
788.09	2532.00
788.27	2434.00
788.46	2477.00
788.65	2509.00
788.84	2535.00
789.03	2518.00
789.21	2591.00
789.40	2510.00
789.59	2518.00
789.78	2572.00
789.97	2501.00
790.15	2558.00
790.34	2537.00
790.53	2535.00
790.72	2600.00
790.91	2597.00
791.09	2601.00
791.28	2607.00
791.47	2552.00
791.66	2532.00
791.85	2605.00
792.03	2625.00
792.22	2586.00
792.41	2640.00
792.60	2722.00
792.79	2581.00
792.97	2573.00
793.16	2567.00
793.35	2596.00
793.54	2705.00
793.72	2632.00
793.91	2587.00
794.10	2627.00
794.29	2656.00
794.48	2697.00
794.66	2682.00
794.85	2674.00
795.04	2576.00
795.23	2690.00
795.42	2677.00
795.60	2717.00
795.79	2671.00
795.98	2666.00
796.17	2693.00
796.35	2682.00
796.54	2711.00
796.73	2649.00
796.92	2709.00
797.11	2671.00
797.29	2559.00
797.48	2563.00
797.67	2688.00
797.86	2691.00
798.04	2709.00
798.23	2750.00
798.42	2688.00
798.61	2634.00
798.79	2629.00
798.98	2642.00
799.17	2685.00
799.36	2640.00
799.54	2703.00
799.73	2597.00
799.92	2577.00
800.11	2707.00
800.30	2716.00
800.48	2777.00
800.67	2721.00
800.86	2690.00
801.05	2767.00
801.23	2720.00
801.42	2648.00
801.61	2578.00
801.80	2679.00
801.98	2738.00
802.17	2656.00
802.36	2570.00
802.55	2637.00
802.73	2767.00
802.92	2699.00
803.11	2698.00
803.30	2731.00
803.48	2761.00
803.67	2771.00
803.86	2768.00
804.05	2785.00
804.23	2688.00
804.42	2749.00
804.61	2700.00
804.80	2662.00
804.98	2690.00
805.17	2712.00
805.36	2789.00
805.54	2730.00
805.73	2749.00
805.92	2731.00
806.11	2742.00
806.29	2742.00
806.48	2745.00
806.67	2745.00
806.86	2661.00
807.04	2745.00
807.23	2771.00
807.42	2778.00
807.61	2742.00
807.79	2733.00
807.98	2767.00
808.17	2818.00
808.35	2879.00
808.54	2849.00
808.73	2757.00
808.92	2706.00
809.10	2789.00
809.29	2744.00
809.48	2695.00
809.67	2700.00
809.85	2791.00
810.04	2782.00
810.23	2700.00
810.41	2765.00
810.60	2794.00
810.79	2671.00
810.98	2681.00
811.16	2806.00
811.35	2708.00
811.54	2681.00
811.72	2631.00
811.91	2678.00
812.10	2719.00
812.29	2680.00
812.47	2646.00
812.66	2606.00
812.85	2629.00
813.03	2653.00
813.22	2738.00
813.41	2591.00
813.60	2641.00
813.78	2663.00
813.97	2769.00
814.16	2733.00
814.34	2724.00
814.53	2722.00
814.72	2704.00
814.90	2723.00
815.09	2632.00
815.28	2644.00
815.47	2589.00
815.65	2652.00
815.84	2587.00
816.03	2634.00
816.21	2722.00
816.40	2709.00
816.59	2748.00
816.77	2681.00
816.96	2667.00
817.15	2759.00
817.33	2768.00
817.52	2654.00
817.71	2734.00
817.90	2771.00
818.08	2694.00
818.27	2664.00
818.46	2645.00
818.64	2647.00
818.83	2637.00
819.02	2669.00
819.20	2690.00
819.39	2656.00
819.58	2648.00
819.76	2640.00
819.95	2669.00
820.14	2789.00
820.32	2642.00
820.51	2694.00
820.70	2638.00
820.88	2731.00
821.07	2630.00
821.26	2599.00
821.44	2627.00
821.63	2661.00
821.82	2651.00
822.01	2729.00
822.19	2716.00
822.38	2626.00
822.57	2742.00
822.75	2713.00
822.94	2705.00
823.13	2650.00
823.31	2653.00
823.50	2727.00
823.69	2727.00
823.87	2646.00
824.06	2615.00
824.25	2611.00
824.43	2538.00
824.62	2655.00
824.80	2649.00
824.99	2665.00
825.18	2648.00
825.36	2623.00
825.55	2570.00
825.74	2647.00
825.92	2710.00
826.11	2594.00
826.30	2585.00
826.48	2543.00
826.67	2587.00
826.86	2533.00
827.04	2565.00
827.23	2536.00
827.42	2500.00
827.60	2548.00
827.79	2591.00
827.98	2523.00
828.16	2530.00
828.35	2574.00
828.54	2516.00
828.72	2510.00
828.91	2594.00
829.09	2619.00
829.28	2579.00
829.47	2572.00
829.65	2501.00
829.84	2471.00
830.03	2559.00
830.21	2572.00
830.40	2530.00
830.59	2435.00
830.77	2513.00
830.96	2478.00
831.14	2534.00
831.33	2617.00
831.52	2517.00
831.70	2487.00
831.89	2457.00
832.08	2503.00
832.26	2446.00
832.45	2431.00
832.64	2443.00
832.82	2516.00
833.01	2496.00
833.19	2471.00
833.38	2419.00
833.57	2454.00
833.75	2436.00
833.94	2502.00
834.13	2525.00
834.31	2511.00
834.50	2441.00
834.68	2410.00
834.87	2387.00
835.06	2440.00
835.24	2493.00
835.43	2462.00
835.61	2461.00
835.80	2489.00
835.99	2516.00
836.17	2506.00
836.36	2465.00
836.55	2430.00
836.73	2448.00
836.92	2358.00
837.10	2529.00
837.29	2406.00
837.48	2351.00
837.66	2390.00
837.85	2421.00
838.03	2403.00
838.22	2397.00
838.41	2377.00
838.59	2425.00
838.78	2397.00
838.96	2408.00
839.15	2547.00
839.34	2377.00
839.52	2351.00
839.71	2347.00
839.89	2352.00
840.08	2382.00
840.27	2403.00
840.45	2344.00
840.64	2318.00
840.82	2318.00
841.01	2275.00
841.20	2299.00
841.38	2362.00
841.57	2341.00
841.75	2347.00
841.94	2285.00
842.13	2238.00
842.31	2259.00
842.50	2272.00
842.68	2250.00
842.87	2368.00
843.05	2349.00
843.24	2290.00
843.43	2184.00
843.61	2151.00
843.80	2228.00
843.98	2237.00
844.17	2199.00
844.36	2198.00
844.54	2156.00
844.73	2220.00
844.91	2241.00
845.10	2131.00
845.28	2189.00
845.47	2240.00
845.66	2290.00
845.84	2208.00
846.03	2145.00
846.21	2105.00
846.40	2180.00
846.58	2157.00
846.77	2140.00
846.96	2159.00
847.14	2133.00
847.33	2140.00
847.51	2112.00
847.70	2174.00
847.88	2202.00
848.07	2165.00
848.25	2170.00
848.44	2054.00
848.63	2113.00
848.81	2061.00
849.00	2001.00
849.18	2075.00
849.37	2111.00
849.55	2135.00
849.74	2085.00
849.93	2109.00
850.11	2067.00
850.30	2039.00
850.48	2056.00
850.67	2106.00
850.85	2095.00
851.04	2095.00
851.22	2082.00
851.41	2092.00
851.59	2031.00
851.78	2075.00
851.97	2134.00
852.15	2057.00
852.34	1980.00
852.52	2080.00
852.71	2116.00
852.89	2117.00
853.08	2053.00
853.26	2012.00
853.45	2012.00
853.63	1998.00
853.82	2058.00
854.01	1900.00
854.19	1922.00
854.38	1960.00
854.56	1997.00
854.75	1975.00
854.93	2058.00
855.12	1983.00
855.30	2004.00
855.49	1969.00
855.67	1900.00
855.86	1923.00
856.04	1934.00
856.23	1950.00
856.41	2005.00
856.60	1914.00
856.79	1941.00
856.97	1883.00
857.16	1935.00
857.34	1920.00
857.53	2035.00
857.71	1963.00
857.90	1950.00
858.08	1904.00
858.27	1852.00
858.45	1890.00
858.64	1999.00
858.82	1919.00
859.01	1826.00
859.19	1874.00
859.38	1923.00
859.56	1769.00
859.75	1819.00
859.93	1823.00
860.12	1869.00
860.30	1918.00
860.49	1970.00
860.67	1836.00
860.86	1887.00
861.04	1912.00
861.23	1839.00
861.41	1879.00
861.60	1784.00
861.78	1802.00
861.97	1814.00
862.15	1767.00
862.34	1757.00
862.53	1768.00
862.71	1711.00
862.90	1737.00
863.08	1788.00
863.27	1789.00
863.45	1762.00
863.64	1799.00
863.82	1761.00
864.01	1742.00
864.19	1788.00
864.37	1849.00
864.56	1777.00
864.74	1741.00
864.93	1737.00
865.11	1738.00
865.30	1819.00
865.48	1766.00
865.67	1684.00
865.85	1743.00
866.04	1821.00
866.22	1771.00
866.41	1665.00
866.59	1682.00
866.78	1666.00
866.96	1664.00
867.15	1676.00
867.33	1706.00
867.52	1645.00
867.70	1649.00
867.89	1694.00
868.07	1728.00
868.26	1707.00
868.44	1688.00
868.63	1657.00
868.81	1613.00
869.00	1680.00
869.18	1645.00
869.37	1626.00
869.55	1669.00
869.74	1642.00
869.92	1606.00
870.10	1665.00
870.29	1657.00
870.47	1588.00
870.66	1655.00
870.84	1659.00
871.03	1569.00
871.21	1558.00
871.40	1552.00
871.58	1541.00
871.77	1615.00
871.95	1612.00
872.14	1549.00
872.32	1500.00
872.51	1494.00
872.69	1645.00
872.87	1570.00
873.06	1532.00
873.24	1640.00
873.43	1595.00
873.61	1597.00
873.80	1603.00
873.98	1596.00
874.17	1522.00
874.35	1563.00
874.54	1602.00
874.72	1572.00
874.90	1438.00
875.09	1471.00
875.27	1555.00
875.46	1577.00
875.64	1532.00
875.83	1579.00
876.01	1572.00
876.20	1504.00
876.38	1489.00
876.56	1534.00
876.75	1526.00
876.93	1570.00
877.12	1594.00
877.30	1525.00
877.49	1565.00
877.67	1513.00
877.86	1499.00
878.04	1521.00
878.22	1505.00
878.41	1510.00
878.59	1554.00
878.78	1582.00
878.96	1545.00
879.15	1525.00
879.33	1393.00
879.51	1455.00
879.70	1535.00
879.88	1560.00
880.07	1537.00
880.25	1492.00
880.44	1426.00
880.62	1438.00
880.80	1518.00
880.99	1505.00
881.17	1472.00
881.36	1457.00
881.54	1421.00
881.73	1457.00
881.91	1478.00
882.09	1410.00
882.28	1454.00
882.46	1535.00
882.65	1469.00
882.83	1475.00
883.02	1537.00
883.20	1521.00
883.38	1507.00
883.57	1516.00
883.75	1418.00
883.94	1453.00
884.12	1470.00
884.30	1491.00
884.49	1422.00
884.67	1371.00
884.86	1470.00
885.04	1475.00
885.22	1450.00
885.41	1429.00
885.59	1478.00
885.78	1399.00
885.96	1427.00
886.14	1425.00
886.33	1413.00
886.51	1457.00
886.70	1445.00
886.88	1487.00
887.06	1376.00
887.25	1420.00
887.43	1458.00
887.62	1427.00
887.80	1419.00
887.98	1446.00
888.17	1418.00
888.35	1493.00
888.54	1507.00
888.72	1469.00
888.90	1431.00
889.09	1433.00
889.27	1483.00
889.46	1369.00
889.64	1355.00
889.82	1467.00
890.01	1404.00
890.19	1417.00
890.38	1394.00
890.56	1342.00
890.74	1370.00
890.93	1374.00
891.11	1411.00
891.29	1417.00
891.48	1435.00
891.66	1409.00
891.85	1463.00
892.03	1396.00
892.21	1335.00
892.40	1424.00
892.58	1401.00
892.76	1481.00
892.95	1412.00
893.13	1378.00
893.32	1456.00
893.50	1406.00
893.68	1356.00
893.87	1330.00
894.05	1379.00
894.23	1438.00
894.42	1429.00
894.60	1478.00
894.79	1473.00
894.97	1456.00
895.15	1441.00
895.34	1445.00
895.52	1409.00
895.70	1414.00
895.89	1424.00
896.07	1445.00
896.25	1498.00
896.44	1489.00
896.62	1499.00
896.81	1460.00
896.99	1440.00
897.17	1435.00
897.36	1431.00
897.54	1486.00
897.72	1526.00
897.91	1394.00
898.09	1469.00
898.27	1494.00
898.46	1469.00
898.64	1471.00
898.82	1519.00
899.01	1473.00
899.19	1445.00
899.37	1516.00
899.56	1513.00
899.74	1447.00
899.92	1499.00
900.11	1510.00
900.29	1516.00
900.47	1511.00
900.66	1508.00
900.84	1590.00
901.03	1505.00
901.21	1522.00
901.39	1625.00
901.58	1586.00
901.76	1563.00
901.94	1533.00
902.13	1529.00
902.31	1468.00
902.49	1559.00
902.68	1512.00
902.86	1567.00
903.04	1526.00
903.23	1590.00
903.41	1631.00
903.59	1640.00
903.78	1596.00
903.96	1531.00
904.14	1541.00
904.32	1547.00
904.51	1558.00
904.69	1474.00
904.87	1530.00
905.06	1544.00
905.24	1518.00
905.42	1565.00
905.61	1601.00
905.79	1547.00
905.97	1586.00
906.16	1573.00
906.34	1531.00
906.52	1584.00
906.71	1543.00
906.89	1459.00
907.07	1515.00
907.26	1586.00
907.44	1654.00
907.62	1626.00
907.81	1550.00
907.99	1518.00
908.17	1565.00
908.35	1573.00
908.54	1491.00
908.72	1447.00
908.90	1579.00
909.09	1586.00
909.27	1528.00
909.45	1597.00
909.64	1547.00
909.82	1549.00
910.00	1565.00
910.18	1602.00
910.37	1642.00
910.55	1562.00
910.73	1550.00
910.92	1616.00
911.10	1645.00
911.28	1591.00
911.47	1559.00
911.65	1543.00
911.83	1624.00
912.01	1468.00
912.20	1517.00
912.38	1541.00
912.56	1475.00
912.75	1502.00
912.93	1554.00
913.11	1561.00
913.29	1527.00
913.48	1514.00
913.66	1577.00
913.84	1513.00
914.03	1480.00
914.21	1499.00
914.39	1565.00
914.57	1623.00
914.76	1536.00
914.94	1490.00
915.12	1495.00
915.31	1561.00
915.49	1575.00
915.67	1554.00
915.85	1555.00
916.04	1583.00
916.22	1568.00
916.40	1501.00
916.58	1551.00
916.77	1467.00
916.95	1471.00
917.13	1504.00
917.32	1541.00
917.50	1544.00
917.68	1454.00
917.86	1506.00
918.05	1430.00
918.23	1472.00
918.41	1398.00
918.59	1379.00
918.78	1505.00
918.96	1517.00
919.14	1420.00
919.32	1471.00
919.51	1431.00
919.69	1481.00
919.87	1426.00
920.05	1472.00
920.24	1526.00
920.42	1468.00
920.60	1478.00
920.78	1409.00
920.97	1406.00
921.15	1365.00
921.33	1396.00
921.52	1411.00
921.70	1474.00
921.88	1435.00
922.06	1362.00
922.24	1398.00
922.43	1384.00
922.61	1473.00
922.79	1499.00
922.97	1533.00
923.16	1411.00
923.34	1434.00
923.52	1360.00
923.70	1405.00
923.89	1369.00
924.07	1395.00
924.25	1377.00
924.43	1422.00
924.62	1418.00
924.80	1361.00
924.98	1378.00
925.16	1341.00
925.35	1355.00
925.53	1345.00
925.71	1395.00
925.89	1353.00
926.08	1361.00
926.26	1412.00
926.44	1373.00
926.62	1407.00
926.80	1317.00
926.99	1239.00
927.17	1278.00
927.35	1357.00
927.53	1327.00
927.72	1322.00
927.90	1291.00
928.08	1329.00
928.26	1390.00
928.44	1293.00
928.63	1263.00
928.81	1280.00
928.99	1356.00
929.17	1397.00
929.36	1322.00
929.54	1405.00
929.72	1252.00
929.90	1266.00
930.08	1312.00
930.27	1339.00
930.45	1316.00
930.63	1276.00
930.81	1265.00
930.99	1192.00
931.18	1281.00
931.36	1192.00
931.54	1216.00
931.72	1260.00
931.90	1276.00
932.09	1250.00
932.27	1212.00
932.45	1248.00
932.63	1258.00
932.81	1214.00
933.00	1165.00
933.18	1158.00
933.36	1158.00
933.54	1185.00
933.72	1119.00
933.91	1136.00
934.09	1117.00
934.27	1173.00
934.45	1250.00
934.63	1148.00
934.82	1058.00
935.00	1112.00
935.18	1031.00
935.36	1061.00
935.54	1032.00
935.73	1021.00
935.91	1044.00
936.09	1038.00
936.27	1048.00
936.45	1036.00
936.64	972.00
936.82	1006.00
937.00	979.00
937.18	992.00
937.36	916.00
937.54	880.00
937.73	941.00
937.91	950.00
938.09	932.00
938.27	850.00
938.45	822.00
938.63	819.00
938.82	771.00
939.00	826.00
939.18	913.00
939.36	911.00
939.54	812.00
939.73	700.00
939.91	787.00
940.09	834.00
940.27	795.00
940.45	788.00
940.63	746.00
940.82	722.00
941.00	691.00
941.18	672.00
941.36	766.00
941.54	683.00
941.72	701.00
941.91	746.00
942.09	656.00
942.27	715.00
942.45	624.00
942.63	627.00
942.81	605.00
942.99	596.00
943.18	632.00
943.36	642.00
943.54	650.00
943.72	639.00
943.90	686.00
944.08	674.00
944.27	637.00
944.45	677.00
944.63	684.00
944.81	611.00
944.99	581.00
945.17	602.00
945.35	644.00
945.54	740.00
945.72	701.00
945.90	580.00
946.08	583.00
946.26	642.00
946.44	634.00
946.62	643.00
946.81	642.00
946.99	652.00
947.17	653.00
947.35	645.00
947.53	606.00
947.71	609.00
947.89	620.00
948.07	684.00
948.26	604.00
948.44	605.00
948.62	646.00
948.80	654.00
948.98	592.00
949.16	658.00
949.34	659.00
949.53	629.00
949.71	575.00
949.89	640.00
950.07	655.00
950.25	603.00
950.43	658.00
950.61	660.00
950.79	592.00
950.98	618.00
951.16	656.00
951.34	631.00
951.52	726.00
951.70	668.00
951.88	585.00
952.06	566.00
952.24	531.00
952.42	489.00
952.61	566.00
952.79	566.00
952.97	625.00
953.15	636.00
953.33	589.00
953.51	633.00
953.69	603.00
953.87	611.00
954.05	644.00
954.24	588.00
954.42	698.00
954.60	679.00
954.78	631.00
954.96	636.00
955.14	632.00
955.32	671.00
955.50	608.00
955.68	568.00
955.86	598.00
956.05	564.00
956.23	711.00
956.41	590.00
956.59	556.00
956.77	683.00
956.95	644.00
957.13	638.00
957.31	629.00
957.49	654.00
957.67	585.00
957.86	642.00
958.04	543.00
958.22	579.00
958.40	575.00
958.58	537.00
958.76	547.00
958.94	602.00
959.12	657.00
959.30	626.00
959.48	632.00
959.66	572.00
959.84	509.00
960.03	500.00
960.21	553.00
960.39	472.00
960.57	476.00
960.75	602.00
960.93	586.00
961.11	554.00
961.29	544.00
961.47	582.00
961.65	569.00
961.83	575.00
962.01	551.00
962.19	540.00
962.37	609.00
962.56	556.00
962.74	574.00
962.92	605.00
963.10	584.00
963.28	583.00
963.46	506.00
963.64	545.00
963.82	609.00
964.00	588.00
964.18	509.00
964.36	507.00
964.54	544.00
964.72	529.00
964.90	546.00
965.08	618.00
965.27	586.00
965.45	532.00
965.63	509.00
965.81	549.00
965.99	531.00
966.17	531.00
966.35	478.00
966.53	529.00
966.71	598.00
966.89	624.00
967.07	596.00
967.25	555.00
967.43	543.00
967.61	529.00
967.79	468.00
967.97	518.00
968.15	512.00
968.33	546.00
968.51	528.00
968.69	558.00
968.87	529.00
969.06	530.00
969.24	567.00
969.42	522.00
969.60	587.00
969.78	599.00
969.96	463.00
970.14	490.00
970.32	499.00
970.50	478.00
970.68	529.00
970.86	490.00
971.04	527.00
971.22	585.00
971.40	519.00
971.58	511.00
971.76	445.00
971.94	453.00
972.12	589.00
972.30	550.00
972.48	526.00
972.66	494.00
972.84	479.00
973.02	506.00
973.20	507.00
973.38	547.00
973.56	519.00
973.74	438.00
973.92	473.00
974.10	453.00
974.28	480.00
974.46	493.00
974.64	459.00
974.82	397.00
975.00	453.00
975.18	488.00
975.36	505.00
975.54	430.00
975.72	346.00
975.90	394.00
976.08	344.00
976.26	425.00
976.44	501.00
976.62	441.00
976.80	463.00
976.98	424.00
977.16	503.00
977.34	464.00
977.52	433.00
977.70	483.00
977.88	458.00
978.06	492.00
978.24	498.00
978.42	484.00
978.60	458.00
978.78	449.00
978.96	546.00
979.14	391.00
979.32	466.00
979.50	477.00
979.68	482.00
979.86	407.00
980.04	422.00
980.22	409.00
980.40	363.00
980.58	443.00
980.76	500.00
980.94	463.00
981.12	414.00
981.30	475.00
981.48	427.00
981.66	400.00
981.84	470.00
982.02	431.00
982.20	435.00
982.38	394.00
982.56	414.00
982.74	457.00
982.92	426.00
983.10	397.00
983.28	401.00
983.46	345.00
983.64	343.00
983.82	383.00
984.00	371.00
984.18	445.00
984.36	386.00
984.54	385.00
984.72	343.00
984.90	390.00
985.08	433.00
985.26	345.00
985.44	320.00
985.62	302.00
985.80	337.00
985.98	424.00
986.16	407.00
986.34	412.00
986.51	415.00
986.69	344.00
986.87	368.00
987.05	433.00
987.23	428.00
987.41	389.00
987.59	376.00
987.77	388.00
987.95	296.00
988.13	364.00
988.31	347.00
988.49	388.00
988.67	350.00
988.85	348.00
989.03	372.00
989.21	390.00
989.39	430.00
989.57	351.00
989.75	374.00
989.93	392.00
990.11	369.00
990.28	377.00
990.46	415.00
990.64	409.00
990.82	384.00
991.00	342.00
991.18	348.00
991.36	375.00
991.54	331.00
991.72	316.00
991.90	343.00
992.08	328.00
992.26	349.00
992.44	316.00
992.62	374.00
992.80	347.00
992.98	352.00
993.15	372.00
993.33	342.00
993.51	347.00
993.69	292.00
993.87	314.00
994.05	302.00
994.23	365.00
994.41	395.00
994.59	386.00
994.77	311.00
994.95	321.00
995.13	359.00
995.31	325.00
995.48	321.00
995.66	356.00
995.84	348.00
996.02	319.00
996.20	287.00
996.38	283.00
996.56	294.00
996.74	312.00
996.92	336.00
997.10	274.00
997.28	315.00
997.46	337.00
997.63	384.00
997.81	320.00
997.99	329.00
998.17	323.00
998.35	319.00
998.53	320.00
998.71	318.00
998.89	294.00
999.07	207.00
999.25	250.00
999.43	322.00
999.60	351.00
999.78	281.00
999.96	346.00
1000.14	291.00
1000.32	347.00
1000.50	319.00
1000.68	273.00
1000.86	309.00
1001.04	284.00
1001.21	257.00
1001.39	363.00
1001.57	278.00
1001.75	263.00
1001.93	310.00
1002.11	341.00
1002.29	339.00
1002.47	311.00
1002.65	317.00
1002.82	285.00
1003.00	281.00
1003.18	308.00
1003.36	324.00
1003.54	250.00
1003.72	235.00
1003.90	288.00
1004.08	258.00
1004.26	244.00
1004.43	297.00
1004.61	280.00
1004.79	312.00
1004.97	331.00
1005.15	330.00
1005.33	344.00
1005.51	322.00
1005.69	268.00
1005.86	311.00
1006.04	279.00
1006.22	274.00
1006.40	219.00
1006.58	326.00
1006.76	262.00
1006.94	300.00
1007.12	285.00
1007.29	239.00
1007.47	241.00
1007.65	279.00
1007.83	232.00
1008.01	312.00
1008.19	297.00
1008.37	311.00
1008.54	294.00
1008.72	264.00
1008.90	226.00
1009.08	274.00
1009.26	224.00
1009.44	217.00
1009.62	274.00
1009.79	257.00
1009.97	285.00
1010.15	254.00
1010.33	310.00
1010.51	267.00
1010.69	264.00
1010.87	253.00
1011.04	241.00
1011.22	249.00
1011.40	279.00
1011.58	280.00
1011.76	207.00
1011.94	229.00
1012.11	236.00
1012.29	271.00
1012.47	242.00
1012.65	253.00
1012.83	257.00
1013.01	212.00
1013.18	192.00
1013.36	263.00
1013.54	288.00
1013.72	269.00
1013.90	262.00
1014.08	244.00
1014.25	301.00
1014.43	248.00
1014.61	250.00
1014.79	317.00
1014.97	312.00
1015.15	247.00
1015.32	276.00
1015.50	215.00
1015.68	182.00
1015.86	280.00
1016.04	256.00
1016.22	218.00
1016.39	215.00
1016.57	231.00
1016.75	230.00
1016.93	262.00
1017.11	205.00
1017.29	224.00
1017.46	236.00
1017.64	261.00
1017.82	243.00
1018.00	144.00
1018.18	182.00
1018.35	222.00
1018.53	278.00
1018.71	254.00
1018.89	260.00
1019.07	243.00
1019.24	199.00
1019.42	197.00
1019.60	225.00
1019.78	280.00
1019.96	255.00
1020.14	248.00
1020.31	185.00
1020.49	191.00
1020.67	232.00
1020.85	125.00
1021.03	176.00
1021.20	218.00
1021.38	242.00
1021.56	164.00
1021.74	161.00
1021.92	180.00
1022.09	253.00
1022.27	301.00
1022.45	270.00
1022.63	272.00
1022.81	294.00
1022.98	223.00
1023.16	139.00
1023.34	157.00
1023.52	232.00
1023.69	135.00
1023.87	128.00
1024.05	143.00
1024.23	253.00
1024.41	186.00
1024.58	260.00
1024.76	214.00
1024.94	205.00
1025.12	238.00
1025.30	183.00
1025.47	152.00
1025.65	205.00
1025.83	246.00
1026.01	185.00
1026.18	150.00
1026.36	258.00
1026.54	209.00
1026.72	155.00
1026.90	247.00
1027.07	211.00
1027.25	235.00
1027.43	205.00
1027.61	182.00
1027.78	203.00
1027.96	205.00
1028.14	248.00
1028.32	186.00
1028.49	215.00
1028.67	193.00
1028.85	213.00
1029.03	222.00
1029.21	155.00
1029.38	119.00
1029.56	171.00
1029.74	177.00
1029.92	231.00
1030.09	257.00
1030.27	232.00
1030.45	168.00
1030.63	187.00
1030.80	171.00
1030.98	184.00
1031.16	152.00
1031.34	190.00
1031.51	131.00
1031.69	162.00
1031.87	146.00
1032.05	262.00
1032.22	249.00
1032.40	200.00
1032.58	255.00
1032.76	179.00
1032.93	217.00
1033.11	196.00
1033.29	146.00
1033.47	181.00
1033.64	196.00
1033.82	178.00
1034.00	152.00
1034.18	159.00
1034.35	139.00
1034.53	138.00
1034.71	161.00
1034.89	128.00
1035.06	115.00
1035.24	181.00
1035.42	197.00
1035.59	198.00
1035.77	140.00
1035.95	177.00
1036.13	129.00
1036.30	66.00
1036.48	121.00
1036.66	160.00
1036.84	143.00
1037.01	129.00
1037.19	221.00
1037.37	214.00
1037.54	104.00
1037.72	80.00
1037.90	91.00
1038.08	97.00
1038.25	179.00
1038.43	206.00
1038.61	134.00
1038.79	101.00
1038.96	117.00
1039.14	126.00
1039.32	231.00
1039.49	127.00
1039.67	203.00
1039.85	250.00
1040.03	193.00
1040.20	174.00
1040.38	122.00
1040.56	103.00
1040.73	121.00
1040.91	186.00
1041.09	187.00
1041.27	127.00
1041.44	101.00
1041.62	115.00
1041.80	171.00
1041.97	185.00
1042.15	141.00
1042.33	199.00
1042.50	199.00
1042.68	206.00
1042.86	181.00
1043.04	204.00
1043.21	218.00
1043.39	160.00
1043.57	175.00
1043.74	155.00
1043.92	152.00
1044.10	147.00
1044.27	92.00
1044.45	74.00
1044.63	133.00
1044.80	104.00
1044.98	144.00
1045.16	236.00
1045.34	237.00
1045.51	128.00
1045.69	162.00
1045.87	172.00
1046.04	190.00
1046.22	168.00
1046.40	150.00
1046.57	183.00
1046.75	106.00
1046.93	109.00
1047.10	124.00
1047.28	123.00
1047.46	105.00
1047.63	201.00
1047.81	240.00
1047.99	136.00
1048.16	123.00
1048.34	114.00
1048.52	144.00
1048.69	196.00
1048.87	182.00
1049.05	191.00
1049.22	161.00
1049.40	72.00
1049.58	106.00
1049.75	89.00
1049.93	90.00
1050.11	122.00
1050.28	122.00
1050.46	133.00
1050.64	166.00
1050.81	123.00
1050.99	167.00
1051.17	173.00
1051.34	176.00
1051.52	161.00
1051.70	179.00
1051.87	133.00
1052.05	98.00
1052.23	134.00
1052.40	68.00
1052.58	91.00
1052.76	100.00
1052.93	101.00
1053.11	141.00
1053.29	186.00
1053.46	33.00
1053.64	92.00
1053.82	178.00
1053.99	148.00
1054.17	191.00
1054.35	143.00
1054.52	112.00
1054.70	141.00
1054.87	130.00
1055.05	115.00
1055.23	139.00
1055.40	170.00
1055.58	154.00
1055.76	73.00
1055.93	75.00
1056.11	75.00
1056.29	119.00
1056.46	53.00
1056.64	18.00
1056.81	111.00
1056.99	58.00
1057.17	98.00
1057.34	94.00
1057.52	133.00
1057.70	184.00
1057.87	107.00
1058.05	171.00
1058.22	137.00
1058.40	120.00
1058.58	134.00
1058.75	101.00
1058.93	85.00
1059.11	150.00
1059.28	88.00
1059.46	129.00
1059.63	186.00
1059.81	89.00
1059.99	65.00
1060.16	96.00
1060.34	126.00
1060.52	129.00
1060.69	88.00
1060.87	123.00
1061.04	100.00
1061.22	115.00
