367.62	-30.00
367.82	12.00
368.02	10.00
368.23	25.00
368.43	-47.00
368.63	-61.00
368.83	34.00
369.04	49.00
369.24	60.00
369.44	32.00
369.65	11.00
369.85	21.00
370.05	-17.00
370.25	-74.00
370.46	2.00
370.66	6.00
370.86	-7.00
371.07	72.00
371.27	27.00
371.47	13.00
371.67	-27.00
371.88	-26.00
372.08	-22.00
372.28	-90.00
372.49	-76.00
372.69	15.00
372.89	47.00
373.09	-39.00
373.30	-55.00
373.50	46.00
373.70	-27.00
373.91	-30.00
374.11	-14.00
374.31	51.00
374.51	55.00
374.72	65.00
374.92	-19.00
375.12	-23.00
375.33	7.00
375.53	-14.00
375.73	21.00
375.93	-4.00
376.14	37.00
376.34	-7.00
376.54	47.00
376.74	-13.00
376.95	-18.00
377.15	41.00
377.35	13.00
377.55	17.00
377.76	0.00
377.96	43.00
378.16	-38.00
378.37	-23.00
378.57	20.00
378.77	68.00
378.97	23.00
379.18	35.00
379.38	62.00
379.58	6.00
379.78	4.00
379.99	5.00
380.19	76.00
380.39	23.00
380.59	33.00
380.80	24.00
381.00	35.00
381.20	22.00
381.40	-9.00
381.61	-30.00
381.81	2.00
382.01	51.00
382.21	99.00
382.42	36.00
382.62	9.00
382.82	-33.00
383.02	-15.00
383.23	18.00
383.43	-2.00
383.63	-23.00
383.83	-2.00
384.04	-15.00
384.24	-47.00
384.44	-5.00
384.64	58.00
384.85	41.00
385.05	6.00
385.25	-72.00
385.45	-16.00
385.66	19.00
385.86	-1.00
386.06	1.00
386.26	60.00
386.47	58.00
386.67	-15.00
386.87	-26.00
387.07	4.00
387.27	-12.00
387.48	-1.00
387.68	27.00
387.88	9.00
388.08	14.00
388.29	-12.00
388.49	-17.00
388.69	12.00
388.89	39.00
389.10	15.00
389.30	-2.00
389.50	-5.00
389.70	50.00
389.90	81.00
390.11	19.00
390.31	11.00
390.51	37.00
390.71	19.00
390.92	23.00
391.12	26.00
391.32	58.00
391.52	50.00
391.72	-11.00
391.93	35.00
392.13	37.00
392.33	1.00
392.53	19.00
392.74	33.00
392.94	60.00
393.14	70.00
393.34	-55.00
393.54	-84.00
393.75	-22.00
393.95	-4.00
394.15	37.00
394.35	-11.00
394.56	-6.00
394.76	21.00
394.96	-6.00
395.16	-42.00
395.36	-10.00
395.57	89.00
395.77	31.00
395.97	-27.00
396.17	-35.00
396.37	-1.00
396.58	19.00
396.78	44.00
396.98	20.00
397.18	-28.00
397.38	27.00
397.59	-37.00
397.79	54.00
397.99	104.00
398.19	76.00
398.39	-3.00
398.60	9.00
398.80	49.00
399.00	30.00
399.20	34.00
399.40	61.00
399.61	100.00
399.81	45.00
400.01	85.00
400.21	67.00
400.41	37.00
400.62	6.00
400.82	26.00
401.02	-42.00
401.22	37.00
401.42	39.00
401.63	39.00
401.83	-13.00
402.03	15.00
402.23	-30.00
402.43	17.00
402.64	51.00
402.84	25.00
403.04	83.00
403.24	81.00
403.44	49.00
403.64	57.00
403.85	32.00
404.05	14.00
404.25	45.00
404.45	54.00
404.65	39.00
404.86	74.00
405.06	49.00
405.26	67.00
405.46	39.00
405.66	-43.00
405.86	7.00
406.07	-3.00
406.27	26.00
406.47	84.00
406.67	31.00
406.87	-16.00
407.07	124.00
407.28	73.00
407.48	62.00
407.68	92.00
407.88	92.00
408.08	66.00
408.28	29.00
408.49	93.00
408.69	104.00
408.89	34.00
409.09	63.00
409.29	81.00
409.49	65.00
409.70	90.00
409.90	107.00
410.10	52.00
410.30	56.00
410.50	24.00
410.70	39.00
410.91	43.00
411.11	72.00
411.31	38.00
411.51	36.00
411.71	82.00
411.91	82.00
412.12	88.00
412.32	77.00
412.52	52.00
412.72	39.00
412.92	93.00
413.12	98.00
413.32	89.00
413.53	38.00
413.73	33.00
413.93	17.00
414.13	27.00
414.33	70.00
414.53	37.00
414.74	42.00
414.94	73.00
415.14	87.00
415.34	99.00
415.54	108.00
415.74	63.00
415.94	79.00
416.15	18.00
416.35	48.00
416.55	72.00
416.75	31.00
416.95	34.00
417.15	89.00
417.35	92.00
417.56	98.00
417.76	-6.00
417.96	55.00
418.16	87.00
418.36	22.00
418.56	81.00
418.76	31.00
418.97	54.00
419.17	79.00
419.37	83.00
419.57	96.00
419.77	63.00
419.97	53.00
420.17	58.00
420.37	108.00
420.58	82.00
420.78	95.00
420.98	77.00
421.18	95.00
421.38	38.00
421.58	31.00
421.78	43.00
421.98	40.00
422.19	91.00
422.39	87.00
422.59	113.00
422.79	84.00
422.99	72.00
423.19	92.00
423.39	104.00
423.59	136.00
423.80	158.00
424.00	178.00
424.20	126.00
424.40	186.00
424.60	102.00
424.80	115.00
425.00	105.00
425.20	107.00
425.40	121.00
425.61	55.00
425.81	51.00
426.01	162.00
426.21	166.00
426.41	146.00
426.61	134.00
426.81	136.00
427.01	139.00
427.21	93.00
427.42	117.00
427.62	149.00
427.82	160.00
428.02	176.00
428.22	166.00
428.42	106.00
428.62	158.00
428.82	220.00
429.02	148.00
429.23	139.00
429.43	135.00
429.63	165.00
429.83	146.00
430.03	152.00
430.23	204.00
430.43	131.00
430.63	183.00
430.83	185.00
431.03	148.00
431.24	130.00
431.44	149.00
431.64	237.00
431.84	153.00
432.04	92.00
432.24	111.00
432.44	149.00
432.64	177.00
432.84	102.00
433.04	110.00
433.24	74.00
433.45	130.00
433.65	153.00
433.85	177.00
434.05	173.00
434.25	185.00
434.45	249.00
434.65	209.00
434.85	189.00
435.05	189.00
435.25	241.00
435.45	321.00
435.65	279.00
435.86	260.00
436.06	247.00
436.26	233.00
436.46	199.00
436.66	178.00
436.86	132.00
437.06	59.00
437.26	119.00
437.46	127.00
437.66	103.00
437.86	132.00
438.06	179.00
438.26	163.00
438.47	107.00
438.67	84.00
438.87	136.00
439.07	188.00
439.27	226.00
439.47	196.00
439.67	176.00
439.87	114.00
440.07	94.00
440.27	85.00
440.47	100.00
440.67	94.00
440.87	167.00
441.07	149.00
441.27	101.00
441.48	120.00
441.68	97.00
441.88	91.00
442.08	158.00
442.28	177.00
442.48	190.00
442.68	264.00
442.88	185.00
443.08	95.00
443.28	155.00
443.48	131.00
443.68	102.00
443.88	208.00
444.08	240.00
444.28	180.00
444.48	134.00
444.68	149.00
444.88	138.00
445.09	160.00
445.29	156.00
445.49	131.00
445.69	183.00
445.89	167.00
446.09	120.00
446.29	120.00
446.49	134.00
446.69	166.00
446.89	131.00
447.09	198.00
447.29	210.00
447.49	179.00
447.69	191.00
447.89	212.00
448.09	199.00
448.29	139.00
448.49	183.00
448.69	174.00
448.89	178.00
449.09	149.00
449.29	158.00
449.49	182.00
449.70	223.00
449.90	201.00
450.10	187.00
450.30	209.00
450.50	195.00
450.70	173.00
450.90	207.00
451.10	210.00
451.30	265.00
451.50	228.00
451.70	148.00
451.90	166.00
452.10	203.00
452.30	170.00
452.50	220.00
452.70	176.00
452.90	193.00
453.10	207.00
453.30	237.00
453.50	138.00
453.70	196.00
453.90	244.00
454.10	236.00
454.30	235.00
454.50	261.00
454.70	204.00
454.90	194.00
455.10	184.00
455.30	126.00
455.50	163.00
455.70	244.00
455.90	287.00
456.10	274.00
456.30	305.00
456.50	255.00
456.70	246.00
456.90	202.00
457.10	131.00
457.30	203.00
457.50	295.00
457.70	349.00
457.90	295.00
458.10	285.00
458.30	293.00
458.50	274.00
458.70	225.00
458.90	273.00
459.10	276.00
459.30	269.00
459.50	231.00
459.70	222.00
459.90	229.00
460.10	216.00
460.30	321.00
460.50	323.00
460.70	301.00
460.90	242.00
461.10	232.00
461.30	265.00
461.50	260.00
461.70	261.00
461.90	251.00
462.10	276.00
462.30	280.00
462.50	216.00
462.70	208.00
462.90	259.00
463.10	312.00
463.30	320.00
463.50	262.00
463.70	258.00
463.90	340.00
464.10	298.00
464.30	246.00
464.50	221.00
464.70	261.00
464.90	284.00
465.10	303.00
465.30	305.00
465.50	289.00
465.70	274.00
465.90	210.00
466.10	251.00
466.30	258.00
466.50	192.00
466.70	273.00
466.90	325.00
467.10	268.00
467.30	267.00
467.50	308.00
467.70	320.00
467.90	271.00
468.10	302.00
468.30	344.00
468.50	292.00
468.70	256.00
468.90	227.00
469.10	245.00
469.30	262.00
469.50	272.00
469.70	268.00
469.90	263.00
470.10	275.00
470.30	261.00
470.50	240.00
470.70	288.00
470.90	290.00
471.10	256.00
471.29	275.00
471.49	268.00
471.69	272.00
471.89	235.00
472.09	272.00
472.29	258.00
472.49	314.00
472.69	308.00
472.89	291.00
473.09	246.00
473.29	193.00
473.49	261.00
473.69	302.00
473.89	265.00
474.09	289.00
474.29	293.00
474.49	241.00
474.69	253.00
474.89	205.00
475.09	197.00
475.29	271.00
475.49	236.00
475.69	245.00
475.88	266.00
476.08	220.00
476.28	238.00
476.48	284.00
476.68	278.00
476.88	317.00
477.08	248.00
477.28	219.00
477.48	244.00
477.68	267.00
477.88	288.00
478.08	280.00
478.28	312.00
478.48	320.00
478.68	335.00
478.88	286.00
479.08	340.00
479.28	394.00
479.47	324.00
479.67	294.00
479.87	305.00
480.07	340.00
480.27	365.00
480.47	312.00
480.67	241.00
480.87	318.00
481.07	310.00
481.27	309.00
481.47	300.00
481.67	253.00
481.87	283.00
482.07	315.00
482.27	341.00
482.46	316.00
482.66	323.00
482.86	276.00
483.06	261.00
483.26	358.00
483.46	328.00
483.66	331.00
483.86	366.00
484.06	362.00
484.26	385.00
484.46	384.00
484.66	387.00
484.86	421.00
485.05	333.00
485.25	353.00
485.45	418.00
485.65	392.00
485.85	358.00
486.05	383.00
486.25	410.00
486.45	481.00
486.65	374.00
486.85	331.00
487.05	348.00
487.25	311.00
487.44	401.00
487.64	439.00
487.84	420.00
488.04	402.00
488.24	332.00
488.44	442.00
488.64	444.00
488.84	378.00
489.04	393.00
489.24	390.00
489.43	445.00
489.63	472.00
489.83	475.00
490.03	485.00
490.23	447.00
490.43	389.00
490.63	382.00
490.83	435.00
491.03	427.00
491.23	437.00
491.42	405.00
491.62	451.00
491.82	428.00
492.02	399.00
492.22	437.00
492.42	527.00
492.62	427.00
492.82	410.00
493.02	522.00
493.22	510.00
493.41	463.00
493.61	534.00
493.81	493.00
494.01	483.00
494.21	507.00
494.41	480.00
494.61	449.00
494.81	472.00
495.01	531.00
495.20	526.00
495.40	516.00
495.60	451.00
495.80	474.00
496.00	492.00
496.20	499.00
496.40	442.00
496.60	494.00
496.79	517.00
496.99	516.00
497.19	521.00
497.39	511.00
497.59	515.00
497.79	515.00
497.99	512.00
498.19	441.00
498.38	442.00
498.58	549.00
498.78	625.00
498.98	568.00
499.18	489.00
499.38	519.00
499.58	521.00
499.78	524.00
499.97	484.00
500.17	452.00
500.37	476.00
500.57	510.00
500.77	540.00
500.97	538.00
501.17	532.00
501.37	498.00
501.56	495.00
501.76	430.00
501.96	479.00
502.16	564.00
502.36	525.00
502.56	524.00
502.76	583.00
502.95	535.00
503.15	490.00
503.35	482.00
503.55	522.00
503.75	532.00
503.95	579.00
504.15	545.00
504.34	543.00
504.54	551.00
504.74	544.00
504.94	470.00
505.14	412.00
505.34	546.00
505.54	558.00
505.73	530.00
505.93	525.00
506.13	506.00
506.33	485.00
506.53	489.00
506.73	483.00
506.92	457.00
507.12	521.00
507.32	574.00
507.52	538.00
507.72	493.00
507.92	459.00
508.12	418.00
508.31	473.00
508.51	497.00
508.71	445.00
508.91	484.00
509.11	531.00
509.31	519.00
509.50	445.00
509.70	422.00
509.90	476.00
510.10	470.00
510.30	517.00
510.50	540.00
510.69	483.00
510.89	522.00
511.09	455.00
511.29	466.00
511.49	468.00
511.69	425.00
511.88	403.00
512.08	426.00
512.28	509.00
512.48	528.00
512.68	480.00
512.88	494.00
513.07	487.00
513.27	493.00
513.47	454.00
513.67	526.00
513.87	509.00
514.06	521.00
514.26	537.00
514.46	481.00
514.66	595.00
514.86	624.00
515.06	551.00
515.25	501.00
515.45	461.00
515.65	471.00
515.85	522.00
516.05	500.00
516.24	551.00
516.44	518.00
516.64	474.00
516.84	459.00
517.04	526.00
517.23	579.00
517.43	479.00
517.63	501.00
517.83	524.00
518.03	457.00
518.23	442.00
518.42	511.00
518.62	491.00
518.82	470.00
519.02	440.00
519.22	533.00
519.41	542.00
519.61	552.00
519.81	497.00
520.01	596.00
520.21	521.00
520.40	543.00
520.60	558.00
520.80	540.00
521.00	522.00
521.20	494.00
521.39	528.00
521.59	639.00
521.79	622.00
521.99	581.00
522.19	631.00
522.38	670.00
522.58	581.00
522.78	551.00
522.98	544.00
523.17	512.00
523.37	457.00
523.57	574.00
523.77	572.00
523.97	592.00
524.16	650.00
524.36	586.00
524.56	603.00
524.76	620.00
524.96	598.00
525.15	585.00
525.35	573.00
525.55	608.00
525.75	608.00
525.94	597.00
526.14	616.00
526.34	617.00
526.54	650.00
526.74	636.00
526.93	680.00
527.13	700.00
527.33	686.00
527.53	689.00
527.72	640.00
527.92	610.00
528.12	664.00
528.32	689.00
528.52	740.00
528.71	666.00
528.91	651.00
529.11	698.00
529.31	684.00
529.50	716.00
529.70	695.00
529.90	754.00
530.10	681.00
530.29	786.00
530.49	780.00
530.69	721.00
530.89	769.00
531.09	768.00
531.28	765.00
531.48	782.00
531.68	778.00
531.88	773.00
532.07	760.00
532.27	700.00
532.47	743.00
532.67	759.00
532.86	798.00
533.06	770.00
533.26	788.00
533.46	722.00
533.65	742.00
533.85	873.00
534.05	833.00
534.25	870.00
534.44	823.00
534.64	915.00
534.84	846.00
535.04	788.00
535.23	809.00
535.43	824.00
535.63	884.00
535.83	969.00
536.02	994.00
536.22	1024.00
536.42	1038.00
536.62	894.00
536.81	896.00
537.01	921.00
537.21	942.00
537.41	1013.00
537.60	1001.00
537.80	988.00
538.00	1004.00
538.20	1027.00
538.39	1093.00
538.59	1104.00
538.79	1056.00
538.99	1024.00
539.18	1044.00
539.38	1055.00
539.58	1156.00
539.77	1174.00
539.97	1320.00
540.17	1360.00
540.37	1382.00
540.56	1492.00
540.76	1475.00
540.96	1548.00
541.16	1560.00
541.35	1567.00
541.55	1676.00
541.75	1623.00
541.94	1744.00
542.14	1702.00
542.34	1629.00
542.54	1624.00
542.73	1511.00
542.93	1432.00
543.13	1437.00
543.33	1455.00
543.52	1516.00
543.72	1473.00
543.92	1532.00
544.11	1594.00
544.31	1507.00
544.51	1580.00
544.71	1712.00
544.90	1796.00
545.10	1771.00
545.30	1798.00
545.49	1772.00
545.69	1748.00
545.89	1780.00
546.09	1885.00
546.28	1967.00
546.48	1862.00
546.68	1740.00
546.87	1536.00
547.07	1439.00
547.27	1361.00
547.47	1323.00
547.66	1276.00
547.86	1240.00
548.06	1272.00
548.25	1299.00
548.45	1242.00
548.65	1304.00
548.84	1248.00
549.04	1242.00
549.24	1255.00
549.44	1181.00
549.63	1126.00
549.83	1188.00
550.03	1163.00
550.22	1142.00
550.42	1147.00
550.62	1211.00
550.81	1142.00
551.01	1131.00
551.21	1081.00
551.41	1119.00
551.60	1111.00
551.80	1061.00
552.00	1055.00
552.19	1103.00
552.39	1067.00
552.59	1015.00
552.78	1054.00
552.98	932.00
553.18	953.00
553.37	936.00
553.57	1073.00
553.77	999.00
553.96	972.00
554.16	961.00
554.36	992.00
554.56	932.00
554.75	937.00
554.95	944.00
555.15	1024.00
555.34	1032.00
555.54	976.00
555.74	953.00
555.93	1008.00
556.13	978.00
556.33	950.00
556.52	940.00
556.72	904.00
556.92	842.00
557.11	899.00
557.31	965.00
557.51	964.00
557.70	814.00
557.90	831.00
558.10	788.00
558.29	816.00
558.49	876.00
558.69	849.00
558.88	856.00
559.08	902.00
559.28	900.00
559.47	848.00
559.67	857.00
559.87	900.00
560.06	897.00
560.26	848.00
560.46	866.00
560.65	901.00
560.85	844.00
561.05	834.00
561.24	800.00
561.44	843.00
561.64	891.00
561.83	870.00
562.03	801.00
562.23	888.00
562.42	928.00
562.62	866.00
562.82	847.00
563.01	907.00
563.21	932.00
563.40	994.00
563.60	899.00
563.80	888.00
563.99	909.00
564.19	920.00
564.39	923.00
564.58	905.00
564.78	842.00
564.98	938.00
565.17	972.00
565.37	916.00
565.57	945.00
565.76	875.00
565.96	877.00
566.16	946.00
566.35	938.00
566.55	853.00
566.74	982.00
566.94	937.00
567.14	929.00
567.33	995.00
567.53	1014.00
567.73	1035.00
567.92	1036.00
568.12	948.00
568.32	993.00
568.51	979.00
568.71	1007.00
568.90	998.00
569.10	1014.00
569.30	963.00
569.49	877.00
569.69	966.00
569.89	969.00
570.08	1071.00
570.28	1021.00
570.47	1039.00
570.67	989.00
570.87	1022.00
571.06	1036.00
571.26	999.00
571.46	964.00
571.65	1049.00
571.85	1029.00
572.04	1022.00
572.24	1031.00
572.44	1022.00
572.63	1028.00
572.83	1043.00
573.03	1011.00
573.22	1121.00
573.42	1187.00
573.61	1094.00
573.81	1093.00
574.01	1104.00
574.20	1078.00
574.40	1026.00
574.59	1065.00
574.79	1144.00
574.99	1114.00
575.18	1141.00
575.38	1091.00
575.58	1096.00
575.77	1226.00
575.97	1269.00
576.16	1224.00
576.36	1262.00
576.56	1350.00
576.75	1245.00
576.95	1314.00
577.14	1348.00
577.34	1419.00
577.54	1239.00
577.73	1218.00
577.93	1291.00
578.12	1376.00
578.32	1371.00
578.52	1404.00
578.71	1379.00
578.91	1393.00
579.10	1414.00
579.30	1416.00
579.50	1428.00
579.69	1537.00
579.89	1462.00
580.08	1433.00
580.28	1484.00
580.48	1380.00
580.67	1460.00
580.87	1403.00
581.06	1435.00
581.26	1468.00
581.45	1438.00
581.65	1450.00
581.85	1495.00
582.04	1502.00
582.24	1640.00
582.43	1619.00
582.63	1539.00
582.83	1597.00
583.02	1603.00
583.22	1660.00
583.41	1654.00
583.61	1723.00
583.80	1737.00
584.00	1697.00
584.20	1634.00
584.39	1621.00
584.59	1719.00
584.78	1762.00
584.98	1779.00
585.17	1841.00
585.37	1823.00
585.57	1808.00
585.76	1781.00
585.96	1865.00
586.15	1845.00
586.35	1832.00
586.54	1870.00
586.74	1774.00
586.94	1815.00
587.13	1869.00
587.33	1850.00
587.52	1917.00
587.72	1943.00
587.91	1952.00
588.11	1971.00
588.31	1967.00
588.50	1995.00
588.70	1942.00
588.89	1810.00
589.09	1860.00
589.28	1968.00
589.48	1970.00
589.68	2023.00
589.87	1951.00
590.07	1870.00
590.26	1934.00
590.46	2057.00
590.65	1991.00
590.85	1983.00
591.04	2045.00
591.24	2069.00
591.44	2151.00
591.63	2108.00
591.83	2062.00
592.02	2086.00
592.22	2098.00
592.41	2126.00
592.61	2208.00
592.80	2223.00
593.00	2175.00
593.19	2321.00
593.39	2223.00
593.59	2202.00
593.78	2128.00
593.98	2131.00
594.17	2153.00
594.37	2156.00
594.56	2149.00
594.76	2156.00
594.95	2111.00
595.15	2165.00
595.34	2174.00
595.54	2168.00
595.73	2148.00
595.93	2209.00
596.13	2287.00
596.32	2185.00
596.52	2246.00
596.71	2284.00
596.91	2174.00
597.10	2227.00
597.30	2153.00
597.49	2229.00
597.69	2292.00
597.88	2329.00
598.08	2277.00
598.27	2322.00
598.47	2371.00
598.66	2316.00
598.86	2286.00
599.06	2267.00
599.25	2345.00
599.45	2214.00
599.64	2382.00
599.84	2325.00
600.03	2289.00
600.23	2333.00
600.42	2181.00
600.62	2217.00
600.81	2121.00
601.01	2199.00
601.20	2267.00
601.40	2247.00
601.59	2181.00
601.79	2151.00
601.98	2195.00
602.18	2212.00
602.37	2192.00
602.57	2178.00
602.76	2188.00
602.96	2155.00
603.15	2136.00
603.35	2126.00
603.54	2187.00
603.74	2132.00
603.93	2109.00
604.13	2140.00
604.32	2149.00
604.52	2155.00
604.71	2084.00
604.91	2076.00
605.10	2112.00
605.30	2260.00
605.49	2182.00
605.69	2190.00
605.88	2110.00
606.08	2040.00
606.27	2118.00
606.47	2165.00
606.66	2167.00
606.86	2139.00
607.05	2184.00
607.25	2179.00
607.44	2218.00
607.64	2150.00
607.83	2172.00
608.03	2236.00
608.22	2193.00
608.42	2195.00
608.61	2203.00
608.81	2244.00
609.00	2212.00
609.20	2249.00
609.39	2147.00
609.59	2292.00
609.78	2446.00
609.98	2434.00
610.17	2678.00
610.37	2978.00
610.56	3128.00
610.76	3235.00
610.95	3359.00
611.15	3491.00
611.34	3591.00
611.54	3518.00
611.73	3525.00
611.93	3250.00
612.12	2955.00
612.32	2686.00
612.51	2495.00
612.71	2439.00
612.90	2391.00
613.09	2411.00
613.29	2431.00
613.48	2396.00
613.68	2337.00
613.87	2352.00
614.07	2271.00
614.26	2249.00
614.46	2374.00
614.65	2316.00
614.85	2226.00
615.04	2167.00
615.24	2161.00
615.43	2129.00
615.63	2062.00
615.82	2127.00
616.02	2160.00
616.21	2067.00
616.40	1987.00
616.60	1963.00
616.79	1991.00
616.99	2048.00
617.18	2073.00
617.38	1934.00
617.57	1948.00
617.77	1981.00
617.96	2018.00
618.16	2029.00
618.35	2001.00
618.54	1898.00
618.74	1914.00
618.93	1983.00
619.13	1957.00
619.32	1897.00
619.52	1941.00
619.71	1981.00
619.91	2051.00
620.10	1992.00
620.30	2011.00
620.49	2039.00
620.68	2050.00
620.88	2053.00
621.07	2000.00
621.27	2007.00
621.46	2034.00
621.66	2111.00
621.85	2036.00
622.05	1990.00
622.24	2008.00
622.43	2033.00
622.63	1978.00
622.82	2092.00
623.02	2117.00
623.21	2084.00
623.41	2089.00
623.60	2097.00
623.80	2088.00
623.99	2168.00
624.18	2208.00
624.38	2191.00
624.57	2030.00
624.77	2102.00
624.96	2142.00
625.16	2094.00
625.35	2071.00
625.54	2143.00
625.74	2171.00
625.93	2207.00
626.13	2191.00
626.32	2188.00
626.52	2185.00
626.71	2173.00
626.90	2192.00
627.10	2204.00
627.29	2266.00
627.49	2250.00
627.68	2223.00
627.88	2284.00
628.07	2236.00
628.26	2225.00
628.46	2183.00
628.65	2213.00
628.85	2258.00
629.04	2230.00
629.23	2277.00
629.43	2248.00
629.62	2315.00
629.82	2313.00
630.01	2249.00
630.21	2308.00
630.40	2326.00
630.59	2449.00
630.79	2380.00
630.98	2342.00
631.18	2424.00
631.37	2473.00
631.56	2429.00
631.76	2374.00
631.95	2411.00
632.15	2342.00
632.34	2370.00
632.53	2320.00
632.73	2367.00
632.92	2437.00
633.12	2351.00
633.31	2405.00
633.50	2454.00
633.70	2434.00
633.89	2365.00
634.09	2344.00
634.28	2357.00
634.47	2407.00
634.67	2457.00
634.86	2442.00
635.06	2416.00
635.25	2580.00
635.44	2535.00
635.64	2527.00
635.83	2551.00
636.03	2530.00
636.22	2510.00
636.41	2613.00
636.61	2552.00
636.80	2421.00
637.00	2435.00
637.19	2483.00
637.38	2625.00
637.58	2746.00
637.77	2669.00
637.96	2605.00
638.16	2554.00
638.35	2630.00
638.55	2623.00
638.74	2598.00
638.93	2777.00
639.13	2665.00
639.32	2741.00
639.51	2679.00
639.71	2659.00
639.90	2785.00
640.10	2661.00
640.29	2615.00
640.48	2665.00
640.68	2808.00
640.87	2818.00
641.07	2763.00
641.26	2884.00
641.45	2783.00
641.65	2894.00
641.84	2889.00
642.03	2812.00
642.23	3010.00
642.42	2880.00
642.61	2813.00
642.81	2944.00
643.00	2868.00
643.20	2885.00
643.39	2988.00
643.58	2899.00
643.78	2904.00
643.97	2914.00
644.16	2878.00
644.36	2852.00
644.55	2892.00
644.74	3002.00
644.94	3075.00
645.13	3023.00
645.33	3026.00
645.52	3120.00
645.71	3047.00
645.91	3115.00
646.10	3103.00
646.29	3069.00
646.49	2888.00
646.68	2963.00
646.87	2931.00
647.07	3062.00
647.26	3180.00
647.45	3158.00
647.65	3140.00
647.84	3237.00
648.03	3243.00
648.23	3158.00
648.42	3251.00
648.62	3224.00
648.81	3254.00
649.00	3132.00
649.20	3101.00
649.39	3135.00
649.58	3244.00
649.78	3267.00
649.97	3184.00
650.16	3161.00
650.36	3167.00
650.55	3294.00
650.74	3307.00
650.94	3256.00
651.13	3274.00
651.32	3230.00
651.52	3195.00
651.71	3219.00
651.90	3226.00
652.10	3281.00
652.29	3279.00
652.48	3394.00
652.68	3382.00
652.87	3311.00
653.06	3256.00
653.26	3307.00
653.45	3281.00
653.64	3153.00
653.84	3288.00
654.03	3304.00
654.22	3275.00
654.42	3195.00
654.61	3290.00
654.80	3282.00
654.99	3262.00
655.19	3199.00
655.38	3196.00
655.57	3197.00
655.77	3343.00
655.96	3293.00
656.15	3268.00
656.35	3288.00
656.54	3230.00
656.73	3332.00
656.93	3363.00
657.12	3246.00
657.31	3158.00
657.51	3149.00
657.70	3166.00
657.89	3175.00
658.09	3277.00
658.28	3283.00
658.47	3246.00
658.66	3289.00
658.86	3250.00
659.05	3241.00
659.24	3149.00
659.44	3115.00
659.63	3274.00
659.82	3303.00
660.02	3296.00
660.21	3173.00
660.40	3217.00
660.60	3241.00
660.79	3109.00
660.98	3104.00
661.17	3193.00
661.37	3232.00
661.56	3166.00
661.75	3238.00
661.95	3216.00
662.14	3301.00
662.33	3190.00
662.52	3169.00
662.72	3205.00
662.91	3282.00
663.10	3277.00
663.30	3111.00
663.49	3046.00
663.68	3161.00
663.88	3111.00
664.07	3152.00
664.26	3107.00
664.45	3055.00
664.65	2998.00
664.84	3073.00
665.03	3110.00
665.23	3143.00
665.42	3234.00
665.61	3133.00
665.80	3050.00
666.00	2971.00
666.19	3000.00
666.38	3089.00
666.57	3152.00
666.77	3071.00
666.96	2984.00
667.15	3092.00
667.35	3120.00
667.54	3096.00
667.73	3016.00
667.92	2972.00
668.12	2976.00
668.31	3046.00
668.50	3034.00
668.70	3018.00
668.89	2886.00
669.08	2942.00
669.27	2851.00
669.47	2921.00
669.66	2905.00
669.85	2925.00
670.04	2969.00
670.24	2991.00
670.43	2959.00
670.62	2935.00
670.81	2797.00
671.01	2857.00
671.20	2829.00
671.39	2788.00
671.58	2863.00
671.78	2928.00
671.97	2844.00
672.16	2896.00
672.36	2936.00
672.55	2866.00
672.74	2842.00
672.93	2838.00
673.13	2852.00
673.32	2872.00
673.51	2799.00
673.70	2785.00
673.90	2863.00
674.09	2832.00
674.28	2780.00
674.47	2844.00
674.67	2830.00
674.86	2804.00
675.05	2874.00
675.24	2876.00
675.44	2822.00
675.63	2839.00
675.82	2896.00
676.01	2851.00
676.21	2748.00
676.40	2799.00
676.59	2700.00
676.78	2738.00
676.97	2778.00
677.17	2726.00
677.36	2710.00
677.55	2762.00
677.74	2751.00
677.94	2739.00
678.13	2795.00
678.32	2805.00
678.51	2885.00
678.71	2849.00
678.90	2818.00
679.09	2792.00
679.28	2762.00
679.48	2814.00
679.67	2822.00
679.86	2717.00
680.05	2788.00
680.24	2789.00
680.44	2717.00
680.63	2621.00
680.82	2627.00
681.01	2686.00
681.21	2693.00
681.40	2602.00
681.59	2608.00
681.78	2688.00
681.97	2605.00
682.17	2603.00
682.36	2577.00
682.55	2634.00
682.74	2668.00
682.94	2684.00
683.13	2673.00
683.32	2679.00
683.51	2657.00
683.70	2704.00
683.90	2702.00
684.09	2697.00
684.28	2638.00
684.47	2633.00
684.66	2626.00
684.86	2617.00
685.05	2582.00
685.24	2641.00
685.43	2582.00
685.63	2525.00
685.82	2534.00
686.01	2657.00
686.20	2623.00
686.39	2521.00
686.59	2521.00
686.78	2587.00
686.97	2701.00
687.16	2755.00
687.35	2807.00
687.55	2709.00
687.74	2611.00
687.93	2617.00
688.12	2637.00
688.31	2678.00
688.51	2642.00
688.70	2683.00
688.89	2633.00
689.08	2665.00
689.27	2679.00
689.47	2597.00
689.66	2557.00
689.85	2663.00
690.04	2647.00
690.23	2589.00
690.42	2700.00
690.62	2627.00
690.81	2576.00
691.00	2608.00
691.19	2612.00
691.38	2620.00
691.58	2630.00
691.77	2670.00
691.96	2580.00
692.15	2590.00
692.34	2546.00
692.54	2551.00
692.73	2529.00
692.92	2576.00
693.11	2649.00
693.30	2629.00
693.49	2692.00
693.69	2694.00
693.88	2700.00
694.07	2638.00
694.26	2628.00
694.45	2654.00
694.64	2517.00
694.84	2524.00
695.03	2573.00
695.22	2636.00
695.41	2519.00
695.60	2548.00
695.80	2638.00
695.99	2606.00
696.18	2500.00
696.37	2620.00
696.56	2704.00
696.75	2663.00
696.95	2655.00
697.14	2634.00
697.33	2620.00
697.52	2640.00
697.71	2648.00
697.90	2705.00
698.09	2633.00
698.29	2610.00
698.48	2706.00
698.67	2706.00
698.86	2617.00
699.05	2780.00
699.24	2781.00
699.44	2691.00
699.63	2755.00
699.82	2739.00
700.01	2686.00
700.20	2631.00
700.39	2644.00
700.58	2690.00
700.78	2670.00
700.97	2717.00
701.16	2653.00
701.35	2742.00
701.54	2745.00
701.73	2771.00
701.93	2742.00
702.12	2719.00
702.31	2693.00
702.50	2814.00
702.69	2851.00
702.88	2829.00
703.07	2929.00
703.27	2958.00
703.46	2913.00
703.65	2878.00
703.84	2889.00
704.03	2894.00
704.22	2913.00
704.41	2882.00
704.60	2859.00
704.80	2892.00
704.99	2859.00
705.18	2897.00
705.37	2891.00
705.56	2944.00
705.75	2956.00
705.94	3036.00
706.14	2960.00
706.33	2922.00
706.52	2838.00
706.71	2996.00
706.90	3086.00
707.09	3066.00
707.28	3059.00
707.47	3015.00
707.67	3050.00
707.86	3159.00
708.05	3049.00
708.24	3147.00
708.43	3175.00
708.62	3137.00
708.81	3205.00
709.00	3253.00
709.20	3223.00
709.39	3172.00
709.58	3095.00
709.77	3081.00
709.96	3129.00
710.15	3177.00
710.34	3216.00
710.53	3110.00
710.72	3130.00
710.92	2992.00
711.11	3068.00
711.30	3132.00
711.49	3089.00
711.68	3199.00
711.87	3168.00
712.06	3184.00
712.25	3236.00
712.44	3187.00
712.64	3274.00
712.83	3268.00
713.02	3344.00
713.21	3358.00
713.40	3284.00
713.59	3283.00
713.78	3310.00
713.97	3250.00
714.16	3227.00
714.35	3228.00
714.55	3309.00
714.74	3371.00
714.93	3333.00
715.12	3304.00
715.31	3234.00
715.50	3250.00
715.69	3337.00
715.88	3217.00
716.07	3272.00
716.26	3285.00
716.45	3297.00
716.65	3291.00
716.84	3294.00
717.03	3288.00
717.22	3369.00
717.41	3408.00
717.60	3300.00
717.79	3381.00
717.98	3400.00
718.17	3346.00
718.36	3390.00
718.55	3410.00
718.75	3419.00
718.94	3350.00
719.13	3363.00
719.32	3413.00
719.51	3315.00
719.70	3411.00
719.89	3477.00
720.08	3361.00
720.27	3386.00
720.46	3436.00
720.65	3388.00
720.84	3381.00
721.03	3461.00
721.22	3511.00
721.42	3464.00
721.61	3498.00
721.80	3444.00
721.99	3346.00
722.18	3416.00
722.37	3446.00
722.56	3397.00
722.75	3478.00
722.94	3399.00
723.13	3436.00
723.32	3395.00
723.51	3446.00
723.70	3427.00
723.89	3510.00
724.08	3486.00
724.28	3442.00
724.47	3475.00
724.66	3417.00
724.85	3545.00
725.04	3525.00
725.23	3509.00
725.42	3551.00
725.61	3511.00
725.80	3539.00
725.99	3447.00
726.18	3558.00
726.37	3558.00
726.56	3550.00
726.75	3461.00
726.94	3390.00
727.13	3517.00
727.32	3425.00
727.51	3443.00
727.71	3473.00
727.90	3555.00
728.09	3447.00
728.28	3412.00
728.47	3381.00
728.66	3431.00
728.85	3433.00
729.04	3291.00
729.23	3364.00
729.42	3446.00
729.61	3438.00
729.80	3430.00
729.99	3474.00
730.18	3528.00
730.37	3501.00
730.56	3527.00
730.75	3353.00
730.94	3367.00
731.13	3512.00
731.32	3439.00
731.51	3398.00
731.70	3393.00
731.89	3468.00
732.08	3502.00
732.27	3472.00
732.46	3411.00
732.65	3394.00
732.84	3338.00
733.04	3475.00
733.23	3468.00
733.42	3409.00
733.61	3413.00
733.80	3461.00
733.99	3454.00
734.18	3520.00
734.37	3458.00
734.56	3327.00
734.75	3313.00
734.94	3401.00
735.13	3330.00
735.32	3189.00
735.51	3182.00
735.70	3251.00
735.89	3303.00
736.08	3267.00
736.27	3360.00
736.46	3185.00
736.65	3287.00
736.84	3300.00
737.03	3234.00
737.22	3242.00
737.41	3290.00
737.60	3261.00
737.79	3334.00
737.98	3259.00
738.17	3297.00
738.36	3311.00
738.55	3179.00
738.74	3279.00
738.93	3259.00
739.12	3215.00
739.31	3217.00
739.50	3174.00
739.69	3215.00
739.88	3205.00
740.07	3164.00
740.26	3165.00
740.45	3313.00
740.64	3328.00
740.83	3194.00
741.02	3108.00
741.21	3117.00
741.40	3219.00
741.59	3082.00
741.78	3033.00
741.97	3108.00
742.16	3047.00
742.35	3068.00
742.54	3101.00
742.73	3054.00
742.92	2980.00
743.11	3024.00
743.30	3060.00
743.49	2944.00
743.68	3063.00
743.87	3108.00
744.06	3110.00
744.25	2974.00
744.44	2942.00
744.63	3058.00
744.82	3204.00
745.01	3065.00
745.20	2983.00
745.39	2971.00
745.58	2983.00
745.77	2950.00
745.96	2958.00
746.15	2889.00
746.34	2987.00
746.52	2925.00
746.71	2971.00
746.90	2975.00
747.09	2908.00
747.28	2949.00
747.47	2890.00
747.66	2928.00
747.85	2863.00
748.04	2932.00
748.23	2878.00
748.42	2769.00
748.61	2778.00
748.80	2820.00
748.99	2834.00
749.18	2839.00
749.37	2819.00
749.56	2775.00
749.75	2702.00
749.94	2697.00
750.13	2723.00
750.32	2810.00
750.51	2857.00
750.70	2777.00
750.89	2724.00
751.08	2744.00
751.27	2775.00
751.46	2624.00
751.64	2687.00
751.83	2708.00
752.02	2740.00
752.21	2714.00
752.40	2726.00
752.59	2698.00
752.78	2746.00
752.97	2694.00
753.16	2699.00
753.35	2701.00
753.54	2711.00
753.73	2689.00
753.92	2697.00
754.11	2624.00
754.30	2602.00
754.49	2688.00
754.68	2724.00
754.87	2698.00
755.06	2650.00
755.24	2669.00
755.43	2558.00
755.62	2588.00
755.81	2507.00
756.00	2573.00
756.19	2636.00
756.38	2691.00
756.57	2634.00
756.76	2518.00
756.95	2544.00
757.14	2584.00
757.33	2537.00
757.52	2471.00
757.71	2489.00
757.90	2584.00
758.08	2580.00
758.27	2513.00
758.46	2549.00
758.65	2505.00
758.84	2484.00
759.03	2440.00
759.22	2534.00
759.41	2465.00
759.60	2408.00
759.79	2526.00
759.98	2528.00
760.17	2463.00
760.36	2384.00
760.54	2338.00
760.73	2461.00
760.92	2498.00
761.11	2441.00
761.30	2394.00
761.49	2377.00
761.68	2357.00
761.87	2313.00
762.06	2315.00
762.25	2331.00
762.44	2158.00
762.63	2143.00
762.81	2153.00
763.00	2143.00
763.19	2071.00
763.38	2029.00
763.57	2095.00
763.76	2136.00
763.95	2144.00
764.14	2083.00
764.33	2003.00
764.52	2126.00
764.71	2126.00
764.89	2172.00
765.08	2070.00
765.27	2141.00
765.46	2141.00
765.65	2125.00
765.84	2072.00
766.03	2145.00
766.22	2154.00
766.41	2060.00
766.59	2109.00
766.78	2184.00
766.97	2190.00
767.16	2243.00
767.35	2264.00
767.54	2338.00
767.73	2376.00
767.92	2405.00
768.11	2301.00
768.30	2300.00
768.48	2301.00
768.67	2382.00
768.86	2405.00
769.05	2417.00
769.24	2380.00
769.43	2403.00
769.62	2447.00
769.81	2453.00
769.99	2233.00
770.18	2240.00
770.37	2351.00
770.56	2372.00
770.75	2304.00
770.94	2374.00
771.13	2446.00
771.32	2358.00
771.50	2332.00
771.69	2288.00
771.88	2255.00
772.07	2337.00
772.26	2373.00
772.45	2324.00
772.64	2304.00
772.83	2313.00
773.01	2297.00
773.20	2340.00
773.39	2358.00
773.58	2300.00
773.77	2302.00
773.96	2397.00
774.15	2366.00
774.34	2307.00
774.52	2296.00
774.71	2279.00
774.90	2344.00
775.09	2337.00
775.28	2258.00
775.47	2382.00
775.66	2362.00
775.84	2322.00
776.03	2333.00
776.22	2213.00
776.41	2199.00
776.60	2219.00
776.79	2201.00
776.98	2200.00
777.16	2341.00
777.35	2236.00
777.54	2209.00
777.73	2271.00
777.92	2338.00
778.11	2321.00
778.29	2354.00
778.48	2313.00
778.67	2243.00
778.86	2189.00
779.05	2183.00
779.24	2195.00
779.43	2185.00
779.61	2310.00
779.80	2303.00
779.99	2336.00
780.18	2327.00
780.37	2323.00
780.56	2285.00
780.74	2294.00
780.93	2216.00
781.12	2215.00
781.31	2236.00
781.50	2309.00
781.69	2265.00
781.87	2284.00
782.06	2290.00
782.25	2292.00
782.44	2279.00
782.63	2259.00
782.82	2274.00
783.00	2349.00
783.19	2378.00
783.38	2318.00
783.57	2348.00
783.76	2301.00
783.95	2426.00
784.13	2393.00
784.32	2457.00
784.51	2372.00
784.70	2401.00
784.89	2381.00
785.08	2295.00
785.26	2322.00
785.45	2426.00
785.64	2345.00
785.83	2286.00
786.02	2300.00
786.20	2339.00
786.39	2245.00
786.58	2225.00
786.77	2241.00
786.96	2326.00
787.15	2332.00
787.33	2305.00
787.52	2292.00
787.71	2313.00
787.90	2391.00
788.09	2420.00
788.27	2313.00
788.46	2398.00
788.65	2382.00
788.84	2400.00
789.03	2372.00
789.21	2315.00
789.40	2299.00
789.59	2465.00
789.78	2430.00
789.97	2376.00
790.15	2390.00
790.34	2362.00
790.53	2355.00
790.72	2397.00
790.91	2302.00
791.09	2375.00
791.28	2375.00
791.47	2480.00
791.66	2498.00
791.85	2515.00
792.03	2478.00
792.22	2492.00
792.41	2462.00
792.60	2567.00
792.79	2486.00
792.97	2449.00
793.16	2442.00
793.35	2443.00
793.54	2551.00
793.72	2513.00
793.91	2409.00
794.10	2447.00
794.29	2497.00
794.48	2516.00
794.66	2511.00
794.85	2393.00
795.04	2424.00
795.23	2516.00
795.42	2460.00
795.60	2506.00
795.79	2455.00
795.98	2460.00
796.17	2470.00
796.35	2502.00
796.54	2491.00
796.73	2505.00
796.92	2490.00
797.11	2481.00
797.29	2499.00
797.48	2551.00
797.67	2546.00
797.86	2501.00
798.04	2492.00
798.23	2456.00
798.42	2590.00
798.61	2497.00
798.79	2452.00
798.98	2486.00
799.17	2512.00
799.36	2507.00
799.54	2507.00
799.73	2470.00
799.92	2439.00
800.11	2480.00
800.30	2512.00
800.48	2505.00
800.67	2519.00
800.86	2607.00
801.05	2484.00
801.23	2442.00
801.42	2444.00
801.61	2525.00
801.80	2643.00
801.98	2564.00
802.17	2557.00
802.36	2478.00
802.55	2489.00
802.73	2583.00
802.92	2548.00
803.11	2592.00
803.30	2537.00
803.48	2455.00
803.67	2531.00
803.86	2562.00
804.05	2614.00
804.23	2541.00
804.42	2582.00
804.61	2642.00
804.80	2569.00
804.98	2507.00
805.17	2549.00
805.36	2561.00
805.54	2593.00
805.73	2601.00
805.92	2617.00
806.11	2616.00
806.29	2534.00
806.48	2537.00
806.67	2531.00
806.86	2574.00
807.04	2562.00
807.23	2549.00
807.42	2628.00
807.61	2659.00
807.79	2735.00
807.98	2611.00
808.17	2603.00
808.35	2622.00
808.54	2552.00
808.73	2576.00
808.92	2584.00
809.10	2661.00
809.29	2627.00
809.48	2658.00
809.67	2532.00
809.85	2562.00
810.04	2532.00
810.23	2581.00
810.41	2569.00
810.60	2620.00
810.79	2483.00
810.98	2588.00
811.16	2595.00
811.35	2548.00
811.54	2574.00
811.72	2501.00
811.91	2474.00
812.10	2509.00
812.29	2494.00
812.47	2481.00
812.66	2463.00
812.85	2597.00
813.03	2642.00
813.22	2529.00
813.41	2541.00
813.60	2538.00
813.78	2563.00
813.97	2519.00
814.16	2594.00
814.34	2567.00
814.53	2549.00
814.72	2584.00
814.90	2572.00
815.09	2567.00
815.28	2559.00
815.47	2525.00
815.65	2474.00
815.84	2532.00
816.03	2518.00
816.21	2513.00
816.40	2533.00
816.59	2475.00
816.77	2528.00
816.96	2577.00
817.15	2587.00
817.33	2564.00
817.52	2516.00
817.71	2520.00
817.90	2520.00
818.08	2562.00
818.27	2576.00
818.46	2554.00
818.64	2602.00
818.83	2550.00
819.02	2601.00
819.20	2558.00
819.39	2551.00
819.58	2551.00
819.76	2561.00
819.95	2497.00
820.14	2529.00
820.32	2627.00
820.51	2571.00
820.70	2607.00
820.88	2559.00
821.07	2492.00
821.26	2484.00
821.44	2564.00
821.63	2629.00
821.82	2533.00
822.01	2568.00
822.19	2510.00
822.38	2488.00
822.57	2438.00
822.75	2444.00
822.94	2526.00
823.13	2525.00
823.31	2528.00
823.50	2547.00
823.69	2468.00
823.87	2535.00
824.06	2488.00
824.25	2470.00
824.43	2442.00
824.62	2466.00
824.80	2434.00
824.99	2486.00
825.18	2483.00
825.36	2335.00
825.55	2423.00
825.74	2433.00
825.92	2457.00
826.11	2516.00
826.30	2427.00
826.48	2371.00
826.67	2366.00
826.86	2386.00
827.04	2390.00
827.23	2331.00
827.42	2476.00
827.60	2435.00
827.79	2399.00
827.98	2423.00
828.16	2453.00
828.35	2346.00
828.54	2389.00
828.72	2458.00
828.91	2432.00
829.09	2408.00
829.28	2441.00
829.47	2401.00
829.65	2395.00
829.84	2328.00
830.03	2370.00
830.21	2387.00
830.40	2454.00
830.59	2344.00
830.77	2354.00
830.96	2365.00
831.14	2289.00
831.33	2265.00
831.52	2354.00
831.70	2357.00
831.89	2346.00
832.08	2311.00
832.26	2370.00
832.45	2335.00
832.64	2370.00
832.82	2293.00
833.01	2286.00
833.19	2247.00
833.38	2305.00
833.57	2389.00
833.75	2357.00
833.94	2359.00
834.13	2407.00
834.31	2390.00
834.50	2342.00
834.68	2254.00
834.87	2277.00
835.06	2307.00
835.24	2335.00
835.43	2263.00
835.61	2291.00
835.80	2298.00
835.99	2261.00
836.17	2277.00
836.36	2339.00
836.55	2335.00
836.73	2221.00
836.92	2211.00
837.10	2351.00
837.29	2261.00
837.48	2314.00
837.66	2257.00
837.85	2246.00
838.03	2134.00
838.22	2222.00
838.41	2201.00
838.59	2291.00
838.78	2247.00
838.96	2221.00
839.15	2283.00
839.34	2179.00
839.52	2186.00
839.71	2232.00
839.89	2215.00
840.08	2248.00
840.27	2184.00
840.45	2187.00
840.64	2230.00
840.82	2208.00
841.01	2190.00
841.20	2224.00
841.38	2302.00
841.57	2231.00
841.75	2266.00
841.94	2187.00
842.13	2128.00
842.31	2091.00
842.50	2135.00
842.68	2129.00
842.87	2197.00
843.05	2228.00
843.24	2136.00
843.43	2136.00
843.61	2095.00
843.80	2059.00
843.98	2120.00
844.17	2154.00
844.36	2184.00
844.54	2064.00
844.73	2094.00
844.91	2068.00
845.10	2023.00
845.28	2118.00
845.47	2146.00
845.66	2183.00
845.84	2022.00
846.03	2015.00
846.21	2069.00
846.40	2089.00
846.58	1990.00
846.77	1995.00
846.96	1934.00
847.14	2015.00
847.33	2021.00
847.51	1981.00
847.70	2043.00
847.88	2123.00
848.07	2036.00
848.25	2011.00
848.44	2025.00
848.63	2012.00
848.81	1968.00
849.00	1880.00
849.18	1911.00
849.37	1996.00
849.55	1910.00
849.74	1978.00
849.93	1952.00
850.11	1999.00
850.30	1910.00
850.48	1827.00
850.67	1875.00
850.85	1904.00
851.04	1939.00
851.22	1859.00
851.41	1968.00
851.59	1935.00
851.78	1880.00
851.97	1954.00
852.15	1885.00
852.34	1910.00
852.52	1952.00
852.71	1960.00
852.89	1975.00
853.08	2001.00
853.26	1923.00
853.45	1892.00
853.63	1818.00
853.82	1927.00
854.01	1904.00
854.19	1901.00
854.38	1800.00
854.56	1827.00
854.75	1824.00
854.93	1894.00
855.12	1900.00
855.30	1900.00
855.49	1816.00
855.67	1808.00
855.86	1867.00
856.04	1918.00
856.23	1922.00
856.41	1910.00
856.60	1826.00
856.79	1853.00
856.97	1763.00
857.16	1767.00
857.34	1795.00
857.53	1837.00
857.71	1835.00
857.90	1802.00
858.08	1776.00
858.27	1791.00
858.45	1845.00
858.64	1861.00
858.82	1809.00
859.01	1830.00
859.19	1839.00
859.38	1760.00
859.56	1734.00
859.75	1788.00
859.93	1747.00
860.12	1678.00
860.30	1754.00
860.49	1835.00
860.67	1732.00
860.86	1771.00
861.04	1839.00
861.23	1819.00
861.41	1836.00
861.60	1770.00
861.78	1802.00
861.97	1819.00
862.15	1741.00
862.34	1724.00
862.53	1709.00
862.71	1773.00
862.90	1722.00
863.08	1659.00
863.27	1692.00
863.45	1649.00
863.64	1664.00
863.82	1647.00
864.01	1611.00
864.19	1628.00
864.37	1658.00
864.56	1610.00
864.74	1698.00
864.93	1713.00
865.11	1674.00
865.30	1691.00
865.48	1673.00
865.67	1653.00
865.85	1711.00
866.04	1657.00
866.22	1619.00
866.41	1522.00
866.59	1526.00
866.78	1586.00
866.96	1630.00
867.15	1588.00
867.33	1639.00
867.52	1535.00
867.70	1533.00
867.89	1565.00
868.07	1642.00
868.26	1672.00
868.44	1613.00
868.63	1627.00
868.81	1542.00
869.00	1587.00
869.18	1572.00
869.37	1515.00
869.55	1582.00
869.74	1649.00
869.92	1514.00
870.10	1528.00
870.29	1456.00
870.47	1419.00
870.66	1535.00
870.84	1551.00
871.03	1516.00
871.21	1558.00
871.40	1527.00
871.58	1481.00
871.77	1523.00
871.95	1544.00
872.14	1461.00
872.32	1479.00
872.51	1478.00
872.69	1505.00
872.87	1518.00
873.06	1430.00
873.24	1511.00
873.43	1543.00
873.61	1431.00
873.80	1437.00
873.98	1459.00
874.17	1394.00
874.35	1419.00
874.54	1403.00
874.72	1507.00
874.90	1409.00
875.09	1465.00
875.27	1535.00
875.46	1468.00
875.64	1479.00
875.83	1511.00
876.01	1489.00
876.20	1504.00
876.38	1412.00
876.56	1386.00
876.75	1398.00
876.93	1409.00
877.12	1428.00
877.30	1418.00
877.49	1405.00
877.67	1409.00
877.86	1446.00
878.04	1356.00
878.22	1435.00
878.41	1448.00
878.59	1442.00
878.78	1375.00
878.96	1412.00
879.15	1478.00
879.33	1370.00
879.51	1453.00
879.70	1446.00
879.88	1380.00
880.07	1397.00
880.25	1411.00
880.44	1347.00
880.62	1415.00
880.80	1410.00
880.99	1353.00
881.17	1386.00
881.36	1376.00
881.54	1348.00
881.73	1459.00
881.91	1468.00
882.09	1377.00
882.28	1448.00
882.46	1374.00
882.65	1334.00
882.83	1376.00
883.02	1412.00
883.20	1420.00
883.38	1331.00
883.57	1415.00
883.75	1408.00
883.94	1414.00
884.12	1368.00
884.30	1345.00
884.49	1403.00
884.67	1418.00
884.86	1291.00
885.04	1296.00
885.22	1295.00
885.41	1342.00
885.59	1393.00
885.78	1391.00
885.96	1340.00
886.14	1325.00
886.33	1285.00
886.51	1362.00
886.70	1337.00
886.88	1364.00
887.06	1362.00
887.25	1290.00
887.43	1363.00
887.62	1331.00
887.80	1336.00
887.98	1347.00
888.17	1267.00
888.35	1441.00
888.54	1455.00
888.72	1390.00
888.90	1364.00
889.09	1357.00
889.27	1397.00
889.46	1329.00
889.64	1399.00
889.82	1384.00
890.01	1322.00
890.19	1324.00
890.38	1270.00
890.56	1278.00
890.74	1334.00
890.93	1319.00
891.11	1288.00
891.29	1375.00
891.48	1341.00
891.66	1335.00
891.85	1334.00
892.03	1318.00
892.21	1348.00
892.40	1315.00
892.58	1330.00
892.76	1349.00
892.95	1371.00
893.13	1386.00
893.32	1407.00
893.50	1347.00
893.68	1352.00
893.87	1321.00
894.05	1321.00
894.23	1315.00
894.42	1362.00
894.60	1340.00
894.79	1398.00
894.97	1385.00
895.15	1330.00
895.34	1383.00
895.52	1346.00
895.70	1411.00
895.89	1267.00
896.07	1345.00
896.25	1343.00
896.44	1351.00
896.62	1332.00
896.81	1333.00
896.99	1328.00
897.17	1352.00
897.36	1402.00
897.54	1398.00
897.72	1454.00
897.91	1354.00
898.09	1362.00
898.27	1349.00
898.46	1367.00
898.64	1383.00
898.82	1383.00
899.01	1355.00
899.19	1374.00
899.37	1395.00
899.56	1335.00
899.74	1417.00
899.92	1364.00
900.11	1307.00
900.29	1388.00
900.47	1446.00
900.66	1473.00
900.84	1520.00
901.03	1439.00
901.21	1424.00
901.39	1511.00
901.58	1438.00
901.76	1370.00
901.94	1364.00
902.13	1432.00
902.31	1493.00
902.49	1453.00
902.68	1433.00
902.86	1438.00
903.04	1402.00
903.23	1439.00
903.41	1510.00
903.59	1460.00
903.78	1501.00
903.96	1503.00
904.14	1498.00
904.32	1497.00
904.51	1390.00
904.69	1310.00
904.87	1392.00
905.06	1479.00
905.24	1499.00
905.42	1489.00
905.61	1507.00
905.79	1466.00
905.97	1451.00
906.16	1462.00
906.34	1491.00
906.52	1581.00
906.71	1471.00
906.89	1467.00
907.07	1529.00
907.26	1472.00
907.44	1496.00
907.62	1490.00
907.81	1512.00
907.99	1527.00
908.17	1498.00
908.35	1602.00
908.54	1559.00
908.72	1472.00
908.90	1431.00
909.09	1403.00
909.27	1453.00
909.45	1495.00
909.64	1600.00
909.82	1515.00
910.00	1464.00
910.18	1457.00
910.37	1571.00
910.55	1542.00
910.73	1533.00
910.92	1520.00
911.10	1502.00
911.28	1457.00
911.47	1461.00
911.65	1409.00
911.83	1552.00
912.01	1473.00
912.20	1440.00
912.38	1458.00
912.56	1396.00
912.75	1458.00
912.93	1443.00
913.11	1462.00
913.29	1463.00
913.48	1508.00
913.66	1499.00
913.84	1440.00
914.03	1425.00
914.21	1429.00
914.39	1536.00
914.57	1558.00
914.76	1446.00
914.94	1447.00
915.12	1480.00
915.31	1454.00
915.49	1417.00
915.67	1409.00
915.85	1473.00
916.04	1482.00
916.22	1445.00
916.40	1418.00
916.58	1409.00
916.77	1366.00
916.95	1433.00
917.13	1398.00
917.32	1413.00
917.50	1419.00
917.68	1459.00
917.86	1461.00
918.05	1389.00
918.23	1372.00
918.41	1436.00
918.59	1417.00
918.78	1445.00
918.96	1503.00
919.14	1414.00
919.32	1360.00
919.51	1310.00
919.69	1327.00
919.87	1365.00
920.05	1397.00
920.24	1362.00
920.42	1327.00
920.60	1305.00
920.78	1299.00
920.97	1339.00
921.15	1345.00
921.33	1331.00
921.52	1338.00
921.70	1387.00
921.88	1382.00
922.06	1374.00
922.24	1373.00
922.43	1311.00
922.61	1390.00
922.79	1319.00
922.97	1329.00
923.16	1279.00
923.34	1357.00
923.52	1297.00
923.70	1333.00
923.89	1341.00
924.07	1323.00
924.25	1303.00
924.43	1344.00
924.62	1318.00
924.80	1315.00
924.98	1310.00
925.16	1376.00
925.35	1332.00
925.53	1325.00
925.71	1304.00
925.89	1263.00
926.08	1320.00
926.26	1314.00
926.44	1307.00
926.62	1356.00
926.80	1360.00
926.99	1276.00
927.17	1203.00
927.35	1280.00
927.53	1350.00
927.72	1262.00
927.90	1224.00
928.08	1232.00
928.26	1332.00
928.44	1183.00
928.63	1267.00
928.81	1240.00
928.99	1302.00
929.17	1246.00
929.36	1163.00
929.54	1313.00
929.72	1256.00
929.90	1227.00
930.08	1181.00
930.27	1186.00
930.45	1200.00
930.63	1224.00
930.81	1214.00
930.99	1245.00
931.18	1221.00
931.36	1168.00
931.54	1138.00
931.72	1205.00
931.90	1252.00
932.09	1194.00
932.27	1162.00
932.45	1135.00
932.63	1113.00
932.81	1116.00
933.00	1157.00
933.18	1087.00
933.36	1087.00
933.54	1155.00
933.72	1034.00
933.91	1128.00
934.09	1110.00
934.27	1042.00
934.45	1083.00
934.63	1063.00
934.82	1004.00
935.00	989.00
935.18	995.00
935.36	966.00
935.54	967.00
935.73	942.00
935.91	920.00
936.09	968.00
936.27	981.00
936.45	941.00
936.64	843.00
936.82	926.00
937.00	954.00
937.18	942.00
937.36	901.00
937.54	826.00
937.73	821.00
937.91	895.00
938.09	863.00
938.27	836.00
938.45	835.00
938.63	783.00
938.82	766.00
939.00	796.00
939.18	750.00
939.36	798.00
939.54	774.00
939.73	671.00
939.91	690.00
940.09	715.00
940.27	681.00
940.45	715.00
940.63	699.00
940.82	631.00
941.00	663.00
941.18	689.00
941.36	731.00
941.54	708.00
941.72	639.00
941.91	620.00
942.09	661.00
942.27	609.00
942.45	628.00
942.63	608.00
942.81	582.00
942.99	605.00
943.18	603.00
943.36	548.00
943.54	602.00
943.72	687.00
943.90	648.00
944.08	613.00
944.27	560.00
944.45	549.00
944.63	578.00
944.81	588.00
944.99	554.00
945.17	622.00
945.35	592.00
945.54	651.00
945.72	614.00
945.90	589.00
946.08	585.00
946.26	618.00
946.44	604.00
946.62	541.00
946.81	591.00
946.99	553.00
947.17	519.00
947.35	546.00
947.53	581.00
947.71	594.00
947.89	572.00
948.07	513.00
948.26	517.00
948.44	575.00
948.62	605.00
948.80	616.00
948.98	593.00
949.16	636.00
949.34	592.00
949.53	647.00
949.71	584.00
949.89	585.00
950.07	662.00
950.25	608.00
950.43	571.00
950.61	644.00
950.79	597.00
950.98	555.00
951.16	668.00
951.34	611.00
951.52	654.00
951.70	603.00
951.88	614.00
952.06	504.00
952.24	553.00
952.42	623.00
952.61	556.00
952.79	485.00
952.97	578.00
953.15	583.00
953.33	564.00
953.51	528.00
953.69	584.00
953.87	563.00
954.05	569.00
954.24	560.00
954.42	668.00
954.60	622.00
954.78	601.00
954.96	578.00
955.14	600.00
955.32	644.00
955.50	571.00
955.68	533.00
955.86	623.00
956.05	610.00
956.23	614.00
956.41	563.00
956.59	560.00
956.77	578.00
956.95	565.00
957.13	567.00
957.31	583.00
957.49	562.00
957.67	589.00
957.86	569.00
958.04	575.00
958.22	512.00
958.40	569.00
958.58	599.00
958.76	545.00
958.94	530.00
959.12	650.00
959.30	627.00
959.48	591.00
959.66	555.00
959.84	461.00
960.03	471.00
960.21	483.00
960.39	514.00
960.57	502.00
960.75	520.00
960.93	520.00
961.11	563.00
961.29	523.00
961.47	525.00
961.65	648.00
961.83	638.00
962.01	567.00
962.19	575.00
962.37	564.00
962.56	566.00
962.74	555.00
962.92	551.00
963.10	515.00
963.28	472.00
963.46	485.00
963.64	495.00
963.82	550.00
964.00	536.00
964.18	506.00
964.36	489.00
964.54	455.00
964.72	497.00
964.90	554.00
965.08	503.00
965.27	477.00
965.45	483.00
965.63	525.00
965.81	501.00
965.99	502.00
966.17	477.00
966.35	466.00
966.53	515.00
966.71	504.00
966.89	531.00
967.07	511.00
967.25	565.00
967.43	542.00
967.61	478.00
967.79	502.00
967.97	537.00
968.15	515.00
968.33	471.00
968.51	435.00
968.69	501.00
968.87	543.00
969.06	574.00
969.24	548.00
969.42	457.00
969.60	538.00
969.78	574.00
969.96	533.00
970.14	456.00
970.32	439.00
970.50	409.00
970.68	453.00
970.86	457.00
971.04	534.00
971.22	557.00
971.40	501.00
971.58	527.00
971.76	397.00
971.94	383.00
972.12	487.00
972.30	543.00
972.48	532.00
972.66	512.00
972.84	456.00
973.02	523.00
973.20	541.00
973.38	506.00
973.56	512.00
973.74	486.00
973.92	480.00
974.10	502.00
974.28	411.00
974.46	352.00
974.64	401.00
974.82	392.00
975.00	437.00
975.18	396.00
975.36	424.00
975.54	423.00
975.72	462.00
975.90	410.00
976.08	422.00
976.26	498.00
976.44	529.00
976.62	425.00
976.80	463.00
976.98	429.00
977.16	383.00
977.34	414.00
977.52	457.00
977.70	473.00
977.88	406.00
978.06	346.00
978.24	463.00
978.42	456.00
978.60	427.00
978.78	457.00
978.96	437.00
979.14	349.00
979.32	440.00
979.50	502.00
979.68	446.00
979.86	394.00
980.04	323.00
980.22	312.00
980.40	423.00
980.58	457.00
980.76	445.00
980.94	452.00
981.12	478.00
981.30	457.00
981.48	420.00
981.66	310.00
981.84	364.00
982.02	389.00
982.20	344.00
982.38	390.00
982.56	455.00
982.74	430.00
982.92	369.00
983.10	326.00
983.28	363.00
983.46	383.00
983.64	405.00
983.82	382.00
984.00	389.00
984.18	378.00
984.36	377.00
984.54	396.00
984.72	343.00
984.90	319.00
985.08	403.00
985.26	280.00
985.44	340.00
985.62	352.00
985.80	297.00
985.98	301.00
986.16	374.00
986.34	374.00
986.51	344.00
986.69	330.00
986.87	431.00
987.05	341.00
987.23	333.00
987.41	366.00
987.59	319.00
987.77	323.00
987.95	260.00
988.13	351.00
988.31	373.00
988.49	343.00
988.67	381.00
988.85	398.00
989.03	401.00
989.21	379.00
989.39	407.00
989.57	339.00
989.75	361.00
989.93	345.00
990.11	394.00
990.28	415.00
990.46	455.00
990.64	436.00
990.82	389.00
991.00	307.00
991.18	349.00
991.36	345.00
991.54	370.00
991.72	280.00
991.90	302.00
992.08	272.00
992.26	332.00
992.44	309.00
992.62	344.00
992.80	395.00
992.98	304.00
993.15	278.00
993.33	349.00
993.51	288.00
993.69	268.00
993.87	264.00
994.05	303.00
994.23	302.00
994.41	368.00
994.59	390.00
994.77	374.00
994.95	374.00
995.13	361.00
995.31	304.00
995.48	313.00
995.66	419.00
995.84	349.00
996.02	342.00
996.20	304.00
996.38	313.00
996.56	244.00
996.74	289.00
996.92	259.00
997.10	282.00
997.28	284.00
997.46	284.00
997.63	374.00
997.81	319.00
997.99	293.00
998.17	278.00
998.35	276.00
998.53	239.00
998.71	264.00
998.89	274.00
999.07	289.00
999.25	270.00
999.43	245.00
999.60	316.00
999.78	265.00
999.96	355.00
1000.14	295.00
1000.32	326.00
1000.50	350.00
1000.68	293.00
1000.86	274.00
1001.04	310.00
1001.21	263.00
1001.39	287.00
1001.57	236.00
1001.75	205.00
1001.93	197.00
1002.11	300.00
1002.29	263.00
1002.47	278.00
1002.65	266.00
1002.82	250.00
1003.00	264.00
1003.18	226.00
1003.36	271.00
1003.54	299.00
1003.72	267.00
1003.90	332.00
1004.08	277.00
1004.26	253.00
1004.43	263.00
1004.61	208.00
1004.79	212.00
1004.97	272.00
1005.15	292.00
1005.33	313.00
1005.51	306.00
1005.69	320.00
1005.86	282.00
1006.04	220.00
1006.22	232.00
1006.40	223.00
1006.58	286.00
1006.76	281.00
1006.94	230.00
1007.12	292.00
1007.29	257.00
1007.47	217.00
1007.65	265.00
1007.83	285.00
1008.01	250.00
1008.19	216.00
1008.37	233.00
1008.54	219.00
1008.72	235.00
1008.90	193.00
1009.08	208.00
1009.26	203.00
1009.44	174.00
1009.62	288.00
1009.79	255.00
1009.97	226.00
1010.15	228.00
1010.33	257.00
1010.51	298.00
1010.69	219.00
1010.87	223.00
1011.04	294.00
1011.22	238.00
1011.40	189.00
1011.58	259.00
1011.76	198.00
1011.94	219.00
1012.11	291.00
1012.29	212.00
1012.47	237.00
1012.65	253.00
1012.83	236.00
1013.01	203.00
1013.18	204.00
1013.36	233.00
1013.54	256.00
1013.72	310.00
1013.90	216.00
1014.08	244.00
1014.25	282.00
1014.43	216.00
1014.61	175.00
1014.79	208.00
1014.97	228.00
1015.15	247.00
1015.32	248.00
1015.50	249.00
1015.68	216.00
1015.86	236.00
1016.04	244.00
1016.22	238.00
1016.39	218.00
1016.57	238.00
1016.75	224.00
1016.93	274.00
1017.11	221.00
1017.29	177.00
1017.46	187.00
1017.64	250.00
1017.82	255.00
1018.00	180.00
1018.18	168.00
1018.35	224.00
1018.53	263.00
1018.71	238.00
1018.89	176.00
1019.07	242.00
1019.24	256.00
1019.42	203.00
1019.60	255.00
1019.78	240.00
1019.96	249.00
1020.14	286.00
1020.31	214.00
1020.49	190.00
1020.67	178.00
1020.85	156.00
1021.03	227.00
1021.20	145.00
1021.38	193.00
1021.56	181.00
1021.74	192.00
1021.92	155.00
1022.09	210.00
1022.27	231.00
1022.45	231.00
1022.63	254.00
1022.81	276.00
1022.98	211.00
1023.16	150.00
1023.34	155.00
1023.52	203.00
1023.69	136.00
1023.87	208.00
1024.05	155.00
1024.23	206.00
1024.41	199.00
1024.58	212.00
1024.76	154.00
1024.94	153.00
1025.12	189.00
1025.30	153.00
1025.47	148.00
1025.65	199.00
1025.83	242.00
1026.01	195.00
1026.18	177.00
1026.36	262.00
1026.54	168.00
1026.72	147.00
1026.90	206.00
1027.07	232.00
1027.25	279.00
1027.43	234.00
1027.61	166.00
1027.78	157.00
1027.96	156.00
1028.14	250.00
1028.32	273.00
1028.49	231.00
1028.67	256.00
1028.85	214.00
1029.03	221.00
1029.21	189.00
1029.38	191.00
1029.56	182.00
1029.74	175.00
1029.92	237.00
1030.09	232.00
1030.27	224.00
1030.45	187.00
1030.63	216.00
1030.80	240.00
1030.98	204.00
1031.16	128.00
1031.34	180.00
1031.51	206.00
1031.69	236.00
1031.87	170.00
1032.05	208.00
1032.22	194.00
1032.40	187.00
1032.58	254.00
1032.76	147.00
1032.93	144.00
1033.11	145.00
1033.29	133.00
1033.47	123.00
1033.64	132.00
1033.82	144.00
1034.00	198.00
1034.18	165.00
1034.35	144.00
1034.53	180.00
1034.71	204.00
1034.89	173.00
1035.06	136.00
1035.24	168.00
1035.42	198.00
1035.59	152.00
1035.77	62.00
1035.95	138.00
1036.13	186.00
1036.30	111.00
1036.48	130.00
1036.66	175.00
1036.84	161.00
1037.01	149.00
1037.19	218.00
1037.37	185.00
1037.54	75.00
1037.72	87.00
1037.90	107.00
1038.08	127.00
1038.25	172.00
1038.43	194.00
1038.61	143.00
1038.79	111.00
1038.96	136.00
1039.14	176.00
1039.32	237.00
1039.49	188.00
1039.67	242.00
1039.85	256.00
1040.03	162.00
1040.20	119.00
1040.38	112.00
1040.56	105.00
1040.73	122.00
1040.91	145.00
1041.09	121.00
1041.27	150.00
1041.44	174.00
1041.62	157.00
1041.80	178.00
1041.97	148.00
1042.15	167.00
1042.33	187.00
1042.50	208.00
1042.68	215.00
1042.86	206.00
1043.04	149.00
1043.21	178.00
1043.39	172.00
1043.57	182.00
1043.74	155.00
1043.92	194.00
1044.10	111.00
1044.27	128.00
1044.45	97.00
1044.63	73.00
1044.80	51.00
1044.98	136.00
1045.16	192.00
1045.34	151.00
1045.51	104.00
1045.69	152.00
1045.87	158.00
1046.04	146.00
1046.22	177.00
1046.40	152.00
1046.57	166.00
1046.75	153.00
1046.93	77.00
1047.10	73.00
1047.28	118.00
1047.46	155.00
1047.63	209.00
1047.81	198.00
1047.99	113.00
1048.16	79.00
1048.34	89.00
1048.52	168.00
1048.69	211.00
1048.87	153.00
1049.05	203.00
1049.22	106.00
1049.40	44.00
1049.58	80.00
1049.75	133.00
1049.93	122.00
1050.11	139.00
1050.28	146.00
1050.46	100.00
1050.64	132.00
1050.81	157.00
1050.99	121.00
1051.17	105.00
1051.34	106.00
1051.52	166.00
1051.70	168.00
1051.87	116.00
1052.05	122.00
1052.23	139.00
1052.40	43.00
1052.58	50.00
1052.76	30.00
1052.93	49.00
1053.11	115.00
1053.29	205.00
1053.46	107.00
1053.64	109.00
1053.82	90.00
1053.99	107.00
1054.17	167.00
1054.35	170.00
1054.52	151.00
1054.70	91.00
1054.87	99.00
1055.05	109.00
1055.23	79.00
1055.40	121.00
1055.58	139.00
1055.76	126.00
1055.93	128.00
1056.11	85.00
1056.29	125.00
1056.46	140.00
1056.64	75.00
1056.81	126.00
1056.99	115.00
1057.17	125.00
1057.34	96.00
1057.52	112.00
1057.70	111.00
1057.87	122.00
1058.05	172.00
1058.22	108.00
1058.40	84.00
1058.58	132.00
1058.75	119.00
1058.93	138.00
1059.11	120.00
1059.28	74.00
1059.46	112.00
1059.63	119.00
1059.81	51.00
1059.99	58.00
1060.16	85.00
1060.34	80.00
1060.52	110.00
1060.69	43.00
1060.87	93.00
1061.04	100.00
1061.22	14.00
